0.000679111 0.000239739 0 -77.1 0.000363013 0.00012815 1.87076 6
0.000684856 0.000245846 0 -77.13 8.10403e-05 8.61621e-05 0.0708858 6
0.000693742 0.000237811 0 -77.158 0.000134209 -0.000121362 0.0662102 6
0.000678264 0.000273919 0 -77.146 -0.00023437 0.000546743 0.0660427 6
0.000688463 0.000261976 0 -77.09 0.000163017 -0.000190877 0.0625679 6
0.000698285 0.000194072 0 -77.058 0.000152104 -0.00105162 0.0645711 6
0.000643532 0.000168167 0 -77.038 -0.000850259 -0.000402294 0.0643949 6
0.000637098 0.000122899 0 -77.027 -9.85276e-05 -0.000693136 0.0653082 6
0.000576763 0.000138978 0 -76.889 -0.000925541 0.000246649 0.0651887 6
0.000496508 0.000176548 0 -76.882 -0.00119349 0.000558712 0.0672438 6
0.000520142 0.00012194 0 -76.887 0.000374268 -0.000864792 0.0631456 6
0.000435201 0.000114157 0 -76.853 -0.00122865 -0.000112571 0.0691334 6
0.000488009 6.11268e-05 0 -76.776 0.000827867 -0.000831354 0.0637883 6
0.00052253 2.98359e-05 0 -76.788 0.000518409 -0.000469901 0.0665904 6
0.000528909 -2.68497e-05 0 -76.756 9.80783e-05 -0.000871641 0.0650332 6
0.000484874 -2.67338e-05 0 -76.765 -0.000673956 1.77426e-06 0.0653378 6
0.000428292 -2.70439e-06 0 -76.656 -0.000872524 0.000370548 0.0648482 6
0.000269327 7.47675e-05 0 -76.7 -0.00245165 0.00119482 0.06484 6
0.000297051 3.22425e-05 0 -76.707 0.000425531 -0.000652724 0.0651501 6
0.000219388 2.541e-05 0 -76.707 -0.00119548 -0.000105174 0.0649632 6
0.000343326 -2.00254e-06 0 -76.64 0.00191013 -0.000422483 0.0648845 6
0.000216003 7.61128e-05 0 -76.532 -0.00195379 0.00119869 0.0651672 6
0.000313986 0.00012053 0 -76.604 0.00151055 0.000684754 0.0648661 6
0.000213597 0.000160391 0 -76.616 -0.00154295 0.000612655 0.065063 6
0.000138927 0.000251718 0 -76.489 -0.00107619 0.00131626 0.0693838 6
7.44477e-05 0.000374851 0 -76.341 -0.00106689 0.00203737 0.0604371 6
-0.000311161 0.000856568 0 -76.253 -0.00580935 0.00725726 0.0663773 6
-0.00093518 0.0014112 0 -76.162 -0.00925211 0.00822325 0.0674462 6
-0.00181871 0.001761 0 -76.045 -0.0141685 0.00560951 0.0623586 6
-0.00293129 0.00170037 0 -76.14 -0.0166096 -0.000905019 0.0669843 6
-0.00364051 0.0014715 0 -76.275 -0.0113451 -0.00366125 0.062513 6
-0.00432336 0.000824048 0 -76.307 -0.010524 -0.00997849 0.0648846 6
-0.00493871 -0.000325697 0 -76.168 -0.0094025 -0.017568 0.0654454 6
-0.00560445 -0.00164485 0 -76.256 -0.0103069 -0.0204229 0.0645919 6
-0.00606154 -0.00272155 0 -76.347 -0.00702463 -0.0165469 0.0650691 6
-0.00674156 -0.00374867 0 -76.395 -0.0104525 -0.0157876 0.0650589 6
-0.00729174 -0.00486666 0.27 -74.084 -0.00846867 -0.0172087 0.0649665 6
-0.00854408 -0.00765198 0.328 -74.04 -0.0196316 -0.0436627 0.0637916 6
-0.00448825 -0.00677239 0.388 -74.033 0.0605693 0.0131357 0.0669618 6
-0.00623253 -0.00338309 0.471 -74.028 -0.0269601 0.0523861 0.0646985 6
-0.0101574 -0.0023763 0.549 -74.049 -0.060525 0.0155257 0.064847 6
-0.0108071 -0.0022605 0.616 -74.076 -0.00990637 0.00176569 0.0655817 6
-0.01525 -0.0039479 0.686 -74.045 -0.0697118 -0.026476 0.0637334 6
-0.0186571 -0.00788073 0.745 -73.988 -0.0519943 -0.060018 0.0655274 6
-0.0246934 -0.0120202 0.799 -73.851 -0.0932267 -0.063932 0.0647481 6
-0.032421 -0.0149909 0.842 -73.803 -0.11816 -0.0454232 0.0654001 6
-0.0392593 -0.0168427 0.866 -73.71 -0.105348 -0.0285274 0.0649118 6
-0.0439631 -0.0185739 0.883 -73.664 -0.0732337 -0.0269546 0.0642288 6
-0.0504874 -0.0264798 0.885 -73.65 -0.0989563 -0.119911 0.0659311 6
-0.0554096 -0.0334704 0.874 -73.596 -0.0758615 -0.10774 0.0648843 6
-0.058772 -0.0393305 0.857 -73.525 -0.0521333 -0.0908588 0.0644969 6
-0.0607276 -0.0442755 0.84 -73.525 -0.0293016 -0.0740928 0.0667402 6
-0.0611042 -0.0482772 0.818 -73.434 -0.00594838 -0.0632026 0.0633152 6
-0.0605515 -0.0518615 0.795 -73.368 0.00837526 -0.0543075 0.0660003 6
-0.0627115 -0.0563828 0.78 -73.306 -0.0335062 -0.0701328 0.0644672 6
-0.0648203 -0.0614675 0.761 -73.321 -0.0324201 -0.0781711 0.0650457 6
-0.0682815 -0.0673722 0.748 -73.305 -0.0531814 -0.0907257 0.0650831 6
-0.0717601 -0.0736708 0.741 -73.263 -0.0534564 -0.0967917 0.0650739 6
-0.0761466 -0.0800838 0.739 -73.29 -0.0675412 -0.098746 0.0649449 6
-0.0803581 -0.0860274 0.74 -73.257 -0.0629662 -0.0888633 0.066885 6
-0.0821294 -0.0906278 0.746 -73.272 -0.028006 -0.0727332 0.0632493 6
-0.0838043 -0.0960532 0.753 -73.336 -0.0257295 -0.0833447 0.0650963 6
-0.0848581 -0.0998977 0.76 -73.379 -0.0163648 -0.0597034 0.0643933 6
-0.0856036 -0.102247 0.763 -73.412 -0.0113597 -0.0358062 0.0656246 6
-0.0868646 -0.104471 0.765 -73.443 -0.0194512 -0.034299 0.0648306 6
-0.0889512 -0.107325 0.766 -73.457 -0.0315581 -0.0431699 0.0661189 6
-0.091094 -0.110222 0.764 -73.496 -0.0332341 -0.0449307 0.0644762 6
-0.0923887 -0.113155 0.763 -73.52 -0.0201686 -0.0456813 0.0641951 6
-0.0939589 -0.115758 0.761 -73.545 -0.0242085 -0.0401297 0.0648576 6
-0.0953633 -0.1189 0.756 -73.622 -0.0211922 -0.0474207 0.0662722 6
-0.0966199 -0.1218 0.755 -73.664 -0.0196702 -0.0453911 0.063882 6
-0.097934 -0.124679 0.756 -73.664 -0.0198343 -0.0434498 0.0662537 6
-0.0985181 -0.125823 0.758 -73.692 -0.00913892 -0.0179043 0.0639174 6
-0.0987697 -0.126873 0.758 -73.7 -0.00386971 -0.0161425 0.0650183 6
-0.0987208 -0.127432 0.759 -73.687 0.000729497 -0.00834115 0.066999 6
-0.0989258 -0.128126 0.759 -73.713 -0.00325673 -0.0110424 0.0629359 6
-0.0984794 -0.12818 0.756 -73.707 0.0063058 -0.000756588 0.07079 6
-0.0979365 -0.128279 0.757 -73.668 0.00915378 -0.0016631 0.0593093 6
-0.0973131 -0.128379 0.76 -73.765 0.00959366 -0.00153764 0.0649862 6
-0.0969074 -0.127995 0.76 -73.775 0.00605744 0.00572723 0.0669707 6
-0.0956117 -0.127347 0.761 -73.8 0.0207297 0.0103675 0.0625043 6
-0.0936051 -0.126032 0.761 -73.843 0.0306006 0.0200609 0.065574 6
-0.0917817 -0.124871 0.759 -73.844 0.0280906 0.0178847 0.0649109 4
-0.146253 0.0552314 0.76 -0.0199966 -0.0118703 0.0278693 0.0653084 3
-0.147471 0.0588126 0.761 -0.0439987 -0.00933326 0.0274382 0.130518 3
-0.147502 0.0609306 0.764 -0.0800018 -0.000484145 0.0329543 0.0642714 3
-0.144551 0.065569 0.765 -0.950996 0.0225963 0.0355109 0.130617 3
-0.142925 0.0698228 0.767 -2.171 0.0251822 0.0659017 0.0645476 3
-0.129404 0.0748348 0.778 -4.914 0.103392 0.038325 0.130777 3
-0.119743 0.0766279 0.786 -6.214 0.152599 0.0283214 0.0633128 3
-0.0842984 0.0736105 0.803 -8.087 0.269992 -0.0229848 0.131278 3
-0.0643683 0.0704407 0.808 -8.784 0.310914 -0.0494493 0.0641016 3
-0.0083512 0.05535 0.816 -9.239 0.427451 -0.115153 0.131049 3
0.0545505 0.0346773 0.818 -8.827 0.488047 -0.160397 0.128884 3
0.0876859 0.0232718 0.824 -8.248 0.501844 -0.17274 0.0660273 3
0.126363 0.0102686 0.829 -5.623 0.297346 -0.0999679 0.130073 3
0.134467 0.00984477 0.838 -4.114 0.124312 -0.00650116 0.0651944 3
0.192683 -0.00517433 0.845 -0.941002 0.446357 -0.115156 0.130424 3
0.225621 -0.0133419 0.845 0.574005 0.509557 -0.126356 0.0646396 3
0.304368 -0.0271221 0.849 4.083 0.606818 -0.106188 0.129771 3
0.338271 -0.024372 0.853 5.955 0.518388 0.0420512 0.0654002 3
0.378214 0.00420592 0.861 10.633 0.307867 0.220271 0.129739 3
0.389177 0.0297572 0.865 12.979 0.166485 0.388006 0.0658527 3
0.463271 0.0616698 0.874 16.675 0.573508 0.247014 0.129194 3
0.560442 0.0791846 0.879 19.545 0.746282 0.134515 0.130207 3
0.608417 0.0871398 0.882 21.027 0.739077 0.122554 0.0649119 3
0.695154 0.10026 0.885 25.614 0.671354 0.101554 0.129198 3
0.743004 0.106534 0.886 28.205 0.726897 0.0953024 0.065827 3
0.827668 0.120313 0.89 34.591 0.63522 0.103385 0.133284 3
0.858978 0.130691 0.889 37.947 0.508038 0.168393 0.0616293 3
0.946872 0.169359 0.893 44.607 0.673638 0.296358 0.130476 3
0.980536 0.194095 0.895 47.903 0.507095 0.372611 0.0663862 3
1.03185 0.25181 0.9 54.649 0.396122 0.445509 0.129548 3
1.05222 0.281706 0.897 58.134 0.318964 0.468201 0.0638527 3
1.07551 0.344557 0.901 64.273 0.178625 0.481997 0.130397 3
1.08505 0.405571 0.895 69.348 0.0731563 0.468197 0.130316 3
1.08723 0.433952 0.896 71.565 0.0350485 0.454916 0.062388 3
1.0861 0.490631 0.9 74.699 -0.00854689 0.429017 0.132114 3
1.0852 0.517994 0.897 76.127 -0.0139597 0.421302 0.0649491 3
1.08476 0.571973 0.897 78.22 -0.0033739 0.414197 0.13032 3
1.08517 0.599025 0.904 79.178 0.00643994 0.418823 0.0645902 3
1.09064 0.655643 0.911 77.193 0.0419478 0.434326 0.13036 3
1.09506 0.684664 0.914 76.071 0.0677902 0.44474 0.0652543 3
1.11204 0.744543 0.924 74.358 0.13107 0.462353 0.129509 3
1.12254 0.774823 0.928 73.588 0.161124 0.464744 0.0651523 3
1.08894 0.918658 0.945 72.538 -0.25656 1.0983 0.130962 3
1.05529 1.06509 0.96 71.592 -0.260373 1.13313 0.129224 3
1.04078 1.13444 0.964 70.78 -0.219143 1.04768 0.0661987 3
1.01302 1.26987 0.979 67.989 -0.215613 1.05167 0.128772 3
1.0025 1.32982 0.99 66.422 -0.161412 0.920246 0.0651518 3
1.00373 1.418 1.019 63.222 0.00953261 0.684894 0.128749 3
1.01075 1.45576 1.034 61.798 0.107324 0.577402 0.0653933 3
1.03653 1.51194 1.056 59.354 0.197007 0.429303 0.130856 3
1.05705 1.53756 1.068 58.267 0.314909 0.393283 0.065157 3
1.11592 1.57705 1.087 56.7 0.453046 0.303836 0.129955 3
1.14483 1.59729 1.094 55.984 0.445469 0.311953 0.0649006 3
1.2095 1.63452 1.097 55.255 0.495643 0.285316 0.130464 3
1.28068 1.67025 1.111 55.091 0.549417 0.2758 0.129569 3
1.31776 1.69071 1.119 55.22 0.534685 0.294953 0.0693457 3
1.37932 1.72794 1.125 56.032 0.489275 0.29599 0.125808 3
1.41019 1.74852 1.129 56.539 0.473269 0.315467 0.0652274 3
1.46569 1.79174 1.134 57.688 0.426545 0.33214 0.130125 3
1.4918 1.81225 1.135 58.246 0.412991 0.324415 0.0632174 3
1.53798 1.86002 1.143 59.312 0.347526 0.359488 0.132881 3
1.55754 1.88271 1.148 59.816 0.307267 0.356531 0.0636473 3
1.59382 1.92835 1.156 60.938 0.277965 0.349611 0.13054 3
1.61211 1.95094 1.161 61.826 0.28324 0.349951 0.0645567 3
1.64579 1.99531 1.165 62.993 0.259095 0.341344 0.129994 3
1.67692 2.04099 1.165 63.474 0.239351 0.35114 0.130086 3
1.69192 2.06344 1.164 63.418 0.234683 0.351394 0.0638824 3
1.72096 2.11025 1.162 62.423 0.222435 0.358482 0.130579 3
1.73652 2.13379 1.162 61.789 0.236986 0.358699 0.0656367 3
1.77099 2.18276 1.161 60.028 0.265734 0.377435 0.129729 3
1.79045 2.2086 1.16 59.12 0.294046 0.390326 0.0661991 3
1.83077 2.25933 1.163 56.807 0.312544 0.393286 0.128989 3
1.85179 2.28433 1.167 55.553 0.322875 0.38407 0.0651062 3
1.90353 2.33016 1.178 52.687 0.38834 0.343934 0.133242 3
1.95515 2.37272 1.175 49.667 0.405436 0.334317 0.127304 3
1.9821 2.3924 1.175 48.139 0.416195 0.303946 0.0647688 3
2.04732 2.41513 1.176 44.705 0.501125 0.174631 0.130147 3
2.07999 2.42627 1.18 43.009 0.503502 0.171687 0.0648872 3
2.15158 2.44487 1.185 40.052 0.548954 0.142654 0.130398 3
2.18918 2.4544 1.186 38.577 0.580144 0.147014 0.0648244 3
2.26274 2.47928 1.19 35.644 0.56521 0.191122 0.130139 3
2.29976 2.49558 1.193 34.197 0.569785 0.250943 0.0649744 3
2.36648 2.52827 1.21 30.659 0.51258 0.251109 0.130164 3
2.39995 2.54235 1.208 28.79 0.516433 0.217277 0.0647998 3
2.45565 2.56509 1.209 24.131 0.430558 0.175812 0.129386 3
2.48849 2.57729 1.212 21.665 0.499648 0.185556 0.0657102 3
2.52013 2.58307 1.211 19.849 0.481642 0.0879907 0.0656976 7
2.55097 2.59237 1.211 18.698 0.479743 0.144699 0.0642807 7
2.58161 2.59728 1.214 17.841 0.472403 0.0757536 0.0648671 7
2.61261 2.59904 1.213 17.202 0.450865 0.0255777 0.0687632 7
2.63701 2.59905 1.216 16.729 0.398579 7.42363e-05 0.0612193 7
2.66243 2.59859 1.215 16.304 0.390637 -0.00696671 0.0650742 7
2.68395 2.5957 1.216 15.989 0.316744 -0.0426211 0.0679392 7
2.70084 2.59032 1.219 15.694 0.261425 -0.0833204 0.0645918 7
2.71485 2.58509 1.218 15.466 0.22477 -0.083883 0.0623252 7
2.72731 2.57867 1.218 15.296 0.187251 -0.0964987 0.0665397 7
2.73674 2.57275 1.221 15.082 0.147933 -0.0928173 0.0637277 4
2.74494 2.56571 1.218 14.905 0.124153 -0.106575 0.0660787 8
2.75151 2.55774 1.192 14.681 0.103521 -0.125513 0.0634747 8
2.75547 2.55298 1.174 14.527 0.0606553 -0.0729893 0.0652512 8
2.75364 2.55058 1.145 14.351 -0.0279805 -0.0368157 0.0653142 8
2.74848 2.54729 1.104 14.217 -0.080012 -0.0508599 0.0645241 8
2.74081 2.54515 1.059 14.115 -0.117292 -0.0327898 0.0653651 8
2.73242 2.54348 1.01 14.031 -0.128615 -0.0255439 0.0652276 8
2.72289 2.54539 0.957 14.017 -0.148045 0.029671 0.0643989 8
2.71283 2.54674 0.902 13.994 -0.153521 0.0205025 0.0655127 8
2.7022 2.54693 0.849 14.015 -0.163509 0.00301645 0.0649911 8
2.69383 2.54802 0.794 14.035 -0.129513 0.0168235 0.0646956 8
2.68628 2.55058 0.739 13.997 -0.11501 0.0390286 0.0656208 8
2.68408 2.55193 0.687 13.987 -0.0340442 0.0209102 0.0645662 8
2.68858 2.55582 0.631 13.98 0.0689321 0.0594475 0.0653185 8
2.69219 2.56104 0.579 13.966 0.0561082 0.0812513 0.0643173 8
2.69559 2.5617 0.527 13.965 0.0500439 0.00959717 0.0679992 8
2.69623 2.56181 0.477 13.967 0.0101958 0.00188065 0.0620408 8
2.69522 2.56202 0.426 14.006 -0.0153581 0.00323372 0.06531 8
2.69232 2.56386 0.375 14.015 -0.0446225 0.0282784 0.064972 8
2.68801 2.56795 0.323 14.066 -0.0661495 0.0627333 0.0651564 8
2.6856 2.57384 0.274 14.057 -0.0371662 0.0908671 0.0648893 8
2.68593 2.5806 0.225 14.156 0.00508081 0.104057 0.0649476 8
2.68937 2.5879 0.215 14.158 0.0509828 0.108316 0.0673803 8
2.69321 2.59461 0.192 14.254 0.0611399 0.106706 0.0629145 8
2.69811 2.60085 0.186 14.335 0.0746497 0.0950947 0.0655532 8
2.69811 2.60085 0 14.147 0 0 0.0639601 2
2.69811 2.60085 0 13.707 0 0 0.0656118 2
2.69811 2.60085 0 13.691 0 0 0.0647278 2
2.69811 2.60085 0 13.675 0 0 0.0686104 2
2.69811 2.60085 0 13.671 0 0 0.0704717 2
2.69811 2.60085 0 13.669 0 0 0.056287 2
2.69811 2.60085 0 13.667 0 0 0.0660032 2
2.69811 2.60085 0 13.668 0 0 0.0640898 2
2.69811 2.60085 0 13.664 0 0 0.0642269 2
2.69811 2.60085 0 13.661 0 0 0.0674971 2
2.69811 2.60085 0 13.657 0 0 0.0631626 2
2.69811 2.60085 0 13.647 0 0 0.0650348 2
2.69811 2.60085 0 13.643 0 0 0.064373 2
2.69811 2.60085 0 13.639 0 0 0.0653736 2
2.69811 2.60085 0 13.636 0 0 0.0684513 2
2.69811 2.60085 0 13.632 0 0 0.0628705 2
2.69811 2.60085 0 13.629 0 0 0.063949 2
2.69811 2.60085 0 13.627 0 0 0.0655157 2
2.69811 2.60085 0 13.625 0 0 0.0672224 2
2.69811 2.60085 0 13.625 0 0 0.0623707 2
2.69811 2.60085 0 13.623 0 0 0.0650599 2
2.69811 2.60085 0 13.62 0 0 0.0667773 2
2.69811 2.60085 0 13.615 0 0 0.0631945 2
2.69811 2.60085 0 13.613 0 0 0.0698042 2
2.69811 2.60085 0 13.61 0 0 0.0601077 2
2.69811 2.60085 0 13.608 0 0 0.0651432 2
2.69811 2.60085 0 13.605 0 0 0.0651006 2
2.69811 2.60085 0 13.603 0 0 0.0645648 2
2.69811 2.60085 0 13.601 0 0 0.0654009 2
2.69811 2.60085 0 13.599 0 0 0.0651694 2
2.69811 2.60085 0 13.597 0 0 0.0681522 2
2.69811 2.60085 0 13.594 0 0 0.0616622 2
2.69811 2.60085 0 13.591 0 0 0.065159 2
2.69811 2.60085 0 13.588 0 0 0.0666314 2
2.69811 2.60085 0 13.584 0 0 0.0633331 2
2.69811 2.60085 0 13.581 0 0 0.0652306 2
