-0.000504348 -0.0094749 0 -5.543 -0.00026066 -0.00489687 1.93489 6
-0.00145234 -0.00977395 0 -0.00899982 -0.000541058 -0.00603543 0.0649624 6
-0.00144299 -0.0100981 0 -0.00599957 0.000143631 -0.00497957 0.0651038 6
-0.0014045 -0.0104108 0 0.013 0.000592917 -0.00481623 0.0649227 6
-0.00144948 -0.010688 0 0.0880003 -0.00069364 -0.00427404 0.0648447 6
-0.00141364 -0.0109376 0 0.123 0.00056505 -0.00393663 0.0634216 6
-0.00153062 -0.0113089 0 0.103 -0.00176048 -0.0055866 0.0664478 6
-0.00150897 -0.0115188 0 0.139 0.000333043 -0.00322941 0.0650059 6
-0.0015288 -0.0117565 0 0.249 -0.000305536 -0.00366292 0.064902 6
-0.00158463 -0.0120152 0 0.172 -0.00085924 -0.00398177 0.0649687 6
-0.00150674 -0.0122016 0 0.347 0.0012095 -0.00289417 0.0643993 6
-0.00152046 -0.0124647 0 0.364 -0.000179864 -0.00344803 0.0763042 6
-0.00152793 -0.0126226 0 0.386 -0.000137849 -0.00291227 0.0542176 6
-0.00158186 -0.012773 0 0.49 -0.000828759 -0.00231229 0.0650635 6
-0.00162932 -0.012962 0 0.604 -0.000732332 -0.00291632 0.0648053 6
-0.00170843 -0.0132127 0 0.595 -0.00121813 -0.00385909 0.0649491 6
-0.00173079 -0.0134103 0 0.636 -0.000325951 -0.00288208 0.0685789 6
-0.00170625 -0.0135216 0 0.749 0.000368955 -0.00167357 0.0665078 6
-0.00169858 -0.0136317 0 0.733 0.000118172 -0.00169694 0.0648639 6
-0.00172739 -0.0138412 0 0.585 -0.000435523 -0.00316771 0.066147 6
-0.00177377 -0.0140316 0 0.538 -0.000731336 -0.00300162 0.0634198 6
-0.001787 -0.0142201 0 0.574 -0.000202569 -0.002886 0.0653173 6
-0.00180618 -0.0144255 0 0.662 -0.000295288 -0.00316306 0.0649364 6
-0.00198163 -0.0147361 0 0.672 -0.00268429 -0.00475212 0.0653622 6
-0.0019681 -0.0151611 0 0.67 0.000207948 -0.00653216 0.0650607 6
-0.00161944 -0.0157947 0 0.709 0.00538616 -0.00978777 0.0647332 6
-0.000640622 -0.0168266 0 0.757 0.0141657 -0.0149347 0.0690974 6
0.000165732 -0.0175891 0 0.757 0.0133168 -0.0125924 0.0605515 6
0.00118109 -0.0183236 0 0.822 0.0156509 -0.011321 0.0648753 6
0.00232894 -0.0190327 0 0.833 0.0176548 -0.0109072 0.0650164 6
0.0032847 -0.0198637 0 0.877 0.0146321 -0.0127214 0.0653193 6
0.00403977 -0.0205391 0 0.914 0.0117045 -0.0104694 0.0645118 6
0.00461949 -0.0210541 0 0.954 0.00890947 -0.0079149 0.0650681 6
0.00502123 -0.0214568 0 1.049 0.00615042 -0.00616487 0.0653184 6
0.00466964 -0.0210646 0 178.654 -0.00542967 0.00605591 0.064753 6
0.00409555 -0.0198995 0.281 178.735 -0.00887378 0.0180094 0.0646956 6
0.00260424 -0.0205131 0.356 178.784 -0.0229436 -0.00944023 0.0649987 6
0.0010457 -0.0230382 0.437 178.823 -0.0242609 -0.0393062 0.0642411 6
-0.00045219 -0.0262905 0.511 178.796 -0.0228437 -0.0496003 0.0655712 6
-0.00122604 -0.0291981 0.586 178.751 -0.0119047 -0.0447294 0.065004 6
-0.00223712 -0.029769 0.654 178.69 -0.015537 -0.00877198 0.0650758 6
-0.00504519 -0.0281843 0.714 178.662 -0.040025 0.0225871 0.0701579 6
-0.00835717 -0.0242866 0.772 178.666 -0.0541336 0.0637076 0.0611815 6
-0.0138086 -0.0197992 0.82 178.699 -0.0860889 0.0708644 0.0633237 6
-0.030178 -0.018898 0.857 178.713 -0.245805 0.0135314 0.066595 6
-0.050347 -0.0127875 0.883 178.667 -0.31681 0.0959828 0.0636629 6
-0.068555 -0.00246864 0.891 178.671 -0.281415 0.159484 0.0647013 6
-0.0844535 0.011084 0.893 178.696 -0.245582 0.209345 0.0647382 6
-0.0957623 0.0172036 0.883 178.68 -0.173223 0.0937379 0.0652847 6
-0.104209 0.0279236 0.866 178.632 -0.129528 0.164389 0.0652109 6
-0.110293 0.0395916 0.844 178.611 -0.0938516 0.18 0.064822 6
-0.114231 0.0515185 0.823 178.602 -0.0606128 0.18354 0.0649826 6
-0.116138 0.060412 0.801 178.606 -0.029332 0.136842 0.0649913 6
-0.116834 0.0690872 0.783 178.631 -0.0106953 0.133228 0.0651153 6
-0.116981 0.076378 0.77 178.664 -0.00227148 0.112739 0.0646695 6
-0.116155 0.0831355 0.76 178.684 0.0128036 0.104703 0.0645394 6
-0.115024 0.0893431 0.756 178.703 0.0169083 0.0928337 0.0668682 6
-0.113925 0.0938039 0.755 178.748 0.0173754 0.0705445 0.0632333 6
-0.112442 0.0966321 0.758 178.8 0.0228548 0.0435716 0.0649096 6
-0.110898 0.0982508 0.763 178.839 0.0236588 0.0248038 0.0652612 6
-0.10917 0.0999417 0.767 178.871 0.0266638 0.0260983 0.0647876 6
-0.107806 0.101434 0.771 178.901 0.0209343 0.0228919 0.0651835 6
-0.106618 0.104001 0.773 178.938 0.018348 0.0396548 0.0647493 6
-0.105271 0.106757 0.777 178.95 0.0207078 0.042375 0.0650266 6
-0.103751 0.11011 0.778 178.972 0.022533 0.0496873 0.0674737 6
-0.102159 0.113051 0.778 178.985 0.0254432 0.0470257 0.0625464 6
-0.0999962 0.115174 0.776 179.02 0.0333337 0.032718 0.0648958 6
-0.0982539 0.117017 0.776 179.035 0.0272557 0.0288357 0.0639242 6
-0.0962941 0.11881 0.772 179.046 0.0297432 0.0272088 0.0658908 6
-0.0941468 0.120432 0.769 179.05 0.0321736 0.0243047 0.0667427 6
-0.0922242 0.122064 0.767 179.031 0.0290461 0.0246447 0.0661899 6
-0.0905127 0.124153 0.764 179.024 0.0263547 0.0321697 0.064944 6
-0.0885205 0.125738 0.763 179.029 0.0302747 0.0240854 0.0658012 6
-0.0864951 0.12705 0.763 179.053 0.0333843 0.0216249 0.0606708 6
-0.0840234 0.127511 0.763 179.062 0.0379444 0.00707473 0.065141 6
-0.0815064 0.127534 0.764 179.051 0.036515 0.000336827 0.0689294 6
-0.0793521 0.126635 0.767 179.061 0.0354943 -0.0148104 0.0606951 6
-0.0777988 0.125243 0.767 179.056 0.0237804 -0.021311 0.0653164 6
-0.077114 0.12365 0.769 179.076 0.0105453 -0.0245297 0.0649397 6
-0.0768102 0.121493 0.775 179.076 0.00456299 -0.0324032 0.0665797 6
-0.0768139 0.118617 0.775 179.107 -5.74983e-05 -0.0454081 0.0633258 6
-0.0773889 0.115019 0.775 179.092 -0.00886295 -0.055454 0.0648845 4
-0.0786171 0.109374 0.776 179.07 -0.0167113 -0.0768082 0.0734927 3
-0.0838364 0.102694 0.779 179.143 -0.0429315 -0.0549442 0.121573 3
-0.0875451 0.100683 0.783 179.196 -0.0574569 -0.0311576 0.0645473 3
-0.098395 0.0950987 0.79 178.044 -0.0831579 -0.0428019 0.130474 3
-0.105236 0.0938059 0.793 175.969 -0.0929584 -0.0175676 0.0735884 3
-0.11135 0.0892531 0.805 171.069 -0.0507465 -0.0377884 0.120481 3
-0.11183 0.0854013 0.811 168.47 -0.00740894 -0.0593543 0.0648963 3
-0.0962552 0.07212 0.825 163.189 0.117646 -0.100319 0.132391 3
-0.0828585 0.0647651 0.828 160.491 0.213223 -0.11706 0.0628297 3
-0.031973 0.0461693 0.825 155.135 0.390222 -0.142604 0.130401 3
-0.000723263 0.0353778 0.821 152.49 0.483774 -0.167063 0.0645958 3
0.0750852 0.019186 0.807 147.317 0.582914 -0.124503 0.130051 3
0.154773 0.0130009 0.791 141.944 0.613521 -0.0476195 0.129886 3
0.195415 0.0111169 0.783 139.148 0.619639 -0.0287244 0.0655888 3
0.241845 0.00664117 0.767 133.348 0.359057 -0.0346115 0.129313 3
0.254082 0.00282799 0.762 130.308 0.188128 -0.0586255 0.065043 3
0.25669 -0.00756125 0.751 124.224 0.0202209 -0.080545 0.128987 3
0.250649 -0.014541 0.746 121.146 -0.0919838 -0.106285 0.0656696 3
0.235574 -0.0337033 0.744 123.242 -0.116146 -0.147631 0.129798 3
0.228118 -0.0448234 0.749 125.571 -0.113656 -0.169507 0.0656023 3
0.224784 -0.0723072 0.761 131.14 -0.0257623 -0.212365 0.129418 3
0.233296 -0.0823375 0.765 134.106 0.130935 -0.154274 0.0650155 3
0.247816 -0.0899464 0.766 137.028 0.216111 -0.113252 0.0671858 3
0.266146 -0.0939806 0.766 139.709 0.293887 -0.0646827 0.0623692 3
0.290437 -0.0951198 0.764 141.367 0.352302 -0.0165227 0.0689493 3
0.313947 -0.0949852 0.764 142.617 0.369703 0.00211713 0.0635934 3
0.335986 -0.0958506 0.757 143.581 0.346699 -0.0136145 0.0635667 3
0.354948 -0.0993734 0.75 144.316 0.296711 -0.0551215 0.0639096 3
0.369546 -0.107082 0.747 144.905 0.225047 -0.118839 0.064864 3
0.379119 -0.119111 0.743 145.417 0.147306 -0.185097 0.0649876 8
0.381979 -0.122141 0.729 145.755 0.044033 -0.0466404 0.0649617 8
0.384917 -0.121571 0.707 145.944 0.0452247 0.00877046 0.0649619 8
0.38684 -0.122202 0.678 145.848 0.0300613 -0.00986599 0.0639613 8
0.38035 -0.127799 0.636 146.103 -0.0986037 -0.0850385 0.0658227 8
0.367574 -0.133781 0.594 146.521 -0.195036 -0.0913181 0.065504 8
0.351533 -0.136891 0.546 146.773 -0.248421 -0.0481536 0.0645741 8
0.354619 -0.151757 0.496 147.013 0.047802 -0.230263 0.064561 8
0.381263 -0.176297 0.442 147.358 0.408219 -0.375987 0.0652707 8
0.405166 -0.198403 0.392 149.217 0.374797 -0.346618 0.0637748 8
0.405166 -0.198403 0 161.539 0 0 0.0660831 0
0.405166 -0.198403 0 178.105 0 0 0.104847 0
0.405166 -0.198403 0 130.995 0 0 0.105237 0
0.405166 -0.198403 0 -134.911 -0 0 0.0649518 0
0.405166 -0.198403 0 -70.135 0 -0 0.105335 0
0.405166 -0.198403 0 -110.197 -0 0 0.104225 0
0.405166 -0.198403 0 -126.088 -0 0 0.104374 0
0.405166 -0.198403 0 -136.977 -0 0 0.107356 0
0.405166 -0.198403 0 -143.991 -0 0 0.0652902 0
0.405166 -0.198403 0 -152.163 -0 0 0.102723 0
0.405166 -0.198403 0 -156.724 -0 0 0.105027 0
0.405166 -0.198403 0 -158.796 -0 0 0.104371 0
0.405166 -0.198403 0 -159.15 -0 0 0.06561 0
0.405166 -0.198403 0 -159.384 -0 0 0.104664 0
0.405166 -0.198403 0 -159.548 -0 0 0.106879 0
0.405166 -0.198403 0 -159.464 -0 0 0.114349 0
0.405166 -0.198403 0 -159.412 -0 0 0.0539061 0
0.405166 -0.198403 0 -159.407 -0 0 0.104937 0
0.405166 -0.198403 0 -159.426 -0 0 0.10467 0
0.405166 -0.198403 0 -159.415 -0 0 0.104962 0
0.405166 -0.198403 0 -159.413 -0 0 0.0659517 0
0.405166 -0.198403 0 -159.411 -0 0 0.103444 0
0.405166 -0.198403 0 -159.41 -0 0 0.10544 0
0.405166 -0.198403 0 -159.402 -0 0 0.104829 0
0.405166 -0.198403 0 -159.401 -0 0 0.109699 0
0.405166 -0.198403 0 -159.401 -0 0 0.0613534 0
0.405166 -0.198403 0 -159.396 -0 0 0.103763 0
0.405166 -0.198403 0 -159.395 -0 0 0.105729 0
0.405166 -0.198403 0 -159.392 -0 0 0.106372 0
0.405166 -0.198403 0 -159.392 -0 0 0.0627195 0
0.405166 -0.198403 0 -159.391 -0 0 0.104999 0
0.405166 -0.198403 0 -159.39 -0 0 0.104824 0
0.405166 -0.198403 0 -159.388 -0 0 0.107681 0
0.405166 -0.198403 0 -159.387 -0 0 0.0650017 0
0.405166 -0.198403 0 -159.382 -0 0 0.102723 0
0.405166 -0.198403 0 -159.379 -0 0 0.104318 0
0.405166 -0.198403 0 -159.375 -0 0 0.105128 0
0.405166 -0.198403 0 -159.372 -0 0 0.0649047 0
0.405166 -0.198403 0 -159.367 -0 0 0.104724 0
0.405166 -0.198403 0 -159.362 -0 0 0.104969 0
0.405166 -0.198403 0 -159.358 -0 0 0.10503 0
0.405166 -0.198403 0 -159.356 -0 0 0.106809 0
0.405166 -0.198403 0 -159.353 -0 0 0.0633275 0
0.405166 -0.198403 0 -159.35 -0 0 0.104551 0
0.405166 -0.198403 0 -159.346 -0 0 0.104857 0
0.405166 -0.198403 0 -159.34 -0 0 0.104427 0
0.405166 -0.198403 0 -159.337 -0 0 0.0656325 0
0.405166 -0.198403 0 -159.333 -0 0 0.104928 0
0.405166 -0.198403 0 -159.329 -0 0 0.104983 0
0.405166 -0.198403 0 -159.326 -0 0 0.113554 0
0.405166 -0.198403 0 -159.323 -0 0 0.0570921 0
0.405166 -0.198403 0 -159.318 -0 0 0.104455 0
0.405166 -0.198403 0 -159.314 -0 0 0.104048 0
0.405166 -0.198403 0 -159.374 -0 0 0.105403 0
0.405166 -0.198403 0 -159.475 -0 0 0.06749 0
0.405166 -0.198403 0 -156.313 -0 0 0.102557 0
0.405166 -0.198403 0 -138.414 -0 0 0.104883 0
0.405166 -0.198403 0 -114.748 -0 0 0.104983 0
0.405166 -0.198403 0 -100.829 -0 0 0.10674 0
0.405166 -0.198403 0 -97.636 -0 0 0.0630512 0
0.405166 -0.198403 0 -99.485 -0 0 0.107146 0
0.405166 -0.198403 0 -99.628 -0 0 0.103587 0
0.405166 -0.198403 0 -94.608 -0 0 0.10583 0
0.405166 -0.198403 0 -90.7 -0 0 0.0644211 0
0.405166 -0.198403 0 -85.153 0 -0 0.103848 0
0.405166 -0.198403 0 -79.048 0 -0 0.103572 0
0.405166 -0.198403 0 -74.662 0 -0 0.105439 0
0.405166 -0.198403 0 -73.621 0 -0 0.0656268 0
0.405166 -0.198403 0 -72.013 0 -0 0.107194 0
0.405166 -0.198403 0 -66.503 0 -0 0.102107 0
0.405166 -0.198403 0 -56.289 0 -0 0.105546 0
0.405166 -0.198403 0 -51.051 0 -0 0.0642592 0
0.405166 -0.198403 0 -48.373 0 -0 0.105455 0
0.405166 -0.198403 0 -58.794 0 -0 0.1052 0
0.405166 -0.198403 0 -80.475 0 -0 0.105346 0
0.405166 -0.198403 0 -105.433 -0 0 0.106412 0
0.405166 -0.198403 0 -117.76 -0 0 0.0631938 0
0.405166 -0.198403 0 -132.532 -0 0 0.107204 0
0.405166 -0.198403 0 -143.653 -0 0 0.102347 0
0.405166 -0.198403 0 -152.732 -0 0 0.119754 0
0.405166 -0.198403 0 -157.395 -0 0 0.0501413 0
0.405166 -0.198403 0 -162.694 -0 0 0.104096 0
0.405166 -0.198403 0 -166.662 -0 0 0.106708 0
0.405166 -0.198403 0 -169.782 -0 0 0.104199 0
0.405166 -0.198403 0 -171.477 -0 0 0.0670109 0
0.405166 -0.198403 0 -173.375 -0 0 0.102748 0
0.405166 -0.198403 0 184.7 -0 0 0.109655 0
0.405166 -0.198403 0 181.606 -0 0 0.100238 0
0.405166 -0.198403 0 178.969 0 0 0.065036 0
0.405166 -0.198403 0 175.401 0 0 0.104797 0
0.405166 -0.198403 0 173.124 0 0 0.105603 0
0.405166 -0.198403 0 172.769 0 0 0.104344 0
0.405166 -0.198403 0 173.71 0 0 0.106715 0
0.405166 -0.198403 0 174.03 0 0 0.063006 0
0.405166 -0.198403 0 174.178 0 0 0.105539 0
0.405166 -0.198403 0 175.353 0 0 0.104337 0
0.405166 -0.198403 0 177.946 0 0 0.107589 0
0.405166 -0.198403 0 179.312 0 0 0.0613561 0
0.405166 -0.198403 0 178.712 0 0 0.105795 0
0.405166 -0.198403 0 176.244 0 0 0.104445 0
0.405166 -0.198403 0 176.94 0 0 0.123298 0
0.405166 -0.198403 0 177.834 0 0 0.047183 0
0.405166 -0.198403 0 178.011 0 0 0.104768 0
0.405166 -0.198403 0 177.721 0 0 0.105205 0
0.405166 -0.198403 0 177.506 0 0 0.104282 0
0.405166 -0.198403 0 178.029 0 0 0.065411 0
0.405166 -0.198403 0 178.114 0 0 0.106858 0
0.405166 -0.198403 0 178.14 0 0 0.103298 0
0.405166 -0.198403 0 178.13 0 0 0.10975 0
0.405166 -0.198403 0 178.123 0 0 0.101765 0
0.405166 -0.198403 0 178.121 0 0 0.0628985 0
0.405166 -0.198403 0 178.117 0 0 0.105107 0
0.405166 -0.198403 0 178.111 0 0 0.105152 0
0.405166 -0.198403 0 178.105 0 0 0.110573 0
0.405166 -0.198403 0 178.104 0 0 0.0599936 0
0.405166 -0.198403 0 178.1 0 0 0.103953 0
0.405166 -0.198403 0 178.095 0 0 0.114962 0
0.405166 -0.198403 0 178.091 0 0 0.102043 0
0.405166 -0.198403 0 178.09 0 0 0.0719544 0
0.405166 -0.198403 0 178.084 0 0 0.0908509 0
0.405166 -0.198403 0 178.077 0 0 0.104891 0
0.405166 -0.198403 0 178.07 0 0 0.105017 0
0.405166 -0.198403 0 178.067 0 0 0.0649309 0
0.405166 -0.198403 0 178.061 0 0 0.1049 0
0.405166 -0.198403 0 178.055 0 0 0.105517 0
0.405166 -0.198403 0 178.048 0 0 0.10407 0
0.405166 -0.198403 0 178.043 0 0 0.107767 0
0.405166 -0.198403 0 178.039 0 0 0.0626251 0
0.405166 -0.198403 0 178.035 0 0 0.104623 0
0.405166 -0.198403 0 178.028 0 0 0.105121 0
0.405166 -0.198403 0 178.024 0 0 0.106623 0
0.405166 -0.198403 0 178.022 0 0 0.0631865 0
0.405166 -0.198403 0 178.018 0 0 0.106082 0
0.405166 -0.198403 0 178.011 0 0 0.103712 0
0.405166 -0.198403 0 178.006 0 0 0.109086 0
0.405166 -0.198403 0 178.002 0 0 0.0631565 0
0.405166 -0.198403 0 177.995 0 0 0.103061 0
0.405166 -0.198403 0 177.99 0 0 0.104626 0
0.405166 -0.198403 0 177.982 0 0 0.1048 0
0.405166 -0.198403 0 177.978 0 0 0.0642995 0
0.405166 -0.198403 0 177.972 0 0 0.105742 0
0.405166 -0.198403 0 177.966 0 0 0.104945 0
0.405166 -0.198403 0 177.961 0 0 0.104876 0
0.405166 -0.198403 0 177.957 0 0 0.106897 0
0.405166 -0.198403 0 177.952 0 0 0.0632635 0
0.405166 -0.198403 0 177.948 0 0 0.104892 0
0.405166 -0.198403 0 177.944 0 0 0.104673 0
0.405166 -0.198403 0 177.939 0 0 0.113321 0
0.405166 -0.198403 0 177.938 0 0 0.0566116 0
0.405166 -0.198403 0 177.931 0 0 0.104991 0
0.405166 -0.198403 0 177.924 0 0 0.103844 0
0.405166 -0.198403 0 177.92 0 0 0.104904 0
0.405166 -0.198403 0 177.917 0 0 0.0659428 0
0.405166 -0.198403 0 177.913 0 0 0.104787 0
0.405166 -0.198403 0 177.904 0 0 0.107384 0
0.405166 -0.198403 0 177.897 0 0 0.101523 0
0.405166 -0.198403 0 177.893 0 0 0.0661932 0
0.405166 -0.198403 0 177.888 0 0 0.104846 0
0.405166 -0.198403 0 177.885 0 0 0.104785 0
0.405166 -0.198403 0 177.88 0 0 0.107871 0
0.405166 -0.198403 0 177.873 0 0 0.103946 0
0.405166 -0.198403 0 177.869 0 0 0.0632165 0
0.405166 -0.198403 0 177.862 0 0 0.104935 0
0.405166 -0.198403 0 177.856 0 0 0.102884 0
0.405166 -0.198403 0 177.848 0 0 0.119739 0
0.405166 -0.198403 0 177.844 0 0 0.0521583 0
0.405166 -0.198403 0 177.839 0 0 0.107001 0
0.405166 -0.198403 0 177.831 0 0 0.102903 0
0.405166 -0.198403 0 177.824 0 0 0.106185 0
0.405166 -0.198403 0 177.82 0 0 0.0632947 0
0.405166 -0.198403 0 177.813 0 0 0.105266 0
0.405166 -0.198403 0 177.804 0 0 0.103992 0
0.405166 -0.198403 0 177.798 0 0 0.106221 0
0.405166 -0.198403 0 177.795 0 0 0.0663133 0
0.405166 -0.198403 0 177.79 0 0 0.103293 0
0.405166 -0.198403 0 177.783 0 0 0.108676 0
0.405166 -0.198403 0 177.776 0 0 0.103457 0
0.405166 -0.198403 0 177.771 0 0 0.106533 0
0.405166 -0.198403 0 177.769 0 0 0.0611482 0
0.405166 -0.198403 0 177.763 0 0 0.104736 0
0.405166 -0.198403 0 177.757 0 0 0.105266 0
0.405166 -0.198403 0 177.751 0 0 0.117558 0
0.405166 -0.198403 0 177.748 0 0 0.052254 0
0.405166 -0.198403 0 177.744 0 0 0.105138 0
0.405166 -0.198403 0 177.738 0 0 0.105946 0
0.405166 -0.198403 0 177.732 0 0 0.122794 0
0.405166 -0.198403 0 177.729 0 0 0.0457851 0
0.405166 -0.198403 0 177.722 0 0 0.104729 0
0.405166 -0.198403 0 177.718 0 0 0.105351 0
0.405166 -0.198403 0 177.711 0 0 0.104723 0
0.405166 -0.198403 0 177.705 0 0 0.0649922 0
0.405166 -0.198403 0 177.699 0 0 0.107079 0
0.405166 -0.198403 0 177.694 0 0 0.102821 0
0.405166 -0.198403 0 177.689 0 0 0.105075 0
0.405166 -0.198403 0 177.686 0 0 0.111418 0
0.405166 -0.198403 0 177.682 0 0 0.0582618 0
0.405166 -0.198403 0 177.677 0 0 0.108818 0
0.405166 -0.198403 0 177.67 0 0 0.101081 0
0.405166 -0.198403 0 177.663 0 0 0.107049 0
0.405166 -0.198403 0 177.66 0 0 0.0627273 0
0.405166 -0.198403 0 177.654 0 0 0.105001 0
0.405166 -0.198403 0 177.649 0 0 0.112075 0
0.405166 -0.198403 0 177.645 0 0 0.102488 0
0.405166 -0.198403 0 177.641 0 0 0.0639573 0
0.405166 -0.198403 0 177.636 0 0 0.099502 0
0.405166 -0.198403 0 177.629 0 0 0.10674 0
0.405166 -0.198403 0 177.622 0 0 0.10828 0
0.405166 -0.198403 0 177.62 0 0 0.0614817 0
0.405166 -0.198403 0 177.611 0 0 0.106048 0
0.405166 -0.198403 0 177.609 0 0 0.103903 0
