4.84551 -1.2634 0.963 1.38806e+09
4.84749 -1.27576 0.961915 1.38806e+09
4.85596 -1.29102 0.96049 1.38806e+09
4.87004 -1.3083 0.958857 1.38806e+09
4.889 -1.3269 0.957103 1.38806e+09
4.89241 -1.337 0.955483 1.38806e+09
4.90274 -1.34915 0.953366 1.38806e+09
4.91875 -1.36291 0.950963 1.38806e+09
4.93945 -1.37802 0.948417 1.38806e+09
4.96405 -1.39427 0.945826 1.38806e+09
4.9919 -1.41152 0.943257 1.38806e+09
5.02246 -1.4296 0.940753 1.38806e+09
5.05529 -1.4484 0.938343 1.38806e+09
5.09001 -1.46783 0.936044 1.38806e+09
5.12631 -1.48779 0.933867 1.38806e+09
5.16393 -1.50821 0.931818 1.38806e+09
5.20265 -1.52903 0.929896 1.38806e+09
5.24227 -1.55021 0.928102 1.38806e+09
5.28267 -1.57168 0.926433 1.38806e+09
5.32369 -1.59342 0.924886 1.38806e+09
5.36524 -1.6154 0.923456 1.38806e+09
5.40723 -1.63758 0.922138 1.38806e+09
5.44958 -1.65994 0.920929 1.38806e+09
5.49223 -1.68246 0.919823 1.38806e+09
5.53513 -1.70512 0.918815 1.38806e+09
5.57823 -1.7279 0.917901 1.38806e+09
5.6215 -1.7508 0.917075 1.38806e+09
5.66491 -1.77379 0.916334 1.38806e+09
5.70843 -1.79687 0.915674 1.38806e+09
5.75204 -1.82003 0.915089 1.38806e+09
5.79573 -1.84327 0.914576 1.38806e+09
5.83948 -1.86656 0.914131 1.38806e+09
5.88328 -1.88992 0.913751 1.38806e+09
5.92711 -1.91333 0.913433 1.38806e+09
5.97098 -1.93678 0.913172 1.38806e+09
6.01487 -1.96028 0.912966 1.38806e+09
6.05877 -1.98382 0.912812 1.38806e+09
6.10269 -2.0074 0.912707 1.38806e+09
6.14662 -2.03101 0.912648 1.38806e+09
6.19056 -2.05465 0.912633 1.38806e+09
6.2345 -2.07832 0.91266 1.38806e+09
6.27844 -2.10202 0.912727 1.38806e+09
6.32239 -2.12574 0.91283 1.38806e+09
6.36633 -2.14949 0.912968 1.38806e+09
6.41027 -2.17325 0.91314 1.38806e+09
6.4542 -2.19704 0.913343 1.38806e+09
6.49814 -2.22085 0.913576 1.38806e+09
6.54206 -2.24467 0.913837 1.38806e+09
6.58599 -2.26851 0.914124 1.38806e+09
6.62991 -2.29237 0.914436 1.38806e+09
6.67382 -2.31624 0.914773 1.38806e+09
6.71773 -2.34013 0.915131 1.38806e+09
6.76164 -2.36403 0.915511 1.38806e+09
6.80554 -2.38794 0.915911 1.38806e+09
6.84944 -2.41187 0.916329 1.38806e+09
6.89333 -2.43581 0.916766 1.38806e+09
6.93721 -2.45975 0.917219 1.38806e+09
6.98109 -2.48371 0.917689 1.38806e+09
7.02497 -2.50768 0.918174 1.38806e+09
7.06884 -2.53165 0.918672 1.38806e+09
7.11271 -2.55564 0.919185 1.38806e+09
7.15658 -2.57963 0.91971 1.38806e+09
7.20044 -2.60363 0.920247 1.38806e+09
7.24429 -2.62764 0.920796 1.38806e+09
7.28815 -2.65166 0.921355 1.38806e+09
7.332 -2.67568 0.921925 1.38806e+09
7.37584 -2.69971 0.922504 1.38806e+09
7.41969 -2.72375 0.923092 1.38806e+09
7.46352 -2.74779 0.923689 1.38806e+09
7.50736 -2.77184 0.924294 1.38806e+09
7.5512 -2.79589 0.924906 1.38806e+09
7.59503 -2.81995 0.925526 1.38806e+09
7.63886 -2.84401 0.926153 1.38806e+09
7.68268 -2.86808 0.926786 1.38806e+09
7.72651 -2.89215 0.927425 1.38806e+09
7.77033 -2.91623 0.928071 1.38806e+09
7.81415 -2.94031 0.928721 1.38806e+09
7.85796 -2.96439 0.929377 1.38806e+09
7.85924 -2.97586 0.928951 1.38806e+09
7.86709 -2.98968 0.92839 1.38806e+09
7.88082 -3.00519 0.92774 1.38806e+09
7.89974 -3.02169 0.927032 1.38806e+09
7.92323 -3.03861 0.926285 1.38806e+09
7.95072 -3.05545 0.925512 1.38806e+09
7.98171 -3.07182 0.924718 1.38806e+09
8.01573 -3.08739 0.923907 1.38806e+09
8.05238 -3.10192 0.923082 1.38806e+09
8.09129 -3.11516 0.922242 1.38806e+09
8.13215 -3.12695 0.921389 1.38806e+09
8.17467 -3.13713 0.920522 1.38806e+09
8.2186 -3.14557 0.91964 1.38806e+09
8.26369 -3.15215 0.918742 1.38806e+09
8.30974 -3.15678 0.917829 1.38806e+09
8.35655 -3.15938 0.9169 1.38806e+09
8.40392 -3.15988 0.915954 1.38806e+09
8.45169 -3.15824 0.914992 1.38806e+09
8.49969 -3.1544 0.914013 1.38806e+09
8.54776 -3.14834 0.913017 1.38806e+09
8.59575 -3.14003 0.912005 1.38806e+09
8.6435 -3.12947 0.910975 1.38806e+09
8.6468 -3.12947 0.909995 1.38806e+09
8.65715 -3.12656 0.908711 1.38806e+09
8.67334 -3.12114 0.90724 1.38806e+09
8.69443 -3.11365 0.905658 1.38806e+09
8.71963 -3.10448 0.904017 1.38806e+09
8.7483 -3.09394 0.902348 1.38806e+09
8.77989 -3.08226 0.900669 1.38806e+09
8.81393 -3.06964 0.898993 1.38806e+09
8.85004 -3.05625 0.897325 1.38806e+09
8.88787 -3.0422 0.895669 1.38806e+09
8.92716 -3.02761 0.894025 1.38806e+09
8.96767 -3.01256 0.892392 1.38806e+09
9.0092 -2.99713 0.890769 1.38806e+09
9.05159 -2.98139 0.889155 1.38806e+09
9.0947 -2.96537 0.887548 1.38806e+09
9.13842 -2.94914 0.885947 1.38806e+09
9.18265 -2.93272 0.88435 1.38806e+09
9.2273 -2.91614 0.882755 1.38806e+09
9.27231 -2.89944 0.881163 1.38806e+09
9.31762 -2.88262 0.879571 1.38806e+09
9.36319 -2.86571 0.877979 1.38806e+09
9.40897 -2.84873 0.876386 1.38806e+09
9.45492 -2.83169 0.874792 1.38806e+09
9.50103 -2.81459 0.873196 1.38806e+09
9.54726 -2.79745 0.871598 1.38806e+09
9.59359 -2.78027 0.869998 1.38806e+09
9.64002 -2.76306 0.868396 1.38806e+09
9.68652 -2.74582 0.86679 1.38806e+09
9.73308 -2.72857 0.865182 1.38806e+09
9.77969 -2.7113 0.863572 1.38806e+09
9.82635 -2.69401 0.861958 1.38806e+09
9.87305 -2.67671 0.860342 1.38806e+09
9.91977 -2.65941 0.858723 1.38806e+09
9.96653 -2.64209 0.857102 1.38806e+09
10.0133 -2.62477 0.855477 1.38806e+09
10.0601 -2.60744 0.853851 1.38806e+09
10.1069 -2.59011 0.852222 1.38806e+09
10.1537 -2.57278 0.85059 1.38806e+09
10.2006 -2.55544 0.848957 1.38806e+09
10.2474 -2.5381 0.847321 1.38806e+09
10.2943 -2.52076 0.845683 1.38806e+09
10.3411 -2.50342 0.844043 1.38806e+09
10.388 -2.48607 0.842402 1.38806e+09
10.4349 -2.46873 0.840758 1.38806e+09
10.4817 -2.45139 0.839113 1.38806e+09
10.5286 -2.43404 0.837466 1.38806e+09
10.5755 -2.4167 0.835818 1.38806e+09
10.6224 -2.39936 0.834168 1.38806e+09
10.6693 -2.38201 0.832516 1.38806e+09
10.7161 -2.36467 0.830864 1.38806e+09
10.763 -2.34733 0.82921 1.38806e+09
10.8099 -2.32998 0.827555 1.38806e+09
10.8568 -2.31264 0.825898 1.38806e+09
10.9037 -2.2953 0.824241 1.38806e+09
10.9506 -2.27796 0.822583 1.38806e+09
10.9975 -2.26062 0.820923 1.38806e+09
11.0444 -2.24328 0.819263 1.38806e+09
11.0913 -2.22594 0.817602 1.38806e+09
11.1382 -2.2086 0.81594 1.38806e+09
11.1851 -2.19126 0.814277 1.38806e+09
11.232 -2.17392 0.812614 1.38806e+09
11.2789 -2.15658 0.81095 1.38806e+09
11.3258 -2.13924 0.809285 1.38806e+09
11.3727 -2.1219 0.80762 1.38806e+09
11.4195 -2.10456 0.805954 1.38806e+09
11.4664 -2.08723 0.804287 1.38806e+09
11.5133 -2.06989 0.80262 1.38806e+09
11.5602 -2.05255 0.800952 1.38806e+09
11.6071 -2.03522 0.799284 1.38806e+09
11.654 -2.01788 0.797616 1.38806e+09
11.7009 -2.00054 0.795947 1.38806e+09
11.7478 -1.98321 0.794278 1.38806e+09
11.7947 -1.96587 0.792608 1.38806e+09
11.8416 -1.94854 0.790938 1.38806e+09
11.8885 -1.9312 0.789268 1.38806e+09
11.9354 -1.91387 0.787597 1.38806e+09
11.9823 -1.89654 0.785926 1.38806e+09
12.0292 -1.8792 0.784255 1.38806e+09
12.0761 -1.86187 0.782583 1.38806e+09
12.123 -1.84453 0.780911 1.38806e+09
12.1699 -1.8272 0.779239 1.38806e+09
12.2168 -1.80987 0.777567 1.38806e+09
12.2637 -1.79253 0.775895 1.38806e+09
12.3106 -1.7752 0.774222 1.38806e+09
12.3575 -1.75787 0.772549 1.38806e+09
12.4044 -1.74053 0.770876 1.38806e+09
12.4513 -1.7232 0.769203 1.38806e+09
12.4982 -1.70587 0.76753 1.38806e+09
12.5451 -1.68854 0.765856 1.38806e+09
12.592 -1.67121 0.764182 1.38806e+09
12.6389 -1.65387 0.762509 1.38806e+09
12.6858 -1.63654 0.760835 1.38806e+09
12.7327 -1.61921 0.759161 1.38806e+09
12.7796 -1.60188 0.757486 1.38806e+09
12.8265 -1.58455 0.755812 1.38806e+09
12.8734 -1.56721 0.754138 1.38806e+09
12.9203 -1.54988 0.752463 1.38806e+09
12.9672 -1.53255 0.750789 1.38806e+09
13.0141 -1.51522 0.749114 1.38806e+09
13.061 -1.49789 0.747439 1.38806e+09
13.1079 -1.48056 0.745765 1.38806e+09
13.1548 -1.46323 0.74409 1.38806e+09
13.2017 -1.4459 0.742415 1.38806e+09
13.2486 -1.42856 0.74074 1.38806e+09
13.2955 -1.41123 0.739065 1.38806e+09
13.3424 -1.3939 0.73739 1.38806e+09
13.3893 -1.37657 0.735714 1.38806e+09
13.4362 -1.35924 0.734039 1.38806e+09
13.4831 -1.34191 0.732364 1.38806e+09
13.53 -1.32458 0.730688 1.38806e+09
13.5769 -1.30725 0.729013 1.38806e+09
13.6238 -1.28992 0.727338 1.38806e+09
13.6707 -1.27259 0.725662 1.38806e+09
13.7176 -1.25526 0.723987 1.38806e+09
13.7645 -1.23793 0.722311 1.38806e+09
13.8114 -1.2206 0.720636 1.38806e+09
13.8583 -1.20327 0.71896 1.38806e+09
13.9052 -1.18594 0.717284 1.38806e+09
13.9521 -1.16861 0.715609 1.38806e+09
13.999 -1.15128 0.713933 1.38806e+09
14.0459 -1.13394 0.712257 1.38806e+09
14.0928 -1.11661 0.710582 1.38806e+09
14.1397 -1.09928 0.708906 1.38806e+09
14.1866 -1.08195 0.70723 1.38806e+09
14.2335 -1.06462 0.705554 1.38806e+09
14.2804 -1.04729 0.703878 1.38806e+09
14.3273 -1.02996 0.702203 1.38806e+09
14.3742 -1.01263 0.700527 1.38806e+09
14.4211 -0.995303 0.698851 1.38806e+09
14.468 -0.977973 0.697175 1.38806e+09
14.5149 -0.960643 0.695499 1.38806e+09
14.5618 -0.943313 0.693823 1.38806e+09
14.6087 -0.925983 0.692147 1.38806e+09
14.6556 -0.908653 0.690471 1.38806e+09
14.7025 -0.891323 0.688795 1.38806e+09
14.7494 -0.873993 0.687119 1.38806e+09
14.7963 -0.856663 0.685444 1.38806e+09
14.8432 -0.839333 0.683768 1.38806e+09
14.8901 -0.822003 0.682092 1.38806e+09
14.937 -0.804673 0.680416 1.38806e+09
14.9839 -0.787344 0.67874 1.38806e+09
15.0308 -0.770014 0.677064 1.38806e+09
15.0777 -0.752684 0.675388 1.38806e+09
15.1246 -0.735354 0.673712 1.38806e+09
15.1715 -0.718024 0.672036 1.38806e+09
15.2184 -0.700694 0.670359 1.38806e+09
15.2653 -0.683364 0.668683 1.38806e+09
15.3122 -0.666034 0.667007 1.38806e+09
15.3591 -0.648705 0.665331 1.38806e+09
15.406 -0.631375 0.663655 1.38806e+09
15.4529 -0.614045 0.661979 1.38806e+09
15.4998 -0.596715 0.660303 1.38806e+09
15.5468 -0.579385 0.658627 1.38806e+09
15.5937 -0.562055 0.656951 1.38806e+09
15.6406 -0.544726 0.655275 1.38806e+09
15.6875 -0.527396 0.653599 1.38806e+09
15.7344 -0.510066 0.651923 1.38806e+09
15.7813 -0.492736 0.650247 1.38806e+09
15.8282 -0.475406 0.648571 1.38806e+09
15.8751 -0.458077 0.646895 1.38806e+09
15.922 -0.440747 0.645218 1.38806e+09
15.9689 -0.423417 0.643542 1.38806e+09
16.0158 -0.406087 0.641866 1.38806e+09
16.0627 -0.388757 0.64019 1.38806e+09
16.1096 -0.371428 0.638514 1.38806e+09
16.1565 -0.354098 0.636838 1.38806e+09
16.2034 -0.336768 0.635162 1.38806e+09
16.2503 -0.319438 0.633486 1.38806e+09
16.2972 -0.302109 0.63181 1.38806e+09
16.3441 -0.284779 0.630134 1.38806e+09
16.391 -0.267449 0.628457 1.38806e+09
16.4379 -0.250119 0.626781 1.38806e+09
16.4848 -0.23279 0.625105 1.38806e+09
16.5317 -0.21546 0.623429 1.38806e+09
16.5786 -0.19813 0.621753 1.38806e+09
16.6255 -0.1808 0.620077 1.38806e+09
16.6724 -0.163471 0.618401 1.38806e+09
16.7193 -0.146141 0.616725 1.38806e+09
16.7662 -0.128811 0.615049 1.38806e+09
16.8131 -0.111481 0.613372 1.38806e+09
16.86 -0.0941517 0.611696 1.38806e+09
16.9069 -0.076822 0.61002 1.38806e+09
16.9538 -0.0594923 0.608344 1.38806e+09
17.0007 -0.0421626 0.606668 1.38806e+09
17.0476 -0.0248328 0.604992 1.38806e+09
17.0945 -0.00750312 0.603316 1.38806e+09
17.1414 0.00982661 0.60164 1.38806e+09
17.1883 0.0271563 0.599963 1.38806e+09
17.2352 0.044486 0.598287 1.38806e+09
17.2821 0.0618158 0.596611 1.38806e+09
17.329 0.0791455 0.594935 1.38806e+09
17.3759 0.0964752 0.593259 1.38806e+09
17.4228 0.113805 0.591583 1.38806e+09
17.4697 0.131135 0.589907 1.38806e+09
17.5166 0.148464 0.588231 1.38806e+09
17.5635 0.165794 0.586554 1.38806e+09
17.6104 0.183124 0.584878 1.38806e+09
17.6573 0.200453 0.583202 1.38806e+09
17.7042 0.217783 0.581526 1.38806e+09
17.7511 0.235113 0.57985 1.38806e+09
17.798 0.252443 0.578174 1.38806e+09
17.8449 0.269772 0.576498 1.38806e+09
17.8918 0.287102 0.574821 1.38806e+09
17.9387 0.304432 0.573145 1.38806e+09
17.9856 0.321761 0.571469 1.38806e+09
18.0325 0.339091 0.569793 1.38806e+09
18.0794 0.356421 0.568117 1.38806e+09
18.1263 0.373751 0.566441 1.38806e+09
18.1732 0.39108 0.564765 1.38806e+09
18.2201 0.40841 0.563089 1.38806e+09
18.267 0.42574 0.561412 1.38806e+09
18.3139 0.443069 0.559736 1.38806e+09
18.3608 0.460399 0.55806 1.38806e+09
18.4077 0.477729 0.556384 1.38806e+09
18.4546 0.495058 0.554708 1.38806e+09
18.5015 0.512388 0.553032 1.38806e+09
18.5484 0.529718 0.551356 1.38806e+09
18.5953 0.547048 0.549679 1.38806e+09
18.6422 0.564377 0.548003 1.38806e+09
18.6891 0.581707 0.546327 1.38806e+09
18.736 0.599037 0.544651 1.38806e+09
18.7829 0.616366 0.542975 1.38806e+09
18.8298 0.633696 0.541299 1.38806e+09
18.8767 0.651026 0.539623 1.38806e+09
18.9236 0.668356 0.537947 1.38806e+09
18.9705 0.685685 0.53627 1.38806e+09
19.0174 0.703015 0.534594 1.38806e+09
19.0643 0.720345 0.532918 1.38806e+09
19.1112 0.737674 0.531242 1.38806e+09
19.1581 0.755004 0.529566 1.38806e+09
19.205 0.772334 0.52789 1.38806e+09
19.2519 0.789663 0.526214 1.38806e+09
19.2988 0.806993 0.524537 1.38806e+09
19.3457 0.824323 0.522861 1.38806e+09
19.3926 0.841652 0.521185 1.38806e+09
19.4395 0.858982 0.519509 1.38806e+09
19.4864 0.876312 0.517833 1.38806e+09
19.5333 0.893642 0.516157 1.38806e+09
19.536 0.894667 0.515472 1.38806e+09
19.5455 0.89914 0.514567 1.38806e+09
19.5606 0.906379 0.513518 1.38806e+09
19.5808 0.915647 0.512378 1.38806e+09
19.6052 0.92625 0.51118 1.38806e+09
19.6334 0.937563 0.509945 1.38806e+09
19.665 0.949036 0.508687 1.38806e+09
19.6994 0.960195 0.507414 1.38806e+09
19.7364 0.970633 0.506132 1.38806e+09
19.7756 0.980008 0.504843 1.38806e+09
19.8166 0.988034 0.503548 1.38806e+09
19.8593 0.994474 0.502249 1.38806e+09
