1388035915.005705981 -0.0334149 0.307743 0.922 178.79 0 0.0520684  0.155997 0.527966 7
1388035915.105692251 -0.0322253 0.302355 0.923 178.324 0.0118978 -0.053889  0.0100014 -0.0813414 7
1388035915.205684528 -0.0283302 0.293388 0.932 178.156 0.0389539 -0.0896773  0.090007 -0.0293237 7
1388035915.305691906 -0.0230777 0.289689 0.937 178.188 0.0525219 -0.036987  0.0499963 0.00558424 7
1388035915.405690480 -0.0183116 0.279154 0.944 178.415 0.0476611 -0.10535  0.070001 0.0396177 7
1388035915.505686943 -0.0140684 0.270355 0.94 178.777 0.0424333 -0.0879934  -0.0400014 0.0631831 7
1388035915.605694618 -0.0115017 0.259707 0.941 178.989 0.0256658 -0.106475  0 0.0369991 7
1388035915.705685587 -0.00872111 0.248862 0.938 179.305 0.0278081 -0.108455  -0.0300027 0.0551564 7
1388035915.805686208 -0.00739524 0.238039 0.937 179.492 0.0132586 -0.108237  0 0.0326395 7
1388035915.905690836 -0.00685209 0.220023 0.94 179.718 0 -0.180144  0.0299986 0.0394423 7
1388035916.005683907 -0.00659603 0.204364 0.948 179.918 0 -0.1566  0.0800055 0.0349085 7
1388035916.105700508 -0.00733431 0.187716 0.952 -179.859 0 -0.166456  0.0399934 -62.7825 7
1388035916.205698916 -0.00898041 0.168828 0.954 -179.614 -0.0164613 -0.188882  0.0200003 0.0427604 7
1388035916.305684744 -0.0109849 0.148859 0.959 -179.43 -0.0200474 -0.199718  0.0500071 0.0321196 7
1388035916.405685634 -0.0123406 0.130106 0.961 -179.23 -0.0135574 -0.187527  0.0199998 0.0349057 7
1388035916.505681576 -0.0135638 0.111367 0.962 -179.22 -0.0122319 -0.187398  0.0100004 0.00174444 7
1388035916.605694934 -0.0141678 0.0937238 0.957 -178.568 0 -0.176411  -0.0499933 0.113782 4
1388035916.705751540 -0.0174607 0.0769342 0.955 -178.229 -0.0329111 -0.167801  -0.0199887 0.0591313 4
1388035916.805693869 -0.0210806 0.0620829 0.954 -178.009 -0.0362197 -0.148599  -0.0100058 0.0384196 4
1388035916.905692429 -0.0244563 0.0618945 0.954 -177.715 -0.0337572 0  0 0.0513145 4
1388035917.005689280 -0.0287747 0.0617361 0.961 -177.588 -0.0431858 0  0.0700022 0.0221662 4
1388035917.105695346 -0.0332037 0.0638165 0.959 -177.554 -0.0442866 0.0208026  -0.0199988 0.00593316 4
1388035917.205690664 -0.0370844 0.0733042 0.96 -177.666 -0.0388092 0.094881  0.0100005 -0.0195485 4
1388035917.305701129 -0.0423681 0.0744718 0.961 -177.91 -0.0528317 0.0116747  0 -0.0425822 4
1388035917.405701154 -0.0498221 0.0865311 0.965 -178.175 -0.0745399 0.120593  0.04 -0.0462511 4
1388035917.505686785 -0.0569225 0.0918168 0.969 -178.748 -0.0710144 0.0528645  0.0400057 -0.100021 4
1388035917.605747134 0.0671248 -0.103543 0.969 -0.697006 0.082047 -0.129836  0 31.057 4
1388035917.705886228 0.073888 -0.111364 0.965 -1.19701 0.067538 -0.0781078  -0.0399444 -0.0871452 4
1388035917.805714190 0.0771734 -0.107001 0.961 -1.755 0.032911 0.0437075  -0.0400689 -0.097557 4
1388035917.905803334 0.0812261 -0.119231 0.95 -2.18401 0.0404905 -0.122192  -0.109902 -0.0748081 4
1388035918.005750009 0.0850642 -0.121147 0.942 -2.05499 0.0384018 -0.0191657  -0.0800427 0.022529 4
1388035918.105741720 0.0864741 -0.12339 0.927 -1.59 0.0141002 -0.0224387  -0.150012 0.0811639 4
1388035918.205735048 0.0868624 -0.123272 0.903 -0.940994 0 0  -0.240016 0.11328 4
1388035918.305720929 0.0888053 -0.119892 0.881 -0.449997 0.0194316 0.0338065  -0.220031 0.0857073 4
1388035918.405755705 0.0905395 -0.113643 0.875 -0.242996 0.0173358 0.0624665  -0.0599791 0.0361159 4
1388035918.505749148 0.0919681 -0.116899 0.874 -0.235992 0.0142871 -0.0325627  -0.0100007 0.00122247 4
1388035918.605785466 0.092884 -0.124233 0.88 -0.164001 0 -0.0733103  0.0599782 0.0125602 4
1388035918.705764387 0.0938274 -0.127665 0.888 -0.022995 0 -0.0343258  0.0800169 0.0246155 4
1388035918.805727841 0.094901 -0.127632 0.898 0.192001 0.0107394 0  0.100037 0.0375377 4
1388035919.006269376 0.0993667 -0.118375 0.932 1.06599 0.0222683 0.0461591  0.169541 0.0760643 3
1388035919.106633501 0.102488 -0.109018 0.94 1.328 0.0310979 0.0932362  0.0797098 0.0455632 3
1388035919.206937846 0.105527 -0.0994433 0.942 1.375 0.0303017 0.0954541  0.0199393 0.00817765 3
1388035919.307182063 0.11066 -0.0815474 0.988 1.285 0.0512013 0.178523  0.458879 -0.0156691 3
1388035919.407444945 0.11881 -0.0671662 1.002 -0.220993 0.0812926 0.143435  0.139633 -0.262157 3
1388035919.507724620 0.13125 -0.0661538 1.014 -1.73199 0.124052 0.0100955  0.119665 -0.262984 3
1388035919.608057595 0.147464 -0.0684583 1.022 -2.957 0.1616 -0.0229682  0.0797345 -0.213094 3
1388035919.708305879 0.174147 -0.0720134 1.022 -3.55699 0.26617 -0.0354627  0 -0.104459 3
1388035919.808584618 0.225695 -0.0779296 1.019 -4.53999 0.514043 -0.0589983  -0.0299166 -0.171089 3
1388035919.910694645 0.29234 -0.0867142 1.024 -4.672 0.652682 -0.0860304  0.0489668 -0.0225629 3
1388035920.010950216 0.359263 -0.0959573 1.021 -4.707 0.667522 -0.0921956  -0.0299235 -0.00609372 3
1388035920.211404817 0.508428 -0.11382 1.008 -4.744 0.744131 -0.0891093  -0.0648526 -0.00322176 3
1388035920.311723982 0.575911 -0.126091 0.976 -2.325 0.672692 -0.122323  -0.318982 0.420853 3
1388035920.412099815 0.637814 -0.138476 0.955 0.0839996 0.616712 -0.123384  -0.209214 0.418875 3
1388035920.512349980 0.695688 -0.163279 0.942 3.78101 0.577287 -0.247409  -0.129676 0.643639 3
1388035920.612597168 0.74335 -0.172866 0.918 7.175 0.475454 -0.0956367  -0.239408 0.590904 3
1388035920.712850284 0.779482 -0.174269 0.908 10.399 0.360408 -0.013998  -0.0997475 0.561273 3
1388035920.813095311 0.817954 -0.169134 0.911 13.176 0.383774 0.0512321  0.0299267 0.483492 3
1388035920.913329047 0.851813 -0.160293 0.916 15.528 0.337801 0.0881963  0.0498834 0.409545 3
1388035921.013587955 0.884222 -0.146731 0.925 17.766 0.323249 0.135274  0.0897676 0.389597 3
1388035921.113852501 0.923531 -0.12649 0.943 19.998 0.39206 0.201876  0.179525 0.388529 3
1388035921.214093774 0.966537 -0.102131 0.954 21.541 0.429019 0.243004  0.109735 0.268656 3
1388035921.314348438 1.01948 -0.0691585 0.975 24.053 0.528135 0.328886  0.209467 0.437312 3
1388035921.414620151 1.07322 -0.0238195 0.991 26.186 0.535906 0.452162  0.159566 0.371272 3
1388035921.514871350 1.12228 0.0313789 1.005 28.203 0.489366 0.550601  0.139649 0.351151 3
1388035921.615113162 1.17262 0.0867445 1.013 29.897 0.502195 0.55232  0.079807 0.294946 3
1388035921.715356773 1.2248 0.138325 1.017 31.233 0.52055 0.514556  0.0399028 0.232609 3
1388035921.815603257 1.27866 0.187619 1.02 32.065 0.537285 0.491725  0.0299262 0.144854 3
1388035921.915869105 1.33609 0.223426 1.031 33.229 0.572774 0.357122  0.109708 0.202618 3
1388035922.016119408 1.39401 0.252798 1.037 34.467 0.57769 0.292983  0.0598502 0.215531 3
1388035922.116375110 1.44307 0.271523 1.026 35.379 0.489358 0.186773  -0.109719 0.158769 3
1388035922.216635788 1.49547 0.287234 1.009 35.991 0.522642 0.156705  -0.169558 0.106536 3
1388035922.316925644 1.53689 0.294435 0.991 36.501 0.413011 0.0717952  -0.17948 0.0887562 3
1388035922.417178210 1.57749 0.299721 0.979 36.708 0.405031 0.0527349  -0.119698 0.0360374 3
1388035922.517436259 1.62292 0.308866 0.968 36.841 0.453076 0.0912139  -0.109717 0.0231524 3
1388035922.617695493 1.66837 0.312919 0.983 37.022 0.45331 0.0404253  0.149612 0.0315087 3
1388035922.717950931 1.71879 0.321758 0.99 37.283 0.502971 0.0881585  0.0698216 0.0454373 3
1388035922.818218820 1.78279 0.338153 1.002 37.593 0.638286 0.163515  0.119679 0.0539602 3
1388035922.918509575 1.84789 0.355569 1.008 37.963 0.649059 0.173655  0.0598261 0.0643891 3
1388035923.018781584 1.91386 0.374758 1.021 38.459 0.65794 0.191367  0.129647 0.0863339 3
1388035923.119036001 1.983 0.398491 1.026 39.055 0.689676 0.236724  0.0498731 0.103759 3
1388035923.219274324 2.05155 0.42325 1.029 39.2 0.683828 0.247008  0.0299287 0.0252452 3
1388035923.319516353 2.11699 0.450755 1.027 39.948 0.652846 0.274389  -0.0199517 0.130236 3
1388035923.419749746 2.18247 0.479201 1.027 40.014 0.653296 0.283788  0 0.011494 3
1388035923.519992791 2.23666 0.509922 1.012 39.996 0.540536 0.306467  -0.149636 -0.00313491 3
1388035923.620232400 2.29191 0.542923 1.008 39.912 0.551216 0.329226  -0.0399044 -0.0146257 3
1388035923.720473911 2.33308 0.57014 0.98 39.497 0.410675 0.271517  -0.279325 -0.0722581 3
1388035923.820714295 2.36944 0.597133 0.969 39.358 0.36277 0.269274  -0.109736 -0.0242006 3
1388035923.920959389 2.40286 0.628738 0.949 38.947 0.333341 0.31528  -0.199511 -0.0715569 3
1388035924.021217555 2.42677 0.658024 0.939 38.473 0.23848 0.292113  -0.0997425 -0.0825154 3
1388035924.121469503 2.44244 0.694563 0.935 37.865 0.156312 0.364466  -0.0398995 -0.10585 3
1388035924.221715761 2.45383 0.737268 0.936 37.098 0.113612 0.425997  0 -0.133538 3
1388035924.321959450 2.46374 0.784067 0.939 36.147 0.0988912 0.466854  0.0299271 -0.165578 3
1388035924.422210233 2.47338 0.834346 0.945 35.145 0.0961228 0.501532  0.0598499 -0.174444 3
1388035924.522466252 2.48238 0.891341 0.949 34.054 0.0898089 0.568495  0.0398979 -0.18993 3
1388035924.622708282 2.49259 0.94743 0.952 32.795 0.101828 0.559542  0.0299276 -0.219207 3
1388035924.722963896 2.50138 1.00137 0.956 31.402 0.0876655 0.538055  0.039898 -0.242503 3
1388035924.823224599 2.51293 1.05096 0.959 29.906 0.115183 0.494538  0.029922 -0.260423 3
1388035924.923468603 2.51927 1.08872 0.963 28.369 0.0633042 0.376701  0.0399026 -0.267605 3
1388035925.023718729 2.52073 1.11449 0.961 26.758 0.0144918 0.257049  -0.0199501 -0.280472 3
1388035925.123968066 2.5275 1.1255 0.954 25.229 0.0675624 0.109813  -0.0698259 -0.266196 3
1388035925.224216094 2.54034 1.13364 0.954 23.923 0.128077 0.0812466  0 -0.227376 3
1388035925.324458061 2.55631 1.14106 0.948 22.69 0.159362 0.0739681  -0.0598552 -0.21468 3
1388035925.424716851 2.57117 1.14866 0.936 21.482 0.148183 0.0758425  -0.11969 -0.210293 3
1388035925.524962033 2.58689 1.15752 0.924 20.461 0.156837 0.0883664  -0.119707 -0.177762 3
1388035925.625205491 2.60648 1.16561 0.918 19.667 0.19538 0.080686  -0.0598543 -0.138241 3
1388035925.725447723 2.63703 1.17673 0.912 19.039 0.304807 0.110997  -0.059855 -0.109343 3
1388035925.825686308 2.6747 1.18965 0.911 18.654 0.37579 0.128915  0 -0.0670343 3
1388035925.925955892 2.71936 1.2054 0.909 18.479 0.445402 0.157031  -0.0199462 -0.0304617 3
1388035926.026213094 2.75739 1.21898 0.906 18.52 0.379343 0.135497  -0.029923 0.00713756 3
1388035926.126441107 2.80028 1.2337 0.901 18.604 0.427893 0.146805  -0.0498863 0.0146273 3
1388035926.226700472 2.8442 1.2508 0.898 18.843 0.438055 0.170538  -0.0299224 0.0416052 3
1388035926.326943993 2.89393 1.26964 0.894 19.039 0.496096 0.187995  -0.0399028 0.0341252 3
1388035926.427189341 2.94553 1.29032 0.895 19.415 0.514697 0.2063  0 0.065465 3
1388035926.527433592 2.98377 1.30563 0.897 19.75 0.381543 0.152746  0.0199513 0.0583246 3
1388035926.627677794 3.02525 1.32308 0.901 19.948 0.413757 0.173987  0.0399026 0.034473 3
1388035926.727904856 3.07509 1.3424 0.902 20.103 0.497262 0.192831  0 0.0269911 3
1388035926.828175477 3.11457 1.35739 0.904 20.263 0.393712 0.149494  0.019946 0.0278505 3
1388035926.928417776 3.1653 1.37466 0.902 20.363 0.506142 0.172243  -0.0199517 0.0174122 3
1388035927.028676225 3.21693 1.39213 0.905 20.431 0.514899 0.174252  0.0299227 0.0118365 3
1388035927.229157141 3.31574 1.42624 0.905 20.477 0.492907 0.17014  0 0.00400508 3
1388035927.329387738 3.36143 1.44266 0.904 20.551 0.455759 0.163877  0 0.012884 3
1388035927.429631290 3.4115 1.46032 0.904 20.67 0.499489 0.176162  0 0.0207195 3
1388035927.529878274 3.46979 1.4823 0.906 20.871 0.581491 0.219211  0.0199507 0.0349954 3
1388035927.630154193 3.53013 1.50501 0.908 21.052 0.601706 0.226528  0.019945 0.0315035 3
1388035927.730411993 3.56379 1.51882 0.911 21.246 0.335768 0.13775  0.0299229 0.0337724 3
1388035927.830661330 3.58691 1.52873 0.912 21.5 0.230613 0.0988265  0 0.0442207 3
1388035927.930913786 3.60712 1.53846 0.912 21.809 0.201612 0.0970862  0 0.0537959 3
1388035928.031160292 3.63373 1.5514 0.928 22.203 0.265414 0.129039  0.159607 0.0685964 3
1388035928.131411125 3.68543 1.57499 0.931 22.746 0.515718 0.235298  0.0299249 0.0945341 3
1388035928.231658473 3.76103 1.60927 0.936 23.252 0.754157 0.34201  0.0498766 0.0880952 3
1388035928.331906404 3.84604 1.64642 0.94 23.638 0.84798 0.370503  0.0399011 0.0672034 3
1388035928.432144856 3.95702 1.69279 0.942 24.137 1.10719 0.462614  0.0199524 0.0868862 3
1388035928.532423328 4.06643 1.73905 0.942 24.741 1.09105 0.461281  0 0.105123 3
1388035928.632756275 4.17031 1.79063 0.945 25.489 1.03537 0.514151  0.0299004 0.130118 3
1388035928.733011365 4.26252 1.83874 0.944 26.252 0.919736 0.479844  0 0.13283 3
1388035928.833258767 4.34664 1.88933 0.939 26.858 0.839131 0.504687  -0.0498766 0.105506 3
1388035928.933511669 4.40833 1.91821 0.932 27.243 0.615309 0.288054  -0.0698234 0.0670247 3
1388035929.033763014 4.45162 1.93435 0.924 27.359 0.431797 0.16097  -0.0797994 0.0201946 3
1388035929.134036551 4.47244 1.93179 0.914 27.356 0.207653 -0.0254698  -0.0997272 -0.000520556 3
1388035929.234290444 4.48462 1.92407 0.913 27.227 0.121554 -0.0770094  0 -0.0224573 3
1388035929.334542745 4.49303 1.92715 0.912 26.871 0.0838538 0.0306702  0 -0.0619778 3
1388035929.434793627 4.50702 1.92397 0.918 26.406 0.139566 -0.0317098  0.0598498 -0.0809541 3
1388035929.535051819 4.52053 1.93123 0.926 25.91 0.134743 0.0724287  0.079794 -0.0863458 3
1388035929.635300053 4.5405 1.94234 0.943 25.672 0.19916 0.110865  0.169579 -0.0414371 3
1388035929.735527704 4.568 1.96244 0.953 25.637 0.274385 0.200508  0.0997729 -0.00609276 3
1388035929.805763480 4.60517 1.98464 0.961 26.092 0.529218 0.316058  0.113902 0.113062 3
1388035929.905758483 4.67791 2.045 0.967 30.309 0.727473 0.603591  0.060003 0.736044 3
1388035930.005762526 4.75379 2.12476 0.951 36.305 0.758782 0.79761  -0.159994 1.04646 9
1388035930.105780253 4.84364 2.21639 0.935 41.734 0.898366 0.916113  -0.159972 0.947369 9
1388035930.205722682 4.92925 2.31893 0.821 46.495 0.856555 1.02597  -1.14066 0.83143 9
1388035930.305723821 4.98287 2.43171 0.702 48.322 0.536222 1.12788  -1.18999 0.31887 9
1388035930.405712723 4.9903 2.46228 0.556 47.744 0.074237 0.305717  -1.46016 -0.100892 9
1388035930.505803799 4.97872 2.45018 0.426 46.108 -0.115697 -0.120908  -1.29882 -0.285276 9
1388035930.605773410 4.96473 2.4302 0.341 45.535 -0.139855 -0.199862  -0.850258 -0.100037 9
1388035930.705771243 4.95063 2.41719 0.253 45.418 -0.141069 -0.13012  -0.880019 -0.0204216 9
1388035930.805776009 4.95063 2.41719 0 45.791 0 0  -2.52988 0.0650979 2
1388035930.905736752 4.95063 2.41719 0 45.911 0 0  0 0.0209513 2
1388035931.005727425 4.95063 2.41719 0 45.89 0 0  0 -0.00366485 2
1388035931.105785939 4.95063 2.41719 0 45.899 0 0  0 0.00157035 2
1388035931.205746310 4.95063 2.41719 0 45.9 0 0  0 0.000173174 2
1388035931.305701541 4.95063 2.41719 0 45.908 0 0  0 0.00139879 2
1388035931.405715306 4.95063 2.41719 0 45.902 0 0  0 -0.00104648 2
1388035931.505711891 4.95063 2.41719 0 45.901 0 0  0 -0.000175775 2
1388035931.605765745 4.95063 2.41719 0 45.898 0 0  0 -0.00052436 2
1388035931.705760950 4.95063 2.41719 0 45.906 0 0  0 0.00139823 2
1388035931.805759635 4.95063 2.41719 0 45.883 0 0  0 -0.0040161 2
1388035931.905709281 4.95063 2.41719 0 45.9 0 0  0 0.00296826 2
1388035932.005717805 4.95063 2.41719 0 45.882 0 0  0 -0.0031396 2
1388035932.105710257 4.95063 2.41719 0 45.893 0 0  0 0.00192028 2
1388035932.205710740 4.95063 2.41719 0 45.891 0 0  0 -0.000348872 2
1388035932.305714706 4.95063 2.41719 0 45.887 0 0  0 -0.000697721 2
1388035932.405706575 4.95063 2.41719 0 45.887 0 0  0 0 2
1388035932.505712424 4.95063 2.41719 0 45.886 0 0  0 -0.000175758 2
1388035932.605745429 4.95063 2.41719 0 45.877 0 0  0 -0.00157075 2
1388035932.705701529 4.95063 2.41719 0 45.886 0 0  0 0.00157196 2
1388035932.805743698 4.95063 2.41719 0 45.871 0 0  0 -0.00261678 2
1388035932.905704421 4.95063 2.41719 0 45.882 0 0  0 0.00192089 2
1388035933.005730946 4.95063 2.41719 0 45.885 0 0  0 0.000521841 2
1388035933.105724914 4.95063 2.41719 0 45.875 0 0  0 -0.00174448 2
1388035933.205710264 4.95063 2.41719 0 45.883 0 0  0 0.0013957 2
1388035933.305766585 4.95063 2.41719 0 45.879 0 0  0 -0.000697355 2
1388035933.405701228 4.95063 2.41719 0 45.876 0 0  0 -0.000522321 2
1388035933.505706914 4.95063 2.41719 0 45.883 0 0  0 0.00121966 2
1388035933.605708309 4.95063 2.41719 0 45.878 0 0  0 -0.000870842 2
1388035933.705709871 4.95063 2.41719 0 45.881 0 0  0 0.000521971 2
1388035933.805743303 4.95063 2.41719 0 45.884 0 0  0 0.000524467 2
1388035933.905770366 4.95063 2.41719 0 45.887 0 0  0 0.000524501 2
1388035934.005709036 4.95063 2.41719 0 45.889 0 0  0 0.000349088 2
1388035934.105717358 4.95063 2.41719 0 45.883 0 0  0 -0.0010492 2
1388035934.205719141 4.95063 2.41719 0 45.896 0 0  0 0.00226897 2
1388035934.305769350 4.95063 2.41719 0 45.894 0 0  0 -0.000348699 2
1388035934.405708800 4.95063 2.41719 0 45.89 0 0  0 -0.000698171 2
1388035934.505748423 4.95063 2.41719 0 45.896 0 0  0 0.00104621 2
1388035934.605708504 4.95063 2.41719 0 45.895 0 0  0 -0.000173175 2
1388035934.705716676 4.95063 2.41719 0 45.895 0 0  0 0 2
1388035934.805707342 4.95063 2.41719 0 45.893 0 0  0 -0.000348907 2
1388035934.905723610 4.95063 2.41719 0 45.894 0 0  0 0.000173077 2
1388035935.005716818 4.95063 2.41719 0 45.893 0 0  0 -0.000173117 2
1388035935.105767896 4.95063 2.41719 0 45.895 0 0  0 0.000348696 2
1388035935.205716576 4.95063 2.41719 0 45.886 0 0  0 -0.00157207 2
1388035935.305716100 4.95063 2.41719 0 45.891 0 0  0 0.000873521 2
1388035935.405707506 4.95063 2.41719 0 45.892 0 0  0 0.00017312 2
1388035935.505717840 4.95063 2.41719 0 45.891 0 0  0 -0.000173088 2
1388035935.605717381 4.95063 2.41719 0 45.892 0 0  0 0.000173106 2
1388035935.705709322 4.95063 2.41719 0 45.892 0 0  0 0 2
1388035935.805743731 4.95063 2.41719 0 45.89 0 0  0 -0.000348754 2
1388035935.905711781 4.95063 2.41719 0 45.888 0 0  0 -0.000348986 2
1388035936.005712729 4.95063 2.41719 0 45.89 0 0  0 0.000348871 2
1388035936.105726252 4.95063 2.41719 0 45.888 0 0  0 -0.000348827 2
1388035936.205711305 4.95063 2.41719 0 45.89 0 0  0 0.000348926 2
1388035936.305716078 4.95063 2.41719 0 45.89 0 0  0 0 2
1388035936.405739188 4.95063 2.41719 0 45.89 0 0  0 0 2
1388035936.505708522 4.95063 2.41719 0 45.891 0 0  0 0.000175823 2
1388035936.605715604 4.95063 2.41719 0 45.893 0 0  0 0.000348849 2
1388035936.705751663 4.95063 2.41719 0 45.891 0 0  0 -0.000348748 2
1388035936.805709497 4.95063 2.41719 0 45.893 0 0  0 0.000349021 2
1388035936.905776111 4.95063 2.41719 0 45.893 0 0  0 0 2
1388035937.005747845 4.95063 2.41719 0 45.892 0 0  0 -0.000175818 2
1388035937.105712383 4.95063 2.41719 0 45.893 0 0  0 0.000175831 2
1388035937.205735196 4.95063 2.41719 0 45.896 0 0  0 0.000521861 2
1388035937.305729814 4.95063 2.41719 0 45.898 0 0  0 0.000348893 2
1388035937.405732393 4.95063 2.41719 0 45.897 0 0  0 -0.000173101 2
1388035937.505729110 4.95063 2.41719 0 45.898 0 0  0 0.000173111 2
1388035937.605730903 4.95063 2.41719 0 45.898 0 0  0 0 2
1388035937.705767131 4.95063 2.41719 0 45.9 0 0  0 0.000348748 2
1388035937.805774336 4.95063 2.41719 0 45.901 0 0  0 0.000175756 2
1388035937.905796545 4.95063 2.41719 0 45.905 0 0  0 0.000697593 2
1388035938.005703055 4.95063 2.41719 0 45.906 0 0  0 0.000175933 2
1388035938.105714638 4.95063 2.41719 0 45.905 0 0  0 -0.000175748 2
1388035938.205786419 4.95063 2.41719 0 45.905 0 0  0 0 2
1388035938.305758871 4.95063 2.41719 0 45.905 0 0  0 0 2
1388035938.405709599 4.95063 2.41719 0 45.907 0 0  0 0.000349046 2
1388035938.505765276 4.95063 2.41719 0 45.909 0 0  0 0.00034868 2
1388035938.605763709 4.95063 2.41719 0 45.911 0 0  0 0.00034888 2
1388035938.705713389 4.95063 2.41719 0 45.912 0 0  0 0.000175857 2
1388035938.805748754 4.95063 2.41719 0 45.911 0 0  0 -0.000175706 2
1388035938.905758583 4.95063 2.41719 0 45.914 0 0  0 0.000524591 2
1388035939.005715804 4.95063 2.41719 0 45.915 0 0  0 0.000175844 2
1388035939.105777859 4.95063 2.41719 0 45.914 0 0  0 -0.00017566 2
1388035939.205705562 4.95063 2.41719 0 45.916 0 0  0 0.000349127 2
1388035939.305763401 4.95063 2.41719 0 45.915 0 0  0 -0.000173005 2
1388035939.405709476 4.95063 2.41719 0 45.915 0 0  0 0 2
1388035939.705712012 4.95063 2.41719 0 45.914 0 0  0 -5.8589e-05 2
1388035939.805716221 4.95063 2.41719 0 45.914 0 0  0 0 2
1388035939.905744365 4.95063 2.41719 0 45.915 0 0  0 0.000175719 2
1388035940.005734745 4.95063 2.41719 0 45.914 0 0  0 -0.000175786 2
1388035940.105761139 4.95063 2.41719 0 45.914 0 0  0 0 2
