1388308734.582150952 0 0 0 2.751 0 0  0 0.00705437 2
1388308734.682251810 0 0 0 2.758 0 0  0 0.00122049 2
1388308734.782166748 0 0 0 2.76 0 0  0 0.000349379 2
1388308734.882166620 0 0 0 2.769 0 0  0 0.00157081 2
1388308734.982159993 0 0 0 2.772 0 0  0 0.000523637 2
1388308735.082137367 0 0 0 2.777 0 0  0 0.00087284 2
1388308735.182212529 0 0 0 2.784 0 0  0 0.00122081 2
1388308735.282224686 0 0 0 2.79 0 0  0 0.00104708 2
1388308735.382222518 0 0 0 2.79 0 0  0 0 2
1388308735.482111765 0 0 0 2.797 0 0  0 0.00122308 2
1388308735.582228680 0 0 0 2.801 0 0  0 0.000697349 2
1388308735.682138952 0 0 0 2.807 0 0  0 0.0010481 2
1388308735.782226747 0 0 0 2.809 0 0  0 0.000348776 2
1388308735.882227171 0 0 0 2.811 0 0  0 0.000349081 2
1388308735.982245759 0 0 0 2.813 0 0  0 0.000348976 2
1388308736.082136322 0 0 0 2.827 0 0  0 0.00244613 2
1388308736.182123269 0 0 0 2.833 0 0  0 0.00104734 2
1388308736.282229009 0 0 0 2.836 0 0  0 0.000523049 2
1388308736.382281194 0 0 0 2.843 0 0  0 0.00122109 2
1388308736.482242646 0 0 0 2.849 0 0  0 0.00104761 2
1388308736.582145785 0 0 0 2.856 0 0  0 0.00122291 2
1388308736.682225969 0 0 0 2.86 0 0  0 0.000697563 2
1388308736.782143355 0 0 0 2.861 0 0  0 0.000174706 2
1388308736.882151603 0 0 0 2.868 0 0  0 0.00122162 2
1388308736.982172979 0 0 0 2.879 0 0  0 0.00191944 2
1388308737.082092950 0 0 0 2.883 0 0  0 0.000698682 2
1388308737.182179351 0 0 0 2.888 0 0  0 0.000871931 2
1388308737.282141015 0 0 0 2.891 0 0  0 0.000523803 2
1388308737.382139064 0 0 0 2.896 0 0  0 0.00087266 2
1388308737.482224073 0 0 0 2.906 0 0  0 0.00174385 2
1388308737.582142433 0 0 0 2.907 0 0  0 0.000174705 2
1388308737.682221989 0 0 0 2.917 0 0  0 0.00174394 2
1388308737.782228770 0 0 0 2.917 0 0  0 0 2
1388308737.882256644 0 0 0 2.933 0 0  0 0.00279175 2
1388308737.982135338 0 0 0 2.935 0 0  0 0.000349464 2
1388308738.082240385 0 0 0 2.947 0 0  0 0.00209221 2
1388308738.182131997 0 0 0 2.948 0 0  0 0.00017471 2
1388308738.282133681 0 0 0 2.952 0 0  0 0.000698111 2
1388308738.382223995 0 0 0 2.953 0 0  0 0.000174404 2
1388308738.482109112 0 0 0 2.965 0 0  0 0.00209678 2
1388308738.582222890 0 0 0 2.969 0 0  0 0.000697371 2
1388308738.682178269 0 0 0 2.973 0 0  0 0.000698434 2
1388308738.782141676 0 0 0 2.982 0 0  0 0.00157138 2
1388308738.882088608 0 0 0 2.987 0 0  0 0.000873106 2
1388308738.982197560 0 0 0 2.99 0 0  0 0.000523033 2
1388308739.083027359 0 0 0 2.995 0 0  0 0.000865461 2
1388308739.182208892 0 0 0 2.998 0 0  0 0.000527923 2
1388308739.282182916 0 0 0 3.001 0 0  0 0.000523738 2
1388308739.382110922 0 0 0 3.01 0 0  0 0.00157194 2
1388308739.482254451 0 0 0 3.01 0 0  0 0 2
1388308739.582225616 0 0 0 3.021 0 0  0 0.0019204 2
1388308739.682145719 0 0 0 3.027 0 0  0 0.00104804 2
1388308739.782210260 0 0 0 3.034 0 0  0 0.00122094 2
1388308739.882151044 0 0 0 3.036 0 0  0 0.000349289 2
1388308739.982222293 0 0 0 3.039 0 0  0 0.00052323 2
1388308740.082142120 0 0 0 3.045 0 0  0 0.00104805 2
1388308740.182220549 0 0 0 3.046 0 0  0 0.000174384 2
1388308740.282098481 0 0 0 3.053 0 0  0 0.00122322 2
1388308740.382135294 0 0 0 3.06 0 0  0 0.00122128 2
1388308740.482208078 0 0 0 3.07 0 0  0 0.00174406 2
1388308740.582137193 0 0 0 3.076 0 0  0 0.00104795 2
1388308740.682223248 0 0 0 3.08 0 0  0 0.000697522 2
1388308740.782134486 0 0 0 3.084 0 0  0 0.000698785 2
1388308740.882241834 0 0 0 3.089 0 0  0 0.000871707 2
1388308740.982150912 0 0 0 3.089 0 0  0 0 2
1388308741.082227601 0 0 0 3.093 0 0  0 0.000697588 2
1388308741.182116841 0 0 0 3.101 0 0  0 0.00139784 2
1388308741.282116638 0 0 0 3.103 0 0  0 0.000349041 2
1388308741.382150798 0 0 0 3.112 0 0  0 0.00157027 2
1388308741.482139145 0 0 0 3.119 0 0  0 0.00122187 2
1388308741.582121060 0 0 0 3.123 0 0  0 0.000698249 2
1388308741.682118205 0 0 0 3.129 0 0  0 0.00104723 2
1388308741.782256079 0 0 0 3.133 0 0  0 0.000697162 2
1388308741.882169063 0 0 0 3.143 0 0  0 0.00174685 2
1388308741.982167464 0 0 0 3.144 0 0  0 0.000174565 2
1388308742.082156784 0 0 0 3.151 0 0  0 0.00122186 2
1388308742.182145614 0 0 0 3.156 0 0  0 0.00087274 2
1388308742.282119086 0 0 0 3.163 0 0  0 0.00122209 2
1388308742.382138017 0 0 0 3.163 0 0  0 0 2
1388308742.482129645 0 0 0 3.172 0 0  0 0.0015709 2
1388308742.582164852 0 0 0 3.175 0 0  0 0.000523418 2
1388308742.682228552 0 0 0 3.18 0 0  0 0.000872129 2
1388308742.782172758 0 0 0 3.179 0 0  0 -0.000174659 2
1388308742.882136376 0 0 0 3.185 0 0  0 0.00104759 2
1388308742.982247990 0 0 0 3.187 0 0  0 0.000348693 2
1388308743.082144422 0 0 0 3.194 0 0  0 0.00122299 2
1388308743.182225863 0 0 0 3.194 0 0  0 0 2
1388308743.282149956 0 0 0 3.203 0 0  0 0.001572 2
1388308743.382252696 0 0 0 3.203 0 0  0 0 2
1388308743.482144031 0 0 0 3.212 0 0  0 0.00157247 2
1388308743.582229872 0 0 0 3.215 0 0  0 0.000523153 2
1388308743.682154591 0 0 0 3.22 0 0  0 0.000873342 2
1388308743.782230021 0 0 0 3.222 0 0  0 0.000348777 2
1388308743.882116820 0 0 0 3.231 0 0  0 0.00157259 2
1388308743.982231512 0 0 0 3.234 0 0  0 0.000523003 2
1388308744.082161042 0 0 0 3.242 0 0  0 0.00139727 2
1388308744.182229847 0 0 0 3.245 0 0  0 0.000523201 2
1388308744.282150162 0 0 0 3.254 0 0  0 0.00157206 2
1388308744.382135646 0 0 0 3.256 0 0  0 0.000349133 2
