1386144905.608000462 -3.03026e-29 -1.35771e-29 0 -168.971 -7.6483e-30 -3.42683e-30  0 -0.744344 6
1386144905.677072493 -3.07964e-29 -1.37945e-29 0 -169.391 -7.14902e-30 -3.14626e-30  0 -0.10613 6
1386144905.820314188 -3.08285e-29 -1.38087e-29 0 -169.254 -2.239e-31 -9.92857e-32  0 0.0166938 6
1386144905.891266257 -3.08321e-29 -1.38103e-29 0 -168.652 -5.06538e-32 -2.31008e-32  0 0.148085 6
1386144906.024621550 -3.08325e-29 -1.38105e-29 0 -167.693 -2.89092e-33 -1.37721e-33  0 0.125512 6
1386144906.094644105 -3.08325e-29 -1.38105e-29 0 -167.212 -6.54926e-34 -3.18886e-34  0 0.119887 6
1386144906.231462611 -0.000267084 -0.000356349 0.242 173.456 -0.0019521 -0.00260454  1.76877 43.4574 6
1386144906.295515843 -0.00667415 0.00684241 0.25 173.682 -0.100027 0.112387  0.124896 0.0615843 6
1386144906.426067209 -0.00873456 0.0131662 0.273 174.287 -0.0157824 0.0484388  0.176176 0.0808813 6
1386144906.491109060 -0.0096606 0.00942163 0.309 174.551 -0.0142376 -0.0575712  0.55349 0.0708395 6
1386144906.621675465 -0.00998914 0.00408644 0.408 174.731 -0.00251628 -0.0408619  0.758235 0.0240623 6
1386144906.686724967 -0.011974 0.00280218 0.478 174.613 -0.0305132 -0.0197428  1.0761 -0.0316593 6
1386144906.817164877 -0.0166906 0.000260456 0.601 174.366 -0.0361594 -0.0194858  0.942963 -0.0330507 6
1386144906.882424444 -0.0186329 -0.00152201 0.638 174.176 -0.0297615 -0.0273134  0.566967 -0.0508151 6
1386144907.012851895 -0.0238187 -0.00675413 0.68 173.915 -0.0397603 -0.0401152  0.322018 -0.0349262 6
1386144907.143418418 -0.0284402 -0.0116294 0.683 173.783 -0.0353958 -0.0373393  0.0229768 -0.0176434 6
1386144907.208485063 -0.0309916 -0.0127998 0.682 173.702 -0.0392122 -0.017988  -0.0153689 -0.0217296 6
1386144907.338865644 -0.0367091 -0.0122091 0.671 173.745 -0.043852 0.00453084  -0.0843684 0.00575606 6
1386144907.404217636 -0.0402489 -0.0107193 0.667 173.783 -0.0541652 0.0227965  -0.061207 0.0101511 6
1386144907.534926542 -0.0490291 -0.00661317 0.657 173.932 -0.0671743 0.0314141  -0.0765059 0.0198959 6
1386144907.599742806 -0.0532162 -0.0048275 0.657 173.961 -0.0645994 0.0275498  0 0.00780669 6
1386144907.729167705 -0.0642637 -0.000178603 0.661 174.156 -0.0853582 0.0359196  0.030906 0.0262973 6
1386144907.795360293 -0.0700346 0.00198981 0.664 174.217 -0.0871838 0.0327592  0.0453223 0.0160813 6
1386144907.925835333 -0.0800299 0.00605568 0.672 174.343 -0.0766065 0.0311621  0.0613144 0.0168556 6
1386144907.991224704 -0.0841799 0.00730038 0.677 174.339 -0.063467 0.0190351  0.076465 -0.00106707 6
1386144908.056363139 -0.0873243 0.00847534 0.679 174.385 -0.0482716 0.0180379  0.0307038 0.0123226 6
1386144908.208463859 -0.0942085 0.011982 0.681 174.271 -0.0452607 0.0230548  0.0131492 -0.0130811 6
1386144908.317138382 -0.0984565 0.0123622 0.687 174.119 -0.0390896 0.00349858  0.0552107 -0.0244103 6
1386144908.419180472 -0.102288 0.0116194 0.69 174.058 -0.0375435 -0.00727952  0.0293996 -0.0104342 6
1386144908.513408200 -0.105121 0.00888562 0.691 173.869 -0.0300662 -0.0290123  0.0106126 -0.0350066 6
1386144908.625105659 -0.107974 0.00594572 0.691 173.818 -0.0255491 -0.0263202  0 -0.00797059 6
1386144908.708906657 -0.110071 0.00294791 0.691 173.711 -0.0250241 -0.0357729  0 -0.0222838 6
1386144908.841067124 -0.115791 -0.00096198 0.695 173.588 -0.0432774 -0.0295844  0.0302662 -0.0162437 6
1386144908.904815022 -0.118044 -0.00309365 0.695 173.574 -0.0353394 -0.033439  0 -0.0038309 6
1386144909.041911804 -0.121563 -0.00963331 0.695 173.571 -0.025673 -0.0477011  0 -0.000382681 6
1386144909.099884527 -0.122899 -0.0121417 0.697 173.572 -0.0230356 -0.0432677  0.034499 0.000303192 6
1386144909.307078033 -0.12752 -0.0213729 0.695 173.615 -0.0223014 -0.0445536  -0.00965281 0.00362212 4
1386144909.497636106 0.74054 0.0198444 0.68 0.113998 0.00962836 0.0670944  -0.0787162 -15.891 4
1386144909.697112920 0.740762 0.0372712 0.66 0.218994 0.00110949 0.0873626  -0.100262 0.00918664 3
1386144909.752087134 0.74018 0.0424903 0.654 0.285995 -0.0105839 0.0949374  -0.109142 0.0212717 3
1386144909.947700199 0.740046 0.0639248 0.642 0.838989 -0.000682853 0.109576  -0.0613456 0.0493401 3
1386144910.146315467 0.756387 0.101377 0.647 2.88199 0.0822742 0.188567  0.0251743 0.179528 3
1386144910.338260087 0.812583 0.141746 0.657 4.799 0.292771 0.210315  0.0520984 0.174311 3
1386144910.403297080 0.836466 0.154602 0.665 5.17599 0.367221 0.197674  0.123007 0.101171 3
1386144910.536903622 0.905643 0.176939 0.675 5.29599 0.517765 0.167184  0.0748466 0.0156752 3
1386144910.598643757 0.940668 0.187857 0.679 5.20799 0.56731 0.176837  0.0647877 -0.024876 3
1386144910.730284738 1.01826 0.199528 0.693 4.95299 0.589424 0.0886572  0.10635 -0.0338092 3
1386144910.795661570 1.05707 0.203723 0.703 4.81999 0.593569 0.0641768  0.152959 -0.0355051 3
1386144910.926023551 1.12979 0.205215 0.718 4.638 0.557824 0.0114444  0.115064 -0.0243656 3
1386144910.989741086 1.16393 0.204985 0.727 4.61099 0.535891 -0.00362218  0.141248 -0.00739796 3
1386144911.123013386 1.228 0.204148 0.746 4.64099 0.480727 -0.00627769  0.142565 0.00392863 3
1386144911.187098387 1.2578 0.202704 0.755 4.62799 0.464984 -0.0225242  0.140438 -0.00354063 3
1386144911.318216647 1.31652 0.200684 0.766 4.55699 0.447865 -0.0154071  0.0838937 -0.00945077 3
1386144911.447829234 1.37465 0.198101 0.778 4.50499 0.448518 -0.0199314  0.0925836 -0.00700245 3
1386144911.513014771 1.40367 0.196595 0.783 4.53499 0.445108 -0.0231045  0.0767041 0.00803211 3
1386144911.648108556 1.47167 0.192094 0.79 4.728 0.503349 -0.0333143  0.0518159 0.0249355 3
1386144911.708590696 1.50314 0.189452 0.794 4.89 0.520275 -0.0436826  0.0661352 0.046749 3
1386144911.839078584 1.58045 0.180608 0.802 5.383 0.592467 -0.0677778  0.0613084 0.0659403 3
1386144911.906678466 1.6208 0.176879 0.805 5.564 0.596897 -0.0551597  0.0443788 0.0467315 3
1386144912.034608865 1.70012 0.167696 0.81 6.276 0.620031 -0.071786  0.0390838 0.0971375 3
1386144912.099822711 1.73963 0.164315 0.811 6.595 0.605874 -0.051844  0.0153342 0.0853746 3
1386144912.230322236 1.81777 0.159596 0.818 7.256 0.598768 -0.0361572  0.05364 0.088403 3
1386144912.295562878 1.85607 0.157779 0.815 7.56 0.587152 -0.0278496  -0.0459836 0.0813268 3
1386144912.425816392 1.92783 0.156948 0.823 8.28499 0.550889 -0.00638642  0.0614187 0.097145 3
1386144912.491304614 1.96176 0.157008 0.813 8.66899 0.518135 0.000925953  -0.152699 0.102341 3
1386144912.622985748 2.02417 0.15964 0.802 9.40599 0.473976 0.0199827  -0.0835351 0.0976835 3
1386144912.753403563 2.08236 0.162998 0.789 10.109 0.44613 0.0257521  -0.0996796 0.0940801 3
1386144912.817257125 2.10976 0.165017 0.784 10.47 0.42922 0.0316253  -0.0783042 0.0986754 3
1386144912.947782133 2.16534 0.167777 0.775 11.222 0.425775 0.0211412  -0.0689523 0.100554 3
1386144913.013076838 2.19246 0.168488 0.767 11.634 0.415379 0.0108944  -0.122521 0.110124 3
1386144913.143929700 2.25229 0.169771 0.754 12.279 0.457198 0.00980391  -0.0993482 0.0860313 3
1386144913.209338700 2.28387 0.171286 0.747 12.554 0.482848 0.0231573  -0.107019 0.0733816 3
1386144913.339863235 2.35816 0.179836 0.738 13.15 0.569206 0.0655032  -0.0689526 0.0796941 3
1386144913.404501652 2.39426 0.184285 0.734 13.503 0.558399 0.0688308  -0.0618827 0.0953142 3
1386144913.534822335 2.46546 0.198636 0.727 14.005 0.546365 0.11012  -0.0537137 0.0672306 3
1386144913.600483819 2.5009 0.207064 0.724 14.309 0.539698 0.128358  -0.0456889 0.0808056 3
1386144913.730608965 2.56507 0.226031 0.716 14.716 0.493192 0.14576  -0.0614793 0.0545894 3
1386144913.795725423 2.59722 0.236279 0.719 14.829 0.493604 0.157381  0.0460713 0.0302894 3
1386144913.926442782 2.65646 0.256174 0.714 14.933 0.453221 0.152197  -0.0382505 0.0138865 3
1386144914.056802192 2.71313 0.275005 0.713 14.989 0.434759 0.144454  -0.0076711 0.00749758 3
1386144914.121652780 2.73892 0.283799 0.715 14.998 0.397666 0.135609  0.0308401 0.0024229 3
1386144914.252274096 2.79412 0.30024 0.719 15.042 0.422531 0.125868  0.0306229 0.00587798 3
1386144914.316601762 2.82148 0.307736 0.723 15.034 0.425396 0.116524  0.0621816 -0.00216936 3
1386144914.447801393 2.88388 0.323223 0.725 14.812 0.475579 0.118041  0.0152439 -0.0295323 3
1386144914.514959543 2.91695 0.331204 0.728 14.762 0.492528 0.118849  0.0446707 -0.012995 3
1386144914.643381971 2.98462 0.346321 0.733 14.579 0.526931 0.117707  0.038934 -0.0248705 3
1386144914.708145641 3.01901 0.354327 0.736 14.48 0.530954 0.123619  0.0463223 -0.0266794 3
1386144914.839044590 3.09102 0.369895 0.74 14.293 0.550149 0.118932  0.0305579 -0.024933 3
1386144914.904554497 3.12555 0.377419 0.739 14.228 0.526976 0.114859  -0.0152649 -0.0173181 3
1386144915.033962557 3.19241 0.391209 0.743 14.047 0.516725 0.106559  0.03091 -0.0244115 3
1386144915.100148016 3.22557 0.398668 0.743 14.018 0.500987 0.112709  0 -0.00764922 3
1386144915.230532700 3.28735 0.410784 0.742 14.037 0.473846 0.0929212  -0.00766961 0.00254296 3
1386144915.359701981 3.34343 0.419171 0.743 14.135 0.434156 0.0649293  0.00774178 0.0132427 3
1386144915.425552010 3.37388 0.423713 0.745 14.212 0.46241 0.0689706  0.030372 0.0204074 3
1386144915.558407294 3.43225 0.432785 0.745 14.275 0.439357 0.0682873  0 0.00827682 3
1386144915.622635448 3.46266 0.437972 0.747 14.342 0.47336 0.0807662  0.031139 0.0182069 3
1386144915.750837397 3.52676 0.449862 0.748 14.436 0.500037 0.0927394  0.00780019 0.0127963 3
1386144915.817882764 3.56272 0.457186 0.753 14.447 0.536311 0.109244  0.0745764 0.00286394 3
1386144915.947852884 3.63597 0.473174 0.752 14.516 0.56357 0.123013  -0.00769408 0.00926583 3
1386144916.014420296 3.67399 0.481864 0.753 14.498 0.571166 0.130551  0.0150224 -0.00471682 3
1386144916.144048766 3.74998 0.498296 0.743 14.483 0.586257 0.126758  -0.0771435 -0.00201953 3
1386144916.209553928 3.78811 0.505795 0.738 14.405 0.581973 0.11448  -0.0763299 -0.0207832 3
1386144916.339468938 3.86348 0.520652 0.729 14.075 0.580215 0.114356  -0.0692761 -0.0443337 3
1386144916.406836869 3.90048 0.528746 0.725 13.827 0.549188 0.12015  -0.0593754 -0.0642507 3
1386144916.534860587 3.96873 0.543037 0.717 13.326 0.533107 0.111629  -0.0624884 -0.0683016 3
1386144916.665242116 4.03242 0.553913 0.705 12.743 0.488451 0.0834178  -0.0920376 -0.0780413 3
1386144916.730337238 4.06541 0.557496 0.7 12.499 0.506877 0.0550431  -0.0768107 -0.0654221 3
1386144916.860917043 4.13246 0.557237 0.692 12.263 0.513432 -0.00198606  -0.0612652 -0.0315427 3
1386144916.926011383 4.16635 0.555579 0.692 12.17 0.520739 -0.0254739  0 -0.0249361 3
1386144917.056692865 4.23915 0.551198 0.687 12.01 0.557067 -0.0335186  -0.038261 -0.0213694 3
1386144917.121801303 4.27797 0.548785 0.686 11.909 0.596216 -0.0370676  -0.015359 -0.027074 3
1386144917.252121624 4.3541 0.543413 0.683 12.014 0.584173 -0.041218  -0.0230202 0.0140617 3
1386144917.317383428 4.39421 0.541827 0.686 12.167 0.614597 -0.0243044  0.0459687 0.0409175 3
1386144917.447816827 4.46976 0.539712 0.685 12.713 0.57922 -0.016213  -0.00766675 0.073061 3
1386144917.513622215 4.50985 0.539199 0.682 12.951 0.609281 -0.00780039  -0.045589 0.0631215 3
1386144917.644631156 4.5892 0.543602 0.682 13.694 0.605666 0.0336058  0 0.0989856 3
1386144917.711055962 4.62689 0.545324 0.678 14.119 0.567308 0.0259273  -0.0602185 0.111667 3
1386144917.839527146 4.69313 0.554391 0.673 14.821 0.515657 0.0705794  -0.0389192 0.0953708 3
1386144917.969600574 4.75561 0.569433 0.671 15.28 0.480292 0.115636  -0.0153759 0.0615887 3
1386144918.034769836 4.78501 0.578316 0.668 15.494 0.451255 0.13631  -0.046034 0.0573095 3
1386144918.165241862 4.8389 0.601991 0.661 15.644 0.412984 0.18146  -0.0536513 0.0200668 3
1386144918.230458536 4.86449 0.61474 0.656 15.635 0.392427 0.195475  -0.0766675 -0.0024093 3
1386144918.363178498 4.91759 0.644378 0.646 15.551 0.400072 0.223319  -0.0753466 -0.0110463 3
1386144918.426103389 4.94324 0.656952 0.64 15.472 0.407654 0.199822  -0.0953518 -0.0219105 3
1386144918.556458279 4.99883 0.681734 0.634 15.266 0.426463 0.190112  -0.0460282 -0.0275827 3
1386144918.621872492 5.02724 0.692621 0.631 15.202 0.434301 0.166425  -0.0458616 -0.0170747 3
1386144918.752193639 5.08725 0.709619 0.628 15.055 0.4605 0.130432  -0.0230201 -0.0196874 3
1386144918.817359392 5.11847 0.717993 0.63 14.914 0.479064 0.128511  0.030691 -0.0377616 3
1386144918.947911627 5.18122 0.733403 0.627 14.767 0.480647 0.118031  -0.0229793 -0.0196526 3
1386144919.013015606 5.21307 0.741409 0.628 14.719 0.489185 0.122978  0.01536 -0.0128691 3
1386144919.143597475 5.27376 0.759827 0.627 14.579 0.464818 0.141046  -0.00765803 -0.018712 3
1386144919.208685175 5.30437 0.768957 0.627 14.448 0.470159 0.140274  0 -0.0351268 3
1386144919.339239524 5.36686 0.790255 0.623 14.041 0.478652 0.163133  -0.0306386 -0.0544099 3
1386144919.469385172 5.42984 0.814307 0.621 13.581 0.483939 0.184813  -0.0153674 -0.0616896 3
1386144919.534915359 5.46457 0.829154 0.621 13.183 0.529958 0.226561  0 -0.106002 3
1386144919.665410096 5.5306 0.861543 0.619 12.238 0.505988 0.248202  -0.0153263 -0.126392 3
1386144919.730613469 5.56573 0.877169 0.619 11.708 0.538803 0.239656  0 -0.141867 3
1386144919.860499325 5.63353 0.901989 0.619 10.315 0.522042 0.191085  0 -0.187184 3
1386144919.926193700 5.66773 0.909509 0.621 9.42099 0.520586 0.114469  0.030444 -0.237512 3
1386144920.056602727 5.73193 0.903707 0.631 7.52499 0.492277 -0.0444905  0.0766818 -0.253751 3
1386144920.120914046 5.76175 0.896045 0.644 6.59299 0.463693 -0.119137  0.202142 -0.252935 3
1386144920.252234388 5.8159 0.853619 0.667 5.37199 0.412365 -0.32307  0.175144 -0.162278 3
1386144920.317957454 5.84377 0.828701 0.676 4.93199 0.423968 -0.379141  0.136938 -0.116846 3
1386144920.446720575 5.89583 0.764469 0.692 4.72 0.404307 -0.498835  0.124259 -0.0287344 3
1386144920.514540130 5.92357 0.727971 0.698 4.95 0.409088 -0.538168  0.0884701 0.0591892 3
1386144920.643467107 5.97876 0.666746 0.714 6.17299 0.428061 -0.474884  0.124101 0.165561 3
1386144920.772563125 6.03703 0.617957 0.731 8.58499 0.451402 -0.377922  0.131685 0.326094 3
1386144920.837896293 6.0673 0.598629 0.744 10.026 0.463208 -0.295839  0.19898 0.384955 3
1386144920.969544394 6.12499 0.584762 0.75 13.224 0.438234 -0.105336  0.045576 0.423976 3
1386144921.034909277 6.15425 0.586689 0.754 14.803 0.447708 0.029485  0.0611949 0.421613 3
1386144921.163663373 6.2109 0.615515 0.763 17.809 0.439926 0.223885  0.0699007 0.407479 3
1386144921.230547764 6.2382 0.638126 0.757 19.245 0.408266 0.338048  -0.089707 0.374721 3
1386144921.360950130 6.28498 0.697638 0.74 21.71 0.358743 0.456377  -0.130366 0.32992 3
1386144921.426229050 6.3055 0.729082 0.728 22.812 0.314329 0.481687  -0.183827 0.294637 3
1386144921.556863788 6.34314 0.795994 0.714 24.637 0.288088 0.512208  -0.107169 0.243826 3
1386144921.621803595 6.36158 0.828685 0.703 25.408 0.284008 0.503394  -0.169388 0.207214 3
1386144921.752437430 6.39969 0.892115 0.682 26.33 0.29169 0.485559  -0.160755 0.123185 3
1386144921.817503032 6.41957 0.92195 0.669 26.63 0.305626 0.458529  -0.199798 0.0804692 3
1386144921.948124076 6.46477 0.976201 0.651 26.503 0.346025 0.415335  -0.137803 -0.0169693 3
1386144922.078572960 6.51859 1.02481 0.633 25.69 0.412577 0.372659  -0.137985 -0.108775 3
1386144922.143620307 6.54968 1.04662 0.621 25.114 0.477943 0.335248  -0.184481 -0.154547 3
1386144922.274460542 6.62579 1.08391 0.605 23.665 0.581685 0.285013  -0.122287 -0.193288 3
1386144922.339675068 6.66528 1.10171 0.595 22.942 0.605571 0.272854  -0.15334 -0.193494 3
1386144922.469639405 6.74857 1.1346 0.571 21.287 0.640851 0.253066  -0.184666 -0.222257 3
1386144922.535953766 6.79162 1.15071 0.562 20.496 0.649239 0.242988  -0.135717 -0.208184 3
1386144922.665280302 6.87509 1.1801 0.542 18.804 0.645451 0.227279  -0.154647 -0.228342 3
1386144922.730450967 6.9171 1.19593 0.528 17.749 0.644473 0.242807  -0.214821 -0.282541 3
1386144922.863532162 6.99205 1.22261 0.506 15.422 0.563198 0.20053  -0.165313 -0.30518 3
1386144922.925554729 7.02209 1.23206 0.498 14.235 0.484363 0.152289  -0.128985 -0.334024 3
1386144923.056571290 7.07959 1.23829 0.487 11.948 0.438881 0.0475501  -0.0839589 -0.304662 3
1386144923.121770963 7.10381 1.23675 0.483 10.75 0.37148 -0.0235779  -0.06135 -0.320692 3
1386144923.252237618 7.14047 1.21172 0.485 9.054 0.28101 -0.191867  0.0153296 -0.226884 3
1386144923.382568980 7.17216 1.1801 0.487 8.26199 0.243122 -0.242636  0.0153455 -0.106061 3
1386144923.447965184 7.18972 1.16289 0.491 8.129 0.268486 -0.263086  0.0611656 -0.0354946 3
1386144923.580361247 7.23914 1.13145 0.509 8.698 0.373276 -0.23746  0.135956 0.0750092 3
1386144923.643871207 7.26739 1.12247 0.52 9.30099 0.444916 -0.141482  0.173201 0.165711 3
1386144923.774095144 7.33256 1.13095 0.544 10.652 0.500457 0.0651357  0.184298 0.181068 3
1386144923.839448719 7.3731 1.14184 0.558 11.13 0.620277 0.166687  0.214219 0.127654 3
1386144923.970700176 7.46522 1.18171 0.599 11.124 0.701862 0.303773  0.312377 -0.000797418 3
1386144924.034931924 7.51327 1.20386 0.612 10.644 0.748121 0.344781  0.202392 -0.130426 3
1386144924.166652669 7.60813 1.25191 0.644 10.164 0.720087 0.36477  0.242938 -0.0636005 3
1386144924.230631313 7.65611 1.27647 0.651 9.724 0.74995 0.38396  0.109412 -0.120032 3
1386144924.363879183 7.74013 1.31677 0.664 7.82799 0.630623 0.302436  0.0975625 -0.248346 3
1386144924.426292105 7.77702 1.33214 0.666 6.782 0.591016 0.246305  0.0320446 -0.292503 3
1386144924.556369046 7.83596 1.33962 0.659 3.939 0.45308 0.0575142  -0.0538143 -0.381465 3
1386144924.622024144 7.86447 1.33826 0.655 2.47299 0.434213 -0.0207439  -0.0609244 -0.389712 3
1386144924.752274396 7.91147 1.31447 0.643 -0.414001 0.360866 -0.182703  -0.0921303 -0.386852 3
1386144924.883422471 7.96273 1.27331 0.626 -3.037 0.390897 -0.313848  -0.129624 -0.349071 3
1386144924.947522547 7.98852 1.2498 0.618 -4.28801 0.402273 -0.366747  -0.124805 -0.340627 3
1386144925.077472480 8.04343 1.19776 0.598 -5.92 0.42252 -0.400442  -0.153905 -0.219189 3
1386144925.143536259 8.07298 1.17234 0.589 -6.214 0.447394 -0.384711  -0.136232 -0.0776731 3
1386144925.276527008 8.14188 1.1228 0.575 -6.13101 0.518028 -0.372544  -0.10527 0.0108917 3
1386144925.339788404 8.17549 1.10352 0.569 -5.938 0.53134 -0.304775  -0.0948446 0.0532494 3
1386144925.474323406 8.25078 1.07608 0.561 -5.276 0.559632 -0.20392  -0.0594641 0.0858819 3
1386144925.533515196 8.28417 1.06724 0.557 -5.00801 0.564116 -0.149328  -0.0675769 0.0790196 3
1386144925.665805201 8.35897 1.05403 0.55 -4.636 0.565456 -0.0998825  -0.0529141 0.0490799 3
1386144925.730921733 8.3955 1.04943 0.547 -4.589 0.560921 -0.0705975  -0.0460712 0.0125967 3
1386144925.862828444 8.46351 1.04194 0.546 -4.451 0.515561 -0.0568514  -0.00758112 0.0182596 3
1386144925.924857301 8.49616 1.0383 0.543 -4.399 0.526442 -0.0586325  -0.0483646 0.014632 3
1386144926.056875402 8.56066 1.02873 0.543 -4.26401 0.48855 -0.072471  0 0.0178468 3
1386144926.187755939 8.62155 1.01449 0.544 -4.09601 0.465277 -0.108805  0.00764056 0.0224032 3
1386144926.252414511 8.64991 1.00598 0.545 -3.98601 0.438634 -0.131628  0.0154659 0.0296925 3
1386144926.382771302 8.70509 0.983489 0.549 -3.61101 0.423229 -0.172527  0.030685 0.0502082 3
1386144926.450020783 8.73357 0.970095 0.551 -3.431 0.423555 -0.199169  0.02974 0.0467176 3
1386144926.578875715 8.78928 0.942326 0.557 -2.929 0.432319 -0.215512  0.046564 0.0679953 3
1386144926.643587516 8.81786 0.928432 0.559 -2.565 0.44175 -0.214709  0.0309063 0.0981733 3
1386144926.775015003 8.88417 0.897623 0.564 -1.76201 0.504516 -0.234412  0.0380438 0.106636 3
1386144926.839065961 8.91819 0.882795 0.567 -1.35301 0.531073 -0.231513  0.0468377 0.111448 3
1386144926.969395539 8.98832 0.859488 0.572 -0.284012 0.53815 -0.178827  0.0383643 0.143157 3
1386144927.037111126 9.02528 0.850006 0.574 0.233994 0.545724 -0.140024  0.0295353 0.133513 3
1386144927.165281637 9.09471 0.83992 0.583 1.23099 0.541737 -0.0786955  0.070219 0.135763 3
1386144927.232613536 9.13122 0.836972 0.583 1.67 0.542299 -0.0437886  0 0.113797 3
1386144927.361027645 9.19327 0.838265 0.587 2.411 0.483165 0.010075  0.0311492 0.100712 3
1386144927.491656760 9.256 0.843166 0.591 2.916 0.480234 0.0375166  0.030621 0.0674735 3
1386144927.556659238 9.28596 0.846487 0.593 3.039 0.460905 0.0510836  0.0307681 0.033026 3
1386144927.686985896 9.34683 0.852624 0.593 3.21399 0.467004 0.0470911  0 0.0234343 3
1386144927.752168569 9.37665 0.855356 0.591 3.258 0.457585 0.0419142  -0.030683 0.0117831 3
1386144927.882806153 9.43524 0.85746 0.59 3.28999 0.44844 0.0161062  -0.00765476 0.00427492 3
1386144927.947782685 9.46588 0.856627 0.588 3.265 0.471615 -0.0128247  -0.0307803 -0.00671359 3
1386144928.078546527 9.52738 0.852499 0.582 3.12 0.470285 -0.0315642  -0.0458842 -0.019354 3
1386144928.143702881 9.55885 0.848917 0.578 3.05299 0.483 -0.0549716  -0.0613908 -0.0179475 3
1386144928.274121680 9.62475 0.837337 0.573 2.78099 0.505302 -0.0887917  -0.038338 -0.0364008 3
1386144928.339502684 9.65945 0.831213 0.569 2.55299 0.530792 -0.0936759  -0.0611798 -0.0608632 3
1386144928.469748500 9.72945 0.816719 0.56 2.20999 0.537437 -0.111283  -0.0691001 -0.0459632 3
1386144928.552896282 9.77661 0.80671 0.557 2.22299 0.567157 -0.120371  -0.0360803 0.00272889 3
1386144928.665960950 9.83983 0.793602 0.547 2.256 0.559159 -0.11593  -0.088445 0.0050948 3
1386144928.796260207 9.90998 0.775092 0.535 2.30099 0.538363 -0.142063  -0.0920957 0.0060274 3
1386144928.874648150 9.95196 0.763374 0.528 2.34 0.535535 -0.149486  -0.0892994 0.00868378 3
1386144928.996245166 10.0125 0.743691 0.514 2.414 0.497755 -0.161871  -0.115134 0.0106222 3
1386144929.057189803 10.0419 0.734627 0.507 2.46799 0.482008 -0.148719  -0.114858 0.0154604 3
1386144929.190792675 10.1042 0.715025 0.493 2.73 0.466477 -0.146723  -0.104788 0.0342277 3
1386144929.252393301 10.1335 0.70686 0.488 2.842 0.475307 -0.132541  -0.081168 0.0317328 3
1386144929.388545734 10.2003 0.69163 0.477 3.06 0.491082 -0.111861  -0.0807918 0.0279456 3
1386144929.447950009 10.2305 0.686393 0.474 3.252 0.508003 -0.0881471  -0.0505014 0.056411 3
1386144929.513676537 10.2652 0.68124 0.47 3.381 0.527931 -0.078403  -0.0608582 0.0342546 3
1386144929.643387006 10.3325 0.675251 0.469 3.60599 0.518814 -0.0461774  -0.00770948 0.0302738 3
1386144929.773982402 10.402 0.672274 0.47 3.78 0.531918 -0.0227941  0.00765724 0.0232556 3
1386144929.839466880 10.4367 0.671609 0.472 3.83499 0.530497 -0.0101571  0.0305416 0.014657 3
1386144929.971992997 10.5098 0.674303 0.477 3.521 0.551437 0.0203338  0.0377284 -0.0413522 3
1386144930.100182143 10.5798 0.679842 0.482 2.87099 0.546067 0.0432079  0.0390049 -0.0885005 3
1386144930.170709842 10.6195 0.683763 0.486 2.39 0.56262 0.0555889  0.0567153 -0.119029 3
1386144930.231944570 10.6429 0.702804 0.489 -2.08101 0.383582 0.310952  0.0489918 -1.27434 3
1386144930.361477646 10.6512 0.752812 0.491 -9.065 0.0638017 0.386067  0.0154401 -0.941024 3
1386144930.496865797 10.6672 0.799589 0.484 -12.251 0.117782 0.345499  -0.0517032 -0.410717 3
1386144930.559228869 10.6762 0.817865 0.48 -13.636 0.145625 0.293068  -0.0641405 -0.387613 3
1386144930.693202613 10.7115 0.833401 0.478 -16.167 0.262833 0.115963  -0.0149283 -0.329724 3
1386144930.753251623 10.7317 0.831596 0.476 -17.411 0.337508 -0.0300627  -0.0333061 -0.361571 3
1386144930.882866824 10.7948 0.79533 0.477 -19.737 0.486587 -0.279802  0.00771514 -0.313205 3
1386144930.950920930 10.8299 0.789587 0.48 -21.183 0.516572 -0.0843817  0.0440826 -0.370844 3
1386144931.080984106 10.8419 0.81462 0.49 -31.778 0.092215 0.192466  0.0768857 -1.42175 3
1386144931.208929523 10.8684 0.817907 0.504 -37.386 0.20674 0.0256927  0.109422 -0.764999 4
1386144931.344330285 10.9024 0.816323 0.513 -40.039 0.251231 -0.0116988  0.0664693 -0.341974 8
1386144931.404550895 10.9148 0.825945 0.484 -43.413 0.206129 0.159781  -0.481563 -0.977864 8
1386144931.534916521 10.9215 0.839354 0.422 -45.061 0.0516125 0.102854  -0.475585 -0.220633 8
1386144931.600120650 10.9229 0.843888 0.394 -45.108 0.0204652 0.0695426  -0.429421 -0.0125798 8
1386144931.730677985 10.9278 0.843934 0.324 -44.532 0.0376547 0.000350849  -0.536163 0.0769999 8
1386144931.795796893 10.9276 0.843965 0.295 -45.313 -0.00343788 0.000470258  -0.445339 -0.209323 8
1386144931.926580657 10.9269 0.847018 0.228 -44.831 -0.00505334 0.0233468  -0.512296 0.0643229 8
1386144931.991009382 10.9265 0.848455 0.204 -44.448 -0.00683023 0.0223038  -0.372505 0.103755 8
1386144932.121899039 10.9238 0.849844 0.151 -43.935 -0.0202946 0.0106131  -0.404921 0.0684033 8
1386144932.187339294 10.9212 0.848385 0.14 -43.804 -0.0401125 -0.0222923  -0.168092 0.0349416 8
1386144932.328153393 10.9236 0.835698 0.058 -43.489 0.0173441 -0.090102  -0.582328 0.0390432 8
1386144932.382681866 10.9218 0.832784 0.003 -43.876 -0.0334349 -0.0534354  -1.00865 -0.123872 8
1386144932.513703567 10.9519 0.815379 0 -46.426 0.229431 -0.132841  -0.022897 -0.339683 2
1386144932.643751281 10.9529 0.818646 0 -46.492 0.00806065 0.0251204  0 -0.00885791 2
1386144932.709125665 10.952 0.818978 0 -46.508 -0.0145976 0.00507754  0 -0.00427128 2
1386144932.839866422 10.9522 0.818547 0 -46.504 0.00166238 -0.00329123  0 0.000533688 2
1386144932.904550576 10.9508 0.819519 0 -46.499 -0.0210326 0.0150183  0 0.00134838 2
1386144933.035083983 10.9486 0.820792 0 -46.496 -0.0171317 0.00975317  0 0.000401922 2
1386144933.101396450 10.9479 0.82108 0 -46.499 -0.00962737 0.00434299  0 -0.000791168 2
1386144933.233049106 10.9454 0.823623 0 -46.502 -0.0192778 0.0193162  0 -0.000397494 2
1386144933.294531612 10.9452 0.82427 0 -46.502 -0.00283245 0.0105275  0 0 2
1386144933.426410171 10.9459 0.824865 0 -46.509 0.005415 0.00450874  0 -0.000925897 2
1386144933.491270596 10.9464 0.825129 0 -46.509 0.00768484 0.00407619  0 0 2
1386144933.622004476 10.9477 0.825612 0 -46.513 0.00937315 0.0036969  0 -0.000534735 2
1386144933.687134996 10.9482 0.825875 0 -46.516 0.00771471 0.00403553  0 -0.000803481 2
1386144933.823556596 10.9492 0.826393 0 -46.521 0.00724921 0.00379165  0 -0.000639331 2
1386144933.888726238 10.9497 0.826596 0 -46.523 0.00774141 0.0031233  0 -0.000535332 2
1386144934.013159588 10.9505 0.827087 0 -46.524 0.00687776 0.00394363  0 -0.000140185 2
1386144934.143592716 10.9515 0.827524 0 -46.528 0.00736479 0.00335032  0 -0.000535968 2
1386144934.208871776 10.952 0.827746 0 -46.533 0.0077233 0.00339908  0 -0.00133609 2
1386144934.339301149 10.9529 0.828268 0 -46.537 0.00699098 0.00400164  0 -0.000534962 2
1386144934.404670084 10.9534 0.828467 0 -46.538 0.00689157 0.00305568  0 -0.00026685 2
1386144934.535031844 10.9543 0.828935 0 -46.542 0.00707963 0.00358709  0 -0.000536261 2
1386144934.601636931 10.9547 0.829172 0 -46.545 0.00636324 0.00355591  0 -0.000785692 2
1386144934.730388885 10.9557 0.829678 0 -46.551 0.00744869 0.00393417  0 -0.000812898 2
1386144934.798503638 10.9561 0.829913 0 -46.555 0.00717257 0.00344487  0 -0.00102633 2
1386144934.926422537 10.9571 0.830442 0 -46.559 0.0077404 0.00413366  0 -0.000545461 2
1386144934.991653777 10.9576 0.830683 0 -46.562 0.00635188 0.00370457  0 -0.00080224 2
1386144935.121519578 10.9584 0.831263 0 -46.563 0.00667568 0.00446273  0 -0.000134321 2
1386144935.188633586 10.9589 0.831535 0 -46.566 0.00645413 0.00405552  0 -0.000779735 2
1386144935.317915738 10.9598 0.831987 0 -46.568 0.00745955 0.00349797  0 -0.000270885 2
1386144935.384188354 10.9603 0.832244 0 -46.567 0.00693014 0.00386749  0 0.000263211 2
1386144935.513341135 10.9612 0.832708 0 -46.569 0.00743916 0.00359552  0 -0.000270125 2
1386144935.643867720 10.9623 0.833173 0 -46.573 0.0078681 0.00355784  0 -0.000534564 2
1386144935.707685025 10.9627 0.833442 0 -46.575 0.00700276 0.00421611  0 -0.000546676 2
1386144935.839632720 10.9636 0.833831 0 -46.577 0.00687888 0.00294829  0 -0.000264403 2
1386144935.905092737 10.9641 0.834125 0 -46.578 0.00700509 0.0044961  0 -0.000266479 2
1386144936.035073966 10.965 0.834765 0 -46.581 0.00744299 0.00492805  0 -0.00040363 2
1386144936.098817006 10.9655 0.835032 0 -46.584 0.00751571 0.00417761  0 -0.00082097 2
1386144936.232831366 10.9665 0.835652 0 -46.586 0.0069642 0.00462511  0 -0.000260326 2
1386144936.297082932 10.9669 0.835962 0 -46.589 0.00733429 0.00483277  0 -0.000814472 2
1386144936.426454357 10.9678 0.836528 0 -46.591 0.00713515 0.00437769  0 -0.000269669 2
1386144936.490406700 10.9683 0.836758 0 -46.593 0.00752803 0.00358837  0 -0.000545522 2
1386144936.622108087 10.9694 0.837287 0 -46.598 0.00811476 0.00401762  0 -0.000663256 2
1386144936.687881350 10.9699 0.837518 0 -46.597 0.00810114 0.00351113  0 0.00026521 2
1386144936.817928075 10.9708 0.838036 0 -46.603 0.00697359 0.00397985  0 -0.000804805 2
1386144936.883283619 10.9713 0.838319 0 -46.603 0.00681257 0.00434204  0 0 2
1386144937.016040948 10.9724 0.838981 0 -46.607 0.00838441 0.00498778  0 -0.000525582 2
1386144937.144146004 10.9733 0.839516 0 -46.611 0.00667151 0.00417263  0 -0.000545708 2
1386144937.209177519 10.9738 0.839837 0 -46.614 0.00792125 0.00493267  0 -0.000804704 2
1386144937.339669020 10.9746 0.840325 0 -46.619 0.00626004 0.0037445  0 -0.000668385 2
1386144937.410250690 10.9751 0.84063 0 -46.621 0.00689845 0.0043096  0 -0.000494284 2
1386144937.537167086 10.9759 0.841069 0 -46.623 0.00690128 0.00345839  0 -0.000275934 2
1386144937.600525916 10.9764 0.841302 0 -46.625 0.00669934 0.0036884  0 -0.000550632 2
1386144937.730982155 10.9774 0.841856 0 -46.627 0.00749706 0.00424748  0 -0.000267426 2
1386144937.799552902 10.9779 0.842107 0 -46.627 0.0076812 0.00365533  0 0 2
1386144937.926726959 10.9787 0.842522 0 -46.631 0.00618714 0.00326591  0 -0.000548656 2
1386144937.991439155 10.9791 0.842786 0 -46.634 0.00648581 0.00407838  0 -0.000808675 2
1386144938.122156854 10.98 0.843237 0 -46.638 0.00730301 0.00344563  0 -0.000534801 2
1386144938.187600541 10.9805 0.843491 0 -46.639 0.00749579 0.00389365  0 -0.000266545 2
1386144938.317862543 10.9816 0.844139 0 -46.641 0.00802322 0.00497279  0 -0.000267825 2
1386144938.381936547 10.9821 0.844434 0 -46.644 0.0085903 0.00460278  0 -0.000816729 2
1386144938.513447751 10.9829 0.844895 0 -46.645 0.00609995 0.00350405  0 -0.00013264 2
1386144938.643821257 10.9839 0.845282 0 -46.649 0.0075374 0.00297165  0 -0.000535192 2
1386144938.711299895 10.9844 0.845469 0 -46.65 0.00671379 0.00275995  0 -0.00026048 2
1386144938.839566624 10.9853 0.845997 0 -46.653 0.00721347 0.00411989  0 -0.000407987 2
1386144938.905664024 10.9858 0.846305 0 -46.654 0.00826145 0.004658  0 -0.000263909 2
1386144939.035240975 10.9868 0.846892 0 -46.659 0.00767734 0.00452748  0 -0.000673102 2
1386144939.101338749 10.9873 0.847188 0 -46.661 0.00674366 0.00447713  0 -0.000527815 2
1386144939.231067516 10.9882 0.847517 0 -46.665 0.00711838 0.00253721  0 -0.000538878 2
1386144939.296331692 10.9887 0.84772 0 -46.668 0.00705632 0.00310738  0 -0.000801835 2
1386144939.426699309 10.9897 0.848372 0 -46.676 0.00784521 0.00500801  0 -0.00107043 2
1386144939.491967697 10.9902 0.8486 0 -46.679 0.00812989 0.00349369  0 -0.000803824 2
1386144939.622394503 10.9912 0.849152 0 -46.685 0.00743532 0.00422903  0 -0.00080246 2
1386144939.689764875 10.9917 0.849495 0 -46.687 0.00782582 0.00508981  0 -0.000517845 2
1386144939.817836948 10.9927 0.849955 0 -46.691 0.00753855 0.00359082  0 -0.000544809 2
1386144939.890939227 10.9931 0.850185 0 -46.696 0.00592004 0.0031495  0 -0.00119492 2
1386144940.013712007 10.994 0.850547 0 -46.697 0.0071307 0.00295239  0 -0.000142081 2
1386144940.144993194 10.995 0.851004 0 -46.703 0.00771855 0.0034776  0 -0.000797237 2
