1388057653.157298539 -0.0659993 -0.241465 1.181 171.67 -0.0108002 -0.0395134  0.193259 0.4903 7
1388057653.257282213 -0.0663557 -0.246215 1.178 171.741 0 -0.0475083  -0.0300049 0.0123937 7
1388057653.357281533 -0.0662265 -0.25469 1.173 171.869 0 -0.0847493  -0.0500003 0.0223414 7
1388057653.457304003 -0.0655654 -0.265606 1.18 171.984 0 -0.109138  0.0699843 0.0200651 7
1388057653.557276929 -0.0648021 -0.277508 1.181 172.104 0 -0.119058  0.0100027 0.0209514 7
1388057653.657289946 -0.0644963 -0.290952 1.183 172.153 0 -0.134417  0.0199974 0.0085503 7
1388057653.757284524 -0.0638481 -0.304508 1.184 172.187 0 -0.135565  0.0100005 0.00593384 7
1388057653.857282405 -0.0632723 -0.319103 1.182 172.233 0 -0.145959  -0.0200004 0.0080296 7
1388057653.957282447 -0.0607426 -0.334047 1.185 172.336 0.0252976 -0.14944  0.03 0.0179763 7
1388057654.057291190 -0.0588251 -0.349486 1.186 172.457 0.0191725 -0.154376  0 0.021117 7
1388057654.157276108 -0.055891 -0.364368 1.181 172.576 0.0293462 -0.148837  -0.0500075 0.0207731 7
1388057654.257282773 -0.053503 -0.378934 1.175 172.674 0.0238782 -0.145655  -0.059996 0.0171017 7
1388057654.357280099 -0.0503336 -0.393772 1.172 172.737 0.031695 -0.148384  -0.0300008 0.0109965 4
1388057654.457324836 -0.0466838 -0.406436 1.171 172.771 0.0364812 -0.126585  0 0.00593087 4
1388057654.557277410 -0.042804 -0.418353 1.171 172.664 0.0388169 -0.119224  0 -0.0186829 4
1388057654.657290807 -0.039482 -0.430242 1.17 172.542 0.0332156 -0.118872  0 -0.0212891 4
1388057654.757346382 0.089112 0.430138 1.169 -0.0880127 -0.0587773 0.0865639  0 -30.1129 4
1388057654.857336577 0.0831463 0.438466 1.165 -0.114014 -0.0596624 0.083285  -0.0400039 -0.00453847 4
1388057654.957367405 0.0779221 0.446149 1.159 -0.158005 -0.0522262 0.0768024  -0.0599815 -0.00767553 4
1388057655.057330593 0.0732174 0.452669 1.167 -0.141006 -0.0470645 0.0652293  0.0800295 0.00296785 4
1388057655.157336887 0.0704596 0.460073 1.164 -0.118011 -0.0275766 0.0740332  -0.0299981 0.00401313 4
1388057655.257348399 0.0668528 0.466486 1.167 -0.0590057 -0.0360633 0.0641254  0.0299965 0.0102973 4
1388057655.357367244 0.0638177 0.472891 1.167 -0.0550079 -0.0303451 0.064038  0 0.000697617 4
1388057655.457338027 0.0603016 0.479316 1.171 -0.0550079 -0.0351715 0.0642692  0.0400117 0 4
1388057655.557369690 0.0558366 0.485467 1.169 -0.0890045 -0.044636 0.061491  -0.0199937 -0.00593164 4
1388057655.657358836 0.050319 0.490188 1.171 -0.170013 -0.0551815 0.0472095  0.0200022 -0.0141403 4
1388057655.757301302 0.0452488 0.493495 1.165 -0.267014 -0.050732 0.0330869  -0.0600345 -0.0169395 4
1388057655.857341232 0.039723 0.496732 1.16 -0.437012 -0.0552361 0.0323569  -0.04998 -0.0296584 4
1388057655.957308972 0.0350559 0.500411 1.157 -0.637009 -0.0466859 0.0368105  -0.0300097 -0.0349173 4
1388057656.157750970 0.0215818 0.510085 1.156 -0.936005 -0.0672219 0.0482624  0 -0.0260348 3
1388057656.258071670 0.0145074 0.51361 1.155 -1.14801 -0.0705175 0.0351352  0 -0.0368837 3
1388057656.358369428 0.00689724 0.516806 1.167 -1.30602 -0.0758758 0.0318627  0.119644 -0.0274952 3
1388057656.458680718 0.00284088 0.519184 1.158 -1.38301 -0.0404377 0.0237063  -0.0897207 -0.0133966 3
1388057656.558981246 -0.000522974 0.521428 1.155 -1.25101 -0.0335378 0.0223792  -0.0299101 0.02297 3
1388057656.659274728 0.00381455 0.524259 1.151 -1.09201 0.0432483 0.0282271  -0.039883 0.0276689 3
1388057656.759548971 0.01524 0.527609 1.153 -0.906006 0.113942 0.0333994  0.0199453 0.0323751 3
1388057656.859818967 0.0364899 0.531685 1.148 -0.798004 0.211926 0.0406508  -0.0498654 0.0187991 3
1388057656.960091570 0.075631 0.536666 1.138 -0.864014 0.390347 0.0496799  -0.0997281 -0.0114895 3
1388057657.060378310 0.129284 0.543329 1.136 -1.10001 0.534997 0.0664411  -0.0199428 -0.0410707 3
1388057657.157359486 0.18685 0.550027 1.133 -1.464 0.593579 0.0690611  -0.0309338 -0.0655073 3
1388057657.611160498 0.473756 0.54678 1.147 -5.526 0.63223 0  0.0308505 -0.156225 3
1388057657.712679739 0.532651 0.544165 1.148 -7.278 0.580131 -0.0257547  0 -0.301205 3
1388057657.812982957 0.598452 0.539001 1.149 -10.09 0.65602 -0.051485  0 -0.489305 3
1388057657.913278900 0.65134 0.530331 1.151 -13.559 0.527326 -0.0864476  0.019941 -0.603667 3
1388057658.013560881 0.701701 0.505833 1.154 -17.169 0.502193 -0.244293  0.0299156 -0.628292 3
1388057658.113835403 0.747394 0.484883 1.156 -20.764 0.455671 -0.208925  0.0199452 -0.625728 3
1388057658.214126787 0.783942 0.462501 1.157 -24.261 0.364419 -0.223168  0 -0.608567 3
1388057658.314411804 0.815153 0.43673 1.158 -27.668 0.31123 -0.256977  0 -0.592946 3
1388057658.412479827 0.842034 0.411097 1.16 -30.449 0.274104 -0.261377  0.020394 -0.494936 3
1388057658.612941860 0.887929 0.336968 1.162 -37.319 0.228945 -0.369792  0 -0.598138 3
1388057658.713223676 0.910092 0.297872 1.169 -40.013 0.221009 -0.389867  0.0698033 -0.46887 3
1388057658.813522691 0.930772 0.250681 1.159 -42.591 0.206184 -0.470497  -0.0997019 -0.448605 3
1388057658.913792592 0.951639 0.197864 1.159 -44.61 0.208105 -0.526747  0 -0.351434 3
1388057659.014084571 0.973487 0.140724 1.156 -46.495 0.217845 -0.569737  -0.0299127 -0.328037 3
1388057659.114366938 0.992277 0.0844461 1.156 -48.234 0.187367 -0.561197  0 -0.302658 3
1388057659.214653030 1.0089 0.0329203 1.144 -50.128 0.165792 -0.513788  -0.119658 -0.329622 3
1388057659.314921357 1.02407 -0.0157497 1.128 -51.966 0.151246 -0.485398  -0.159572 -0.319934 3
1388057659.415192223 1.03709 -0.0640383 1.098 -53.806 0.129909 -0.481582  -0.29919 -0.320272 3
1388057659.515458751 1.04742 -0.112562 1.087 -55.721 0.102945 -0.483946  -0.109708 -0.333342 3
1388057659.612484689 1.05401 -0.159114 1.074 -57.335 0.0679848 -0.479795  -0.133985 -0.29033 3
1388057659.812953397 1.05394 -0.286221 1.055 -60.587 0 -0.634046  -0.0947779 -0.283127 3
1388057659.913239002 1.054 -0.37707 1.047 -62.224 0 -0.905908  -0.0797722 -0.284897 3
1388057660.013562741 1.04994 -0.474686 1.015 -63.789 -0.0404834 -0.973006  -0.318967 -0.272263 3
1388057660.113850273 1.0443 -0.569717 1.021 -65.591 -0.0562675 -0.94759  0.059828 -0.313607 3
1388057660.214132453 1.03276 -0.659081 1.02 -67.962 -0.115069 -0.891121  0 -0.412652 3
1388057660.314397779 1.03089 -0.73885 1.019 -70.492 -0.0186332 -0.795579  0 -0.4404 3
1388057660.414668360 1.02732 -0.79712 1.016 -73.813 -0.0355986 -0.58113  -0.029919 -0.578061 3
1388057660.514951066 1.02161 -0.825411 1.021 -77.032 -0.0569359 -0.282106  0.049859 -0.560237 3
1388057660.615224414 1.01059 -0.834897 1.022 -79.921 -0.109857 -0.094611  0 -0.502851 3
1388057660.715507943 0.998723 -0.84358 1.032 -82.653 -0.118371 -0.086577  0.0997173 -0.475476 3
1388057660.812494401 0.984992 -0.853995 1.047 -84.956 -0.141573 -0.107388  0.154661 -0.414439 3
1388057661.012816212 0.955399 -0.891213 1.067 -89.969 -0.14773 -0.185794  0.0998394 -0.436764 3
1388057661.113108886 0.941585 -0.906911 1.083 -92.052 -0.137738 -0.156517  0.159533 -0.362491 3
1388057661.213379529 0.927452 -0.922541 1.097 -93.771 -0.140944 -0.155883  0.139622 -0.299211 3
1388057661.313642269 0.913475 -0.938054 1.115 -95.314 -0.139407 -0.154724  0.179528 -0.2686 3
1388057661.413899763 0.899266 -0.954455 1.117 -95.445 -0.141724 -0.163583  0.0199486 -0.0228045 3
1388057661.514186777 0.878156 -0.99238 1.141 -98.24 -0.210495 -0.378162  0.239313 -0.486423 3
1388057661.614464358 0.847007 -1.04502 1.164 -99.789 -0.31063 -0.524959  0.229363 -0.269604 3
1388057661.714733266 0.811809 -1.10467 1.17 -101.525 -0.351033 -0.594926  0.0598391 -0.302177 3
1388057661.814996617 0.757945 -1.17499 1.181 -103.599 -0.537223 -0.701321  0.109711 -0.36103 3
1388057661.915270947 0.698894 -1.25275 1.186 -106.095 -0.588895 -0.775504  0.0498632 -0.434443 3
1388057662.012451412 0.645732 -1.32763 1.186 -108.553 -0.547048 -0.770465  0 -0.441449 3
1388057662.212822182 0.533158 -1.48424 1.18 -114.577 -0.561828 -0.781628  -0.0299445 -0.52472 3
1388057662.313108659 0.483012 -1.5566 1.192 -118.517 -0.500032 -0.721513  0.119657 -0.685695 3
1388057662.413398865 0.438514 -1.62309 1.203 -122.696 -0.443686 -0.66293  0.109682 -0.727263 3
1388057662.513686083 0.397212 -1.67478 1.205 -127.009 -0.411843 -0.515457  0.0199427 -0.750605 3
1388057662.613960130 0.358479 -1.70518 1.2 -131.366 -0.386271 -0.303199  -0.0498634 -0.758362 3
1388057662.913049925 0.233382 -1.61142 1.162 -144.321 -0.418258 0.313482  -0.127052 -0.755985 3
1388057663.013337463 0.189068 -1.56675 1.142 -148.599 -0.441864 0.445432  -0.199427 -0.744511 3
1388057663.113615357 0.133442 -1.501 1.125 -151.97 -0.554722 0.655683  -0.169529 -0.58672 3
1388057663.213222619 0.0754221 -1.43502 1.087 -154.849 -0.582487 0.662381  -0.381498 -0.504461 3
1388057663.413725450 -0.0558772 -1.33103 1.054 -160.048 -0.65485 0.518661  -0.164586 -0.452561 3
1388057663.514134040 -0.132752 -1.28843 1.054 -161.476 -0.76562 0.424306  0 -0.248219 3
1388057663.614439508 -0.205461 -1.2594 1.049 -162.276 -0.724873 0.289364  -0.0498477 -0.139201 3
1388057663.714711491 -0.284108 -1.24618 1.068 -162.451 -0.78434 0.131833  0.189485 -0.0304604 3
1388057663.814992097 -0.35784 -1.2458 1.098 -162.513 -0.735254 0  0.299161 -0.0107906 3
1388057663.915279460 -0.424262 -1.25569 1.126 -162.805 -0.662314 -0.0986002  0.279198 -0.0508176 3
1388057664.015567158 -0.484957 -1.2735 1.164 -163.332 -0.605215 -0.177656  0.37891 -0.0917151 3
1388057664.115853749 -0.543172 -1.29483 1.182 -164.2 -0.580485 -0.212618  0.179486 -0.151062 3
1388057664.216137972 -0.594093 -1.31502 1.197 -165.326 -0.507768 -0.201367  0.149575 -0.195967 3
1388057664.316428416 -0.642973 -1.33124 1.204 -166.505 -0.487387 -0.161753  0.0697973 -0.205178 3
1388057664.413236207 -0.687781 -1.34324 1.204 -167.357 -0.462851 -0.123984  0 -0.153606 3
1388057664.613645338 -0.774613 -1.35198 1.186 -169.384 -0.433275 -0.0435742  -0.0898163 -0.176528 3
1388057664.713992809 -0.815274 -1.35226 1.161 -170.488 -0.405194 0  -0.249134 -0.192017 3
1388057664.814374086 -0.854751 -1.34964 1.151 -171.244 -0.39328 0.0261015  -0.0996202 -0.131446 3
1388057664.914706122 -0.892466 -1.3452 1.141 -171.953 -0.375899 0.044305  -0.0996691 -0.123334 3
1388057665.015045881 -0.929081 -1.33986 1.142 -172.518 -0.364911 0.0532025  0 -0.0982772 3
1388057665.115386912 -0.96473 -1.33519 1.14 -172.953 -0.355281 0.0465752  -0.019932 -0.0756638 3
1388057665.215719794 -1.00092 -1.33232 1.15 -173.439 -0.360696 0.0285608  0.0996682 -0.0845416 3
1388057665.316037882 -1.03878 -1.33158 1.135 -173.796 -0.377439 0  -0.149524 -0.0621107 3
1388057665.416383958 -1.0764 -1.33561 1.124 -174.071 -0.374826 -0.0401941  -0.109621 -0.047831 3
1388057665.516716104 -1.11441 -1.3427 1.098 -174.242 -0.378854 -0.0706273  -0.259139 -0.0297463 3
1388057665.613243408 -1.14918 -1.35166 1.077 -174.417 -0.360243 -0.0928716  -0.217555 -0.0316421 3
1388057665.813631725 -1.21779 -1.37956 1.042 -174.888 -0.342374 -0.139206  -0.174661 -0.0410229 3
1388057665.913924384 -1.25158 -1.39471 1.031 -175.291 -0.336901 -0.151013  -0.109679 -0.0701315 3
1388057666.014210387 -1.28651 -1.41093 1.037 -175.894 -0.348356 -0.16179  0.0598289 -0.104943 3
1388057666.114498173 -1.32293 -1.42646 1.037 -176.641 -0.363136 -0.154817  0 -0.130002 3
1388057666.214789500 -1.36059 -1.44049 1.042 -177.449 -0.37554 -0.139951  0.0498548 -0.140613 3
1388057666.315044049 -1.40168 -1.45351 1.047 -178.338 -0.409844 -0.129823  0.049873 -0.154766 3
1388057666.415321072 -1.44646 -1.4645 1.029 -179.233 -0.446512 -0.10959  -0.179503 -0.155775 3
1388057666.515588925 -1.49284 -1.4738 1.013 179.943 -0.462595 -0.0928142  -0.159573 62.5206 3
1388057666.615844493 -1.53979 -1.48106 0.992 179.18 -0.468298 -0.0723283  -0.209465 -0.132829 3
1388057666.716135498 -1.58528 -1.48574 0.982 178.521 -0.453615 -0.0467338  -0.0997098 -0.114684 3
1388057666.813249018 -1.62853 -1.48778 0.974 177.885 -0.445259 -0.0209611  -0.0823778 -0.114302 3
1388057667.013727784 -1.71482 -1.48792 0.969 176.446 -0.430454 0  -0.0249403 -0.125277 3
1388057667.114149755 -1.75689 -1.49319 0.973 175.911 -0.418925 -0.0524991  0.0398319 -0.0929827 3
1388057667.214450897 -1.79884 -1.50175 0.978 175.494 -0.418253 -0.0853  0.0498499 -0.0725617 3
1388057667.314726393 -1.84341 -1.51754 0.984 175.063 -0.444429 -0.15745  0.0598352 -0.0750171 3
1388057667.414997346 -1.89118 -1.53152 0.991 174.51 -0.476423 -0.139463  0.0698108 -0.0962558 3
1388057667.515275349 -1.94201 -1.54209 0.997 173.785 -0.506864 -0.105398  0.0598337 -0.126186 3
1388057667.615557912 -1.99517 -1.54797 1.008 173.026 -0.530137 -0.0586607  0.10969 -0.132097 3
1388057667.715831779 -2.05009 -1.54819 1.017 172.199 -0.547695 0  0.0897542 -0.143944 3
1388057667.816103823 -2.10624 -1.54308 1.026 171.47 -0.560019 0.0510216  0.0897558 -0.126889 3
1388057667.916375645 -2.16321 -1.53372 1.034 170.707 -0.568156 0.0933187  0.0797831 -0.132808 3
1388057668.200650947 -2.3215 -1.49822 1.048 168.988 -0.556796 0.124884  0.049248 -0.105539 3
1388057668.301108716 -2.37585 -1.48629 1.051 168.396 -0.541027 0.118761  0.0298633 -0.102853 3
1388057668.401426796 -2.42891 -1.4753 1.056 168.093 -0.528913 0.10949  0.0498415 -0.0527157 3
1388057668.501706256 -2.48087 -1.46549 1.057 167.989 -0.518222 0.097919  0 -0.0181009 3
1388057668.601993831 -2.5319 -1.45729 1.058 167.978 -0.508827 0.0816979  0 -0.0019143 3
1388057668.702268685 -2.58256 -1.45129 1.058 168.074 -0.505191 0.0598441  0 0.016709 3
1388057668.802558844 -2.63307 -1.44662 1.054 168.193 -0.503582 0.0466281  -0.0398843 0.0207096 3
1388057668.902846792 -2.68395 -1.44246 1.05 168.29 -0.50736 0.0414054  -0.0398852 0.0168811 3
1388057669.003125169 -2.7356 -1.43842 1.047 168.377 -0.515119 0.0403571  -0.0299167 0.0151422 3
1388057669.103420790 -2.78807 -1.43361 1.043 168.439 -0.523171 0.0478883  -0.0398821 0.0107892 3
1388057669.203714524 -2.84144 -1.42739 1.038 168.531 -0.532069 0.0620305  -0.0498536 0.0160098 3
1388057669.213348033 -2.84658 -1.42678 1.038 168.522 -0.533521 0.063391  0 -0.016307 3
1388057669.413542588 -2.95731 -1.40849 1.027 168.523 -0.553143 0.0913879  -0.0549465 8.73e-05 3
1388057669.513847114 -3.01355 -1.3978 1.017 168.534 -0.560613 0.106563  -0.0996964 0.00191398 3
1388057669.614134836 -3.06996 -1.38622 1.012 168.62 -0.562552 0.115452  -0.0498566 0.0149668 3
1388057669.714412778 -3.12622 -1.37436 1.003 168.736 -0.561035 0.118265  -0.0897505 0.0201896 3
1388057669.814708449 -3.18177 -1.36304 1.006 168.983 -0.553813 0.112902  0.0299116 0.0429825 3
1388057669.914984296 -3.23618 -1.35289 1.003 169.276 -0.542591 0.101156  -0.0299175 0.0509977 3
1388057670.015295850 -3.28905 -1.34385 0.997 169.53 -0.527081 0.0901636  -0.0598136 0.0441936 3
1388057670.115575064 -3.34078 -1.33566 0.992 169.845 -0.51583 0.0816178  -0.0498608 0.0548246 3
1388057670.215839190 -3.39192 -1.32833 0.992 170.184 -0.510094 0.0731642  0 0.0590109 3
1388057670.316139328 -3.44241 -1.32163 0.987 170.441 -0.503358 0.0667858  -0.0498504 0.0447207 3
1388057670.413231714 -3.49093 -1.31536 0.986 170.697 -0.499752 0.0645823  -0.0102995 0.0460186 3
1388057670.613573228 -3.56914 -1.32361 0.981 170.986 -0.390414 -0.0411728  -0.0249574 0.025177 3
1388057670.713852736 -3.58627 -1.34645 0.984 171.155 -0.170732 -0.22783  0.0299164 0.029414 3
1388057670.814137708 -3.59866 -1.36884 0.982 171.241 -0.123622 -0.223187  -0.0199432 0.0149673 3
1388057670.914400000 -3.61227 -1.39519 0.981 171.275 -0.135724 -0.262867  0 0.00591833 3
1388057671.014691163 -3.62311 -1.39067 0.978 171.166 -0.108082 0.0450738  -0.0299129 -0.0189687 3
1388057671.114966907 -3.6312 -1.37965 0.976 170.943 -0.0806344 0.109926  -0.019945 -0.0388137 3
1388057671.215256555 -3.64155 -1.37561 0.977 170.584 -0.103211 0.0402231  0 -0.0624766 3
1388057671.315523896 -3.65045 -1.37191 0.974 170.358 -0.088794 0.0368936  -0.02992 -0.0393392 3
1388057671.415796042 -3.66153 -1.37142 0.973 170.261 -0.110456 0  0 -0.0168838 3
1388057671.516074287 -3.67078 -1.36889 0.973 170.279 -0.0923293 0.025201  0 0.00313281 3
1388057671.613249930 -3.68096 -1.36859 0.975 170.228 -0.104678 0  0.0205813 -0.00915965 3
1388057671.813608035 -3.71061 -1.35613 0.972 170.15 -0.148026 0.0621923  -0.0149732 -0.00679471 3
1388057671.913898471 -3.81715 -1.3306 0.969 170.109 -1.06229 0.254484  -0.0299131 -0.00713519 3
1388057672.014192270 -3.93164 -1.30132 0.97 170.059 -1.14154 0.291925  0 -0.00870095 3
1388057672.114489362 -4.07237 -1.25443 0.968 169.95 -1.40308 0.467561  -0.0199408 -0.0189676 3
1388057672.214778052 -4.21987 -1.20459 0.97 169.944 -1.47082 0.496965  0.0199424 -0.00104427 3
1388057672.315049896 -4.36704 -1.1635 0.975 170.356 -1.46773 0.409741  0.0498644 0.0717127 3
1388057672.415342226 -4.508 -1.13096 0.982 171.011 -1.40549 0.324537  0.069796 0.113986 3
1388057672.515633333 -4.62313 -1.1024 0.995 171.875 -1.14791 0.284711  0.129623 0.150359 3
1388057672.615922362 -4.69383 -1.08016 1.002 172.833 -0.704935 0.22176  0.0697983 0.166721 3
1388057672.716188535 -4.73024 -1.06031 1.005 173.706 -0.36321 0.198024  0.0299204 0.151963 3
1388057672.813232324 -4.7373 -1.0455 1.006 174.416 -0.0727324 0.152538  0.0103046 0.127693 3
1388057673.013554852 -4.73644 -1.02453 0.986 176.15 0 0.104683  -0.099839 0.151076 3
1388057673.113851882 -4.7382 -1.01642 0.974 177.095 -0.0175227 0.0809046  -0.119645 0.164445 3
1388057673.214146509 -4.74603 -1.01061 0.97 177.942 -0.0780775 0.0578825  -0.0398825 0.147395 3
1388057673.493052771 -4.81546 -1.01338 0.976 -179.915 -0.248942 0  0.0215126 -22.3938 3
1388057673.593346763 -4.8613 -1.01587 0.976 -179.387 -0.45705 -0.0248943  0 0.0918833 3
1388057673.693637001 -4.91586 -1.01996 0.978 -179.066 -0.543978 -0.040804  0.0199421 0.0558629 3
1388057673.793924097 -4.99501 -1.03217 0.976 -178.89 -0.789269 -0.121717  -0.0199427 0.0306299 3
1388057673.894221738 -5.07652 -1.04412 0.974 -178.866 -0.812621 -0.119159  -0.0199406 0.00417639 3
1388057673.994514514 -5.15976 -1.06466 0.972 -179.051 -0.830051 -0.204806  -0.0199416 -0.0321943 3
1388057674.093253011 -5.23857 -1.08679 0.97 -179.223 -0.798154 -0.224111  -0.0202555 -0.0304033 3
1388057674.293558410 -5.37714 -1.12356 0.965 -179.783 -0.691795 -0.183579  -0.0249619 -0.0487947 3
1388057674.393861855 -5.4352 -1.13908 0.964 179.653 -0.578842 -0.154732  0 62.5436 3
1388057674.494168326 -5.47826 -1.1496 0.963 179.08 -0.429221 -0.104811  0 -0.0997019 3
1388057674.594474520 -5.51177 -1.15661 0.958 178.492 -0.334118 -0.0699512  -0.0498474 -0.102312 3
1388057674.694770914 -5.54036 -1.15379 0.952 177.898 -0.285039 0.0281629  -0.0598227 -0.103366 3
1388057674.795030949 -5.57 -1.14635 0.945 177.338 -0.29563 0.0741806  -0.0698184 -0.0974849 3
1388057674.895303779 -5.60023 -1.1354 0.943 176.871 -0.301464 0.109221  -0.0199456 -0.0812851 3
1388057674.995593729 -5.63894 -1.12283 0.941 176.558 -0.386025 0.125312  -0.0199422 -0.0544708 3
1388057675.095874803 -5.68246 -1.10965 0.94 176.467 -0.433981 0.131461  0 -0.0158381 3
1388057675.196155830 -5.7305 -1.09547 0.936 176.608 -0.478987 0.14136  -0.0398879 0.0245401 3
1388057675.293240976 -5.78325 -1.08451 0.938 176.804 -0.543378 0.112935  0.0206005 0.0352355 3
1388057675.493727607 -5.90518 -1.07736 0.935 177.076 -0.608186 0.0356747  -0.0149636 0.0236789 3
1388057675.594134418 -5.96119 -1.07674 0.935 177.205 -0.55778 0  0 0.0224235 3
1388057675.694442492 -6.01926 -1.07902 0.937 177.277 -0.57894 -0.0227191  0.0199386 0.0125279 3
1388057675.794732427 -6.07568 -1.08529 0.936 177.347 -0.562584 -0.062511  0 0.0121819 3
1388057675.895056296 -6.12863 -1.0908 0.939 177.322 -0.527772 -0.0549121  0.0299032 -0.00434917 3
1388057675.995339346 -6.17897 -1.09526 0.941 177.136 -0.501987 -0.0444415  0.0199435 -0.0323715 3
1388057676.095631782 -6.22717 -1.09904 0.945 176.822 -0.480587 -0.0377053  0.0398834 -0.0546436 3
1388057676.195925030 -6.27523 -1.09902 0.947 176.515 -0.479186 0  0.0199415 -0.053425 3
1388057676.296217839 -6.32387 -1.0951 0.95 176.214 -0.484954 0.0390715  0.0299124 -0.0523811 3
1388057676.396536602 -6.37328 -1.08794 0.954 175.98 -0.492537 0.0714479  0.0398729 -0.0407108 3
1388057676.493228431 -6.42258 -1.07888 0.957 175.84 -0.509877 0.0936839  0.0310264 -0.0252707 3
1388057676.693649930 -6.51863 -1.05968 0.954 175.572 -0.479273 0.0957669  -0.0149685 -0.0233382 3
1388057676.793939197 -6.56918 -1.04928 0.954 175.464 -0.503987 0.103753  0 -0.0187953 3
1388057676.894232566 -6.61918 -1.03966 0.953 175.467 -0.498584 0.0959458  0 0.000522112 3
1388057676.994538567 -6.67643 -1.03269 0.952 175.582 -0.5707 0.0694195  0 0.02001 3
1388057677.094826161 -6.73627 -1.02888 0.944 175.729 -0.596733 0.0379887  -0.0797706 0.0255828 3
1388057677.195105680 -6.79406 -1.02615 0.938 175.842 -0.576271 0.0272413  -0.0598328 0.0196672 3
1388057677.295380842 -6.84736 -1.02239 0.934 175.889 -0.531551 0.0374693  -0.0398902 0.00818053 3
1388057677.395666248 -6.89581 -1.0181 0.93 175.815 -0.483134 0.0427723  -0.0398862 -0.0128786 3
1388057677.495945095 -6.94132 -1.01021 0.928 175.753 -0.453806 0.0786845  -0.0199444 -0.010791 3
1388057677.596258891 -6.98603 -1.00104 0.926 175.636 -0.445661 0.0914075  -0.0199374 -0.0203564 3
1388057677.693264961 -7.03004 -0.990985 0.923 175.644 -0.45374 0.103702  -0.0309259 0.00143925 3
1388057677.893599883 -7.11124 -0.959701 0.918 175.595 -0.405293 0.156159  -0.0249582 -0.00426889 3
1388057677.993891223 -7.1516 -0.941794 0.91 175.628 -0.402434 0.17855  -0.0797676 0.00574285 3
1388057678.094183176 -7.19605 -0.923935 0.907 175.782 -0.443231 0.178069  -0.0299127 0.0267999 3
1388057678.194460199 -7.24158 -0.908446 0.904 176.017 -0.454068 0.154457  -0.0299171 0.0409019 3
1388057678.294730714 -7.28398 -0.896006 0.9 176.294 -0.422785 0.12407  -0.0398921 0.0482153 3
1388057678.395014534 -7.32971 -0.885746 0.901 176.626 -0.456103 0.102304  0 0.0577809 3
1388057678.495292272 -7.38032 -0.877901 0.906 176.918 -0.504661 0.0782399  0.0498615 0.0508224 3
1388057678.773212950 -7.53001 -0.873693 0.899 177.76 -0.538586 0.0151395  -0.025187 0.0528772 3
1388057678.873527084 -7.58477 -0.87433 0.903 178.044 -0.545882 0  0.0398747 0.0494122 3
1388057678.973385936 -7.63509 -0.876431 0.903 178.194 -0.504002 -0.0210389  0 0.0262169 3
1388057679.173813076 -7.73183 -0.889706 0.91 178.325 -0.482625 -0.0662333  0.0349254 0.0114075 3
1388057679.274140902 -7.77957 -0.895013 0.909 178.297 -0.475924 -0.0528951  0 -0.00487093 3
1388057679.374432295 -7.8274 -0.899532 0.909 178.262 -0.476892 -0.045062  0 -0.00609088 3
1388057679.574969030 -7.92313 -0.908321 0.909 178.26 -0.477374 -0.0438266  0 -0.000174053 3
1388057679.675381218 -7.969 -0.914394 0.912 177.906 -0.456817 -0.0604756  0.0298769 -0.061531 3
1388057679.775680005 -8.02109 -0.914607 0.905 177.145 -0.519271 0  -0.0697915 -0.132424 3
1388057679.875972372 -8.07208 -0.910268 0.894 176.942 -0.508484 0.0432598  -0.109679 -0.0353269 3
1388057679.976254409 -8.12261 -0.902988 0.893 176.47 -0.50381 0.0725977  0 -0.0821479 3
1388057680.076526746 -8.17399 -0.893079 0.892 175.68 -0.512409 0.0988205  0 -0.137507 3
1388057680.173406590 -8.22267 -0.88493 0.893 174.778 -0.502565 0.0841156  0.0103221 -0.162499 3
1388057680.373902123 -8.33506 -0.867691 0.897 172.403 -0.560559 0.0859845  0.0199506 -0.206746 3
1388057680.474210670 -8.38947 -0.858987 0.9 170.709 -0.542429 0.0867659  0.0299077 -0.294749 3
1388057680.574499709 -8.4434 -0.85051 0.9 170.594 -0.537743 0.0845259  0 -0.0200134 3
1388057680.674789519 -8.49897 -0.841968 0.903 165.733 -0.55406 0.0851786  0.0299133 -0.845953 3
1388057680.775081967 -8.55173 -0.826737 0.902 162.342 -0.526089 0.151865  0 -0.590115 3
1388057680.875361144 -8.59987 -0.806912 0.899 159.939 -0.480027 0.197693  -0.0299165 -0.418235 3
1388057680.975646235 -8.64226 -0.778618 0.895 156.339 -0.422693 0.282138  -0.0398863 -0.626532 3
1388057681.075932717 -8.67909 -0.743624 0.891 153.185 -0.367239 0.348939  -0.0398857 -0.548904 3
1388057681.176211259 -8.71127 -0.701017 0.888 150.191 -0.320939 0.424885  -0.0299167 -0.5211 3
1388057681.276510396 -8.73989 -0.654592 0.888 147.304 -0.28533 0.462865  0 -0.502374 3
1388057681.373416343 -8.76556 -0.605467 0.895 145.089 -0.264867 0.506933  0.072235 -0.398934 3
1388057681.573813124 -8.81055 -0.500398 0.888 139.254 -0.224509 0.524307  -0.0349307 -0.508192 3
1388057681.674096355 -8.83207 -0.445641 0.885 136.514 -0.214565 0.546021  -0.0299153 -0.47687 3
1388057681.774350083 -8.85109 -0.390653 0.883 134.12 -0.189768 0.548488  -0.0199494 -0.416775 3
1388057681.874606819 -8.86994 -0.336973 0.877 131.762 -0.188037 0.53543  -0.0598464 -0.410494 3
1388057681.974859105 -8.89296 -0.276994 0.879 129.268 -0.229592 0.598273  0.0199497 -0.43419 3
1388057682.075139739 -8.91357 -0.223233 0.865 126.645 -0.205513 0.536105  -0.139608 -0.456519 3
1388057682.175424449 -8.93502 -0.162558 0.865 123.868 -0.213867 0.605029  0 -0.483302 3
1388057682.275667506 -8.95402 -0.104116 0.866 120.966 -0.189588 0.583006  0 -0.505266 3
1388057682.375945394 -8.97136 -0.0436474 0.864 117.652 -0.172897 0.60301  -0.0199446 -0.5768 3
1388057682.476202792 -8.98708 0.0230847 0.857 114.218 -0.1568 0.665608  -0.0698203 -0.597807 3
1388057682.573398336 -8.99852 0.086279 0.853 111.501 -0.117657 0.650177  -0.0411542 -0.487889 3
1388057682.773802246 -9.00076 0.223291 0.853 103.74 -0.0111844 0.683678  0 -0.67591 3
1388057682.874075712 -8.99215 0.287639 0.858 99.14 0.0857961 0.641726  0.0498636 -0.800662 3
1388057682.974347008 -8.97587 0.350553 0.862 95.127 0.162419 0.627437  0.0398918 -0.698506 3
1388057683.074599671 -8.95383 0.415204 0.872 91.255 0.219802 0.64488  0.099748 -0.674089 3
1388057683.174851707 -8.92427 0.477809 0.881 87.352 0.294869 0.624479  0.0897737 -0.679489 3
1388057683.275103296 -8.8908 0.541743 0.885 83.812 0.333856 0.63773  0.0398996 -0.616296 3
1388057683.375359863 -8.85243 0.602337 0.892 80.518 0.382727 0.604397  0.0698209 -0.57344 3
1388057683.475613479 -8.8101 0.658814 0.898 77.318 0.422219 0.563335  0.0598482 -0.557092 3
1388057683.575864502 -8.76557 0.712264 0.907 74.239 0.444158 0.53316  0.0897746 -0.536042 3
1388057683.676116178 -8.71708 0.762358 0.912 71.249 0.483734 0.499686  0.0498745 -0.520543 3
1388057683.773391404 -8.67046 0.807913 0.916 68.952 0.4792 0.468311  0.0411204 -0.412131 3
1388057684.165874233 -8.50624 0.950877 0.922 57.814 0.418437 0.364256  0.0152873 -0.495295 3
1388057684.266244424 -8.46848 0.976487 0.916 54.673 0.376117 0.255158  -0.0597787 -0.546187 3
1388057684.366566524 -8.4335 0.999305 0.906 51.797 0.348703 0.227448  -0.0996789 -0.500344 3
1388057684.466914165 -8.39962 1.01911 0.899 49.378 0.337678 0.197336  -0.0697575 -0.420734 3
1388057684.567261051 -8.37021 1.0343 0.891 46.357 0.293036 0.15138  -0.0797235 -0.525441 3
1388057684.667607077 -8.33722 1.04853 0.884 43.846 0.328826 0.141851  -0.0697586 -0.436741 3
1388057684.767930534 -8.30537 1.05904 0.882 41.604 0.317433 0.104764  -0.0199355 -0.390042 3
1388057684.868249605 -8.27277 1.06457 0.881 39.445 0.324976 0.0551457  0 -0.375618 3
1388057684.968566909 -8.23517 1.07091 0.879 37.575 0.374835 0.0631623  -0.0199367 -0.325343 3
1388057685.068929988 -8.19699 1.07511 0.877 35.926 0.380363 0.0418461  -0.0199276 -0.286764 3
1388057685.166103417 -8.15953 1.07568 0.873 34.256 0.385531 0  -0.0411635 -0.299948 3
1388057685.266047788 -8.11812 1.07707 0.871 33.232 0.414355 0.0139158  -0.0200111 -0.178822 3
1388057685.366058209 -8.07571 1.07921 0.871 31.178 0.423975 0.0213923  0 -0.358453 3
1388057685.466072371 -8.03311 1.07843 0.867 29.614 0.425994 0  -0.0399943 -0.27293 3
1388057685.566052267 -7.98493 1.07915 0.866 28.054 0.481858 0  -0.010002 -0.272328 3
1388057685.666099293 -7.93389 1.08275 0.861 26.613 0.510153 0.0359748  -0.0499765 -0.251383 3
1388057685.766048398 -7.88755 1.08275 0.86 25.222 0.463675 0  -0.0100051 -0.242897 3
1388057685.866101329 -7.84014 1.08279 0.858 24.004 0.47387 0  -0.0199894 -0.212469 3
1388057685.966051626 -7.78792 1.09032 0.845 22.247 0.522453 0.0753427  -0.130065 -0.306808 3
1388057686.066049136 -7.73588 1.09961 0.85 20.8 0.520339 0.0928674  0.0500012 -0.252557 3
1388057686.166072423 -7.68568 1.10684 0.848 19.327 0.501961 0.0722526  -0.0199953 -0.257026 3
1388057686.366571229 -7.57575 1.11202 0.841 16.243 0.548252 0.0258755  -0.0349129 -0.26846 3
1388057686.466864187 -7.51952 1.11303 0.835 14.62 0.560721 0.0100034  -0.0598247 -0.28244 3
1388057686.567138130 -7.46783 1.11243 0.831 13.508 0.515452 0  -0.0398907 -0.19355 3
1388057686.667387704 -7.41927 1.11059 0.826 12.429 0.484405 -0.018341  -0.0498755 -0.187854 3
1388057686.767641057 -7.37069 1.10509 0.828 11.382 0.484609 -0.0549199  0.0199495 -0.182274 3
1388057686.867895135 -7.32489 1.09645 0.825 10.489 0.456844 -0.0861516  -0.029924 -0.155461 3
1388057686.968158221 -7.28261 1.08545 0.824 9.58699 0.421662 -0.109755  0 -0.157017 3
1388057687.068411927 -7.23952 1.07044 0.83 8.80399 0.429745 -0.14972  0.0598482 -0.136314 3
1388057687.168667735 -7.1949 1.0508 0.831 8.14999 0.445145 -0.19587  0 -0.113852 3
1388057687.268923216 -7.15146 1.03075 0.836 7.74199 0.43329 -0.199941  0.0498726 -0.0710288 3
1388057687.366134539 -7.1073 1.01112 0.84 7.44899 0.454189 -0.201962  0.0411475 -0.052605 3
1388057687.566424800 -7.0158 0.969192 0.848 6.295 0.456844 -0.20934  0.039942 -0.100559 3
1388057687.666820277 -6.9664 0.953489 0.851 2.314 0.492101 -0.156412  0.0298818 -0.692079 3
1388057687.767123322 -6.91898 0.937948 0.861 -1.87801 0.472734 -0.15494  0.0996979 -0.729432 3
1388057687.867417122 -6.88197 0.91796 0.873 -6.39801 0.369065 -0.199299  0.119648 -0.786579 3
1388057687.967710947 -6.85734 0.89402 0.875 -9.873 0.245585 -0.238693  0.0199414 -0.604723 3
1388057688.068008072 -6.85787 0.860714 0.882 -15.798 0 -0.332076  0.0697926 -1.03104 3
1388057688.168385230 -6.87926 0.822857 0.876 -20.176 -0.213081 -0.377146  -0.0597746 -0.761235 3
1388057688.268709474 -6.91704 0.781653 0.868 -24.426 -0.376611 -0.410711  -0.0797414 -0.739368 3
1388057688.369021036 -6.96284 0.731242 0.846 -28.565 -0.456557 -0.502549  -0.219317 -0.720147 3
1388057688.469334891 -7.01368 0.668078 0.833 -32.829 -0.506815 -0.629662  -0.129593 -0.741881 3
1388057688.566093442 -7.06214 0.598833 0.817 -37.039 -0.500828 -0.715645  -0.16536 -0.759398 3
1388057688.766408031 -7.16989 0.450708 0.799 -45.868 -0.53791 -0.739461  -0.0898587 -0.769266 3
1388057688.866697678 -7.2197 0.373857 0.798 -50.443 -0.49669 -0.766295  0 -0.796183 3
1388057688.966984065 -7.27249 0.306463 0.799 -54.71 -0.526397 -0.672013  0 -0.742605 3
1388057689.067264149 -7.32312 0.245328 0.804 -57.406 -0.504894 -0.60964  0.0498603 -0.469226 3
1388057689.353884705 -7.44647 0.146706 0.794 -70.501 -0.430358 -0.344085  -0.0348893 -0.797399 3
1388057689.465614087 -7.48725 0.0994946 0.795 -75.266 -0.364981 -0.422553  0 -0.744343 3
1388057689.565904410 -7.52114 0.0647513 0.804 -78.949 -0.337852 -0.346428  0.0897395 -0.640944 3
1388057689.666205850 -7.56571 0.0354037 0.815 -82.969 -0.444393 -0.292593  0.109669 -0.699514 3
1388057689.765480054 -7.60583 -0.00270701 0.823 -86.809 -0.404118 -0.383894  0.0805849 -0.675106 3
1388057689.965842911 -7.70882 -0.0771215 0.817 -94.851 -0.514012 -0.371399  -0.0299457 -0.700526 3
1388057690.066173913 -7.75665 -0.119567 0.82 -99.256 -0.476744 -0.42306  0.029901 -0.766281 3
1388057690.166464687 -7.81607 -0.143651 0.829 -102.439 -0.592511 -0.240139  0.0897391 -0.553929 3
1388057690.266748900 -7.88123 -0.162876 0.84 -106.096 -0.649747 -0.191703  0.109688 -0.636458 3
1388057690.367048321 -7.93847 -0.171379 0.852 -109.186 -0.570696 -0.0847753  0.119642 -0.537697 3
1388057690.467351387 -8.01128 -0.177308 0.864 -112.028 -0.725842 -0.0591093  0.119637 -0.494524 3
1388057690.567751497 -8.08563 -0.184524 0.876 -115.19 -0.740538 -0.0718719  0.119522 -0.549674 3
1388057690.668075755 -8.16284 -0.19467 0.882 -119.13 -0.769616 -0.101137  0.0598061 -0.685438 3
1388057690.768370631 -8.23776 -0.208127 0.896 -123.1 -0.746987 -0.134172  0.139588 -0.690858 3
1388057690.868665410 -8.3106 -0.216914 0.901 -127.169 -0.726289 -0.0876171  0.049853 -0.708087 3
1388057690.965518222 -8.37717 -0.22302 0.897 -130.912 -0.687377 -0.0630347  -0.0412998 -0.674505 3
1388057691.166082179 -8.49581 -0.221547 0.904 -139.727 -0.591532 0  0.0349016 -0.767091 3
1388057691.266415778 -8.55033 -0.216308 0.912 -143.876 -0.543329 0.0522203  0.079734 -0.721729 3
1388057691.366771138 -8.59797 -0.204134 0.915 -148.284 -0.474677 0.121308  0.0298938 -0.766617 3
1388057691.467089692 -8.64091 -0.187391 0.92 -153.01 -0.42806 0.166904  0.0498412 -0.822223 3
1388057691.567398050 -8.68196 -0.16409 0.922 -156.815 -0.409304 0.232291  0.0199385 -0.662056 3
1388057691.667700592 -8.71263 -0.134819 0.918 -161.748 -0.305701 0.291826  -0.0398793 -0.858374 3
1388057691.768008590 -8.73988 -0.10153 0.916 -165.111 -0.271665 0.331864  -0.0199386 -0.585152 3
1388057691.868321272 -8.76256 -0.0631976 0.919 -171.131 -0.226081 0.382131  0.0299065 -1.04741 3
1388057691.968638244 -8.78071 -0.0157977 0.909 -175.547 -0.180991 0.472502  -0.099684 -0.768302 3
1388057692.068985107 -8.79709 0.0314425 0.905 -179.927 -0.163242 0.470769  -0.0398617 -0.761812 3
1388057692.165507562 -8.8092 0.0798929 0.902 176.53 -0.125416 0.50196  -0.0310809 64.4549 3
1388057692.365908240 -8.82422 0.17999 0.901 167.755 -0.0749547 0.499486  0 -0.764232 3
1388057692.466209520 -8.8307 0.235173 0.903 162.682 -0.0645949 0.550166  0.0199399 -0.882746 3
1388057692.566467278 -8.83656 0.291142 0.904 158.099 -0.0584219 0.558251  0 -0.797828 3
1388057692.666756276 -8.83952 0.339259 0.904 153.709 -0.0295145 0.479782  0 -0.763992 3
1388057692.767044501 -8.84786 0.415322 0.915 149.292 -0.083248 0.758444  0.109684 -0.768696 3
1388057692.867325964 -8.85369 0.496884 0.907 144.835 -0.0580458 0.813336  -0.0797755 -0.77571 3
1388057692.967572509 -8.85542 0.579858 0.906 140.57 -0.0172961 0.827703  0 -0.742552 3
1388057693.067818106 -8.85632 0.674886 0.906 135.769 0 0.947945  0 -0.835879 3
1388057693.168061930 -8.84843 0.763763 0.9 131.124 0.078683 0.886615  -0.0598541 -0.808734 3
1388057693.268312641 -8.83183 0.845463 0.903 126.315 0.165647 0.814951  0.029925 -0.83723 3
1388057693.365489374 -8.80818 0.907806 0.902 121.397 0.243344 0.641548  -0.0102905 -0.88329 3
1388057693.566146508 -8.7315 0.988664 0.904 112.754 0.382168 0.402962  0 -0.751774 3
1388057693.666503035 -8.69083 1.00862 0.904 106.023 0.405196 0.198823  0 -1.17061 3
1388057693.766799794 -8.65085 1.01586 0.909 100.838 0.398588 0.0722466  0.0498521 -0.902277 3
1388057693.867053090 -8.61521 1.01636 0.907 95.741 0.355498 0  -0.0199495 -0.887347 3
1388057693.967352774 -8.5822 1.02231 0.908 90.791 0.32918 0.0592708  0 -0.861356 3
1388057694.067609655 -8.54795 1.0298 0.908 85.842 0.341604 0.0747128  0 -0.86155 3
1388057694.167854507 -8.51191 1.04367 0.909 81.99 0.359484 0.138344  0 -0.67066 3
1388057694.268100111 -8.4657 1.04604 0.902 77.4 0.460966 0.0237236  -0.0698285 -0.799143 3
1388057694.368339876 -8.41407 1.05482 0.899 72.636 0.51514 0.0875278  -0.0299282 -0.829486 3
1388057694.654411371 -8.21639 1.07456 0.902 60.571 0.690987 0.0690085  0.0104869 -0.736089 3
1388057694.674184646 -8.20262 1.07591 0.901 59.917 0.696541 0.0684201  -0.0505733 -0.577266 3
1388057694.874887049 -8.04304 1.07292 0.885 51.651 0.795127 -0.014902  -0.07972 -0.718821 3
1388057694.974370751 -7.95694 1.06617 0.879 47.059 0.865446 -0.0678999  -0.0603114 -0.805614 3
1388057695.074331056 -7.864 1.03913 0.877 48.778 0.929797 -0.270502  -0.0200079 0.300143 3
1388057695.174318760 -7.77216 1.00453 0.869 53.243 0.918526 -0.346023  -0.0800098 0.779385 8
1388057695.274326934 -7.68129 0.967939 0.877 56.605 0.908587 -0.365859  0.0799935 0.586732 8
1388057695.374254472 -7.59521 0.938538 0.9 58.92 0.86142 -0.294224  0.230167 0.404337 8
1388057695.474274897 -7.51776 0.909168 0.902 60.564 0.774377 -0.293637  0.0199959 0.286873 8
1388057695.574266886 -7.4519 0.888925 0.902 61.759 0.658588 -0.202446  0 0.208584 8
1388057695.674250131 -7.39984 0.879386 0.895 62.654 0.520755 -0.0954124  -0.0700117 0.156233 8
1388057695.774270066 -7.35371 0.874474 0.896 63.07 0.461167 -0.0491106  0 0.0725913 8
1388057695.874320330 -7.32621 0.877746 0.888 63.956 0.27487 0.0327026  -0.0799598 0.154559 8
1388057695.974316905 -7.30894 0.882489 0.878 64.229 0.172676 0.0474398  -0.100003 0.0476496 4
1388057696.074314651 -7.29888 0.887569 0.866 64.428 0.100611 0.0507946  -0.120003 0.0347324 4
1388057696.174318375 -7.29188 0.89091 0.846 64.641 0.0700264 0.0334124  -0.199993 0.0371737 4
1388057696.274307643 -7.2857 0.892775 0.835 64.888 0.0618182 0.0186558  -0.110012 0.0431145 4
1388057696.374241539 -7.27968 0.892851 0.824 65.031 0.0602293 0  -0.110073 0.0249743 4
1388057696.474274848 -7.27371 0.891488 0.813 65.327 0.0596983 -0.0136322  -0.109963 0.0516455 9
1388057696.574260678 -7.26978 0.892803 0.786 65.497 0.0392325 0.0131566  -0.270038 0.0296745 9
1388057696.674245683 -7.26864 0.89655 0.739 65.543 0.0113947 0.0374772  -0.47007 0.0080293 9
1388057696.774249762 -7.27019 0.902846 0.674 65.507 -0.0154269 0.0629509  -0.649973 -0.00628214 9
1388057696.874251294 -7.27143 0.910402 0.604 65.429 -0.012429 0.0755622  -0.699989 -0.0136139 9
1388057696.974322227 -7.27028 0.914731 0.524 65.246 0.0114997 0.0432585  -0.799433 -0.0319167 9
1388057697.074269212 -7.26821 0.921067 0.479 65.222 0.0206875 0.0633909  -0.450239 -0.00419137 9
1388057697.174319155 -7.26219 0.935652 0.364 65.071 0.0601714 0.145779  -1.14943 -0.0263415 9
1388057697.274315237 -7.25359 0.955784 0.286 65.035 0.0859781 0.201332  -0.780031 -0.00628264 9
1388057697.374293885 -7.24341 0.981659 0.207 65.061 0.101909 0.258806  -0.790169 0.00453766 9
1388057697.474269807 -7.23449 1.02074 0.134 65.068 0.0892031 0.390885  -0.730176 0.00122269 9
1388057697.574311094 -7.22806 1.05611 0.079 65.065 0.0642165 0.35358  -0.549773 -0.000523095 9
1388057697.674312522 -7.23161 1.06528 0.015 65.046 -0.035467 0.0916928  -0.639991 -0.00331692 9
1388057697.774270629 -7.23701 1.07331 -0.063 64.729 -0.0540758 0.080374  -0.780327 -0.055349 9
1388057697.874276284 -7.23701 1.07331 0 62.993 0 0  0.629964 -0.302972 2
1388057697.974282196 -7.23701 1.07331 0 62.906 0 0  0 -0.0151844 2
1388057698.074296263 -7.23701 1.07331 0 62.891 0 0  0 -0.00261752 2
1388057698.174257459 -7.23701 1.07331 0 62.884 0 0  0 -0.00122153 2
1388057698.274324208 -7.23701 1.07331 0 62.884 0 0  0 0 2
1388057698.374245926 -7.23701 1.07331 0 62.88 0 0  0 -0.000699627 2
1388057698.474275650 -7.23701 1.07331 0 62.874 0 0  0 -0.00104631 2
1388057698.574319781 -7.23701 1.07331 0 62.871 0 0  0 -0.00052308 2
1388057698.674264784 -7.23701 1.07331 0 62.867 0 0  0 -0.000699464 2
1388057698.774277741 -7.23701 1.07331 0 62.865 0 0  0 -0.000348829 2
1388057698.874275962 -7.23701 1.07331 0 62.861 0 0  0 -0.000697761 2
1388057698.974317517 -7.23701 1.07331 0 62.857 0 0  0 -0.000697458 2
1388057699.074249442 -7.23701 1.07331 0 62.852 0 0  0 -0.000874112 2
1388057699.174250425 -7.23701 1.07331 0 62.847 0 0  0 -0.000872177 2
1388057699.274252493 -7.23701 1.07331 0 62.842 0 0  0 -0.000872167 2
1388057699.374255267 -7.23701 1.07331 0 62.838 0 0  0 -0.00069906 2
1388057699.474269476 -7.23701 1.07331 0 62.833 0 0  0 -0.000872061 2
1388057699.574306435 -7.23701 1.07331 0 62.827 0 0  0 -0.00104624 2
1388057699.674244204 -7.23701 1.07331 0 62.822 0 0  0 -0.000874061 2
1388057699.988199470 -7.23701 1.07331 0 62.803 0 0  0 -0.00105609 2
1388057700.088349634 -7.23701 1.07331 0 62.796 0 0  0 -0.00122056 2
1388057700.188360394 -7.23701 1.07331 0 62.793 0 0  0 -0.000523255 2
1388057700.288407102 -7.23701 1.07331 0 62.79 0 0  0 -0.000523067 2
1388057700.388403839 -7.23701 1.07331 0 62.788 0 0  0 -0.000348885 2
1388057700.488359113 -7.23701 1.07331 0 62.781 0 0  0 -0.00122294 2
1388057700.588427733 -7.23701 1.07331 0 62.777 0 0  0 -0.00069727 2
1388057700.688347553 -7.23701 1.07331 0 62.774 0 0  0 -0.000523731 2
1388057700.788398708 -7.23701 1.07331 0 62.77 0 0  0 -0.000698722 2
1388057700.888400914 -7.23701 1.07331 0 62.767 0 0  0 -0.0005233 2
1388057700.988374332 -7.23701 1.07331 0 62.766 0 0  0 -0.000174483 2
1388057701.088413434 -7.23701 1.07331 0 62.764 0 0  0 -0.000348738 2
1388057701.188350700 -7.23701 1.07331 0 62.762 0 0  0 -0.000349093 2
1388057701.288412639 -7.23701 1.07331 0 62.758 0 0  0 -0.000697316 2
1388057701.388348946 -7.23701 1.07331 0 62.752 0 0  0 -0.00104862 2
1388057701.488405537 -7.23701 1.07331 0 62.748 0 0  0 -0.000697354 2
1388057701.588401730 -7.23701 1.07331 0 62.742 0 0  0 -0.00104799 2
1388057701.688354650 -7.23701 1.07331 0 62.742 0 0  0 0 2
1388057701.788366057 -7.23701 1.07331 0 62.735 0 0  0 -0.00122092 2
1388057701.888343865 -7.23701 1.07331 0 62.73 0 0  0 -0.000872379 2
1388057701.988431380 -7.23701 1.07331 0 62.727 0 0  0 -0.000524184 2
1388057702.088401473 -7.23701 1.07331 0 62.723 0 0  0 -0.000697957 2
1388057702.188370290 -7.23701 1.07331 0 62.718 0 0  0 -0.000872457 2
1388057702.288381429 -7.23701 1.07331 0 62.715 0 0  0 -0.000523253 2
1388057702.388395194 -7.23701 1.07331 0 62.71 0 0  0 -0.000873397 2
1388057702.488396321 -7.23701 1.07331 0 62.706 0 0  0 -0.00069774 2
1388057702.588427784 -7.23701 1.07331 0 62.702 0 0  0 -0.000697529 2
1388057702.688352064 -7.23701 1.07331 0 62.694 0 0  0 -0.00139789 2
1388057702.788407214 -7.23701 1.07331 0 62.688 0 0  0 -0.00104605 2
1388057702.888402662 -7.23701 1.07331 0 62.682 0 0  0 -0.001048 2
1388057702.988368945 -7.23701 1.07331 0 62.677 0 0  0 -0.000872479 2
1388057703.088405425 -7.23701 1.07331 0 62.674 0 0  0 -0.00052312 2
1388057703.188416672 -7.23701 1.07331 0 62.668 0 0  0 -0.00104784 2
1388057703.288415263 -7.23701 1.07331 0 62.661 0 0  0 -0.00122108 2
1388057703.388409976 -7.23701 1.07331 0 62.635 0 0  0 -0.00453827 2
1388057703.488405299 -7.23701 1.07331 0 62.655 0 0  0 0.00349024 2
1388057703.588363636 -7.23701 1.07331 0 60.78 0 0  0 -0.327386 2
1388057703.688348516 -7.23701 1.07331 0 56.524 0 0  0 -0.742925 2
1388057703.788387795 -7.23701 1.07331 0 51.341 0 0  0 -0.904249 2
1388057703.888362438 -7.23701 1.07331 0 46.25 0 0  0 -0.88877 2
1388057703.988377897 -7.23701 1.07331 0 42.088 0 0  0 -0.726294 2
1388057704.088368951 -7.23701 1.07331 0 40.611 0 0  0 -0.257809 2
1388057704.188370286 -7.23701 1.07331 0 40.904 0 0  0 0.0511373 2
1388057704.288359104 -7.23701 1.07331 0 41.923 0 0  0 0.177868 2
1388057704.388369703 -7.23701 1.07331 0 46.693 0 0  0 0.832435 2
1388057704.488411613 -7.23701 1.07331 0 49.517 0 0  0 0.492675 2
1388057704.588387184 -7.23701 1.07331 0 48.681 0 0  0 -0.145945 2
1388057704.688371368 -7.23701 1.07331 0 44.981 0 0  0 -0.645876 2
1388057704.788352618 -7.23701 1.07331 0 42.339 0 0  0 -0.461202 2
1388057704.888354963 -7.23701 1.07331 0 38.231 0 0  0 -0.716965 2
1388057704.988411639 -7.23701 1.07331 0 34.403 0 0  0 -0.667731 2
1388057705.280373340 -7.23701 1.07331 0 20.239 0 0  0 -0.846715 2
1388057705.292391349 -7.23701 1.07331 0 20.148 0 0  0 -0.132161 2
1388057705.392547638 -7.23701 1.07331 0 23.192 0 0  0 0.530448 2
1388057705.492496609 -7.23701 1.07331 0 26.87 0 0  0 0.642261 2
1388057705.592497144 -7.23701 1.07331 0 30.806 0 0  0 0.686959 2
1388057705.692537563 -7.23701 1.07331 0 32.673 0 0  0 0.325719 2
1388057705.792534423 -7.23701 1.07331 0 32.445 0 0  0 -0.0397942 2
1388057705.892471376 -7.23701 1.07331 0 31.227 0 0  0 -0.212716 2
1388057705.992494882 -7.23701 1.07331 0 26.585 0 0  0 -0.809991 2
1388057706.092488503 -7.23701 1.07331 0 20.702 0 0  0 -1.02684 2
1388057706.192479479 -7.23701 1.07331 0 16.275 0 0  0 -0.772727 2
1388057706.292478278 -7.23701 1.07331 0 15.67 0 0  0 -0.105593 2
1388057706.392529331 -7.23701 1.07331 0 20.234 0 0  0 0.796161 2
1388057706.492479313 -7.23701 1.07331 0 25.725 0 0  0 0.958839 2
1388057706.592478950 -7.23701 1.07331 0 30.992 0 0  0 0.919268 2
1388057706.692530004 -7.23701 1.07331 0 34.797 0 0  0 0.66376 2
1388057706.792475129 -7.23701 1.07331 0 35.182 0 0  0 0.0672311 2
1388057706.892477947 -7.23701 1.07331 0 34.917 0 0  0 -0.0462498 2
1388057706.992533794 -7.23701 1.07331 0 31.679 0 0  0 -0.564823 2
1388057707.092472424 -7.23701 1.07331 0 25.621 0 0  0 -1.05797 2
1388057707.192531397 -7.23701 1.07331 0 21.091 0 0  0 -0.790168 2
1388057707.292472069 -7.23701 1.07331 0 20.305 0 0  0 -0.137264 2
1388057707.392530783 -7.23701 1.07331 0 23.322 0 0  0 0.526257 2
1388057707.492504899 -7.23701 1.07331 0 27.62 0 0  0 0.750337 2
1388057707.592475354 -7.23701 1.07331 0 30.73 0 0  0 0.542958 2
1388057707.692505049 -7.23701 1.07331 0 33.001 0 0  0 0.396246 2
1388057707.792476740 -7.23701 1.07331 0 32.982 0 0  0 -0.00331657 2
1388057707.892514984 -7.23701 1.07331 0 30.839 0 0  0 -0.373882 2
1388057707.992468193 -7.23701 1.07331 0 26.819 0 0  0 -0.701952 2
1388057708.092524361 -7.23701 1.07331 0 22.202 0 0  0 -0.805364 2
1388057708.192465476 -7.23701 1.07331 0 18.39 0 0  0 -0.665711 2
1388057708.292502415 -7.23701 1.07331 0 15.908 0 0  0 -0.433032 2
1388057708.392469883 -7.23701 1.07331 0 15.918 0 0  0 0.0017476 2
1388057708.492535200 -7.23701 1.07331 0 16.639 0 0  0 0.125755 2
1388057708.592472010 -7.23701 1.07331 0 16.781 0 0  0 0.024799 2
1388057708.692527277 -7.23701 1.07331 0 15.902 0 0  0 -0.153329 2
1388057708.792474332 -7.23701 1.07331 0 16.451 0 0  0 0.0958686 2
1388057708.892500816 -7.23701 1.07331 0 16.989 0 0  0 0.0938755 2
1388057708.992547825 -7.23701 1.07331 0 17.098 0 0  0 0.019014 2
1388057709.092471690 -7.23701 1.07331 0 18.081 0 0  0 0.171697 2
1388057709.192539367 -7.23701 1.07331 0 19.459 0 0  0 0.240345 2
1388057709.292485347 -7.23701 1.07331 0 18.261 0 0  0 -0.209206 2
1388057709.392477400 -7.23701 1.07331 0 17.516 0 0  0 -0.130037 2
1388057709.492490647 -7.23701 1.07331 0 17.74 0 0  0 0.03909 2
1388057709.592478276 -7.23701 1.07331 0 18.485 0 0  0 0.130042 2
1388057709.692477011 -7.23701 1.07331 0 17.529 0 0  0 -0.166854 2
1388057709.792477912 -7.23701 1.07331 0 16.838 0 0  0 -0.1206 2
1388057709.892490945 -7.23701 1.07331 0 17.812 0 0  0 0.169973 2
1388057709.992544641 -7.23701 1.07331 0 18.219 0 0  0 0.0709964 2
1388057710.092528726 -7.23701 1.07331 0 18.323 0 0  0 0.018155 2
1388057710.192533632 -7.23701 1.07331 0 19.8 0 0  0 0.257771 2
1388057710.292472232 -7.23701 1.07331 0 20.321 0 0  0 0.0909895 2
1388057710.572480620 -7.23701 1.07331 0 19.23 0 0  0 -0.0680037 2
1388057710.592950844 -7.23701 1.07331 0 19.026 0 0  0 -0.173943 2
1388057710.693020207 -7.23701 1.07331 0 18.922 0 0  0 -0.0181369 2
1388057710.793028441 -7.23701 1.07331 0 18.906 0 0  0 -0.00279343 2
1388057710.893015638 -7.23701 1.07331 0 18.882 0 0  0 -0.00418969 2
1388057710.993077031 -7.23701 1.07331 0 18.874 0 0  0 -0.00139464 2
1388057711.093028637 -7.23701 1.07331 0 18.852 0 0  0 -0.00384214 2
1388057711.193069656 -7.23701 1.07331 0 18.822 0 0  0 -0.00523363 2
1388057711.293083269 -7.23701 1.07331 0 18.805 0 0  0 -0.00296636 2
1388057711.393021379 -7.23701 1.07331 0 18.782 0 0  0 -0.00401587 2
1388057711.493083655 -7.23701 1.07331 0 18.331 0 0  0 -0.0786661 2
1388057711.593022114 -7.23701 1.07331 0 18.101 0 0  0 -0.0401665 2
1388057711.693044763 -7.23701 1.07331 0 18.16 0 0  0 0.0102934 2
1388057711.793028537 -7.23701 1.07331 0 18.15 0 0  0 -0.00174465 2
1388057711.893082908 -7.23701 1.07331 0 18.154 0 0  0 0.000697369 2
1388057711.993025697 -7.23701 1.07331 0 18.172 0 0  0 0.00314433 2
1388057712.093079309 -7.23701 1.07331 0 18.166 0 0  0 -0.00104872 2
1388057712.193020480 -7.23701 1.07331 0 18.137 0 0  0 -0.00506298 2
1388057712.293078669 -7.23701 1.07331 0 18.129 0 0  0 -0.00139468 2
1388057712.393070730 -7.23701 1.07331 0 18.119 0 0  0 -0.00174717 2
1388057712.493083962 -7.23701 1.07331 0 18.11 0 0  0 -0.00157106 2
1388057712.593082689 -7.23701 1.07331 0 18.105 0 0  0 -0.000870865 2
1388057712.693033245 -7.23701 1.07331 0 18.1 0 0  0 -0.000873949 2
1388057712.793026289 -7.23701 1.07331 0 18.093 0 0  0 -0.00122248 2
1388057712.893028608 -7.23701 1.07331 0 18.086 0 0  0 -0.0012197 2
1388057712.993028990 -7.23701 1.07331 0 18.079 0 0  0 -0.00122239 2
1388057713.093029602 -7.23701 1.07331 0 18.072 0 0  0 -0.00122238 2
1388057713.193026956 -7.23701 1.07331 0 18.066 0 0  0 -0.00104665 2
1388057713.293079982 -7.23701 1.07331 0 18.062 0 0  0 -0.000697378 2
1388057713.393034624 -7.23701 1.07331 0 18.057 0 0  0 -0.000873913 2
1388057713.493086709 -7.23701 1.07331 0 18.049 0 0  0 -0.00139477 2
1388057713.593038339 -7.23701 1.07331 0 18.043 0 0  0 -0.00104713 2
1388057713.693079597 -7.23701 1.07331 0 18.038 0 0  0 -0.000873157 2
1388057713.793024498 -7.23701 1.07331 0 18.032 0 0  0 -0.0010472 2
1388057713.893091210 -7.23701 1.07331 0 18.027 0 0  0 -0.000872934 2
1388057713.993071000 -7.23701 1.07331 0 18.022 0 0  0 -0.000873693 2
1388057714.093024009 -7.23701 1.07331 0 18.015 0 0  0 -0.0012203 2
1388057714.193078994 -7.23701 1.07331 0 18.01 0 0  0 -0.000873037 2
1388057714.293035281 -7.23701 1.07331 0 18.006 0 0  0 -0.000698053 2
1388057714.393078974 -7.23701 1.07331 0 17.998 0 0  0 -0.00139755 2
1388057714.493022787 -7.23701 1.07331 0 17.992 0 0  0 -0.00104721 2
1388057714.593035993 -7.23701 1.07331 0 17.984 0 0  0 -0.00139531 2
1388057714.693077778 -7.23701 1.07331 0 17.979 0 0  0 -0.000873152 2
1388057714.793022408 -7.23701 1.07331 0 17.973 0 0  0 -0.0010472 2
1388057714.893079429 -7.23701 1.07331 0 17.968 0 0  0 -0.000873019 2
1388057714.993029179 -7.23701 1.07331 0 17.963 0 0  0 -0.000871292 2
1388057715.093078903 -7.23701 1.07331 0 17.957 0 0  0 -0.00104876 2
1388057715.193080149 -7.23701 1.07331 0 17.951 0 0  0 -0.00104661 2
1388057715.293022584 -7.23701 1.07331 0 17.944 0 0  0 -0.0012231 2
1388057715.393031173 -7.23701 1.07331 0 17.939 0 0  0 -0.000870779 2
1388057715.493077744 -7.23701 1.07331 0 17.936 0 0  0 -0.000524399 2
1388057715.593072048 -7.23701 1.07331 0 17.931 0 0  0 -0.000870903 2
1388057715.872918501 -7.23701 1.07331 0 17.919 0 0  0 -0.000748949 2
1388057715.893448544 -7.23701 1.07331 0 17.918 0 0  0 -0.000843181 2
1388057715.993536475 -7.23701 1.07331 0 17.913 0 0  0 -0.000872749 2
1388057716.093595970 -7.23701 1.07331 0 17.91 0 0  0 -0.000524331 2
1388057716.193533307 -7.23701 1.07331 0 17.906 0 0  0 -0.000698186 2
1388057716.293561276 -7.23701 1.07331 0 17.903 0 0  0 -0.000521834 2
1388057716.393598500 -7.23701 1.07331 0 17.895 0 0  0 -0.00139764 2
1388057716.493579336 -7.23701 1.07331 0 17.893 0 0  0 -0.000348941 2
1388057716.593528844 -7.23701 1.07331 0 17.892 0 0  0 -0.000173193 2
1388057716.693546728 -7.23701 1.07331 0 17.892 0 0  0 0 2
1388057716.793550215 -7.23701 1.07331 0 17.875 0 0  0 -0.00296666 2
1388057716.893597408 -7.23701 1.07331 0 17.871 0 0  0 -0.000700081 2
1388057716.993591233 -7.23701 1.07331 0 17.867 0 0  0 -0.000697791 2
1388057717.093523280 -7.23701 1.07331 0 17.859 0 0  0 -0.00139645 2
1388057717.193532613 -7.23701 1.07331 0 17.855 0 0  0 -0.000697683 2
1388057717.293539367 -7.23701 1.07331 0 17.85 0 0  0 -0.000873458 2
1388057717.393602822 -7.23701 1.07331 0 17.847 0 0  0 -0.000521649 2
1388057717.493582529 -7.23701 1.07331 0 17.844 0 0  0 -0.000524749 2
1388057717.593598414 -7.23701 1.07331 0 17.842 0 0  0 -0.000348819 2
1388057717.693530854 -7.23701 1.07331 0 17.842 0 0  0 0 2
1388057717.793537031 -7.23701 1.07331 0 17.832 0 0  0 -0.00174693 2
1388057717.893536746 -7.23701 1.07331 0 17.829 0 0  0 -0.000521981 2
1388057717.993604116 -7.23701 1.07331 0 17.826 0 0  0 -0.00052429 2
1388057718.093586544 -7.23701 1.07331 0 17.821 0 0  0 -0.000871007 2
1388057718.193579883 -7.23701 1.07331 0 17.817 0 0  0 -0.000700458 2
1388057718.293523297 -7.23701 1.07331 0 17.811 0 0  0 -0.00104721 2
1388057718.393588759 -7.23701 1.07331 0 17.805 0 0  0 -0.00104594 2
1388057718.493596416 -7.23701 1.07331 0 17.801 0 0  0 -0.000697695 2
1388057718.593550106 -7.23701 1.07331 0 17.797 0 0  0 -0.000698071 2
1388057718.693558408 -7.23701 1.07331 0 17.792 0 0  0 -0.000873444 2
1388057718.793542253 -7.23701 1.07331 0 17.785 0 0  0 -0.00122259 2
1388057718.893604835 -7.23701 1.07331 0 17.778 0 0  0 -0.00121896 2
1388057718.993597632 -7.23701 1.07331 0 17.771 0 0  0 -0.00122248 2
1388057719.093535456 -7.23701 1.07331 0 17.765 0 0  0 -0.00104727 2
1388057719.193540249 -7.23701 1.07331 0 17.758 0 0  0 -0.00122233 2
1388057719.293540874 -7.23701 1.07331 0 17.753 0 0  0 -0.000873511 2
1388057719.393597423 -7.23701 1.07331 0 17.75 0 0  0 -0.000521685 2
1388057719.493591607 -7.23701 1.07331 0 17.741 0 0  0 -0.00157136 2
1388057719.593535670 -7.23701 1.07331 0 17.737 0 0  0 -0.000698139 2
1388057719.693602990 -7.23701 1.07331 0 17.732 0 0  0 -0.000872929 2
1388057719.793595880 -7.23701 1.07331 0 17.725 0 0  0 -0.00122248 2
1388057719.893552754 -7.23701 1.07331 0 17.72 0 0  0 -0.000873894 2
1388057719.993605044 -7.23701 1.07331 0 17.716 0 0  0 -0.000697384 2
1388057720.093664713 -7.23701 1.07331 0 17.712 0 0  0 -0.000697332 2
1388057720.193553029 -7.23701 1.07331 0 17.706 0 0  0 -0.00104779 2
1388057720.293588111 -7.23701 1.07331 0 17.701 0 0  0 -0.00087321 2
1388057720.393525473 -7.23701 1.07331 0 17.698 0 0  0 -0.000522307 2
1388057720.493544553 -7.23701 1.07331 0 17.694 0 0  0 -0.000700278 2
1388057720.593555100 -7.23701 1.07331 0 17.692 0 0  0 -0.000348837 2
1388057720.693545266 -7.23701 1.07331 0 17.68 0 0  0 -0.00209345 2
1388057720.793601635 -7.23701 1.07331 0 17.679 0 0  0 -0.00017567 2
1388057720.893533344 -7.23701 1.07331 0 17.668 0 0  0 -0.00191879 2
1388057721.173685654 -7.23701 1.07331 0 17.66 0 0  0 -0.000499071 2
1388057721.194026698 -7.23701 1.07331 0 17.66 0 0  0 0 2
1388057721.293574162 -7.23701 1.07331 0 17.66 0 0  0 0 2
1388057721.393531350 -7.23701 1.07331 0 17.654 0 0  0 -0.00104707 2
1388057721.493537407 -7.23701 1.07331 0 17.643 0 0  0 -0.00192002 2
1388057721.593534597 -7.23701 1.07331 0 17.637 0 0  0 -0.00104665 2
1388057721.793539701 -7.23701 1.07331 0 17.633 0 0  0 -0.000348865 2
1388057721.893540039 -7.23701 1.07331 0 17.619 0 0  0 -0.00244477 2
1388057721.993535756 -7.23701 1.07331 0 17.619 0 0  0 0 2
1388057722.093534696 -7.23701 1.07331 0 17.619 0 0  0 0 2
1388057722.193534090 -7.23701 1.07331 0 17.618 0 0  0 -0.000173107 2
1388057722.293534279 -7.23701 1.07331 0 17.617 0 0  0 -0.000175768 2
1388057722.493528836 -7.23701 1.07331 0 17.606 0 0  0 -0.000960096 2
1388057722.593528622 -7.23701 1.07331 0 17.592 0 0  0 -0.00244212 2
1388057722.693535462 -7.23701 1.07331 0 17.582 0 0  0 -0.00174691 2
1388057722.793527471 -7.23701 1.07331 0 17.581 0 0  0 -0.000173119 2
1388057722.893593052 -7.23701 1.07331 0 17.567 0 0  0 -0.00244318 2
1388057722.993522219 -7.23701 1.07331 0 17.562 0 0  0 -0.000871471 2
1388057723.093587543 -7.23701 1.07331 0 17.556 0 0  0 -0.00104594 2
1388057723.193530244 -7.23701 1.07331 0 17.556 0 0  0 0 2
1388057723.293537092 -7.23701 1.07331 0 17.552 0 0  0 -0.000700363 2
1388057723.493557200 -7.23701 1.07331 0 17.533 0 0  0 -0.00165765 2
1388057723.593568255 -7.23701 1.07331 0 17.532 0 0  0 -0.000173086 2
1388057723.693528043 -7.23701 1.07331 0 17.526 0 0  0 -0.00104971 2
1388057723.793575522 -7.23701 1.07331 0 17.521 0 0  0 -0.00087044 2
1388057723.993539474 -7.23701 1.07331 0 17.521 0 0  0 0 2
1388057724.093535673 -7.23701 1.07331 0 17.51 0 0  0 -0.00192021 2
1388057724.293596202 -7.23701 1.07331 0 17.493 0 0  0 -0.00148293 2
1388057724.393531965 -7.23701 1.07331 0 17.493 0 0  0 0 2
1388057724.493572381 -7.23701 1.07331 0 17.488 0 0  0 -0.000873164 2
1388057724.593599395 -7.23701 1.07331 0 17.484 0 0  0 -0.00069756 2
1388057724.693533686 -7.23701 1.07331 0 17.478 0 0  0 -0.00104731 2
1388057724.793568589 -7.23701 1.07331 0 17.469 0 0  0 -0.00157072 2
1388057724.893600578 -7.23701 1.07331 0 17.463 0 0  0 -0.00104629 2
1388057724.993538759 -7.23701 1.07331 0 17.459 0 0  0 -0.00069818 2
1388057725.093598806 -7.23701 1.07331 0 17.457 0 0  0 -0.000351326 2
1388057725.193521759 -7.23701 1.07331 0 17.456 0 0  0 -0.000173239 2
1388057725.293602696 -7.23701 1.07331 0 17.449 0 0  0 -0.0012214 2
1388057725.393561367 -7.23701 1.07331 0 17.44 0 0  0 -0.00157191 2
1388057725.493542364 -7.23701 1.07331 0 17.431 0 0  0 -0.0015689 2
1388057725.593603587 -7.23701 1.07331 0 17.425 0 0  0 -0.00104864 2
1388057725.693547481 -7.23701 1.07331 0 17.42 0 0  0 -0.000871343 2
1388057725.793598540 -7.23701 1.07331 0 17.415 0 0  0 -0.000873071 2
1388057725.893598506 -7.23701 1.07331 0 17.408 0 0  0 -0.00122239 2
1388057725.993566149 -7.23701 1.07331 0 17.403 0 0  0 -0.000871136 2
1388057726.093603739 -7.23701 1.07331 0 17.401 0 0  0 -0.000351405 2
1388057726.193536387 -7.23701 1.07331 0 17.396 0 0  0 -0.000871441 2
1388057726.499140298 -7.23701 1.07331 0 17.38 0 0  0 -0.000914143 2
1388057726.519577086 -7.23701 1.07331 0 17.379 0 0  0 -0.000847029 2
1388057726.619682720 -7.23701 1.07331 0 17.376 0 0  0 -0.000524089 2
1388057726.719660136 -7.23701 1.07331 0 17.372 0 0  0 -0.000697906 2
1388057726.819666526 -7.23701 1.07331 0 17.368 0 0  0 -0.000697704 2
1388057726.919697926 -7.23701 1.07331 0 17.361 0 0  0 -0.00122201 2
1388057727.019695950 -7.23701 1.07331 0 17.358 0 0  0 -0.000524653 2
1388057727.119698437 -7.23701 1.07331 0 17.353 0 0  0 -0.000870832 2
1388057727.219680266 -7.23701 1.07331 0 17.35 0 0  0 -0.000524738 2
1388057727.319629778 -7.23701 1.07331 0 17.347 0 0  0 -0.000522243 2
1388057727.419659883 -7.23701 1.07331 0 17.341 0 0  0 -0.00104897 2
1388057727.519641190 -7.23701 1.07331 0 17.339 0 0  0 -0.000348939 2
1388057727.619644282 -7.23701 1.07331 0 17.331 0 0  0 -0.00139545 2
1388057727.719683425 -7.23701 1.07331 0 17.326 0 0  0 -0.000873175 2
1388057727.819652924 -7.23701 1.07331 0 17.323 0 0  0 -0.000522139 2
1388057727.919708541 -7.23701 1.07331 0 17.319 0 0  0 -0.000700022 2
1388057728.019701803 -7.23701 1.07331 0 17.312 0 0  0 -0.00121981 2
1388057728.119666210 -7.23701 1.07331 0 17.309 0 0  0 -0.00052483 2
1388057728.219702835 -7.23701 1.07331 0 17.302 0 0  0 -0.00122194 2
1388057728.319644943 -7.23701 1.07331 0 17.296 0 0  0 -0.00104723 2
1388057728.419714579 -7.23701 1.07331 0 17.291 0 0  0 -0.000872909 2
1388057728.519639824 -7.23701 1.07331 0 17.285 0 0  0 -0.00104741 2
1388057728.619712194 -7.23701 1.07331 0 17.282 0 0  0 -0.000521602 2
1388057728.719699882 -7.23701 1.07331 0 17.277 0 0  0 -0.000873624 2
1388057728.819698936 -7.23701 1.07331 0 17.272 0 0  0 -0.000873525 2
1388057728.919633879 -7.23701 1.07331 0 17.266 0 0  0 -0.0010473 2
1388057729.019638469 -7.23701 1.07331 0 17.259 0 0  0 -0.00122233 2
1388057729.119656937 -7.23701 1.07331 0 17.254 0 0  0 -0.000870693 2
1388057729.219670245 -7.23701 1.07331 0 17.25 0 0  0 -0.000697655 2
1388057729.319651104 -7.23701 1.07331 0 17.243 0 0  0 -0.00122262 2
1388057729.419664543 -7.23701 1.07331 0 17.241 0 0  0 -0.000348827 2
1388057729.519643712 -7.23701 1.07331 0 17.228 0 0  0 -0.00226949 2
1388057729.619645203 -7.23701 1.07331 0 17.225 0 0  0 -0.000524635 2
1388057729.719709644 -7.23701 1.07331 0 17.219 0 0  0 -0.00104595 2
1388057729.819639760 -7.23701 1.07331 0 17.212 0 0  0 -0.00122325 2
1388057729.919659632 -7.23701 1.07331 0 17.205 0 0  0 -0.00122215 2
1388057730.019712417 -7.23701 1.07331 0 17.202 0 0  0 -0.000521704 2
1388057730.119637372 -7.23701 1.07331 0 17.195 0 0  0 -0.00122331 2
1388057730.219694556 -7.23701 1.07331 0 17.189 0 0  0 -0.00104602 2
1388057730.319636718 -7.23701 1.07331 0 17.183 0 0  0 -0.00104723 2
1388057730.419701992 -7.23701 1.07331 0 17.181 0 0  0 -0.000348647 2
1388057730.519655685 -7.23701 1.07331 0 17.173 0 0  0 -0.00139881 2
1388057730.619726943 -7.23701 1.07331 0 17.166 0 0  0 -0.00122152 2
1388057730.719650629 -7.23701 1.07331 0 17.159 0 0  0 -0.00122066 2
1388057730.819687562 -7.23701 1.07331 0 17.154 0 0  0 -0.000873194 2
1388057730.919707608 -7.23701 1.07331 0 17.147 0 0  0 -0.00122215 2
1388057731.019645217 -7.23701 1.07331 0 17.145 0 0  0 -0.000349092 2
1388057731.119652870 -7.23701 1.07331 0 17.139 0 0  0 -0.00104654 2
1388057731.219653295 -7.23701 1.07331 0 17.136 0 0  0 -0.000524641 2
1388057731.319704745 -7.23701 1.07331 0 17.131 0 0  0 -0.000870406 2
1388057731.419648458 -7.23701 1.07331 0 17.124 0 0  0 -0.00122308 2
1388057731.519722119 -7.23701 1.07331 0 17.119 0 0  0 -0.000872874 2
1388057731.619886118 -7.23701 1.07331 0 17.112 0 0  0 -0.00121773 2
1388057731.719895703 -7.23701 1.07331 0 17.106 0 0  0 -0.00104918 2
1388057731.819887898 -7.23701 1.07331 0 17.104 0 0  0 -0.000348901 2
1388057731.919656377 -7.23701 1.07331 0 17.098 0 0  0 -0.00104905 2
1388057732.019659378 -7.23701 1.07331 0 17.093 0 0  0 -0.000873491 2
1388057732.119626810 -7.23701 1.07331 0 17.09 0 0  0 -0.00052215 2
1388057732.219630702 -7.23701 1.07331 0 17.086 0 0  0 -0.000697721 2
1388057732.319649575 -7.23701 1.07331 0 17.077 0 0  0 -0.00157097 2
1388057732.419653609 -7.23701 1.07331 0 17.075 0 0  0 -0.00034886 2
