-0.304723 -0.290342 0.944 0.999998
-0.28695 -0.289715 0.9421 1.1
-0.264019 -0.288418 0.940255 1.2
-0.236793 -0.286192 0.938463 1.3
-0.206016 -0.282771 0.936718 1.4
-0.172338 -0.277905 0.935019 1.5
-0.136329 -0.27137 0.933364 1.6
-0.098495 -0.262982 0.931749 1.7
-0.0592859 -0.252597 0.930174 1.8
-0.0191038 -0.240106 0.928637 1.9
0.0216909 -0.225436 0.927136 2
0.0627742 -0.208542 0.925671 2.1
0.103854 -0.189408 0.924239 2.2
0.144669 -0.168037 0.92284 2.3
0.184978 -0.144452 0.921473 2.4
0.224568 -0.118693 0.920137 2.5
0.263242 -0.0908099 0.918831 2.6
0.300822 -0.060866 0.917554 2.7
0.314224 -0.0510114 0.915386 2.8
0.330842 -0.0365809 0.913216 2.9
0.350254 -0.0185214 0.911078 3
0.372105 0.00245897 0.908995 3.1
0.396065 0.0258212 0.906982 3.2
0.421827 0.0511455 0.905046 3.3
0.449119 0.0780973 0.90319 3.4
0.477706 0.106405 0.901416 3.5
0.507383 0.135847 0.899723 3.6
0.537976 0.166236 0.898108 3.7
0.569341 0.197421 0.896569 3.8
0.601352 0.229272 0.895104 3.9
0.633907 0.261681 0.893707 4
0.666918 0.294559 0.892378 4.1
0.700312 0.327831 0.891111 4.2
0.734027 0.361432 0.889903 4.3
0.768011 0.395309 0.888752 4.4
0.802222 0.429419 0.887654 4.5
0.836623 0.463723 0.886607 4.6
0.871184 0.498191 0.885607 4.7
0.905878 0.532795 0.884653 4.8
0.940684 0.567515 0.883741 4.9
0.975585 0.602331 0.882869 5
1.01056 0.637228 0.882034 5.1
1.04561 0.672192 0.881236 5.2
1.08071 0.707214 0.880471 5.3
1.11586 0.742284 0.879739 5.4
1.15105 0.777393 0.879036 5.5
1.18627 0.812536 0.878362 5.6
1.22152 0.847708 0.877715 5.7
1.25679 0.882903 0.877093 5.8
1.29208 0.918118 0.876496 5.9
1.32739 0.95335 0.875921 6
1.36271 0.988596 0.875367 6.1
1.39804 1.02385 0.874834 6.2
1.43338 1.05912 0.87432 6.3
1.46873 1.0944 0.873824 6.4
1.50409 1.12968 0.873345 6.5
1.53945 1.16497 0.872882 6.6
1.57482 1.20026 0.872434 6.7
1.61019 1.23556 0.872001 6.8
1.64556 1.27086 0.871581 6.9
1.68094 1.30616 0.871174 7
1.71632 1.34147 0.87078 7.1
1.7517 1.37678 0.870396 7.2
1.78708 1.41209 0.870024 7.3
1.82247 1.4474 0.869662 7.4
1.85785 1.48271 0.86931 7.5
1.89324 1.51803 0.868967 7.6
1.92862 1.55334 0.868632 7.7
1.96401 1.58866 0.868306 7.8
1.9994 1.62397 0.867987 7.9
2.03479 1.65929 0.867676 8
2.07018 1.69461 0.867372 8.1
2.10557 1.72992 0.867074 8.2
2.14096 1.76524 0.866782 8.3
2.17635 1.80056 0.866496 8.4
2.21174 1.83588 0.866216 8.5
2.24713 1.8712 0.865941 8.6
2.28252 1.90651 0.86567 8.7
2.31791 1.94183 0.865405 8.8
2.3533 1.97715 0.865144 8.9
2.38869 2.01247 0.864887 9
2.42408 2.04779 0.864633 9.1
2.45947 2.08311 0.864384 9.2
2.49486 2.11843 0.864138 9.3
2.53026 2.15375 0.863895 9.4
2.56565 2.18907 0.863656 9.5
2.60104 2.22439 0.86342 9.6
2.63643 2.25971 0.863186 9.7
2.67182 2.29503 0.862955 9.8
2.70721 2.33034 0.862726 9.9
2.7426 2.36566 0.8625 10
2.77799 2.40098 0.862276 10.1
2.81338 2.4363 0.862054 10.2
2.84877 2.47162 0.861834 10.3
2.88417 2.50694 0.861616 10.4
2.91956 2.54226 0.8614 10.5
2.95495 2.57758 0.861185 10.6
2.99034 2.6129 0.860973 10.7
3.02573 2.64822 0.860761 10.8
3.06112 2.68354 0.860551 10.9
3.09651 2.71886 0.860342 11
3.1319 2.75418 0.860135 11.1
3.16729 2.7895 0.859929 11.2
3.20268 2.82482 0.859724 11.3
3.23808 2.86014 0.85952 11.4
3.27347 2.89546 0.859317 11.5
3.30886 2.93078 0.859115 11.6
3.34425 2.9661 0.858913 11.7
3.37964 3.00142 0.858713 11.8
3.41503 3.03674 0.858514 11.9
3.45042 3.07206 0.858315 12
3.48581 3.10738 0.858117 12.1
3.5212 3.1427 0.85792 12.2
3.5337 3.15305 0.856902 12.3
3.54909 3.16824 0.856223 12.4
3.56722 3.18711 0.855775 12.5
3.58802 3.20873 0.855483 12.6
3.61144 3.23229 0.855297 12.7
3.63741 3.25711 0.855182 12.8
3.66583 3.28261 0.855115 12.9
3.69663 3.30827 0.855079 13
3.72967 3.33369 0.855065 13.1
3.76483 3.35847 0.855064 13.2
3.80198 3.38231 0.855072 13.3
3.84098 3.40494 0.855086 13.4
3.88167 3.42611 0.855102 13.5
3.92391 3.44565 0.85512 13.6
3.96755 3.46338 0.855138 13.7
4.01242 3.47915 0.855156 13.8
4.05837 3.49286 0.855174 13.9
4.10525 3.5044 0.85519 14
4.15291 3.5137 0.855205 14.1
4.2012 3.52069 0.855219 14.2
4.24997 3.52532 0.855231 14.3
4.29907 3.52755 0.855241 14.4
4.34835 3.52735 0.855251 14.5
4.39768 3.5247 0.855258 14.6
4.44692 3.51961 0.855265 14.7
4.49592 3.51206 0.855269 14.8
4.54455 3.50207 0.855273 14.9
4.56122 3.49645 0.854081 15
4.58265 3.48859 0.853186 15.1
4.60816 3.47914 0.852499 15.2
4.63716 3.46855 0.851959 15.3
4.66911 3.4571 0.851521 15.4
4.70356 3.44499 0.851156 15.5
4.74012 3.43234 0.850841 15.6
4.77845 3.41925 0.850561 15.7
4.81827 3.40579 0.850306 15.8
4.85934 3.39201 0.850068 15.9
4.90145 3.37797 0.849842 16
4.94443 3.36369 0.849624 16.1
4.98814 3.34921 0.849411 16.2
5.03247 3.33455 0.849201 16.3
5.07731 3.31974 0.848994 16.4
5.12257 3.3048 0.848787 16.5
5.16819 3.28974 0.848581 16.6
5.21411 3.27458 0.848375 16.7
5.26028 3.25933 0.848168 16.8
5.30665 3.244 0.84796 16.9
5.3532 3.2286 0.847751 17
5.39989 3.21314 0.847542 17.1
5.4467 3.19762 0.847331 17.2
5.49361 3.18205 0.84712 17.3
5.54061 3.16644 0.846907 17.4
5.58767 3.15079 0.846693 17.5
5.63479 3.1351 0.846478 17.6
5.68195 3.11938 0.846262 17.7
5.72916 3.10363 0.846045 17.8
5.77639 3.08786 0.845827 17.9
5.82365 3.07206 0.845608 18
5.87093 3.05623 0.845388 18.1
5.91823 3.04039 0.845167 18.2
5.96555 3.02453 0.844945 18.3
6.01287 3.00865 0.844723 18.4
6.0602 2.99276 0.844499 18.5
6.10754 2.97685 0.844275 18.6
6.15489 2.96092 0.844051 18.7
6.20224 2.94499 0.843825 18.8
6.24959 2.92904 0.843599 18.9
6.29694 2.91308 0.843373 19
6.3443 2.89711 0.843146 19.1
6.39165 2.88113 0.842918 19.2
6.43901 2.86514 0.84269 19.3
6.48636 2.84914 0.842461 19.4
6.53372 2.83313 0.842232 19.5
6.58108 2.81712 0.842003 19.6
6.62843 2.80109 0.841773 19.7
6.67578 2.78506 0.841542 19.8
6.72313 2.76903 0.841311 19.9
6.77049 2.75298 0.84108 20
6.81784 2.73693 0.840849 20.1
6.86518 2.72088 0.840617 20.2
6.91253 2.70482 0.840385 20.3
6.95988 2.68875 0.840153 20.4
7.00722 2.67268 0.83992 20.5
7.05457 2.65661 0.839687 20.6
7.10191 2.64053 0.839454 20.7
7.14925 2.62444 0.839221 20.8
7.19659 2.60836 0.838988 20.9
7.24393 2.59226 0.838754 21
7.29127 2.57617 0.83852 21.1
7.3386 2.56007 0.838286 21.2
7.38594 2.54397 0.838052 21.3
7.43327 2.52786 0.837817 21.4
7.48061 2.51175 0.837583 21.5
7.52794 2.49564 0.837348 21.6
7.57527 2.47953 0.837113 21.7
7.6226 2.46341 0.836878 21.8
7.66993 2.44729 0.836643 21.9
7.71726 2.43117 0.836408 22
7.76459 2.41505 0.836173 22.1
7.81192 2.39892 0.835937 22.2
7.85925 2.38279 0.835702 22.3
7.90657 2.36666 0.835466 22.4
7.9539 2.35053 0.835231 22.5
8.00122 2.3344 0.834995 22.6
8.04855 2.31826 0.834759 22.7
8.09587 2.30212 0.834523 22.8
8.1432 2.28599 0.834287 22.9
8.19052 2.26985 0.834051 23
8.23784 2.2537 0.833815 23.1
8.28517 2.23756 0.833579 23.2
8.33249 2.22142 0.833343 23.3
8.37981 2.20527 0.833107 23.4
8.42713 2.18912 0.83287 23.5
8.47445 2.17298 0.832634 23.6
8.52177 2.15683 0.832398 23.7
8.56909 2.14068 0.832161 23.8
8.61641 2.12453 0.831925 23.9
8.66373 2.10838 0.831688 24
8.71105 2.09222 0.831452 24.1
8.75837 2.07607 0.831215 24.2
8.80569 2.05992 0.830978 24.3
8.85301 2.04376 0.830742 24.4
8.90032 2.02761 0.830505 24.5
8.94764 2.01145 0.830268 24.6
8.99496 1.99529 0.830032 24.7
9.04228 1.97914 0.829795 24.8
9.08959 1.96298 0.829558 24.9
9.13691 1.94682 0.829321 25
9.18423 1.93066 0.829085 25.1
9.23154 1.9145 0.828848 25.2
9.27886 1.89834 0.828611 25.3
9.32618 1.88218 0.828374 25.4
9.37349 1.86602 0.828137 25.5
9.42081 1.84986 0.8279 25.6
9.46812 1.83369 0.827663 25.7
9.51544 1.81753 0.827427 25.8
9.56276 1.80137 0.82719 25.9
9.61007 1.78521 0.826953 26
9.65739 1.76904 0.826716 26.1
9.7047 1.75288 0.826479 26.2
9.75202 1.73671 0.826242 26.3
9.79933 1.72055 0.826005 26.4
9.84665 1.70438 0.825768 26.5
9.89396 1.68822 0.825531 26.6
9.94128 1.67205 0.825294 26.7
9.98859 1.65589 0.825057 26.8
10.0359 1.63972 0.82482 26.9
10.0832 1.62356 0.824583 27
10.1305 1.60739 0.824346 27.1
10.1778 1.59122 0.824109 27.2
10.2252 1.57506 0.823872 27.3
10.2725 1.55889 0.823635 27.4
10.3198 1.54272 0.823398 27.5
10.3671 1.52656 0.82316 27.6
10.4144 1.51039 0.822923 27.7
10.4617 1.49422 0.822686 27.8
10.509 1.47805 0.822449 27.9
10.5564 1.46189 0.822212 28
10.6037 1.44572 0.821975 28.1
10.651 1.42955 0.821738 28.2
10.6983 1.41338 0.821501 28.3
10.7456 1.39721 0.821264 28.4
10.7929 1.38105 0.821027 28.5
10.8402 1.36488 0.82079 28.6
10.8876 1.34871 0.820553 28.7
10.9349 1.33254 0.820315 28.8
10.9822 1.31637 0.820078 28.9
11.0295 1.3002 0.819841 29
11.0768 1.28403 0.819604 29.1
11.1241 1.26787 0.819367 29.2
11.1714 1.2517 0.81913 29.3
11.2188 1.23553 0.818893 29.4
11.2661 1.21936 0.818656 29.5
11.3134 1.20319 0.818419 29.6
11.3607 1.18702 0.818181 29.7
11.408 1.17085 0.817944 29.8
11.4553 1.15468 0.817707 29.9
11.5026 1.13851 0.81747 30
11.5499 1.12234 0.817233 30.1
11.5973 1.10617 0.816996 30.2
11.6446 1.09 0.816759 30.3
11.6919 1.07383 0.816522 30.4
11.7392 1.05766 0.816284 30.5
11.7865 1.04149 0.816047 30.6
11.8338 1.02532 0.81581 30.7
11.8811 1.00915 0.815573 30.8
11.9285 0.992983 0.815336 30.9
11.9758 0.976814 0.815099 31
12.0231 0.960644 0.814862 31.1
12.0704 0.944474 0.814625 31.2
12.1177 0.928304 0.814387 31.3
12.165 0.912134 0.81415 31.4
12.2123 0.895963 0.813913 31.5
12.2596 0.879793 0.813676 31.6
12.307 0.863623 0.813439 31.7
12.3543 0.847453 0.813202 31.8
12.4016 0.831283 0.812965 31.9
12.4489 0.815113 0.812728 32
12.4962 0.798943 0.81249 32.1
12.5435 0.782772 0.812253 32.2
12.5908 0.766602 0.812016 32.3
12.6381 0.750432 0.811779 32.4
12.6855 0.734262 0.811542 32.5
12.7328 0.718091 0.811305 32.6
12.7801 0.701921 0.811068 32.7
12.8274 0.685751 0.81083 32.8
12.8747 0.66958 0.810593 32.9
12.922 0.65341 0.810356 33
12.9693 0.63724 0.810119 33.1
13.0167 0.621069 0.809882 33.2
13.064 0.604899 0.809645 33.3
13.1113 0.588729 0.809408 33.4
13.1586 0.572558 0.80917 33.5
13.2059 0.556388 0.808933 33.6
13.2532 0.540217 0.808696 33.7
13.3005 0.524047 0.808459 33.8
13.3478 0.507877 0.808222 33.9
13.3952 0.491706 0.807985 34
13.4425 0.475536 0.807748 34.1
13.4898 0.459365 0.80751 34.2
13.5371 0.443195 0.807273 34.3
13.5844 0.427024 0.807036 34.4
13.6317 0.410854 0.806799 34.5
13.679 0.394683 0.806562 34.6
13.7263 0.378513 0.806325 34.7
13.7737 0.362342 0.806088 34.8
13.821 0.346172 0.80585 34.9
13.8683 0.330001 0.805613 35
13.9156 0.313831 0.805376 35.1
13.9629 0.29766 0.805139 35.2
14.0102 0.28149 0.804902 35.3
14.0575 0.265319 0.804665 35.4
14.1048 0.249149 0.804428 35.5
14.1522 0.232978 0.80419 35.6
14.1995 0.216808 0.803953 35.7
14.2468 0.200637 0.803716 35.8
14.2941 0.184467 0.803479 35.9
14.3414 0.168296 0.803242 36
14.3887 0.152126 0.803005 36.1
14.436 0.135955 0.802768 36.2
14.4834 0.119784 0.802531 36.3
14.5307 0.103614 0.802293 36.4
14.578 0.0874433 0.802056 36.5
14.5944 0.0816329 0.801045 36.6
14.6156 0.0734904 0.800377 36.7
14.6409 0.0638834 0.79994 36.8
14.6699 0.0535461 0.799661 36.9
14.7021 0.0430896 0.799488 37
14.7372 0.0330208 0.799387 37.1
14.7747 0.0237591 0.799334 37.2
14.8143 0.0156508 0.799314 37.3
14.8558 0.00897955 0.799315 37.4
