2.92959 -1.41119 0.924 8.15834
2.98503 -1.40754 0.923521 8.25834
3.04059 -1.40638 0.922705 8.35834
3.09524 -1.40473 0.921626 8.45834
3.14912 -1.40274 0.920384 8.55834
3.20235 -1.40053 0.919049 8.65834
3.25505 -1.39816 0.917667 8.75834
3.3073 -1.39569 0.91627 8.85834
3.35917 -1.39315 0.91488 8.95834
3.41073 -1.39058 0.91351 9.05834
3.46202 -1.38799 0.912169 9.15834
3.5131 -1.38541 0.910863 9.25834
3.56399 -1.38284 0.909594 9.35834
3.61473 -1.3803 0.908365 9.45834
3.66534 -1.3778 0.907174 9.55834
3.71584 -1.37534 0.906023 9.65834
3.76626 -1.37293 0.904909 9.75834
3.8166 -1.37056 0.903831 9.85834
3.86688 -1.36825 0.902789 9.95834
3.91711 -1.36598 0.901781 10.0583
3.9673 -1.36377 0.900805 10.1583
4.01745 -1.36161 0.899859 10.2583
4.06757 -1.35951 0.898942 10.3583
4.11767 -1.35745 0.898053 10.4583
4.16774 -1.35544 0.897191 10.5583
4.2178 -1.35348 0.896353 10.6583
4.26785 -1.35157 0.895538 10.7583
4.31788 -1.3497 0.894746 10.8583
4.3679 -1.34788 0.893975 10.9583
4.41792 -1.3461 0.893223 11.0583
4.46793 -1.34436 0.892491 11.1583
4.51794 -1.34266 0.891776 11.2583
4.56794 -1.34099 0.891078 11.3583
4.61794 -1.33937 0.890396 11.4583
4.66793 -1.33777 0.889729 11.5583
4.71792 -1.33621 0.889076 11.6583
4.76791 -1.33469 0.888437 11.7583
4.8179 -1.33319 0.88781 11.8583
4.86789 -1.33172 0.887196 11.9583
4.91788 -1.33028 0.886593 12.0583
4.96787 -1.32887 0.886 12.1583
5.01785 -1.32748 0.885418 12.2583
5.06784 -1.32611 0.884845 12.3583
5.11783 -1.32477 0.884282 12.4583
5.16781 -1.32345 0.883727 12.5583
5.2178 -1.32216 0.88318 12.6583
5.26778 -1.32088 0.88264 12.7583
5.31777 -1.31962 0.882108 12.8583
5.36776 -1.31838 0.881583 12.9583
5.41774 -1.31716 0.881064 13.0583
5.46773 -1.31595 0.880552 13.1583
5.51772 -1.31476 0.880045 13.2583
5.5677 -1.31359 0.879543 13.3583
5.61769 -1.31243 0.879047 13.4583
5.67313 -1.31637 0.878837 13.5583
5.72774 -1.3191 0.878554 13.6583
5.78276 -1.31188 0.878295 13.7583
5.83662 -1.30265 0.877944 13.8583
5.88962 -1.29292 0.877532 13.9583
5.94201 -1.2833 0.877078 14.0583
5.99391 -1.27402 0.876598 14.1583
6.04543 -1.26511 0.876102 14.2583
6.09664 -1.25656 0.875596 14.3583
6.14758 -1.24832 0.875085 14.4583
6.1983 -1.24035 0.874572 14.5583
6.24884 -1.23259 0.874059 14.6583
6.29922 -1.22501 0.873548 14.7583
6.34946 -1.21758 0.873041 14.8583
6.3996 -1.21026 0.872536 14.9583
6.44964 -1.20304 0.872036 15.0583
6.49959 -1.19589 0.871539 15.1583
6.54949 -1.1888 0.871047 15.2583
6.59932 -1.18175 0.870559 15.3583
6.6491 -1.17474 0.870074 15.4583
6.69885 -1.16776 0.869594 15.5583
6.74856 -1.1608 0.869117 15.6583
6.79824 -1.15386 0.868644 15.7583
6.84789 -1.14693 0.868174 15.8583
6.89753 -1.14 0.867707 15.9583
6.94714 -1.13308 0.867244 16.0583
6.99674 -1.12617 0.866783 16.1583
7.04633 -1.11925 0.866326 16.2583
7.09591 -1.11234 0.865871 16.3583
7.14548 -1.10542 0.865419 16.4583
7.19504 -1.0985 0.864969 16.5583
7.24459 -1.09158 0.864521 16.6583
7.29414 -1.08465 0.864076 16.7583
7.34368 -1.07773 0.863632 16.8583
7.39321 -1.07079 0.863191 16.9583
7.44275 -1.06386 0.862751 17.0583
7.49228 -1.05692 0.862313 17.1583
7.54181 -1.04997 0.861877 17.2583
7.59133 -1.04302 0.861443 17.3583
7.64085 -1.03607 0.86101 17.4583
7.69037 -1.02912 0.860578 17.5583
7.73989 -1.02215 0.860147 17.6583
7.78941 -1.01519 0.859718 17.7583
7.83893 -1.00822 0.85929 17.8583
7.88844 -1.00125 0.858864 17.9583
7.93796 -0.994276 0.858438 18.0583
7.98747 -0.987298 0.858013 18.1583
8.03698 -0.980316 0.857589 18.2583
8.08649 -0.973332 0.857166 18.3583
8.136 -0.966344 0.856744 18.4583
8.18551 -0.959353 0.856323 18.5583
8.23502 -0.95236 0.855903 18.6583
8.28453 -0.945364 0.855483 18.7583
8.33404 -0.938366 0.855064 18.8583
8.38355 -0.931365 0.854645 18.9583
8.43306 -0.924362 0.854227 19.0583
8.48256 -0.917357 0.85381 19.1583
8.53207 -0.910349 0.853393 19.2583
8.58158 -0.90334 0.852977 19.3583
8.63108 -0.896328 0.852561 19.4583
8.68059 -0.889315 0.852146 19.5583
8.73009 -0.8823 0.851731 19.6583
8.7796 -0.875283 0.851316 19.7583
8.8291 -0.868265 0.850902 19.8583
8.87861 -0.861245 0.850489 19.9583
8.92811 -0.854224 0.850075 20.0583
8.97762 -0.847202 0.849662 20.1583
9.02712 -0.840178 0.849249 20.2583
9.07663 -0.833152 0.848837 20.3583
9.12613 -0.826126 0.848425 20.4583
9.17563 -0.819098 0.848013 20.5583
9.22514 -0.81207 0.847601 20.6583
9.27464 -0.80504 0.84719 20.7583
9.32414 -0.798009 0.846778 20.8583
9.37365 -0.790978 0.846367 20.9583
9.42315 -0.783945 0.845957 21.0583
9.47265 -0.776912 0.845546 21.1583
9.52216 -0.769877 0.845136 21.2583
9.57166 -0.762842 0.844725 21.3583
9.62116 -0.755806 0.844315 21.4583
9.67066 -0.74877 0.843905 21.5583
9.72017 -0.741733 0.843495 21.6583
9.76967 -0.734695 0.843085 21.7583
9.81917 -0.727656 0.842676 21.8583
9.86867 -0.720617 0.842266 21.9583
9.91817 -0.713577 0.841857 22.0583
9.96768 -0.706537 0.841448 22.1583
10.0172 -0.699496 0.841038 22.2583
10.0667 -0.692455 0.840629 22.3583
10.1162 -0.685413 0.84022 22.4583
10.1657 -0.678371 0.839811 22.5583
10.2152 -0.671329 0.839403 22.6583
10.2647 -0.664286 0.838994 22.7583
10.3142 -0.657242 0.838585 22.8583
10.3637 -0.650198 0.838177 22.9583
10.4132 -0.643154 0.837768 23.0583
10.4627 -0.63611 0.83736 23.1583
10.5122 -0.629065 0.836951 23.2583
10.5617 -0.62202 0.836543 23.3583
10.6112 -0.614975 0.836134 23.4583
10.6607 -0.607929 0.835726 23.5583
10.7102 -0.600883 0.835318 23.6583
10.7597 -0.593837 0.83491 23.7583
10.8092 -0.58679 0.834501 23.8583
10.8587 -0.579744 0.834093 23.9583
10.9082 -0.572697 0.833685 24.0583
10.9577 -0.56565 0.833277 24.1583
11.0072 -0.558602 0.832869 24.2583
11.0567 -0.551555 0.832461 24.3583
11.1062 -0.544507 0.832053 24.4583
11.1557 -0.537459 0.831645 24.5583
11.2052 -0.530411 0.831237 24.6583
11.2547 -0.523363 0.830829 24.7583
11.3042 -0.516315 0.830422 24.8583
11.3537 -0.509266 0.830014 24.9583
11.4032 -0.502218 0.829606 25.0583
11.4527 -0.495169 0.829198 25.1583
11.5022 -0.48812 0.82879 25.2583
11.5517 -0.481071 0.828383 25.3583
11.6012 -0.474022 0.827975 25.4583
11.6507 -0.466973 0.827567 25.5583
11.7002 -0.459924 0.827159 25.6583
11.7497 -0.452874 0.826752 25.7583
11.7992 -0.445825 0.826344 25.8583
11.8487 -0.438775 0.825936 25.9583
11.8982 -0.431725 0.825529 26.0583
11.9477 -0.424676 0.825121 26.1583
11.9972 -0.417626 0.824713 26.2583
12.0467 -0.410576 0.824306 26.3583
12.0962 -0.403526 0.823898 26.4583
12.1457 -0.396476 0.82349 26.5583
12.1952 -0.389426 0.823083 26.6583
12.2447 -0.382376 0.822675 26.7583
12.2942 -0.375325 0.822268 26.8583
12.3437 -0.368275 0.82186 26.9583
12.3932 -0.361225 0.821452 27.0583
12.4427 -0.354174 0.821045 27.1583
12.4922 -0.347124 0.820637 27.2583
12.5417 -0.340073 0.82023 27.3583
12.5912 -0.333023 0.819822 27.4583
12.6407 -0.325972 0.819415 27.5583
12.6902 -0.318922 0.819007 27.6583
12.7397 -0.311871 0.818599 27.7583
12.7892 -0.30482 0.818192 27.8583
12.8387 -0.29777 0.817784 27.9583
12.8882 -0.290719 0.817377 28.0583
12.9377 -0.283668 0.816969 28.1583
12.9872 -0.276617 0.816562 28.2583
13.0367 -0.269566 0.816154 28.3583
13.0862 -0.262515 0.815747 28.4583
13.1357 -0.255465 0.815339 28.5583
13.1852 -0.248414 0.814932 28.6583
13.2347 -0.241363 0.814524 28.7583
13.2842 -0.234312 0.814117 28.8583
13.3337 -0.227261 0.813709 28.9583
13.3832 -0.22021 0.813302 29.0583
13.4327 -0.213159 0.812894 29.1583
13.4822 -0.206107 0.812487 29.2583
13.5317 -0.199056 0.812079 29.3583
13.5812 -0.192005 0.811672 29.4583
13.6307 -0.184954 0.811264 29.5583
13.6802 -0.177903 0.810857 29.6583
13.7297 -0.170852 0.810449 29.7583
13.7792 -0.163801 0.810042 29.8583
13.8287 -0.15675 0.809634 29.9583
13.8782 -0.149698 0.809227 30.0583
13.9277 -0.142647 0.808819 30.1583
13.9772 -0.135596 0.808412 30.2583
14.0267 -0.128545 0.808004 30.3583
14.0762 -0.121493 0.807597 30.4583
14.1257 -0.114442 0.807189 30.5583
14.1752 -0.107391 0.806782 30.6583
14.2247 -0.10034 0.806374 30.7583
14.2742 -0.0932884 0.805967 30.8583
14.3237 -0.0862371 0.805559 30.9583
14.3732 -0.0791858 0.805152 31.0583
14.4227 -0.0721345 0.804744 31.1583
14.4722 -0.0650832 0.804337 31.2583
14.5217 -0.0580319 0.803929 31.3583
14.5712 -0.0509806 0.803522 31.4583
14.6207 -0.0439293 0.803114 31.5583
14.6702 -0.0368779 0.802707 31.6583
14.7197 -0.0298266 0.802299 31.7583
14.7746 -0.0230096 0.802112 31.8583
14.8285 -0.0155515 0.801857 31.9583
14.8819 -0.00936831 0.801556 32.0583
