1386493770.401534334 5.54644e-29 -2.15734e-30 0 -124.815 1.42224e-29 -5.53194e-31  0 -0.558603 6
1386493770.467097972 5.57003e-29 -2.16695e-30 0 -124.952 3.59736e-30 -1.46645e-31  0 -0.0364702 6
1386493770.602151969 5.57474e-29 -2.16873e-30 0 -124.789 3.48965e-31 -1.31264e-32  0 0.0210651 6
1386493770.668124502 5.57529e-29 -2.16891e-30 0 -124.571 8.36396e-32 -2.8524e-33  0 0.0576734 6
1386493770.798518554 5.57536e-29 -2.16894e-30 0 -124.431 5.32977e-33 -1.7039e-34  0 0.018739 6
1386493770.863352857 5.57537e-29 -2.16894e-30 0 -124.229 1.34802e-33 -3.87438e-35  0 0.054379 6
1386493770.997906226 5.57537e-29 -2.16894e-30 0 -123.748 8.62559e-35 -1.78486e-36  0 0.0623912 6
1386493771.059474240 5.57537e-29 -2.16894e-30 0 -123.636 2.18173e-35 -4.10691e-37  0 0.0317496 6
1386493771.189689055 -1.88455e-11 -2.91914e-11 0 173.7 -1.44727e-10 -2.24179e-10  0 39.8533 6
1386493771.319483787 -0.0379071 -0.0028597 0.274 173.72 -0.292055 -0.0220325  2.11103 0.00268994 6
1386493771.385398714 -0.0554671 -0.00431316 0.297 173.735 -0.266403 -0.0220506  0.348935 0.00397162 6
1386493771.515722257 -0.0732297 -0.00760996 0.394 173.649 -0.136297 -0.025297  0.744301 -0.0115172 6
1386493771.580372597 -0.0821291 -0.00933155 0.459 173.603 -0.137654 -0.0266293  1.00541 -0.0124198 6
1386493771.711288055 -0.102064 -0.0138188 0.594 173.541 -0.15227 -0.0342756  1.0312 -0.0082652 6
1386493771.776643866 -0.104546 -0.0159029 0.657 173.481 -0.0379768 -0.0318887  0.963954 -0.0160224 6
1386493771.906467370 -0.116921 -0.022257 0.73 173.356 -0.0953258 -0.0489441  0.562302 -0.0168048 6
1386493771.970983833 -0.123838 -0.0266095 0.746 173.278 -0.107214 -0.0674639  0.247999 -0.0211017 6
1386493772.102195935 -0.133422 -0.0370614 0.758 173.372 -0.0730392 -0.0796563  0.091455 0.0125027 6
1386493772.168014415 -0.136496 -0.0419386 0.756 173.426 -0.0467048 -0.0741016  -0.0303866 0.0143196 6
1386493772.297643611 -0.140992 -0.0495322 0.738 173.482 -0.0346862 -0.0585796  -0.138858 0.00753981 6
1386493772.362918515 -0.142477 -0.0526567 0.726 173.554 -0.022753 -0.0478668  -0.183838 0.0192531 6
1386493772.493784902 -0.142281 -0.0577638 0.709 173.691 0.00149877 -0.039025  -0.129903 0.0182704 6
1386493772.558395726 -0.141954 -0.059486 0.703 173.708 0.00505947 -0.0266551  -0.0928637 0.00459174 6
1386493772.689448068 -0.140884 -0.0633584 0.701 173.784 0.00816613 -0.0295487  -0.0152611 0.0101221 6
1386493772.819198399 -0.140769 -0.0663758 0.701 173.775 0.000885314 -0.0232553  0 -0.00121099 6
1386493772.885151685 -0.141237 -0.0678789 0.704 173.805 -0.0070905 -0.0227907  0.0454867 0.00793861 6
1386493773.015071090 -0.1416 -0.0693118 0.709 173.77 -0.00279649 -0.0110285  0.0384854 -0.00470032 6
1386493773.081268801 -0.141791 -0.0700024 0.712 173.741 -0.00287704 -0.0104325  0.0453188 -0.0076478 6
1386493773.210337692 -0.142925 -0.0702874 0.715 173.784 -0.0087871 -0.00220842  0.0232434 0.00581456 6
1386493773.275822337 -0.143166 -0.070855 0.716 173.731 -0.00367896 -0.00866817  0.0152708 -0.0141242 6
1386493773.406470494 -0.144242 -0.0731221 0.719 173.653 -0.0082402 -0.0173528  0.0229624 -0.0104204 6
1386493773.471705185 -0.144787 -0.0741437 0.722 173.668 -0.008345 -0.0156589  0.0459878 0.00401303 6
1386493773.602282612 -0.146834 -0.075931 0.719 173.621 -0.0156777 -0.013688  -0.0229749 -0.00628174 6
1386493773.666909939 -0.148279 -0.0766449 0.718 173.601 -0.0223678 -0.0110459  -0.0154733 -0.00540237 6
1386493773.797625895 -0.150177 -0.0781213 0.718 173.622 -0.0145154 -0.0112953  0 0.00280341 6
1386493773.862968977 -0.151159 -0.0790433 0.719 173.648 -0.0150356 -0.0141098  0.0153038 0.00694492 6
1386493773.992683993 -0.152229 -0.0819763 0.719 173.73 -0.00824465 -0.0226106  0 0.0110333 6
1386493774.058263947 -0.153076 -0.0830859 0.719 173.753 -0.0129129 -0.0169198  0 0.00612389 6
1386493774.188801000 -0.154249 -0.0859065 0.719 173.862 -0.00899072 -0.0216081  0 0.0145728 6
1386493774.318385405 -0.154911 -0.0893404 0.718 173.883 -0.0051063 -0.0264991  -0.00771698 0.00282789 4
1386493774.384823122 0.772957 0.0736453 0.715 0.029007 -0.00289079 0.01988  -0.0451551 -45.6717 4
1386493774.449602247 0.772333 0.0746289 0.714 0.00100708 -0.00962705 0.015183  -0.0154371 -0.00754394 4
1386493774.578776625 0.76995 0.0741155 0.706 0.0469971 -0.018453 -0.00397418  -0.0619318 0.0062139 3
1386493774.711621463 0.768201 0.0726977 0.699 0.0749969 -0.0131615 -0.0106728  -0.0526931 0.00367865 3
1386493774.775742871 0.768149 0.0723127 0.695 0.0220032 -0.000819296 -0.00600313  -0.0623817 -0.0144244 3
1386493774.906561024 0.770273 0.0721584 0.688 0.369003 0.0162405 -0.00117962  -0.0535094 0.0462955 3
1386493774.969900370 0.772473 0.0730638 0.685 0.893005 0.0347264 0.014294  -0.0473639 0.14439 3
1386493775.102221428 0.783016 0.0764768 0.684 2.02501 0.0796753 0.0257929  -0.00755738 0.149313 3
1386493775.167337032 0.791275 0.0789321 0.679 2.66301 0.126836 0.0377073  -0.0767865 0.171007 3
1386493775.298149425 0.831006 0.0883831 0.684 3.71001 0.303731 0.0722487  0.0382227 0.139693 3
1386493775.363043172 0.85378 0.0943408 0.681 4.15001 0.350943 0.0918061  -0.0462294 0.118339 3
1386493775.492621954 0.919951 0.110879 0.681 4.811 0.510659 0.127633  0 0.0890311 3
1386493775.558670566 0.955564 0.119948 0.679 5.106 0.539187 0.1373  -0.0302807 0.077953 3
1386493775.688956904 1.03164 0.138491 0.679 5.425 0.583902 0.142327  0 0.0427336 3
1386493775.817306486 1.10892 0.158664 0.686 5.59801 0.602126 0.157172  0.0545385 0.0235255 3
1386493775.884674687 1.1507 0.168437 0.687 5.681 0.620234 0.145071  0.0148438 0.0215011 3
1386493776.014324980 1.22477 0.184494 0.689 5.716 0.571234 0.12385  0.0154261 0.00471213 3
1386493776.079999511 1.2609 0.191725 0.692 5.754 0.550285 0.110105  0.0456798 0.0100972 3
1386493776.210709057 1.3247 0.201838 0.694 5.88101 0.488073 0.0773706  0.0153011 0.0169599 3
1386493776.276437214 1.3557 0.205944 0.695 5.89 0.471615 0.06246  0.0152142 0.0023865 3
1386493776.406427865 1.4143 0.212574 0.691 5.92601 0.450791 0.0510074  -0.0307714 0.00483501 3
1386493776.471029022 1.44241 0.215675 0.691 5.92 0.435136 0.0479978  0 -0.00162425 3
1386493776.602019999 1.5012 0.221969 0.686 5.95601 0.448792 0.0480498  -0.0381706 0.00479809 3
1386493776.667272711 1.53015 0.225213 0.683 5.894 0.443756 0.0497113  -0.0459751 -0.0165864 3
1386493776.797943313 1.59329 0.234377 0.678 5.718 0.483186 0.070128  -0.0382642 -0.0235071 3
1386493776.862680917 1.62584 0.238169 0.677 5.662 0.502758 0.0585756  -0.015447 -0.0150976 3
1386493776.993356680 1.69556 0.243053 0.676 5.68001 0.533573 0.0373768  -0.00765253 0.00240483 3
1386493777.123771813 1.7684 0.243001 0.675 5.87001 0.55848 -0.000398236  -0.00766782 0.0254278 3
1386493777.188212376 1.80496 0.241635 0.676 6.007 0.567385 -0.0212018  0.0155182 0.0371037 3
1386493777.318761251 1.88523 0.231186 0.682 6.496 0.614871 -0.0800373  0.0459598 0.065375 3
1386493777.383860612 1.92433 0.224331 0.682 6.76201 0.600555 -0.105305  0 0.071317 3
1386493777.514453943 2.00335 0.207892 0.685 7.50101 0.605091 -0.125879  0.0229721 0.0987643 3
1386493777.578712048 2.04126 0.199431 0.688 7.93701 0.590026 -0.131663  0.0466867 0.118424 3
1386493777.710402142 2.11444 0.185498 0.692 8.98801 0.555695 -0.105805  0.0303743 0.139292 3
1386493777.775605611 2.1486 0.18023 0.694 9.44301 0.523914 -0.0807932  0.0306732 0.121792 3
1386493777.905990650 2.21029 0.176272 0.694 10.576 0.473162 -0.0303553  0 0.151662 3
1386493777.974063102 2.24156 0.175803 0.695 11.076 0.459257 -0.00688139  0.0146902 0.128196 3
1386493778.101816202 2.29237 0.181461 0.699 11.936 0.397779 0.0442864  0.0313104 0.117491 3
1386493778.169885469 2.31961 0.186061 0.699 12.269 0.40007 0.0675796  0 0.0853809 3
1386493778.297080514 2.37354 0.196708 0.698 12.853 0.42405 0.0837063  -0.00786194 0.0801345 3
1386493778.427107914 2.43464 0.209115 0.701 13.205 0.469872 0.0954148  0.0230721 0.0472489 3
1386493778.492941699 2.46686 0.215739 0.702 13.382 0.489451 0.100613  0.0151898 0.0469253 3
1386493778.623418253 2.53392 0.230204 0.697 13.659 0.513932 0.110867  -0.0383211 0.0370542 3
1386493778.691123058 2.56821 0.2375 0.695 13.865 0.506403 0.107767  -0.02954 0.0531021 3
1386493778.818581861 2.6365 0.251727 0.691 14.106 0.535831 0.111613  -0.0313827 0.0330004 3
1386493778.884761933 2.67146 0.257692 0.69 14.228 0.528269 0.0901396  -0.0151103 0.0321728 3
1386493779.014127518 2.73793 0.262712 0.684 14.55 0.51377 0.0388056  -0.0463802 0.0434433 3
1386493779.079509798 2.77261 0.26452 0.682 14.755 0.530399 0.0276483  -0.0305893 0.0547236 3
1386493779.209980423 2.84233 0.26797 0.684 15.12 0.534373 0.0264449  0.0153291 0.0488274 3
1386493779.275085578 2.87843 0.269796 0.682 15.323 0.554508 0.0280406  -0.0307195 0.0544166 3
1386493779.407275318 2.94556 0.275172 0.683 15.805 0.507827 0.0406741  0.00756488 0.0636408 3
1386493779.470912437 2.97811 0.279821 0.683 16.042 0.51149 0.0730568  0 0.0650001 3
1386493779.602125808 3.04059 0.29531 0.68 16.513 0.476217 0.118039  -0.0228635 0.0626489 3
1386493779.665654914 3.06963 0.304383 0.679 16.755 0.457023 0.142822  -0.0157408 0.0664856 3
1386493779.796590714 3.12663 0.330985 0.672 17.053 0.435339 0.20317  -0.0534613 0.0397229 3
1386493779.927213962 3.18382 0.363337 0.668 17.147 0.437841 0.247671  -0.0306224 0.0125591 3
1386493779.991773132 3.21116 0.379912 0.66 17.148 0.423537 0.256746  -0.123917 0.00027226 3
1386493780.124236707 3.26739 0.416603 0.647 16.832 0.424461 0.276989  -0.0981402 -0.0416372 3
1386493780.189522449 3.29541 0.433879 0.639 16.654 0.429163 0.264626  -0.122538 -0.0475843 3
1386493780.317200362 3.35146 0.468033 0.629 15.981 0.438998 0.2675  -0.0783221 -0.0919982 3
1386493780.382504020 3.38036 0.484433 0.624 15.58 0.442571 0.251135  -0.0765654 -0.107173 3
1386493780.514085215 3.44132 0.513328 0.615 14.603 0.463333 0.219599  -0.0683988 -0.129593 3
1386493780.579428214 3.47306 0.52644 0.613 14.028 0.485687 0.200659  -0.0306077 -0.153583 3
1386493780.710706024 3.54259 0.554169 0.603 12.821 0.529614 0.211224  -0.0761743 -0.16047 3
1386493780.775605264 3.57945 0.568137 0.597 12.203 0.568 0.215221  -0.092451 -0.166197 3
1386493780.928637097 3.66596 0.592684 0.592 10.813 0.565297 0.160403  -0.0326729 -0.15853 3
1386493780.971446485 3.69153 0.598329 0.588 9.98801 0.597297 0.131881  -0.0934374 -0.336349 3
1386493781.101727566 3.76389 0.60143 0.588 8.54601 0.555464 0.0238037  0 -0.19318 3
1386493781.166399446 3.80178 0.599266 0.593 7.907 0.585823 -0.0334607  0.0773134 -0.172452 3
1386493781.296871339 3.8725 0.576297 0.6 6.826 0.542019 -0.176053  0.0536514 -0.144605 3
1386493781.427240905 3.94265 0.542066 0.613 6.222 0.538056 -0.262563  0.0997165 -0.0808613 3
1386493781.492403161 3.9726 0.530254 0.619 6.03601 0.459657 -0.181281  0.0920778 -0.0498161 3
1386493781.623265350 4.03521 0.504367 0.633 6.46701 0.478497 -0.197816  0.106983 0.0574831 3
1386493781.687948879 4.06776 0.493435 0.641 6.87001 0.503207 -0.169003  0.123679 0.10874 3
1386493781.818313995 4.13334 0.490604 0.651 7.957 0.502997 -0.021722  0.0767076 0.145526 3
1386493781.884040481 4.1656 0.493836 0.654 8.53601 0.490894 0.0491866  0.0456437 0.153753 3
1386493782.014913871 4.22908 0.513517 0.649 9.742 0.485011 0.15038  -0.0382049 0.160831 3
1386493782.077106167 4.25807 0.52558 0.646 10.268 0.46611 0.19396  -0.0482375 0.147614 3
1386493782.210106171 4.31929 0.557594 0.638 11.125 0.460316 0.240705  -0.0601504 0.112461 3
1386493782.274941768 4.34939 0.57268 0.635 11.477 0.464238 0.232679  -0.0462709 0.0947573 3
1386493782.405202478 4.4101 0.597995 0.631 11.846 0.466056 0.194347  -0.0307076 0.0494418 3
1386493782.537320390 4.4737 0.618851 0.633 12.117 0.48141 0.157858  0.015138 0.0357996 3
1386493782.602941115 4.50509 0.626976 0.634 12.223 0.478434 0.123812  0.0152391 0.0281938 3
1386493782.730974259 4.56627 0.636574 0.638 12.304 0.477792 0.0749673  0.0312419 0.0110409 3
1386493782.796675697 4.59791 0.640743 0.64 12.297 0.481545 0.0634535  0.0304407 -0.00186052 3
1386493782.926753185 4.65938 0.646938 0.639 12.44 0.472622 0.0476237  -0.00768773 0.0191879 3
1386493782.991325077 4.6907 0.65015 0.639 12.46 0.484967 0.0497386  0 0.005407 3
1386493783.122334007 4.75244 0.658657 0.637 12.642 0.471295 0.0649355  -0.0152661 0.0242453 3
1386493783.188329628 4.78468 0.663768 0.636 12.687 0.488441 0.0774465  -0.0151525 0.0119043 3
1386493783.318108036 4.84655 0.677171 0.63 12.792 0.476723 0.103275  -0.0462327 0.0141204 3
1386493783.382792186 4.8776 0.684579 0.627 12.814 0.480042 0.114528  -0.0463792 0.00593697 3
1386493783.515437251 4.94256 0.70564 0.623 12.905 0.489733 0.15878  -0.0301557 0.0119721 3
1386493783.579075147 4.9742 0.717355 0.617 12.911 0.497282 0.18408  -0.0942834 0.00164884 3
1386493783.710192214 5.04101 0.745761 0.608 12.489 0.509526 0.216651  -0.0686409 -0.056175 3
1386493783.839662290 5.105 0.77066 0.598 11.775 0.494275 0.192314  -0.0772379 -0.0962498 3
1386493783.905055141 5.13867 0.784101 0.589 11.417 0.514764 0.205543  -0.13763 -0.0955503 3
1386493784.035550651 5.20964 0.805061 0.581 10.882 0.543875 0.160621  -0.0613048 -0.0715548 3
1386493784.100604012 5.24586 0.812017 0.578 10.487 0.556829 0.10692  -0.046116 -0.105976 3
1386493784.230807270 5.32737 0.81199 0.578 9.81401 0.62598 -0.000208849  0 -0.0902118 3
1386493784.295923647 5.36854 0.810083 0.58 9.38701 0.632241 -0.0292768  0.0307142 -0.11445 3
1386493784.425320584 5.45621 0.798004 0.585 8.58101 0.677566 -0.0933527  0.0386408 -0.108715 3
1386493784.492177776 5.50055 0.78909 0.588 8.065 0.663111 -0.133321  0.0448718 -0.134705 3
1386493784.622691867 5.57575 0.763501 0.591 7.00601 0.576193 -0.196069  0.022986 -0.141616 3
1386493784.687742504 5.612 0.74883 0.594 6.60501 0.557381 -0.22553  0.0461179 -0.10759 3
1386493784.817602400 5.68103 0.71997 0.606 6.61501 0.531564 -0.222238  0.0924073 0.00134327 3
1386493784.882803332 5.71513 0.705078 0.612 6.925 0.522937 -0.228397  0.0920232 0.0829816 3
1386493785.013308869 5.77998 0.686132 0.623 8.11801 0.496922 -0.14518  0.0842876 0.159548 3
1386493785.143736271 5.83525 0.685813 0.634 10.167 0.423739 -0.00244338  0.0843381 0.274189 3
1386493785.208619998 5.86097 0.690205 0.634 11.213 0.396414 0.0676984  0 0.281364 3
1386493785.339495828 5.90621 0.713633 0.635 13.231 0.345656 0.179007  0.00764083 0.269116 3
1386493785.404200311 5.92827 0.728418 0.636 14.231 0.340987 0.228497  0.0154549 0.269739 3
1386493785.534939271 5.97062 0.770919 0.638 15.934 0.323904 0.325083  0.0152977 0.227346 3
1386493785.600170064 5.9919 0.79233 0.641 16.709 0.326322 0.328239  0.0459905 0.207359 3
1386493785.729968979 6.03903 0.839386 0.647 17.764 0.363102 0.362525  0.0462253 0.141861 3
1386493785.795247408 6.06417 0.862271 0.649 18.049 0.385063 0.350584  0.030638 0.0762006 3
1386493785.926267597 6.11681 0.907102 0.651 18.244 0.401783 0.34217  0.0152648 0.025975 3
1386493785.992182374 6.1448 0.927829 0.653 18.159 0.424607 0.314445  0.0303422 -0.0225045 3
1386493786.121023753 6.20249 0.961812 0.648 17.794 0.447761 0.263761  -0.0388074 -0.0494449 3
1386493786.188704916 6.23335 0.977846 0.642 17.501 0.455926 0.236897  -0.088651 -0.0755572 3
1386493786.318139023 6.29143 0.999923 0.627 17.021 0.448775 0.170569  -0.115889 -0.0647241 3
1386493786.382677018 6.32083 1.0107 0.619 16.756 0.455499 0.166961  -0.123958 -0.0716649 3
1386493786.513330442 6.38123 1.02798 0.602 16.141 0.462248 0.132288  -0.130115 -0.0821553 3
1386493786.643667183 6.44312 1.0434 0.583 15.41 0.474879 0.118314  -0.145776 -0.097888 3
1386493786.707298065 6.47348 1.05085 0.573 15.019 0.477115 0.117085  -0.157156 -0.107249 3
1386493786.839196722 6.53725 1.06441 0.556 14.213 0.483485 0.102781  -0.128887 -0.106653 3
1386493786.904785681 6.57049 1.07083 0.549 13.778 0.506839 0.0979593  -0.106725 -0.115753 3
1386493787.035540037 6.64516 1.07942 0.53 12.837 0.571055 0.0656389  -0.145311 -0.125605 3
1386493787.100867470 6.68285 1.0829 0.523 12.397 0.576864 0.0532749  -0.107153 -0.117554 3
1386493787.230390232 6.76179 1.08941 0.5 11.625 0.609517 0.050305  -0.177575 -0.104028 3
1386493787.295146191 6.80156 1.09382 0.493 11.063 0.614144 0.0680571  -0.108098 -0.151472 3
1386493787.426352334 6.88097 1.10511 0.477 9.955 0.605216 0.0860751  -0.121946 -0.147389 3
1386493787.491120749 6.91756 1.10974 0.464 9.317 0.564976 0.0714472  -0.200715 -0.171923 3
1386493787.621584718 6.97411 1.10666 0.459 7.80501 0.433405 -0.0236457  -0.0383248 -0.202272 3
1386493787.686895064 7.0016 1.10093 0.461 7.11101 0.42103 -0.0876894  0.030623 -0.185462 3
1386493787.817492709 7.04754 1.0793 0.475 6.013 0.351722 -0.165641  0.107199 -0.14674 3
1386493787.948421645 7.08512 1.05392 0.5 5.586 0.287038 -0.193852  0.190943 -0.0569209 3
1386493788.013434034 7.10503 1.04149 0.517 5.821 0.306243 -0.191215  0.261489 0.0630885 3
1386493788.078560440 7.12841 1.03054 0.533 6.429 0.358985 -0.168079  0.245676 0.162939 3
1386493788.208564557 7.19 1.01968 0.561 8.65601 0.473761 -0.0835616  0.215378 0.29898 3
1386493788.339602775 7.2626 1.03308 0.589 11.551 0.55404 0.102289  0.213678 0.385593 3
1386493788.404126610 7.30122 1.0454 0.6 12.904 0.598622 0.190993  0.17048 0.365977 3
1386493788.534623608 7.38111 1.08548 0.624 15.491 0.612158 0.307102  0.183912 0.345996 3
1386493788.599844255 7.42068 1.10701 0.634 16.552 0.606783 0.330079  0.153326 0.283929 3
1386493788.730201374 7.49812 1.15795 0.644 16.85 0.594006 0.390819  0.0767123 0.0398993 3
1386493788.795497809 7.53542 1.18026 0.648 16.468 0.571356 0.341614  0.0612591 -0.102107 3
1386493788.925226605 7.60472 1.21174 0.652 14.463 0.534125 0.242672  0.0308336 -0.269747 3
1386493788.991162316 7.63911 1.22296 0.65 13.303 0.521631 0.170129  -0.0303326 -0.307051 3
1386493789.121702152 7.70279 1.22303 0.646 10.949 0.487806 0.000570889  -0.030642 -0.314732 3
1386493789.252459717 7.76258 1.20156 0.634 9.17801 0.457261 -0.164246  -0.0917729 -0.236389 3
1386493789.317108136 7.79396 1.18795 0.62 8.403 0.485447 -0.210468  -0.216556 -0.209231 3
1386493789.447952164 7.85787 1.14982 0.595 7.21701 0.488405 -0.291428  -0.191067 -0.158199 3
1386493789.512524927 7.89039 1.12952 0.584 6.62601 0.503717 -0.314388  -0.17035 -0.159742 3
1386493789.644197251 7.95847 1.09282 0.552 5.97501 0.51699 -0.278708  -0.243028 -0.0862908 3
1386493789.708304555 7.99331 1.07724 0.541 5.73601 0.543585 -0.243062  -0.171587 -0.0650676 3
1386493789.839105883 8.06848 1.05332 0.522 5.491 0.574678 -0.182823  -0.145258 -0.0326926 3
1386493789.904564269 8.10677 1.04348 0.516 5.416 0.584976 -0.150445  -0.0916613 -0.0199966 3
1386493790.034559515 8.18177 1.03033 0.509 5.55701 0.576925 -0.101123  -0.0538481 0.0189317 3
1386493790.099540953 8.21856 1.02638 0.508 5.675 0.566059 -0.0607324  -0.015389 0.0316925 3
1386493790.230673019 8.29306 1.02272 0.508 5.907 0.568162 -0.0279293  0 0.0308778 3
1386493790.295794995 8.32863 1.02179 0.51 6.175 0.546219 -0.0143816  0.0307116 0.0718279 3
1386493790.428784554 8.39888 1.01937 0.512 6.681 0.528209 -0.0181412  0.0150388 0.066406 3
1386493790.556055410 8.46476 1.01352 0.512 7.10001 0.517635 -0.045984  0 0.0574604 3
1386493790.621182870 8.49844 1.00951 0.514 7.37001 0.517125 -0.0615798  0.030709 0.0723576 3
1386493790.751788660 8.56375 0.999423 0.516 7.77501 0.500119 -0.0772291  0.0153133 0.0541214 3
1386493790.818919424 8.59654 0.994208 0.517 8.03101 0.488419 -0.077681  0.0148963 0.0665565 3
1386493790.947698417 8.65688 0.985591 0.521 8.45 0.468549 -0.0669113  0.031061 0.0567855 3
1386493791.021772312 8.69092 0.981641 0.522 8.701 0.45946 -0.0533267  0.0135 0.0591423 3
1386493791.142685907 8.74784 0.978228 0.527 9.09801 0.470813 -0.028228  0.0413518 0.0573055 3
1386493791.212205781 8.78099 0.977428 0.53 9.226 0.476798 -0.0115026  0.0431531 0.0321327 3
1386493791.339056207 8.84173 0.980973 0.53 9.45 0.478794 0.0279467  0 0.0308199 3
1386493791.403869166 8.87243 0.983779 0.533 9.57701 0.473698 0.0432802  0.046287 0.0342033 3
1386493791.533798259 8.93408 0.991911 0.531 9.78101 0.474521 0.062589  -0.015393 0.0274025 3
1386493791.599279868 8.96466 0.995998 0.531 9.856 0.467046 0.0624253  0 0.0199895 3
1386493791.729885441 9.02473 1.00752 0.527 9.86301 0.459883 0.0882316  -0.0306266 0.000935941 3
1386493791.859544281 9.08175 1.02249 0.53 9.606 0.439791 0.115405  0.0231376 -0.0345951 3
1386493791.925636546 9.1108 1.0307 0.533 9.464 0.43952 0.124239  0.0453911 -0.0374982 3
1386493792.056263914 9.17263 1.04816 0.539 9.13901 0.473324 0.133674  0.0459322 -0.0434233 3
1386493792.119970200 9.20164 1.05546 0.541 9.028 0.455348 0.114568  0.0313941 -0.0304122 3
1386493792.252221604 9.26442 1.06785 0.543 8.757 0.474692 0.0937455  0.0151227 -0.0357635 3
1386493792.316708303 9.295 1.07284 0.545 8.56601 0.474229 0.0772743  0.0310141 -0.0516925 3
1386493792.447850364 9.36116 1.07942 0.548 8.23401 0.504521 0.0501841  0.022876 -0.044185 3
1386493792.515215189 9.39504 1.08187 0.548 8.09401 0.502986 0.0364175  0 -0.0362719 3
1386493792.644070716 9.45796 1.08307 0.551 7.72 0.488273 0.0092621  0.0232819 -0.0506589 3
1386493792.707984600 9.49055 1.08367 0.552 7.537 0.509876 0.00951885  0.0156461 -0.0499724 3
1386493792.839268525 9.55861 1.08489 0.556 7.22301 0.518438 0.00928608  0.0304683 -0.0417435 3
1386493792.903478953 9.59196 1.08562 0.556 7.11801 0.519348 0.0112508  0 -0.0285393 3
1386493793.033972959 9.65943 1.08558 0.554 6.905 0.51702 -0.000282768  -0.0153264 -0.02849 3
1386493793.099669072 9.69449 1.08503 0.553 6.836 0.533644 -0.00833567  -0.0152216 -0.0183311 3
1386493793.233941753 9.76789 1.08268 0.548 6.56201 0.546714 -0.0174811  -0.0372377 -0.0356139 3
1386493793.359935369 9.83484 1.08041 0.539 6.29601 0.531321 -0.0180146  -0.0714322 -0.0368486 3
1386493793.425596042 9.86935 1.07925 0.535 6.237 0.525553 -0.0177993  -0.0609193 -0.0156843 3
1386493793.555497554 9.93323 1.07553 0.526 6.19101 0.491807 -0.0286116  -0.0692833 -0.00617912 3
1386493793.620762813 9.96448 1.07414 0.522 6.14301 0.478804 -0.0212315  -0.0612883 -0.0128373 3
1386493793.751420406 10.0276 1.0714 0.517 6.05501 0.483054 -0.0209676  -0.038268 -0.0117547 3
1386493793.816619567 10.0583 1.07013 0.516 5.98801 0.471227 -0.0195329  -0.0153376 -0.0179357 3
1386493793.949017168 10.1242 1.06827 0.51 5.88 0.49771 -0.014021  -0.045318 -0.0142373 3
1386493794.011651084 10.1563 1.06745 0.507 5.84201 0.513028 -0.013124  -0.0478974 -0.0105873 3
1386493794.142907787 10.2265 1.06591 0.501 5.877 0.534659 -0.0117624  -0.045712 0.00465243 3
1386493794.208005321 10.2626 1.06533 0.498 5.914 0.554832 -0.00885814  -0.0460847 0.00992075 3
1386493794.340727627 10.3363 1.06213 0.494 5.996 0.555227 -0.0241157  -0.0301381 0.0107833 3
1386493794.404025436 10.3714 1.06064 0.492 6.028 0.553988 -0.023481  -0.0315967 0.00882282 3
1386493794.533949316 10.44 1.05785 0.489 5.871 0.528026 -0.0215317  -0.0230904 -0.0210902 3
1386493794.599630677 10.4755 1.05693 0.488 5.882 0.54048 -0.0139959  -0.015225 0.00292342 3
1386493794.729389161 10.5405 1.05414 0.49 5.82001 0.501129 -0.0214569  0.0154133 -0.00833889 3
1386493794.860195195 10.606 1.05433 0.49 5.7 0.500633 0.00139243  0 -0.0160128 3
1386493794.925106258 10.6372 1.05432 0.491 5.627 0.480349 -6.70679e-05  0.0154057 -0.0196277 3
1386493795.056653857 10.6983 1.05135 0.494 5.94701 0.464265 -0.0225795  0.0228054 0.0424575 3
1386493795.120578463 10.7293 1.04921 0.494 6.10901 0.484875 -0.0334927  0 0.0442315 3
1386493795.250959567 10.799 1.04126 0.492 6.823 0.534935 -0.0609475  -0.0153396 0.0955772 3
1386493795.316452437 10.8347 1.03731 0.491 7.379 0.54514 -0.0604322  -0.0152688 0.148169 3
1386493795.446617028 10.9063 1.03322 0.488 8.51001 0.550019 -0.031399  -0.0230477 0.151653 3
1386493795.514035846 10.9429 1.03349 0.488 9.15401 0.543267 0.00395934  0 0.166717 7
1386493795.578625513 10.9788 1.03417 0.489 10.16 0.554593 0.010525  0.0154824 0.271838 7
1386493795.707463321 11.0452 1.04582 0.498 11.89 0.515728 0.0904279  0.0698553 0.234358 7
1386493795.773638734 11.076 1.05353 0.503 12.42 0.465338 0.116574  0.0755568 0.139783 7
1386493795.910997078 11.1252 1.07633 0.514 12.828 0.358599 0.165955  0.0800825 0.0518427 7
1386493795.968810843 11.1415 1.08546 0.519 12.8 0.281135 0.157933  0.0864846 -0.00845283 7
1386493796.098954730 11.1596 1.10373 0.524 12.599 0.139374 0.140397  0.038419 -0.0269562 7
1386493796.163894223 11.163 1.11193 0.524 12.375 0.0517333 0.126359  0 -0.0602025 4
1386493796.295086620 11.1629 1.12195 0.508 11.96 -0.000575852 0.0763222  -0.121958 -0.055209 8
1386493796.359594043 11.1619 1.12635 0.48 11.591 -0.0159083 0.0682836  -0.434059 -0.0998385 8
1386493796.499511297 11.158 1.13012 0.409 10.897 -0.0280993 0.0269127  -0.507443 -0.0865697 8
1386493796.555390447 11.1562 1.13031 0.372 10.644 -0.0319694 0.00337567  -0.662143 -0.0790239 8
1386493796.685563486 11.15 1.12876 0.283 10.428 -0.047256 -0.011865  -0.683705 -0.0289592 8
1386493796.815796313 11.152 1.12642 0.207 10.586 0.0148529 -0.0179558  -0.58357 0.0211731 8
1386493796.881246475 11.1631 1.12902 0.192 10.645 0.169647 0.0397421  -0.229182 0.0157348 8
1386493797.016529631 11.1777 1.12758 0.171 10.803 0.107984 -0.0106633  -0.15523 0.0203847 2
1386493797.076736816 11.1868 1.12762 0 11.559 0.150957 0.000605111  -2.84019 0.219154 2
1386493797.207178227 11.1997 1.11715 0 11.544 0.09894 -0.0802561  0 -0.00200694 2
1386493797.272375378 11.2023 1.11684 0 11.56 0.04103 -0.00478628  0 0.00428085 2
1386493797.403943167 11.1993 1.1162 0 11.569 -0.023069 -0.00483858  0 0.00119426 2
1386493797.468003667 11.2005 1.11676 0 11.568 0.0179973 0.00869637  0 -0.000270222 2
1386493797.607414214 11.1983 1.11601 0 11.558 -0.0153261 -0.00534228  0 -0.00125316 2
1386493797.663740298 11.1979 1.11582 0 11.557 -0.00817605 -0.00347446  0 -0.000307327 2
1386493797.794047580 11.1969 1.1155 0 11.559 -0.00751008 -0.00242198  0 0.000267732 2
1386493797.858747369 11.1968 1.11551 0 11.558 -0.000890116 0.000123563  0 -0.000271668 2
1386493797.989607740 11.197 1.11549 0 11.553 0.00129246 -0.00014386  0 -0.000665483 2
1386493798.118571210 11.1972 1.11563 0 11.549 0.00162043 0.00107322  0 -0.000541043 2
1386493798.184486483 11.1974 1.11573 0 11.549 0.00322796 0.00159981  0 0 2
1386493798.315648741 11.1975 1.11582 0 11.545 0.000844006 0.00065843  0 -0.000534004 2
1386493798.381039408 11.1976 1.11589 0 11.545 0.000829434 0.00103589  0 0 2
1386493798.510242497 11.1978 1.11595 0 11.54 0.00158553 0.000481204  0 -0.000674019 2
1386493798.585788205 11.1979 1.11598 0 11.538 0.00136495 0.000350423  0 -0.000461805 2
1386493798.707813914 11.1981 1.11601 0 11.535 0.00133699 0.000250158  0 -0.000429944 2
1386493798.772127792 11.1981 1.11601 0 11.532 0.0012147 0.000115565  0 -0.000815754 2
1386493798.903028113 11.1983 1.11608 0 11.528 0.0011937 0.000494167  0 -0.000533038 2
1386493798.967897160 11.1983 1.11613 0 11.526 0.00061486 0.000730783  0 -0.000537813 2
1386493799.111954265 11.1985 1.11607 0 11.523 0.00113309 -0.000419718  0 -0.000362342 2
1386493799.162560731 11.1985 1.1161 0 11.522 0.000542706 0.000605624  0 -0.000347324 2
1386493799.294036654 11.1987 1.11613 0 11.52 0.00145746 0.000235859  0 -0.000265352 2
1386493799.359091065 11.1988 1.1161 0 11.519 0.000894179 -0.000460671  0 -0.000270187 2
1386493799.489897720 11.1989 1.11619 0 11.518 0.000982777 0.000705066  0 -0.000132337 2
1386493799.552778913 11.199 1.11623 0 11.516 0.000922644 0.000569033  0 -0.000554815 2
1386493799.685072575 11.1991 1.11622 0 11.513 0.000861832 -1.49684e-05  0 -0.000396574 2
1386493799.815473548 11.1992 1.11625 0 11.514 0.00111947 0.000201717  0 0.000134791 2
1386493799.881097846 11.1993 1.11631 0 11.511 0.00101927 0.000903949  0 -0.000799464 2
1386493800.011326843 11.1994 1.11632 0 11.507 0.000731143 4.23584e-05  0 -0.000535786 2
1386493800.076730626 11.1994 1.11633 0 11.508 0.000776245 0.000200399  0 0.000268744 2
1386493800.206791861 11.1995 1.1164 0 11.507 0.000911046 0.000558421  0 -0.000135143 2
1386493800.272049356 11.1996 1.11645 0 11.504 0.000772599 0.000675823  0 -0.000803958 2
1386493800.402378922 11.1997 1.11646 0 11.502 0.000944108 0.000100138  0 -0.000267686 2
1386493800.467534840 11.1998 1.11648 0 11.502 0.00176415 0.00027578  0 0 2
1386493800.597956255 11.2 1.11662 0 11.502 0.00122342 0.00110749  0 0 2
1386493800.664519158 11.2001 1.11668 0 11.5 0.00150965 0.000891825  0 -0.000524127 2
1386493800.793921340 11.2001 1.11665 0 11.499 0.000297325 -0.000220976  0 -0.000133773 2
1386493800.859002926 11.2002 1.11671 0 11.5 0.00112088 0.00093363  0 0.000265982 2
1386493800.989252965 11.2004 1.11683 0 11.497 0.00136028 0.000891222  0 -0.000400752 2
1386493801.056794163 11.2005 1.11691 0 11.494 0.00133855 0.00116728  0 -0.000776774 2
1386493801.185338092 11.2007 1.11696 0 11.492 0.00161271 0.000399989  0 -0.000271405 2
1386493801.314767820 11.2009 1.11702 0 11.491 0.00140986 0.000463058  0 -0.000135802 2
1386493801.380579739 11.201 1.1171 0 11.49 0.00134219 0.00118232  0 -0.000263031 2
1386493801.510921830 11.201 1.11723 0 11.488 0.000671592 0.000999758  0 -0.00026766 2
