18.0288 1.5776 0.539 1.38806e+09
18.0817 1.58199 0.542918 1.38806e+09
18.1338 1.58203 0.545431 1.38806e+09
18.1848 1.57655 0.546995 1.38806e+09
18.2345 1.56563 0.54792 1.38806e+09
18.2824 1.54979 0.548415 1.38806e+09
18.3285 1.52969 0.548624 1.38806e+09
18.3726 1.50594 0.548643 1.38806e+09
18.4149 1.47907 0.548536 1.38806e+09
18.4642 1.46954 0.552324 1.38806e+09
18.5106 1.45339 0.554657 1.38806e+09
18.5549 1.43306 0.556 1.38806e+09
18.5977 1.41028 0.556673 1.38806e+09
18.64 1.38625 0.556893 1.38806e+09
18.6822 1.36188 0.556811 1.38806e+09
18.7247 1.33782 0.556526 1.38806e+09
18.7678 1.31458 0.556109 1.38806e+09
18.8117 1.29255 0.555607 1.38806e+09
18.8565 1.27206 0.555051 1.38806e+09
18.9022 1.25336 0.554465 1.38806e+09
18.9488 1.23666 0.553863 1.38806e+09
19.0012 1.24364 0.556555 1.38806e+09
19.0526 1.24945 0.557387 1.38806e+09
19.1034 1.25254 0.556964 1.38806e+09
19.1537 1.25267 0.555706 1.38806e+09
19.2036 1.25006 0.553902 1.38806e+09
19.2531 1.2451 0.551752 1.38806e+09
19.3022 1.2382 0.549393 1.38806e+09
19.3511 1.22973 0.546917 1.38806e+09
19.3997 1.22001 0.544389 1.38806e+09
19.4481 1.20931 0.541849 1.38806e+09
19.4964 1.19785 0.539327 1.38806e+09
19.5446 1.1858 0.53684 1.38806e+09
19.5927 1.17332 0.5344 1.38806e+09
19.6408 1.16052 0.532013 1.38806e+09
19.6888 1.14749 0.529683 1.38806e+09
19.7369 1.1343 0.52741 1.38806e+09
19.7883 1.1273 0.531076 1.38806e+09
19.839 1.11774 0.533247 1.38806e+09
19.8893 1.10823 0.534407 1.38806e+09
19.9396 1.10012 0.534889 1.38806e+09
