0.736563 0.0664526 0.713 1.38649e+09
0.750966 0.0672219 0.711947 1.38649e+09
0.76524 0.0693678 0.710718 1.38649e+09
0.785194 0.0721738 0.709358 1.38649e+09
0.809924 0.0754572 0.707928 1.38649e+09
0.838671 0.0790891 0.706467 1.38649e+09
0.870791 0.082991 0.705 1.38649e+09
0.905742 0.0871179 0.703542 1.38649e+09
0.943067 0.0914436 0.702103 1.38649e+09
0.982384 0.0959519 0.700689 1.38649e+09
1.02337 0.100632 0.699301 1.38649e+09
1.06575 0.105474 0.69794 1.38649e+09
1.10931 0.110471 0.696605 1.38649e+09
1.15384 0.115614 0.695297 1.38649e+09
1.1992 0.120897 0.694013 1.38649e+09
1.24524 0.126311 0.692752 1.38649e+09
1.29186 0.13185 0.691511 1.38649e+09
1.33896 0.137505 0.690291 1.38649e+09
1.38646 0.143271 0.689088 1.38649e+09
1.4343 0.14914 0.687902 1.38649e+09
1.48242 0.155106 0.686732 1.38649e+09
1.53077 0.161162 0.685575 1.38649e+09
1.57932 0.167305 0.684432 1.38649e+09
1.62803 0.173527 0.683301 1.38649e+09
1.67687 0.179824 0.68218 1.38649e+09
1.72583 0.186192 0.681071 1.38649e+09
1.77488 0.192626 0.67997 1.38649e+09
1.82401 0.199122 0.678879 1.38649e+09
1.87321 0.205676 0.677796 1.38649e+09
1.92245 0.212286 0.676721 1.38649e+09
1.97174 0.218947 0.675653 1.38649e+09
2.02107 0.225658 0.674592 1.38649e+09
2.07042 0.232414 0.673537 1.38649e+09
2.1198 0.239215 0.672487 1.38649e+09
2.1692 0.246056 0.671444 1.38649e+09
2.21862 0.252937 0.670405 1.38649e+09
2.26804 0.259854 0.669372 1.38649e+09
2.31748 0.266807 0.668343 1.38649e+09
2.36692 0.273793 0.667318 1.38649e+09
2.41638 0.28081 0.666298 1.38649e+09
2.46583 0.287857 0.665281 1.38649e+09
2.51529 0.294932 0.664268 1.38649e+09
2.56475 0.302035 0.663258 1.38649e+09
2.61421 0.309163 0.662251 1.38649e+09
2.66368 0.316315 0.661247 1.38649e+09
2.71314 0.32349 0.660246 1.38649e+09
2.7626 0.330688 0.659248 1.38649e+09
2.81206 0.337906 0.658252 1.38649e+09
2.86153 0.345145 0.657259 1.38649e+09
2.91099 0.352402 0.656268 1.38649e+09
2.96045 0.359678 0.655279 1.38649e+09
3.00991 0.36697 0.654292 1.38649e+09
3.05936 0.374279 0.653307 1.38649e+09
3.10882 0.381604 0.652323 1.38649e+09
3.15827 0.388944 0.651342 1.38649e+09
3.20773 0.396298 0.650361 1.38649e+09
3.25718 0.403665 0.649383 1.38649e+09
3.30663 0.411045 0.648406 1.38649e+09
3.35608 0.418438 0.64743 1.38649e+09
3.40552 0.425842 0.646455 1.38649e+09
3.45497 0.433258 0.645482 1.38649e+09
3.50441 0.440684 0.644509 1.38649e+09
3.55386 0.44812 0.643538 1.38649e+09
3.6033 0.455566 0.642568 1.38649e+09
3.65274 0.463022 0.641598 1.38649e+09
3.70218 0.470486 0.64063 1.38649e+09
3.75162 0.477958 0.639662 1.38649e+09
3.80105 0.485439 0.638696 1.38649e+09
3.85049 0.492927 0.63773 1.38649e+09
3.89992 0.500422 0.636764 1.38649e+09
3.94936 0.507925 0.6358 1.38649e+09
3.99879 0.515433 0.634836 1.38649e+09
4.04822 0.522949 0.633872 1.38649e+09
4.09765 0.53047 0.63291 1.38649e+09
4.14708 0.537997 0.631947 1.38649e+09
4.19651 0.54553 0.630986 1.38649e+09
4.24594 0.553068 0.630024 1.38649e+09
4.29537 0.56061 0.629063 1.38649e+09
4.3448 0.568158 0.628103 1.38649e+09
4.39422 0.57571 0.627143 1.38649e+09
4.44365 0.583266 0.626183 1.38649e+09
4.49307 0.590827 0.625224 1.38649e+09
4.5425 0.598391 0.624265 1.38649e+09
4.59192 0.60596 0.623307 1.38649e+09
4.64134 0.613531 0.622348 1.38649e+09
4.69077 0.621107 0.62139 1.38649e+09
4.74019 0.628685 0.620433 1.38649e+09
4.78961 0.636267 0.619475 1.38649e+09
4.83903 0.643851 0.618518 1.38649e+09
4.88845 0.651439 0.617561 1.38649e+09
4.93787 0.659029 0.616604 1.38649e+09
4.98729 0.666621 0.615648 1.38649e+09
5.03671 0.674217 0.614691 1.38649e+09
5.08613 0.681814 0.613735 1.38649e+09
5.13555 0.689414 0.612779 1.38649e+09
5.18497 0.697016 0.611823 1.38649e+09
5.23439 0.704619 0.610868 1.38649e+09
5.28381 0.712225 0.609912 1.38649e+09
5.33323 0.719833 0.608957 1.38649e+09
5.38264 0.727442 0.608001 1.38649e+09
5.43206 0.735053 0.607046 1.38649e+09
5.48148 0.742666 0.606091 1.38649e+09
5.53089 0.75028 0.605136 1.38649e+09
5.58031 0.757896 0.604181 1.38649e+09
5.62973 0.765513 0.603227 1.38649e+09
5.67914 0.773132 0.602272 1.38649e+09
5.72856 0.780751 0.601318 1.38649e+09
5.77797 0.788372 0.600363 1.38649e+09
5.82739 0.795994 0.599409 1.38649e+09
5.87681 0.803617 0.598455 1.38649e+09
5.92622 0.811242 0.5975 1.38649e+09
5.97564 0.818867 0.596546 1.38649e+09
6.02505 0.826493 0.595592 1.38649e+09
6.07447 0.83412 0.594638 1.38649e+09
6.12388 0.841748 0.593684 1.38649e+09
6.1733 0.849377 0.59273 1.38649e+09
6.22271 0.857006 0.591776 1.38649e+09
6.27212 0.864637 0.590822 1.38649e+09
6.32154 0.872268 0.589869 1.38649e+09
6.37095 0.879899 0.588915 1.38649e+09
6.42037 0.887532 0.587961 1.38649e+09
6.46978 0.895165 0.587007 1.38649e+09
6.51919 0.902798 0.586054 1.38649e+09
6.56861 0.910432 0.5851 1.38649e+09
6.61802 0.918067 0.584147 1.38649e+09
6.66744 0.925702 0.583193 1.38649e+09
6.71685 0.933338 0.58224 1.38649e+09
6.76626 0.940974 0.581286 1.38649e+09
6.81568 0.948611 0.580333 1.38649e+09
6.8301 0.948919 0.579509 1.38649e+09
6.85023 0.949783 0.578673 1.38649e+09
6.87511 0.951583 0.577833 1.38649e+09
6.90391 0.954668 0.576993 1.38649e+09
6.93591 0.95932 0.576155 1.38649e+09
6.94855 0.966128 0.575744 1.38649e+09
6.96606 0.975966 0.575456 1.38649e+09
6.98815 0.98732 0.575252 1.38649e+09
7.01439 0.999268 0.575105 1.38649e+09
7.04433 1.01111 0.574997 1.38649e+09
7.07752 1.02233 0.574915 1.38649e+09
7.11352 1.03253 0.574851 1.38649e+09
7.15194 1.04142 0.574799 1.38649e+09
7.1924 1.04876 0.574755 1.38649e+09
7.23457 1.05438 0.574717 1.38649e+09
7.24891 1.05296 0.57379 1.38649e+09
7.26896 1.05114 0.572826 1.38649e+09
7.2938 1.0492 0.571847 1.38649e+09
7.32268 1.04731 0.570864 1.38649e+09
7.35495 1.04557 0.569887 1.38649e+09
7.39008 1.04401 0.568918 1.38649e+09
7.4276 1.04264 0.567959 1.38649e+09
7.46712 1.04143 0.567011 1.38649e+09
7.50834 1.04037 0.566072 1.38649e+09
7.55096 1.03943 0.565142 1.38649e+09
7.59478 1.03859 0.564219 1.38649e+09
7.63959 1.03783 0.563302 1.38649e+09
7.68523 1.03713 0.562389 1.38649e+09
7.73158 1.03649 0.561481 1.38649e+09
7.77851 1.03589 0.560575 1.38649e+09
7.82594 1.03533 0.559671 1.38649e+09
7.87378 1.03479 0.558767 1.38649e+09
7.92197 1.03426 0.557864 1.38649e+09
7.97045 1.03375 0.556961 1.38649e+09
8.01917 1.03325 0.556058 1.38649e+09
8.0681 1.03276 0.555153 1.38649e+09
8.1172 1.03227 0.554248 1.38649e+09
8.16644 1.03178 0.553341 1.38649e+09
8.21581 1.0313 0.552432 1.38649e+09
8.26528 1.03081 0.551522 1.38649e+09
8.31483 1.03032 0.55061 1.38649e+09
8.36445 1.02982 0.549696 1.38649e+09
8.41414 1.02933 0.548781 1.38649e+09
8.46387 1.02882 0.547863 1.38649e+09
8.51365 1.02832 0.546944 1.38649e+09
8.56346 1.02781 0.546023 1.38649e+09
8.6133 1.0273 0.545101 1.38649e+09
8.66317 1.02678 0.544177 1.38649e+09
8.71306 1.02626 0.543251 1.38649e+09
8.76297 1.02574 0.542323 1.38649e+09
8.81289 1.02521 0.541394 1.38649e+09
8.86282 1.02467 0.540464 1.38649e+09
8.91276 1.02414 0.539532 1.38649e+09
8.96271 1.0236 0.538599 1.38649e+09
9.01267 1.02305 0.537665 1.38649e+09
9.06264 1.02251 0.536729 1.38649e+09
9.11261 1.02195 0.535792 1.38649e+09
9.16258 1.0214 0.534854 1.38649e+09
9.21256 1.02084 0.533915 1.38649e+09
9.26254 1.02028 0.532976 1.38649e+09
9.31252 1.01972 0.532035 1.38649e+09
9.36251 1.01915 0.531093 1.38649e+09
9.4125 1.01858 0.53015 1.38649e+09
9.46249 1.01801 0.529207 1.38649e+09
9.51248 1.01744 0.528262 1.38649e+09
9.56247 1.01686 0.527318 1.38649e+09
9.61246 1.01629 0.526372 1.38649e+09
9.66245 1.01571 0.525426 1.38649e+09
9.71245 1.01512 0.524479 1.38649e+09
9.76244 1.01454 0.523531 1.38649e+09
9.81243 1.01395 0.522583 1.38649e+09
9.86243 1.01337 0.521634 1.38649e+09
9.91242 1.01278 0.520685 1.38649e+09
9.96242 1.01219 0.519736 1.38649e+09
10.0124 1.01159 0.518786 1.38649e+09
10.0624 1.011 0.517835 1.38649e+09
10.1124 1.0104 0.516884 1.38649e+09
10.1624 1.00981 0.515933 1.38649e+09
10.2124 1.00921 0.514982 1.38649e+09
10.2624 1.00861 0.51403 1.38649e+09
10.3124 1.00801 0.513077 1.38649e+09
10.3624 1.00741 0.512125 1.38649e+09
10.4124 1.00681 0.511172 1.38649e+09
10.4624 1.0062 0.510219 1.38649e+09
10.5124 1.0056 0.509266 1.38649e+09
10.5624 1.005 0.508312 1.38649e+09
10.6124 1.00439 0.507358 1.38649e+09
10.6624 1.00378 0.506404 1.38649e+09
10.7124 1.00318 0.50545 1.38649e+09
10.7624 1.00257 0.504495 1.38649e+09
10.8123 1.00196 0.503541 1.38649e+09
10.8623 1.00135 0.502586 1.38649e+09
