1388057641.047811750 0 0 0 25.368 0 0  0 0.0640534 2
1388057641.147892772 0 0 0 25.374 0 0  0 0.00104644 2
1388057641.247790608 0 0 0 25.384 0 0  0 0.00174715 2
1388057641.347895522 0 0 0 25.391 0 0  0 0.00122044 2
1388057641.447793070 0 0 0 25.394 0 0  0 0.000523848 2
1388057641.547795452 0 0 0 25.401 0 0  0 0.0012217 2
1388057641.647788402 0 0 0 25.408 0 0  0 0.00122214 2
1388057641.747882134 0 0 0 25.415 0 0  0 0.00122058 2
1388057641.847809851 0 0 0 25.424 0 0  0 0.00157174 2
1388057641.947924194 0 0 0 25.43 0 0  0 0.00104609 2
1388057642.047797301 0 0 0 25.434 0 0  0 0.000698968 2
1388057642.147797782 0 0 0 25.439 0 0  0 0.000872514 2
1388057642.247805413 0 0 0 25.445 0 0  0 0.00104721 2
1388057642.347792784 0 0 0 25.449 0 0  0 0.000698169 2
1388057642.447790762 0 0 0 25.458 0 0  0 0.00157096 2
1388057642.547841266 0 0 0 25.46 0 0  0 0.000348698 2
1388057642.647903634 0 0 0 25.475 0 0  0 0.00261659 2
1388057642.747817461 0 0 0 25.476 0 0  0 0.000174587 2
1388057642.847833112 0 0 0 25.491 0 0  0 0.00261748 2
1388057642.947826355 0 0 0 25.498 0 0  0 0.00122181 2
1388057643.047789060 0 0 0 25.5 0 0  0 0.000349337 2
1388057643.147902274 0 0 0 25.51 0 0  0 0.0017434 2
1388057643.247970800 0 0 0 25.51 0 0  0 0 2
1388057643.347928901 0 0 0 25.521 0 0  0 0.00192061 2
1388057643.447894274 0 0 0 25.531 0 0  0 0.00174597 2
1388057643.547978850 0 0 0 25.534 0 0  0 0.000523202 2
1388057643.647813958 0 0 0 25.539 0 0  0 0.000873959 2
1388057643.747924673 0 0 0 25.547 0 0  0 0.00139495 2
1388057643.847799030 0 0 0 25.553 0 0  0 0.00104827 2
1388057643.947812368 0 0 0 25.562 0 0  0 0.00157072 2
1388057644.047832565 0 0 0 25.569 0 0  0 0.00122148 2
1388057644.147893407 0 0 0 25.578 0 0  0 0.00156964 2
1388057644.247891736 0 0 0 25.581 0 0  0 0.000523653 2
1388057644.347801156 0 0 0 25.59 0 0  0 0.00157236 2
1388057644.447902781 0 0 0 25.593 0 0  0 0.000523112 2
1388057644.547785316 0 0 0 25.609 0 0  0 0.00279561 2
1388057644.647925076 0 0 0 25.613 0 0  0 0.000697439 2
1388057644.747800001 0 0 0 25.622 0 0  0 0.00157257 2
1388057644.847921671 0 0 0 25.625 0 0  0 0.000523008 2
1388057644.947802600 0 0 0 25.636 0 0  0 0.00192209 2
1388057645.047779983 0 0 0 25.644 0 0  0 0.00139648 2
1388057645.147908009 0 0 0 25.649 0 0  0 0.000871735 2
1388057645.247821755 0 0 0 25.658 0 0  0 0.00157229 2
1388057645.347839155 0 0 0 25.666 0 0  0 0.00139592 2
1388057645.447924091 0 0 0 25.672 0 0  0 0.0010464 2
1388057645.547820523 0 0 0 25.683 0 0  0 0.0019218 2
1388057645.647897697 0 0 0 25.689 0 0  0 0.00104615 2
1388057645.747793996 0 0 0 25.7 0 0  0 0.00192213 2
1388057645.847930469 0 0 0 25.708 0 0  0 0.00139426 2
1388057645.947892970 0 0 0 25.715 0 0  0 0.00122218 2
1388057646.047805332 0 0 0 25.72 0 0  0 0.000873283 2
1388057646.147924473 0 0 0 25.727 0 0  0 0.00122027 2
1388057646.247794940 0 0 0 25.736 0 0  0 0.00157297 2
1388057646.347781185 0 0 0 25.743 0 0  0 0.00122189 2
1388057646.447907748 0 0 0 25.747 0 0  0 0.000697199 2
1388057646.547832667 0 0 0 25.753 0 0  0 0.00104808 2
1388057646.647811799 0 0 0 25.761 0 0  0 0.00139645 2
1388057646.747942203 0 0 0 25.764 0 0  0 0.000522962 2
1388057646.847796301 0 0 0 25.778 0 0  0 0.00244702 2
1388057646.947795126 0 0 0 25.784 0 0  0 0.0010473 2
1388057647.047814409 0 0 0 25.785 0 0  0 0.000174403 2
1388057647.147917011 0 0 0 25.798 0 0  0 0.00226669 2
1388057647.247821124 0 0 0 25.8 0 0  0 0.000349209 2
1388057647.347822388 0 0 0 25.812 0 0  0 0.00209455 2
1388057647.447827007 0 0 0 25.819 0 0  0 0.00122167 2
1388057647.547922498 0 0 0 25.824 0 0  0 0.000871686 2
1388057647.747921435 0 0 0 25.841 0 0  0 0.00148356 2
1388057647.947812656 0 0 0 25.843 0 0  0 0.000174699 2
1388057648.047783614 0 0 0 25.861 0 0  0 0.00314244 2
1388057648.147924414 0 0 0 25.871 0 0  0 0.00174292 2
1388057648.247929036 0 0 0 25.88 0 0  0 0.00157053 2
1388057648.347815059 0 0 0 25.886 0 0  0 0.00104848 2
1388057648.447912636 0 0 0 25.89 0 0  0 0.000697401 2
1388057648.547820937 -0.00486658 -0.000248328 0.046 25.897 -0.0487104 0  0.460422 0.00122285 7
1388057648.647915580 -0.0138116 -0.000706281 0.18 25.903 -0.0893655 0  1.33873 0.0010463 7
1388057648.747925229 -0.0255428 -0.00132154 0.326 25.91 -0.117301 0  1.45986 0.00122161 7
1388057648.847838005 -0.0390743 -0.00188646 0.432 25.917 -0.135434 0  1.06093 0.00122279 7
1388057648.947793523 -0.0503299 -0.00254251 0.311 25.901 -0.112606 0  -1.21054 -0.0027939 7
1388057649.047901782 -0.0620633 -0.00331263 0.328 25.876 -0.117207 0  0.169816 -0.00435854 7
1388057649.247902077 -0.0859363 -0.0065173 0.193 25.935 -0.119365 -0.0160234  -0.674999 0.00514872 7
1388057649.347774553 -0.0993549 -0.0082799 0.192 25.934 -0.134358 -0.0176485  -0.0100128 -0.00017466 7
1388057649.447906352 -0.113415 -0.0102051 0.178 25.953 -0.140412 -0.0192263  -0.139816 0.0033116 7
1388057649.647797406 -0.146837 -0.014961 0.096 25.968 -0.167203 -0.0237925  -0.410223 0.00130982 7
1388057649.747927742 -0.165383 -0.0173379 0.145 25.969 -0.18522 -0.0237384  0.489362 0.00017421 7
1388057649.847795888 -0.185679 -0.0196831 0.173 25.963 -0.203226 -0.0234831  0.28037 -0.00104867 7
1388057649.947903379 -0.206002 -0.0220163 0.17 25.969 -0.203008 -0.0233064  -0.0299678 0.00104616 7
1388057650.047808263 -0.228472 -0.0243206 0.18 25.983 -0.22492 -0.0230655  0.100095 0.00244578 7
1388057650.147890751 -0.250824 -0.0267295 0.119 25.987 -0.223337 -0.0240686  -0.609497 0.000697506 7
1388057650.247790401 -0.275582 -0.0293361 0.19 25.955 -0.247824 -0.0260925  0.710713 -0.00559059 7
1388057650.347896079 -0.301083 -0.0320305 0.185 26.018 -0.25474 -0.026916  -0.0499472 0.0109839 7
1388057653.747860203 -0.48088 -0.178159 1.211 12.979 -0.0528821 -0.0429793  0.301768 -0.0669341 7
1388057653.847904283 -0.486829 -0.180429 1.213 12.96 -0.0594651 -0.0226878  0.0199912 -0.00331467 7
1388057653.947820553 -0.49276 -0.181867 1.22 12.89 -0.0593598 -0.0143933  0.0700587 -0.0122275 7
1388057654.047931531 -0.497167 -0.185491 1.216 12.784 -0.0440212 -0.0362061  -0.0399557 -0.01848 7
1388057654.347971362 -0.508182 -0.193599 1.219 12.712 -0.0367115 -0.0270204  0 -0.00418826 7
1388057654.447798233 -0.513202 -0.19394 1.205 12.672 -0.0502906 0  -0.140243 -0.00699342 7
1388057654.547811512 -0.517062 -0.194153 1.206 12.668 -0.0385894 0  0 -0.000697988 4
1388057654.647972292 -0.520802 -0.196814 1.2 12.637 -0.0373409 -0.0265729  -0.0599037 -0.00540186 4
1388057654.748003653 -0.524318 -0.196499 1.194 12.578 -0.0351535 0  -0.0599812 -0.0102942 4
1388057654.848100542 6.95855 0.305268 1.185 -179.977 0.0320614 0  -0.0899129 -33.5747 4
1388057655.048364758 6.96526 0.301816 1.183 -179.994 0.0335137 -0.0172362  0 -0.00148159 4
1388057657.562563455 3.95832 -3.51665 0.76 -143.64 -1.19599 -1.51876  -0.168244 0.252365 3
1388057657.663103612 3.8242 -3.69333 0.754 -139.033 -1.33396 -1.75726  -0.0596776 0.799753 3
1388057657.763620237 3.69522 -3.87 0.754 -138.619 -1.2832 -1.75766  0 0.0718855 3
1388057657.864233095 3.56824 -4.04317 0.769 -141.354 -1.26204 -1.72114  0.149086 -0.47444 3
1388057657.964753778 3.44337 -4.21243 0.773 -142.397 -1.24226 -1.68384  0.0397928 -0.181095 3
1388057658.065295486 3.32532 -4.36435 0.783 -145.974 -1.1741 -1.51099  0.0994612 -0.620941 3
1388057658.110201467 3.28721 -4.40089 0.801 -151.166 -0.848755 -0.813749  0.400837 -2.01794 3
1388057658.147857924 3.25543 -4.42654 0.809 -154.034 -0.843876 -0.681007  0.212447 -1.32928 3
1388057658.248098397 3.17096 -4.48116 0.824 -157.184 -0.842643 -0.544985  0.14964 -0.548459 3
1388057658.347871067 3.11392 -4.47771 0.858 -160.823 -0.571677 0.0346502  0.340775 -0.636573 8
1388057658.448043872 3.03064 -4.50865 0.871 -161.463 -0.83142 -0.308925  0.129776 -0.111508 8
1388057658.847898617 2.65521 -4.65063 0.872 -161.52 -0.938909 -0.355077  0 -0.00248796 8
1388057658.947885294 2.60828 -4.66868 0.724 -163.194 -0.46942 -0.180517  -1.4802 -0.292207 8
1388057659.047903530 2.5969 -4.67453 0.673 -163.696 -0.113708 -0.0585166  -0.509907 -0.0875997 8
1388057659.148086159 2.59481 -4.67609 0.657 -163.97 -0.0208779 -0.0154877  -0.159708 -0.0477349 8
1388057659.348061185 2.58616 -4.67256 0.663 -164.217 -0.0432864 0.0176235  0.0300037 -0.0215575 4
1388057659.547897555 2.58111 -4.66393 0.673 -164.666 -0.0252289 0.0431978  0.0500409 -0.0392147 9
1388057659.647881570 2.57648 -4.65671 0.628 -164.756 -0.0463448 0.072205  -0.450072 -0.0157105 9
1388057659.947915470 2.56869 -4.63655 0.543 -164.797 -0.025979 0.0671837  -0.283301 -0.00238504 9
1388057660.047903177 2.56592 -4.6315 0.479 -164.715 -0.0276502 0.0505623  -0.640079 0.0143136 9
1388057660.148019194 2.56341 -4.62655 0.443 -164.55 -0.0250799 0.0494502  -0.359583 0.0287644 9
1388057660.247915202 2.56091 -4.62119 0.428 -164.469 -0.0249794 0.0536334  -0.150156 0.0141518 9
1388057660.348064810 2.55976 -4.61817 0.278 -163.794 -0.0115437 0.0301701  -1.49776 0.117634 9
1388057660.447994352 2.55878 -4.61538 0.27 -163.752 0 0.0278779  -0.0800564 0.00733552 9
1388057660.547961112 2.56416 -4.61226 0.095 -162.988 0.0538097 0.0312398  -1.75058 0.133387 9
1388057660.648096745 2.57329 -4.59462 0.037 -162.74 0.0911405 0.176134  -0.579214 0.0432254 9
1388057660.748011480 2.59269 -4.57263 -0.005 -162.872 0.194146 0.220077  -0.420358 -0.023058 9
1388057660.847861192 2.61103 -4.56047 -0.025 -162.487 0.183738 0.121827  -0.200301 0.0672964 9
1388057660.948093699 2.61103 -4.56047 0 -162.579 0 0  0.24942 -0.0160196 2
1388057661.048067651 2.61103 -4.56047 0 -163.202 0 0  0 -0.108763 2
1388057661.148097626 2.61103 -4.56047 0 -163.802 0 0  0 -0.104688 2
1388057661.547998486 2.61103 -4.56047 0 -163.826 0 0  0 -0.00104738 2
1388057661.647995481 2.61103 -4.56047 0 -163.791 0 0  0 0.00610881 2
1388057664.547931427 2.61103 -4.56047 0 -163.551 0 0  0 0.00144444 2
1388057664.648101294 2.61103 -4.56047 0 -163.55 0 0  0 0.000174141 2
1388057664.848047805 2.61103 -4.56047 0 -163.543 0 0  0 0.000611026 2
1388057664.948068620 2.61103 -4.56047 0 -163.524 0 0  0 0.00331561 2
1388057665.047877616 2.61103 -4.56047 0 -163.52 0 0  0 0.000699417 2
1388057665.147965903 2.61103 -4.56047 0 -163.507 0 0  0 0.00226668 2
1388057665.248081151 2.61103 -4.56047 0 -163.505 0 0  0 0.000348805 2
1388057668.347939376 2.61103 -4.56047 0 -163.224 0 0  0 0.00158213 2
1388057668.448165045 2.61103 -4.56047 0 -163.216 0 0  0 0.00139302 2
1388057668.548296275 2.61103 -4.56047 0 -163.209 0 0  0 0.00122012 2
1388057668.648202705 2.61103 -4.56047 0 -163.206 0 0  0 0.000524134 2
1388057668.748102274 2.61103 -4.56047 0 -163.196 0 0  0 0.00174712 2
1388057668.848077840 2.61103 -4.56047 0 -163.192 0 0  0 0.000698252 2
1388057669.048095794 2.61103 -4.56047 0 -163.192 0 0  0 0 2
1388057669.148014165 2.61103 -4.56047 0 -163.168 0 0  0 0.00419224 2
1388057669.247904303 2.61103 -4.56047 0 -163.167 0 0  0 0.000174629 2
1388057669.348122925 2.61103 -4.56047 0 -163.155 0 0  0 0.00209001 2
1388057673.647992481 2.61103 -4.56047 0 -162.8 0 0  0 0.00144095 2
1388057675.148094765 2.61103 -4.56047 0 -162.678 0 0  0 0.00141943 2
1388057675.748098228 2.61103 -4.56047 0 -162.628 0 0  0 0.00145447 2
1388057676.048036296 2.61103 -4.56047 0 -162.602 0 0  0 0.00151288 2
1388057678.848006047 2.61103 -4.56047 0 -162.418 0 0  0 0.00114694 2
1388057679.147937752 2.61103 -4.56047 0 -162.353 0 0  0 0.00378244 2
1388057679.447982828 2.61103 -4.56047 0 -162.33 0 0  0 0.00133782 2
1388057679.547853699 2.61103 -4.56047 0 -162.318 0 0  0 0.00209728 2
1388057679.647990592 2.61103 -4.56047 0 -162.31 0 0  0 0.00139425 2
1388057679.748084750 2.61103 -4.56047 0 -162.306 0 0  0 0.000697424 2
1388057681.047880901 2.61103 -4.56047 0 -162.305 0 0  0 1.3446e-05 2
1388057681.148082744 2.61103 -4.56047 0 -162.199 0 0  0 0.018463 2
1388057681.248004043 2.61103 -4.56047 0 -162.188 0 0  0 0.00192132 2
1388057681.347876098 2.61103 -4.56047 0 -162.18 0 0  0 0.00139828 2
1388057681.447849425 2.61103 -4.56047 0 -162.166 0 0  0 0.0024441 2
1388057681.548091926 2.61103 -4.56047 0 -162.164 0 0  0 0.00034803 2
1388057681.647869211 2.61103 -4.56047 0 -162.163 0 0  0 0.00017516 2
1388057681.747883183 2.61103 -4.56047 0 -162.145 0 0  0 0.00314109 2
1388057681.848387653 2.61103 -4.56047 0 -162.139 0 0  0 0.0010417 2
1388057681.948061924 2.61103 -4.56047 0 -162.131 0 0  0 0.00140106 2
1388057682.048079801 2.61103 -4.56047 0 -162.13 0 0  0 0.000174406 2
1388057682.148062493 2.61103 -4.56047 0 -162.118 0 0  0 0.00209461 2
1388057689.048071008 2.61103 -4.56047 0 -161.559 0 0  0 0.00141397 2
1388057689.247855143 2.61103 -4.56047 0 -161.543 0 0  0 0.00139784 2
1388057689.348088417 2.61103 -4.56047 0 -161.54 0 0  0 0.000522425 2
1388057689.448072220 2.61103 -4.56047 0 -161.538 0 0  0 0.000349264 2
1388057692.447955242 2.61103 -4.56047 0 -161.268 0 0  0 0.00157085 2
1388057694.647978998 2.61103 -4.56047 0 -161.083 0 0  0 0.00146766 2
1388057694.748080760 2.61103 -4.56047 0 -161.082 0 0  0 0.00017426 2
1388057694.847935645 2.61103 -4.56047 0 -161.082 0 0  0 0 2
1388057694.948060109 2.61103 -4.56047 0 -161.066 0 0  0 0.00278885 2
1388057695.048079385 2.61103 -4.56047 0 -161.059 0 0  0 0.00122149 2
1388057695.147963811 2.61103 -4.56047 0 -161.05 0 0  0 0.00157275 2
1388057695.348171253 2.61103 -4.56047 0 -161.034 0 0  0 0.00139488 2
1388057695.449317771 2.61103 -4.56047 0 -161.034 0 0  0 0 2
1388057695.548078446 2.61103 -4.56047 0 -161.014 0 0  0 0.00353421 2
1388057695.947856511 2.61103 -4.56047 0 -160.968 0 0  0 0.00200831 2
1388057696.048055785 2.61103 -4.56047 0 -160.967 0 0  0 0.00017409 2
1388057696.148063478 2.61103 -4.56047 0 -160.967 0 0  0 0 2
1388057699.647974600 2.61103 -4.56047 0 -160.763 0 0  0 0.00101731 2
1388057699.748047522 2.61103 -4.56047 0 -160.681 0 0  0 0.0143011 2
1388057699.948078894 2.61103 -4.56047 0 -160.68 0 0  0 8.73713e-05 2
1388057700.548320088 2.61103 -4.56047 0 -160.608 0 0  0 0.00209351 2
1388057701.947949549 2.61103 -4.56047 0 -160.608 0 0  0 0 2
1388057702.048080988 2.61103 -4.56047 0 -160.475 0 0  0 0.0231826 2
1388057703.647925990 2.61103 -4.56047 0 -160.47 0 0  0 5.45585e-05 2
1388057703.748029849 2.61103 -4.56047 0 -160.335 0 0  0 0.0235372 2
1388057704.447931076 2.61103 -4.56047 0 -160.277 0 0  0 0.0014463 2
1388057704.548113858 2.61103 -4.56047 0 -160.275 0 0  0 0.000348902 2
1388057704.948013938 2.61103 -4.56047 0 -160.242 0 0  0 0.00144013 2
1388057708.547960561 2.61103 -4.56047 0 -159.972 0 0  0 0.00130902 2
1388057708.748298041 2.61103 -4.56047 0 -159.937 0 0  0 0.00304917 2
1388057710.148106844 2.61103 -4.56047 0 -159.844 0 0  0 0.00115958 2
1388057710.448072502 2.61103 -4.56047 0 -159.802 0 0  0 0.00244373 2
1388057711.248091001 2.61103 -4.56047 0 -159.735 0 0  0 0.00146163 2
1388057713.548080404 2.61103 -4.56047 0 -159.543 0 0  0 0.00145699 2
1388057713.788498623 2.61103 -4.56047 0 -159.541 0 0  0 0.000145111 2
1388057714.148094480 2.61103 -4.56047 0 -159.497 0 0  0 0.0021357 2
1388057714.247907804 2.61103 -4.56047 0 -159.496 0 0  0 0.000174763 2
1388057714.348011387 2.61103 -4.56047 0 -159.484 0 0  0 0.00209241 2
1388057714.448027310 2.61103 -4.56047 0 -159.474 0 0  0 0.00174476 2
1388057714.548017825 2.61103 -4.56047 0 -159.469 0 0  0 0.000872934 2
1388057715.648091374 2.61103 -4.56047 0 -159.469 0 0  0 0 2
1388057715.748018540 2.61103 -4.56047 0 -159.373 0 0  0 0.0167675 2
1388057716.248101825 2.61103 -4.56047 0 -159.373 0 0  0 0 2
1388057716.348094496 2.61103 -4.56047 0 -159.316 0 0  0 0.00994897 2
1388057716.448087298 2.61103 -4.56047 0 -159.308 0 0  0 0.00139626 2
1388057716.548048834 2.61103 -4.56047 0 -159.258 0 0  0 0.00872987 2
1388057716.747891571 2.61103 -4.56047 0 -161.388 0 0  0 -0.186024 2
1388057716.848091181 2.61103 -4.56047 0 -159.454 0 0  0 0.336874 2
1388057716.948065629 2.61103 -4.56047 0 -159.104 0 0  0 0.0611019 2
1388057717.847991444 2.61103 -4.56047 0 -153.607 0 0  0 0.10661 2
1388057717.948062268 2.61103 -4.56047 0 -150.457 0 0  0 0.549389 2
1388057718.047871960 2.61103 -4.56047 0 -149.976 0 0  0 0.0841109 2
1388057718.148130865 2.61103 -4.56047 0 -149.999 0 0  0 -0.00400435 2
1388057718.248032820 2.61103 -4.56047 0 -150.213 0 0  0 -0.0373862 2
1388057718.348010544 2.61103 -4.56047 0 -150.28 0 0  0 -0.0116965 2
1388057718.448083042 2.61103 -4.56047 0 -150.445 0 0  0 -0.0287772 2
1388057718.847946323 2.61103 -4.56047 0 -156.998 0 0  0 -0.286026 2
1388057718.948110668 2.61103 -4.56047 0 -157.064 0 0  0 -0.0115006 2
1388057719.547905731 2.61103 -4.56047 0 -171.497 0 0  0 -0.419982 2
1388057719.648014204 2.61103 -4.56047 0 -172.618 0 0  0 -0.195439 2
1388057719.747855457 2.61103 -4.56047 0 -171.201 0 0  0 0.247707 2
1388057719.847877748 2.61103 -4.56047 0 -170.235 0 0  0 0.168561 2
1388057719.948106970 2.61103 -4.56047 0 -168.846 0 0  0 0.241872 2
1388057720.848068128 2.61103 -4.56047 0 -168.668 0 0  0 0.00345201 2
1388057721.047901018 2.61103 -4.56047 0 179.318 0 0  0 30.3929 2
1388057721.148111595 2.61103 -4.56047 0 179.833 0 0  0 0.0896956 2
1388057721.248029259 2.61103 -4.56047 0 -178.707 0 0  0 -62.6286 2
1388057721.348014738 2.61103 -4.56047 0 -177.082 0 0  0 0.283657 2
1388057721.448019062 2.61103 -4.56047 0 -179.065 0 0  0 -0.346084 2
1388057721.547996034 2.61103 -4.56047 0 179.309 0 0  0 62.5625 2
1388057721.647943104 2.61103 -4.56047 0 177.752 0 0  0 -0.271892 2
1388057721.748078181 2.61103 -4.56047 0 -179.855 0 0  0 -62.33 2
1388057721.848051235 2.61103 -4.56047 0 -177.341 0 0  0 0.438894 2
1388057721.948201668 2.61103 -4.56047 0 -177.089 0 0  0 0.0439162 2
1388057722.048080928 2.61103 -4.56047 0 -176.258 0 0  0 0.145212 2
1388057722.148082262 2.61103 -4.56047 0 -176.047 0 0  0 0.036826 2
1388057722.247957739 2.61103 -4.56047 0 -174.735 0 0  0 0.229273 2
1388057722.348149738 2.61103 -4.56047 0 -172.295 0 0  0 0.425044 2
1388057722.447852088 2.61103 -4.56047 0 -171.547 0 0  0 0.13094 2
1388057722.547977180 2.61103 -4.56047 0 -173.127 0 0  0 -0.275417 2
1388057722.647911812 2.61103 -4.56047 0 -174.769 0 0  0 -0.286771 2
1388057722.748017277 2.61103 -4.56047 0 -176.14 0 0  0 -0.239033 2
1388057722.947876354 2.61103 -4.56047 0 -176.75 0 0  0 -0.05327 2
1388057723.047870855 2.61103 -4.56047 0 -176.706 0 0  0 0.00767981 2
1388057723.147835583 2.61103 -4.56047 0 -176.7 0 0  0 0.00104766 2
1388057723.248104413 2.61103 -4.56047 0 -176.699 0 0  0 0.000173969 2
1388057723.347910112 2.61103 -4.56047 0 -176.684 0 0  0 0.00262315 2
1388057723.448089406 2.61103 -4.56047 0 -176.693 0 0  0 -0.00156795 2
1388057723.547921586 2.61103 -4.56047 0 -176.703 0 0  0 -0.0017483 2
1388057723.648098980 2.61103 -4.56047 0 -176.703 0 0  0 0 2
1388057723.748023423 2.61103 -4.56047 0 -176.702 0 0  0 0.000174736 2
1388057723.847883264 2.61103 -4.56047 0 -176.672 0 0  0 0.00524329 2
1388057723.948103481 2.61103 -4.56047 0 -176.666 0 0  0 0.00104482 2
1388057724.048096086 2.61103 -4.56047 0 -176.657 0 0  0 0.00157088 2
1388057724.147899344 2.61103 -4.56047 0 -176.65 0 0  0 0.0012243 2
1388057724.248023601 2.61103 -4.56047 0 -176.644 0 0  0 0.00104582 2
1388057724.348101967 2.61103 -4.56047 0 -176.639 0 0  0 0.000872001 2
1388057724.447858724 2.61103 -4.56047 0 -176.633 0 0  0 0.00104967 2
1388057724.548084731 2.61103 -4.56047 0 -176.622 0 0  0 0.00191564 2
1388057725.347855989 2.61103 -4.56047 0 -176.566 0 0  0 0.00122205 2
1388057725.447904046 2.61103 -4.56047 0 -176.56 0 0  0 0.00104679 2
1388057725.548106312 2.61103 -4.56047 0 -176.558 0 0  0 0.000348502 2
1388057725.648030609 2.61103 -4.56047 0 -176.547 0 0  0 0.00192126 2
1388057725.747889967 2.61103 -4.56047 0 -176.538 0 0  0 0.00157314 2
1388057725.848190772 2.61103 -4.56047 0 -176.531 0 0  0 0.00121806 2
1388057725.947891577 2.61103 -4.56047 0 -176.52 0 0  0 0.00192557 2
1388057726.048018700 2.61103 -4.56047 0 -176.512 0 0  0 0.00139439 2
1388057726.147822592 2.61103 -4.56047 0 -176.503 0 0  0 0.00157402 2
1388057726.248101054 2.61103 -4.56047 0 -176.502 0 0  0 0.000173953 2
1388057726.348055797 2.61103 -4.56047 0 -176.499 0 0  0 0.000523881 2
1388057726.448096740 2.61103 -4.56047 0 -176.492 0 0  0 0.00122123 2
1388057726.548028864 2.61103 -4.56047 0 -176.48 0 0  0 0.00209567 2
1388057726.647904063 2.61103 -4.56047 0 -176.475 0 0  0 0.000873942 2
1388057726.748021817 2.61103 -4.56047 0 -176.464 0 0  0 0.00191755 2
1388057727.148098251 2.61103 -4.56047 0 -176.434 0 0  0 0.00130869 2
1388057727.248080580 2.61103 -4.56047 0 -176.433 0 0  0 0.000174801 2
1388057727.347991551 2.61103 -4.56047 0 -176.424 0 0  0 0.001572 2
1388057727.448064538 2.61103 -4.56047 0 -176.418 0 0  0 0.00104652 2
1388057727.547884913 2.61103 -4.56047 0 -176.408 0 0  0 0.00174851 2
1388057727.648071953 2.61103 -4.56047 0 -176.4 0 0  0 0.00139356 2
1388057727.747999125 2.61103 -4.56047 0 -176.393 0 0  0 0.00122262 2
1388057728.247899072 2.61103 -4.56047 0 -176.386 0 0  0 0.000244394 2
1388057728.347959075 2.61103 -4.56047 0 -176.349 0 0  0 0.00645396 2
1388057728.447882605 2.61103 -4.56047 0 -176.337 0 0  0 0.00209585 2
1388057728.547903497 2.61103 -4.56047 0 -176.329 0 0  0 0.0013962 2
1388057728.648010432 2.61103 -4.56047 0 -176.322 0 0  0 0.00122042 2
1388057728.747850428 2.61103 -4.56047 0 -176.312 0 0  0 0.00174817 2
1388057728.848321157 2.61103 -4.56047 0 -176.305 0 0  0 0.001216 2
1388057730.647925785 2.61103 -4.56047 0 -176.165 0 0  0 0.00135777 2
1388057730.947945360 2.61103 -4.56047 0 -176.14 0 0  0 0.00145432 2
1388057731.047949834 2.61103 -4.56047 0 -176.132 0 0  0 0.0013961 2
1388057731.147972262 2.61103 -4.56047 0 -176.128 0 0  0 0.000698257 2
1388057732.047965551 2.61103 -4.56047 0 -176.066 0 0  0 0.00120232 2
1388057732.148084851 2.61103 -4.56047 0 -176.061 0 0  0 0.000871811 2
1388057732.247915071 2.61103 -4.56047 0 -176.045 0 0  0 0.00279741 2
1388057732.347887417 2.61103 -4.56047 0 -176.039 0 0  0 0.00104724 2
1388057732.448100853 2.61103 -4.56047 0 -176.036 0 0  0 0.000522529 2
1388057733.647963707 2.61103 -4.56047 0 -175.946 0 0  0 0.00130915 2
1388057734.047845772 2.61103 -4.56047 0 -175.91 0 0  0 0.00157123 2
1388057734.147924141 2.61103 -4.56047 0 -175.902 0 0  0 0.0013954 2
1388057734.447878067 2.61103 -4.56047 0 -175.882 0 0  0 0.00116365 2
1388057734.547998618 2.61103 -4.56047 0 -175.874 0 0  0 0.00139481 2
1388057735.148119692 2.61103 -4.56047 0 -175.821 0 0  0 0.00154138 2
1388057735.247887761 2.61103 -4.56047 0 -175.817 0 0  0 0.000699704 2
1388057735.347943019 2.61103 -4.56047 0 -175.805 0 0  0 0.00209342 2
1388057735.447940295 2.61103 -4.56047 0 -175.799 0 0  0 0.00104698 2
1388057735.547983737 2.61103 -4.56047 0 -175.796 0 0  0 0.000523417 2
1388057736.348053429 2.61103 -4.56047 0 -175.792 0 0  0 8.72525e-05 2
1388057736.447868849 2.61103 -4.56047 0 -175.721 0 0  0 0.0124149 2
1388057736.547866057 2.61103 -4.56047 0 -175.715 0 0  0 0.00104732 2
1388057736.647989828 2.61103 -4.56047 0 -175.701 0 0  0 0.00244043 2
1388057736.747898899 2.61103 -4.56047 0 -175.694 0 0  0 0.00122284 2
1388057736.847901981 2.61103 -4.56047 0 -175.686 0 0  0 0.00139612 2
1388057736.948084058 2.61103 -4.56047 0 -175.68 0 0  0 0.00104538 2
1388057737.047811406 2.61103 -4.56047 0 -175.678 0 0  0 0.000349828 2
1388057737.148075899 2.61103 -4.56047 0 -175.66 0 0  0 0.00313324 2
1388057737.248037775 2.61103 -4.56047 0 -175.655 0 0  0 0.000873184 2
1388057737.348060480 2.61103 -4.56047 0 -175.646 0 0  0 0.00157024 2
1388057737.448011110 2.61103 -4.56047 0 -175.646 0 0  0 0 2
1388057737.547935974 2.61103 -4.56047 0 -175.633 0 0  0 0.00227072 2
1388057737.647877939 2.61103 -4.56047 0 -175.629 0 0  0 0.000698486 2
1388057737.747892546 2.61103 -4.56047 0 -175.619 0 0  0 0.00174511 2
1388057737.848101170 2.61103 -4.56047 0 -175.61 0 0  0 0.00156766 2
1388057737.947953110 2.61103 -4.56047 0 -175.609 0 0  0 0.000174696 2
1388057738.047882649 2.61103 -4.56047 0 -175.597 0 0  0 0.00209605 2
1388057738.147814766 2.61103 -4.56047 0 -175.588 0 0  0 0.00157167 2
1388057738.247857872 2.61103 -4.56047 0 -175.585 0 0  0 0.000523418 2
1388057738.347863528 2.61103 -4.56047 0 -175.574 0 0  0 0.0019197 2
1388057738.448055816 2.61103 -4.56047 0 -175.567 0 0  0 0.00121938 2
1388057738.548128173 2.61103 -4.56047 0 -175.558 0 0  0 0.0015698 2
1388057738.648045911 2.61103 -4.56047 0 -175.554 0 0  0 0.000698656 2
1388057738.747998005 2.61103 -4.56047 0 -175.54 0 0  0 0.00244462 2
1388057738.847854064 2.61103 -4.56047 0 -175.532 0 0  0 0.00139817 2
1388057738.947847859 2.61103 -4.56047 0 -175.525 0 0  0 0.0012218 2
1388057739.047916660 2.61103 -4.56047 0 -175.521 0 0  0 0.000697601 2
1388057739.147950614 2.61103 -4.56047 0 -175.509 0 0  0 0.00209387 2
1388057739.247858634 2.61103 -4.56047 0 -175.499 0 0  0 0.00174698 2
1388057739.347884343 2.61103 -4.56047 0 -175.491 0 0  0 0.0013958 2
1388057739.447876670 2.61103 -4.56047 0 -175.486 0 0  0 0.000872585 2
1388057739.547881212 2.61103 -4.56047 0 -175.479 0 0  0 0.001222 2
1388057739.647831567 2.61103 -4.56047 0 -175.47 0 0  0 0.00157138 2
1388057739.748114292 2.61103 -4.56047 0 -175.462 0 0  0 0.00139223 2
1388057739.847867545 2.61103 -4.56047 0 -175.456 0 0  0 0.00104988 2
1388057739.948075398 2.61103 -4.56047 0 -175.452 0 0  0 0.000696633 2
1388057740.047829850 2.61103 -4.56047 0 -175.447 0 0  0 0.000875 2
1388057740.147925958 2.61103 -4.56047 0 -175.445 0 0  0 0.000348539 2
1388057740.248002164 2.61103 -4.56047 0 -175.438 0 0  0 0.00122079 2
1388057740.347850121 2.61103 -4.56047 0 -175.424 0 0  0 0.00244717 2
1388057740.447896152 2.61103 -4.56047 0 -175.42 0 0  0 0.000698093 2
1388057740.548028367 2.61103 -4.56047 0 -175.416 0 0  0 0.000697159 2
1388057740.647866550 2.61103 -4.56047 0 -175.406 0 0  0 0.0017482 2
1388057740.747930747 2.61103 -4.56047 0 -175.402 0 0  0 0.000697633 2
1388057740.848053817 2.61103 -4.56047 0 -175.387 0 0  0 0.00261467 2
1388057740.947869581 2.61103 -4.56047 0 -175.382 0 0  0 0.000874129 2
1388057741.047929508 2.61103 -4.56047 0 -175.375 0 0  0 0.00122099 2
1388057741.147813371 2.61103 -4.56047 0 -175.368 0 0  0 0.00122315 2
1388057741.247987425 2.61103 -4.56047 0 -175.36 0 0  0 0.00139407 2
1388057741.347842714 2.61103 -4.56047 0 -175.358 0 0  0 0.00034938 2
1388057741.447852154 2.61103 -4.56047 0 -175.343 0 0  0 0.00261797 2
1388057741.548072864 2.61103 -4.56047 0 -175.334 0 0  0 0.00156714 2
1388057741.647948971 2.61103 -4.56047 0 -175.331 0 0  0 0.000524294 2
1388057741.747952672 2.61103 -4.56047 0 -175.319 0 0  0 0.0020945 2
1388057741.848086363 2.61103 -4.56047 0 -175.311 0 0  0 0.0013943 2
1388057741.948049489 2.61103 -4.56047 0 -175.31 0 0  0 0.000174501 2
1388057742.048052360 2.61103 -4.56047 0 -175.294 0 0  0 0.00279258 2
1388057742.147987345 2.61103 -4.56047 0 -175.283 0 0  0 0.00192106 2
1388057742.248003138 2.61103 -4.56047 0 -175.275 0 0  0 0.00139594 2
1388057742.349331723 2.61103 -4.56047 0 -175.273 0 0  0 0.000344628 2
1388057742.448218261 2.61103 -4.56047 0 -175.262 0 0  0 0.00194142 2
1388057742.548055121 2.61103 -4.56047 0 -175.257 0 0  0 0.000873944 2
1388057742.647813970 2.61103 -4.56047 0 -175.243 0 0  0 0.00244936 2
1388057742.748081886 2.61103 -4.56047 0 -175.236 0 0  0 0.00121846 2
1388057742.848065335 2.61103 -4.56047 0 -175.235 0 0  0 0.000174799 2
1388057742.947998160 2.61103 -4.56047 0 -175.22 0 0  0 0.00261965 2
1388057743.048083790 2.61103 -4.56047 0 -175.213 0 0  0 0.00122068 2
1388057743.147851713 2.61103 -4.56047 0 -175.204 0 0  0 0.00157459 2
1388057743.248069270 2.61103 -4.56047 0 -175.196 0 0  0 0.00139313 2
1388057743.348067674 2.61103 -4.56047 0 -175.193 0 0  0 0.000523652 2
1388057743.447860327 2.61103 -4.56047 0 -175.175 0 0  0 0.00314806 2
1388057743.548105127 2.61103 -4.56047 0 -175.168 0 0  0 0.00121874 2
1388057743.647998703 2.61103 -4.56047 0 -175.16 0 0  0 0.00139765 2
1388057743.747936192 2.61103 -4.56047 0 -175.154 0 0  0 0.00104794 2
1388057743.847946191 2.61103 -4.56047 0 -175.149 0 0  0 0.000872764 2
1388057743.992292269 2.61103 -4.56047 0 -175.134 0 0  0 0.00181362 2
1388057744.047895151 2.61103 -4.56047 0 -175.13 0 0  0 0.00125548 2
1388057744.148066897 2.61103 -4.56047 0 -175.124 0 0  0 0.00104549 2
1388057744.247932041 2.61103 -4.56047 0 -175.115 0 0  0 0.00157272 2
1388057744.347846840 2.61103 -4.56047 0 -175.11 0 0  0 0.000873595 2
1388057744.447862907 2.61103 -4.56047 0 -175.102 0 0  0 0.00139594 2
1388057744.547919557 2.61103 -4.56047 0 -175.095 0 0  0 0.00122103 2
1388057744.648073710 2.61103 -4.56047 0 -175.085 0 0  0 0.00174268 2
1388057744.747889615 2.61103 -4.56047 0 -175.085 0 0  0 0 2
1388057744.848005553 2.61103 -4.56047 0 -175.068 0 0  0 0.00296366 2
1388057744.948011008 2.61103 -4.56047 0 -175.059 0 0  0 0.00157051 2
1388057745.047946550 2.61103 -4.56047 0 -175.058 0 0  0 0.000174883 2
1388057745.147872600 2.61103 -4.56047 0 -175.042 0 0  0 0.00279439 2
1388057745.247927150 2.61103 -4.56047 0 -175.033 0 0  0 0.00157008 2
1388057745.347829938 2.61103 -4.56047 0 -175.024 0 0  0 0.00157246 2
1388057745.448073621 2.61103 -4.56047 0 -175.021 0 0  0 0.000522039 2
1388057745.547871856 2.61103 -4.56047 0 -175.02 0 0  0 0.000175123 2
1388057745.647997504 2.61103 -4.56047 0 -175.005 0 0  0 0.0026146 2
1388057745.747918175 2.61103 -4.56047 0 -175.001 0 0  0 0.000698635 2
1388057745.848043408 2.61103 -4.56047 0 -174.994 0 0  0 0.0012202 2
1388057745.948116192 2.61103 -4.56047 0 -174.984 0 0  0 0.0017441 2
1388057746.048108094 2.61103 -4.56047 0 -174.98 0 0  0 0.000698138 2
1388057746.147869733 2.61103 -4.56047 0 -174.968 0 0  0 0.00209958 2
1388057746.247946004 2.61103 -4.56047 0 -174.961 0 0  0 0.00122079 2
