-0.00509347 0.0013729 0 -3.184 -0.00328472 0.000885364 1.55066 6
-0.00527133 0.00138171 0 -3.235 -0.0027266 0.000135134 0.0652321 6
-0.00538899 0.00135237 0 -3.118 -0.0018347 -0.000457467 0.0641307 6
-0.00549388 0.00136499 0 -3.188 -0.00159655 0.000192071 0.0656979 6
-0.00563643 0.00135063 0 -3.184 -0.00203335 -0.000204833 0.0701054 6
-0.00580218 0.0013358 0 -3.183 -0.0025532 -0.000228549 0.0649204 6
-0.0059863 0.00133248 0 -3.169 -0.00281005 -5.0602e-05 0.0655212 6
-0.00613364 0.00136076 0 -3.181 -0.00223516 0.000429111 0.0659159 6
-0.00620676 0.00142403 0 -3.188 -0.00114462 0.000990211 0.0638889 6
-0.0062448 0.00152781 0 -3.142 -0.000587141 0.00160182 0.0647877 6
-0.00637061 0.0015893 0 -3.089 -0.0019134 0.000935245 0.0657486 6
-0.00649272 0.00168595 0 -3.034 -0.00177569 0.00140555 0.0687668 6
-0.0065804 0.00173697 0 -2.969 -0.00144699 0.000841822 0.0605985 6
-0.00670543 0.00176356 0 -2.844 -0.00191917 0.000408154 0.0651479 6
-0.00679682 0.00183966 0 -2.903 -0.00141036 0.00117438 0.064799 6
-0.00696007 0.00186761 0 -2.812 -0.00250774 0.000429415 0.0650963 6
-0.00704676 0.00194011 0 -2.775 -0.00133541 0.00111682 0.0649166 6
-0.00724877 0.00192318 0 -2.818 -0.0031011 -0.000259852 0.0651425 6
-0.0073091 0.00198083 0 -2.758 -0.000928652 0.000887234 0.0649719 6
-0.00739777 0.00201591 0 -2.798 -0.0013616 0.000538847 0.0651155 6
-0.00751042 0.00204785 0 -2.784 -0.00172876 0.000490157 0.0651622 6
-0.00765313 0.00200428 0 -2.631 -0.00211669 -0.000646333 0.0674225 6
-0.00772505 0.00210181 0 -2.629 -0.00113182 0.00153499 0.0635412 6
-0.00780563 0.00224399 0 -2.622 -0.00126194 0.00222639 0.0638599 6
-0.00791057 0.00227389 0 -2.451 -0.001611 0.000459077 0.0651409 6
-0.00796476 0.00234444 0 -2.291 -0.000833008 0.00108455 0.0650477 6
-0.00799484 0.00239241 0 -2.227 -0.000445294 0.000710152 0.0675516 6
-0.00798118 0.00243159 0 -2.133 0.000218709 0.000627159 0.0624665 6
-0.00792522 0.0023318 0 -1.996 0.000829151 -0.00147872 0.0674838 6
-0.00795108 0.00204155 0 -1.91 -0.000410976 -0.00461434 0.0629018 6
-0.0079022 0.00165629 0 -1.818 0.000768795 -0.00605939 0.0635803 6
-0.00778833 0.000884467 0 -1.741 0.00174258 -0.0118122 0.0653416 6
-0.00767146 -4.20476e-05 0 -1.91 0.00176091 -0.0139602 0.0663682 6
-0.00755749 -0.00121593 0 -2.024 0.0017529 -0.0180548 0.0650178 6
-0.00753476 -0.00191148 0 -2.018 0.000351185 -0.0107447 0.0647341 6
-0.00699407 -0.00288713 0 -2.109 0.00840311 -0.0151632 0.0643435 6
-0.00577351 -0.00424613 0 -2.237 0.0185382 -0.0206407 0.0658408 6
-0.0043762 -0.00565239 0 -2.219 0.0206526 -0.020785 0.0676576 6
-0.00364897 -0.00632713 0 -2.135 0.0117351 -0.0108881 0.0619706 6
-0.00303324 -0.00711024 0 -2.017 0.0094844 -0.0120626 0.06492 6
-0.00366512 -0.00830697 0.277 -67.951 -0.00970825 -0.0183868 0.0650865 6
-0.00717502 -0.0118062 0.336 -67.853 -0.0488673 -0.0487195 0.0718251 6
-0.0101613 -0.0143232 0.397 -67.871 -0.0504233 -0.0424986 0.0592239 6
-0.01322 -0.0172147 0.478 -67.85 -0.0478318 -0.0452165 0.0639484 6
-0.0183153 -0.0189233 0.555 -67.786 -0.0782009 -0.0262226 0.0651557 6
-0.0254457 -0.022392 0.62 -67.781 -0.109748 -0.0533884 0.0649712 6
-0.0297977 -0.0269243 0.685 -67.761 -0.0668948 -0.0696664 0.0650571 6
-0.0326097 -0.033757 0.743 -67.761 -0.0425656 -0.103427 0.0660636 6
-0.032422 -0.0398223 0.796 -67.785 0.00293747 -0.0948935 0.063916 6
-0.0383338 -0.0475134 0.837 -67.771 -0.0820701 -0.106772 0.0720332 6
-0.0425023 -0.0524123 0.862 -67.778 -0.0719724 -0.0845842 0.0579181 6
-0.0462276 -0.0564027 0.879 -67.79 -0.0572586 -0.0613314 0.0650618 6
-0.0516407 -0.0615491 0.881 -67.851 -0.0829413 -0.0788569 0.0652636 6
-0.0600162 -0.0689215 0.872 -67.93 -0.129176 -0.113703 0.0648385 6
-0.0689348 -0.0767334 0.855 -67.979 -0.135955 -0.119086 0.065599 6
-0.074455 -0.0830444 0.835 -68.032 -0.0780037 -0.0891764 0.070769 6
-0.0781492 -0.0880509 0.813 -68.087 -0.0630142 -0.0853991 0.0586252 6
-0.0787146 -0.0939146 0.793 -68.174 -0.00865545 -0.0897627 0.0653243 6
-0.0810366 -0.100693 0.778 -68.176 -0.0358217 -0.104579 0.0648206 6
-0.0856738 -0.105399 0.764 -68.212 -0.0713762 -0.0724217 0.0649682 6
-0.0887972 -0.108293 0.758 -68.237 -0.0479257 -0.0444157 0.0651716 6
-0.0898858 -0.10826 0.753 -68.278 -0.0165363 0.000509082 0.0658307 6
-0.0899995 -0.107008 0.756 -68.385 -0.00177546 0.0195421 0.0640418 6
-0.0884966 -0.104599 0.757 -68.494 0.0236578 0.0379272 0.0635288 6
-0.0872883 -0.101196 0.76 -68.499 0.0172832 0.0486762 0.0699085 6
-0.0852215 -0.0982517 0.762 -68.595 0.0334668 0.0476747 0.0617558 6
-0.0832067 -0.0953732 0.763 -68.632 0.0309761 0.0442539 0.0650445 6
-0.0809909 -0.0924664 0.766 -68.659 0.0349094 0.0457967 0.0634724 6
-0.0783281 -0.0888417 0.766 -68.69 0.0406213 0.0552926 0.0655539 6
-0.0763693 -0.0861198 0.766 -68.691 0.0297067 0.041282 0.0659355 6
-0.0746393 -0.0836759 0.768 -68.698 0.0266808 0.0376905 0.0648417 6
-0.0726256 -0.0810048 0.768 -68.714 0.0309606 0.0410685 0.0650403 6
-0.0712783 -0.0792894 0.766 -68.703 0.0186224 0.0237088 0.0723506 6
-0.0671382 -0.0777961 0.763 -68.734 0.0698896 0.0252086 0.059238 6
-0.0635625 -0.0754208 0.764 -68.703 0.0532705 0.0353871 0.0671223 6
-0.0612437 -0.0728478 0.763 -68.687 0.0355418 0.039438 0.065243 6
-0.0581511 -0.0709842 0.758 -68.695 0.0520196 0.0313466 0.0594497 6
-0.0548625 -0.0691193 0.756 -68.658 0.049047 0.0278139 0.0670509 6
-0.0513095 -0.066986 0.757 -68.676 0.0545161 0.0327331 0.065172 6
-0.0475057 -0.0640459 0.756 -68.674 0.0586028 0.0452957 0.0649087 6
-0.0449372 -0.0624047 0.757 -68.639 0.0393869 0.0251668 0.0652124 6
-0.0426397 -0.0615058 0.754 -68.55 0.0357196 0.0139764 0.0643193 6
-0.0399526 -0.0600936 0.754 -68.564 0.0408526 0.0214699 0.0657766 6
-0.0377328 -0.060185 0.757 -68.571 0.034066 -0.00140345 0.0651608 6
-0.0360618 -0.060062 0.757 -68.526 0.0251291 0.00184935 0.0664982 6
-0.0346167 -0.0596333 0.758 -68.551 0.0227322 0.00674369 0.0635708 6
-0.0336728 -0.0592382 0.759 -68.537 0.0146003 0.00611281 0.0646444 4
-0.0667653 0.0108845 0.76 0.0690002 0.0101707 0.0181203 0.0674354 3
-0.0670172 0.0112717 0.762 0.128006 -0.00196995 0.00302845 0.127864 3
-0.0662559 0.0118135 0.765 0.225006 0.0117586 0.00836877 0.0647458 3
-0.0618284 0.0124863 0.772 -0.0919952 0.0340428 0.00517296 0.130056 3
-0.061829 0.014036 0.775 -0.432999 -8.99198e-06 0.0238494 0.064977 3
-0.0487629 0.0150994 0.781 -0.980995 0.100248 0.00815897 0.130336 3
-0.0385944 0.0139444 0.785 -1.352 0.157395 -0.0178771 0.0646054 3
-0.00114332 0.00971724 0.79 -1.638 0.287863 -0.0324917 0.1301 3
0.0229543 0.00471826 0.792 -1.643 0.370849 -0.0769315 0.0649795 3
0.0884132 -0.00779235 0.802 -1.033 0.487528 -0.0931771 0.134267 3
0.120469 -0.0136287 0.806 -0.535995 0.52618 -0.0958008 0.0609222 3
0.193437 -0.0240535 0.816 1.529 0.56166 -0.0802432 0.129915 3
0.265166 -0.0288736 0.828 4.485 0.548472 -0.0368569 0.130779 3
0.299153 -0.0292341 0.833 6.181 0.528468 -0.00560422 0.064313 3
0.361387 -0.0205354 0.849 10.326 0.472233 0.0660053 0.131787 3
0.390015 -0.0138349 0.855 12.496 0.443429 0.103789 0.0645592 3
0.439914 0.00863686 0.872 16.6 0.388902 0.17514 0.128307 3
0.464675 0.0226861 0.872 18.556 0.384628 0.218235 0.0643766 3
0.51588 0.061204 0.878 22.011 0.384121 0.288948 0.133304 3
0.53967 0.0803506 0.879 23.618 0.377379 0.303711 0.0630423 3
0.588688 0.12333 0.884 26.54 0.371652 0.325875 0.13189 3
0.639453 0.165491 0.895 29.291 0.39727 0.329927 0.127787 3
0.667247 0.187031 0.903 30.579 0.412904 0.320014 0.0673122 3
0.7321 0.225082 0.904 33.414 0.505474 0.296568 0.128302 3
0.768409 0.242386 0.908 34.926 0.564595 0.269069 0.0643103 3
0.841704 0.279112 0.916 38.736 0.53263 0.266892 0.137609 3
0.871782 0.2952 0.919 40.736 0.504504 0.269847 0.0596179 3
0.925693 0.33225 0.93 45.619 0.421233 0.289487 0.127986 3
0.95043 0.352571 0.934 48.184 0.370897 0.304681 0.0666953 3
0.98466 0.396582 0.948 53.166 0.266047 0.342079 0.128658 3
0.998734 0.423042 0.949 55.635 0.21832 0.410441 0.0644675 3
1.02133 0.493659 0.949 60.077 0.173376 0.541873 0.130319 3
1.04612 0.590237 0.954 64.084 0.190476 0.742005 0.130159 3
1.05787 0.640079 0.952 65.903 0.179778 0.762418 0.0653736 3
1.07813 0.720285 0.952 69.275 0.156226 0.618591 0.129659 3
1.08708 0.769571 0.952 70.95 0.135495 0.746229 0.0660465 3
1.10122 0.871369 0.958 74.5 0.10975 0.790037 0.128853 3
1.10607 0.921134 0.96 76.339 0.0744938 0.764512 0.0650934 3
1.10489 1.01064 0.971 80.484 -0.0090929 0.68756 0.130182 3
1.10297 1.06084 0.973 82.604 -0.0253413 0.663154 0.0756939 3
1.09182 1.13621 0.984 85.954 -0.093549 0.6325 0.119166 3
1.08378 1.17527 0.992 87.224 -0.123657 0.600395 0.0650506 3
1.05898 1.23919 0.999 87.251 -0.190504 0.491106 0.130154 3
1.03614 1.29915 1.003 85.726 -0.176339 0.46283 0.129553 3
1.02487 1.33078 1.01 84.42 -0.170783 0.479604 0.0659516 3
1.01178 1.39737 1.016 80.959 -0.101321 0.515575 0.129161 3
1.00831 1.42962 1.016 79.078 -0.0532441 0.494363 0.0652264 3
1.01165 1.49576 1.017 74.808 0.0249712 0.495391 0.133521 3
1.01645 1.52671 1.014 72.664 0.07786 0.50192 0.0616602 3
1.03777 1.59354 1.011 68.128 0.158593 0.497017 0.134465 3
1.0511 1.62297 1.011 65.856 0.219755 0.485317 0.0606299 3
1.0952 1.67892 1.012 61.446 0.338308 0.429257 0.130352 3
1.1195 1.70363 1.015 59.243 0.37641 0.382539 0.06458 3
1.17999 1.74919 1.022 55.388 0.464899 0.350191 0.130104 3
1.24361 1.78638 1.03 52.041 0.489735 0.28633 0.129913 3
1.27702 1.80113 1.035 50.484 0.50925 0.224754 0.0656038 3
1.34443 1.82074 1.046 47.905 0.517833 0.15069 0.130166 3
1.37863 1.82885 1.052 46.745 0.531634 0.12596 0.0643451 3
1.44677 1.8387 1.059 45.004 0.523723 0.0757458 0.130103 3
1.48163 1.84273 1.065 44.261 0.546779 0.0631197 0.0637513 3
1.55475 1.85316 1.079 43.048 0.5565 0.0794263 0.1314 3
1.58975 1.85964 1.084 42.407 0.539375 0.0998273 0.0648928 3
1.65738 1.87667 1.096 41.305 0.52236 0.131549 0.129465 3
1.69197 1.88645 1.102 40.663 0.529379 0.149677 0.0653379 3
1.75426 1.90676 1.116 38.876 0.477882 0.155771 0.130354 3
1.81514 1.93065 1.126 36.521 0.467425 0.183437 0.130231 3
1.84342 1.94425 1.133 35.172 0.436077 0.209693 0.064854 3
1.89825 1.96329 1.144 31.882 0.421724 0.14644 0.130019 3
1.92468 1.9715 1.15 30.133 0.406445 0.126337 0.065018 3
1.99499 1.98349 1.161 26.388 0.54016 0.0920967 0.130168 3
2.03359 1.9892 1.163 24.495 0.593829 0.0878572 0.0650091 3
2.07358 1.99428 1.167 22.51 0.613747 0.0779031 0.065145 3
2.11575 1.99884 1.171 20.753 0.638792 0.0690938 0.0660278 7
2.15382 2.00479 1.179 19.665 0.59541 0.0931531 0.0639345 7
2.188 2.00947 1.185 18.93 0.518706 0.0710234 0.0658927 7
2.22231 2.01469 1.192 18.3 0.527988 0.0803305 0.0649764 7
2.25659 2.01806 1.19 17.834 0.528736 0.0518663 0.0648454 7
2.2894 2.02005 1.189 17.417 0.507297 0.0307556 0.0646762 7
2.31983 2.02057 1.189 17.084 0.467285 0.00807291 0.0651197 7
2.34562 2.02318 1.189 16.769 0.396156 0.0401033 0.0650893 7
2.36732 2.02306 1.187 16.54 0.33227 -0.00190216 0.0653071 7
2.38428 2.02204 1.188 16.331 0.264419 -0.0158217 0.064149 7
2.39614 2.02105 1.184 16.171 0.183499 -0.0153731 0.0646251 4
2.4061 2.0196 1.174 15.953 0.152154 -0.0221532 0.0654643 8
2.41786 2.01734 1.155 15.795 0.180661 -0.0347343 0.0651176 8
2.4301 2.015 1.12 15.662 0.182844 -0.0349629 0.0668984 8
2.44033 2.01255 1.088 15.553 0.162478 -0.0387893 0.0630105 8
2.44909 2.01424 1.05 15.473 0.134413 0.0259377 0.0651416 8
2.45634 2.01654 1.002 15.419 0.111683 0.0354548 0.0648885 8
2.46017 2.02285 0.954 15.383 0.0589043 0.0969732 0.0650166 8
2.46374 2.03083 0.901 15.418 0.0562733 0.125596 0.0635103 8
2.46585 2.03923 0.846 15.427 0.0323598 0.12868 0.0653234 8
2.46357 2.04782 0.791 15.474 -0.0308842 0.116055 0.0740361 8
2.45983 2.05275 0.737 15.616 -0.0653622 0.0862315 0.057162 8
2.45424 2.05462 0.681 15.734 -0.0858884 0.0286523 0.0650899 8
2.44873 2.05528 0.626 15.837 -0.0846197 0.0100998 0.065133 8
2.44243 2.05607 0.573 15.893 -0.0979534 0.0123939 0.0643353 8
2.43595 2.05743 0.519 16.001 -0.0970678 0.0204016 0.0667205 8
2.42995 2.05955 0.467 16.089 -0.0881953 0.0310768 0.0680864 8
2.42589 2.0624 0.414 16.181 -0.0667777 0.0469833 0.0607463 8
2.4227 2.06599 0.362 16.355 -0.0495353 0.0556713 0.0643665 8
2.42109 2.07012 0.311 16.515 -0.024972 0.0641852 0.0644037 8
2.42075 2.07341 0.266 16.634 -0.00522592 0.0495973 0.0662427 8
2.42166 2.07706 0.232 16.697 0.0139511 0.0559251 0.0653392 8
2.42261 2.08227 0.197 16.771 0.0147132 0.080146 0.0649953 8
2.42427 2.08923 0.167 16.838 0.0255611 0.107598 0.0647185 8
2.42747 2.09714 0.117 16.867 0.0469865 0.115953 0.0681821 2
2.42747 2.09714 0 16.715 0 0 0.0619689 2
2.42747 2.09714 0 16.809 0 0 0.0649779 2
2.42747 2.09714 0 16.764 0 0 0.0650163 2
2.42747 2.09714 0 16.742 0 0 0.0650324 2
2.42747 2.09714 0 16.744 0 0 0.0650882 2
2.42747 2.09714 0 16.744 0 0 0.0651298 2
2.42747 2.09714 0 16.752 0 0 0.0717383 2
2.42747 2.09714 0 16.754 0 0 0.0579776 2
2.42747 2.09714 0 16.748 0 0 0.0650787 2
2.42747 2.09714 0 16.748 0 0 0.0650417 2
2.42747 2.09714 0 16.75 0 0 0.0649588 2
2.42747 2.09714 0 16.746 0 0 0.0650619 2
2.42747 2.09714 0 16.749 0 0 0.0651588 2
2.42747 2.09714 0 16.748 0 0 0.0662053 2
2.42747 2.09714 0 16.747 0 0 0.0680149 2
2.42747 2.09714 0 16.746 0 0 0.0624423 2
2.42747 2.09714 0 16.749 0 0 0.067065 2
2.42747 2.09714 0 16.748 0 0 0.061378 2
2.42747 2.09714 0 16.749 0 0 0.0649251 2
2.42747 2.09714 0 16.749 0 0 0.0650754 2
2.42747 2.09714 0 16.75 0 0 0.0651395 2
2.42747 2.09714 0 16.75 0 0 0.0721581 2
2.42747 2.09714 0 16.751 0 0 0.0577298 2
2.42747 2.09714 0 16.75 0 0 0.0654882 2
2.42747 2.09714 0 16.749 0 0 0.0649982 2
2.42747 2.09714 0 16.75 0 0 0.065234 2
2.42747 2.09714 0 16.751 0 0 0.064325 2
2.42747 2.09714 0 16.75 0 0 0.0652459 2
2.42747 2.09714 0 16.748 0 0 0.0652943 2
2.42747 2.09714 0 16.748 0 0 0.0647691 2
2.42747 2.09714 0 16.748 0 0 0.0650802 2
2.42747 2.09714 0 16.749 0 0 0.0654622 2
2.42747 2.09714 0 16.749 0 0 0.0646094 2
2.42747 2.09714 0 16.747 0 0 0.0657985 2
2.42747 2.09714 0 16.747 0 0 0.0641411 2
2.42747 2.09714 0 16.747 0 0 0.0650003 2
2.42747 2.09714 0 16.747 0 0 0.0740943 2
2.42747 2.09714 0 16.747 0 0 0.0551954 2
2.42747 2.09714 0 16.746 0 0 0.0670722 2
2.42747 2.09714 0 16.744 0 0 0.0637991 2
2.42747 2.09714 0 16.744 0 0 0.0649213 2
2.42747 2.09714 0 16.743 0 0 0.0670174 2
2.42747 2.09714 0 16.746 0 0 0.065664 2
2.42747 2.09714 0 16.748 0 0 0.062465 2
2.42747 2.09714 0 16.747 0 0 0.065193 2
2.42747 2.09714 0 16.746 0 0 0.0643519 2
2.42747 2.09714 0 16.746 0 0 0.0654928 2
2.42747 2.09714 0 16.746 0 0 0.0650569 2
2.42747 2.09714 0 16.746 0 0 0.0644777 2
2.42747 2.09714 0 16.746 0 0 0.0638689 2
2.42747 2.09714 0 16.744 0 0 0.0667099 2
2.42747 2.09714 0 16.743 0 0 0.0715583 2
2.42747 2.09714 0 16.742 0 0 0.0616602 2
2.42747 2.09714 0 16.741 0 0 0.0619544 2
2.42747 2.09714 0 16.742 0 0 0.0643684 2
2.42747 2.09714 0 16.743 0 0 0.0655239 2
2.42747 2.09714 0 16.743 0 0 0.0651431 2
2.42747 2.09714 0 16.742 0 0 0.0644649 2
2.42747 2.09714 0 16.742 0 0 0.0661887 2
2.42747 2.09714 0 16.74 0 0 0.0644096 2
2.42747 2.09714 0 16.74 0 0 0.0648999 2
2.42747 2.09714 0 16.738 0 0 0.0651018 2
