1.57227 -1.05369 0.934 5.06064
1.60637 -1.09833 0.935411 5.16064
1.6465 -1.13582 0.936278 5.26064
1.68775 -1.17098 0.936777 5.36064
1.72777 -1.20657 0.937028 5.46064
1.76556 -1.24371 0.937113 5.56064
1.80067 -1.28275 0.937088 5.66064
1.8329 -1.32369 0.936991 5.76064
1.86217 -1.36638 0.936846 5.86064
1.88848 -1.41063 0.936673 5.96064
1.91185 -1.45623 0.936481 6.06064
1.93231 -1.503 0.93628 6.16064
1.94988 -1.55074 0.936074 6.26064
1.96459 -1.59929 0.935867 6.36064
1.97611 -1.65614 0.937147 6.46064
1.98371 -1.7124 0.937826 6.56064
2.00245 -1.76732 0.939284 6.66064
2.01982 -1.82128 0.940209 6.76064
2.03694 -1.87415 0.94077 6.86064
2.05457 -1.92589 0.94108 6.96064
2.07322 -1.97646 0.941217 7.06064
2.09322 -2.02584 0.941234 7.16064
2.11479 -2.07397 0.941167 7.26064
2.13805 -2.12081 0.941041 7.36064
2.1631 -2.1663 0.940872 7.46064
2.18995 -2.21038 0.940673 7.56064
2.21863 -2.25299 0.94045 7.66064
2.24912 -2.29405 0.94021 7.76064
2.28139 -2.33348 0.939956 7.86064
2.3154 -2.37122 0.939691 7.96064
2.35109 -2.4072 0.939417 8.06064
2.3884 -2.44132 0.939136 8.16064
2.42726 -2.47354 0.938847 8.26064
2.46758 -2.50376 0.938552 8.36064
2.50929 -2.53194 0.938252 8.46064
2.5523 -2.55799 0.937946 8.56064
2.5965 -2.58186 0.937636 8.66064
2.64179 -2.6035 0.937321 8.76064
2.68807 -2.62285 0.937001 8.86064
2.73524 -2.63986 0.936677 8.96064
2.78317 -2.6545 0.93635 9.06064
2.83175 -2.66672 0.936018 9.16064
2.88087 -2.67649 0.935682 9.26064
2.93041 -2.68379 0.935343 9.36064
2.98023 -2.6886 0.935 9.46064
3.03023 -2.69091 0.934653 9.56064
3.08027 -2.6907 0.934303 9.66064
3.13023 -2.68799 0.93395 9.76064
3.17998 -2.68276 0.933594 9.86064
3.21381 -2.71943 0.934335 9.96064
3.25205 -2.74573 0.934305 10.0606
3.29287 -2.76359 0.933763 10.1606
3.33524 -2.77462 0.932889 10.2606
3.37858 -2.7801 0.931805 10.3606
3.42255 -2.78108 0.930596 10.4606
3.46695 -2.77844 0.929318 10.5606
3.51168 -2.77288 0.928009 10.6606
3.55665 -2.76499 0.926694 10.7606
3.60184 -2.75524 0.925391 10.8606
3.64722 -2.74402 0.924109 10.9606
3.69279 -2.73165 0.922856 11.0606
3.73852 -2.71837 0.921634 11.1606
3.78443 -2.70441 0.920446 11.2606
3.8305 -2.68994 0.919292 11.3606
3.87673 -2.67509 0.918172 11.4606
3.92311 -2.65997 0.917085 11.5606
3.96963 -2.64468 0.916031 11.6606
4.01628 -2.62928 0.915007 11.7606
4.06307 -2.61383 0.914013 11.8606
4.10998 -2.59839 0.913047 11.9606
4.157 -2.58297 0.912107 12.0606
4.20413 -2.56762 0.911194 12.1606
4.25135 -2.55234 0.910304 12.2606
4.29867 -2.53717 0.909437 12.3606
4.34608 -2.5221 0.908592 12.4606
4.39356 -2.50715 0.907768 12.5606
4.44112 -2.49232 0.906963 12.6606
4.48875 -2.47761 0.906176 12.7606
4.53644 -2.46304 0.905407 12.8606
4.5842 -2.44859 0.904655 12.9606
4.63201 -2.43426 0.903918 13.0606
4.67987 -2.42006 0.903195 13.1606
4.72778 -2.40598 0.902487 13.2606
4.77574 -2.39203 0.901792 13.3606
4.82373 -2.37818 0.901109 13.4606
4.87177 -2.36445 0.900439 13.5606
4.91985 -2.35082 0.899779 13.6606
4.96796 -2.3373 0.89913 13.7606
5.0161 -2.32388 0.898491 13.8606
5.06427 -2.31056 0.897861 13.9606
5.11247 -2.29733 0.897241 14.0606
5.1607 -2.28419 0.896629 14.1606
5.20896 -2.27114 0.896025 14.2606
5.25724 -2.25817 0.895428 14.3606
5.30554 -2.24527 0.894839 14.4606
5.35386 -2.23245 0.894256 14.5606
5.4022 -2.21971 0.89368 14.6606
5.45056 -2.20703 0.893109 14.7606
5.49894 -2.19442 0.892545 14.8606
5.54734 -2.18187 0.891986 14.9606
5.59575 -2.16938 0.891432 15.0606
5.64418 -2.15695 0.890883 15.1606
5.69262 -2.14457 0.890338 15.2606
5.74108 -2.13225 0.889798 15.3606
5.78954 -2.11998 0.889262 15.4606
5.83803 -2.10775 0.888729 15.5606
5.88652 -2.09557 0.888201 15.6606
5.93502 -2.08343 0.887676 15.7606
5.98354 -2.07134 0.887154 15.8606
6.03206 -2.05928 0.886635 15.9606
6.08059 -2.04726 0.886119 16.0606
6.12914 -2.03528 0.885606 16.1606
6.17769 -2.02333 0.885095 16.2606
6.22625 -2.01142 0.884587 16.3606
6.27481 -1.99954 0.884081 16.4606
6.32339 -1.98768 0.883578 16.5606
6.37197 -1.97586 0.883076 16.6606
6.42056 -1.96406 0.882576 16.7606
6.46915 -1.95229 0.882079 16.8606
6.51775 -1.94054 0.881583 16.9606
6.56636 -1.92882 0.881089 17.0606
6.61497 -1.91712 0.880596 17.1606
6.66359 -1.90544 0.880105 17.2606
6.71221 -1.89378 0.879615 17.3606
6.76084 -1.88214 0.879126 17.4606
6.80947 -1.87052 0.878639 17.5606
6.8581 -1.85892 0.878153 17.6606
6.90674 -1.84734 0.877668 17.7606
6.95538 -1.83577 0.877184 17.8606
7.00403 -1.82421 0.876701 17.9606
7.05268 -1.81267 0.876219 18.0606
7.10134 -1.80115 0.875738 18.1606
7.14999 -1.78964 0.875258 18.2606
7.19865 -1.77814 0.874778 18.3606
7.24732 -1.76666 0.8743 18.4606
7.29598 -1.75518 0.873822 18.5606
7.34465 -1.74372 0.873345 18.6606
7.39332 -1.73226 0.872868 18.7606
7.44199 -1.72082 0.872392 18.8606
7.49067 -1.70939 0.871916 18.9606
7.53935 -1.69797 0.871441 19.0606
7.58803 -1.68655 0.870967 19.1606
7.63671 -1.67514 0.870493 19.2606
7.68539 -1.66375 0.87002 19.3606
7.73408 -1.65236 0.869547 19.4606
7.78276 -1.64097 0.869074 19.5606
7.83145 -1.6296 0.868602 19.6606
7.88014 -1.61823 0.86813 19.7606
7.92883 -1.60686 0.867658 19.8606
7.97753 -1.5955 0.867187 19.9606
8.02622 -1.58415 0.866716 20.0606
8.07492 -1.57281 0.866245 20.1606
8.12361 -1.56147 0.865775 20.2606
8.17231 -1.55013 0.865305 20.3606
8.22101 -1.5388 0.864835 20.4606
8.26971 -1.52747 0.864365 20.5606
8.31841 -1.51615 0.863896 20.6606
8.36711 -1.50483 0.863426 20.7606
8.41582 -1.49352 0.862957 20.8606
8.46452 -1.48221 0.862489 20.9606
8.51322 -1.4709 0.86202 21.0606
8.56193 -1.4596 0.861551 21.1606
8.61064 -1.4483 0.861083 21.2606
8.65934 -1.437 0.860615 21.3606
8.70805 -1.4257 0.860147 21.4606
8.75676 -1.41441 0.859679 21.5606
8.80547 -1.40312 0.859211 21.6606
8.85418 -1.39184 0.858743 21.7606
8.90289 -1.38055 0.858276 21.8606
8.9516 -1.36927 0.857808 21.9606
9.00031 -1.35799 0.857341 22.0606
9.04902 -1.34672 0.856873 22.1606
9.09773 -1.33544 0.856406 22.2606
9.14645 -1.32417 0.855939 22.3606
9.19516 -1.3129 0.855472 22.4606
9.24387 -1.30163 0.855005 22.5606
9.29259 -1.29036 0.854538 22.6606
9.3413 -1.2791 0.854071 22.7606
9.39002 -1.26783 0.853605 22.8606
9.43873 -1.25657 0.853138 22.9606
9.48745 -1.24531 0.852671 23.0606
9.53616 -1.23405 0.852205 23.1606
9.58488 -1.22279 0.851738 23.2606
9.63359 -1.21153 0.851272 23.3606
9.68231 -1.20027 0.850805 23.4606
9.73103 -1.18902 0.850339 23.5606
9.77974 -1.17776 0.849872 23.6606
9.82846 -1.16651 0.849406 23.7606
9.87718 -1.15526 0.84894 23.8606
9.9259 -1.144 0.848473 23.9606
9.97461 -1.13275 0.848007 24.0606
10.0233 -1.1215 0.847541 24.1606
10.072 -1.11025 0.847075 24.2606
10.1208 -1.09901 0.846609 24.3606
10.1695 -1.08776 0.846142 24.4606
10.2182 -1.07651 0.845676 24.5606
10.2669 -1.06527 0.84521 24.6606
10.3156 -1.05402 0.844744 24.7606
10.3644 -1.04277 0.844278 24.8606
10.4131 -1.03153 0.843812 24.9606
10.4618 -1.02029 0.843346 25.0606
10.5105 -1.00904 0.84288 25.1606
10.5592 -0.9978 0.842414 25.2606
10.608 -0.986557 0.841948 25.3606
10.6567 -0.975315 0.841482 25.4606
10.7054 -0.964074 0.841016 25.5606
10.7541 -0.952832 0.84055 25.6606
10.8028 -0.941591 0.840084 25.7606
10.8516 -0.930351 0.839619 25.8606
10.9003 -0.919111 0.839153 25.9606
10.949 -0.907871 0.838687 26.0606
10.9977 -0.896632 0.838221 26.1606
11.0464 -0.885393 0.837755 26.2606
11.0952 -0.874154 0.837289 26.3606
11.1439 -0.862915 0.836823 26.4606
11.1926 -0.851677 0.836358 26.5606
11.2413 -0.840439 0.835892 26.6606
11.29 -0.829201 0.835426 26.7606
11.3388 -0.817964 0.83496 26.8606
11.3875 -0.806726 0.834494 26.9606
11.4362 -0.795489 0.834029 27.0606
11.4849 -0.784252 0.833563 27.1606
11.5336 -0.773016 0.833097 27.2606
11.5824 -0.761779 0.832631 27.3606
11.6311 -0.750543 0.832165 27.4606
11.6798 -0.739306 0.8317 27.5606
11.7285 -0.72807 0.831234 27.6606
11.7773 -0.716834 0.830768 27.7606
11.826 -0.705599 0.830302 27.8606
11.8747 -0.694363 0.829837 27.9606
11.9234 -0.683128 0.829371 28.0606
11.9721 -0.671892 0.828905 28.1606
12.0209 -0.660657 0.828439 28.2606
12.0696 -0.649422 0.827974 28.3606
12.1183 -0.638187 0.827508 28.4606
12.167 -0.626952 0.827042 28.5606
12.2157 -0.615717 0.826576 28.6606
12.2645 -0.604483 0.826111 28.7606
12.3132 -0.593248 0.825645 28.8606
12.3619 -0.582013 0.825179 28.9606
12.4106 -0.570779 0.824713 29.0606
12.4594 -0.559545 0.824248 29.1606
12.5081 -0.54831 0.823782 29.2606
12.5568 -0.537076 0.823316 29.3606
12.6055 -0.525842 0.822851 29.4606
12.6542 -0.514608 0.822385 29.5606
12.703 -0.503374 0.821919 29.6606
12.7517 -0.49214 0.821453 29.7606
12.8004 -0.480906 0.820988 29.8606
12.8491 -0.469672 0.820522 29.9606
12.8978 -0.458438 0.820056 30.0606
12.9466 -0.447204 0.819591 30.1606
12.9953 -0.435971 0.819125 30.2606
13.044 -0.424737 0.818659 30.3606
13.0927 -0.413503 0.818193 30.4606
13.1415 -0.40227 0.817728 30.5606
13.1902 -0.391036 0.817262 30.6606
13.2389 -0.379803 0.816796 30.7606
13.2876 -0.368569 0.816331 30.8606
13.3363 -0.357336 0.815865 30.9606
13.3851 -0.346103 0.815399 31.0606
13.4338 -0.334869 0.814934 31.1606
13.4825 -0.323636 0.814468 31.2606
13.5312 -0.312402 0.814002 31.3606
13.58 -0.301169 0.813536 31.4606
13.6287 -0.289936 0.813071 31.5606
13.6774 -0.278703 0.812605 31.6606
13.7261 -0.267469 0.812139 31.7606
13.7748 -0.256236 0.811674 31.8606
13.8236 -0.245003 0.811208 31.9606
13.8723 -0.23377 0.810742 32.0606
13.921 -0.222537 0.810276 32.1606
13.9697 -0.211304 0.809811 32.2606
14.0184 -0.20007 0.809345 32.3606
14.0672 -0.188837 0.808879 32.4606
14.1159 -0.177604 0.808414 32.5606
14.1646 -0.166371 0.807948 32.6606
14.2133 -0.155138 0.807482 32.7606
14.2621 -0.143905 0.807017 32.8606
14.3108 -0.132672 0.806551 32.9606
14.3595 -0.121439 0.806085 33.0606
14.4082 -0.110206 0.80562 33.1606
14.4569 -0.0989732 0.805154 33.2606
14.5057 -0.0877402 0.804688 33.3606
14.5544 -0.0765072 0.804222 33.4606
14.6031 -0.0652743 0.803757 33.5606
14.6518 -0.0540413 0.803291 33.6606
14.6834 -0.0908503 0.804578 33.7606
14.719 -0.116171 0.805271 33.8606
14.757 -0.132118 0.805558 33.9606
14.7965 -0.140932 0.805567 34.0606
14.837 -0.144649 0.805386 34.1606
14.8783 -0.144978 0.805076 34.2606
14.9206 -0.14331 0.804679 34.3606
14.9637 -0.140761 0.804223 34.4606
