1388535486.072337615 0 0 0 0.148 0 0  0 0.000429637 2
1388535486.172338040 0 0 0 0.154 0 0  0 0.00104719 2
1388535486.272335323 0 0 0 0.157 0 0  0 0.000523614 2
1388535486.372367104 0 0 0 0.161 0 0  0 0.000697909 2
1388535486.472424873 0 0 0 0.162 0 0  0 0.000174433 2
1388535486.572424880 0 0 0 0.167 0 0  0 0.000872664 2
1388535486.672400372 0 0 0 0.168 0 0  0 0.000174576 2
1388535486.772393182 0 0 0 0.169 0 0  0 0.000174546 2
1388535486.872429228 0 0 0 0.173 0 0  0 0.000697879 2
1388535486.972429936 0 0 0 0.174 0 0  0 0.000174532 2
1388535487.072393276 0 0 0 0.178 0 0  0 0.000698389 2
1388535487.172302559 0 0 0 0.182 0 0  0 0.000698764 2
1388535487.272454679 0 0 0 0.184 0 0  0 0.000348536 2
1388535487.372264022 0 0 0 0.187 0 0  0 0.0005246 2
1388535487.472358942 0 0 0 0.19 0 0  0 0.000523101 2
1388535487.572309223 0 0 0 0.194 0 0  0 0.00069848 2
1388535487.672289883 0 0 0 0.197 0 0  0 0.000523699 2
1388535487.772322295 0 0 0 0.199 0 0  0 0.000348953 2
1388535487.872289131 0 0 0 0.204 0 0  0 0.000872953 2
1388535487.972424628 0 0 0 0.205 0 0  0 0.000174297 2
1388535488.072294104 0 0 0 0.208 0 0  0 0.000524284 2
1388535488.172424155 0 0 0 0.211 0 0  0 0.000522917 2
1388535488.272275397 0 0 0 0.215 0 0  0 0.000699173 2
1388535488.372429687 0 0 0 0.216 0 0  0 0.000174264 2
1388535488.472302090 0 0 0 0.22 0 0  0 0.000699022 2
1388535488.572286591 0 0 0 0.223 0 0  0 0.000523681 2
1388535488.672330322 0 0 0 0.223 0 0  0 0 2
1388535488.772270195 0 0 0 0.224 0 0  0 0.000174638 2
1388535488.872332432 0 0 0 0.224 0 0  0 0 2
1388535488.972285014 0 0 0 0.225 0 0  0 0.000174613 2
1388535489.072265745 0 0 0 0.222 0 0  0 -0.000523698 2
1388535489.172417380 0 0 0 0.225 0 0  0 0.000522804 2
1388535489.272293278 0 0 0 0.229 0 0  0 0.000699001 2
1388535489.372286232 0 0 0 0.231 0 0  0 0.000349091 2
1388535489.472335545 0 0 0 0.233 0 0  0 0.000348892 2
1388535489.572380041 0 0 0 0.236 0 0  0 0.000523367 2
1388535489.672291561 0 0 0 0.236 0 0  0 0 2
1388535489.772284444 0 0 0 0.236 0 0  0 0 2
1388535489.872304006 0 0 0 0.238 0 0  0 0.000348998 2
1388535489.972423508 0 0 0 0.239 0 0  0 0.000174322 2
1388535490.072336914 0 0 0 0.239 0 0  0 0 2
1388535490.172422128 0 0 0 0.239 0 0  0 0 2
1388535490.272292161 0 0 0 0.243 0 0  0 0.000699042 2
1388535490.372331695 0 0 0 0.246 0 0  0 0.000523393 2
1388535490.472289101 0 0 0 0.248 0 0  0 0.000349213 2
1388535490.572468880 0 0 0 0.25 0 0  0 0.00034844 2
1388535490.672295261 0 0 0 0.249 0 0  0 -0.000174837 2
1388535490.772275782 0 0 0 0.249 0 0  0 0 2
1388535490.872295272 0 0 0 0.251 0 0  0 0.000348996 2
1388535490.972279429 0 0 0 0.251 0 0  0 0 2
1388535491.072296060 0 0 0 0.256 0 0  0 0.000872524 2
1388535491.172295646 0 0 0 0.259 0 0  0 0.000523599 2
1388535491.272566357 0 0 0 0.26 0 0  0 0.000174059 2
1388535491.372474664 0 0 0 0.264 0 0  0 0.000698774 2
1388535491.472447921 0 0 0 0.266 0 0  0 0.00034916 2
1388535491.572402324 0 0 0 0.266 0 0  0 0 2
1388535491.672405398 0 0 0 0.27 0 0  0 0.000698112 2
1388535491.772508705 0 0 0 0.275 0 0  0 0.000871763 2
1388535491.872288990 0 0 0 0.278 0 0  0 0.00052475 2
1388535491.972316864 0 0 0 0.276 0 0  0 -0.000348969 2
1388535492.072618515 0 0 0 0.277 0 0  0 0.000174011 2
1388535492.172495811 0 0 0 0.279 0 0  0 0.000349495 2
1388535492.272366471 0 0 0 0.282 0 0  0 0.000524275 2
1388535492.372361449 0 0 0 0.283 0 0  0 0.000174539 2
1388535492.472284355 0 0 0 0.285 0 0  0 0.000349336 2
1388535492.572270809 0 0 0 0.287 0 0  0 0.000349114 2
1388535492.672301200 0 0 0 0.289 0 0  0 0.000348961 2
1388535492.772307561 0 0 0 0.289 0 0  0 0 2
1388535492.872535250 0 0 0 0.293 0 0  0 0.000696547 2
1388535492.972565776 0 0 0 0.297 0 0  0 0.000697915 2
1388535493.072410110 0 0 0 0.3 0 0  0 0.000524419 2
1388535493.172303186 0 0 0 0.302 0 0  0 0.000349435 2
1388535493.272285946 0 0 0 0.304 0 0  0 0.000349127 2
1388535493.372281622 0 0 0 0.301 0 0  0 -0.00052362 2
1388535493.472280721 0 0 0 0.302 0 0  0 0.000174532 2
1388535493.572287566 0 0 0 0.302 0 0  0 0 2
1388535493.672275008 0 0 0 0.304 0 0  0 0.00034911 2
1388535493.772364063 0 0 0 0.307 0 0  0 0.000523137 2
1388535493.872318180 0 0 0 0.306 0 0  0 -0.000174616 2
1388535493.972383560 0 0 0 0.308 0 0  0 0.000348838 2
1388535494.072372114 0 0 0 0.308 0 0  0 0 2
1388535494.172395241 0 0 0 0.312 0 0  0 0.000697972 2
1388535494.272391335 0 0 0 0.312 0 0  0 0 2
1388535494.372412709 0 0 0 0.314 0 0  0 0.000348992 2
1388535494.472306839 0 0 0 0.313 0 0  0 -0.000174721 2
1388535494.572286245 0 0 0 0.317 0 0  0 0.000698277 2
1388535494.672379351 0 0 0 0.317 0 0  0 0 2
1388535494.772285769 0 0 0 0.315 0 0  0 -0.000349394 2
1388535494.872432235 0 0 0 0.317 0 0  0 0.000348556 2
1388535494.972289907 0 0 0 0.319 0 0  0 0.000349564 2
1388535495.072291029 0 0 0 0.32 0 0  0 0.000174529 2
1388535495.172392167 0 0 0 0.32 0 0  0 0 2
1388535495.272280218 0 0 0 0.318 0 0  0 -0.000349458 2
1388535495.372397347 0 0 0 0.32 0 0  0 0.000348658 2
1388535495.472337780 0 0 0 0.322 0 0  0 0.000349275 2
1388535495.572425368 0 0 0 0.323 0 0  0 0.000174383 2
1388535495.672396114 0 0 0 0.324 0 0  0 0.000174582 2
1388535495.772303301 0 0 0 0.327 0 0  0 0.000524084 2
1388535495.872424552 0 0 0 0.327 0 0  0 0 2
1388535495.972281035 0 0 0 0.326 0 0  0 -0.000174782 2
1388535496.072354025 0 0 0 0.328 0 0  0 0.000348812 2
1388535496.172359967 0 0 0 0.329 0 0  0 0.00017452 2
1388535496.272382603 0 0 0 0.331 0 0  0 0.000348988 2
1388535496.372297406 0 0 0 0.329 0 0  0 -0.000349364 2
1388535496.472289242 0 0 0 0.328 0 0  0 -0.000174545 2
1388535496.572400224 0 0 0 0.328 0 0  0 0 2
1388535496.672282759 0 0 0 0.328 0 0  0 0 2
1388535496.772365390 0 0 0 0.328 0 0  0 0 2
1388535496.872397732 0 0 0 0.327 0 0  0 -0.000174479 2
1388535496.972428119 0 0 0 0.329 0 0  0 0.000348961 2
1388535497.072323087 0 0 0 0.33 0 0  0 0.000174719 2
1388535497.172388256 0 0 0 0.333 0 0  0 0.000523256 2
1388535497.272333996 0 0 0 0.336 0 0  0 0.000523881 2
1388535497.372415160 0 0 0 0.338 0 0  0 0.000348783 2
1388535497.472394773 0 0 0 0.339 0 0  0 0.000174566 2
1388535497.572312643 0 0 0 0.337 0 0  0 -0.000349348 2
1388535497.672305809 0 0 0 0.338 0 0  0 0.000174543 2
1388535497.772363222 0 0 0 0.34 0 0  0 0.000348866 2
1388535497.872265663 0 0 0 0.34 0 0  0 0 2
1388535497.972299056 0 0 0 0.341 0 0  0 0.000174472 2
1388535498.072318264 0 0 0 0.342 0 0  0 0.000174502 2
1388535498.172394886 0 0 0 0.342 0 0  0 0 2
1388535498.272291807 0 0 0 0.344 0 0  0 0.000349427 2
1388535498.372354256 0 0 0 0.347 0 0  0 0.00052327 2
1388535498.472380942 0 0 0 0.352 0 0  0 0.000872431 2
1388535498.572368935 0 0 0 0.354 0 0  0 0.000349108 2
1388535498.672402958 0 0 0 0.354 0 0  0 0 2
1388535498.772407224 0 0 0 0.353 0 0  0 -0.000174528 2
1388535498.872440965 0 0 0 0.355 0 0  0 0.000348949 2
1388535498.972348642 0 0 0 0.356 0 0  0 0.000174697 2
1388535499.072421004 0 0 0 0.356 0 0  0 0 2
1388535499.172300326 0 0 0 0.356 0 0  0 0 2
1388535499.272279310 0 0 0 0.357 0 0  0 0.000174567 2
1388535499.372309070 0 0 0 0.357 0 0  0 0 2
1388535499.472431994 0 0 0 0.357 0 0  0 0 2
1388535499.572289181 0 0 0 0.356 0 0  0 -0.00017478 2
1388535499.672312789 0 0 0 0.357 0 0  0 0.000174489 2
1388535499.772279691 0 0 0 0.361 0 0  0 0.000698364 2
1388535499.872371262 0 0 0 0.363 0 0  0 0.000348747 2
1388535499.972403117 0 0 0 0.365 0 0  0 0.000348955 2
1388535500.072383361 0 0 0 0.366 0 0  0 0.000174565 2
1388535500.172427506 0 0 0 0.366 0 0  0 0 2
1388535500.272427656 0 0 0 0.367 0 0  0 0.000174536 2
1388535500.372402239 0 0 0 0.366 0 0  0 -0.00017458 2
1388535500.472426270 0 0 0 0.365 0 0  0 -0.000174489 2
1388535500.572326402 0 0 0 0.364 0 0  0 -0.00017471 2
1388535500.672306503 0 0 0 0.365 0 0  0 0.000174571 2
1388535500.772317898 0 0 0 0.37 0 0  0 0.000872564 2
1388535500.872379502 0 0 0 0.372 0 0  0 0.000348852 2
1388535500.972281663 0 0 0 0.374 0 0  0 0.000349408 2
1388535501.072397469 0 0 0 0.373 0 0  0 -0.000174334 2
1388535501.172292084 0 0 0 0.373 0 0  0 0 2
1388535501.272365215 0 0 0 0.376 0 0  0 0.000523215 2
1388535501.372310048 0 0 0 0.376 0 0  0 0 2
1388535501.472548702 0 0 0 0.376 0 0  0 0 2
1388535501.572535855 0 0 0 0.377 0 0  0 0.000174558 2
1388535501.672363635 0 0 0 0.378 0 0  0 0.000174832 2
1388535501.772390603 0 0 0 0.377 0 0  0 -0.000174484 2
1388535501.872378176 0 0 0 0.377 0 0  0 0 2
1388535501.972319376 0 0 0 0.378 0 0  0 0.000174633 2
1388535502.072427011 0 0 0 0.38 0 0  0 0.000348691 2
1388535502.172284261 0 0 0 0.382 0 0  0 0.000349566 2
1388535502.272332950 0 0 0 0.385 0 0  0 0.000523342 2
1388535502.372323597 0 0 0 0.386 0 0  0 0.000174552 2
1388535502.472429693 0 0 0 0.387 0 0  0 0.000174346 2
1388535502.572429209 0 0 0 0.389 0 0  0 0.000349068 2
1388535502.672307416 0 0 0 0.388 0 0  0 -0.000174744 2
1388535502.772303229 0 0 0 0.389 0 0  0 0.000174538 2
1388535502.872288433 0 0 0 0.389 0 0  0 0 2
1388535502.972351643 0 0 0 0.387 0 0  0 -0.000348846 2
1388535503.072379239 0 0 0 0.39 0 0  0 0.000523453 2
1388535503.172476530 0 0 0 0.391 0 0  0 0.000174366 2
1388535503.272406700 0 0 0 0.394 0 0  0 0.000523963 2
1388535503.372364663 0 0 0 0.395 0 0  0 0.000174609 2
1388535503.472266751 0 0 0 0.394 0 0  0 -0.000174707 2
1388535503.572405465 0 0 0 0.395 0 0  0 0.000174294 2
1388535503.672367127 0 0 0 0.392 0 0  0 -0.000523803 2
1388535503.772296737 0 0 0 0.392 0 0  0 0 2
1388535503.872397662 0 0 0 0.394 0 0  0 0.000348715 2
1388535503.972328180 0 0 0 0.393 0 0  0 -0.000174652 2
1388535504.072291101 0 0 0 0.395 0 0  0 0.000349196 2
1388535504.172330633 0 0 0 0.394 0 0  0 -0.000174467 2
1388535504.272401879 0 0 0 0.394 0 0  0 0 2
1388535504.372411177 0 0 0 0.394 0 0  0 0 2
1388535504.472307820 0 0 0 0.396 0 0  0 0.000349428 2
1388535504.572298259 0 0 0 0.398 0 0  0 0.0003491 2
1388535504.672327458 0 0 0 0.399 0 0  0 0.00017448 2
1388535504.772311262 0 0 0 0.399 0 0  0 0 2
1388535504.872317763 0 0 0 0.401 0 0  0 0.000349044 2
1388535504.972291859 0 0 0 0.403 0 0  0 0.000349157 2
1388535505.072368484 0 0 0 0.398 0 0  0 -0.000871996 2
1388535505.172293340 0 0 0 0.399 0 0  0 0.000174662 2
1388535505.272293280 0 0 0 0.396 0 0  0 -0.000523598 2
1388535505.372344340 0 0 0 0.395 0 0  0 -0.000174442 2
1388535505.472301743 0 0 0 0.395 0 0  0 0 2
1388535505.572385000 0 0 0 0.396 0 0  0 0.000174385 2
1388535505.672400234 0 0 0 0.394 0 0  0 -0.000349013 2
1388535505.772427199 0 0 0 0.398 0 0  0 0.000697945 2
1388535505.872404438 0 0 0 0.395 0 0  0 -0.000523716 2
1388535505.972365125 0 0 0 0.394 0 0  0 -0.000174605 2
1388535506.072297453 0 0 0 0.395 0 0  0 0.000174654 2
1388535506.172373451 0 0 0 0.397 0 0  0 0.000348801 2
1388535506.272356765 0 0 0 0.396 0 0  0 -0.000174565 2
1388535506.372312560 0 0 0 0.398 0 0  0 0.000349221 2
1388535506.472360758 0 0 0 0.396 0 0  0 -0.000348898 2
1388535506.572316626 0 0 0 0.393 0 0  0 -0.000523828 2
1388535506.672280387 0 0 0 0.393 0 0  0 0 2
1388535506.772306651 0 0 0 0.393 0 0  0 0 2
1388535506.872425461 0 0 0 0.392 0 0  0 -0.000174329 2
1388535506.972303176 0 0 0 0.389 0 0  0 -0.000524238 2
1388535507.072302550 0 0 0 0.387 0 0  0 -0.000349069 2
1388535507.172288313 0 0 0 0.384 0 0  0 -0.000523672 2
1388535507.272397200 0 0 0 0.383 0 0  0 -0.000174346 2
1388535507.372370112 0 0 0 0.382 0 0  0 -0.000174578 2
1388535507.472382341 0 0 0 0.381 0 0  0 -0.000174509 2
1388535507.572366913 0 0 0 0.384 0 0  0 0.000523678 2
1388535507.672365734 0 0 0 0.384 0 0  0 0 2
1388535507.772379220 0 0 0 0.385 0 0  0 0.000174507 2
1388535507.872324818 0 0 0 0.388 0 0  0 0.000523887 2
1388535507.972395920 0 0 0 0.387 0 0  0 -0.000174412 2
1388535508.072335796 0 0 0 0.389 0 0  0 0.000349277 2
1388535508.172290967 0 0 0 0.389 0 0  0 0 2
1388535508.272362071 0 0 0 0.388 0 0  0 -0.000174407 2
1388535508.372300482 0 0 0 0.387 0 0  0 -0.000174643 2
1388535508.472399452 0 0 0 0.388 0 0  0 0.000174363 2
1388535508.572389191 0 0 0 0.386 0 0  0 -0.000349102 2
1388535508.672315236 0 0 0 0.384 0 0  0 -0.000349325 2
1388535508.772380613 0 0 0 0.382 0 0  0 -0.000348838 2
1388535508.872286124 0 0 0 0.379 0 0  0 -0.000524092 2
1388535508.972425398 0 0 0 0.382 0 0  0 0.000522869 2
1388535509.072298782 0 0 0 0.382 0 0  0 0 2
1388535509.172424429 0 0 0 0.383 0 0  0 0.000174312 2
1388535509.272399578 0 0 0 0.384 0 0  0 0.000174579 2
1388535509.372258572 0 0 0 0.384 0 0  0 0 2
1388535509.472384016 0 0 0 0.383 0 0  0 -0.000174317 2
1388535509.572328360 0 0 0 0.383 0 0  0 0 2
1388535509.672366223 0 0 0 0.384 0 0  0 0.00017447 2
1388535509.772324882 0 0 0 0.382 0 0  0 -0.000349211 2
1388535509.872257491 0 0 0 0.38 0 0  0 -0.000349302 2
1388535509.972291645 0 0 0 0.38 0 0  0 0 2
1388535510.072328254 0 0 0 0.376 0 0  0 -0.000697878 2
1388535510.172381062 0 0 0 0.375 0 0  0 -0.000174439 2
1388535510.272425558 0 0 0 0.375 0 0  0 0 2
1388535510.372346925 0 0 0 0.375 0 0  0 0 2
1388535510.472289310 0 0 0 0.377 0 0  0 0.000349268 2
1388535510.572424180 0 0 0 0.377 0 0  0 0 2
1388535510.672389060 0 0 0 0.376 0 0  0 -0.000174597 2
1388535510.772295687 0 0 0 0.376 0 0  0 0 2
1388535510.872265034 0 0 0 0.375 0 0  0 -0.000174584 2
1388535510.972392989 0 0 0 0.373 0 0  0 -0.00034862 2
1388535511.072445171 0 0 0 0.371 0 0  0 -0.000348885 2
1388535511.172287267 0 0 0 0.371 0 0  0 0 2
1388535511.272292858 0 0 0 0.373 0 0  0 0.000349047 2
1388535511.372312911 0 0 0 0.374 0 0  0 0.000174501 2
1388535511.472318922 0 0 0 0.374 0 0  0 0 2
1388535511.572289249 0 0 0 0.376 0 0  0 0.000349165 2
1388535511.672271866 0 0 0 0.373 0 0  0 -0.000523688 2
1388535511.772365949 0 0 0 0.372 0 0  0 -0.000174367 2
1388535511.872429927 0 0 0 0.373 0 0  0 0.000174419 2
1388535511.972443277 0 0 0 0.373 0 0  0 0 2
1388535512.072367157 0 0 0 0.371 0 0  0 -0.000349332 2
1388535512.172298719 0 0 0 0.37 0 0  0 -0.00017465 2
1388535512.272408445 0 0 0 0.369 0 0  0 -0.000174345 2
1388535512.372303344 0 0 0 0.369 0 0  0 0 2
1388535512.472371237 0 0 0 0.368 0 0  0 -0.000174412 2
1388535512.572384373 0 0 0 0.367 0 0  0 -0.000174508 2
1388535512.672428379 0 0 0 0.368 0 0  0 0.000174454 2
1388535512.772432439 0 0 0 0.368 0 0  0 0 2
1388535512.872243872 0 0 0 0.365 0 0  0 -0.000524586 2
1388535512.972395717 0 0 0 0.368 0 0  0 0.000522803 2
1388535513.072305766 0 0 0 0.365 0 0  0 -0.000524069 2
1388535513.172490847 0 0 0 0.365 0 0  0 0 2
1388535513.272275887 0 0 0 0.365 0 0  0 0 2
1388535513.372366689 0 0 0 0.367 0 0  0 0.00034875 2
1388535513.472284984 0 0 0 0.368 0 0  0 0.000174673 2
1388535513.572293858 0 0 0 0.368 0 0  0 0 2
1388535513.672305252 0 0 0 0.366 0 0  0 -0.000349027 2
1388535513.772366229 0 0 0 0.364 0 0  0 -0.000348854 2
1388535513.872371544 0 0 0 0.366 0 0  0 0.000349048 2
1388535513.972423301 0 0 0 0.367 0 0  0 0.000174446 2
1388535514.072468567 0 0 0 0.37 0 0  0 0.00052336 2
1388535514.172487363 0 0 0 0.371 0 0  0 0.000174498 2
1388535514.272372200 0 0 0 0.371 0 0  0 0 2
1388535514.372334285 0 0 0 0.369 0 0  0 -0.000349199 2
1388535514.472427389 0 0 0 0.366 0 0  0 -0.00052311 2
1388535514.572295113 0 0 0 0.367 0 0  0 0.000174767 2
1388535514.672250775 0 0 0 0.367 0 0  0 0 2
1388535514.772273340 0 0 0 0.365 0 0  0 -0.000348988 2
1388535514.872364139 0 0 0 0.365 0 0  0 0 2
1388535514.972424352 0 0 0 0.365 0 0  0 0 2
1388535515.072428059 0 0 0 0.364 0 0  0 -0.000174529 2
1388535515.172316461 0 0 0 0.362 0 0  0 -0.000349457 2
1388535515.272313812 0 0 0 0.36 0 0  0 -0.000349071 2
1388535515.372425776 0 0 0 0.359 0 0  0 -0.000174341 2
1388535515.472311169 0 0 0 0.356 0 0  0 -0.000524198 2
1388535515.572456660 0 0 0 0.356 0 0  0 0 2
1388535515.672284088 0 0 0 0.355 0 0  0 -0.000174838 2
1388535515.772289053 0 0 0 0.356 0 0  0 0.000174527 2
1388535515.872391449 0 0 0 0.356 0 0  0 0 2
1388535515.972292486 0 0 0 0.355 0 0  0 -0.000174709 2
1388535516.072302484 0 0 0 0.355 0 0  0 0 2
1388535516.172276092 0 0 0 0.355 0 0  0 0 2
1388535516.272378204 0 0 0 0.353 0 0  0 -0.00034871 2
1388535516.372338751 0 0 0 0.351 0 0  0 -0.000349199 2
1388535516.472477249 0 0 0 0.352 0 0  0 0.000174289 2
1388535516.572429351 0 0 0 0.351 0 0  0 -0.000174614 2
1388535516.673751237 0 0 0 0.352 0 0  0 0.000172254 2
1388535516.772396119 0 0 0 0.351 0 0  0 -0.000176928 2
1388535516.872290248 0 0 0 0.355 0 0  0 0.000698868 2
1388535516.972504319 0 0 0 0.355 0 0  0 0 2
1388535517.072254713 0 0 0 0.354 0 0  0 -0.000174967 2
1388535517.172409626 0 0 0 0.355 0 0  0 0.000174261 2
1388535517.272418221 0 0 0 0.352 0 0  0 -0.000523552 2
1388535517.372262906 0 0 0 0.349 0 0  0 -0.000524412 2
1388535517.472387506 0 0 0 0.348 0 0  0 -0.000174319 2
1388535517.572399179 0 0 0 0.347 0 0  0 -0.00017451 2
1388535517.672368177 0 0 0 0.346 0 0  0 -0.00017459 2
1388535517.772325999 0 0 0 0.344 0 0  0 -0.000349209 2
1388535517.872392493 0 0 0 0.343 0 0  0 -0.00017442 2
1388535517.972371827 0 0 0 0.342 0 0  0 -0.000174567 2
1388535518.072410388 0 0 0 0.344 0 0  0 0.000348932 2
1388535518.172350611 0 0 0 0.342 0 0  0 -0.000349275 2
1388535518.272359627 0 0 0 0.34 0 0  0 -0.000349035 2
1388535518.372349924 0 0 0 0.337 0 0  0 -0.000523648 2
1388535518.472402944 0 0 0 0.336 0 0  0 -0.000174443 2
1388535518.572285547 0 0 0 0.335 0 0  0 -0.000174736 2
1388535518.672425097 0 0 0 0.334 0 0  0 -0.000174293 2
1388535518.772411063 0 0 0 0.334 0 0  0 0 2
1388535518.872287941 0 0 0 0.331 0 0  0 -0.000524243 2
1388535518.972396904 0 0 0 0.329 0 0  0 -0.000348687 2
1388535519.072297736 0 0 0 0.331 0 0  0 0.000349413 2
1388535519.172255907 0 0 0 0.332 0 0  0 0.000174604 2
1388535519.272370312 0 0 0 0.332 0 0  0 0 2
1388535519.372390155 0 0 0 0.33 0 0  0 -0.000348992 2
1388535519.472404479 0 0 0 0.331 0 0  0 0.000174506 2
1388535519.572308034 0 0 0 0.331 0 0  0 0 2
1388535519.672366918 0 0 0 0.33 0 0  0 -0.000174428 2
1388535519.772286468 0 0 0 0.329 0 0  0 -0.000174676 2
1388535519.872322167 0 0 0 0.33 0 0  0 0.000174474 2
1388535519.972288021 0 0 0 0.328 0 0  0 -0.000349186 2
1388535520.072317640 0 0 0 0.326 0 0  0 -0.000348963 2
1388535520.172308565 0 0 0 0.326 0 0  0 0 2
1388535520.272289090 0 0 0 0.326 0 0  0 0 2
1388535520.372387504 0 0 0 0.32 0 0  0 -0.00104617 2
1388535520.472368092 0 0 0 0.319 0 0  0 -0.000174565 2
1388535520.572303775 0 0 0 0.319 0 0  0 0 2
1388535520.672351415 0 0 0 0.319 0 0  0 0 2
1388535520.772375028 0 0 0 0.318 0 0  0 -0.000174495 2
1388535520.872396544 0 0 0 0.314 0 0  0 -0.000697978 2
1388535520.972319869 0 0 0 0.312 0 0  0 -0.000349334 2
1388535521.072402634 0 0 0 0.311 0 0  0 -0.000174392 2
1388535521.172285592 0 0 0 0.31 0 0  0 -0.000174735 2
1388535521.272297750 0 0 0 0.309 0 0  0 -0.000174515 2
1388535521.372275895 0 0 0 0.305 0 0  0 -0.000698281 2
1388535521.472433814 0 0 0 0.303 0 0  0 -0.000348516 2
1388535521.572337648 0 0 0 0.3 0 0  0 -0.000524101 2
1388535521.672294423 0 0 0 0.299 0 0  0 -0.000174611 2
1388535521.772318667 0 0 0 0.3 0 0  0 0.000174494 2
1388535521.872259798 0 0 0 0.298 0 0  0 -0.000349272 2
1388535521.972293119 0 0 0 0.298 0 0  0 0 2
1388535522.072414719 0 0 0 0.3 0 0  0 0.000348643 2
1388535522.172290967 0 0 0 0.299 0 0  0 -0.000174752 2
1388535522.272385049 0 0 0 0.298 0 0  0 -0.000174367 2
1388535522.372397421 0 0 0 0.296 0 0  0 -0.000349023 2
1388535522.472423756 0 0 0 0.297 0 0  0 0.000174485 2
1388535522.572290716 0 0 0 0.297 0 0  0 0 2
1388535522.672322499 0 0 0 0.299 0 0  0 0.000348956 2
1388535522.772428457 0 0 0 0.299 0 0  0 0 2
1388535522.872291155 0 0 0 0.297 0 0  0 -0.000349546 2
1388535522.972400746 0 0 0 0.294 0 0  0 -0.000523024 2
1388535523.072295291 0 0 0 0.295 0 0  0 0.000174715 2
1388535523.172326795 0 0 0 0.295 0 0  0 0 2
1388535523.272350270 0 0 0 0.293 0 0  0 -0.000348979 2
1388535523.372273521 0 0 0 0.292 0 0  0 -0.00017467 2
1388535523.472324861 0 0 0 0.291 0 0  0 -0.000174441 2
1388535523.572400923 0 0 0 0.288 0 0  0 -0.000523204 2
1388535523.672405264 0 0 0 0.285 0 0  0 -0.000523575 2
1388535523.772439419 0 0 0 0.286 0 0  0 0.000174476 2
1388535523.872425038 0 0 0 0.283 0 0  0 -0.000523678 2
1388535523.972420854 0 0 0 0.282 0 0  0 -0.000174538 2
1388535524.072371066 0 0 0 0.28 0 0  0 -0.00034924 2
1388535524.172419404 0 0 0 0.278 0 0  0 -0.000348898 2
1388535524.272425420 0 0 0 0.275 0 0  0 -0.000523566 2
1388535524.372402868 0 0 0 0.273 0 0  0 -0.000349145 2
1388535524.472298462 0 0 0 0.272 0 0  0 -0.000174713 2
1388535524.572306151 0 0 0 0.274 0 0  0 0.000349035 2
1388535524.672262787 0 0 0 0.272 0 0  0 -0.000349213 2
1388535524.772288008 0 0 0 0.268 0 0  0 -0.000697957 2
1388535524.872369447 0 0 0 0.267 0 0  0 -0.000174394 2
1388535524.972388029 0 0 0 0.267 0 0  0 0 2
1388535525.072327137 0 0 0 0.265 0 0  0 -0.000349279 2
1388535525.172436724 0 0 0 0.263 0 0  0 -0.000348679 2
1388535525.272323308 0 0 0 0.263 0 0  0 0 2
1388535525.372416906 0 0 0 0.263 0 0  0 0 2
1388535525.472334359 0 0 0 0.26 0 0  0 -0.000524035 2
1388535525.572373826 0 0 0 0.259 0 0  0 -0.000174462 2
1388535525.672395833 0 0 0 0.255 0 0  0 -0.00069798 2
1388535525.772404431 0 0 0 0.255 0 0  0 0 2
1388535525.872405975 0 0 0 0.255 0 0  0 0 2
1388535525.972411500 0 0 0 0.254 0 0  0 -0.000174521 2
1388535526.072382522 0 0 0 0.253 0 0  0 -0.000174586 2
1388535526.172289361 0 0 0 0.251 0 0  0 -0.000349392 2
1388535526.272275469 0 0 0 0.247 0 0  0 -0.000698228 2
1388535526.372297264 0 0 0 0.245 0 0  0 -0.000348988 2
1388535526.472335967 0 0 0 0.243 0 0  0 -0.000348932 2
1388535526.572368521 0 0 0 0.24 0 0  0 -0.000523429 2
1388535526.672349320 0 0 0 0.239 0 0  0 -0.000174567 2
1388535526.772481815 0 0 0 0.236 0 0  0 -0.000522904 2
1388535526.872301211 0 0 0 0.234 0 0  0 -0.000349698 2
1388535526.972279292 0 0 0 0.236 0 0  0 0.000349143 2
1388535527.072428966 0 0 0 0.234 0 0  0 -0.000348545 2
