1385587341.826723434 0.00561118 0.059057 0 -0.295 0.00138591 0.0145866  0 -0.00127169 6
1385587341.886860206 0.00561942 0.0602693 0 -0.363 0.000136967 0.0201592  0 -0.0197354 6
1385587341.956519365 0.00577977 0.0618183 0 -0.431 0.00230192 0.0222374  0 -0.0170376 6
1385587342.039409250 0.00542181 0.0600673 0.244 178.622 -0.00431847 -0.0211253  2.94366 37.7014 6
1385587342.097138486 0.00548376 0.0522505 0.263 178.613 0.00107304 -0.135403  0.329123 -0.00271717 6
1385587342.156418572 0.005733 0.0425871 0.311 178.645 0.00420436 -0.163014  0.809715 0.00942078 6
1385587342.234265250 0.00602371 0.0304644 0.378 178.685 0.00373451 -0.155725  0.860666 0.00896653 6
1385587342.340294389 0.00616158 0.00888402 0.444 178.685 0.00130025 -0.203532  0.62247 0 6
1385587342.406036472 0.00660584 0.000399124 0.519 178.66 0.0067576 -0.129063  1.14082 -0.00663541 6
1385587342.445566415 0.00699323 -0.00474728 0.592 178.642 0.00980007 -0.13019  1.8467 -0.00794975 6
1385587342.486110257 0.00713403 -0.015723 0.662 178.605 0.00347275 -0.270713  1.72653 -0.0159288 6
1385587342.553815762 0.00787274 -0.0284997 0.731 178.554 0.0109106 -0.188709  1.01912 -0.0131456 6
1385587342.640076122 0.0110483 -0.042959 0.779 178.474 0.0368134 -0.167624  0.556455 -0.016187 6
1385587342.680668496 0.0119881 -0.0500904 0.812 178.426 0.0231529 -0.175686  0.812961 -0.0206401 6
1385587342.745627509 0.0130276 -0.0607331 0.835 178.407 0.0160026 -0.163837  0.354069 -0.0051042 6
1385587342.821181624 0.0135807 -0.0716826 0.842 178.337 0.00732004 -0.144922  0.0926488 -0.0161684 6
1385587342.878429144 0.0135701 -0.079344 0.839 178.338 -0.000185222 -0.133829  -0.052404 0.000302381 6
1385587342.940559517 0.0132554 -0.0869753 0.824 178.35 -0.00506408 -0.122827  -0.241428 0.0033734 6
1385587343.006291801 0.0126422 -0.0941522 0.807 178.364 -0.00932903 -0.109183  -0.258625 0.00371525 6
1385587343.073875976 0.0119511 -0.100063 0.785 178.386 -0.0102264 -0.0874582  -0.32552 0.00568222 6
1385587343.143115546 0.0109149 -0.103775 0.76 178.413 -0.0149658 -0.0536059  -0.361065 0.0068041 6
1385587343.222855248 0.00957852 -0.105714 0.744 178.42 -0.0167587 -0.024325  -0.200653 0.00153298 6
1385587343.279671549 0.00837229 -0.105935 0.726 178.422 -0.0212304 -0.00388206  -0.31681 0.000614039 6
1385587343.367591036 0.00625266 -0.10576 0.715 178.415 -0.0241088 0.00198758  -0.125114 -0.00139035 6
1385587343.415688452 0.00525836 -0.105672 0.709 178.397 -0.0206725 0.00183584  -0.124747 -0.00652814 6
1385587343.461737094 0.00422112 -0.105813 0.704 178.397 -0.0225249 -0.00307258  -0.108581 0 6
1385587343.540730824 0.0026527 -0.106368 0.702 178.384 -0.0198551 -0.00702273  -0.0253185 -0.0028724 6
1385587343.592860810 0.00169394 -0.106989 0.702 178.359 -0.0183917 -0.011904  0 -0.00837315 6
1385587343.684197450 0.000143732 -0.108244 0.707 178.35 -0.0169725 -0.0137472  0.0547425 -0.00171739 6
1385587343.809393980 -0.00217744 -0.110554 0.712 178.354 -0.0185402 -0.0184457  0.0399372 0.000557322 6
1385587343.814652688 -0.00227256 -0.11066 0.715 178.334 -0.0180872 -0.0202381  0.570482 -0.0663928 6
1385587343.873315939 -0.00328937 -0.111943 0.719 178.309 -0.0173331 -0.0218694  0.0681858 -0.0074361 6
1385587343.945654489 -0.00447781 -0.113627 0.723 178.3 -0.0164289 -0.0232842  0.0552956 -0.0021721 6
1385587344.012142681 -0.00557337 -0.115093 0.725 178.283 -0.0164775 -0.0220505  0.0300805 -0.00446209 6
1385587344.062936150 -0.0063097 -0.116069 0.728 178.295 -0.0144966 -0.019211  0.0590627 0.00412109 6
1385587344.131883981 -0.00720093 -0.11753 0.724 178.288 -0.0129261 -0.0211891  -0.0580149 -0.00177292 6
1385587344.185935627 -0.00788114 -0.11856 0.723 178.258 -0.0125844 -0.0190514  -0.0185008 -0.00968661 6
1385587344.260643036 -0.00871633 -0.120101 0.723 178.271 -0.0111796 -0.0206236  0 0.0030372 6
1385587344.312510703 -0.00910141 -0.121546 0.724 178.261 -0.00742414 -0.0278622  0.0192798 -0.00336312 6
1385587344.369484067 -0.00966969 -0.12308 0.723 178.249 -0.00997448 -0.0269308  -0.0175521 -0.00367875 6
1385587344.434359742 -0.0103518 -0.124964 0.723 178.281 -0.0105135 -0.0290465  0 0.00861234 6
1385587344.502343917 -0.0108221 -0.126895 0.724 178.23 -0.00691796 -0.0284038  0.0147093 -0.0130956 6
1385587344.571882298 -0.0114484 -0.128641 0.726 178.211 -0.00900703 -0.0251029  0.0287611 -0.00476807 6
1385587344.630150752 -0.0118092 -0.130085 0.728 178.214 -0.00619228 -0.0247855  0.0343239 0.000900389 6
1385587344.740503227 -0.0121772 -0.132656 0.725 178.218 -0.00333506 -0.0232934  -0.0271856 0.00063229 6
1385587344.793045660 -0.01244 -0.133928 0.724 178.236 -0.00500074 -0.0242048  -0.0190322 0.00597587 6
1385587344.829015792 -0.0124984 -0.134742 0.725 178.244 -0.00162466 -0.0226316  0.0278008 0.003887 6
1385587344.891141112 -0.0121635 -0.136134 0.73 178.282 0.00539152 -0.0224064  0.0804825 0.010674 6
1385587344.954288321 -0.0117857 -0.137396 0.727 178.285 0.00598247 -0.0199938  -0.047508 0.000830825 6
1385587345.019728990 -0.0113381 -0.138759 0.726 178.288 0.0068396 -0.0208243  -0.015281 0.000797638 4
1385587345.089186095 0.0149854 0.14015 0.727 -0.00299072 -0.0071007 0.0257954  0.0143974 -44.8012 4
1385587345.151411863 0.0144935 0.141972 0.726 0.00500488 -0.00790412 0.0292848  -0.0160705 0.00224263 4
1385587345.214051666 0.0136801 0.143894 0.722 0.00500488 -0.0129869 0.0306787  -0.0638572 0 4
1385587345.282573087 0.0130717 0.145707 0.718 0.0200043 -0.00887842 0.0264628  -0.0583759 0.00382054 4
1385587345.342909720 0.0125826 0.146977 0.716 0.0149994 -0.00810675 0.0210528  -0.0331474 -0.00144774 4
1385587345.440278173 0.0118322 0.148321 0.716 0.0130005 -0.00770586 0.0137956  0 -0.000358303 4
1385587345.472431845 0.0114692 0.148599 0.715 -0.00299072 -0.0112923 0.00866063  -0.0311006 -0.00868017 4
1385587345.548579106 0.0107246 0.148767 0.712 -0.0179901 -0.00977839 0.00219745  -0.0393973 -0.00343793 4
1385587345.618354857 0.010078 0.148467 0.709 0.0310059 -0.00926675 -0.00428724  -0.0429949 0.0122556 4
1385587345.682548184 0.00950085 0.147736 0.707 0.0180054 -0.00899028 -0.0113906  -0.0311559 -0.00353466 4
1385587345.734173216 0.00912836 0.146653 0.704 0.00100708 -0.00721528 -0.0209766  -0.0581113 -0.00574675 4
1385587345.800774940 0.00844398 0.144645 0.703 0.00300598 -0.0102757 -0.0301566  -0.0150146 0.000523821 4
1385587345.866672933 0.00781199 0.142141 0.702 -0.00799561 -0.00959049 -0.0379994  -0.015175 -0.00291381 4
1385587345.939902004 0.00746066 0.138606 0.703 -0.0019989 -0.00479768 -0.0482657  0.0136558 0.00142924 4
1385587345.996827686 0.00717422 0.13529 0.704 -0.00698853 -0.00503176 -0.0582635  0.0175668 -0.00152981 4
1385587346.061404153 0.00681571 0.131008 0.707 -0.048996 -0.00555172 -0.0663012  0.0464566 -0.0113535 4
1385587346.124200877 0.00657708 0.126246 0.709 -0.0540009 -0.0038 -0.0758361  0.0318488 -0.00139102 4
1385587346.200347886 0.00625233 0.119991 0.711 -0.0979919 -0.00426482 -0.0821392  0.026265 -0.010083 4
1385587346.286683183 0.00571042 0.112208 0.716 -0.0970001 -0.00627676 -0.0901521  0.0579137 0.000200504 4
1385587346.346351103 0.00562056 0.106548 0.718 -0.136993 -0.0015061 -0.0948486  0.0335188 -0.0116983 4
1385587346.404239965 0.00548412 0.100829 0.72 -0.155991 -0.00235693 -0.0988011  0.034549 -0.00572759 4
1385587346.448258332 0.00559294 0.096328 0.723 -0.189987 0.00247218 -0.10225  0.0681534 -0.0134797 4
1385587346.513355216 0.00597599 0.0896967 0.728 -0.241989 0.0058843 -0.101868  0.0768086 -0.0139424 4
1385587346.578366931 0.00657094 0.0828415 0.731 -0.261002 0.00915147 -0.105446  0.0461455 -0.00510416 4
1385587346.648405198 0.00729901 0.0747443 0.736 -0.304001 0.0103953 -0.115611  0.0713895 -0.0107153 4
1385587346.708070467 0.00817324 0.0677408 0.74 -0.311996 0.0146522 -0.117381  0.0670407 -0.00233888 4
1385587346.774673563 0.00972672 0.0599461 0.744 -0.332993 0.0233245 -0.117032  0.0600573 -0.00550201 4
1385587346.850810198 0.0113499 0.0508863 0.748 -0.338989 0.0213199 -0.118993  0.0525371 -0.00137466 4
1385587346.959600097 0.013829 0.0387806 0.753 -0.334 0.0227879 -0.111277  0.0459601 0.000800491 4
1385587346.999946559 0.0147982 0.0342034 0.755 -0.319992 0.0240201 -0.113447  0.0495706 0.00605947 4
1385587347.059719686 0.0161154 0.0276164 0.759 -0.313995 0.0220369 -0.110199  0.0669197 0.00175099 4
1385587347.145334349 0.0180073 0.018743 0.763 -0.300995 0.0220983 -0.103643  0.046721 0.00265026 4
1385587347.185475780 0.0188797 0.0149109 0.766 -0.276993 0.0217316 -0.0954668  0.0747358 0.010436 4
1385587347.230274840 0.0197222 0.0110548 0.77 -0.258987 0.0188076 -0.0860758  0.0892876 0.00701472 4
1385587347.306081651 0.0211072 0.00522955 0.773 -0.223999 0.0182704 -0.0768428  0.0395743 0.00805551 4
1385587347.364755208 0.0219863 0.00136045 0.775 -0.203995 0.0149815 -0.0659429  0.0340869 0.00595056 4
1385587347.422263554 0.0227435 -0.0022811 0.777 -0.192001 0.0131676 -0.063322  0.0347776 0.0036399 3
1385587347.552914768 0.0241919 -0.0102722 0.777 -0.179993 0.0110857 -0.0611637  0 0.0016042 3
1385587347.623312884 0.024859 -0.0143859 0.779 -0.205002 0.00947669 -0.0584349  0.0284099 -0.00620034 3
1385587347.765451491 0.0263565 -0.0216549 0.78 -0.40799 0.0105354 -0.0511403  0.00703539 -0.024925 3
1385587347.816535621 0.0270805 -0.0238633 0.781 -0.998001 0.0141729 -0.0432301  0.0195756 -0.201582 3
1385587347.951784802 0.0343489 -0.031464 0.779 -2.28 0.053741 -0.0561977  -0.0147875 -0.165436 3
1385587348.006795112 0.0391837 -0.0343572 0.78 -2.85199 0.0878875 -0.0525949  0.0181784 -0.181477 3
1385587348.147786370 0.0718059 -0.0430792 0.779 -2.116 0.231378 -0.0618614  -0.00709264 0.0911084 3
1385587348.203797699 0.0894083 -0.0464003 0.783 -1.45399 0.314265 -0.0592944  0.0714141 0.206282 3
1385587348.363421425 0.160704 -0.0547446 0.785 -0.0449982 0.446645 -0.0522746  0.0125295 0.15406 3
1385587348.416516276 0.187221 -0.0570901 0.784 0.576004 0.499444 -0.044176  -0.0188342 0.204135 3
1385587348.477785577 0.221571 -0.05951 0.787 1.21501 0.560638 -0.0394965  0.0489642 0.182029 3
1385587348.555982647 0.268125 -0.0616443 0.787 1.82201 0.595344 -0.027293  0 0.135479 3
1385587348.591657386 0.29033 -0.0625844 0.786 2.44301 0.622403 -0.0263533  -0.028031 0.303815 3
1385587348.665619686 0.338802 -0.0644446 0.791 3.08501 0.65537 -0.0251503  0.067602 0.151496 3
1385587348.753391862 0.39799 -0.0660825 0.789 3.71901 0.67434 -0.0186609  -0.0227863 0.12607 3
1385587348.808952147 0.435897 -0.0662961 0.788 4.332 0.682264 -0.0038448  -0.0179985 0.192561 3
1385587348.856427950 0.469757 -0.0662948 0.79 4.95601 0.713202 2.6644e-05  0.0421267 0.229401 3
1385587348.917372449 0.514081 -0.0660075 0.791 5.57501 0.727289 0.00471551  0.0164084 0.17727 3
1385587348.981435352 0.560882 -0.0650301 0.792 6.18501 0.730545 0.0152555  0.0156097 0.166189 3
1385587349.069230208 0.626951 -0.0625328 0.79 6.79601 0.752535 0.0284449  -0.0227804 0.121463 3
1385587349.113837674 0.66066 -0.0613403 0.793 7.40201 0.755673 0.0267338  0.0672533 0.237107 3
1385587349.185162112 0.714907 -0.0588914 0.797 8.007 0.760575 0.0343354  0.0560818 0.148044 3
1385587349.243075543 0.759488 -0.055923 0.798 8.64 0.769789 0.0512555  0.0172672 0.190765 3
1385587349.315976928 0.817035 -0.0500754 0.799 9.291 0.78938 0.0802115  0.0137172 0.155856 3
1385587349.396472498 0.882117 -0.0442788 0.804 9.908 0.808516 0.0720117  0.0621152 0.133781 3
1385587349.443558611 0.920384 -0.0399448 0.804 10.523 0.812696 0.0920436  0 0.227963 3
1385587349.516137009 0.978362 -0.0324551 0.805 11.166 0.798835 0.103195  0.0137782 0.154623 3
1385587349.565109525 1.01665 -0.028242 0.805 11.767 0.781842 0.0860295  0 0.214189 3
1385587349.631662312 1.06855 -0.0205527 0.811 12.407 0.779858 0.115537  0.090154 0.167842 3
1385587349.717784558 1.13558 -0.00913296 0.812 12.995 0.778298 0.132599  0.0116114 0.119162 3
1385587349.769393672 1.17428 -0.000418122 0.812 13.567 0.749862 0.168862  0 0.193437 3
1385587349.827867452 1.22003 0.00899834 0.817 14.163 0.782311 0.161037  0.0855084 0.177897 3
1385587349.902897626 1.28265 0.0222169 0.822 14.747 0.834712 0.176176  0.0666399 0.135848 3
1385587349.963212191 1.33375 0.0337245 0.82 15.349 0.847233 0.190794  -0.0331595 0.174198 3
1385587350.034685411 1.39318 0.0491724 0.823 15.944 0.831442 0.216134  0.0419738 0.145295 3
1385587350.085624495 1.43629 0.0609204 0.822 16.568 0.84639 0.230628  -0.0196313 0.213804 3
1385587350.222553813 1.54985 0.0934618 0.822 17.22 0.82932 0.237651  0 0.0831043 3
1385587350.269068479 1.58833 0.105248 0.821 17.876 0.82728 0.253391  -0.0214986 0.246147 3
1385587350.293778531 1.60866 0.11181 0.819 18.536 0.822558 0.265566  -0.0809387 0.466176 3
1385587350.348722031 1.65382 0.1271 0.818 19.211 0.821958 0.278272  -0.0182005 0.214416 3
1385587350.423007446 1.71592 0.149209 0.819 19.889 0.835999 0.297626  0.0134616 0.159298 3
1385587350.478867821 1.76192 0.166475 0.815 20.555 0.823512 0.309094  -0.0716071 0.208088 3
1385587350.543930892 1.81503 0.188709 0.816 21.23 0.816281 0.34173  0.0153697 0.181071 3
1385587350.615868968 1.87339 0.213948 0.812 21.885 0.811227 0.350847  -0.0556034 0.158913 3
1385587350.673557430 1.91928 0.235909 0.81 22.558 0.795407 0.380677  -0.034669 0.203609 3
1385587350.738639167 1.97044 0.263268 0.811 23.22 0.786187 0.420375  0.0153653 0.177533 3
1385587350.863081565 2.06795 0.318567 0.807 23.831 0.783542 0.444379  -0.0321434 0.085695 3
1385587350.878026719 2.07982 0.325684 0.805 24.422 0.79424 0.47617  -0.133823 0.690187 3
1385587350.950048225 2.13604 0.362203 0.807 25 0.780521 0.507059  0.0277695 0.140066 3
1385587350.997593514 2.17266 0.387208 0.803 25.578 0.770249 0.52593  -0.0841303 0.212178 3
1385587351.060032881 2.22041 0.421529 0.798 26.128 0.764796 0.549671  -0.0800777 0.153739 3
1385587351.177081523 2.30794 0.488439 0.796 26.646 0.747847 0.571636  -0.0170869 0.0772405 3
1385587351.215585638 2.33662 0.511101 0.792 27.185 0.74472 0.588567  -0.103885 0.244321 3
1385587351.314234667 2.4081 0.570029 0.794 27.719 0.72456 0.597354  0.0202739 0.0944763 3
1385587351.335740978 2.42375 0.583553 0.795 28.318 0.72793 0.628827  0.046498 0.486113 3
1385587351.385636759 2.45909 0.614365 0.792 28.889 0.708167 0.617524  -0.0601253 0.199733 3
1385587351.451791015 2.5056 0.656116 0.796 29.464 0.703162 0.631112  0.0604647 0.1517 3
1385587351.514863925 2.54953 0.696592 0.794 30.022 0.696448 0.641731  -0.0317093 0.154407 3
1385587351.588542123 2.60103 0.744816 0.793 30.561 0.69904 0.654533  -0.0135725 0.127682 3
1385587351.644180287 2.639 0.781506 0.79 31.123 0.682281 0.659433  -0.0539198 0.176294 3
1385587351.709485154 2.68334 0.824807 0.794 31.657 0.679115 0.663063  0.0612512 0.142719 3
1385587351.774469476 2.72671 0.867858 0.79 32.179 0.667322 0.662483  -0.0615533 0.140194 3
1385587351.839339617 2.77051 0.913263 0.789 32.678 0.675206 0.69993  -0.0154154 0.134258 3
1385587351.904339561 2.81289 0.959866 0.787 33.138 0.651945 0.716973  -0.0307693 0.123513 3
1385587351.969074397 2.8548 1.00801 0.786 33.475 0.6475 0.743659  -0.0154476 0.0908608 3
1385587352.042149685 2.90258 1.06398 0.795 33.887 0.65385 0.76598  0.123161 0.0984026 3
1385587352.101247802 2.94047 1.10875 0.794 34.244 0.641082 0.757532  -0.016921 0.10543 3
1385587352.171401394 2.98432 1.16232 0.793 34.599 0.625092 0.763562  -0.0142544 0.0883183 3
1385587352.239935631 3.03104 1.21758 0.792 34.971 0.681684 0.80632  -0.0145912 0.0947379 3
1385587352.304447659 3.07582 1.27131 0.79 35.405 0.694088 0.832912  -0.031002 0.117413 3
1385587352.384049617 3.13521 1.35343 0.789 35.89 0.746053 1.03161  -0.0125625 0.10634 3
1385587352.433782528 3.17276 1.40342 0.786 36.367 0.755197 1.00519  -0.0603222 0.1674 3
1385587352.492178442 3.20911 1.46403 0.784 36.849 0.622331 1.03798  -0.034249 0.144058 3
1385587352.564722152 3.25418 1.53842 0.782 37.361 0.621297 1.02537  -0.0275696 0.123184 3
1385587352.628562982 3.29332 1.60381 0.78 37.874 0.613178 1.02432  -0.0313279 0.140248 3
1385587352.691962537 3.33016 1.66871 0.778 37.92 0.581018 1.02364  -0.031546 0.0126606 3
1385587352.751089697 3.3582 1.72186 0.777 28.565 0.474328 0.898983  -0.0169127 -2.76143 3
1385587352.871078677 3.3582 1.72186 0 7.162 0 0  -6.47559 -3.11323 0
1385587352.963115644 3.3582 1.72186 0 47.858 0 0  0 7.71732 0
1385587353.053422309 3.3582 1.72186 0 97.736 0 0  0 9.63977 0
1385587353.202712079 3.3582 1.72186 0 147.559 0 0  0 5.82475 0
1385587353.240550884 3.3582 1.72186 0 149.369 0 0  0 0.83487 0
1385587353.353909699 3.3582 1.72186 0 155.032 0 0  0 0.871904 0
1385587353.401883113 3.3582 1.72186 0 159.136 0 0  0 1.49308 0
1385587353.516480276 3.3582 1.72186 0 160.249 0 0  0 0.169511 0
1385587353.618591835 3.3582 1.72186 0 159.754 0 0  0 -0.0846074 0
1385587353.721717410 3.3582 1.72186 0 159.723 0 0  0 -0.00524656 0
1385587353.824113284 3.3582 1.72186 0 159.585 0 0  0 -0.0235221 0
1385587353.890033826 3.3582 1.72186 0 159.497 0 0  0 -0.0232989 0
1385587353.992631062 3.3582 1.72186 0 159.381 0 0  0 -0.0197332 0
1385587354.098264672 3.3582 1.72186 0 159.268 0 0  0 -0.0186705 0
1385587354.202875114 3.3582 1.72186 0 159.174 0 0  0 -0.015683 0
1385587354.267468209 3.3582 1.72186 0 159.11 0 0  0 -0.0172928 0
1385587354.372393868 3.3582 1.72186 0 159.007 0 0  0 -0.0171331 0
1385587354.477506688 3.3582 1.72186 0 158.907 0 0  0 -0.0166044 0
1385587354.581303987 3.3582 1.72186 0 158.822 0 0  0 -0.0142924 0
1385587354.652883923 3.3582 1.72186 0 158.772 0 0  0 -0.0121917 0
1385587354.752638715 3.3582 1.72186 0 158.683 0 0  0 -0.0155714 0
1385587354.864661932 3.3582 1.72186 0 158.596 0 0  0 -0.0135546 0
1385587354.966789551 3.3582 1.72186 0 158.524 0 0  0 -0.0123047 0
1385587355.029095732 3.3582 1.72186 0 158.478 0 0  0 -0.0128855 0
1385587355.157261301 3.3582 1.72186 0 158.41 0 0  0 -0.00926019 0
1385587355.237270004 3.3582 1.72186 0 158.344 0 0  0 -0.0143974 0
1385587355.341658263 3.3582 1.72186 0 158.277 0 0  0 -0.011202 0
1385587355.453410316 3.3582 1.72186 0 158.216 0 0  0 -0.00952703 0
1385587355.511543074 3.3582 1.72186 0 158.179 0 0  0 -0.0111088 0
1385587355.616486406 3.3582 1.72186 0 158.126 0 0  0 -0.00881443 0
1385587355.721681357 3.3582 1.72186 0 158.074 0 0  0 -0.00862752 0
1385587355.831454250 3.3582 1.72186 0 158.027 0 0  0 -0.00747258 0
1385587355.894271963 3.3582 1.72186 0 158 0 0  0 -0.00750181 0
1385587355.996466618 3.3582 1.72186 0 157.953 0 0  0 -0.00802704 0
1385587356.106261063 3.3582 1.72186 0 157.908 0 0  0 -0.00715336 0
1385587356.208339043 3.3582 1.72186 0 157.859 0 0  0 -0.00837798 0
1385587356.269930267 3.3582 1.72186 0 157.835 0 0  0 -0.006801 0
1385587356.375977938 3.3582 1.72186 0 157.792 0 0  0 -0.00707681 0
1385587356.482806809 3.3582 1.72186 0 157.755 0 0  0 -0.00604503 0
1385587356.588516472 3.3582 1.72186 0 157.714 0 0  0 -0.00676909 0
1385587356.655009915 3.3582 1.72186 0 157.693 0 0  0 -0.00551209 0
1385587356.760224947 3.3582 1.72186 0 157.659 0 0  0 -0.00564006 0
1385587356.866151388 3.3582 1.72186 0 157.623 0 0  0 -0.00593185 0
1385587356.973969939 3.3582 1.72186 0 157.598 0 0  0 -0.00404685 0
1385587357.077101143 3.3582 1.72186 0 157.573 0 0  0 -0.00423078 0
1385587357.138010126 3.3582 1.72186 0 157.553 0 0  0 -0.00573107 0
1385587357.240272198 3.3582 1.72186 0 157.522 0 0  0 -0.00529086 0
1385587357.345421630 3.3582 1.72186 0 157.494 0 0  0 -0.00464758 0
1385587357.460740305 3.3582 1.72186 0 157.469 0 0  0 -0.00378365 0
1385587357.523822114 3.3582 1.72186 0 157.455 0 0  0 -0.00387346 0
1385587357.620874760 3.3582 1.72186 0 157.438 0 0  0 -0.0030572 0
1385587357.748041867 3.3582 1.72186 0 157.416 0 0  0 -0.00301934 0
1385587357.831373358 3.3582 1.72186 0 157.396 0 0  0 -0.00418898 0
1385587357.893993218 3.3582 1.72186 0 157.382 0 0  0 -0.00390204 0
1385587358.002146998 3.3582 1.72186 0 157.362 0 0  0 -0.00322757 0
1385587358.105375835 3.3582 1.72186 0 157.341 0 0  0 -0.00355053 0
1385587358.209783357 3.3582 1.72186 0 157.318 0 0  0 -0.0038446 0
1385587358.278058811 3.3582 1.72186 0 157.302 0 0  0 -0.00409028 0
1385587358.379599884 3.3582 1.72186 0 157.284 0 0  0 -0.00309385 0
1385587358.484614806 3.3582 1.72186 0 157.271 0 0  0 -0.00216066 0
1385587358.591851035 3.3582 1.72186 0 157.264 0 0  0 -0.00113928 0
1385587358.699454753 3.3582 1.72186 0 157.25 0 0  0 -0.00227079 0
1385587358.759471618 3.3582 1.72186 0 157.243 0 0  0 -0.00203564 0
1385587358.866356317 3.3582 1.72186 0 157.23 0 0  0 -0.00212286 0
1385587358.969225524 3.3582 1.72186 0 157.222 0 0  0 -0.00135722 0
1385587359.080518818 3.3582 1.72186 0 157.214 0 0  0 -0.00125449 0
1385587359.143978046 3.3582 1.72186 0 157.205 0 0  0 -0.0024755 0
1385587359.246733239 3.3582 1.72186 0 157.187 0 0  0 -0.0030573 0
1385587359.358889295 3.3582 1.72186 0 157.18 0 0  0 -0.00108931 0
1385587359.455911614 3.3582 1.72186 0 157.169 0 0  0 -0.00197873 0
1385587359.518800932 3.3582 1.72186 0 157.161 0 0  0 -0.00222056 0
1385587359.628493793 3.3582 1.72186 0 157.144 0 0  0 -0.00270491 0
1385587359.730318626 3.3582 1.72186 0 157.139 0 0  0 -0.000856881 0
1385587359.835885737 3.3582 1.72186 0 157.123 0 0  0 -0.00264539 0
1385587359.898468625 3.3582 1.72186 0 157.118 0 0  0 -0.00139418 0
1385587360.003588074 3.3582 1.72186 0 157.105 0 0  0 -0.00215851 0
1385587360.112023147 3.3582 1.72186 0 157.082 0 0  0 -0.0037018 0
1385587360.213521110 3.3582 1.72186 0 157.061 0 0  0 -0.00361108 0
1385587360.320655571 3.3582 1.72186 0 157.047 0 0  0 -0.00228104 0
1385587360.384204125 3.3582 1.72186 0 157.044 0 0  0 -0.000823482 0
1385587360.489171440 3.3582 1.72186 0 157.038 0 0  0 -0.000997728 0
1385587360.594320841 3.3582 1.72186 0 157.032 0 0  0 -0.000996 0
1385587360.723399123 3.3582 1.72186 0 157.02 0 0  0 -0.00162246 0
1385587360.762879582 3.3582 1.72186 0 157.012 0 0  0 -0.00353718 0
1385587360.871593737 3.3582 1.72186 0 157.004 0 0  0 -0.00128425 0
1385587360.980898500 3.3582 1.72186 0 157.003 0 0  0 -0.000159588 0
1385587361.083558530 3.3582 1.72186 0 156.99 0 0  0 -0.00221022 0
1385587361.156233709 3.3582 1.72186 0 156.988 0 0  0 -0.000480504 0
1385587361.250031217 3.3582 1.72186 0 156.971 0 0  0 -0.00316294 0
1385587361.352919637 3.3582 1.72186 0 156.954 0 0  0 -0.0028838 0
1385587361.457634170 3.3582 1.72186 0 156.945 0 0  0 -0.0015002 0
1385587361.522728195 3.3582 1.72186 0 156.946 0 0  0 0.000267977 0
1385587361.629645126 3.3582 1.72186 0 156.924 0 0  0 -0.00359121 0
1385587361.736595053 3.3582 1.72186 0 156.927 0 0  0 0.000489616 0
1385587361.840921647 3.3582 1.72186 0 156.924 0 0  0 -0.000501928 0
1385587361.944317076 3.3582 1.72186 0 156.906 0 0  0 -0.00303837 0
1385587362.007518046 3.3582 1.72186 0 156.908 0 0  0 0.000552008 0
1385587362.113935075 3.3582 1.72186 0 156.91 0 0  0 0.00032815 0
1385587362.217891076 3.3582 1.72186 0 156.911 0 0  0 0.000167799 0
1385587362.327783320 3.3582 1.72186 0 156.901 0 0  0 -0.00158826 0
1385587362.386967124 3.3582 1.72186 0 156.902 0 0  0 0.0002953 0
1385587362.492621897 3.3582 1.72186 0 156.879 0 0  0 -0.00379953 0
1385587362.597713170 3.3582 1.72186 0 156.883 0 0  0 0.000664262 0
1385587362.705728419 3.3582 1.72186 0 156.879 0 0  0 -0.00064628 0
1385587362.769529975 3.3582 1.72186 0 156.868 0 0  0 -0.00300903 0
1385587362.873725937 3.3582 1.72186 0 156.857 0 0  0 -0.0018425 0
1385587362.976716027 3.3582 1.72186 0 156.831 0 0  0 -0.00440627 0
1385587363.085793637 3.3582 1.72186 0 156.817 0 0  0 -0.0022401 0
1385587363.146552986 3.3582 1.72186 0 156.806 0 0  0 -0.00315969 0
1385587363.256213822 3.3582 1.72186 0 156.809 0 0  0 0.000477512 0
1385587363.356958824 3.3582 1.72186 0 156.796 0 0  0 -0.00225223 0
1385587363.461454269 3.3582 1.72186 0 156.793 0 0  0 -0.000501117 0
1385587363.576082541 3.3582 1.72186 0 156.794 0 0  0 0.000152467 0
1385587363.631414341 3.3582 1.72186 0 156.79 0 0  0 -0.00126223 0
1385587363.737460779 3.3582 1.72186 0 156.789 0 0  0 -0.000164491 0
1385587363.844358349 3.3582 1.72186 0 156.796 0 0  0 0.00114289 0
1385587363.954324639 3.3582 1.72186 0 156.805 0 0  0 0.00142856 0
1385587364.011388690 3.3582 1.72186 0 156.809 0 0  0 0.00122333 0
1385587364.115682484 3.3582 1.72186 0 156.807 0 0  0 -0.00033483 0
1385587364.221155051 3.3582 1.72186 0 156.794 0 0  0 -0.00215097 0
1385587364.329557098 3.3582 1.72186 0 156.804 0 0  0 0.00160978 0
1385587364.396210169 3.3582 1.72186 0 156.809 0 0  0 0.00130954 0
1385587364.497811083 3.3582 1.72186 0 156.812 0 0  0 0.000515393 0
1385587364.603600747 3.3582 1.72186 0 156.798 0 0  0 -0.00230972 0
1385587364.705811023 3.3582 1.72186 0 156.784 0 0  0 -0.00239061 0
1385587364.771039052 3.3582 1.72186 0 156.788 0 0  0 0.00107022 0
1385587364.875547465 3.3582 1.72186 0 156.796 0 0  0 0.00133593 0
1385587364.980806537 3.3582 1.72186 0 156.777 0 0  0 -0.00315029 0
1385587365.085467496 3.3582 1.72186 0 156.764 0 0  0 -0.00216797 0
1385587365.197704131 3.3582 1.72186 0 156.763 0 0  0 -0.000155419 0
1385587365.253785712 3.3582 1.72186 0 156.765 0 0  0 0.000622083 0
1385587365.362773207 3.3582 1.72186 0 156.76 0 0  0 -0.000800567 0
1385587365.468364800 3.3582 1.72186 0 156.745 0 0  0 -0.00247926 0
1385587365.576332666 3.3582 1.72186 0 156.749 0 0  0 0.000646564 0
1385587365.637574251 3.3582 1.72186 0 156.745 0 0  0 -0.00113988 0
1385587365.740380225 3.3582 1.72186 0 156.737 0 0  0 -0.00135838 0
1385587365.845041086 3.3582 1.72186 0 156.711 0 0  0 -0.00433562 0
1385587365.950750248 3.3582 1.72186 0 156.702 0 0  0 -0.00148609 0
1385587366.017046737 3.3582 1.72186 0 156.703 0 0  0 0.000263117 0
1385587366.119852594 3.3582 1.72186 0 156.699 0 0  0 -0.000679029 0
1385587366.225010745 3.3582 1.72186 0 156.703 0 0  0 0.000663839 0
1385587366.330456589 3.3582 1.72186 0 156.687 0 0  0 -0.00264811 0
1385587366.394924646 3.3582 1.72186 0 156.681 0 0  0 -0.00162451 0
1385587366.504465015 3.3582 1.72186 0 156.666 0 0  0 -0.00238988 0
1385587366.604616408 3.3582 1.72186 0 156.676 0 0  0 0.00174273 0
1385587366.709750939 3.3582 1.72186 0 156.672 0 0  0 -0.000664305 0
1385587366.819641735 3.3582 1.72186 0 156.662 0 0  0 -0.00158797 0
1385587366.878314992 3.3582 1.72186 0 156.668 0 0  0 0.00178438 0
1385587366.986667684 3.3582 1.72186 0 156.667 0 0  0 -0.00016099 0
1385587367.089280890 3.3582 1.72186 0 156.67 0 0  0 0.000510309 0
1385587367.208723015 3.3582 1.72186 0 156.673 0 0  0 0.000438408 0
1385587367.265381327 3.3582 1.72186 0 156.675 0 0  0 0.000615751 0
1385587367.364280839 3.3582 1.72186 0 156.677 0 0  0 0.000353093 0
1385587367.472933873 3.3582 1.72186 0 156.663 0 0  0 -0.00224886 0
1385587367.573929312 3.3582 1.72186 0 156.66 0 0  0 -0.000518483 0
1385587367.647225351 3.3582 1.72186 0 156.66 0 0  0 0 0
1385587367.747073097 3.3582 1.72186 0 156.645 0 0  0 -0.00262188 0
1385587367.851458658 3.3582 1.72186 0 156.63 0 0  0 -0.00250822 0
1385587367.960139375 3.3582 1.72186 0 156.623 0 0  0 -0.00112414 0
1385587368.027500933 3.3582 1.72186 0 156.629 0 0  0 0.00155473 0
1385587368.124015947 3.3582 1.72186 0 156.638 0 0  0 0.00162766 0
1385587368.263519558 3.3582 1.72186 0 156.637 0 0  0 -0.00012528 0
1385587368.339024581 3.3582 1.72186 0 156.646 0 0  0 0.00208057 0
1385587368.440838768 3.3582 1.72186 0 156.655 0 0  0 0.00154294 0
1385587368.506302428 3.3582 1.72186 0 156.652 0 0  0 -0.0007999 0
1385587368.608355700 3.3582 1.72186 0 156.652 0 0  0 0 0
1385587368.713460414 3.3582 1.72186 0 156.652 0 0  0 0 0
1385587368.822261437 3.3582 1.72186 0 156.66 0 0  0 0.00128323 0
1385587368.883704602 3.3582 1.72186 0 156.656 0 0  0 -0.00113614 0
1385587368.987524562 3.3582 1.72186 0 156.651 0 0  0 -0.000840735 0
1385587369.108208366 3.3582 1.72186 0 156.641 0 0  0 -0.00144596 0
1385587369.206735307 3.3582 1.72186 0 156.636 0 0  0 -0.000885901 0
1385587369.266285160 3.3582 1.72186 0 156.638 0 0  0 0.000586411 0
1385587369.367617711 3.3582 1.72186 0 156.641 0 0  0 0.000516758 0
1385587369.500384671 3.3582 1.72186 0 156.638 0 0  0 -0.000394408 0
1385587369.582371821 3.3582 1.72186 0 156.644 0 0  0 0.00127697 0
1385587369.642848999 3.3582 1.72186 0 156.645 0 0  0 0.000288985 0
1385587369.747657303 3.3582 1.72186 0 156.635 0 0  0 -0.0016653 0
1385587369.852654815 3.3582 1.72186 0 156.64 0 0  0 0.000830989 0
1385587369.961420040 3.3582 1.72186 0 156.644 0 0  0 0.000641824 0
1385587370.064321435 3.3582 1.72186 0 156.637 0 0  0 -0.00118728 0
1385587370.127543324 3.3582 1.72186 0 156.637 0 0  0 0 0
1385587370.232783464 3.3582 1.72186 0 156.632 0 0  0 -0.000829074 0
1385587370.354168937 3.3582 1.72186 0 156.635 0 0  0 0.000431389 0
1385587370.537397943 3.3582 1.72186 0 156.629 0 0  0 -0.000571573 0
1385587370.550033637 3.3582 1.72186 0 156.614 0 0  0 -0.0207182 0
1385587370.612204962 3.3582 1.72186 0 156.617 0 0  0 0.00084226 0
1385587370.719394025 3.3582 1.72186 0 156.616 0 0  0 -0.000163048 0
1385587370.826285582 3.3582 1.72186 0 156.621 0 0  0 0.000816576 0
1385587370.893209473 3.3582 1.72186 0 156.617 0 0  0 -0.0010431 0
1385587371.005812363 3.3582 1.72186 0 156.614 0 0  0 -0.000465036 0
1385587371.102015102 3.3582 1.72186 0 156.606 0 0  0 -0.00145162 0
1385587371.202085899 3.3582 1.72186 0 156.605 0 0  0 -0.000174314 0
1385587371.269333045 3.3582 1.72186 0 156.601 0 0  0 -0.00103808 0
1385587371.372057334 3.3582 1.72186 0 156.594 0 0  0 -0.00118932 0
1385587371.476365477 3.3582 1.72186 0 156.582 0 0  0 -0.00200775 0
1385587371.581655741 3.3582 1.72186 0 156.555 0 0  0 -0.00447569 0
1385587371.688756376 3.3582 1.72186 0 156.562 0 0  0 0.00114073 0
1385587371.751505108 3.3582 1.72186 0 156.554 0 0  0 -0.00222554 0
1385587371.856618110 3.3582 1.72186 0 156.559 0 0  0 0.000830393 0
1385587371.963514157 3.3582 1.72186 0 156.552 0 0  0 -0.00114291 0
1385587372.074102483 3.3582 1.72186 0 156.562 0 0  0 0.00157826 0
1385587372.135318458 3.3582 1.72186 0 156.559 0 0  0 -0.000855404 0
1385587372.236322325 3.3582 1.72186 0 156.553 0 0  0 -0.00103688 0
1385587372.342060043 3.3582 1.72186 0 156.546 0 0  0 -0.00115543 0
1385587372.449199837 3.3582 1.72186 0 156.546 0 0  0 0 0
1385587372.511155634 3.3582 1.72186 0 156.55 0 0  0 0.00112674 0
1385587372.616311505 3.3582 1.72186 0 156.554 0 0  0 0.000663854 0
1385587372.721020186 3.3582 1.72186 0 156.57 0 0  0 0.00266707 0
1385587372.832409664 3.3582 1.72186 0 156.566 0 0  0 -0.000626703 0
1385587372.891242490 3.3582 1.72186 0 156.572 0 0  0 0.00178011 0
1385587372.995948370 3.3582 1.72186 0 156.462 0 0  0 -0.0183359 0
1385587373.101103997 3.3582 1.72186 0 155.556 0 0  0 -0.150374 0
1385587373.208869383 3.3582 1.72186 0 154.19 0 0  0 -0.221232 0
1385587373.344135837 3.3582 1.72186 0 154.417 0 0  0 0.0292895 0
1385587373.383354733 3.3582 1.72186 0 154.806 0 0  0 0.173114 0
1385587373.481017682 3.3582 1.72186 0 155.287 0 0  0 0.0859594 0
1385587373.586942937 3.3582 1.72186 0 151.643 0 0  0 -0.600422 0
1385587373.697599558 3.3582 1.72186 0 145.276 0 0  0 -1.00423 0
1385587373.759773655 3.3582 1.72186 0 144.243 0 0  0 -0.28998 0
1385587373.862564589 3.3582 1.72186 0 147.534 0 0  0 0.558792 0
1385587373.968296547 3.3582 1.72186 0 149.357 0 0  0 0.300925 0
1385587374.089696175 3.3582 1.72186 0 155.364 0 0  0 0.86361 0
1385587374.137484027 3.3582 1.72186 0 161.866 0 0  0 2.37469 0
1385587374.240076055 3.3582 1.72186 0 171.344 0 0  0 1.61243 0
1385587374.345268244 3.3582 1.72186 0 177.148 0 0  0 0.962989 0
1385587374.469018727 3.3582 1.72186 0 -177.331 -0 0  0 -49.9944 0
1385587374.566956911 3.3582 1.72186 0 -173.365 -0 0  0 0.70677 0
1385587374.626042275 3.3582 1.72186 0 -167.886 -0 0  0 1.61845 0
1385587374.739594507 3.3582 1.72186 0 -161.565 -0 0  0 0.971555 0
1385587374.849479068 3.3582 1.72186 0 -156.093 -0 0  0 0.869134 0
1385587374.936620586 3.3582 1.72186 0 -151.692 -0 0  0 0.881462 0
1385587375.014271741 3.3582 1.72186 0 -150.941 -0 0  0 0.168799 0
1385587375.123003024 3.3582 1.72186 0 -153.433 -0 0  0 -0.40001 0
1385587375.230164952 3.3582 1.72186 0 -149.473 -0 0  0 0.644959 0
1385587375.329737642 3.3582 1.72186 0 -140.739 -0 0  0 1.53091 0
1385587375.380022356 3.3582 1.72186 0 -136.234 -0 0  0 1.56364 0
1385587375.486970765 3.3582 1.72186 0 -129.023 -0 0  0 1.17679 0
1385587375.635828291 3.3582 1.72186 0 -124.149 -0 0  0 0.571468 0
1385587375.739379889 3.3582 1.72186 0 -120.722 -0 0  0 0.57761 0
1385587375.764632875 3.3582 1.72186 0 -118.969 -0 0  0 1.21156 0
1385587375.867121496 3.3582 1.72186 0 -115.704 -0 0  0 0.556013 0
1385587375.977309222 3.3582 1.72186 0 -110.766 -0 0  0 0.78216 0
1385587376.087477125 3.3582 1.72186 0 -105.734 -0 0  0 0.797192 0
1385587376.138747317 3.3582 1.72186 0 -103.028 -0 0  0 0.921171 0
1385587376.261844618 3.3582 1.72186 0 -99.128 -0 0  0 0.55296 0
1385587376.348653017 3.3582 1.72186 0 -95.716 -0 0  0 0.686 0
1385587376.454429976 3.3582 1.72186 0 -93.355 -0 0  0 0.389567 0
1385587376.579746903 3.3582 1.72186 0 -90.921 -0 0  0 0.338991 0
1385587376.629835374 3.3582 1.72186 0 -90.139 -0 0  0 0.272489 0
1385587376.750576075 3.3582 1.72186 0 -88.331 0 -0  0 0.26135 0
1385587376.846138938 3.3582 1.72186 0 -87.536 0 -0  0 0.145196 0
1385587376.980118350 3.3582 1.72186 0 -85.254 0 -0  0 0.297272 0
1385587377.003741679 3.3582 1.72186 0 -82.58 0 -0  0 1.9756 0
1385587377.114929981 3.3582 1.72186 0 -80.819 0 -0  0 0.276425 0
1385587377.221778020 3.3582 1.72186 0 -83.043 0 -0  0 -0.363283 0
1385587377.336739941 3.3582 1.72186 0 -85.123 0 -0  0 -0.315782 0
1385587377.404086718 3.3582 1.72186 0 -84.624 0 -0  0 0.129319 0
1385587377.492011794 3.3582 1.72186 0 -81.273 0 -0  0 0.665179 0
1385587377.601260685 3.3582 1.72186 0 -74.698 0 -0  0 1.0504 0
1385587377.706336404 3.3582 1.72186 0 -65.771 0 -0  0 1.48279 0
1385587377.762853228 3.3582 1.72186 0 -60.282 0 -0  0 1.69509 0
1385587377.882432719 3.3582 1.72186 0 -48.925 0 -0  0 1.65762 0
1385587377.972554743 3.3582 1.72186 0 -36.937 0 -0  0 2.32163 0
1385587378.111401147 3.3582 1.72186 0 -29.224 0 -0  0 0.96954 0
1385587378.268550874 3.3582 1.72186 0 -25.272 0 -0  0 0.438916 0
1385587378.276215447 3.3582 1.72186 0 -23.764 0 -0  0 3.43391 0
1385587378.370779670 3.3582 1.72186 0 -21.043 0 -0  0 0.502201 0
1385587378.462778681 3.3582 1.72186 0 -17.738 0 -0  0 0.626999 0
1385587378.577811658 3.3582 1.72186 0 -11.274 0 -0  0 0.980746 0
1385587378.632579004 3.3582 1.72186 0 -5.547 0 -0  0 1.82508 0
1385587378.731901933 3.3582 1.72186 0 3.524 0 0  0 1.59398 0
1385587378.837757053 3.3582 1.72186 0 7.46301 0 0  0 0.64946 0
1385587378.942727791 3.3582 1.72186 0 9.77101 0 0  0 0.383747 0
1385587379.006776957 3.3582 1.72186 0 12.116 0 0  0 0.639009 0
1385587379.122524501 3.3582 1.72186 0 15.158 0 0  0 0.458695 0
1385587379.230008100 3.3582 1.72186 0 16.463 0 0  0 0.211908 0
1385587379.349391541 3.3582 1.72186 0 20.588 0 0  0 0.603055 0
1385587379.394209168 3.3582 1.72186 0 23.873 0 0  0 1.27927 0
1385587379.494606755 3.3582 1.72186 0 24.121 0 0  0 0.0431129 0
1385587379.598956709 3.3582 1.72186 0 23.809 0 0  0 -0.0521837 0
1385587379.718673525 3.3582 1.72186 0 22.927 0 0  0 -0.128586 0
1385587379.810493830 3.3582 1.72186 0 20.25 0 0  0 -0.508847 0
1385587379.906517768 3.3582 1.72186 0 18.553 0 0  0 -0.308445 0
1385587380.017409386 3.3582 1.72186 0 14.328 0 0  0 -0.664976 0
1385587380.084253542 3.3582 1.72186 0 6.97701 0 0  0 -1.91938 0
1385587380.213071369 3.3582 1.72186 0 -1.08699 0 -0  0 -1.09258 0
1385587380.251612234 3.3582 1.72186 0 -5.30499 0 -0  0 -1.91013 0
1385587380.377300973 3.3582 1.72186 0 -11.741 0 -0  0 -0.893712 0
1385587380.477968858 3.3582 1.72186 0 -17.101 0 -0  0 -0.92929 0
1385587380.578427537 3.3582 1.72186 0 -20.169 0 -0  0 -0.533021 0
1385587380.651623782 3.3582 1.72186 0 -21.131 0 -0  0 -0.229386 0
1385587380.736812828 3.3582 1.72186 0 -22.135 0 -0  0 -0.205696 0
1385587380.844551390 3.3582 1.72186 0 -22.545 0 -0  0 -0.0664192 0
1385587380.973521421 3.3582 1.72186 0 -22.584 0 -0  0 -0.005278 0
1385587381.086303759 3.3582 1.72186 0 -23.685 0 -0  0 -0.170382 0
1385587381.118568352 3.3582 1.72186 0 -27.478 0 -0  0 -2.05179 0
1385587381.219014663 3.3582 1.72186 0 -32.091 0 -0  0 -0.801542 0
1385587381.326161476 3.3582 1.72186 0 -36.816 0 -0  0 -0.769663 0
1385587381.434177419 3.3582 1.72186 0 -41.673 0 -0  0 -0.784797 0
1385587381.552130984 3.3582 1.72186 0 -44.135 0 -0  0 -0.364297 0
1385587381.649655982 3.3582 1.72186 0 -47.616 0 -0  0 -0.622968 0
1385587381.706809637 3.3582 1.72186 0 -50.716 0 -0  0 -0.946662 0
1385587381.826982081 3.3582 1.72186 0 -52.825 0 -0  0 -0.306302 0
1385587381.980946356 3.3582 1.72186 0 -51.618 0 -0  0 0.136825 0
1385587382.008091788 3.3582 1.72186 0 -44.739 0 -0  0 4.42289 0
1385587382.118670218 3.3582 1.72186 0 -33.153 0 -0  0 1.82869 0
1385587382.230501184 3.3582 1.72186 0 -20.241 0 -0  0 2.01516 0
1385587382.326367611 3.3582 1.72186 0 -13.925 0 -0  0 1.14988 0
1385587382.374037541 3.3582 1.72186 0 -7.72 0 -0  0 2.27182 0
1385587382.495244870 3.3582 1.72186 0 -4.74199 0 -0  0 0.42882 0
1385587382.593373568 3.3582 1.72186 0 -1.74399 0 -0  0 0.533228 0
1385587382.682090248 3.3582 1.72186 0 1.51901 0 0  0 0.641932 0
1385587382.744209069 3.3582 1.72186 0 1.948 0 0  0 0.12053 0
1385587382.919734616 3.3582 1.72186 0 -0.580002 0 -0  0 -0.25137 0
1385587382.996479348 3.3582 1.72186 0 -1.836 0 -0  0 -0.285639 0
1385587383.071302206 3.3582 1.72186 0 1.22 0 0  0 0.712847 0
1385587383.186290003 3.3582 1.72186 0 2.737 0 0  0 0.230256 0
1385587383.259385632 3.3582 1.72186 0 2.18701 0 0  0 -0.131322 0
1385587383.372116848 3.3582 1.72186 0 1.27501 0 0  0 -0.141198 0
1385587383.448922027 3.3582 1.72186 0 1.645 0 0  0 0.0840781 0
1385587383.504174770 3.3582 1.72186 0 2.084 0 0  0 0.13867 0
1385587383.612115849 3.3582 1.72186 0 2.498 0 0  0 0.066941 0
1385587383.727590720 3.3582 1.72186 0 2.50301 0 0  0 0.000756456 0
1385587383.833709616 3.3582 1.72186 0 2.509 0 0  0 0.000986273 0
1385587383.884516897 3.3582 1.72186 0 2.511 0 0  0 0.000686662 0
1385587384.007652113 3.3582 1.72186 0 2.517 0 0  0 0.000849978 0
1385587384.278903515 3.3582 1.72186 0 2.526 0 0  0 0.000579265 0
1385587384.281066717 3.3582 1.72186 0 2.53101 0 0  0 0.0403807 0
1385587384.316429253 3.3582 1.72186 0 2.53601 0 0  0 0.00247018 0
1385587384.436103959 3.3582 1.72186 0 2.54201 0 0  0 0.000874556 0
1385587384.479777942 3.3582 1.72186 0 2.54701 0 0  0 0.00200009 0
1385587384.627615149 3.3582 1.72186 0 2.55101 0 0  0 0.000471971 0
1385587384.740733198 3.3582 1.72186 0 2.558 0 0  0 0.00107828 0
1385587384.769185966 3.3582 1.72186 0 2.56201 0 0  0 0.00246166 0
1385587384.873250991 3.3582 1.72186 0 2.567 0 0  0 0.000836836 0
1385587384.974136993 3.3582 1.72186 0 2.573 0 0  0 0.00103743 0
1385587385.080747828 3.3582 1.72186 0 2.58 0 0  0 0.00114659 0
1385587385.176015560 3.3582 1.72186 0 2.58101 0 0  0 0.0001845 0
1385587385.266257353 3.3582 1.72186 0 2.58801 0 0  0 0.00135457 0
1385587385.362435171 3.3582 1.72186 0 2.59201 0 0  0 0.000725477 0
1385587385.464295360 3.3582 1.72186 0 2.60001 0 0  0 0.00137001 0
1385587385.523514813 3.3582 1.72186 0 2.60501 0 0  0 0.00147505 0
1385587385.615775244 3.3582 1.72186 0 2.61101 0 0  0 0.00113442 0
1385587385.730119447 3.3582 1.72186 0 2.617 0 0  0 0.000915326 0
1385587385.834789571 3.3582 1.72186 0 2.623 0 0  0 0.000999925 0
1385587385.937431885 3.3582 1.72186 0 2.627 0 0  0 0.000679786 0
1385587386.003424352 3.3582 1.72186 0 2.632 0 0  0 0.00132366 0
1385587386.118063168 3.3582 1.72186 0 2.63701 0 0  0 0.000761973 0
1385587386.238020672 3.3582 1.72186 0 2.64401 0 0  0 0.00101902 0
1385587386.327064496 3.3582 1.72186 0 2.651 0 0  0 0.00136981 0
1385587386.407042783 3.3582 1.72186 0 2.655 0 0  0 0.000872422 0
1385587386.507093916 3.3582 1.72186 0 2.664 0 0  0 0.00157046 0
1385587386.609727729 3.3582 1.72186 0 2.668 0 0  0 0.000679842 0
1385587386.723526670 3.3582 1.72186 0 2.67401 0 0  0 0.000922052 0
1385587386.798506633 3.3582 1.72186 0 2.67601 0 0  0 0.00046529 0
1385587386.870400772 3.3582 1.72186 0 2.683 0 0  0 0.00169656 0
1385587386.988172756 3.3582 1.72186 0 2.68901 0 0  0 0.000890947 0
1385587387.096788069 3.3582 1.72186 0 2.69501 0 0  0 0.000963605 0
1385587387.131888321 3.3582 1.72186 0 2.69701 0 0  0 0.000993936 0
