1388035588.072168626 0 0 0 50.26 0 0  0 0.145993 2
1388035588.172189796 0 0 0 50.293 0 0  0 0.00575853 2
1388035588.272161445 0 0 0 50.331 0 0  0 0.00663448 2
1388035588.372190719 0 0 0 50.369 0 0  0 0.00663 2
1388035588.472230811 0 0 0 50.404 0 0  0 0.00610618 2
1388035588.572173480 0 0 0 50.435 0 0  0 0.00541398 2
1388035588.672184801 0 0 0 50.468 0 0  0 0.00575843 2
1388035588.772259605 0 0 0 50.5 0 0  0 0.00558114 2
1388035588.872178599 0 0 0 50.533 0 0  0 0.00576442 2
1388035588.972157931 0 0 0 50.569 0 0  0 0.00628436 2
1388035589.072172116 0 0 0 50.6 0 0  0 0.00540944 2
1388035589.172169396 0 0 0 50.636 0 0  0 0.0062839 2
1388035589.272139583 0 0 0 50.665 0 0  0 0.00506285 2
1388035589.372258184 0 0 0 50.7 0 0  0 0.00610139 2
1388035589.472170958 0 0 0 50.734 0 0  0 0.00593937 2
1388035589.572248066 0 0 0 50.765 0 0  0 0.00540604 2
1388035589.672267771 0 0 0 50.799 0 0  0 0.00593302 2
1388035589.772172307 0 0 0 50.829 0 0  0 0.00524078 2
1388035589.872151083 0 0 0 50.861 0 0  0 0.0055865 2
1388035589.972313540 0 0 0 50.891 0 0  0 0.00522728 2
1388035590.072360689 0 0 0 50.925 0 0  0 0.00593139 2
1388035590.172155639 0 0 0 50.957 0 0  0 0.00559679 2
1388035590.272228701 0 0 0 50.99 0 0  0 0.00575555 2
1388035590.372234085 0 0 0 51.026 0 0  0 0.00628272 2
1388035590.472156220 0 0 0 51.059 0 0  0 0.00576357 2
1388035590.572247788 0 0 0 51.092 0 0  0 0.00575448 2
1388035590.672262395 0 0 0 51.127 0 0  0 0.00610773 2
1388035590.772184386 0 0 0 51.159 0 0  0 0.00558968 2
1388035590.872260241 0 0 0 51.19 0 0  0 0.00540611 2
1388035590.972258851 0 0 0 51.224 0 0  0 0.00593427 2
1388035591.072230366 0 0 0 51.255 0 0  0 0.00541242 2
1388035591.172229251 0 0 0 51.287 0 0  0 0.00558471 2
1388035591.272228563 0 0 0 51.319 0 0  0 0.00558535 2
1388035591.372231571 0 0 0 51.352 0 0  0 0.00575958 2
1388035591.472151052 0 0 0 51.387 0 0  0 0.00611355 2
1388035591.572161887 0 0 0 51.419 0 0  0 0.00558404 2
1388035591.672118453 0 0 0 51.452 0 0  0 0.00576225 2
1388035591.772153377 0 0 0 51.484 0 0  0 0.00558336 2
1388035591.872232519 0 0 0 51.517 0 0  0 0.00575453 2
1388035591.972246139 0 0 0 51.551 0 0  0 0.00593338 2
1388035592.072339178 0 0 0 51.579 0 0  0 0.00488236 2
1388035592.172190212 0 0 0 51.612 0 0  0 0.00576834 2
1388035592.272228486 0 0 0 51.645 0 0  0 0.00575755 2
1388035592.372152581 0 0 0 51.678 0 0  0 0.00576413 2
1388035592.472282984 0 0 0 51.712 0 0  0 0.00592646 2
1388035592.572258550 0 0 0 51.746 0 0  0 0.00593497 2
1388035592.672240674 0 0 0 51.778 0 0  0 0.00558631 2
1388035592.772288518 0 0 0 51.808 0 0  0 0.00523327 2
1388035592.872246828 0 0 0 51.845 0 0  0 0.00646086 2
1388035592.972191947 0 0 0 51.877 0 0  0 0.00558772 2
1388035593.072292106 0 0 0 51.91 0 0  0 0.00575399 2
1388035593.172157177 0 0 0 51.946 0 0  0 0.00629155 2
1388035593.272191129 0 0 0 51.981 0 0  0 0.00610655 2
1388035593.372155654 0 0 0 52.016 0 0  0 0.00611079 2
1388035593.472156707 0 0 0 52.047 0 0  0 0.00541082 2
1388035593.572241645 0 0 0 52.077 0 0  0 0.00523133 2
1388035593.672141570 0 0 0 52.108 0 0  0 0.0054163 2
1388035593.772191513 0 0 0 52.142 0 0  0 0.00593056 2
1388035593.872141652 0 0 0 52.177 0 0  0 0.00611167 2
1388035593.972277576 0 0 0 52.185 0 0  0 0.00139493 2
1388035594.072166252 0 0 0 52.239 0 0  0 0.00943476 2
1388035594.172212772 0 0 0 52.27 0 0  0 0.00540836 2
1388035594.272254891 0.00213231 -0.00141693 0.016 52.31 0.0213141 -0.0141633  0.159933 0.00697854 7
1388035594.372232830 0.00541685 -0.00384807 0.077 52.338 0.0328526 -0.0243168  0.610135 0.00488798 7
1388035594.472256089 0.00994582 -0.00638997 0.183 52.371 0.0452791 -0.0254131  1.05975 0.00575775 7
1388035594.572153084 0.0141705 -0.0101855 0.33 52.403 0.0422909 -0.0379947  1.47152 0.00559107 7
1388035594.672232290 0.0193709 -0.0138776 0.487 52.442 0.0519623 -0.036891  1.56876 0.00680165 7
1388035594.772160014 0.0270106 -0.0162453 0.68 52.41 0.0764524 -0.0236947  1.9314 -0.00558935 7
1388035594.872226773 0.0380424 -0.0178066 0.854 52.453 0.110245 -0.015602  1.73884 0.00749978 7
1388035594.972147038 0.0497972 -0.0136021 1.049 52.502 0.117641 0.0420782  1.95156 0.0085589 7
1388035595.072245520 0.0520824 -0.0147951 1.243 52.529 0.0228302 -0.0119181  1.93809 0.00470783 7
1388035595.172133710 0.045748 -0.0226383 1.399 52.568 -0.0634154 -0.0785196  1.56175 0.00681466 7
1388035595.272153412 0.0473678 -0.0208928 1.524 52.58 0.0161952 0.0174514  1.24975 0.00209416 7
1388035595.372161381 0.0519265 -0.0244038 1.584 52.627 0.0455832 -0.0351075  0.599952 0.00820188 7
1388035595.472243588 0.050812 -0.0309756 1.55 52.656 -0.0111357 -0.0656641  -0.339721 0.00505718 7
1388035595.572172363 0.0591655 -0.0256829 1.497 52.7 0.0835939 0.0529648  -0.530378 0.00768536 7
1388035595.672157421 0.0602311 -0.0258757 1.393 52.735 0.0106578 0  -1.04016 0.00610954 7
1388035595.772163086 0.0589446 -0.0285844 1.179 52.762 -0.0128644 -0.0270857  -2.13988 0.0047122 7
1388035595.872185585 0.0640213 -0.0250116 0.882 52.797 0.0507557 0.0357195  -2.96933 0.00610725 7
1388035595.972230777 0.0644127 -0.0256399 0.678 52.839 0 0  -2.03908 0.00732704 7
1388035596.072154517 0.0632398 -0.0271617 0.493 52.853 -0.0117375 -0.0152287  -1.85141 0.00244532 7
1388035596.172336180 0.0640785 -0.0267094 0.293 52.894 0 0  -1.99637 0.00714294 7
1388035596.272156972 0.063572 -0.0284289 0.174 52.83 0 -0.0172263  -1.19214 -0.01119 7
1388035596.372153701 0.0635851 -0.0296852 0.107 52.589 0 -0.0125633  -0.670022 -0.042064 7
1388035596.472166140 0.0632197 -0.0309078 -0.005 52.443 0 -0.0122249  -1.11986 -0.0254786 7
1388035596.572157766 0.0585635 -0.0263062 -0.178 52.29 -0.0465657 0.0460201  -1.73014 -0.0267058 7
1388035596.672177255 0.0618852 -0.00337332 -0.363 52.228 0.0332105 0.229284  -1.84964 -0.010819 7
1388035596.776086277 0.0653977 0.0078709 -0.063 51.953 0.0338034 0.108212  2.88714 -0.0461912 7
1388035596.872215759 0.0769204 0.029479 -0.186 51.815 0.119867 0.224781  -1.27952 -0.0250554 7
1388035596.972145987 0.077955 0.0342587 -0.018 51.707 0.010353 0.0478306  1.68117 -0.0188623 7
1388035597.072260256 0.0801144 0.0339441 0.057 51.634 0.0215695 0  0.749144 -0.0127267 7
1388035597.172263412 0.0834389 0.0298603 -0.012 51.668 0.0332444 -0.0408364  -0.689978 0.005934 7
1388035597.272247558 0.0931614 0.011254 0.08 51.945 0.0972403 -0.186093  0.920146 0.0483534 7
1388035597.372281510 0.0864495 -0.0142815 0.095 10.081 -0.0670961 -0.255268  0.149949 -7.30417 7
1388035597.472250646 0.070543 -0.0513966 0.272 10.507 -0.159114 -0.371266  1.77055 0.0743739 7
1388035597.572283482 0.057258 -0.0797359 0.308 10.729 -0.132806 -0.283299  0.359882 0.0387336 7
1388035597.672263658 0.0501687 -0.101612 0.314 10.939 -0.0709073 -0.218805  0.0600119 0.0366592 7
1388035597.772167695 0.0491404 -0.108749 0.397 11.65 -0.0102931 -0.0714389  0.830797 0.124212 7
1388035597.872223575 0.0475186 -0.112814 0.445 11.761 -0.0162086 -0.0406278  0.479732 0.0193623 7
1388035597.972166593 0.0458327 -0.110338 0.705 11.816 -0.0168686 0.0247734  2.60148 0.00960484 7
1388035598.072268151 0.0447197 -0.106865 0.773 11.75 -0.0111187 0.0346991  0.67931 -0.0115075 7
1388035598.172284773 0.0435618 -0.102204 0.834 11.637 -0.011577 0.0465986  0.609899 -0.0197189 7
1388035598.672173064 0.0359988 -0.0608149 0.931 11.472 -0.0151293 0.0827969  0.194043 -0.00576087 7
1388035598.772283215 0.0355491 -0.0485897 0.968 11.393 0 0.122117  0.369593 -0.013773 7
1388035599.272280245 0.0488219 0.15318 1.085 10.757 0.0265458 0.403541  0.234001 -0.0222007 7
1388035599.472123187 0.0462842 0.136455 0.94 8.387 -0.0126986 -0.0836899  -0.72557 -0.206984 7
1388035599.572210079 0.0470767 0.11868 0.951 8.172 0 -0.177591  0.109905 -0.037492 7
1388035599.672165311 0.0496474 0.0931392 0.959 7.95 0.0257187 -0.255526  0.0800358 -0.0387637 7
1388035599.772270149 0.0509525 0.0730203 0.96 7.822 0.0130369 -0.200978  0 -0.0223168 7
1388035599.872273657 0.0511166 0.0572132 0.964 7.562 0 -0.158066  0.0399986 -0.045377 7
1388035599.972265560 0.0513115 0.0427191 0.964 7.493 0 -0.144952  0 -0.0120437 7
1388035600.072117082 0.0495711 0.0351542 0.962 6.946 -0.0174301 -0.0757616  -0.0200297 -0.0956115 7
1388035600.172284080 0.0471756 0.028407 0.961 6.745 -0.0239148 -0.0673598  0 -0.0350227 7
1388035600.272243368 0.0477889 0.0187909 0.955 6.378 0 -0.0962004  -0.0600244 -0.0640797 7
1388035600.372278649 0.047411 0.00728573 0.952 6.281 0 -0.115011  -0.0299894 -0.0169237 4
1388035600.472242896 0.0487239 -0.00864469 0.953 6.179 0.0131339 -0.159361  0.0100036 -0.0178088 4
1388035600.572325107 0.0504774 -0.0248377 0.951 6.173 0.0175212 -0.161797  -0.0199836 -0.00104634 4
1388035600.672359677 0.0518723 -0.0412704 0.947 6.199 0.0139438 -0.16427  -0.0399862 0.00453629 4
1388035600.772190393 0.0532454 -0.059341 0.94 6.444 0.0137541 -0.181013  -0.0701187 0.0428331 4
1388035600.872404951 0.0556384 -0.0777901 0.936 6.575 0.0238787 -0.184096  -0.0399144 0.0228149 4
1388035600.972313189 0.0564305 -0.0958507 0.936 6.686 0 -0.180771  0 0.019391 4
1388035601.072285185 0.0565232 -0.110484 0.945 6.837 0 -0.146371  0.0900252 0.0263619 4
1388035601.172207880 0.0563729 -0.123104 0.95 6.797 0 -0.126296  0.0500387 -0.00698671 4
1388035601.272303292 0.0551172 -0.130744 0.956 6.722 -0.0125453 -0.0763277  0.0599428 -0.0130775 4
1388035601.372256225 0.0539091 -0.134115 0.959 6.624 -0.0120861 -0.0337272  0.0300141 -0.0171123 4
1388035601.472309312 0.0497356 -0.133491 0.958 6.53 -0.0417132 0  0 -0.0163974 4
1388035601.572209029 0.0445166 -0.128169 0.953 6.396 -0.0522426 0.0532742  -0.0500502 -0.0234109 4
1388035601.672253315 0.0393369 -0.119171 0.952 6.228 -0.0517738 0.0899407  0 -0.0293085 4
1388035601.772210088 0.0333023 -0.1096 0.949 5.944 -0.0603721 0.095752  -0.030013 -0.0495889 4
1388035601.872337699 0.0293456 -0.0999428 0.947 5.685 -0.0395169 0.0964491  -0.0199745 -0.0451464 4
1388035601.972273381 0.0255249 -0.0868684 0.953 5.33 -0.0382315 0.130828  0.0600386 -0.0619991 4
1388035602.072310053 0.0217906 -0.0712515 0.952 5.127 -0.0373286 0.156112  0 -0.0354172 4
1388035602.172338486 0.0186709 -0.0564248 0.952 5.078 -0.0311883 0.148225  0 -0.00854965 4
1388035602.272307622 0.0173232 -0.0413289 0.945 4.924 -0.0134816 0.151006  -0.0700216 -0.0268864 4
1388035602.372325997 0.0164694 -0.0292897 0.942 5.002 0 0.12037  -0.0299945 0.0136111 4
1388035602.472342979 0.0159003 -0.017585 0.942 5.021 0 0.117026  0 0.00331557 4
1388035602.572185071 0.0187104 -0.00853682 0.941 5.473 0.0281446 0.0906254  -0.0100158 0.0790137 4
1388035602.672176002 0.0239918 -0.00175646 0.943 5.668 0.0528189 0.0678098  0.0200018 0.034037 4
1388035602.772353263 0.0314225 0.0031434 0.944 5.767 0.0741759 0.0489119  0 0.0172482 4
1388035602.872352432 0.0399444 0.00618256 0.941 5.96 0.0852191 0.0303919  -0.0300002 0.0336851 4
1388035602.972354606 0.0509475 0.00733879 0.937 6.182 0.110029 0.011562  -0.0399991 0.0387455 4
1388035603.072174423 0.0617176 0.00668821 0.933 6.446 0.107896 0  -0.0400722 0.0461599 4
1388035603.172215917 0.0726737 0.00463133 0.931 6.763 0.109516 -0.0205603  -0.0199917 0.055304 4
1388035603.272268305 0.0841412 0.00206299 0.921 7.066 0.114615 -0.02567  -0.0999476 0.0528558 4
1388035603.372215440 0.0954249 0.000810084 0.912 7.355 0.112897 -0.0125356  -0.0900476 0.0504667 4
1388035603.472250719 0.104982 -0.00113638 0.906 7.5 0.0955351 -0.0194578  -0.0599788 0.0252983 4
1388035603.572207773 0.114156 -0.00527329 0.895 7.59 0.0917828 -0.0413869  -0.110047 0.0157147 4
1388035603.672313652 0.124362 -0.00929531 0.894 7.617 0.101948 -0.0401777  0 0.0047074 4
1388035603.772332802 0.134862 -0.0132452 0.892 7.625 0.104977 -0.0394914  -0.0199962 0.00139598 4
1388035603.872361860 0.144017 -0.0178016 0.891 7.645 0.0915304 -0.0455503  0 0.00348964 4
1388035603.972343991 0.150566 -0.0255051 0.896 7.759 0.0655019 -0.0770493  0.0500089 0.0199003 4
1388035604.072271713 0.15436 -0.0362374 0.903 7.753 0.0379612 -0.107401  0.0700506 -0.00104796 4
1388035604.172336882 0.156121 -0.0467301 0.908 7.769 0.017603 -0.104858  0.0499674 0.00279076 4
1388035604.372351001 0.157981 -0.0675432 0.909 7.778 0 -0.104058  0 0.000785327 4
1388035604.472303867 0.156757 -0.0784866 0.914 7.77 -0.0122482 -0.109486  0.0500236 -0.0013969 4
1388035604.772410328 0.145995 -0.10724 0.914 7.772 -0.0358602 -0.095809  0 0.000116306 4
1388035604.872250606 0.139942 -0.113966 0.925 7.766 -0.0606304 -0.067376  0.110176 -0.00104888 4
1388035604.972303269 0.133704 -0.120498 0.926 7.768 -0.062344 -0.0652823  0 0.00034894 3
1388035605.372266704 0.0929947 -0.107773 0.95 5.967 -0.101782 0.0318143  0.0600055 -0.0785906 9
1388035605.772269733 0.061401 -0.00471332 0.777 7.707 -0.0789837 0.257648  -0.432497 0.0759212 9
1388035605.872266188 0.0514151 0.0286584 0.7 8.319 -0.0998622 0.333729  -0.770027 0.106818 9
1388035606.372270406 0.12068 0.189182 0.348 8.23 0.138528 0.321044  -0.703994 -0.00310668 9
1388035606.872270581 0.205218 0.517736 0.143 6.93 0.169075 0.657108  -0.41 -0.0453785 9
1388035606.972266470 0.205218 0.517736 0 6.748 0 0  -1.43006 -0.0317662 2
1388035607.372262303 0.205218 0.517736 0 6.837 0 0  0 0.00388339 2
1388035607.672198835 0.205218 0.517736 0 6.991 0 0  0 0.00896127 2
1388035607.872305082 0.205218 0.517736 0 7.067 0 0  0 0.00662871 2
1388035607.972297478 0.205218 0.517736 0 7.155 0 0  0 0.0153601 2
1388035608.172288341 0.205218 0.517736 0 7.196 0 0  0 0.00357808 2
1388035608.472184578 0.205218 0.517736 0 7.324 0 0  0 0.0074493 2
1388035608.772263869 0.205218 0.517736 0 7.399 0 0  0 0.00436219 2
1388035608.972155909 0.205218 0.517736 0 7.481 0 0  0 0.0071597 2
1388035609.172270182 0.205218 0.517736 0 7.486 0 0  0 0.000436093 2
1388035609.272359868 0.205218 0.517736 0 7.523 0 0  0 0.00645188 2
1388035609.372286402 0.205218 0.517736 0 7.563 0 0  0 0.00698653 2
1388035609.572179292 0.205218 0.517736 0 7.624 0 0  0 0.0053261 2
1388035609.772267914 0.205218 0.517736 0 7.723 0 0  0 0.00863555 2
1388035610.072267660 0.205218 0.517736 0 7.832 0 0  0 0.00634135 2
1388035610.272265300 0.205218 0.517736 0 7.932 0 0  0 0.00872678 2
1388035610.572385028 0.205218 0.517736 0 7.998 0 0  0 0.00383819 2
1388035610.872240338 0.205218 0.517736 0 8.111 0 0  0 0.00657724 2
1388035610.972240488 0.205218 0.517736 0 8.125 0 0  0 0.00244345 2
1388035611.172269692 0.205218 0.517736 0 8.158 0 0  0 0.00287937 2
1388035611.372297576 0.205218 0.517736 0 8.294 0 0  0 0.0118666 2
1388035611.672263656 0.205218 0.517736 0 8.381 0 0  0 0.00506202 2
1388035612.172262845 0.205218 0.517736 0 8.538 0 0  0 0.00548036 2
1388035612.272265231 0.205218 0.517736 0 8.616 0 0  0 0.0136133 2
1388035612.572172291 0.205218 0.517736 0 8.677 0 0  0 0.00354993 2
1388035612.672256105 0.205218 0.517736 0 8.725 0 0  0 0.00837062 2
1388035612.872281684 0.205218 0.517736 0 8.918 0 0  0 0.0168403 2
1388035612.972284829 0.205218 0.517736 0 8.961 0 0  0 0.00750472 2
1388035613.172268577 0.205218 0.517736 0 9.041 0 0  0 0.00698188 2
1388035613.372173466 0.205218 0.517736 0 9.085 0 0  0 0.00384152 2
1388035613.772194445 0.205218 0.517736 0 9.129 0 0  0 0.00191975 2
1388035614.072268761 0.205218 0.517736 0 9.162 0 0  0 0.00191939 2
1388035614.272285347 0.205218 0.517736 0 9.216 0 0  0 0.00471199 2
1388035614.572269722 0.205218 0.517736 0 9.298 0 0  0 0.00477086 2
1388035614.772280072 0.205218 0.517736 0 9.398 0 0  0 0.00872614 2
1388035615.072266271 0.205218 0.517736 0 9.499 0 0  0 0.0058762 2
1388035615.272223472 0.205218 0.517736 0 9.63 0 0  0 0.0114344 2
1388035615.472271595 0.205218 0.517736 0 9.754 0 0  0 0.0108184 2
1388035615.572266724 0.205218 0.517736 0 9.785 0 0  0 0.00541081 2
1388035615.672228868 0.205218 0.517736 0 9.901 0 0  0 0.0202535 2
1388035615.872270720 0.205218 0.517736 0 9.948 0 0  0 0.00410066 2
1388035615.972370669 0.205218 0.517736 0 9.971 0 0  0 0.00401021 2
1388035616.072264727 0.205218 0.517736 0 10.035 0 0  0 0.011182 2
1388035616.172262360 0.205218 0.517736 0 10.039 0 0  0 0.000698098 2
1388035616.272163044 0.205218 0.517736 0 10.062 0 0  0 0.00401837 2
1388035616.372174517 0.205218 0.517736 0 10.193 0 0  0 0.0228611 2
1388035616.472280547 0.205218 0.517736 0 10.244 0 0  0 0.00889186 2
1388035616.572243520 0.205218 0.517736 0 10.282 0 0  0 0.00663456 2
1388035616.672279165 0.205218 0.517736 0 10.29 0 0  0 0.00139583 2
1388035616.772249484 0.205218 0.517736 0 10.331 0 0  0 0.00715804 2
1388035616.872288737 0.205218 0.517736 0 10.354 0 0  0 0.00401264 2
1388035616.972279810 0.205218 0.517736 0 10.411 0 0  0 0.00994929 2
1388035617.072284141 0.205218 0.517736 0 10.456 0 0  0 0.00785365 2
1388035617.172286526 0.205218 0.517736 0 10.492 0 0  0 0.00628291 2
1388035617.272276610 0.205218 0.517736 0 10.527 0 0  0 0.0061094 2
1388035617.372296313 0.205218 0.517736 0 10.546 0 0  0 0.00331532 2
1388035617.472284377 0.205218 0.517736 0 10.578 0 0  0 0.00558581 2
1388035617.572293745 0.205218 0.517736 0 10.616 0 0  0 0.00663165 2
1388035618.172281845 0.205218 0.517736 0 10.631 0 0  0 0.000436323 2
1388035618.272291141 0.205218 0.517736 0 10.633 0 0  0 0.000349175 2
1388035618.372256231 0.205218 0.517736 0 10.663 0 0  0 0.00523777 2
1388035618.572259803 0.205218 0.517736 0 10.672 0 0  0 0.000785369 2
1388035618.672287747 0.205218 0.517736 0 10.714 0 0  0 0.0073283 2
1388035619.472283964 0.205218 0.517736 0 10.919 0 0  0 0.00447243 2
1388035619.572262181 0.205218 0.517736 0 10.951 0 0  0 0.00558637 2
1388035619.972288115 0.205218 0.517736 0 11.046 0 0  0 0.00414486 2
1388035620.172205015 0.205218 0.517736 0 11.131 0 0  0 0.00742074 2
1388035620.372260851 0.205218 0.517736 0 11.307 0 0  0 0.0153547 2
1388035620.472279776 0.205218 0.517736 0 11.334 0 0  0 0.00471141 2
1388035620.672283488 0.205218 0.517736 0 11.445 0 0  0 0.0096864 2
1388035621.072265919 0.205218 0.517736 0 11.537 0 0  0 0.00401443 2
1388035621.272261600 0.205218 0.517736 0 11.624 0 0  0 0.00759234 2
1388035621.372278434 0.205218 0.517736 0 11.632 0 0  0 0.00139609 2
1388035621.572268103 0.205218 0.517736 0 11.666 0 0  0 0.00296725 2
1388035621.672271196 0.205218 0.517736 0 11.718 0 0  0 0.00907544 2
1388035621.772290476 0.205218 0.517736 0 11.803 0 0  0 0.0148324 2
1388035621.872299287 0.205218 0.517736 0 11.842 0 0  0 0.00680611 2
1388035622.372265305 0.205218 0.517736 0 11.94 0 0  0 0.00342106 2
1388035622.972267313 0.205218 0.517736 0 12.065 0 0  0 0.00363609 2
1388035623.172280796 0.205218 0.517736 0 12.141 0 0  0 0.00663182 2
1388035623.572284879 0.205218 0.517736 0 12.262 0 0  0 0.00527958 2
1388035623.672293680 0.205218 0.517736 0 12.341 0 0  0 0.0137868 2
1388035623.872258079 0.205218 0.517736 0 12.423 0 0  0 0.00715719 2
1388035623.972291333 0.205218 0.517736 0 12.5 0 0  0 0.0134345 2
1388035624.072191183 0.205218 0.517736 0 12.535 0 0  0 0.00611475 2
1388035624.372277666 0.205218 0.517736 0 12.666 0 0  0 0.0076191 2
1388035624.672198346 0.205218 0.517736 0 12.748 0 0  0 0.00477182 2
1388035624.972268625 0.205218 0.517736 0 12.8 0 0  0 0.00302453 2
1388035625.172292322 0.205218 0.517736 0 12.875 0 0  0 0.00654419 2
1388035625.472269999 0.205218 0.517736 0 12.962 0 0  0 0.00506183 2
1388035625.672280614 0.205218 0.517736 0 13.032 0 0  0 0.0061083 2
1388035625.872265839 0.205218 0.517736 0 13.094 0 0  0 0.00541094 2
1388035625.972260944 0.205218 0.517736 0 13.165 0 0  0 0.0123925 2
1388035626.172278285 0.205218 0.517736 0 13.209 0 0  0 0.00383936 2
1388035626.572265808 0.205218 0.517736 0 13.33 0 0  0 0.0052798 2
1388035626.872267711 0.205218 0.517736 0 13.416 0 0  0 0.00500327 2
1388035627.272283804 0.205218 0.517736 0 13.545 0 0  0 0.00562845 2
1388035627.572269087 0.205218 0.517736 0 13.629 0 0  0 0.00488714 2
1388035628.072268776 0.205218 0.517736 0 13.768 0 0  0 0.00485202 2
1388035628.372284088 0.205218 0.517736 0 13.829 0 0  0 0.0035487 2
1388035628.872283710 0.205218 0.517736 0 13.983 0 0  0 0.00537559 2
1388035629.072284355 0.205218 0.517736 0 14.09 0 0  0 0.00933751 2
1388035629.272281437 0.205218 0.517736 0 14.235 0 0  0 0.0126538 2
1388035629.372283533 0.205218 0.517736 0 14.328 0 0  0 0.0162313 2
1388035629.472281593 0.205218 0.517736 0 14.407 0 0  0 0.0137883 2
1388035629.572280897 0.205218 0.517736 0 14.49 0 0  0 0.0144864 2
1388035629.672267702 0.205218 0.517736 0 14.548 0 0  0 0.0101243 2
1388035629.772292007 0.205218 0.517736 0 14.572 0 0  0 0.00418764 2
1388035630.072281759 0.205218 0.517736 0 14.632 0 0  0 0.0034908 2
1388035630.472219080 0.205218 0.517736 0 14.694 0 0  0 0.0027057 2
1388035630.572292561 0.205218 0.517736 0 14.711 0 0  0 0.00296492 2
1388035630.972281625 0.205218 0.517736 0 14.825 0 0  0 0.0049743 2
1388035631.772270510 0.205218 0.517736 0 15.03 0 0  0 0.00447247 2
1388035631.872273727 0.205218 0.517736 0 15.07 0 0  0 0.00698109 2
1388035631.972282809 0.205218 0.517736 0 15.11 0 0  0 0.00698068 2
1388035632.072269000 0.205218 0.517736 0 15.111 0 0  0 0.000174628 2
1388035632.772264635 0.205218 0.517736 0 15.373 0 0  0 0.00653256 2
1388035632.972220376 0.205218 0.517736 0 15.42 0 0  0 0.00410243 2
1388035633.072285261 0.205218 0.517736 0 15.454 0 0  0 0.00593034 2
1388035633.172250273 0.205218 0.517736 0 15.663 0 0  0 0.0364901 2
1388035633.272249934 0.205218 0.517736 0 15.751 0 0  0 0.015359 2
1388035633.372295549 0.205218 0.517736 0 15.81 0 0  0 0.0102928 2
1388035633.472162927 0.205218 0.517736 0 15.853 0 0  0 0.00751475 2
1388035633.572142259 0.205218 0.517736 0 15.902 0 0  0 0.00855401 2
1388035633.672179424 0.205218 0.517736 0 15.999 0 0  0 0.0169233 2
1388035633.772130820 0.205218 0.517736 0 16.036 0 0  0 0.00646081 2
1388035633.872134596 0.205218 0.517736 0 16.069 0 0  0 0.00575953 2
1388035633.972279527 0.205218 0.517736 0 16.098 0 0  0 0.00505401 2
1388035634.072165903 0.205218 0.517736 0 16.13 0 0  0 0.00559133 2
1388035634.172284083 0.205218 0.517736 0 16.163 0 0  0 0.00575295 2
1388035634.272229607 0.205218 0.517736 0 16.194 0 0  0 0.00541349 2
1388035634.372285213 0.205218 0.517736 0 16.229 0 0  0 0.00610523 2
1388035634.472157831 0.205218 0.517736 0 16.265 0 0  0 0.00629108 2
1388035634.572211613 0.205218 0.517736 0 16.296 0 0  0 0.00540764 2
1388035634.672204842 0.205218 0.517736 0 16.333 0 0  0 0.00645827 2
1388035634.772147164 0.205218 0.517736 0 16.364 0 0  0 0.00541367 2
1388035634.872293837 0.205218 0.517736 0 16.397 0 0  0 0.00575098 2
1388035634.972258016 0.205218 0.517736 0 16.43 0 0  0 0.00576182 2
1388035635.072157244 0.205218 0.517736 0 16.465 0 0  0 0.00611479 2
1388035635.172191330 0.205218 0.517736 0 16.5 0 0  0 0.00610654 2
1388035635.272173393 0.205218 0.517736 0 16.532 0 0  0 0.00558598 2
1388035635.372234859 0.205218 0.517736 0 16.563 0 0  0 0.00540722 2
1388035635.472248828 0.205218 0.517736 0 16.596 0 0  0 0.00575895 2
1388035635.572279357 0.205218 0.517736 0 16.63 0 0  0 0.00593204 2
1388035635.672257296 0.205218 0.517736 0 16.662 0 0  0 0.00558655 2
1388035635.772293200 0.205218 0.517736 0 16.698 0 0  0 0.00628081 2
1388035635.872154294 0.205218 0.517736 0 16.731 0 0  0 0.00576776 2
1388035635.972154369 0.205218 0.517736 0 16.764 0 0  0 0.00575941 2
1388035636.072288823 0.205218 0.517736 0 16.799 0 0  0 0.00610042 2
1388035636.172156830 0.205218 0.517736 0 16.832 0 0  0 0.00576736 2
1388035636.272152718 0.205218 0.517736 0 16.865 0 0  0 0.00575966 2
1388035636.372124229 0.205218 0.517736 0 16.897 0 0  0 0.00558657 2
1388035636.472149797 0.205218 0.517736 0 16.928 0 0  0 0.00540916 2
1388035636.572258265 0.205218 0.517736 0 16.96 0 0  0 0.00557893 2
1388035636.672133394 0.205218 0.517736 0 16.993 0 0  0 0.00576695 2
1388035636.772259191 0.205218 0.517736 0 17.027 0 0  0 0.00592673 2
1388035636.872153809 0.205218 0.517736 0 17.059 0 0  0 0.00559087 2
1388035636.972251451 0.205218 0.517736 0 17.092 0 0  0 0.0057538 2
1388035637.072252576 0.205218 0.517736 0 17.124 0 0  0 0.00558525 2
1388035637.172288968 0.205218 0.517736 0 17.154 0 0  0 0.00523387 2
1388035637.272160816 0.205218 0.517736 0 17.19 0 0  0 0.00629146 2
1388035637.372247849 0.205218 0.517736 0 17.223 0 0  0 0.00575441 2
1388035637.472180597 0.205218 0.517736 0 17.253 0 0  0 0.00523963 2
1388035637.572191434 0.205218 0.517736 0 17.288 0 0  0 0.00610796 2
1388035637.672209593 0.205218 0.517736 0 17.324 0 0  0 0.00628192 2
1388035637.772200382 0.205218 0.517736 0 17.354 0 0  0 0.00523659 2
1388035637.872124823 0.205218 0.517736 0 17.389 0 0  0 0.00611324 2
1388035637.972133066 0.205218 0.517736 0 17.417 0 0  0 0.0048865 2
1388035638.072158988 0.205218 0.517736 0 17.449 0 0  0 0.00558353 2
1388035638.172133712 0.205218 0.517736 0 17.484 0 0  0 0.00611017 2
1388035638.272167102 0.205218 0.517736 0 17.515 0 0  0 0.00540874 2
1388035638.372203986 0.205218 0.517736 0 17.548 0 0  0 0.00575763 2
1388035638.472153992 0.205218 0.517736 0 17.58 0 0  0 0.00558778 2
1388035638.572232491 0.205218 0.517736 0 17.615 0 0  0 0.00610383 2
1388035638.672228519 0.205218 0.517736 0 17.648 0 0  0 0.00575998 2
1388035638.772227761 0.205218 0.517736 0 17.679 0 0  0 0.00541059 2
1388035638.872252490 0.205218 0.517736 0 17.712 0 0  0 0.00575799 2
1388035638.972286301 0.205218 0.517736 0 17.744 0 0  0 0.00558309 2
1388035639.072157242 0.205218 0.517736 0 17.777 0 0  0 0.00576719 2
1388035639.172146216 0.205218 0.517736 0 17.81 0 0  0 0.00576005 2
1388035639.272330322 0.205218 0.517736 0 17.846 0 0  0 0.00627185 2
1388035639.372158729 0.205218 0.517736 0 17.877 0 0  0 0.00541984 2
1388035639.472143930 0.205218 0.517736 0 17.912 0 0  0 0.00610953 2
1388035639.572150986 0.205218 0.517736 0 17.945 0 0  0 0.00575901 2
1388035639.672153234 0.205218 0.517736 0 17.98 0 0  0 0.00610849 2
1388035639.772315618 0.205218 0.517736 0 18.013 0 0  0 0.00575041 2
1388035639.872258917 0.205218 0.517736 0 18.049 0 0  0 0.00628663 2
1388035639.972233923 0.205218 0.517736 0 18.083 0 0  0 0.00593567 2
1388035640.072232322 0.205218 0.517736 0 18.117 0 0  0 0.00593428 2
1388035640.172244552 0.205218 0.517736 0 18.15 0 0  0 0.00575871 2
1388035640.272130227 0.205218 0.517736 0 18.181 0 0  0 0.00541674 2
1388035640.372130723 0.205218 0.517736 0 18.214 0 0  0 0.00575972 2
1388035640.472180524 0.205218 0.517736 0 18.246 0 0  0 0.0055822 2
1388035640.572261831 0.205218 0.517736 0 18.276 0 0  0 0.00523152 2
1388035640.672148063 0.205218 0.517736 0 18.308 0 0  0 0.00559168 2
1388035640.772129002 0.205218 0.517736 0 18.342 0 0  0 0.00593499 2
1388035640.872141375 0.205218 0.517736 0 18.374 0 0  0 0.00558462 2
1388035640.972131253 0.205218 0.517736 0 18.407 0 0  0 0.00576 2
1388035641.072151445 0.205218 0.517736 0 18.44 0 0  0 0.00575859 2
1388035641.172243786 0.205218 0.517736 0 18.47 0 0  0 0.00523094 2
1388035641.272138744 0.205218 0.517736 0 18.506 0 0  0 0.00629 2
1388035641.372270400 0.205218 0.517736 0 18.534 0 0  0 0.00488048 2
1388035641.472153148 0.205218 0.517736 0 18.575 0 0  0 0.00716431 2
1388035641.572173053 0.205218 0.517736 0 18.608 0 0  0 0.00575827 2
1388035641.672289984 0.205218 0.517736 0 18.642 0 0  0 0.00592726 2
1388035641.772211556 0.205218 0.517736 0 18.672 0 0  0 0.00524022 2
1388035641.872269817 0.205218 0.517736 0 18.698 0 0  0 0.00453505 2
1388035641.972210316 0.205218 0.517736 0 18.738 0 0  0 0.00698563 2
1388035642.072180359 0.205218 0.517736 0 18.769 0 0  0 0.00541183 2
1388035642.172226671 0.205218 0.517736 0 18.802 0 0  0 0.00575709 2
1388035642.272154325 0.205218 0.517736 0 18.837 0 0  0 0.00611305 2
1388035642.372155727 0.205218 0.517736 0 18.869 0 0  0 0.0055849 2
1388035642.472175079 0.205218 0.517736 0 18.901 0 0  0 0.0055839 2
1388035642.572154692 0.205218 0.517736 0 18.936 0 0  0 0.0061102 2
1388035642.672266516 0.205218 0.517736 0 18.967 0 0  0 0.00540417 2
1388035642.772249689 0.205218 0.517736 0 19 0 0  0 0.00576072 2
1388035642.872258151 0.205218 0.517736 0 19.033 0 0  0 0.00575926 2
1388035642.972234266 0.205218 0.517736 0 19.067 0 0  0 0.00593527 2
1388035643.072206132 0.205218 0.517736 0 19.1 0 0  0 0.00576137 2
1388035643.172255865 0.205218 0.517736 0 19.132 0 0  0 0.00558221 2
1388035643.272116536 0.205218 0.517736 0 19.165 0 0  0 0.00576779 2
1388035643.372320830 0.205218 0.517736 0 19.194 0 0  0 0.00505102 2
1388035643.472154058 0.205218 0.517736 0 19.23 0 0  0 0.00629356 2
1388035643.572332509 0.205218 0.517736 0 19.26 0 0  0 0.00522678 2
1388035643.672197652 0.205218 0.517736 0 19.295 0 0  0 0.00611687 2
1388035643.772152472 0.205218 0.517736 0 19.331 0 0  0 0.0062859 2
1388035643.872160650 0.205218 0.517736 0 19.359 0 0  0 0.0048865 2
1388035643.972188106 0.205218 0.517736 0 19.387 0 0  0 0.00488556 2
1388035644.072154028 0.205218 0.517736 0 19.424 0 0  0 0.00646003 2
1388035644.172374105 0.205218 0.517736 0 19.454 0 0  0 0.00522461 2
1388035644.272154951 0.205218 0.517736 0 19.488 0 0  0 0.00594722 2
1388035644.372228920 0.205218 0.517736 0 19.519 0 0  0 0.00540621 2
1388035644.472262939 0.205218 0.517736 0 19.549 0 0  0 0.00523433 2
1388035644.572230116 0.205218 0.517736 0 19.582 0 0  0 0.00576164 2
1388035644.672142550 0.205218 0.517736 0 19.613 0 0  0 0.00541529 2
1388035644.772245010 0.205218 0.517736 0 19.643 0 0  0 0.00523042 2
1388035644.872181182 0.205218 0.517736 0 19.681 0 0  0 0.00663651 2
1388035644.972152063 0.205218 0.517736 0 19.711 0 0  0 0.00523763 2
1388035645.072333802 0.205218 0.517736 0 19.743 0 0  0 0.00557485 2
1388035645.172147822 0.205218 0.517736 0 19.778 0 0  0 0.00612001 2
1388035645.272153203 0.205218 0.517736 0 19.808 0 0  0 0.00523583 2
1388035645.372248683 0.205218 0.517736 0 19.839 0 0  0 0.00540538 2
1388035645.472145118 0.205218 0.517736 0 19.872 0 0  0 0.00576539 2
1388035645.572234105 0.205218 0.517736 0 19.905 0 0  0 0.00575463 2
1388035645.672257369 0.205218 0.517736 0 19.937 0 0  0 0.00558368 2
1388035645.772264916 0.205218 0.517736 0 19.969 0 0  0 0.00558456 2
1388035645.872234122 0.205218 0.517736 0 20.005 0 0  0 0.006285 2
1388035645.972260598 0.205218 0.517736 0 20.038 0 0  0 0.00575823 2
1388035646.072244892 0.205218 0.517736 0 20.068 0 0  0 0.00523693 2
1388035646.172261315 0.205218 0.517736 0 20.101 0 0  0 0.00575847 2
1388035646.272163963 0.205218 0.517736 0 20.134 0 0  0 0.00576536 2
1388035646.372284789 0.205218 0.517736 0 20.164 0 0  0 0.00522946 2
1388035646.472177175 0.205218 0.517736 0 20.196 0 0  0 0.005591 2
1388035646.572289836 0.205218 0.517736 0 20.227 0 0  0 0.00540446 2
1388035646.672145761 0.205218 0.517736 0 20.262 0 0  0 0.00611744 2
1388035646.772150515 0.205218 0.517736 0 20.296 0 0  0 0.00593391 2
1388035646.872137952 0.205218 0.517736 0 20.331 0 0  0 0.00610939 2
1388035646.972141311 0.205218 0.517736 0 20.362 0 0  0 0.00541036 2
1388035647.072156404 0.205218 0.517736 0 20.4 0 0  0 0.00663127 2
1388035647.172125681 0.205218 0.517736 0 20.434 0 0  0 0.00593601 2
1388035647.272209988 0.205218 0.517736 0 20.462 0 0  0 0.00488278 2
1388035647.372212087 0.205218 0.517736 0 20.499 0 0  0 0.0064577 2
1388035647.472188839 0.205218 0.517736 0 20.532 0 0  0 0.00576076 2
1388035647.572269935 0.205218 0.517736 0 20.563 0 0  0 0.00540616 2
1388035647.672128927 0.205218 0.517736 0 20.598 0 0  0 0.00611725 2
1388035647.772140738 0.205218 0.517736 0 20.629 0 0  0 0.00540991 2
1388035647.872198155 0.205218 0.517736 0 20.66 0 0  0 0.00540744 2
1388035647.972204727 0.205218 0.517736 0 20.692 0 0  0 0.00558461 2
1388035648.072294409 0.205218 0.517736 0 20.725 0 0  0 0.00575459 2
1388035648.172157181 0.205218 0.517736 0 20.758 0 0  0 0.00576733 2
1388035648.272301475 0.205218 0.517736 0 20.791 0 0  0 0.00575145 2
1388035648.372143645 0.205218 0.517736 0 20.827 0 0  0 0.006293 2
1388035648.472146300 0.205218 0.517736 0 20.86 0 0  0 0.0057596 2
1388035648.572290677 0.205218 0.517736 0 20.892 0 0  0 0.00557693 2
1388035648.672189341 0.205218 0.517736 0 20.926 0 0  0 0.00594021 2
1388035648.772262752 0.205218 0.517736 0 20.957 0 0  0 0.00540658 2
1388035648.872266461 0.205218 0.517736 0 20.991 0 0  0 0.00593364 2
1388035648.972230916 0.205218 0.517736 0 21.026 0 0  0 0.0061108 2
1388035649.072187623 0.205218 0.517736 0 21.06 0 0  0 0.00593676 2
1388035649.172304824 0.205218 0.517736 0 21.095 0 0  0 0.00610147 2
1388035649.272233381 0.205218 0.517736 0 21.128 0 0  0 0.00576387 2
1388035649.372146152 0.205218 0.517736 0 21.163 0 0  0 0.00611396 2
1388035649.472254559 0.205218 0.517736 0 21.196 0 0  0 0.00575318 2
1388035649.572285297 0.205218 0.517736 0 21.226 0 0  0 0.0052345 2
1388035649.672198417 0.205218 0.517736 0 21.259 0 0  0 0.00576476 2
1388035649.772152266 0.205218 0.517736 0 21.293 0 0  0 0.0059366 2
1388035649.872152755 0.205218 0.517736 0 21.327 0 0  0 0.00593416 2
1388035649.972165270 0.205218 0.517736 0 21.358 0 0  0 0.00540987 2
1388035650.072287287 0.205218 0.517736 0 21.394 0 0  0 0.00627541 2
1388035650.172156342 0.205218 0.517736 0 21.426 0 0  0 0.00559264 2
1388035650.272153974 0.205218 0.517736 0 21.457 0 0  0 0.00541067 2
1388035650.372289613 0.205218 0.517736 0 21.49 0 0  0 0.00575162 2
1388035650.472232840 0.205218 0.517736 0 21.524 0 0  0 0.00593756 2
1388035650.572150572 0.205218 0.517736 0 21.554 0 0  0 0.00524042 2
1388035650.672337267 0.205218 0.517736 0 21.588 0 0  0 0.0059228 2
1388035650.772167141 0.205218 0.517736 0 21.623 0 0  0 0.00611904 2
1388035650.872194454 0.205218 0.517736 0 21.656 0 0  0 0.00575818 2
1388035650.972293635 0.205218 0.517736 0 21.688 0 0  0 0.00557945 2
1388035651.072154938 0.205218 0.517736 0 21.719 0 0  0 0.00541806 2
1388035651.172301122 0.205218 0.517736 0 21.753 0 0  0 0.00592553 2
1388035651.272156624 0.205218 0.517736 0 21.783 0 0  0 0.00524368 2
1388035651.372156775 0.205218 0.517736 0 21.815 0 0  0 0.00558497 2
1388035651.472247925 0.205218 0.517736 0 21.847 0 0  0 0.0055799 2
1388035651.572151897 0.205218 0.517736 0 21.879 0 0  0 0.00559035 2
1388035651.672230758 0.205218 0.517736 0 21.911 0 0  0 0.00558058 2
1388035651.772240192 0.205218 0.517736 0 21.941 0 0  0 0.00523561 2
1388035651.872238383 0.205218 0.517736 0 21.972 0 0  0 0.00541064 2
1388035651.972232453 0.205218 0.517736 0 22.004 0 0  0 0.00558531 2
1388035652.072177149 0.205218 0.517736 0 22.036 0 0  0 0.00558807 2
1388035652.172261451 0.205218 0.517736 0 22.071 0 0  0 0.00610348 2
1388035652.272145661 0.205218 0.517736 0 22.099 0 0  0 0.0048929 2
1388035652.372287589 0.205218 0.517736 0 22.129 0 0  0 0.00522835 2
1388035652.472158110 0.205218 0.517736 0 22.159 0 0  0 0.0052429 2
1388035652.572248909 0.205218 0.517736 0 22.192 0 0  0 0.00575419 2
1388035652.672270002 0.205218 0.517736 0 22.222 0 0  0 0.005235 2
1388035652.772153450 0.205218 0.517736 0 22.253 0 0  0 0.00541686 2
1388035652.872205346 0.205218 0.517736 0 22.284 0 0  0 0.00540774 2
1388035652.972154514 0.205218 0.517736 0 22.316 0 0  0 0.00558782 2
1388035653.072228551 0.205218 0.517736 0 22.35 0 0  0 0.0059298 2
1388035653.172156620 0.205218 0.517736 0 22.386 0 0  0 0.00628759 2
1388035653.272259363 0.205218 0.517736 0 22.418 0 0  0 0.00557925 2
1388035653.372232902 0.205218 0.517736 0 22.449 0 0  0 0.00541198 2
1388035653.472240661 0.205218 0.517736 0 22.48 0 0  0 0.00541012 2
1388035653.572180188 0.205218 0.517736 0 22.51 0 0  0 0.00523928 2
1388035653.672237536 0.205218 0.517736 0 22.539 0 0  0 0.00505844 2
1388035653.772295087 0.205218 0.517736 0 22.571 0 0  0 0.00558177 2
1388035653.872314719 0.205218 0.517736 0 22.608 0 0  0 0.00645657 2
1388035653.972249216 0.205218 0.517736 0 22.637 0 0  0 0.00506466 2
1388035654.072304885 0.205218 0.517736 0 22.671 0 0  0 0.00593089 2
1388035654.172233307 0.205218 0.517736 0 22.704 0 0  0 0.00576388 2
1388035654.272248541 0.205218 0.517736 0 22.736 0 0  0 0.00558413 2
1388035654.372167253 0.205218 0.517736 0 22.768 0 0  0 0.00558953 2
1388035654.472247297 0.205218 0.517736 0 22.802 0 0  0 0.00592944 2
1388035654.572250304 0.205218 0.517736 0 22.837 0 0  0 0.00610844 2
1388035654.672169580 0.205218 0.517736 0 22.871 0 0  0 0.00593898 2
1388035654.772250038 0.205218 0.517736 0 22.901 0 0  0 0.00523157 2
1388035654.872233983 0.205218 0.517736 0 22.931 0 0  0 0.00523695 2
1388035654.972153114 0.205218 0.517736 0 22.965 0 0  0 0.00593899 2
1388035655.072251811 0.205218 0.517736 0 22.996 0 0  0 0.00540521 2
1388035655.172252864 0.205218 0.517736 0 23.027 0 0  0 0.00541049 2
1388035655.272184982 0.205218 0.517736 0 23.062 0 0  0 0.00611278 2
1388035655.372287724 0.205218 0.517736 0 23.092 0 0  0 0.0052304 2
1388035655.472154685 0.205218 0.517736 0 23.12 0 0  0 0.00489374 2
1388035655.572265880 0.205218 0.517736 0 23.15 0 0  0 0.00522996 2
1388035655.672140239 0.205218 0.517736 0 23.188 0 0  0 0.00664061 2
1388035655.772193677 0.205218 0.517736 0 23.217 0 0  0 0.00505863 2
1388035655.872164074 0.205218 0.517736 0 23.246 0 0  0 0.00506317 2
1388035655.972288677 0.205218 0.517736 0 23.278 0 0  0 0.00557803 2
1388035656.072195030 0.205218 0.517736 0 23.307 0 0  0 0.00506608 2
1388035656.172121001 0.205218 0.517736 0 23.339 0 0  0 0.00558945 2
1388035656.272245185 0.205218 0.517736 0 23.37 0 0  0 0.00540383 2
1388035656.372228363 0.205218 0.517736 0 23.404 0 0  0 0.00593485 2
1388035656.472126544 0.205218 0.517736 0 23.437 0 0  0 0.00576562 2
1388035656.572284043 0.205218 0.517736 0 23.469 0 0  0 0.0055762 2
1388035656.672189760 0.205218 0.517736 0 23.497 0 0  0 0.00489151 2
1388035656.772282730 0.205218 0.517736 0 23.528 0 0  0 0.00540552 2
1388035656.872134530 0.205218 0.517736 0 23.563 0 0  0 0.00611769 2
1388035656.972188945 0.205218 0.517736 0 23.593 0 0  0 0.00523326 2
1388035657.072133776 0.205218 0.517736 0 23.623 0 0  0 0.00523866 2
1388035657.172158088 0.205218 0.517736 0 23.657 0 0  0 0.00593275 2
1388035657.272258664 0.205218 0.517736 0 23.689 0 0  0 0.00557937 2
1388035657.372133935 0.205218 0.517736 0 23.722 0 0  0 0.00576694 2
1388035657.472256865 0.205218 0.517736 0 23.756 0 0  0 0.0059269 2
1388035657.572266576 0.205218 0.517736 0 23.788 0 0  0 0.00558444 2
1388035657.672230340 0.205218 0.517736 0 23.82 0 0  0 0.00558701 2
1388035657.772150306 0.205218 0.517736 0 23.849 0 0  0 0.00506572 2
1388035657.872270655 0.205218 0.517736 0 23.885 0 0  0 0.00627551 2
1388035657.972234756 0.205218 0.517736 0 23.919 0 0  0 0.00593632 2
1388035658.072244684 0.205218 0.517736 0 23.953 0 0  0 0.00593327 2
1388035658.172237499 0.205218 0.517736 0 23.986 0 0  0 0.00576017 2
1388035658.272237647 0.205218 0.517736 0 24.017 0 0  0 0.00541054 2
1388035658.372244980 0.205218 0.517736 0 24.048 0 0  0 0.00541015 2
1388035658.472239899 0.205218 0.517736 0 24.077 0 0  0 0.00506159 2
1388035658.572155394 0.205218 0.517736 0 24.112 0 0  0 0.00611379 2
1388035658.672155256 0.205218 0.517736 0 24.143 0 0  0 0.00541055 2
1388035658.772179570 0.205218 0.517736 0 24.174 0 0  0 0.00540923 2
1388035658.872207236 0.205218 0.517736 0 24.202 0 0  0 0.00488555 2
1388035658.972277645 0.205218 0.517736 0 24.238 0 0  0 0.00627897 2
1388035659.072175331 0.205218 0.517736 0 24.27 0 0  0 0.0055907 2
1388035659.172235265 0.205218 0.517736 0 24.301 0 0  0 0.0054073 2
1388035659.272270539 0.205218 0.517736 0 24.336 0 0  0 0.00610647 2
1388035659.372129184 0.205218 0.517736 0 24.371 0 0  0 0.00611727 2
1388035659.472154341 0.205218 0.517736 0 24.405 0 0  0 0.0059327 2
1388035659.572290955 0.205218 0.517736 0 24.438 0 0  0 0.00575156 2
1388035659.672295990 0.205218 0.517736 0 24.472 0 0  0 0.00593389 2
1388035659.772153657 0.205218 0.517736 0 24.504 0 0  0 0.00559294 2
1388035659.872153737 0.205218 0.517736 0 24.535 0 0  0 0.00541054 2
1388035659.972159329 0.205218 0.517736 0 24.568 0 0  0 0.00575943 2
1388035660.072146836 0.205218 0.517736 0 24.602 0 0  0 0.0059346 2
1388035660.172285338 0.205218 0.517736 0 24.633 0 0  0 0.00540306 2
1388035660.272154254 0.205218 0.517736 0 24.664 0 0  0 0.00541765 2
1388035660.372264956 0.205218 0.517736 0 24.696 0 0  0 0.00557881 2
1388035660.472172919 0.205218 0.517736 0 24.729 0 0  0 0.00576506 2
1388035660.572152389 0.205218 0.517736 0 24.758 0 0  0 0.00506238 2
1388035660.672230827 0.205218 0.517736 0 24.79 0 0  0 0.00558094 2
1388035660.772175797 0.205218 0.517736 0 24.822 0 0  0 0.00558806 2
1388035660.872275680 0.205218 0.517736 0 24.849 0 0  0 0.00470776 2
1388035660.972233361 0.205218 0.517736 0 24.885 0 0  0 0.00628572 2
1388035661.072217238 0.205218 0.517736 0 24.919 0 0  0 0.00593515 2
1388035661.172239662 0.205218 0.517736 0 24.953 0 0  0 0.00593253 2
1388035661.272149994 0.205218 0.517736 0 24.985 0 0  0 0.00559033 2
1388035661.372285772 0.205218 0.517736 0 25.019 0 0  0 0.00592581 2
1388035661.472157343 0.205218 0.517736 0 25.046 0 0  0 0.00471852 2
1388035661.572227957 0.205218 0.517736 0 25.074 0 0  0 0.00488345 2
1388035661.672152117 0.205218 0.517736 0 25.113 0 0  0 0.00681221 2
1388035661.772155058 0.205218 0.517736 0 25.147 0 0  0 0.00593368 2
1388035661.872290068 0.205218 0.517736 0 25.175 0 0  0 0.00488031 2
1388035661.972154787 0.205218 0.517736 0 25.207 0 0  0 0.00559288 2
1388035662.072155774 0.205218 0.517736 0 25.239 0 0  0 0.00558493 2
1388035662.172284641 0.205218 0.517736 0 25.269 0 0  0 0.00522904 2
1388035662.272290439 0.205218 0.517736 0 25.302 0 0  0 0.00575942 2
1388035662.372279555 0.205218 0.517736 0 25.332 0 0  0 0.00523668 2
1388035662.472248276 0.205218 0.517736 0 25.367 0 0  0 0.00611054 2
1388035662.572170618 0.205218 0.517736 0 25.399 0 0  0 0.00558932 2
1388035662.672250664 0.205218 0.517736 0 25.436 0 0  0 0.00645267 2
1388035662.772278397 0.205218 0.517736 0 25.462 0 0  0 0.00453644 2
1388035662.872201365 0.205218 0.517736 0 25.495 0 0  0 0.00576419 2
1388035662.972143336 0.205218 0.517736 0 25.528 0 0  0 0.00576276 2
1388035663.072285541 0.205218 0.517736 0 25.562 0 0  0 0.00592576 2
1388035663.172154455 0.205218 0.517736 0 25.594 0 0  0 0.00559231 2
1388035663.272153556 0.205218 0.517736 0 25.624 0 0  0 0.00523615 2
1388035663.372249450 0.205218 0.517736 0 25.657 0 0  0 0.0057539 2
1388035663.472151685 0.205218 0.517736 0 25.688 0 0  0 0.00541584 2
1388035663.572152249 0.205218 0.517736 0 25.717 0 0  0 0.00506131 2
1388035663.672247238 0.205218 0.517736 0 25.749 0 0  0 0.00558001 2
1388035663.772256885 0.205218 0.517736 0 25.78 0 0  0 0.00541002 2
1388035663.872158065 0.205218 0.517736 0 25.811 0 0  0 0.0054159 2
1388035663.972141451 0.205218 0.517736 0 25.845 0 0  0 0.00593484 2
1388035664.072238676 0.205218 0.517736 0 25.877 0 0  0 0.00557989 2
1388035664.172285826 0.205218 0.517736 0 25.906 0 0  0 0.00505895 2
1388035664.272250773 0.205218 0.517736 0 25.939 0 0  0 0.00576144 2
1388035664.372228431 0.205218 0.517736 0 25.971 0 0  0 0.00558656 2
1388035664.472275512 0.205218 0.517736 0 26.003 0 0  0 0.00558235 2
1388035664.572135768 0.205218 0.517736 0 26.034 0 0  0 0.00541812 2
1388035664.672248280 0.205218 0.517736 0 26.044 0 0  0 0.00174341 2
1388035664.772224131 0.205218 0.517736 0 26.098 0 0  0 0.00942687 2
1388035664.872172527 0.205218 0.517736 0 26.125 0 0  0 0.0047149 2
1388035664.972260389 0.205218 0.517736 0 26.145 0 0  0 0.00348767 2
1388035665.072293572 0.205218 0.517736 0 26.17 0 0  0 0.00436181 2
1388035665.172261240 0.205218 0.517736 0 26.22 0 0  0 0.00872934 2
1388035665.272209779 0.205218 0.517736 0 26.254 0 0  0 0.00593724 2
1388035665.372237932 0.205218 0.517736 0 26.287 0 0  0 0.00575813 2
1388035665.472175151 0.205218 0.517736 0 26.318 0 0  0 0.00541394 2
1388035665.572339562 0.205218 0.517736 0 26.34 0 0  0 0.00383331 2
1388035665.672144503 0.205218 0.517736 0 26.379 0 0  0 0.00682001 2
1388035665.772223224 0.205218 0.517736 0 26.415 0 0  0 0.00627845 2
1388035665.872145494 0.205218 0.517736 0 26.446 0 0  0 0.00541442 2
1388035665.972248587 0.205218 0.517736 0 26.477 0 0  0 0.00540497 2
1388035666.072143625 0.205218 0.517736 0 26.509 0 0  0 0.00559118 2
1388035666.172157249 0.205218 0.517736 0 26.539 0 0  0 0.00523506 2
1388035666.272276197 0.205218 0.517736 0 26.566 0 0  0 0.00470686 2
1388035666.372179126 0.205218 0.517736 0 26.603 0 0  0 0.00646411 2
1388035666.472282499 0.205218 0.517736 0 26.605 0 0  0 0.000348514 2
1388035666.572277968 0.205218 0.517736 0 26.618 0 0  0 0.00226912 2
1388035666.672135635 0.205218 0.517736 0 26.702 0 0  0 0.0146816 2
1388035666.772148699 0.205218 0.517736 0 26.731 0 0  0 0.00506101 2
1388035666.872163935 0.205218 0.517736 0 26.765 0 0  0 0.00593295 2
1388035666.972229871 0.205218 0.517736 0 26.797 0 0  0 0.00558163 2
1388035667.072279322 0.205218 0.517736 0 26.827 0 0  0 0.00523319 2
1388035667.172150755 0.205218 0.517736 0 26.86 0 0  0 0.00576717 2
1388035667.272136933 0.205218 0.517736 0 26.891 0 0  0 0.00541129 2
1388035667.372153071 0.205218 0.517736 0 26.923 0 0  0 0.00558408 2
1388035667.472258891 0.205218 0.517736 0 26.953 0 0  0 0.00523024 2
1388035667.572201210 0.205218 0.517736 0 26.985 0 0  0 0.00558854 2
1388035667.672301019 0.205218 0.517736 0 27.015 0 0  0 0.00523055 2
1388035667.772170348 0.205218 0.517736 0 27.043 0 0  0 0.00489329 2
1388035667.872284829 0.205218 0.517736 0 27.072 0 0  0 0.00505588 2
1388035667.972140961 0.205218 0.517736 0 27.106 0 0  0 0.00594274 2
1388035668.072162761 0.205218 0.517736 0 27.137 0 0  0 0.00540903 2
1388035668.172167308 0.205218 0.517736 0 27.158 0 0  0 0.00366534 2
1388035668.272148733 0.205218 0.517736 0 27.196 0 0  0 0.00663317 2
1388035668.372284865 0.205218 0.517736 0 27.215 0 0  0 0.00331179 2
1388035668.472187863 0.205218 0.517736 0 27.253 0 0  0 0.00663871 2
1388035668.572184863 0.205218 0.517736 0 27.288 0 0  0 0.00610881 2
1388035668.672149671 0.205218 0.517736 0 27.318 0 0  0 0.00523795 2
1388035668.772147305 0.205218 0.517736 0 27.349 0 0  0 0.00541067 2
1388035668.872262762 0.205218 0.517736 0 27.386 0 0  0 0.00645005 2
1388035668.972155560 0.205218 0.517736 0 27.419 0 0  0 0.00576593 2
1388035669.072152216 0.205218 0.517736 0 27.453 0 0  0 0.00593405 2
1388035669.172150474 0.205218 0.517736 0 27.486 0 0  0 0.00575985 2
1388035669.272199023 0.205218 0.517736 0 27.517 0 0  0 0.00540792 2
1388035669.372145528 0.205218 0.517736 0 27.551 0 0  0 0.00593736 2
1388035669.472165652 0.205218 0.517736 0 27.578 0 0  0 0.00471118 2
1388035669.572132412 0.205218 0.517736 0 27.613 0 0  0 0.00611099 2
1388035669.672218605 0.205218 0.517736 0 27.641 0 0  0 0.00488269 2
1388035669.772206318 0.205218 0.517736 0 27.672 0 0  0 0.00541121 2
1388035669.872209401 0.205218 0.517736 0 27.706 0 0  0 0.00593367 2
1388035669.972232388 0.205218 0.517736 0 27.738 0 0  0 0.00558403 2
1388035670.072406715 0.205218 0.517736 0 27.771 0 0  0 0.0057494 2
1388035670.172235190 0.205218 0.517736 0 27.804 0 0  0 0.00576965 2
1388035670.272275640 0.205218 0.517736 0 27.828 0 0  0 0.00418679 2
1388035670.372196657 0.205218 0.517736 0 27.869 0 0  0 0.00716157 2
1388035670.472146375 0.205218 0.517736 0 27.901 0 0  0 0.00558779 2
1388035670.572153014 0.205218 0.517736 0 27.935 0 0  0 0.00593379 2
1388035670.672287256 0.205218 0.517736 0 27.966 0 0  0 0.00540329 2
1388035670.772156101 0.205218 0.517736 0 27.998 0 0  0 0.00559232 2
1388035670.872230007 0.205218 0.517736 0 28.03 0 0  0 0.00558119 2
1388035670.972262069 0.205218 0.517736 0 28.062 0 0  0 0.00558319 2
1388035671.072240002 0.205218 0.517736 0 28.094 0 0  0 0.00558621 2
1388035671.172267180 0.205218 0.517736 0 28.123 0 0  0 0.00505996 2
1388035671.272211519 0.205218 0.517736 0 28.154 0 0  0 0.00541356 2
1388035671.372242261 0.205218 0.517736 0 28.185 0 0  0 0.00540888 2
1388035671.472121024 0.205218 0.517736 0 28.217 0 0  0 0.00559176 2
1388035671.572210081 0.205218 0.517736 0 28.246 0 0  0 0.00505717 2
1388035671.672147648 0.205218 0.517736 0 28.28 0 0  0 0.0059379 2
1388035671.772195006 0.205218 0.517736 0 28.307 0 0  0 0.0047099 2
1388035671.872148636 0.205218 0.517736 0 28.341 0 0  0 0.00593694 2
1388035671.972152348 0.205218 0.517736 0 28.371 0 0  0 0.00523591 2
1388035672.072277234 0.205218 0.517736 0 28.401 0 0  0 0.00522924 2
1388035672.172153270 0.205218 0.517736 0 28.436 0 0  0 0.00611654 2
1388035672.272246999 0.205218 0.517736 0 28.467 0 0  0 0.00540515 2
1388035672.372247568 0.205218 0.517736 0 28.499 0 0  0 0.00558528 2
1388035672.472246944 0.205218 0.517736 0 28.533 0 0  0 0.00593423 2
1388035672.572254496 0.205218 0.517736 0 28.562 0 0  0 0.00506096 2
1388035672.672185360 0.205218 0.517736 0 28.595 0 0  0 0.0057634 2
1388035672.772208064 0.205218 0.517736 0 28.626 0 0  0 0.00540932 2
1388035672.872231474 0.205218 0.517736 0 28.66 0 0  0 0.0059328 2
1388035672.972204308 0.205218 0.517736 0 28.695 0 0  0 0.00611029 2
1388035673.072249294 0.205218 0.517736 0 28.726 0 0  0 0.00540811 2
1388035673.172153131 0.205218 0.517736 0 28.758 0 0  0 0.00559036 2
1388035673.272225982 0.205218 0.517736 0 28.789 0 0  0 0.00540661 2
1388035673.372155170 0.205218 0.517736 0 28.823 0 0  0 0.00593839 2
1388035673.472146378 0.205218 0.517736 0 28.851 0 0  0 0.00488733 2
1388035673.572159863 0.205218 0.517736 0 28.885 0 0  0 0.00593339 2
1388035673.672249821 0.205218 0.517736 0 28.915 0 0  0 0.0052314 2
1388035673.772143950 0.205218 0.517736 0 28.948 0 0  0 0.00576552 2
1388035673.872141583 0.205218 0.517736 0 28.982 0 0  0 0.00593433 2
1388035673.972141034 0.205218 0.517736 0 29.014 0 0  0 0.00558501 2
1388035674.072238744 0.205218 0.517736 0 29.045 0 0  0 0.00540526 2
1388035674.172280520 0.205218 0.517736 0 29.076 0 0  0 0.00540829 2
1388035674.272153697 0.205218 0.517736 0 29.108 0 0  0 0.00559207 2
1388035674.372206849 0.205218 0.517736 0 29.131 0 0  0 0.00401225 2
1388035674.472151750 0.205218 0.517736 0 29.173 0 0  0 0.00733439 2
1388035674.572149176 0.205218 0.517736 0 29.205 0 0  0 0.00558513 2
1388035674.672300252 0.205218 0.517736 0 29.229 0 0  0 0.0041825 2
1388035674.772249764 0.205218 0.517736 0 29.274 0 0  0 0.00785796 2
1388035674.872152549 0.205218 0.517736 0 29.305 0 0  0 0.00541581 2
1388035674.972201864 0.205218 0.517736 0 29.337 0 0  0 0.00558223 2
1388035675.072263195 0.205218 0.517736 0 29.365 0 0  0 0.00488391 2
1388035675.172144819 0.205218 0.517736 0 29.399 0 0  0 0.00594122 2
1388035675.272171293 0.205218 0.517736 0 29.431 0 0  0 0.0055835 2
1388035675.372267054 0.205218 0.517736 0 29.46 0 0  0 0.0050565 2
1388035675.472251069 0.205218 0.517736 0 29.497 0 0  0 0.00645887 2
1388035675.572252265 0.205218 0.517736 0 29.524 0 0  0 0.00471241 2
1388035675.672225589 0.205218 0.517736 0 29.558 0 0  0 0.00593577 2
1388035675.772242358 0.205218 0.517736 0 29.589 0 0  0 0.00540964 2
1388035675.872189356 0.205218 0.517736 0 29.62 0 0  0 0.00541341 2
1388035675.972223726 0.205218 0.517736 0 29.642 0 0  0 0.00383829 2
1388035676.072291895 0.205218 0.517736 0 29.655 0 0  0 0.00226747 2
1388035676.172139298 0.205218 0.517736 0 29.713 0 0  0 0.0101381 2
1388035676.272160953 0.205218 0.517736 0 29.745 0 0  0 0.00558411 2
1388035676.372179406 0.205218 0.517736 0 29.773 0 0  0 0.004886 2
1388035676.472142394 0.205218 0.517736 0 29.811 0 0  0 0.00663473 2
1388035676.572173271 0.205218 0.517736 0 29.844 0 0  0 0.00575764 2
1388035676.672152321 0.205218 0.517736 0 29.876 0 0  0 0.00558615 2
1388035676.772149394 0.205218 0.517736 0 29.907 0 0  0 0.0054107 2
1388035676.872147309 0.205218 0.517736 0 29.938 0 0  0 0.00541066 2
1388035676.972245583 0.205218 0.517736 0 29.971 0 0  0 0.0057541 2
1388035677.072129027 0.205218 0.517736 0 30.003 0 0  0 0.0055915 2
1388035677.172226530 0.205218 0.517736 0 30.032 0 0  0 0.00505641 2
1388035677.272222769 0.205218 0.517736 0 30.065 0 0  0 0.00575997 2
1388035677.372146855 0.205218 0.517736 0 30.087 0 0  0 0.00384253 2
1388035677.472149240 0.205218 0.517736 0 30.124 0 0  0 0.00645768 2
1388035677.572225025 0.205218 0.517736 0 30.153 0 0  0 0.0050575 2
1388035677.672126277 0.205218 0.517736 0 30.185 0 0  0 0.0055905 2
1388035677.772140878 0.205218 0.517736 0 30.216 0 0  0 0.00540975 2
1388035677.872283852 0.205218 0.517736 0 30.248 0 0  0 0.00557701 2
1388035677.972149620 0.205218 0.517736 0 30.281 0 0  0 0.00576749 2
1388035678.072148652 0.205218 0.517736 0 30.312 0 0  0 0.0054106 2
1388035678.172146212 0.205218 0.517736 0 30.343 0 0  0 0.00541068 2
1388035678.272285762 0.205218 0.517736 0 30.35 0 0  0 0.00122002 2
1388035678.472180603 0.205218 0.517736 0 30.362 0 0  0 0.00104767 2
1388035678.872283085 0.205218 0.517736 0 30.425 0 0  0 0.00274818 2
1388035678.972134186 0.205218 0.517736 0 30.594 0 0  0 0.0295402 2
1388035679.072203056 0.205218 0.517736 0 30.625 0 0  0 0.00540682 2
1388035679.172262787 0.205218 0.517736 0 30.653 0 0  0 0.00488398 2
1388035679.272196857 0.205218 0.517736 0 30.68 0 0  0 0.00471557 2
1388035679.372237719 0.205218 0.517736 0 30.721 0 0  0 0.00715299 2
1388035679.472264062 0.205218 0.517736 0 30.755 0 0  0 0.00593229 2
1388035679.572281799 0.205218 0.517736 0 30.78 0 0  0 0.00436282 2
1388035679.672197163 0.205218 0.517736 0 30.815 0 0  0 0.0061138 2
1388035679.772269947 0.205218 0.517736 0 30.847 0 0  0 0.00558092 2
1388035679.872259683 0.205218 0.517736 0 30.882 0 0  0 0.00610925 2
1388035679.972240140 0.205218 0.517736 0 30.913 0 0  0 0.0054116 2
1388035680.072243353 0.205218 0.517736 0 30.947 0 0  0 0.005934 2
1388035680.172244410 0.205218 0.517736 0 30.98 0 0  0 0.00575936 2
1388035680.272161934 0.205218 0.517736 0 31.01 0 0  0 0.00524043 2
1388035680.372246522 0.205218 0.517736 0 31.041 0 0  0 0.00540597 2
1388035680.472241288 0.205218 0.517736 0 31.073 0 0  0 0.00558527 2
1388035680.572170480 0.205218 0.517736 0 31.104 0 0  0 0.00541438 2
1388035680.672236555 0.205218 0.517736 0 31.135 0 0  0 0.00540697 2
1388035680.772282656 0.205218 0.517736 0 31.165 0 0  0 0.00523369 2
1388035680.872157369 0.205218 0.517736 0 31.203 0 0  0 0.00664026 2
1388035680.972137539 0.205218 0.517736 0 31.237 0 0  0 0.00593537 2
1388035681.072131681 0.205218 0.517736 0 31.267 0 0  0 0.00523641 2
1388035681.172289948 0.205218 0.517736 0 31.299 0 0  0 0.00557616 2
1388035681.272231499 0.205218 0.517736 0 31.331 0 0  0 0.00558825 2
1388035681.372177514 0.205218 0.517736 0 31.362 0 0  0 0.00541347 2
1388035681.472154338 0.205218 0.517736 0 31.396 0 0  0 0.00593556 2
1388035681.572233124 0.205218 0.517736 0 31.431 0 0  0 0.00610382 2
1388035681.672230407 0.205218 0.517736 0 31.462 0 0  0 0.00541069 2
1388035681.772132216 0.205218 0.517736 0 31.496 0 0  0 0.00594002 2
1388035681.872276515 0.205218 0.517736 0 31.526 0 0  0 0.00522823 2
1388035681.972233432 0.205218 0.517736 0 31.556 0 0  0 0.00523836 2
1388035682.072247337 0.205218 0.517736 0 31.59 0 0  0 0.00593336 2
1388035682.172155016 0.205218 0.517736 0 31.619 0 0  0 0.00506601 2
1388035682.272229887 0.205218 0.517736 0 31.648 0 0  0 0.00505788 2
1388035682.372282138 0.205218 0.517736 0 31.654 0 0  0 0.00104641 2
1388035682.672237951 0.205218 0.517736 0 31.674 0 0  0 0.00116375 2
1388035682.772169582 0.205218 0.517736 0 31.755 0 0  0 0.0141467 2
1388035682.872288747 0.205218 0.517736 0 31.824 0 0  0 0.0120285 2
1388035682.972347687 0.205218 0.517736 0 31.795 0 0  0 -0.00505836 2
1388035683.072212487 0.205218 0.517736 0 40.008 0 0  0 1.43538 2
1388035683.172183022 0.205218 0.517736 0 49.593 0 0  0 1.67339 2
1388035683.272176040 0.205218 0.517736 0 63.953 0 0  0 2.50647 2
1388035683.372230874 0.205218 0.517736 0 80.758 0 0  0 2.93142 2
1388035683.472280195 0.205218 0.517736 0 86.022 0 0  0 0.918288 2
1388035683.772302141 0.205218 0.517736 0 93.258 0 0  0 0.420943 2
1388035683.972272409 0.205218 0.517736 0 98.904 0 0  0 0.492779 2
1388035684.072285613 0.205218 0.517736 0 104.339 0 0  0 0.948461 2
1388035684.172285130 0.205218 0.517736 0 105.263 0 0  0 0.16127 2
1388035684.272253011 0.205218 0.517736 0 102.135 0 0  0 -0.546114 2
1388035684.372289754 0.205218 0.517736 0 101.405 0 0  0 -0.127363 2
1388035684.572298286 0.205218 0.517736 0 92.651 0 0  0 -0.763898 2
1388035685.172302519 0.205218 0.517736 0 81.484 0 0  0 -0.324833 2
1388035685.972272897 0.205218 0.517736 0 88.441 0 0  0 0.151784 2
1388035688.672271824 0.205218 0.517736 0 97.026 0 0  0 0.055495 2
1388035688.772276163 0.205218 0.517736 0 78.398 0 0  0 -3.25106 2
1388035688.872270657 0.205218 0.517736 0 78.013 0 0  0 -0.0671992 2
1388035689.172282897 0.205218 0.517736 0 73.871 0 0  0 -0.240962 2
1388035689.572285929 0.205218 0.517736 0 93.711 0 0  0 0.865677 2
1388035689.672283422 0.205218 0.517736 0 93.536 0 0  0 -0.0305432 2
1388035689.872285937 0.205218 0.517736 0 72.364 0 0  0 -1.84758 2
1388035689.972269335 0.205218 0.517736 0 50.112 0 0  0 -3.88435 2
1388035703.572270768 0.205218 0.517736 0 43.744 0 0  0 -0.00817225 2
1388035703.772267222 0.205218 0.517736 0 43.898 0 0  0 0.0134392 2
1388035703.872269459 0.205218 0.517736 0 44.031 0 0  0 0.0232123 2
1388035704.472288713 0.205218 0.517736 0 44.189 0 0  0 0.00459591 2
1388035704.972176859 0.205218 0.517736 0 44.286 0 0  0 0.0033867 2
1388035706.172266973 0.205218 0.517736 0 44.671 0 0  0 0.00559921 2
1388035706.272261808 0.205218 0.517736 0 44.743 0 0  0 0.0125668 2
1388035708.272269426 0.205218 0.517736 0 45.372 0 0  0 0.00548905 2
1388035709.172265228 0.205218 0.517736 0 45.618 0 0  0 0.00477056 2
1388035709.672270003 0.205218 0.517736 0 45.758 0 0  0 0.00488685 2
1388035709.872267929 0.205218 0.517736 0 45.86 0 0  0 0.00890138 2
