1388292602.286294178 0 0 0 -2.886 0 0  0 -0.00838191 2
1388292602.386117284 0 0 0 -2.887 0 0  0 -0.000174871 2
1388292602.486184895 0 0 0 -2.888 0 0  0 -0.000174402 2
1388292602.586126445 0 0 0 -2.891 0 0  0 -0.000523909 2
1388292602.686155229 0 0 0 -2.891 0 0  0 0 2
1388292602.786122478 0 0 0 -2.893 0 0  0 -0.000349155 2
1388292602.886170886 0 0 0 -2.894 0 0  0 -0.000174477 2
1388292602.986168714 0 0 0 -2.897 0 0  0 -0.000523614 2
1388292603.086125995 0 0 0 -2.896 0 0  0 0.000174636 2
1388292603.186187541 0 0 0 -2.895 0 0  0 0.000174413 2
1388292603.286171191 0 0 0 -2.895 0 0  0 0 2
1388292603.386107227 0 0 0 -2.894 0 0  0 0.000174632 2
1388292603.486177283 0 0 0 -2.894 0 0  0 0 2
1388292603.586164996 0 0 0 -2.894 0 0  0 0 2
1388292603.686199366 0 0 0 -2.894 0 0  0 0 2
1388292603.786130233 0 0 0 -2.893 0 0  0 0.000174683 2
1388292603.886131495 0 0 0 -2.892 0 0  0 0.000174518 2
1388292603.986186747 0 0 0 -2.896 0 0  0 -0.000697737 2
1388292604.086143937 0 0 0 -2.896 0 0  0 0 2
1388292604.186135843 0 0 0 -2.896 0 0  0 0 2
1388292604.286150306 0 0 0 -2.894 0 0  0 0.00034899 2
1388292604.386267651 0 0 0 -2.894 0 0  0 0 2
1388292604.486163099 0 0 0 -2.895 0 0  0 -0.000174703 2
1388292604.586260263 0 0 0 -2.893 0 0  0 0.000348743 2
1388292604.686151525 0 0 0 -2.893 0 0  0 0 2
1388292604.786150069 0 0 0 -2.896 0 0  0 -0.00052361 2
1388292604.886132326 0 0 0 -2.893 0 0  0 0.000523695 2
1388292604.986125983 0 0 0 -2.893 0 0  0 0 2
1388292605.086137519 0 0 0 -2.889 0 0  0 0.000698042 2
1388292605.186131026 0 0 0 -2.889 0 0  0 0 2
1388292605.286133479 0 0 0 -2.89 0 0  0 -0.000174558 2
1388292605.386128247 0 0 0 -2.892 0 0  0 -0.000349059 2
1388292605.486251526 0 0 0 -2.891 0 0  0 0.000174305 2
1388292605.586253909 0 0 0 -2.891 0 0  0 0 2
1388292605.686254833 0 0 0 -2.893 0 0  0 -0.000349037 2
1388292605.786160531 0 0 0 -2.893 0 0  0 0 2
1388292605.886129048 0 0 0 -2.891 0 0  0 0.00034915 2
1388292605.986134782 0 0 0 -2.894 0 0  0 -0.000523572 2
1388292606.086180676 0 0 0 -2.892 0 0  0 0.000348922 2
1388292606.186161479 0 0 0 -2.893 0 0  0 -0.000174554 2
1388292606.286164977 0 0 0 -2.893 0 0  0 0 2
1388292606.386170568 0 0 0 -2.893 0 0  0 0 2
1388292606.486170160 0 0 0 -2.894 0 0  0 -0.000174563 2
1388292606.586117917 0 0 0 -2.895 0 0  0 -0.000174611 2
1388292606.686178345 0 0 0 -2.895 0 0  0 0 2
1388292606.786180519 0 0 0 -2.894 0 0  0 0.000174516 2
1388292606.886120805 0 0 0 -2.893 0 0  0 0.000174666 2
1388292606.986163700 0 0 0 -2.892 0 0  0 0.000174445 2
1388292607.086255619 0 0 0 -2.895 0 0  0 -0.000523122 2
1388292607.186123902 0 0 0 -2.895 0 0  0 0 2
1388292607.286151429 0 0 0 -2.894 0 0  0 0.000174472 2
1388292607.386158072 0 0 0 -2.895 0 0  0 -0.000174509 2
1388292607.486169456 0 0 0 -2.895 0 0  0 0 2
1388292607.586127773 0 0 0 -2.894 0 0  0 0.000174593 2
1388292607.686205231 0 0 0 -2.894 0 0  0 0 2
1388292607.786144196 0 0 0 -2.895 0 0  0 -0.000174627 2
1388292607.886158938 0.00324681 0.0044052 0.01 -2.894 0.0324633 0.0440455  0.0999853 0.000174495 7
1388292607.986131359 0.0110656 0.0149998 0.061 -2.897 0.0782099 0.105975  0.510141 -0.000523747 7
1388292608.086238013 0.0209032 0.0283156 0.099 -2.897 0.0982705 0.133016  0.379595 0 7
1388292608.186262679 0.0317915 0.0430393 0.123 -2.897 0.108856 0.147201  0.239941 0 7
1388292608.286107780 0.0509098 0.0687035 0.426 -2.898 0.19148 0.25704  3.0347 -0.000174791 7
1388292608.386167708 0.073013 0.0982787 0.602 -2.891 0.2209 0.295575  1.75895 0.00122099 7
1388292608.486149554 0.0964905 0.13014 0.736 -2.89 0.234818 0.318671  1.34024 0.000174552 7
1388292608.586173031 0.122162 0.165186 0.963 -2.918 0.256653 0.350377  2.26947 -0.00488575 7
1388292608.686153829 0.149227 0.202148 1.138 -2.918 0.270704 0.369696  1.75034 0 7
1388292608.786146011 0.177611 0.240603 1.3 -2.925 0.283857 0.384579  1.62013 -0.00122182 7
1388292608.886269350 0.206232 0.279307 1.322 -2.937 0.28586 0.386555  0.219729 -0.00209183 7
1388292608.986196033 0.235771 0.31906 1.476 -2.938 0.295606 0.397828  1.54113 -0.000174648 7
1388292609.086151901 0.265303 0.35875 1.48 -2.957 0.295453 0.397078  0.0400177 -0.0033176 7
1388292609.186118316 0.29466 0.397772 1.409 -2.961 0.293667 0.390351  -0.710239 -0.000698357 7
1388292609.286157428 0.32399 0.436569 1.362 -2.96 0.293191 0.387819  -0.469816 0.000174452 7
1388292609.386120912 0.352938 0.474773 1.21 -2.977 0.289586 0.382177  -1.52056 -0.00296814 7
1388292609.486149275 0.382397 0.513071 1.096 -2.97 0.294504 0.382868  -1.13968 0.00122138 7
1388292609.586128816 0.412289 0.551877 0.961 -2.956 0.298979 0.388139  -1.35028 0.00244395 7
1388292609.686126594 0.442068 0.590352 0.764 -2.958 0.297801 0.384765  -1.97004 -0.000349048 7
1388292609.786134772 0.471428 0.628067 0.496 -2.953 0.293575 0.37712  -2.67978 0.000872572 7
1388292609.886130376 0.500869 0.665394 0.269 -2.907 0.294421 0.373282  -2.2701 0.00802887 7
1388292609.986146310 0.530833 0.703525 0.125 -2.899 0.299588 0.381248  -1.43977 0.00139606 7
1388292610.086179000 0.561858 0.742244 -0.031 -2.838 0.310149 0.387067  -1.55949 0.010643 7
1388292610.186140592 0.593621 0.781652 -0.192 -2.568 0.317758 0.394233  -1.61062 0.047142 7
1388292610.286240128 0.626145 0.822435 -0.289 -2.306 0.324917 0.40742  -0.969035 0.0456822 7
1388292610.386246482 0.662768 0.867437 0.226 -1.658 0.366199 0.449991  5.14967 0.11309 7
1388292610.686254390 0.775494 1.00442 0.18 -1.417 0.375746 0.456594  -0.153329 0.0140204 7
1388292610.786257267 0.821171 1.05142 -0.023 -0.782 0.456755 0.470013  -2.02994 0.110825 7
1388292610.886256374 0.857498 1.07341 0.215 -0.152 0.363268 0.219883  2.38002 0.109957 7
1388292610.986144705 0.887048 1.04408 0.19 -0.558 0.295837 -0.293658  -0.250279 -0.0709396 7
1388292611.086131089 0.912795 1.01414 0.169 -1.097 0.257496 -0.299446  -0.210029 -0.0940861 7
1388292611.186243543 0.937704 0.981798 0.163 -1.191 0.248812 -0.323015  -0.0599326 -0.0163877 7
1388292611.686241479 1.04747 0.806103 0.144 -1.573 0.219543 -0.351393  -0.0380002 -0.0133344 7
1388292612.286258287 1.047 0.811536 0.441 -173.863 0 0  0.494986 -5.01157 7
1388292613.086146803 1.02538 0.929732 1.143 -173.81 -0.0270289 0.147766  0.877622 0.00115664 7
1388292613.686257469 1.02773 0.897854 0.98 -173.048 0 -0.0531212  -0.271617 0.0221614 7
1388292614.286165816 1.02382 0.888062 0.975 -173.194 0 -0.0163221  0 -0.0042475 7
1388292614.586242034 1.02497 0.876034 0.961 -173.351 0 -0.0400834  -0.0466548 -0.00913143 4
1388292615.686548988 8.47229 0.930982 0.985 179.21 0.0505706 -0.0525655  0.0218121 5.59239 4
1388292615.787054366 8.47693 0.925399 0.985 179.199 0.0461828 -0.0555445  0 -0.00190783 4
1388292615.887602702 8.48169 0.920157 0.984 179.189 0.0473319 -0.0521361  0 -0.00173751 3
1388292616.189723519 8.49714 0.905691 0.982 179.196 0.0511236 -0.0478807  0 0.000404603 3
1388292616.692283939 8.52923 0.89509 0.976 -177.82 0.0638568 -0.0210944  -0.0119389 -12.3987 3
1388292616.994082445 8.50194 0.866006 0.985 -168.556 -0.0904348 -0.0963683  0.0298212 0.535746 3
1388292617.094706269 8.46755 0.829049 0.964 -157.988 -0.34176 -0.36728  -0.208698 1.83303 3
1388292617.597214028 8.19975 0.500933 0.938 -148.549 -0.53291 -0.652958  -0.0517405 0.327839 3
1388292618.401699844 7.6583 -0.305438 0.84 -140.517 -0.67304 -1.00234  -0.121817 0.174254 3
1388292618.703640756 7.39539 -0.471201 0.789 -148.475 -0.870759 -0.548993  -0.168907 -0.460002 3
1388292618.904935496 7.23434 -0.568505 0.795 -157.329 -0.800054 -0.483391  0.029807 -0.767686 3
1388292619.005609189 7.18954 -0.557513 0.825 -170.216 -0.444968 0.109189  0.297992 -2.23416 3
1388292619.106085646 7.18061 -0.535732 0.83 -176.383 -0.0889157 0.216773  0.0497629 -1.07124 3
1388292619.206496817 7.17734 -0.506439 0.826 -179.243 -0.0325446 0.291735  -0.0398362 -0.49712 3
1388292619.306856994 7.16826 -0.474323 0.823 178.385 -0.0904794 0.320006  -0.0298923 62.1939 3
1388292619.407288130 7.13792 -0.446815 0.817 176.452 -0.302143 0.273897  -0.0597424 -0.335924 3
1388292619.507811950 7.07376 -0.447649 0.814 174.689 -0.638167 0  -0.0298437 -0.306098 3
1388292619.608428861 7.00431 -0.448374 0.82 173.284 -0.690302 0  0.0596321 -0.243715 3
1388292619.709000939 6.92669 -0.438346 0.825 170.818 -0.771785 0.0997155  0.0497156 -0.427951 3
1388292619.809488442 6.84503 -0.425091 0.833 168.917 -0.812598 0.131901  0.0796119 -0.330178 3
1388292619.909935293 6.76665 -0.4065 0.837 167.427 -0.780355 0.185086  0.0398221 -0.258895 3
1388292620.010497309 6.69654 -0.381766 0.845 166.176 -0.697155 0.245954  0.0795529 -0.217122 3
1388292620.111057998 6.62694 -0.356772 0.845 166.135 -0.692133 0.248555  0 -0.00711602 3
1388292620.211673870 6.55981 -0.330596 0.844 165.905 -0.667191 0.260152  0 -0.0398961 3
1388292620.312283864 6.49721 -0.242329 0.853 165.175 -0.62221 0.877319  0.0894543 -0.126636 3
1388292620.412841349 6.43379 -0.0960332 0.856 164.612 -0.630687 1.45485  0.0298337 -0.0977179 3
1388292620.513421039 6.36254 0.0283081 0.827 165.31 -0.708411 1.23625  -0.288329 0.121122 3
1388292620.614037529 6.29305 0.147999 0.819 165.88 -0.690629 1.18957  -0.0795098 0.0988755 3
1388292620.714484392 6.22592 0.257044 0.807 167.073 -0.668313 1.0856  -0.119466 0.20729 3
1388292620.814992067 6.16609 0.329671 0.781 171.105 -0.595306 0.722595  -0.258687 0.700162 3
1388292620.915757189 6.10831 0.392304 0.78 172.128 -0.573395 0.621574  0 0.177191 3
1388292621.117008061 6.02255 0.413945 0.782 177.936 -0.426122 0.107535  0 0.503695 3
1388292628.987112909 0.0489526 -0.0535226 0.794 -84.216 -0.759024 -0.0593979  0 -0.581367 3
1388292632.986937748 0.0489526 -0.0535226 0 -82.349 0 0  -0.198509 0.0081467 2
