1388055238.393212975 0.83793 0.288314 1.02 16.675 0.141896 0.0488236  0.172728 0.0492841 7
1388055238.493209529 0.852582 0.29191 1.016 16.897 0.146523 0.035961  -0.0400014 0.0387477 7
1388055238.593200060 0.867916 0.294037 1.009 16.992 0.15335 0.0212659  -0.0700066 0.0165824 7
1388055238.693198913 0.882655 0.293153 0.968 17.087 0.147396 0  -0.410005 0.0165807 7
1388055238.793199461 0.894981 0.288885 0.94 17.103 0.123258 -0.0426844  -0.279998 0.00279264 7
1388055238.893208774 0.9065 0.282508 0.937 17.143 0.115182 -0.063758  -0.0299972 0.00698049 7
1388055238.993200740 0.917646 0.273298 0.95 17.187 0.111464 -0.0921076  0.13001 0.00768017 7
1388055239.093202816 0.927054 0.262968 0.961 17.272 0.0940786 -0.103301  0.109998 0.0148348 7
1388055239.193200248 0.937461 0.252242 0.973 17.277 0.104071 -0.107266  0.120003 0.000872873 7
1388055239.293194544 0.947643 0.241962 0.98 17.293 0.101826 -0.102801  0.070004 0.00279248 7
1388055239.393197116 0.955536 0.232064 0.986 17.316 0.0789279 -0.0989784  0.0599985 0.00401428 7
1388055239.493208748 0.963043 0.223023 0.937 17.268 0.0750693 -0.0904018  -0.489943 -0.00837666 7
1388055239.593191553 0.971353 0.214378 0.934 17.232 0.0831133 -0.0864638  -0.0300052 -0.00628414 7
1388055239.693209536 0.977902 0.205077 0.943 17.229 0.0654789 -0.0929955  0.0899838 -0.00052355 4
1388055239.793253784 0.983792 0.196347 0.96 17.214 0.0588742 -0.0872537  0.169925 -0.00261673 4
1388055239.893194990 0.987451 0.189384 0.977 17.125 0.0366036 -0.0696724  0.1701 -0.0155427 4
1388055239.993199187 0.989838 0.185449 0.992 16.966 0.0238774 -0.0393518  0.149994 -0.0277496 4
1388055240.093206112 0.99182 0.181392 1.005 16.701 0.0198188 -0.0405686  0.129991 -0.0462479 4
1388055240.193200529 0.99324 0.176934 1.012 16.449 0.0142005 -0.04458  0.0700039 -0.0439849 4
1388055240.293281825 0.900464 0.448511 1.017 -0.257 -0.0202272 -0.0242726  0.0499594 -2.91338 4
1388055240.393248264 0.899029 0.447391 1.001 -0.43 -0.0143561 -0.0112004  -0.160054 -0.0302044 4
1388055240.493228455 0.896761 0.44822 1.005 -0.552999 -0.0226867 0  0.0400079 -0.0214717 4
1388055240.593244573 0.892408 0.451072 1.004 -0.648 -0.0435145 0.0285127  0 -0.016578 4
1388055240.693252914 0.8893 0.45533 1.006 -0.660999 -0.0310833 0.0425812  0.0199983 -0.00226866 4
1388055240.793220577 0.88511 0.46037 1.001 -0.627999 -0.041915 0.0504158  -0.0500162 0.00576145 4
1388055240.893313355 0.880967 0.465123 0.993 -0.552999 -0.0413933 0.0474887  -0.0799258 0.0130778 4
1388055240.993294711 0.876205 0.467203 0.984 -0.513 -0.0476253 0.0207982  -0.0900168 0.00698261 4
1388055241.093256702 0.87102 0.466818 0.971 -0.476999 -0.0518733 0  -0.130049 0.00628562 4
1388055241.193300784 0.867151 0.465734 0.958 -0.565 -0.0386708 -0.0108362  -0.129943 -0.0153522 4
1388055241.293259849 0.863139 0.467284 0.944 -0.678999 -0.0401311 0.0155065  -0.140057 -0.0199048 4
1388055241.393250891 0.858848 0.468941 0.932 -0.815 -0.0429173 0.0165706  -0.120011 -0.0237387 4
1388055241.493240629 0.855491 0.470561 0.931 -0.884 -0.0335685 0.0161999  -0.010001 -0.0120441 4
1388055241.693815214 0.842364 0.479727 0.929 -0.955999 -0.06545 0.0456972  0 -0.00626515 3
1388055241.794219466 0.834 0.487964 0.924 -1.143 -0.0833044 0.0820435  -0.0497987 -0.0325063 3
1388055241.894534486 0.827598 0.49718 0.925 -1.252 -0.0638171 0.0918695  0 -0.0189644 3
1388055241.994809319 0.820743 0.509318 0.913 -1.96 -0.0683634 0.121044  -0.119671 -0.12323 3
1388055242.095091834 0.814286 0.527734 0.908 -3.319 -0.0643894 0.183645  -0.0498591 -0.236522 3
1388055242.195365563 0.813843 0.543403 0.914 -4.81 0 0.156259  0.0598362 -0.259518 3
1388055242.295643794 0.823809 0.555852 0.924 -6.272 0.0993871 0.124143  0.0997225 -0.254459 3
1388055242.395929965 0.842961 0.564629 0.935 -7.647 0.190969 0.0875215  0.109686 -0.239298 3
1388055242.496222129 0.873333 0.570111 0.954 -8.871 0.30284 0.0546593  0.189447 -0.213006 3
1388055242.596500217 0.910923 0.571819 0.986 -9.871 0.374848 0.0170389  0.319113 -0.174049 3
1388055242.693265240 0.95663 0.569858 1.014 -10.54 0.472357 -0.0202633  0.289361 -0.120666 3
1388055242.893588231 1.08547 0.555942 1.046 -11.717 0.643152 -0.0694692  0.159742 -0.102547 3
1388055242.993877449 1.1483 0.543544 1.051 -11.183 0.626465 -0.123627  0.0498558 0.0929318 3
1388055243.317863822 1.32862 0.484161 1.047 -5.058 0.556593 -0.183288  -0.0123462 0.329957 3
1388055243.418221276 1.38036 0.467646 1.039 -2.419 0.515497 -0.164563  -0.0797151 0.458952 3
1388055243.518549493 1.42978 0.452901 1.03 0.937 0.492634 -0.146961  -0.0897056 0.583816 3
1388055243.618863720 1.47616 0.447835 1.02 4.567 0.462284 -0.0505094  -0.0996868 0.63157 3
1388055243.719174779 1.52232 0.449034 1.016 8.283 0.46023 0.0119579  -0.039876 0.646553 3
1388055243.819490789 1.56576 0.455848 1.018 11.988 0.432972 0.0679218  0.019937 0.644607 3
1388055243.918068076 1.60747 0.470977 1.019 15.486 0.423176 0.153474  0.0101443 0.619327 3
1388055244.118381749 1.68498 0.52852 1.028 22.378 0.386927 0.287264  0.0449295 0.600499 3
1388055244.218664441 1.72433 0.565674 1.029 26.057 0.39241 0.370496  0 0.640297 3
1388055244.318945318 1.761 0.609731 1.021 29.213 0.365667 0.439337  -0.0797759 0.549283 3
1388055244.419257438 1.79352 0.65971 1.014 32.226 0.324196 0.498237  -0.0697822 0.524232 3
1388055244.519621140 1.82309 0.709251 1.007 34.917 0.294584 0.493608  -0.0697463 0.467966 3
1388055244.619915665 1.84966 0.758046 1.011 37.725 0.264998 0.486521  0.0398825 0.488649 3
1388055244.720203756 1.87117 0.808931 1.006 40.044 0.214413 0.507385  -0.0498564 0.403579 3
1388055244.820514980 1.89538 0.858466 1.001 42.524 0.241353 0.493812  -0.0498449 0.431499 3
1388055244.920869760 1.92354 0.906807 0.999 44.796 0.280651 0.481701  -0.0199293 0.395137 3
1388055245.021122748 1.94945 0.960648 0.987 47.144 0.258431 0.537057  -0.119697 0.408769 3
1388055245.118073781 1.97802 1.01098 0.991 49.271 0.294622 0.519138  0.0412579 0.382907 3
1388055245.318582365 2.02849 1.12369 0.999 53.651 0.251726 0.56212  0.0398985 0.381257 3
1388055245.418862214 2.05095 1.18448 1.006 56.873 0.224008 0.606212  0.0698047 0.560776 3
1388055245.519156100 2.07499 1.24653 1.011 60.048 0.239659 0.618675  0.0498535 0.552519 3
1388055245.619535321 2.09661 1.31202 1.015 63.33 0.215401 0.652434  0.0398489 0.570653 3
1388055245.719785310 2.1123 1.37419 1.024 66.708 0.156554 0.620167  0.0897756 0.588102 3
1388055245.820158883 2.12126 1.43222 1.024 70.093 0.0892475 0.578146  0 0.588595 3
1388055245.920403568 2.12215 1.48488 0.98 72.668 0 0.525298  -0.438926 0.448325 3
1388055246.020675251 2.11264 1.5331 0.963 74.135 -0.0948583 0.480912  -0.169539 0.255347 3
1388055246.120934866 2.09487 1.57802 0.961 74.815 -0.177202 0.448057  -0.0199482 0.118375 3
1388055246.221184928 2.07557 1.62636 0.966 74.868 -0.192493 0.482129  0.0498753 0.00922742 3
1388055246.318088321 2.05505 1.67764 0.971 74.63 -0.211737 0.529156  0.0515978 -0.042866 3
1388055246.518363362 2.0257 1.79754 1.007 73.787 -0.146595 0.598686  0.179753 -0.0734648 3
1388055246.618630789 2.00874 1.86242 1.017 72.113 -0.169145 0.647076  0.0997333 -0.291389 3
1388055246.718897878 1.99559 1.93487 1.026 69.569 -0.131141 0.722628  0.0897603 -0.442829 3
1388055246.819151594 1.98497 2.0075 1.035 66.49 -0.105914 0.72441  0.0897722 -0.536026 3
1388055246.919397740 1.98242 2.07453 1.051 62.944 -0.0254186 0.668703  0.159607 -0.617375 3
1388055247.019665769 1.98848 2.14143 1.06 59.06 0.0604781 0.66723  0.0897594 -0.676073 3
1388055247.119919043 2.00309 2.19696 1.068 55.02 0.145713 0.553838  0.0797979 -0.703332 3
1388055247.220166453 2.02682 2.23909 1.074 51.292 0.236656 0.42025  0.0598519 -0.649054 3
1388055247.320477715 2.06159 2.26862 1.076 46.887 0.346666 0.294422  0.0199379 -0.766432 3
1388055247.420760677 2.10139 2.28701 1.083 43.302 0.39689 0.183313  0.0698025 -0.623935 3
1388055247.518078697 2.14339 2.29624 1.088 40.291 0.431541 0.0949399  0.0513779 -0.540001 3
1388055247.718357077 2.23726 2.30148 1.104 34.066 0.468704 0.0261183  0.0798888 -0.542479 3
1388055247.818633045 2.28473 2.3054 1.109 30.897 0.473368 0.0391781  0.0498624 -0.551572 3
1388055247.918897126 2.33254 2.31034 1.098 28.904 0.476854 0.0491854  -0.10971 -0.346928 3
1388055248.019151593 2.37698 2.30613 1.092 27.206 0.443243 -0.0419698  -0.0598477 -0.295605 3
1388055248.119413907 2.42215 2.30741 1.087 25.693 0.450531 0.0128087  -0.0498692 -0.263378 3
1388055248.219664398 2.46784 2.31123 1.082 24.281 0.455811 0.0381294  -0.0498751 -0.245825 3
1388055248.319916140 2.51113 2.31432 1.093 22.841 0.431815 0.0307357  0.109724 -0.250696 3
1388055248.597283792 2.64833 2.31473 1.105 18.703 0.49463 0  0.0432639 -0.260383 3
1388055248.630763854 2.66468 2.31446 1.111 18.263 0.488528 0  0.179211 -0.229373 3
1388055248.730867099 2.71759 2.31365 1.119 16.945 0.528489 0  0.0799175 -0.229797 3
1388055248.931241112 2.82796 2.29522 1.131 13.894 0.550859 -0.0919611  0.059888 -0.265753 3
1388055249.031589958 2.88587 2.28525 1.134 12.044 0.577015 -0.0993382  0.0298957 -0.321764 3
1388055249.131851179 2.94654 2.27438 1.127 10.248 0.605105 -0.108418  -0.0698176 -0.312644 3
1388055249.232111097 3.00705 2.25813 1.119 8.826 0.603561 -0.162122  -0.0797926 -0.247543 3
1388055249.332342125 3.06597 2.23947 1.127 7.948 0.587855 -0.186195  0.0798156 -0.152887 3
1388055249.432594194 3.12475 2.21803 1.12 7.437 0.586364 -0.213813  -0.069824 -0.088962 3
1388055249.532835500 3.18169 2.19477 1.107 7.234 0.567959 -0.23203  -0.129687 -0.0353447 3
1388055249.633072251 3.23643 2.17139 1.093 7.324 0.546141 -0.233298  -0.139669 0.0156709 3
1388055249.733346911 3.28428 2.1523 1.075 7.599 0.477171 -0.190361  -0.179507 0.047865 3
1388055249.833595115 3.32762 2.1348 1.063 7.976 0.432364 -0.174573  -0.119703 0.0656358 3
1388055249.930855932 3.36696 2.12101 1.048 8.347 0.404471 -0.14178  -0.154224 0.0665754 3
1388055250.131281857 3.43239 2.1046 1.027 9.001 0.326464 -0.0818748  -0.104777 0.0569511 3
1388055250.231553872 3.46812 2.09931 1.019 9.201 0.356281 -0.0527944  -0.079783 0.0348117 3
1388055250.331806707 3.50263 2.09512 1.005 9.339 0.34424 -0.0417916  -0.139647 0.0240249 3
1388055250.432054569 3.54193 2.09206 0.993 9.389 0.392024 -0.0304725  -0.119703 0.00870494 3
1388055250.532297341 3.58513 2.09044 0.99 9.342 0.431008 -0.0161606  -0.0299273 -0.008183 3
1388055250.632538152 3.63159 2.09006 0.984 9.247 0.463423 0  -0.0598559 -0.016541 3
1388055250.732793476 3.68107 2.08846 0.981 9.103 0.493548 -0.0159955  -0.0299236 -0.0250686 3
1388055250.833047076 3.7367 2.08589 0.979 8.91 0.554873 -0.0255799  -0.0199494 -0.0335998 3
1388055250.933295107 3.79624 2.08071 0.979 8.774 0.593934 -0.0516558  0 -0.0236777 3
1388055251.033556800 3.8575 2.07604 0.996 8.682 0.611051 -0.0466525  0.169556 -0.016015 3
1388055251.130840331 3.91677 2.07256 0.994 8.631 0.609208 -0.0357354  -0.0205585 -0.00914984 3
1388055251.230865984 3.98082 2.06913 1.007 8.73 0.640303 -0.034295  0.129967 0.0172745 3
1388055251.330849858 4.04399 2.06862 1.011 8.887 0.631858 0  0.0400065 0.027406 3
1388055251.430903395 4.10381 2.07168 1.012 9.158 0.597878 0.030564  0 0.0472731 3
1388055251.530876543 4.15853 2.07833 0.985 9.461 0.547368 0.0665651  -0.270073 0.0528976 3
1388055251.630880718 4.2109 2.08911 0.98 9.633 0.523668 0.107793  -0.0499979 0.0300186 3
1388055251.730882871 4.25794 2.10161 0.978 9.743 0.470394 0.124995  -0.0199996 0.019198 3
1388055251.830884608 4.30248 2.11868 0.981 9.8 0.445312 0.170638  0.0299995 0.0099484 3
1388055251.930898190 4.342 2.13941 0.984 9.882 0.395243 0.207265  0.0299959 0.0143096 3
1388055252.030839793 4.38177 2.16743 0.989 9.918 0.397868 0.280372  0.0500292 0.00628707 3
1388055252.130840747 4.41814 2.208 1 9.894 0.363761 0.405731  0.109999 -0.00418878 3
1388055252.331216884 4.45851 2.29621 1.007 8.9 0.201433 0.440243  0.0349343 -0.08658 3
1388055252.431518752 4.47484 2.3451 1.015 7.191 0.162849 0.487392  0.0797592 -0.297379 3
1388055252.531811753 4.48925 2.38691 1.017 5.298 0.143693 0.416919  0.0199416 -0.329426 3
1388055252.632094083 4.50899 2.41801 1.028 3.753 0.196809 0.310053  0.10969 -0.268894 3
1388055252.732365033 4.53455 2.42594 1.036 2.298 0.254938 0.0791492  0.0797838 -0.253259 3
1388055252.832655245 4.56963 2.41439 1.044 1.1 0.349747 -0.115231  0.0797685 -0.208485 3
1388055252.932934224 4.61213 2.39004 1.058 0.456001 0.423856 -0.242758  0.139611 -0.112086 3
1388055253.033224872 4.66494 2.35472 1.06 0.421001 0.526534 -0.352229  0.019942 -0.00609092 3
1388055253.133518545 4.72362 2.30128 1.059 1.074 0.585074 -0.532835  0 0.113636 3
1388055253.233826200 4.7891 2.24096 1.055 2.615 0.652844 -0.601319  -0.0398773 0.26813 3
1388055253.330874525 4.85875 2.18528 1.053 4.563 0.71764 -0.573754  -0.0206083 0.350331 3
1388055253.531237216 5.00762 2.10558 1.051 9.304 0.74299 -0.397797  0 0.412981 3
1388055253.631516904 5.08871 2.07749 1.056 13.447 0.80864 -0.280077  0.0498605 0.721073 3
1388055253.923076534 5.31895 2.08145 1.064 28.088 0.789701 0.0135752  0.0274386 0.876437 3
1388055254.023379899 5.38299 2.09071 1.07 33.059 0.638473 0.0923832  0.0598185 0.864979 3
1388055254.123676558 5.41142 2.10215 1.058 38.15 0.283456 0.113974  -0.119645 0.885919 3
1388055254.223949545 5.44666 2.11947 1.048 43.199 0.351455 0.172726  -0.0997278 0.878818 3
1388055254.324226230 5.47858 2.13895 1.038 47.371 0.318316 0.194274  -0.0997241 0.726142 3
1388055254.424500473 5.5008 2.14944 1.027 50.347 0.221556 0.104658  -0.109699 0.517989 3
1388055254.524799106 5.51823 2.1632 1.003 57.948 0.173772 0.137179  -0.239285 1.32268 3
1388055254.623293821 5.52913 2.17393 0.994 63.476 0.110721 0.108892  -0.0913755 0.979563 3
1388055254.723287126 5.53812 2.19053 0.997 68.798 0.0899166 0.166021  0.030002 0.928926 3
1388055254.823268202 5.54504 2.21446 1 73.865 0.0691212 0.239424  0.0300057 0.884526 3
1388055254.923291955 5.54562 2.23873 0.993 79.357 0 0.242597  -0.0699834 0.958307 3
1388055255.023268673 5.53596 2.26412 0.987 84.534 -0.0965712 0.253993  -0.060014 0.903768 3
1388055255.123231173 5.52186 2.29537 0.98 89.599 -0.141059 0.312631  -0.0700263 0.88434 3
1388055255.223291498 5.49711 2.32591 0.978 94.478 -0.247415 0.305146  -0.0199879 0.851034 3
1388055255.323241814 5.46127 2.36191 0.976 98.912 -0.358592 0.360208  -0.0200099 0.774263 3
1388055255.423281741 5.40947 2.40035 0.97 103.571 -0.517702 0.384213  -0.0599761 0.812824 3
1388055255.523333963 5.35095 2.43951 0.981 107.534 -0.584928 0.39139  0.109943 0.691314 3
1388055255.623257360 5.28563 2.47499 0.993 111.131 -0.653688 0.355117  0.120092 0.628276 3
1388055255.823607830 5.12943 2.55278 0.998 117.819 -0.779629 0.388253  0.0249563 0.582617 3
1388055255.923904341 5.0563 2.58436 1.009 114.79 -0.729165 0.31486  0.109675 -0.527099 3
1388055256.024200323 4.98986 2.60832 1.018 110.011 -0.662479 0.238902  0.0897344 -0.831631 3
1388055256.124483947 4.94435 2.62363 1.025 105.142 -0.453793 0.152711  0.069802 -0.847397 3
1388055256.224783605 4.90645 2.62066 1.035 99.583 -0.377812 -0.0296188  0.0997012 -0.967331 3
1388055256.325081196 4.89266 2.61304 1.035 94.681 -0.137503 -0.075959  0 -0.853022 3
1388055256.425382494 4.90395 2.59719 1.03 89.847 0.112546 -0.15804  -0.0498498 -0.841158 3
1388055256.525654404 4.93036 2.56717 1.023 84.977 0.263331 -0.29937  -0.0698102 -0.84767 3
1388055256.625937354 4.97957 2.53548 1.008 80.096 0.490758 -0.316024  -0.149577 -0.849492 3
1388055256.726249151 5.04561 2.50409 0.996 75.243 0.658368 -0.312966  -0.119627 -0.844375 3
1388055256.823261474 5.12612 2.48118 0.98 70.578 0.829889 -0.236072  -0.164928 -0.839271 3
1388055257.023603804 5.3304 2.42828 0.968 60.037 1.01963 -0.264085  -0.0598975 -0.918304 3
1388055257.123913624 5.4413 2.39624 0.968 55.735 1.10555 -0.319436  0 -0.748522 3
1388055257.224199909 5.57427 2.3672 0.978 53.402 1.32592 -0.289524  0.0997145 -0.406023 3
1388055257.324487268 5.71537 2.34033 0.987 52.799 1.40704 -0.267937  0.0897421 -0.104941 3
1388055257.424785637 5.85455 2.3232 1.009 53.909 1.38766 -0.170758  0.219346 0.193155 3
1388055257.525085183 5.9893 2.31927 1.022 56.436 1.34342 -0.0392049  0.129612 0.439728 3
1388055257.625456160 6.11544 2.33037 1.038 60.239 1.25676 0.110544  0.159409 0.661296 3
1388055257.725732304 6.22891 2.35537 1.049 64.651 1.13151 0.249375  0.109697 0.767918 3
1388055257.825996129 6.32824 2.39022 1.055 68.786 0.99069 0.347597  0.0598421 0.719795 3
1388055257.926255598 6.4083 2.43192 1.059 74.204 0.798545 0.415891  0.0398965 0.943172 3
1388055258.023272833 6.47097 2.47294 1.056 78.64 0.645967 0.422823  -0.0309223 0.798031 3
1388055258.223630047 6.54618 2.54089 1.052 87.038 0.375384 0.339126  -0.0199643 0.731557 3
1388055258.324031032 6.57209 2.56776 1.052 91.247 0.258069 0.267669  0 0.731675 3
1388055258.424391360 6.62117 2.58324 1.026 95.777 0.489005 0.154262  -0.259067 0.787795 3
1388055258.524777303 6.70965 2.59319 1.017 99.791 0.881473 0.0990294  -0.089654 0.697882 3
1388055258.625137336 6.79322 2.61032 1.027 103.677 0.83266 0.170693  0.0996413 0.675802 3
1388055258.725502869 6.87584 2.64687 1.042 107.501 0.823192 0.36417  0.149454 0.664983 3
1388055258.826004851 6.93359 2.68491 1.026 111.303 0.57463 0.378529  -0.159201 0.66026 3
1388055258.926306207 6.97411 2.71337 1.042 115.446 0.404003 0.283753  0.159519 0.720918 3
1388055259.232066828 6.94249 2.68399 0.999 127.12 -0.103434 -0.0960729  -0.140633 0.66637 3
1388055259.332277456 6.91593 2.65424 0.998 131.537 -0.265007 -0.296906  0 0.76929 3
1388055259.532588481 6.84826 2.56468 0.992 139.61 -0.337818 -0.447129  -0.0299534 0.703409 3
1388055259.632861108 6.80971 2.50791 0.983 143.472 -0.384517 -0.566164  -0.0897553 0.672213 3
1388055259.733115600 6.77928 2.45113 0.975 146.883 -0.303468 -0.566318  -0.0797969 0.59382 3
1388055259.833368214 6.74588 2.38931 0.971 149.232 -0.333161 -0.616638  -0.0398992 0.408945 3
1388055259.933657991 6.71119 2.34524 0.965 150.711 -0.345908 -0.439462  -0.0598266 0.257389 3
1388055260.033900973 6.67216 2.30735 0.967 151.138 -0.389355 -0.37792  0.0199515 0.0743453 3
1388055260.134175794 6.63109 2.27859 0.957 150.71 -0.409533 -0.286793  -0.0997259 -0.0744969 3
1388055260.234416023 6.57798 2.25418 0.954 149.416 -0.52983 -0.243534  -0.0299281 -0.225303 3
1388055260.334699410 6.52893 2.23477 0.946 148.246 -0.489138 -0.193547  -0.0797739 -0.203626 3
1388055260.434953562 6.47107 2.23933 0.939 145.531 -0.577193 0.0454535  -0.0698225 -0.472658 3
1388055260.532278042 6.42121 2.25524 0.932 144.54 -0.512218 0.163451  -0.0719244 -0.177717 3
1388055260.732623242 6.29218 2.30996 0.895 141.81 -0.644041 0.27314  -0.184681 -0.237827 3
1388055260.832923856 6.22565 2.34269 0.883 141.292 -0.663313 0.326289  -0.11964 -0.090138 3
1388055261.133678642 6.02719 2.5103 0.84 135.974 -0.659875 0.557297  -0.142974 -0.308612 3
1388055261.334207221 5.91777 2.64448 0.827 130.223 -0.545658 0.669171  -0.0648287 -0.500547 3
1388055261.434486371 5.87001 2.71107 0.83 128.157 -0.476334 0.663955  0.0299165 -0.35958 3
1388055261.732243297 5.74928 2.92479 0.844 123.931 -0.405466 0.717785  0.0470182 -0.247711 3
1388055261.832293957 5.7219 3.00435 0.875 117.095 -0.273625 0.795214  0.309843 -1.1925 3
1388055261.932265991 5.7004 3.08559 0.887 114.576 -0.215007 0.812644  0.120034 -0.439774 3
1388055262.132595160 5.71003 3.25448 0.933 102.012 0.0480616 0.843061  0.229622 -1.09461 3
1388055262.232974929 5.72824 3.33427 0.954 96.984 0.181386 0.794859  0.209206 -0.874231 3
1388055262.333213170 5.77281 3.41769 0.969 91.375 0.444686 0.832188  0.149643 -0.976629 3
1388055262.433450667 5.83526 3.43959 1.008 77.62 0.622953 0.218467  0.389076 -2.39501 3
1388055262.533688819 5.89706 3.46034 1.008 77.27 0.616586 0.207082  0 -0.0609411 3
1388055262.633929772 5.99088 3.48434 1.007 77.317 0.935942 0.239381  0 0.00818282 3
1388055262.734218211 6.07931 3.49735 1.002 79.047 0.88172 0.129682  -0.0498562 0.301074 3
1388055262.834465183 6.1671 3.51205 1.002 79.156 0.875768 0.14666  0 0.0189774 3
1388055262.934701990 6.2015 3.52981 0.998 83.328 0.343172 0.177213  -0.0399055 0.726431 3
1388055263.034952405 6.23863 3.54851 0.997 83.562 0.370401 0.186474  0 0.0407389 3
1388055263.132263048 6.27306 3.56728 0.993 83.806 0.353751 0.192926  -0.0411055 0.0437622 3
1388055263.332539773 6.34319 3.62476 0.988 85.839 0.350197 0.286985  -0.0249655 0.177168 3
1388055263.432794077 6.37076 3.65444 1.002 86.212 0.274935 0.296086  0.139645 0.0649358 3
1388055263.533040291 6.36061 3.73556 0.946 92.455 -0.101235 0.809164  -0.558625 1.08693 3
1388055263.633286851 6.34883 3.81939 0.932 92.504 -0.117464 0.836313  -0.139656 0.00853171 3
1388055263.733545941 6.33632 3.90345 0.931 92.512 -0.124856 0.838413  0 0.00139189 3
1388055263.833806221 6.32196 3.9883 0.924 92.522 -0.143194 0.846256  -0.0698183 0.00174117 3
1388055263.934154571 6.28699 4.07743 0.902 90.805 -0.348441 0.888199  -0.219236 -0.298633 3
1388055264.034399107 6.25273 4.16585 0.901 90.64 -0.341793 0.882102  0 -0.0287278 3
1388055264.134642448 6.21405 4.25288 0.887 89.393 -0.385817 0.868208  -0.13966 -0.217113 3
1388055264.551932671 6.12498 4.34221 0.853 53.513 -0.213464 0.214056  -0.0814781 -1.50069 3
1388055264.752610156 6.12017 4.35715 0.856 48.619 -0.0239428 0.0744762  0.0149494 -0.42564 3
1388055264.852873419 6.12894 4.34516 0.859 42.107 0.0874618 -0.11958  0.0299212 -1.13357 3
1388055265.053319265 6.14706 4.32084 0.859 41.924 0.0903872 -0.121365  0 -0.0159341 3
1388055265.153559554 6.1564 4.30851 0.86 41.742 0.0931313 -0.122979  0 -0.0316887 3
1388055265.253794790 6.16912 4.29322 0.857 40.569 0.126918 -0.152508  -0.0299296 -0.204247 3
1388055265.354046929 6.20077 4.26306 0.866 36.026 0.315702 -0.300878  0.0897736 -0.790909 3
1388055265.454304950 6.25727 4.2454 0.89 29.39 0.563548 -0.176191  0.239382 -1.15522 3
1388055265.554576729 6.31724 4.25175 0.902 28.823 0.598143 0.0633554  0.119675 -0.0986922 3
1388055265.652124243 6.37462 4.27301 0.916 29.884 0.588142 0.217961  0.14352 0.189835 3
1388055265.852589041 6.52743 4.39081 0.935 32.635 0.762304 0.587636  0.0947797 0.239513 3
1388055265.952875432 6.61389 4.46955 0.943 32.072 0.862124 0.785112  0.0797715 -0.0979814 3
1388055266.053202329 6.70315 4.56862 0.948 29.898 0.889661 0.987495  0.0498371 -0.378198 3
1388055266.153498663 6.78353 4.68878 0.958 26.445 0.801454 1.19809  0.0997045 -0.600881 3
1388055266.253758449 6.84899 4.79924 0.961 20.034 0.652856 1.10175  0.0299223 -1.11603 3
1388055266.354089897 6.90823 4.89721 0.959 14.228 0.590447 0.976466  -0.0199339 -1.00999 3
1388055266.454350461 6.95738 4.97659 0.959 9.166 0.490299 0.791695  0 -0.88119 3
1388055266.554612956 7.00013 5.02173 0.947 3.845 0.426344 0.450262  -0.119686 -0.926258 3
1388055266.654870074 7.03742 5.04172 0.929 -1.313 0.37195 0.199334  -0.179538 -0.897932 3
1388055266.755129342 7.07383 5.03964 0.913 -6.368 0.363136 -0.0207432  -0.159586 -0.879982 3
1388055266.852124533 7.10855 5.02612 0.894 -10.518 0.357986 -0.139392  -0.195886 -0.74675 3
1388055267.052457336 7.17373 4.96256 0.852 -20.292 0.325353 -0.31725  -0.209651 -0.851525 3
1388055267.152752693 7.20259 4.91526 0.842 -24.115 0.287725 -0.471622  -0.0997055 -0.665274 3
1388055267.253071232 7.22835 4.86166 0.841 -26.512 0.256841 -0.534329  0 -0.417027 3
1388055267.353349396 7.25471 4.8066 0.845 -28.415 0.262826 -0.549025  0.039889 -0.331215 3
1388055267.453629419 7.28457 4.74832 0.846 -29.702 0.297727 -0.581175  0 -0.223997 3
1388055267.553935286 7.3186 4.68764 0.847 -30.537 0.339339 -0.604986  0 -0.145291 3
1388055267.654246436 7.35267 4.63024 0.851 -31.086 0.339663 -0.572164  0.0398759 -0.0955213 3
1388055267.754513887 7.40201 4.58161 0.854 -31.304 0.492005 -0.485026  0.02992 -0.0379466 3
1388055267.854771802 7.44437 4.54071 0.855 -31.267 0.422568 -0.407928  0 0.00644105 3
1388055267.955033929 7.49348 4.50107 0.855 -31.088 0.489756 -0.395419  0 0.0311597 3
1388055268.052142360 7.54019 4.46452 0.857 -30.879 0.481039 -0.376345  0.0205955 0.0375635 3
1388055268.252513985 7.63329 4.39525 0.862 -30.093 0.464625 -0.345743  0.0249536 0.0684642 3
1388055268.352803096 7.69555 4.35673 0.859 -29.209 0.620812 -0.38407  -0.0299135 0.153842 3
1388055268.453079029 7.75737 4.31795 0.863 -28.355 0.616505 -0.386751  0.0398899 0.148641 3
1388055268.553338531 7.81153 4.28023 0.86 -27.377 0.540222 -0.376179  -0.0299224 0.170251 3
1388055268.653603467 7.86882 4.24187 0.862 -26.363 0.57138 -0.382618  0.0199472 0.176509 3
1388055268.753861881 7.9295 4.20434 0.854 -25.299 0.60519 -0.374305  -0.0797938 0.185224 3
1388055268.854133336 7.9875 4.17092 0.849 -24.303 0.57848 -0.333246  -0.0498646 0.173364 3
1388055268.954390232 8.04224 4.14142 0.852 -23.393 0.545966 -0.294294  0.0299231 0.158418 3
1388055269.054639709 8.10176 4.11533 0.838 -22.58 0.593788 -0.260204  -0.139652 0.141542 3
1388055269.154901595 8.14574 4.09696 0.823 -21.923 0.438589 -0.18323  -0.149608 0.114369 3
1388055269.252143952 8.18737 4.08123 0.811 -21.587 0.42812 -0.16177  -0.123403 0.0603061 3
1388055269.452462612 8.24341 4.06533 0.777 -20.712 0.279777 -0.079376  -0.16973 0.0762367 3
1388055269.552756921 8.25691 4.06006 0.762 -20.45 0.134548 -0.0525886  -0.14956 0.0455935 3
1388055269.843908317 8.32108 4.02918 0.739 -19.978 0.220392 -0.106049  -0.0789967 0.0282944 3
1388055269.960895818 8.35686 4.01146 0.738 -19.89 0.305884 -0.151438  0 0.0131287 3
1388055270.061173667 8.39104 3.99254 0.743 -19.816 0.340798 -0.188735  0.0498615 0.0128796 3
1388055270.161442462 8.43009 3.97032 0.766 -19.684 0.389544 -0.221593  0.229383 0.0229766 3
1388055270.261724155 8.4863 3.94526 0.77 -19.504 0.560436 -0.249858  0.0398876 0.0313276 3
1388055270.361999856 8.55642 3.91856 0.772 -19.257 0.699347 -0.266329  0.019945 0.0429911 3
1388055270.460804174 8.62639 3.89473 0.771 -19.029 0.708116 -0.241133  -0.010121 0.0402751 3
1388055270.661138968 8.7441 3.85878 0.779 -18.579 0.587577 -0.179475  0.0399332 0.0392043 3
1388055270.761414227 8.797 3.84451 0.791 -18.599 0.527543 -0.142239  0.119671 -0.00348107 3
1388055270.861729293 8.84692 3.83337 0.79 -18.624 0.497612 -0.111107  0 -0.00434959 3
1388055270.962008285 8.89076 3.82433 0.791 -18.593 0.437209 -0.0901833  0 0.00539545 3
1388055271.062282689 8.9178 3.81956 0.79 -18.547 0.269605 -0.0475614  0 0.00800654 3
1388055271.162543462 8.9459 3.81456 0.786 -18.473 0.280303 -0.0497862  -0.039896 0.0128819 3
1388055271.363013478 9.00344 3.80438 0.772 -18.149 0.28705 -0.050799  -0.0698359 0.028208 3
1388055271.463279078 9.031 3.79965 0.771 -18.133 0.274803 -0.0471479  0 0.00278514 3
1388055271.563582163 9.06381 3.79571 0.736 -17.097 0.32709 -0.0393602  -0.348942 0.18027 3
1388055271.660776721 9.0988 3.79179 0.725 -16.599 0.360004 -0.0402616  -0.113175 0.0894262 3
1388055271.861081848 9.19355 3.78267 0.72 -14.972 0.473044 -0.0455655  -0.0249619 0.141766 3
1388055271.961366092 9.24427 3.781 0.721 -14.528 0.505751 -0.0166388  0 0.077273 3
1388055272.061630023 9.30239 3.77892 0.718 -14.435 0.5797 -0.0207128  -0.029921 0.0161888 3
1388055272.161872437 9.35614 3.77779 0.716 -14.423 0.53617 -0.0112398  -0.0199516 0.00208934 3
1388055272.262114988 9.40865 3.77674 0.716 -14.418 0.523831 -0.0105102  0 0.000870532 3
1388055272.362352859 9.45842 3.77596 0.714 -14.383 0.496556 0  -0.0199525 0.00609417 3
1388055272.462609587 9.50709 3.77475 0.719 -14.33 0.485393 -0.0120949  0.049872 0.00922655 3
1388055272.562847828 9.55505 3.77505 0.717 -14.232 0.478531 0  -0.0199525 0.0170636 3
1388055272.663080616 9.58427 3.77624 0.717 -14.283 0.291483 0.0118137  0 -0.00888053 3
1388055272.763330146 9.60177 3.77371 0.729 -15.551 0.174575 -0.0252633  0.119701 -0.220757 3
1388055272.860802093 9.61827 3.76796 0.737 -16.041 0.169276 -0.0589064  0.0820749 -0.0877392 3
1388055273.061085809 9.6649 3.73152 0.757 -17.728 0.232847 -0.181953  0.0998583 -0.14701 3
1388055273.161377695 9.70859 3.70673 0.776 -18.345 0.435598 -0.247238  0.189447 -0.107373 3
1388055273.261665595 9.75539 3.6798 0.787 -18.871 0.466678 -0.268489  0.109684 -0.0915408 3
1388055273.361934147 9.81435 3.64889 0.792 -19.145 0.588015 -0.308291  0.0498661 -0.047694 3
1388055273.462229434 9.88411 3.6177 0.795 -19.256 0.695534 -0.310923  0.0299117 -0.0193161 3
1388055273.562506566 9.95816 3.58794 0.819 -19.29 0.738473 -0.296768  0.239337 -0.00591775 3
1388055273.662765313 10.0326 3.56162 0.82 -19.378 0.742346 -0.262546  0 -0.0153192 3
1388055273.763037258 10.1038 3.53806 0.808 -19.519 0.710242 -0.234988  -0.119675 -0.0245424 3
1388055273.863319118 10.1549 3.52151 0.806 -19.772 0.509072 -0.16506  -0.0199438 -0.0440327 3
1388055273.963595289 10.2038 3.50611 0.789 -20.074 0.488067 -0.153567  -0.169532 -0.0525638 3
1388055274.060766485 10.2517 3.49127 0.775 -20.246 0.492556 -0.152736  -0.144076 -0.0308936 3
1388055274.261114991 10.3399 3.46316 0.752 -20.529 0.440472 -0.140271  -0.1148 -0.0246534 3
1388055274.361396183 10.3851 3.44555 0.739 -20.411 0.45056 -0.175597  -0.129635 0.0205371 3
1388055274.461680640 10.4417 3.4215 0.722 -20.236 0.56487 -0.239889  -0.169518 0.0304566 3
1388055274.561995853 10.5009 3.39499 0.709 -20.029 0.589788 -0.264274  -0.129592 0.0360148 3
1388055274.662319610 10.5665 3.36503 0.697 -19.757 0.65362 -0.298566  -0.119613 0.0473197 3
1388055274.762590445 10.6319 3.33458 0.692 -19.375 0.652724 -0.303668  -0.0498649 0.0664915 3
1388055274.862847758 10.6988 3.30821 0.686 -18.855 0.667367 -0.26303  -0.059846 0.0905242 3
1388055275.151511738 10.8781 3.25632 0.652 -16.944 0.621109 -0.179776  -0.117784 0.115543 3
1388055275.177882213 10.8944 3.25185 0.651 -16.818 0.615822 -0.16931  -0.0379212 0.0833931 3
1388055275.277960579 10.9537 3.23687 0.644 -16.126 0.59261 -0.149663  -0.0699452 0.120682 3
1388055275.377998349 11.0079 3.22635 0.642 -15.369 0.542127 -0.105247  -0.0199924 0.132072 3
1388055275.477982736 11.0502 3.22127 0.638 -14.63 0.423395 -0.0507965  -0.0400062 0.129 3
1388055275.578003685 11.0699 3.22307 0.638 -13.733 0.196859 0.0180431  0 0.156523 3
1388055275.677944550 11.0795 3.22866 0.637 -12.957 0.0957425 0.0559077  -0.0100059 0.135518 3
1388055275.777972053 11.0871 3.2357 0.643 -12.053 0.0756834 0.070403  0.0599835 0.157734 3
1388055275.877943309 11.0947 3.24445 0.644 -11.243 0.0764837 0.0875412  0.0100029 0.141412 3
1388055275.977951673 11.1019 3.2551 0.647 -10.203 0.0716134 0.106444  0.0299975 0.181499 3
1388055276.077961066 11.1072 3.26729 0.644 -9.289 0.0528582 0.121945  -0.0299972 0.159508 3
1388055276.177945593 11.1106 3.28003 0.641 -8.353 0.0346444 0.127381  -0.0300046 0.163388 3
1388055276.277945047 11.1142 3.29805 0.638 -7.704 0.0361743 0.180215  -0.0300002 0.113273 3
1388055276.377964773 11.1164 3.32288 0.637 -6.756 0.0218485 0.248276  0 0.165425 3
1388055276.578572721 11.1153 3.39689 0.634 -4.945 0 0.368921  -0.0149545 0.157561 3
1388055276.678867176 11.1147 3.44148 0.631 -6.582 0 0.444524  -0.0299119 -0.284872 3
1388055276.779125450 11.1149 3.48887 0.631 -8.344 0 0.472702  0 -0.306735 3
1388055276.879370263 11.119 3.52879 0.631 -10.392 0.0409507 0.398285  0 -0.35657 3
1388055276.979637929 11.1263 3.55117 0.637 -12.972 0.0723695 0.223112  0.0598398 -0.449093 3
1388055277.079972801 11.1362 3.5536 0.644 -15.678 0.0990764 0.024218  0.0697664 -0.47071 3
1388055277.180243922 11.1487 3.53662 0.653 -18.399 0.124219 -0.169326  0.0897567 -0.47362 3
1388055277.280499351 11.1777 3.49898 0.656 -20.664 0.289347 -0.375374  0.0299236 -0.39431 3
1388055277.380756326 11.2213 3.4409 0.663 -22.415 0.435177 -0.579389  0.0698206 -0.304824 3
1388055277.481008357 11.2716 3.37081 0.671 -23.701 0.501178 -0.699118  0.0797989 -0.223885 3
1388055277.577964690 11.3281 3.29587 0.68 -24.692 0.583046 -0.772937  0.0928253 -0.178392 3
1388055277.778354499 11.5273 3.1162 0.701 -26.183 0.993874 -0.896594  0.104796 -0.129861 3
1388055277.878685614 11.6369 3.02536 0.715 -26.258 1.09285 -0.905419  0.139538 -0.0130467 3
1388055277.978946660 11.7505 2.9322 0.721 -26.097 1.13268 -0.92914  0.0598438 0.0280267 3
1388055278.079191631 11.8739 2.85225 0.722 -25.769 1.23154 -0.797517  0 0.0571069 3
1388055278.179503969 12.0001 2.78714 0.726 -25.327 1.25755 -0.649079  0.0398755 0.0769033 3
1388055278.279755485 12.1155 2.72755 0.729 -24.974 1.15088 -0.59445  0.0299247 0.0614557 3
1388055278.380110960 12.2193 2.6744 0.732 -24.333 1.03469 -0.5296  0.0298937 0.111479 3
1388055278.480360759 12.3105 2.61728 0.733 -22.948 0.909447 -0.569822  0 0.241126 3
1388055278.580691419 12.3955 2.56616 0.725 -21.012 0.847216 -0.509466  -0.0797363 0.336782 3
1388055278.680946080 12.4729 2.52116 0.718 -19.324 0.772025 -0.448849  -0.0698222 0.293863 3
1388055278.777992805 12.5427 2.48496 0.708 -17.85 0.719316 -0.37304  -0.103043 0.26509 3
1388055278.978428021 12.6853 2.4293 0.7 -15.546 0.711581 -0.277713  -0.0399131 0.200625 3
1388055279.078799613 12.7632 2.40579 0.689 -13.296 0.776407 -0.234132  -0.109593 0.391245 3
1388055279.179074996 12.8382 2.40638 0.684 -11.611 0.747468 0  -0.0498627 0.29328 3
1388055279.279331018 12.9148 2.41487 0.682 -10.631 0.763931 0.0846815  -0.0199489 0.170605 3
1388055279.379585547 12.9893 2.42543 0.674 -9.934 0.743031 0.105249  -0.0797969 0.121341 3
1388055279.479836534 13.0628 2.42836 0.67 -9.529 0.733424 0.0292472  -0.0398999 0.0705089 3
1388055279.580098105 13.134 2.42522 0.658 -9.414 0.710581 -0.0313274  -0.119687 0.0200189 3
1388055279.680345982 13.2039 2.41774 0.648 -9.458 0.696753 -0.0746057  -0.0997527 -0.0076604 3
1388055279.780606411 13.2708 2.39978 0.639 -9.54 0.667793 -0.179064  -0.0897662 -0.0142746 3
1388055279.880866203 13.3294 2.3755 0.633 -9.544 0.584609 -0.24222  -0.0598445 -0.000696272 3
1388055279.977985721 13.3832 2.35046 0.631 -9.486 0.553728 -0.257837  -0.0205932 0.0104231 3
1388055280.493709177 13.3837 2.44046 0.608 -8.465 0 0.174524  -0.0445975 0.0345531 3
1388055280.594092864 13.3877 2.46552 0.604 -8.191 0.0402255 0.249582  -0.0398471 0.0476393 3
1388055280.694337074 13.3955 2.48089 0.602 -8.222 0.0770518 0.153335  -0.0199513 -0.00539736 3
1388055280.794625548 13.405 2.48014 0.598 -8.672 0.0954658 0  -0.0398849 -0.078314 3
1388055280.894872561 13.4159 2.47431 0.593 -9.027 0.108972 -0.0581607  -0.0498768 -0.0618065 3
1388055280.995122781 13.4417 2.46675 0.594 -9.385 0.257018 -0.0754431  0 -0.0623268 3
1388055281.095380294 13.467 2.45977 0.593 -9.604 0.252576 -0.0696047  0 -0.0381246 3
1388055281.193928271 13.4855 2.45278 0.597 -9.702 0.187082 -0.0709343  0.0405894 -0.0173562 3
1388055281.394358367 13.592 2.42066 0.606 -10.465 0.531287 -0.160239  0.0449034 -0.0664414 3
1388055281.494656571 13.6631 2.4047 0.605 -10.627 0.708998 -0.159198  0 -0.0281903 3
1388055281.594913553 13.7337 2.38983 0.601 -10.803 0.704029 -0.148315  -0.0398975 -0.0306391 3
1388055281.695165264 13.8033 2.37235 0.597 -11.015 0.695032 -0.174287  -0.0398996 -0.0369081 3
1388055281.795416144 13.8689 2.34733 0.591 -11.308 0.65431 -0.249564  -0.0598498 -0.0510102 3
1388055281.895664425 13.935 2.32978 0.585 -11.495 0.659219 -0.175105  -0.0598514 -0.0325568 3
1388055281.995913551 14.0018 2.31119 0.585 -11.688 0.665992 -0.185404  0 -0.0336011 3
1388055282.096172564 14.0593 2.25521 0.579 -11.806 0.57325 -0.5584  -0.059845 -0.0205417 3
1388055282.196410464 14.1227 2.20875 0.572 -11.782 0.632491 -0.463539  -0.0698339 0.00417879 3
1388055282.296677788 14.1862 2.1835 0.567 -11.451 0.633844 -0.251743  -0.0498667 0.0576164 3
1388055282.393981194 14.2505 2.16823 0.561 -11.065 0.660747 -0.157013  -0.0616628 0.0692367 3
1388055282.594221914 14.3866 2.16199 0.556 -10.152 0.679484 -0.0311508  -0.0249699 0.0795785 3
1388055282.694494378 14.4523 2.15755 0.56 -9.722 0.655915 -0.0442945  0.0398913 0.0748453 3
1388055282.794748219 14.5173 2.1423 0.562 -9.698 0.648106 -0.15204  0.0199494 0.00417813 3
1388055282.894988136 14.5779 2.10345 0.572 -9.828 0.604111 -0.387638  0.0997607 -0.022635 3
1388055282.995236194 14.6343 2.04324 0.581 -9.854 0.562986 -0.600615  0.0897773 -0.00452663 3
1388055283.095486035 14.6931 1.99884 0.591 -9.789 0.58683 -0.442909  0.0997508 0.0113164 3
1388055283.195731270 14.7537 1.96705 0.595 -9.703 0.603767 -0.317101  0.0399021 0.0149731 3
1388055283.295960245 14.8206 1.95839 0.606 -9.25 0.668036 -0.0863885  0.109749 0.0788828 3
1388055283.396209249 14.8898 1.95497 0.616 -7.762 0.690434 -0.0340906  0.0997516 0.25906 3
1388055283.496468996 14.9594 1.9507 0.611 -7.098 0.693673 -0.0425616  -0.0498705 0.11559 3
1388055283.593933221 15.0226 1.9418 0.605 -6.619 0.648332 -0.0913911  -0.061561 0.0857764 3
1388055283.794211877 15.1536 1.91476 0.602 -5.977 0.654184 -0.135004  -0.0149791 0.0559471 3
1388055283.894487796 15.2161 1.89685 0.606 -5.936 0.623279 -0.178587  0.0398899 0.00713606 3
1388055283.994742839 15.2943 1.87618 0.607 -5.893 0.780631 -0.206183  0 0.00748586 3
1388055284.094994985 15.3691 1.85603 0.613 -5.839 0.745637 -0.200966  0.0598491 0.00940106 3
1388055284.195248788 15.4613 1.83692 0.609 -5.683 0.919421 -0.190664  -0.0398987 0.0271582 3
1388055284.295505423 15.5789 1.81653 0.603 -5.454 1.17319 -0.203374  -0.0598464 0.0398657 3
1388055284.395762438 15.6974 1.8006 0.594 -5.297 1.18226 -0.158909  -0.0897693 0.0273315 3
1388055284.496017812 15.8141 1.79487 0.593 -5.28 1.16359 -0.057155  0 0.00295937 3
1388055284.596269505 15.9327 1.7964 0.59 -5.268 1.18332 0.0153147  -0.0299247 0.00208915 3
1388055284.696511862 16.0506 1.79819 0.59 -5.264 1.176 0.0178879  0 0.000696559 3
1388055284.793948529 16.1555 1.80017 0.583 -5.559 1.0762 0.0202823  -0.0718415 -0.0528417 3
1388055284.994305898 16.2394 1.77057 0.563 -6.444 0.418907 -0.147717  -0.0998216 -0.0770931 3
1388055285.094595419 16.2436 1.75734 0.556 -6.945 0.0417583 -0.131911  -0.0697979 -0.0871886 3
1388055285.194893115 16.2422 1.74449 0.547 -7.195 -0.0141213 -0.12817  -0.0897329 -0.0435037 3
1388055285.295155840 16.2425 1.73657 0.542 -7.379 0 -0.0790342  -0.049869 -0.0320299 3
1388055285.395416008 16.2475 1.74495 0.536 -7.634 0.049899 0.0836137  -0.0598443 -0.0443904 3
1388055285.495676609 16.2576 1.74258 0.535 -7.872 0.100664 -0.023631  0 -0.0414309 3
1388055285.785937892 16.2933 1.7193 0.557 -8.453 0.123052 -0.0801963  0.0757938 -0.0349353 3
1388055285.904109305 16.3125 1.71056 0.565 -8.674 0.162147 -0.0739859  0.0676983 -0.0326405 3
1388055286.004019055 16.3319 1.70314 0.574 -8.775 0.194022 -0.0742105  0.0900813 -0.0176438 3
1388055286.204314809 16.4779 1.66956 0.585 -9.034 0.729245 -0.16765  0.0549188 -0.0225686 3
1388055286.304588785 16.5537 1.65216 0.584 -9.178 0.755487 -0.173539  0 -0.0250641 3
1388055286.404851349 16.627 1.63686 0.579 -9.457 0.731561 -0.152587  -0.0498691 -0.0485671 3
1388055286.505152428 16.7026 1.62055 0.577 -9.65 0.753275 -0.162632  -0.01994 -0.0335838 3
1388055286.605420116 16.7656 1.60738 0.575 -9.818 0.628474 -0.131393  -0.0199466 -0.0292432 3
1388055286.705664066 16.8276 1.59393 0.577 -9.911 0.618081 -0.134171  0.0199513 -0.0161921 3
1388055286.805918604 16.8873 1.58082 0.572 -10.011 0.595866 -0.130773  -0.0498731 -0.017409 3
1388055286.906180417 16.9381 1.56992 0.565 -10.172 0.506804 -0.108714  -0.0698172 -0.0280265 3
1388055287.006432037 16.9892 1.5599 0.555 -10.331 0.509696 -0.0998909  -0.099749 -0.0276811 3
1388055287.106691787 17.0322 1.55302 0.54 -10.493 0.428543 -0.0686754  -0.149611 -0.0282011 3
1388055287.204012485 17.0773 1.54623 0.565 -10.623 0.464079 -0.0697353  0.256883 -0.0233139 3
1388055287.404336839 17.1501 1.53799 0.506 -10.729 0.36302 -0.0411201  -0.294522 -0.0092353 3
1388055287.504618924 17.1966 1.53351 0.497 -10.676 0.464258 -0.0447159  -0.0897468 0.00922422 3
1388055287.604881652 17.2475 1.53142 0.496 -10.659 0.507215 -0.0208002  0 0.00295932 3
1388055287.705122402 17.284 1.52946 0.502 -10.708 0.364452 -0.019629  0.0598559 -0.00853154 3
1388055287.805371524 17.3219 1.52678 0.507 -10.826 0.378051 -0.0267044  0.0498757 -0.0205437 3
1388055287.905619476 17.3669 1.5251 0.513 -10.954 0.449205 -0.0167129  0.0598516 -0.022285 3
1388055288.005869222 17.4124 1.52296 0.519 -11.214 0.453822 -0.0214168  0.0598505 -0.0452655 3
1388055288.106121999 17.4584 1.52077 0.521 -11.451 0.458869 -0.0218521  0.0199496 -0.04126 3
1388055288.206363345 17.5051 1.52393 0.528 -11.668 0.465526 0.0315514  0.0698315 -0.0377825 3
1388055288.306603005 17.5545 1.52953 0.529 -11.902 0.493077 0.0558848  0 -0.0407431 3
1388055288.404029827 17.6073 1.53647 0.528 -12.245 0.541207 0.0712488  -0.0102641 -0.0614459 3
1388055288.503990826 17.6568 1.54257 0.581 -12.555 0.495461 0.0610228  0.530207 -0.0541263 3
1388055288.604045162 17.7064 1.55281 0.549 -12.849 0.496304 0.102352  -0.319826 -0.0512848 3
1388055288.704051261 17.7556 1.55986 0.53 -13.271 0.491529 0.0704883  -0.189988 -0.0736484 3
1388055288.804047727 17.8079 1.5624 0.521 -13.673 0.523038 0.0253616  -0.0900032 -0.0701647 3
1388055288.904021744 17.8605 1.56704 0.526 -14.015 0.525957 0.046462  0.050013 -0.0597058 3
1388055289.004022975 17.9201 1.57006 0.529 -14.562 0.596027 0.0301155  0.0299996 -0.0954683 3
1388055289.104020276 17.9745 1.57306 0.531 -15.005 0.544491 0.0300307  0.0200005 -0.0773202 3
1388055289.204059331 18.0288 1.5776 0.539 -15.365 0.542565 0.0453815  0.0799688 -0.0628073 3
1388055289.304012871 18.087 1.57909 0.542 -15.518 0.582289 0.0149092  0.0300139 -0.0267159 3
1388055289.404023214 18.1456 1.57996 0.542 -16.227 0.585293 0  0 -0.123731 3
1388055289.604440315 18.2621 1.5706 0.554 -17.986 0.581438 -0.0467333  0.0598751 -0.153182 3
1388055289.704069177 18.323 1.56822 0.56 -19.072 0.611267 -0.0238123  0.0602235 -0.190249 3
1388055289.804050610 18.381 1.5533 0.56 -16.476 0.58062 -0.149308  0 0.453172 3
1388055290.003985367 18.501 1.5242 0.553 -13.266 0.599891 -0.145531  -0.0350114 0.280217 8
1388055290.103984577 18.5585 1.50904 0.533 -11.075 0.57541 -0.151607  -0.200002 0.382405 8
1388055290.203993200 18.612 1.4928 0.518 -10.126 0.534909 -0.162411  -0.149987 0.165617 8
1388055290.304048547 18.6604 1.47705 0.505 -9.59 0.483558 -0.157333  -0.129928 0.0934979 8
1388055290.404010678 18.6964 1.46365 0.48 -9.049 0.36045 -0.134116  -0.250095 0.0944581 8
1388055290.503978992 18.7301 1.45058 0.478 -9.005 0.337266 -0.130718  -0.0200063 0.00768183 8
1388055290.603996975 18.7514 1.4409 0.466 -8.778 0.212862 -0.0968016  -0.119978 0.0396119 8
1388055290.703978907 18.7589 1.43518 0.415 -8.46 0.0742848 -0.0571636  -0.510092 0.0555115 9
1388055290.803991859 18.7641 1.42936 0.318 -7.885 0.0527507 -0.058168  -0.969874 0.100343 9
1388055291.094747970 18.7699 1.42091 0.099 -7.102 0.0196729 -0.0290769  -0.753209 0.0470013 9
1388055291.121051905 18.7703 1.42015 0.087 -7.07 0.0170669 -0.0290347  -0.456206 0.0212325 9
1388055291.221142883 18.771 1.41243 -0.001 -6.823 0 -0.0771221  -0.8792 0.0430706 9
1388055291.321177264 18.7719 1.4106 -0.086 -6.812 0 -0.0182866  -0.849708 0.00191915 9
1388055291.421174014 18.7715 1.4099 -0.145 -6.849 0 0  -0.590019 -0.00645788 9
1388055291.521181447 18.7715 1.41175 -0.208 -6.907 0 0.0185389  -0.629953 -0.0101223 9
1388055291.621118633 18.772 1.41389 -0.232 -6.917 0 0.0213305  -0.240151 -0.00174647 9
1388055301.795692804 18.772 1.41389 0 -6.369 0 0  0.0228019 0.000940031 2
1388055301.795755927 18.772 1.41389 0 -6.369 0 0  0 0 2
1388055301.895846469 18.772 1.41389 0 -6.366 0 0  0 0.00052317 2
1388055301.995853891 18.772 1.41389 0 -6.356 0 0  0 0.00174524 2
1388055302.095847808 18.772 1.41389 0 -6.348 0 0  0 0.00139625 2
1388055302.195847472 18.772 1.41389 0 -6.347 0 0  0 0.000174604 2
1388055302.295862615 18.772 1.41389 0 -6.332 0 0  0 0.00261749 2
1388055302.495849624 18.772 1.41389 0 -6.327 0 0  0 0.000436371 2
1388055302.595850949 18.772 1.41389 0 -6.319 0 0  0 0.00139631 2
1388055302.695845652 18.772 1.41389 0 -6.315 0 0  0 0.000698118 2
1388055302.795848449 18.772 1.41389 0 -6.304 0 0  0 0.00191992 2
1388055302.895847085 18.772 1.41389 0 -6.289 0 0  0 0.00261792 2
1388055302.995850288 18.772 1.41389 0 -6.287 0 0  0 0.000349029 2
1388055303.095847809 18.772 1.41389 0 -6.281 0 0  0 0.00104731 2
1388055303.195847523 18.772 1.41389 0 -6.272 0 0  0 0.00157077 2
1388055303.295847978 18.772 1.41389 0 -6.26 0 0  0 0.0020944 2
1388055303.395850651 18.772 1.41389 0 -6.256 0 0  0 0.000698062 2
1388055303.495881786 18.772 1.41389 0 -6.243 0 0  0 0.00226831 2
1388055303.595845406 18.772 1.41389 0 -6.226 0 0  0 0.00296801 2
1388055303.695847041 18.772 1.41389 0 -6.22 0 0  0 0.00104727 2
1388055303.795847382 18.772 1.41389 0 -6.202 0 0  0 0.00314152 2
1388055303.895846615 18.772 1.41389 0 -6.19 0 0  0 0.00209443 2
1388055303.995848221 18.772 1.41389 0 -6.182 0 0  0 0.00139631 2
1388055304.095854152 18.772 1.41389 0 -6.175 0 0  0 0.00122165 2
1388055304.195854883 18.772 1.41389 0 -6.167 0 0  0 0.00139615 2
1388055304.295895450 18.772 1.41389 0 -6.162 0 0  0 0.000872331 2
1388055304.395844827 18.772 1.41389 0 -6.158 0 0  0 0.000698601 2
1388055304.495916962 18.772 1.41389 0 -6.157 0 0  0 0.000174311 2
1388055304.595933189 18.772 1.41389 0 -6.157 0 0  0 0 2
1388055304.695847788 18.772 1.41389 0 -6.156 0 0  0 0.000174753 2
1388055304.795847718 18.772 1.41389 0 -6.156 0 0  0 0 2
1388055304.895847496 18.772 1.41389 0 -6.151 0 0  0 0.000872687 2
1388055304.995846607 18.772 1.41389 0 -6.131 0 0  0 0.0034906 2
1388055305.095851271 18.772 1.41389 0 -6.126 0 0  0 0.000872644 2
1388055305.195845491 18.772 1.41389 0 -6.115 0 0  0 0.00191992 2
1388055305.295848394 18.772 1.41389 0 -6.106 0 0  0 0.00157089 2
1388055305.395847434 18.772 1.41389 0 -6.106 0 0  0 0 2
1388055305.495847886 18.772 1.41389 0 -6.098 0 0  0 0.00139616 2
1388055305.595849838 18.772 1.41389 0 -6.078 0 0  0 0.00349067 2
1388055305.695847668 18.772 1.41389 0 -6.053 0 0  0 0.00436335 2
1388055305.795905714 18.772 1.41389 0 -6.046 0 0  0 0.00122102 2
1388055305.895893147 18.772 1.41389 0 -6.04 0 0  0 0.00104742 2
1388055305.995846020 18.772 1.41389 0 -6.038 0 0  0 0.000349205 2
1388055306.095849056 18.772 1.41389 0 -6.038 0 0  0 0 2
1388055306.395847997 18.772 1.41389 0 -6.034 0 0  0 0.000232695 2
1388055306.495863576 18.772 1.41389 0 -6.021 0 0  0 0.00226866 2
1388055306.595848009 18.772 1.41389 0 -6.008 0 0  0 0.0022692 2
1388055306.695848948 18.772 1.41389 0 -5.995 0 0  0 0.00226899 2
1388055306.795849976 18.772 1.41389 0 -5.993 0 0  0 0.000349037 2
1388055307.088026167 18.772 1.41389 0 -5.99 0 0  0 0.000179165 2
1388055307.455970113 18.772 1.41389 0 -5.972 0 0  0 0.000853852 2
1388055307.555953448 18.772 1.41389 0 -5.971 0 0  0 0.000174466 2
1388055307.655959540 18.772 1.41389 0 -5.97 0 0  0 0.000174593 2
1388055307.855937210 18.772 1.41389 0 -5.966 0 0  0 0.00034908 2
1388055307.955967508 18.772 1.41389 0 -5.956 0 0  0 0.00174484 2
1388055308.055966937 18.772 1.41389 0 -5.949 0 0  0 0.00122173 2
1388055308.155965378 18.772 1.41389 0 -5.934 0 0  0 0.00261809 2
1388055308.255958961 18.772 1.41389 0 -5.926 0 0  0 0.00139625 2
1388055308.355962583 18.772 1.41389 0 -5.922 0 0  0 0.000698222 2
1388055308.555957670 18.772 1.41389 0 -5.906 0 0  0 0.00139628 2
1388055308.655955951 18.772 1.41389 0 -5.899 0 0  0 0.00122175 2
1388055308.755960289 18.772 1.41389 0 -5.886 0 0  0 0.00226875 2
1388055308.855961084 18.772 1.41389 0 -5.869 0 0  0 0.00296707 2
1388055308.955960820 18.772 1.41389 0 -5.869 0 0  0 0 2
1388055309.055957219 18.772 1.41389 0 -5.856 0 0  0 0.00226909 2
1388055309.155955405 18.772 1.41389 0 -5.855 0 0  0 0.00017444 2
1388055309.255955763 18.772 1.41389 0 -5.828 0 0  0 0.00471245 2
1388055309.355956032 18.772 1.41389 0 -5.816 0 0  0 0.0020944 2
1388055309.455965045 18.772 1.41389 0 -5.794 0 0  0 0.00383927 2
1388055309.555964562 18.772 1.41389 0 -5.782 0 0  0 0.00209442 2
1388055309.655963748 18.772 1.41389 0 -5.768 0 0  0 0.00244347 2
1388055309.755965781 18.772 1.41389 0 -5.767 0 0  0 0.0001746 2
1388055309.855977968 18.772 1.41389 0 -5.748 0 0  0 0.00331573 2
1388055309.955964557 18.772 1.41389 0 -5.746 0 0  0 0.000349087 2
1388055310.055957663 18.772 1.41389 0 -5.737 0 0  0 0.00157087 2
1388055310.155963931 18.772 1.41389 0 -5.726 0 0  0 0.00191969 2
1388055310.255965107 18.772 1.41389 0 -5.725 0 0  0 0.000174601 2
1388055310.355967560 18.772 1.41389 0 -5.713 0 0  0 0.00209436 2
1388055310.455965385 18.772 1.41389 0 -5.703 0 0  0 0.00174541 2
1388055310.555964417 18.772 1.41389 0 -5.702 0 0  0 0.000174439 2
1388055310.655963291 18.772 1.41389 0 -5.69 0 0  0 0.00209443 2
1388055310.755966078 18.772 1.41389 0 -5.681 0 0  0 0.00157072 2
1388055310.855963317 18.772 1.41389 0 -5.671 0 0  0 0.00174542 2
1388055310.955964385 18.772 1.41389 0 -5.666 0 0  0 0.000872675 2
1388055311.055956462 18.772 1.41389 0 -5.657 0 0  0 0.00157089 2
1388055311.155961431 18.772 1.41389 0 -5.648 0 0  0 0.00157069 2
1388055311.255955440 18.772 1.41389 0 -5.642 0 0  0 0.00104735 2
1388055311.355964229 18.772 1.41389 0 -5.632 0 0  0 0.00174522 2
1388055311.455964087 18.772 1.41389 0 -5.631 0 0  0 0.000174437 2
1388055311.555963975 18.772 1.41389 0 -5.631 0 0  0 0 2
1388055311.655963290 18.772 1.41389 0 -5.628 0 0  0 0.000523648 2
1388055311.755963328 18.772 1.41389 0 -5.622 0 0  0 0.00104712 2
1388055311.855960514 18.772 1.41389 0 -5.616 0 0  0 0.00104732 2
1388055311.955955144 18.772 1.41389 0 -5.606 0 0  0 0.00174546 2
1388055312.055955159 18.772 1.41389 0 -5.605 0 0  0 0.000174437 2
1388055312.155974694 18.772 1.41389 0 -5.582 0 0  0 0.00401343 2
1388055312.488283973 18.772 1.41389 0 -5.55 0 0  0 0.00168071 2
1388055312.606293282 18.772 1.41389 0 -5.549 0 0  0 0.000147816 2
1388055312.706302736 18.772 1.41389 0 -5.549 0 0  0 0 2
1388055312.806302629 18.772 1.41389 0 -9.141 0 0  0 -0.626923 2
1388055312.906302954 18.772 1.41389 0 -17.635 0 0  0 -1.48248 2
1388055313.006303114 18.772 1.41389 0 -58.172 0 0  0 -7.07503 2
1388055313.106304251 18.772 1.41389 0 -128.021 0 0  0 -12.1908 2
1388055313.206300158 18.772 1.41389 0 -133.61 0 0  0 -0.975505 2
1388055313.306301580 18.772 1.41389 0 -133.717 0 0  0 -0.0186738 2
1388055313.406302681 18.772 1.41389 0 -133.879 0 0  0 -0.0282745 2
1388055313.506297031 18.772 1.41389 0 -133.964 0 0  0 -0.014836 2
1388055313.606294286 18.772 1.41389 0 -118.827 0 0  0 2.64198 2
1388055313.706302272 18.772 1.41389 0 -113.033 0 0  0 1.01116 2
1388055313.806357570 18.772 1.41389 0 -120.599 0 0  0 -1.31979 2
1388055313.906339740 18.772 1.41389 0 -126.557 0 0  0 -1.04005 2
1388055314.006502290 18.772 1.41389 0 -129.952 0 0  0 -0.591577 2
1388055314.106367363 18.772 1.41389 0 -131.62 0 0  0 -0.291514 2
1388055314.206321134 18.772 1.41389 0 -133.025 0 0  0 -0.245332 2
1388055314.306343828 18.772 1.41389 0 -135.82 0 0  0 -0.48771 2
1388055314.406322403 18.772 1.41389 0 -136.212 0 0  0 -0.0684313 2
1388055314.506334198 18.772 1.41389 0 -135.268 0 0  0 0.16474 2
1388055314.606359537 18.772 1.41389 0 -134.935 0 0  0 0.0581048 2
1388055314.706314292 18.772 1.41389 0 -133.558 0 0  0 0.24044 2
1388055314.806315722 18.772 1.41389 0 -126.77 0 0  0 1.18471 2
1388055314.906371844 18.772 1.41389 0 -121.973 0 0  0 0.836764 2
1388055315.006360513 18.772 1.41389 0 -118.564 0 0  0 0.595051 2
1388055315.106364418 18.772 1.41389 0 -118.326 0 0  0 0.041537 2
1388055315.206373324 18.772 1.41389 0 -122.51 0 0  0 -0.73018 2
1388055315.306330755 18.772 1.41389 0 -127.98 0 0  0 -0.955102 2
1388055315.406304255 18.772 1.41389 0 -130.902 0 0  0 -0.510121 2
1388055315.506346133 18.772 1.41389 0 -131.801 0 0  0 -0.156838 2
1388055315.606364912 18.772 1.41389 0 -130.012 0 0  0 0.31218 2
1388055315.706365217 18.772 1.41389 0 -124.354 0 0  0 0.987505 2
1388055315.806365957 18.772 1.41389 0 -117.195 0 0  0 1.24947 2
1388055315.906353154 18.772 1.41389 0 -108.921 0 0  0 1.44427 2
1388055316.006303199 18.772 1.41389 0 -104.481 0 0  0 0.775314 2
1388055316.106372257 18.772 1.41389 0 -104.058 0 0  0 0.0737759 2
1388055316.206323557 18.772 1.41389 0 -107.426 0 0  0 -0.588113 2
1388055316.306306952 18.772 1.41389 0 -110.908 0 0  0 -0.607825 2
1388055316.406356406 18.772 1.41389 0 -113.738 0 0  0 -0.493684 2
1388055316.506296372 18.772 1.41389 0 -114.091 0 0  0 -0.0616466 2
1388055316.606344329 18.772 1.41389 0 -113.442 0 0  0 0.113218 2
1388055316.706302771 18.772 1.41389 0 -109.175 0 0  0 0.745041 2
1388055316.806366850 18.772 1.41389 0 -102.882 0 0  0 1.09763 2
1388055316.906324450 18.772 1.41389 0 -98.345 0 0  0 0.792191 2
1388055317.006317031 18.772 1.41389 0 -95.023 0 0  0 0.579842 2
1388055317.106357332 18.772 1.41389 0 -95.245 0 0  0 -0.0387307 2
1388055317.206320645 18.772 1.41389 0 -98.3 0 0  0 -0.533394 2
1388055317.306387702 18.772 1.41389 0 -105.124 0 0  0 -1.19022 2
1388055317.406583646 18.772 1.41389 0 -110.033 0 0  0 -0.855106 2
1388055317.506368258 18.772 1.41389 0 -111.102 0 0  0 -0.186978 2
1388055317.797099520 18.772 1.41389 0 -101.944 0 0  0 0.549776 2
1388055317.806688694 18.772 1.41389 0 -101.434 0 0  0 0.928257 2
1388055317.906354317 18.772 1.41389 0 -97.131 0 0  0 0.753535 2
1388055318.006298598 18.772 1.41389 0 -93.531 0 0  0 0.628669 2
1388055318.106301609 18.772 1.41389 0 -93.679 0 0  0 -0.0258306 2
1388055318.206307595 18.772 1.41389 0 -97.355 0 0  0 -0.641544 2
1388055318.306302986 18.772 1.41389 0 -103.039 0 0  0 -0.992091 2
1388055318.406301754 18.772 1.41389 0 -106.467 0 0  0 -0.598306 2
1388055318.506381519 18.772 1.41389 0 -106.97 0 0  0 -0.0877211 2
1388055318.606353564 18.772 1.41389 0 -106.262 0 0  0 0.123604 2
1388055318.706304551 18.772 1.41389 0 -100.861 0 0  0 0.943115 2
1388055318.806303515 18.772 1.41389 0 -94.437 0 0  0 1.12121 2
1388055318.906307453 18.772 1.41389 0 -91.09 0 0  0 0.584139 2
1388055319.006308632 18.772 1.41389 0 -89.48 0 0  0 0.280995 2
1388055319.106313329 18.772 1.41389 0 -89.23 0 0  0 0.0436312 2
1388055319.206365333 18.772 1.41389 0 -94.443 0 0  0 -0.909368 2
1388055319.306301436 18.772 1.41389 0 -101.115 0 0  0 -1.16523 2
1388055319.406324400 18.772 1.41389 0 -105.553 0 0  0 -0.774399 2
1388055319.506309612 18.772 1.41389 0 -105.766 0 0  0 -0.0371819 2
1388055319.606309274 18.772 1.41389 0 -104.65 0 0  0 0.19478 2
1388055319.706307124 18.772 1.41389 0 -99.618 0 0  0 0.878268 2
1388055319.806306911 18.772 1.41389 0 -94.677 0 0  0 0.862369 2
1388055319.906304908 18.772 1.41389 0 -90.336 0 0  0 0.757662 2
1388055320.006304903 18.772 1.41389 0 -88.82 0 0  0 0.264592 2
1388055320.106303526 18.772 1.41389 0 -88.691 0 0  0 0.022516 2
1388055320.206308893 18.772 1.41389 0 -94.892 0 0  0 -1.08222 2
1388055320.306397997 18.772 1.41389 0 -99.983 0 0  0 -0.887755 2
1388055320.406361888 18.772 1.41389 0 -102.507 0 0  0 -0.440681 2
1388055320.506339047 18.772 1.41389 0 -102.5 0 0  0 0.00122134 2
1388055320.606358844 18.772 1.41389 0 -100.916 0 0  0 0.276405 2
1388055320.706304977 18.772 1.41389 0 -96.353 0 0  0 0.796824 2
1388055320.806337130 18.772 1.41389 0 -90.248 0 0  0 1.06518 2
1388055320.906379287 18.772 1.41389 0 -86.683 0 0  0 0.621948 2
1388055321.006358523 18.772 1.41389 0 -83.271 0 0  0 0.59563 2
1388055321.106360216 18.772 1.41389 0 -87.042 0 0  0 -0.658153 2
1388055321.206309026 18.772 1.41389 0 -95 0 0  0 -1.38964 2
1388055321.306372335 18.772 1.41389 0 -102.206 0 0  0 -1.25689 2
1388055321.406375990 18.772 1.41389 0 -107.428 0 0  0 -0.911376 2
1388055321.506360201 18.772 1.41389 0 -108.611 0 0  0 -0.206506 2
1388055321.606367989 18.772 1.41389 0 -108.357 0 0  0 0.0443289 2
1388055321.706364508 18.772 1.41389 0 -104.372 0 0  0 0.695538 2
1388055321.806364955 18.772 1.41389 0 -100.131 0 0  0 0.74019 2
1388055321.906294104 18.772 1.41389 0 -98.116 0 0  0 0.351933 2
1388055322.006300194 18.772 1.41389 0 -97.088 0 0  0 0.179409 2
1388055322.106383484 18.772 1.41389 0 -100.251 0 0  0 -0.551589 2
1388055322.206301641 18.772 1.41389 0 -103.653 0 0  0 -0.594247 2
1388055322.306320637 18.772 1.41389 0 -106.695 0 0  0 -0.530828 2
1388055322.406369358 18.772 1.41389 0 -109.023 0 0  0 -0.406114 2
1388055322.506366485 18.772 1.41389 0 -110.748 0 0  0 -0.301079 2
1388055322.606360721 18.772 1.41389 0 -110.371 0 0  0 0.0658038 2
1388055322.706319826 18.772 1.41389 0 -107.456 0 0  0 0.50897 2
1388055322.806396551 18.772 1.41389 0 -105.133 0 0  0 0.40513 2
1388055322.906461018 18.772 1.41389 0 -103.753 0 0  0 0.2407 2
1388055323.124251578 18.772 1.41389 0 -104.646 0 0  0 -0.071563 2
1388055323.224155225 18.772 1.41389 0 -107.937 0 0  0 -0.574942 2
1388055323.324140374 18.772 1.41389 0 -110.9 0 0  0 -0.517217 2
1388055323.424135115 18.772 1.41389 0 -111.964 0 0  0 -0.185713 2
1388055323.524142529 18.772 1.41389 0 -112.056 0 0  0 -0.0160563 2
1388055323.624136294 18.772 1.41389 0 -110.432 0 0  0 0.283459 2
1388055323.724139282 18.772 1.41389 0 -108.909 0 0  0 0.265806 2
1388055323.824143466 18.772 1.41389 0 -106.548 0 0  0 0.412055 2
1388055323.924137069 18.772 1.41389 0 -104.615 0 0  0 0.337393 2
1388055324.024169864 18.772 1.41389 0 -104.954 0 0  0 -0.0591467 2
1388055324.124202833 18.772 1.41389 0 -106.876 0 0  0 -0.335343 2
1388055324.224150490 18.772 1.41389 0 -110.462 0 0  0 -0.626203 2
1388055324.324223047 18.772 1.41389 0 -114.635 0 0  0 -0.727797 2
1388055324.424201191 18.772 1.41389 0 -115.744 0 0  0 -0.1936 2
1388055324.524179465 18.772 1.41389 0 -114.31 0 0  0 0.250334 2
1388055324.624209194 18.772 1.41389 0 -108.715 0 0  0 0.976222 2
1388055324.724210164 18.772 1.41389 0 -101.529 0 0  0 1.25418 2
1388055324.824177261 18.772 1.41389 0 -94.613 0 0  0 1.20747 2
1388055324.924141933 18.772 1.41389 0 -91.469 0 0  0 0.548926 2
1388055325.024199475 18.772 1.41389 0 -92.212 0 0  0 -0.129604 2
1388055325.124143792 18.772 1.41389 0 -95.578 0 0  0 -0.587805 2
1388055325.224167573 18.772 1.41389 0 -99.974 0 0  0 -0.767065 2
1388055325.324207625 18.772 1.41389 0 -101.814 0 0  0 -0.321011 2
1388055325.424205880 18.772 1.41389 0 -101.463 0 0  0 0.0612618 2
1388055325.524229605 18.772 1.41389 0 -102.717 0 0  0 -0.218812 2
1388055325.624198434 18.772 1.41389 0 -101.038 0 0  0 0.293132 2
1388055325.724203117 18.772 1.41389 0 -90.721 0 0  0 1.80057 2
1388055325.824205924 18.772 1.41389 0 -80.653 0 0  0 1.75715 2
1388055325.924143546 18.772 1.41389 0 -72.529 0 0  0 1.41879 2
1388055326.024224546 18.772 1.41389 0 -66.966 0 0  0 0.970141 2
1388055326.124206715 18.772 1.41389 0 -65.42 0 0  0 0.269876 2
1388055326.224201104 18.772 1.41389 0 -65.013 0 0  0 0.0710391 2
1388055326.324167881 18.772 1.41389 0 -66.031 0 0  0 -0.177734 2
1388055326.424213604 18.772 1.41389 0 -67.877 0 0  0 -0.322041 2
1388055326.524150005 18.772 1.41389 0 -68.146 0 0  0 -0.0469787 2
1388055326.624176491 18.772 1.41389 0 -65.449 0 0  0 0.47059 2
1388055326.724182809 18.772 1.41389 0 -60.915 0 0  0 0.791282 2
1388055326.824180120 18.772 1.41389 0 -56.911 0 0  0 0.698848 2
1388055326.924173735 18.772 1.41389 0 -56.372 0 0  0 0.0940795 2
1388055327.024167609 18.772 1.41389 0 -57.606 0 0  0 -0.215387 2
1388055327.124179917 18.772 1.41389 0 -60.579 0 0  0 -0.518822 2
1388055327.224189424 18.772 1.41389 0 -63.377 0 0  0 -0.488297 2
1388055327.324179966 18.772 1.41389 0 -66.695 0 0  0 -0.579154 2
1388055327.424214985 18.772 1.41389 0 -71.901 0 0  0 -0.908301 2
1388055327.524143256 18.772 1.41389 0 -77.627 0 0  0 -1.00009 2
1388055327.624148580 18.772 1.41389 0 -80.934 0 0  0 -0.57715 2
1388055327.724207658 18.772 1.41389 0 -82.131 0 0  0 -0.208792 2
1388055327.824171014 18.772 1.41389 0 -82.828 0 0  0 -0.121694 2
1388055327.924149697 18.772 1.41389 0 -83.059 0 0  0 -0.0403262 2
1388055328.024212016 18.772 1.41389 0 -83.572 0 0  0 -0.0894797 2
1388055328.124202326 18.772 1.41389 0 -83.369 0 0  0 0.0354341 2
1388055328.456446921 18.772 1.41389 0 -86.748 0 0  0 -0.177504 2
1388055328.474732736 18.772 1.41389 0 -87.452 0 0  0 -0.671943 2
1388055328.574753224 18.772 1.41389 0 -89.818 0 0  0 -0.412861 2
1388055328.674728961 18.772 1.41389 0 -90.685 0 0  0 -0.151356 2
1388055328.774727293 18.772 1.41389 0 -89.7 0 0  0 0.171918 2
1388055328.874729100 18.772 1.41389 0 -88.494 0 0  0 0.210483 2
1388055328.974730444 18.772 1.41389 0 -87.657 0 0  0 0.146082 2
1388055329.074736076 18.772 1.41389 0 -88.294 0 0  0 -0.111171 2
1388055329.174725391 18.772 1.41389 0 -88.203 0 0  0 0.0158848 2
1388055329.274736943 18.772 1.41389 0 -88.231 0 0  0 -0.00488634 2
1388055329.374733575 18.772 1.41389 0 -88.215 0 0  0 0.00279242 2
1388055329.474768938 18.772 1.41389 0 -88.161 0 0  0 0.0094216 2
1388055329.574723587 18.772 1.41389 0 -88.168 0 0  0 -0.00122295 2
1388055329.674726190 18.772 1.41389 0 -88.155 0 0  0 0.00226895 2
1388055329.774765589 18.772 1.41389 0 -88.168 0 0  0 -0.00226812 2
1388055329.874724970 18.772 1.41389 0 -88.184 0 0  0 -0.00279346 2
1388055329.974738191 18.772 1.41389 0 -88.259 0 0  0 -0.0130877 2
1388055330.074737037 18.772 1.41389 0 -88.282 0 0  0 -0.00401476 2
1388055330.174736281 18.772 1.41389 0 -88.253 0 0  0 0.00506138 2
1388055330.274742405 18.772 1.41389 0 -88.274 0 0  0 -0.00366429 2
1388055330.374738949 18.772 1.41389 0 -88.223 0 0  0 0.00890059 2
1388055330.474750799 18.772 1.41389 0 -88.216 0 0  0 0.00122225 2
1388055330.574726257 18.772 1.41389 0 -88.211 0 0  0 0.000872399 2
1388055330.674730316 18.772 1.41389 0 -88.21 0 0  0 0.00017443 2
1388055330.774732327 18.772 1.41389 0 -88.196 0 0  0 0.0024434 2
1388055330.874748849 18.772 1.41389 0 -88.187 0 0  0 0.00157101 2
1388055330.974737390 18.772 1.41389 0 -88.183 0 0  0 0.000697828 2
1388055331.074727329 18.772 1.41389 0 -88.183 0 0  0 0 2
1388055331.174734084 18.772 1.41389 0 -88.181 0 0  0 0.000348851 2
1388055331.274732792 18.772 1.41389 0 -88.172 0 0  0 0.00157129 2
1388055331.374722884 18.772 1.41389 0 -88.17 0 0  0 0.000348909 2
1388055331.474737961 18.772 1.41389 0 -88.161 0 0  0 0.00157103 2
1388055331.574729545 18.772 1.41389 0 -88.155 0 0  0 0.00104671 2
1388055331.674732330 18.772 1.41389 0 -88.15 0 0  0 0.000873493 2
1388055331.774736724 18.772 1.41389 0 -88.145 0 0  0 0.000872147 2
1388055331.874734573 18.772 1.41389 0 -88.14 0 0  0 0.000872204 2
1388055331.974740001 18.772 1.41389 0 -88.132 0 0  0 0.00139675 2
1388055332.074733367 18.772 1.41389 0 -88.127 0 0  0 0.000872243 2
1388055332.174730872 18.772 1.41389 0 -88.125 0 0  0 0.000348883 2
1388055332.274733305 18.772 1.41389 0 -88.12 0 0  0 0.000873496 2
1388055332.374723894 18.772 1.41389 0 -88.119 0 0  0 0.000174453 2
1388055332.474727423 18.772 1.41389 0 -88.119 0 0  0 0 2
1388055332.574793672 18.772 1.41389 0 -88.108 0 0  0 0.00191887 2
1388055332.674759292 18.772 1.41389 0 -88.102 0 0  0 0.00104698 2
1388055332.774797573 18.772 1.41389 0 -88.099 0 0  0 0.000523111 2
1388055332.874730109 18.772 1.41389 0 -88.094 0 0  0 0.000874107 2
1388055332.974798047 18.772 1.41389 0 -88.087 0 0  0 0.00122023 2
1388055333.074744361 18.772 1.41389 0 -88.081 0 0  0 0.00104718 2
1388055333.174794080 18.772 1.41389 0 -88.074 0 0  0 0.00122178 2
1388055333.274743861 18.772 1.41389 0 -88.071 0 0  0 0.000523574 2
1388055333.374788115 18.772 1.41389 0 -88.065 0 0  0 0.00104749 2
1388055333.474727653 18.772 1.41389 0 -88.064 0 0  0 0.000174543 2
1388055333.574740228 18.772 1.41389 0 -88.052 0 0  0 0.00209431 2
1388055333.674856651 18.772 1.41389 0 -88.043 0 0  0 0.00156811 2
1388055333.774905533 18.772 1.41389 0 -88.034 0 0  0 0.0015705 2
1388055333.874820815 18.772 1.41389 0 -88.028 0 0  0 0.00104751 2
1388055333.974759164 18.772 1.41389 0 -88.023 0 0  0 0.000874056 2
1388055334.074784214 18.772 1.41389 0 -88.016 0 0  0 0.00122075 2
1388055334.174751119 18.772 1.41389 0 -88.01 0 0  0 0.0010483 2
1388055334.274794397 18.772 1.41389 0 -88.006 0 0  0 0.000697446 2
1388055334.374791174 18.772 1.41389 0 -88.002 0 0  0 0.000697771 2
1388055334.474736198 18.772 1.41389 0 -88 0 0  0 0.000349066 2
1388055334.574835720 18.772 1.41389 0 -87.995 0 0  0 0.000872648 2
1388055334.674799312 18.772 1.41389 0 -87.994 0 0  0 0.000174501 2
1388055334.774798617 18.772 1.41389 0 -87.984 0 0  0 0.00174438 2
1388055334.874737890 18.772 1.41389 0 -87.976 0 0  0 0.00139768 2
1388055334.974791238 18.772 1.41389 0 -87.972 0 0  0 0.000697376 2
1388055335.074779281 18.772 1.41389 0 -87.966 0 0  0 0.00104808 2
1388055335.174736649 18.772 1.41389 0 -87.962 0 0  0 0.000698046 2
1388055335.274800730 18.772 1.41389 0 -87.956 0 0  0 0.00104595 2
1388055335.374732095 18.772 1.41389 0 -87.953 0 0  0 0.000525003 2
1388055335.474802548 18.772 1.41389 0 -87.948 0 0  0 0.000871571 2
1388055335.574797613 18.772 1.41389 0 -87.942 0 0  0 0.00104801 2
1388055335.674747750 18.772 1.41389 0 -87.937 0 0  0 0.00087262 2
1388055335.774797785 18.772 1.41389 0 -87.931 0 0  0 0.0010461 2
1388055335.874786824 18.772 1.41389 0 -87.925 0 0  0 0.00104807 2
1388055335.974793877 18.772 1.41389 0 -87.917 0 0  0 0.0013954 2
1388055336.074787220 18.772 1.41389 0 -87.914 0 0  0 0.000524678 2
1388055336.174791780 18.772 1.41389 0 -87.909 0 0  0 0.000872145 2
1388055336.274783686 18.772 1.41389 0 -87.904 0 0  0 0.000872256 2
1388055336.374738879 18.772 1.41389 0 -87.898 0 0  0 0.00104842 2
1388055336.474764395 18.772 1.41389 0 -87.895 0 0  0 0.000523178 2
1388055336.574753339 18.772 1.41389 0 -87.893 0 0  0 0.000348913 2
1388055336.674792551 18.772 1.41389 0 -87.89 0 0  0 0.000523106 2
1388055336.774731479 18.772 1.41389 0 -87.879 0 0  0 0.00192131 2
1388055336.874768844 18.772 1.41389 0 -87.874 0 0  0 0.000871859 2
1388055336.974799140 18.772 1.41389 0 -87.868 0 0  0 0.00104764 2
1388055337.074736745 18.772 1.41389 0 -87.863 0 0  0 0.00087273 2
1388055337.174746928 18.772 1.41389 0 -87.861 0 0  0 0.000348839 2
1388055337.274803106 18.772 1.41389 0 -87.854 0 0  0 0.0012217 2
1388055337.374798180 18.772 1.41389 0 -87.848 0 0  0 0.00104667 2
1388055337.474793138 18.772 1.41389 0 -87.843 0 0  0 0.000873561 2
1388055337.574788572 18.772 1.41389 0 -87.837 0 0  0 0.00104667 2
1388055337.674724152 18.772 1.41389 0 -87.831 0 0  0 0.0010473 2
1388055337.774737524 18.772 1.41389 0 -87.826 0 0  0 0.0008734 2
1388055337.874791110 18.772 1.41389 0 -87.818 0 0  0 0.00139475 2
1388055337.974785542 18.772 1.41389 0 -87.81 0 0  0 0.00139691 2
1388055338.074736772 18.772 1.41389 0 -87.805 0 0  0 0.000872611 2
1388055338.174739520 18.772 1.41389 0 -87.801 0 0  0 0.000699061 2
1388055338.274729337 18.772 1.41389 0 -87.798 0 0  0 0.000523364 2
1388055338.374796969 18.772 1.41389 0 -87.795 0 0  0 0.000522957 2
1388055338.474794854 18.772 1.41389 0 -87.79 0 0  0 0.000872204 2
1388055338.574727279 18.772 1.41389 0 -87.788 0 0  0 0.000350442 2
1388055338.674798567 18.772 1.41389 0 -87.784 0 0  0 0.000697251 2
1388055338.774778486 18.772 1.41389 0 -87.783 0 0  0 0.000174472 2
1388055339.140737569 18.772 1.41389 0 -87.735 0 0  0 0.00228905 2
1388055339.149599577 18.772 1.41389 0 -87.734 0 0  0 0.00196837 2
1388055339.249618512 18.772 1.41389 0 -87.722 0 0  0 0.00209418 2
1388055339.349639201 18.772 1.41389 0 -87.711 0 0  0 0.00191974 2
1388055339.449579648 18.772 1.41389 0 -87.697 0 0  0 0.00244491 2
1388055339.549629515 18.772 1.41389 0 -87.687 0 0  0 0.00174483 2
1388055339.649578964 18.772 1.41389 0 -87.679 0 0  0 0.0013962 2
1388055339.749643087 18.772 1.41389 0 -87.667 0 0  0 0.00209323 2
1388055339.849630346 18.772 1.41389 0 -87.658 0 0  0 0.00157147 2
1388055339.949581789 18.772 1.41389 0 -87.643 0 0  0 0.00261916 2
1388055340.049592538 18.772 1.41389 0 -87.633 0 0  0 0.00174551 2
1388055340.149644462 18.772 1.41389 0 -87.626 0 0  0 0.00122043 2
1388055340.249628323 18.772 1.41389 0 -87.615 0 0  0 0.00192045 2
1388055340.349608214 18.772 1.41389 0 -87.604 0 0  0 0.00192053 2
1388055340.449565788 18.772 1.41389 0 -87.59 0 0  0 0.00244449 2
1388055340.549663809 18.772 1.41389 0 -87.58 0 0  0 0.00174399 2
1388055340.649641911 18.772 1.41389 0 -87.573 0 0  0 0.00122133 2
1388055340.749630929 18.772 1.41389 0 -87.562 0 0  0 0.00192035 2
1388055340.849635611 18.772 1.41389 0 -87.556 0 0  0 0.00104657 2
1388055340.949625191 18.772 1.41389 0 -87.536 0 0  0 0.00349177 2
1388055341.049631993 18.772 1.41389 0 -87.526 0 0  0 0.00174425 2
1388055341.149577504 18.772 1.41389 0 -87.516 0 0  0 0.00174665 2
1388055341.249591248 18.772 1.41389 0 -87.505 0 0  0 0.00191988 2
1388055341.349635692 18.772 1.41389 0 -87.496 0 0  0 0.00157057 2
1388055341.449646724 18.772 1.41389 0 -87.484 0 0  0 0.00209301 2
1388055341.549573597 18.772 1.41389 0 -87.476 0 0  0 0.00139785 2
1388055341.649633700 18.772 1.41389 0 -87.466 0 0  0 0.00174465 2
1388055341.749597133 18.772 1.41389 0 -87.458 0 0  0 0.00139601 2
1388055341.849613042 18.772 1.41389 0 -87.443 0 0  0 0.00261747 2
1388055341.949642242 18.772 1.41389 0 -87.432 0 0  0 0.00191958 2
1388055342.049643464 18.772 1.41389 0 -87.423 0 0  0 0.00157125 2
1388055342.149635703 18.772 1.41389 0 -87.41 0 0  0 0.00226919 2
1388055342.249600411 18.772 1.41389 0 -87.399 0 0  0 0.00192082 2
1388055342.349646971 18.772 1.41389 0 -87.387 0 0  0 0.00209227 2
1388055342.449629488 18.772 1.41389 0 -87.375 0 0  0 0.00209494 2
1388055342.549614455 18.772 1.41389 0 -87.366 0 0  0 0.0015715 2
1388055342.649602407 18.772 1.41389 0 -87.353 0 0  0 0.00226929 2
1388055342.749630888 18.772 1.41389 0 -87.339 0 0  0 0.00244275 2
1388055342.849635411 18.772 1.41389 0 -87.33 0 0  0 0.00157119 2
1388055342.949624667 18.772 1.41389 0 -87.32 0 0  0 0.00174456 2
1388055343.049584273 18.772 1.41389 0 -87.308 0 0  0 0.00209542 2
1388055343.149643752 18.772 1.41389 0 -87.297 0 0  0 0.001919 2
1388055343.249640675 18.772 1.41389 0 -87.287 0 0  0 0.00174576 2
1388055343.349639117 18.772 1.41389 0 -87.276 0 0  0 0.00191884 2
1388055343.449593115 18.772 1.41389 0 -87.266 0 0  0 0.00174651 2
1388055343.549586473 18.772 1.41389 0 -87.254 0 0  0 0.00209472 2
1388055343.649626923 18.772 1.41389 0 -87.246 0 0  0 0.00139626 2
1388055343.749632435 18.772 1.41389 0 -87.233 0 0  0 0.00226889 2
1388055343.849628655 18.772 1.41389 0 -87.219 0 0  0 0.00244354 2
1388055343.949616283 18.772 1.41389 0 -87.21 0 0  0 0.00157013 2
1388055344.049630316 18.772 1.41389 0 -87.198 0 0  0 0.00209428 2
1388055344.149641889 18.772 1.41389 0 -87.181 0 0  0 0.00296642 2
1388055344.541003365 18.772 1.41389 0 -87.136 0 0  0 0.00200709 2
1388055344.549679488 18.772 1.41389 0 -87.134 0 0  0 0.00402108 2
1388055344.649809355 18.772 1.41389 0 -87.122 0 0  0 0.00209186 2
1388055344.749784973 18.772 1.41389 0 -87.113 0 0  0 0.00157032 2
1388055344.849780293 18.772 1.41389 0 -87.104 0 0  0 0.00157134 2
1388055344.949767703 18.772 1.41389 0 -87.096 0 0  0 0.00139567 2
1388055345.049808236 18.772 1.41389 0 -87.09 0 0  0 0.00104753 2
1388055345.149766446 18.772 1.41389 0 -87.078 0 0  0 0.00209545 2
1388055345.249762342 18.772 1.41389 0 -87.075 0 0  0 0.000523333 2
1388055345.349815618 18.772 1.41389 0 -87.047 0 0  0 0.0048843 2
1388055345.449779504 18.772 1.41389 0 -87.038 0 0  0 0.00157183 2
1388055345.549824867 18.772 1.41389 0 -87.027 0 0  0 0.00191794 2
1388055345.649753518 18.772 1.41389 0 -87.017 0 0  0 0.00174695 2
1388055345.749812997 18.772 1.41389 0 -87.006 0 0  0 0.001919 2
1388055345.849808978 18.772 1.41389 0 -86.994 0 0  0 0.00209466 2
1388055345.949792089 18.772 1.41389 0 -86.983 0 0  0 0.00192046 2
1388055346.049783800 18.772 1.41389 0 -86.971 0 0  0 0.00209342 2
1388055346.149803999 18.772 1.41389 0 -86.964 0 0  0 0.00122214 2
1388055346.249805473 18.772 1.41389 0 -86.956 0 0  0 0.00139548 2
1388055346.349801303 18.772 1.41389 0 -86.934 0 0  0 0.00384044 2
1388055346.449819249 18.772 1.41389 0 -86.921 0 0  0 0.00226861 2
1388055346.549817427 18.772 1.41389 0 -86.909 0 0  0 0.00209461 2
1388055346.649805660 18.772 1.41389 0 -86.897 0 0  0 0.00209482 2
1388055346.749792319 18.772 1.41389 0 -86.886 0 0  0 0.0019204 2
1388055346.849761862 18.772 1.41389 0 -86.873 0 0  0 0.00226837 2
1388055346.949769619 18.772 1.41389 0 -86.861 0 0  0 0.00209441 2
1388055347.049779891 18.772 1.41389 0 -86.851 0 0  0 0.00174552 2
1388055347.149824310 18.772 1.41389 0 -86.84 0 0  0 0.00191929 2
1388055347.249787525 18.772 1.41389 0 -86.825 0 0  0 0.00261885 2
1388055347.349820791 18.772 1.41389 0 -86.813 0 0  0 0.00209388 2
1388055347.449818048 18.772 1.41389 0 -86.8 0 0  0 0.00226908 2
1388055347.549754929 18.772 1.41389 0 -86.788 0 0  0 0.0020959 2
1388055347.649835005 18.772 1.41389 0 -86.771 0 0  0 0.00296439 2
1388055347.749779642 18.772 1.41389 0 -86.76 0 0  0 0.0019212 2
1388055347.849806402 18.772 1.41389 0 -86.747 0 0  0 0.00226841 2
1388055347.949795902 18.772 1.41389 0 -86.736 0 0  0 0.00191901 2
1388055348.049805003 18.772 1.41389 0 -86.731 0 0  0 0.000873437 2
1388055348.149802528 18.772 1.41389 0 -86.721 0 0  0 0.00174441 2
1388055348.249787611 18.772 1.41389 0 -86.708 0 0  0 0.00226935 2
1388055348.349822229 18.772 1.41389 0 -86.694 0 0  0 0.0024426 2
1388055348.449786088 18.772 1.41389 0 -86.685 0 0  0 0.00157183 2
1388055348.549820303 18.772 1.41389 0 -86.681 0 0  0 0.00069751 2
1388055348.649766104 18.772 1.41389 0 -86.66 0 0  0 0.00366783 2
1388055348.749756334 18.772 1.41389 0 -86.659 0 0  0 0.000174454 2
1388055348.849769227 18.772 1.41389 0 -86.653 0 0  0 0.00104649 2
1388055348.949791204 18.772 1.41389 0 -86.623 0 0  0 0.00523462 2
1388055349.049819024 18.772 1.41389 0 -86.612 0 0  0 0.00191961 2
1388055349.149824176 18.772 1.41389 0 -86.601 0 0  0 0.00192004 2
1388055349.249766551 18.772 1.41389 0 -86.592 0 0  0 0.00157217 2
1388055349.349810011 18.772 1.41389 0 -86.583 0 0  0 0.00156925 2
1388055349.449801894 18.772 1.41389 0 -86.574 0 0  0 0.00157139 2
1388055349.549804402 18.772 1.41389 0 -86.561 0 0  0 0.00226896 2
1388055349.833229642 18.772 1.41389 0 -86.533 0 0  0 0.00172423 2
1388055349.849962328 18.772 1.41389 0 -86.531 0 0  0 0.00208499 2
1388055349.949992022 18.772 1.41389 0 -86.521 0 0  0 0.00174518 2
1388055350.049788218 18.772 1.41389 0 -86.509 0 0  0 0.00209885 2
1388055350.149756701 18.772 1.41389 0 -86.495 0 0  0 0.00244422 2
1388055350.249790647 18.772 1.41389 0 -86.485 0 0  0 0.00174378 2
1388055350.349782077 18.772 1.41389 0 -86.474 0 0  0 0.0019203 2
1388055350.449815610 18.772 1.41389 0 -86.467 0 0  0 0.00122198 2
1388055350.549763885 18.772 1.41389 0 -86.46 0 0  0 0.00122169 2
1388055350.649772390 18.772 1.41389 0 -86.444 0 0  0 0.00279209 2
1388055350.749762603 18.772 1.41389 0 -86.432 0 0  0 0.00209478 2
1388055350.849753668 18.772 1.41389 0 -86.42 0 0  0 0.00209476 2
1388055350.949750781 18.772 1.41389 0 -86.412 0 0  0 0.00139687 2
1388055351.049808729 18.772 1.41389 0 -86.402 0 0  0 0.00174336 2
1388055351.149759760 18.772 1.41389 0 -86.392 0 0  0 0.00174656 2
1388055351.249797004 18.772 1.41389 0 -86.383 0 0  0 0.00157068 2
1388055351.349740249 18.772 1.41389 0 -86.375 0 0  0 0.00139629 2
1388055351.449775880 18.772 1.41389 0 -86.36 0 0  0 0.00261695 2
1388055351.549760497 18.772 1.41389 0 -86.349 0 0  0 0.00192043 2
1388055351.649818232 18.772 1.41389 0 -86.339 0 0  0 0.00174469 2
1388055351.749780765 18.772 1.41389 0 -86.329 0 0  0 0.00174636 2
1388055351.849825755 18.772 1.41389 0 -86.317 0 0  0 0.00209363 2
1388055351.949816891 18.772 1.41389 0 -86.308 0 0  0 0.00157007 2
1388055352.049785945 18.772 1.41389 0 -86.296 0 0  0 0.00209522 2
1388055352.149820940 18.772 1.41389 0 -86.285 0 0  0 0.00191947 2
1388055352.249791410 18.772 1.41389 0 -86.272 0 0  0 0.00226968 2
1388055352.349800340 18.772 1.41389 0 -86.262 0 0  0 0.00174421 2
1388055352.449808168 18.772 1.41389 0 -86.251 0 0  0 0.00191999 2
1388055352.549815763 18.772 1.41389 0 -86.242 0 0  0 0.00157115 2
1388055352.649757384 18.772 1.41389 0 -86.234 0 0  0 0.00139631 2
1388055352.749752918 18.772 1.41389 0 -86.222 0 0  0 0.00209467 2
1388055352.849815966 18.772 1.41389 0 -86.213 0 0  0 0.00157028 2
1388055352.949753047 18.772 1.41389 0 -86.2 0 0  0 0.00227044 2
1388055353.049822565 18.772 1.41389 0 -86.189 0 0  0 0.00191881 2
1388055353.149812800 18.772 1.41389 0 -86.179 0 0  0 0.00174454 2
1388055353.249742448 18.772 1.41389 0 -86.17 0 0  0 0.00157237 2
1388055353.349796130 18.772 1.41389 0 -86.161 0 0  0 0.00157042 2
1388055353.449814192 18.772 1.41389 0 -86.153 0 0  0 0.00139524 2
1388055353.549785366 18.772 1.41389 0 -86.142 0 0  0 0.00192069 2
1388055353.649786237 18.772 1.41389 0 -86.13 0 0  0 0.00209456 2
1388055353.749820284 18.772 1.41389 0 -86.12 0 0  0 0.00174511 2
1388055353.849815971 18.772 1.41389 0 -86.11 0 0  0 0.00174445 2
1388055353.949814745 18.772 1.41389 0 -86.1 0 0  0 0.00174572 2
1388055354.049772739 18.772 1.41389 0 -86.09 0 0  0 0.00174644 2
1388055354.149795275 18.772 1.41389 0 -86.08 0 0  0 0.00174531 2
1388055354.249793359 18.772 1.41389 0 -86.071 0 0  0 0.00156996 2
1388055354.349783967 18.772 1.41389 0 -86.058 0 0  0 0.00226923 2
1388055354.449784772 18.772 1.41389 0 -86.047 0 0  0 0.00192012 2
1388055354.549795967 18.772 1.41389 0 -86.035 0 0  0 0.00209434 2
1388055354.649783682 18.772 1.41389 0 -86.027 0 0  0 0.00139567 2
1388055354.749796488 18.772 1.41389 0 -86.017 0 0  0 0.00174548 2
1388055354.849801500 18.772 1.41389 0 -86.007 0 0  0 0.00174561 2
1388055355.200277947 18.772 1.41389 0 -85.97 0 0  0 0.0018423 2
1388055355.300471138 18.772 1.41389 0 -85.956 0 0  0 0.00243874 2
1388055355.400496072 18.772 1.41389 0 -85.943 0 0  0 0.00226845 2
1388055355.500461102 18.772 1.41389 0 -85.936 0 0  0 0.00122282 2
1388055355.600449445 18.772 1.41389 0 -85.926 0 0  0 0.00174591 2
1388055355.700455387 18.772 1.41389 0 -85.918 0 0  0 0.00139541 2
1388055355.800463270 18.772 1.41389 0 -85.906 0 0  0 0.00209441 2
1388055355.900460847 18.772 1.41389 0 -85.892 0 0  0 0.00244351 2
1388055356.000465912 18.772 1.41389 0 -85.88 0 0  0 0.00209447 2
1388055356.100458608 18.772 1.41389 0 -85.868 0 0  0 0.00209473 2
1388055356.200537206 18.772 1.41389 0 -85.859 0 0  0 0.0015687 2
1388055356.300469219 18.772 1.41389 0 -85.848 0 0  0 0.00192145 2
1388055356.400454143 18.772 1.41389 0 -85.837 0 0  0 0.00192043 2
1388055356.500463120 18.772 1.41389 0 -85.823 0 0  0 0.00244323 2
1388055356.600511131 18.772 1.41389 0 -85.811 0 0  0 0.00209357 2
1388055356.700471223 18.772 1.41389 0 -85.799 0 0  0 0.00209541 2
1388055356.800515764 18.772 1.41389 0 -85.788 0 0  0 0.00191928 2
1388055356.900464862 18.772 1.41389 0 -85.775 0 0  0 0.00227017 2
1388055357.000690099 18.772 1.41389 0 -85.765 0 0  0 0.00174045 2
1388055357.100538187 18.772 1.41389 0 -85.756 0 0  0 0.00157366 2
1388055357.200656012 18.772 1.41389 0 -85.739 0 0  0 0.00296327 2
1388055357.300636596 18.772 1.41389 0 -85.724 0 0  0 0.0026184 2
1388055357.400478689 18.772 1.41389 0 -85.715 0 0  0 0.00157375 2
1388055357.500494997 18.772 1.41389 0 -85.702 0 0  0 0.00226864 2
1388055357.600611517 18.772 1.41389 0 -85.692 0 0  0 0.00174367 2
1388055357.700627656 18.772 1.41389 0 -85.68 0 0  0 0.00209291 2
1388055357.800608145 18.772 1.41389 0 -85.671 0 0  0 0.00157157 2
1388055357.900650739 18.772 1.41389 0 -85.66 0 0  0 0.00191932 2
1388055358.000669295 18.772 1.41389 0 -85.645 0 0  0 0.0026174 2
1388055358.100605551 18.772 1.41389 0 -85.635 0 0  0 0.00174682 2
1388055358.200585660 18.772 1.41389 0 -85.622 0 0  0 0.00226946 2
1388055358.300703153 18.772 1.41389 0 -85.608 0 0  0 0.00244058 2
1388055358.400476673 18.772 1.41389 0 -85.599 0 0  0 0.0015735 2
1388055358.500745575 18.772 1.41389 0 -85.587 0 0  0 0.00208896 2
1388055358.600760139 18.772 1.41389 0 -85.578 0 0  0 0.00157104 2
1388055358.700603093 18.772 1.41389 0 -85.567 0 0  0 0.00192316 2
1388055358.800663248 18.772 1.41389 0 -85.555 0 0  0 0.00209199 2
1388055358.900689259 18.772 1.41389 0 -85.543 0 0  0 0.00209403 2
1388055359.000816247 18.772 1.41389 0 -85.529 0 0  0 0.00244035 2
1388055359.100666440 18.772 1.41389 0 -85.52 0 0  0 0.00157362 2
1388055359.200645446 18.772 1.41389 0 -85.513 0 0  0 0.00122132 2
1388055359.300657206 18.772 1.41389 0 -85.501 0 0  0 0.00209433 2
1388055359.400661071 18.772 1.41389 0 -85.489 0 0  0 0.0020945 2
1388055359.500635406 18.772 1.41389 0 -85.476 0 0  0 0.0022696 2
1388055359.600623122 18.772 1.41389 0 -85.463 0 0  0 0.00226929 2
1388055359.700490186 18.772 1.41389 0 -85.452 0 0  0 0.0019227 2
1388055359.800465410 18.772 1.41389 0 -85.441 0 0  0 0.00192061 2
1388055359.900717768 18.772 1.41389 0 -85.439 0 0  0 0.000347996 2
