1386127157.398468086 -4.14467e-29 -2.67563e-28 0 -179.055 -1.07107e-29 -6.9144e-29  0 -0.807593 6
1386127157.456045090 -4.16024e-29 -2.6857e-28 0 -179.041 -2.70445e-30 -1.749e-29  0 0.00424148 6
1386127157.524449758 -4.16427e-29 -2.68842e-28 0 -178.653 -5.88516e-31 -3.98419e-30  0 0.0989974 6
1386127157.595457772 -4.1652e-29 -2.68907e-28 0 -178.416 -1.30254e-31 -9.07173e-31  0 0.0582529 6
1386127157.672323422 -4.16541e-29 -2.68923e-28 0 -178.015 -2.82151e-32 -2.0669e-31  0 0.0910522 6
1386127157.736775176 -4.16545e-29 -2.68926e-28 0 -177.657 -6.12982e-33 -4.70898e-32  0 0.0969455 6
1386127157.806834852 -0.000471255 0.000205601 0.24 167.951 -0.00672648 0.00293466  3.42565 86.098 6
1386127157.879044203 -0.00338942 -0.00175989 0.256 168.142 -0.0404126 -0.0272193  0.221578 0.0461641 6
1386127157.942175833 -0.00733786 -0.00392726 0.244 168.279 -0.0625429 -0.034331  -0.190079 0.0378772 6
1386127158.014277247 -0.010159 -0.00587412 0.259 168.415 -0.0391276 -0.0270017  0.20804 0.0329177 6
1386127158.082797375 -0.0121818 -0.0095222 0.275 168.624 -0.0295214 -0.053241  0.233508 0.0532359 6
1386127158.152346910 -0.014091 -0.0176617 0.323 168.786 -0.0274511 -0.117031  0.690156 0.0406542 6
1386127158.222875916 -0.0161118 -0.0294121 0.397 168.954 -0.0286523 -0.166604  1.04921 0.0415735 6
1386127158.293532785 -0.0174421 -0.0387756 0.488 168.954 -0.0188273 -0.132521  1.28791 0 6
1386127158.364156190 -0.0203449 -0.0510592 0.572 168.957 -0.0411028 -0.173931  1.18941 0.000742874 6
1386127158.428841909 -0.0259056 -0.060213 0.635 168.829 -0.0859649 -0.141512  0.97394 -0.0345382 6
1386127158.493444312 -0.0323426 -0.0732207 0.679 168.74 -0.0996393 -0.20135  0.681089 -0.0240418 6
1386127158.558685924 -0.0404962 -0.0883491 0.703 168.687 -0.124976 -0.231884  0.367863 -0.0141809 6
1386127158.623876826 -0.0489064 -0.103428 0.713 168.673 -0.129009 -0.23131  0.153396 -0.0037461 6
1386127158.689182410 -0.0563395 -0.11778 0.718 168.642 -0.11382 -0.219759  0.0765631 -0.00828649 6
1386127158.752741738 -0.0625017 -0.131079 0.705 168.648 -0.0969512 -0.209246  -0.204533 0.00164669 6
1386127158.822027891 -0.0672369 -0.144029 0.69 168.683 -0.0683438 -0.186906  -0.216493 0.00881748 6
1386127158.887414408 -0.0713124 -0.153644 0.679 168.726 -0.0623292 -0.147041  -0.16823 0.0114776 6
1386127158.949789066 -0.0743009 -0.16147 0.662 168.804 -0.0479122 -0.125461  -0.272547 0.0218263 6
1386127159.015352705 -0.0755819 -0.168828 0.655 168.857 -0.0195376 -0.11224  -0.106766 0.0141071 6
1386127159.079455819 -0.0769228 -0.174748 0.643 168.886 -0.0209179 -0.0923403  -0.187198 0.0078977 6
1386127159.146274418 -0.0789881 -0.179309 0.637 168.883 -0.0309085 -0.0682702  -0.0897954 -0.000785175 6
1386127159.210282216 -0.0806589 -0.181245 0.636 168.836 -0.0261032 -0.0302326  -0.0156231 -0.0128149 6
1386127159.276454248 -0.0828411 -0.182892 0.634 168.869 -0.0329783 -0.0248974  -0.0302242 0.00870521 6
1386127159.340796298 -0.0849623 -0.184577 0.637 168.859 -0.0329678 -0.0261933  0.0466258 -0.00271523 6
1386127159.406361288 -0.0868785 -0.186295 0.64 168.854 -0.029226 -0.026196  0.0457561 -0.00132823 6
1386127159.470968685 -0.0884888 -0.187648 0.642 168.837 -0.0249247 -0.0209426  0.0309562 -0.00459198 6
1386127159.536234727 -0.0896685 -0.189033 0.647 168.856 -0.0180747 -0.0212183  0.0766095 0.00508018 6
1386127159.602018834 -0.0907975 -0.190572 0.652 168.834 -0.0171626 -0.023402  0.0760062 -0.0058377 6
1386127159.669026157 -0.0914672 -0.192297 0.656 168.883 -0.00999378 -0.0257428  0.059695 0.0127619 6
1386127159.731847017 -0.0919347 -0.193593 0.661 168.864 -0.00744186 -0.0206228  0.0795914 -0.00527792 6
1386127159.797250938 -0.0922453 -0.194827 0.664 168.845 -0.0047496 -0.0188779  0.0458688 -0.00506948 6
1386127159.862186629 -0.0926039 -0.195593 0.669 168.794 -0.00552178 -0.0117947  0.0769993 -0.0137063 6
1386127159.927255686 -0.0928011 -0.196166 0.673 168.866 -0.00303081 -0.00879957  0.0614732 0.0193099 6
1386127159.992413577 -0.0928383 -0.197018 0.675 168.901 -0.000570278 -0.0130796  0.0306947 0.00937613 6
1386127160.056152861 -0.0929481 -0.198155 0.675 168.921 -0.00172331 -0.017833  0 0.00547763 6
1386127160.122777415 -0.0927604 -0.200046 0.675 168.961 0.00281749 -0.0283839  0 0.0104768 6
1386127160.188387011 -0.0929016 -0.201544 0.677 169.05 -0.00215155 -0.0228367  0.0304833 0.0236767 6
1386127160.255356485 -0.0930174 -0.202723 0.678 169.059 -0.00173039 -0.0175969  0.0149322 0.00234624 6
1386127160.318310417 -0.0927383 -0.203685 0.679 169.056 0.0044347 -0.0152814  0.0158846 -0.000833376 6
1386127160.383527907 -0.0925287 -0.204452 0.679 169.078 0.0032132 -0.0117589  0 0.00588842 6
1386127160.448495609 -0.0922049 -0.204569 0.679 169.114 0.00498482 -0.00180991  0 0.00967003 6
1386127160.513699508 -0.0920245 -0.204498 0.68 169.164 0.00276555 0.00109147  0.0153365 0.0133844 6
1386127160.578762091 -0.0919884 -0.204349 0.681 169.188 0.000554661 0.0022907  0.0153698 0.00643865 6
1386127160.643960288 -0.092389 -0.204261 0.681 169.192 -0.0061433 0.00134616  0 0.0010702 6
1386127160.709644755 -0.0926445 -0.204444 0.684 169.222 -0.00389029 -0.00277853  0.0456729 0.0079711 6
1386127160.779146978 -0.0926354 -0.204539 0.687 169.294 0.000131722 -0.00137797  0.0431641 0.0180821 6
1386127160.839430562 -0.092555 -0.204479 0.686 169.264 0.00133349 0.00100843  -0.0165883 -0.00868524 4
1386127162.533716301 0.144214 0.50264 0.705 -0.438004 0.00896403 0.188269  0.0112142 -1.74815 3
1386127162.599009202 0.144525 0.515304 0.712 -0.588013 0.0047739 0.193964  0.107209 -0.0400986 3
1386127162.729219529 0.144028 0.540963 0.719 1.327 -0.0038209 0.19706  0.0537592 0.256686 3
1386127162.796550947 0.14596 0.551461 0.726 3.21799 0.0286913 0.155903  0.103963 0.490173 3
1386127162.924715444 0.160743 0.563195 0.738 6.31799 0.115351 0.0915572  0.0936297 0.422155 3
1386127162.990082491 0.177258 0.566919 0.745 7.13499 0.252644 0.0569796  0.107088 0.218143 3
1386127163.122741811 0.233631 0.563149 0.761 7.03899 0.424944 -0.028422  0.12061 -0.0126313 3
1386127163.185445637 0.267017 0.558902 0.769 6.15099 0.532449 -0.0677332  0.127584 -0.24717 3
1386127163.315881925 0.358727 0.541097 0.784 4.161 0.703103 -0.136503  0.114999 -0.266275 3
1386127163.446377387 0.469224 0.523902 0.794 2.35699 0.846745 -0.131768  0.076631 -0.241279 3
1386127163.511217335 0.525566 0.516271 0.792 1.59099 0.868939 -0.117687  -0.0308452 -0.20619 3
1386127163.641507069 0.639124 0.503669 0.794 0.663986 0.871584 -0.096724  0.0153504 -0.124179 3
1386127163.706592211 0.694966 0.497649 0.796 0.381989 0.857974 -0.0924903  0.030729 -0.0756208 3
1386127163.837233872 0.816565 0.467813 0.796 0.300995 0.930787 -0.228379  0 -0.0108205 3
1386127163.903275669 0.827644 0.462224 0.795 0.39299 0.16776 -0.0846376  -0.0151419 0.0243122 3
1386127164.034076366 0.902081 0.438763 0.798 0.884995 0.569088 -0.179359  0.0229357 0.0656502 3
1386127164.097564973 0.959347 0.421524 0.799 1.168 0.901976 -0.271536  0.0157509 0.0777992 3
1386127164.228123911 1.09836 0.386129 0.801 1.75899 1.06475 -0.271104  0.0153188 0.0790041 3
1386127164.293047086 1.16774 0.370507 0.799 2.015 1.06868 -0.240627  -0.0308056 0.0688237 3
1386127164.423391973 1.30328 0.347388 0.798 2.967 1.03987 -0.177365  -0.00767195 0.127473 3
1386127164.488588053 1.36851 0.337548 0.796 3.504 1.0005 -0.150932  -0.0306767 0.143758 3
1386127164.618913890 1.46476 0.335186 0.793 4.752 0.738507 -0.0181216  -0.0230192 0.167133 3
1386127164.749254185 1.59741 0.34504 0.789 5.862 1.01776 0.0756025  -0.0306889 0.148635 3
1386127164.818971824 1.66615 0.350385 0.785 6.379 0.98598 0.0766609  -0.0573743 0.129427 3
1386127164.945591352 1.78181 0.363262 0.778 7.351 0.913443 0.101702  -0.0552837 0.133981 3
1386127165.009995360 1.83975 0.369574 0.77 7.825 0.899628 0.0980093  -0.124216 0.128452 3
1386127165.140386156 1.94531 0.38063 0.763 8.67 0.809532 0.0847844  -0.0536848 0.113107 3
1386127165.205540549 1.99708 0.385378 0.762 9.11699 0.794592 0.0728865  -0.0153482 0.119738 3
1386127165.335826173 2.08718 0.387759 0.755 10.022 0.691559 0.0182727  -0.0537281 0.121235 3
1386127165.401120734 2.12916 0.387973 0.754 10.402 0.642995 0.00327125  -0.0153152 0.101576 3
1386127165.531969404 2.20681 0.386181 0.754 11.342 0.593382 -0.0136902  0 0.125383 3
1386127165.596678860 2.2438 0.384949 0.753 11.782 0.571653 -0.019045  -0.0154537 0.118676 3
1386127165.727355341 2.31676 0.387128 0.755 12.639 0.558363 0.016679  0.015305 0.114461 3
1386127165.792143517 2.35256 0.388787 0.757 13.046 0.552578 0.0256015  0.0308698 0.109641 3
1386127165.922417206 2.42347 0.398446 0.755 13.824 0.544257 0.0741438  -0.0153523 0.104232 3
1386127166.052924056 2.4932 0.416017 0.753 14.582 0.534302 0.134637  -0.0153249 0.10137 3
1386127166.117920807 2.52788 0.425819 0.75 14.93 0.533704 0.150805  -0.0461562 0.0934488 3
1386127166.248104303 2.59542 0.450001 0.748 15.478 0.518765 0.185754  -0.0153629 0.0734692 3
1386127166.312378192 2.62854 0.463044 0.75 15.65 0.515265 0.202932  0.0311168 0.046705 3
1386127166.443740489 2.69519 0.490704 0.751 15.876 0.507397 0.210562  0.00761253 0.0300269 3
1386127166.508930710 2.72786 0.503662 0.75 15.92 0.501193 0.198767  -0.0153397 0.0117818 3
1386127166.639176560 2.78923 0.523961 0.747 15.878 0.471131 0.155851  -0.0230334 -0.00562911 3
1386127166.706954252 2.82179 0.533017 0.746 15.836 0.48047 0.133618  -0.0147541 -0.0108133 3
1386127166.834513687 2.88167 0.542649 0.746 15.66 0.469388 0.0755109  0 -0.0240825 3
1386127166.899672699 2.9124 0.546574 0.746 15.558 0.471737 0.060224  0 -0.0273187 3
1386127167.030031938 2.97836 0.552783 0.746 15.421 0.505991 0.0476298  0 -0.0183436 3
1386127167.098991278 3.01236 0.555446 0.745 15.404 0.492931 0.0386269  -0.0145013 -0.00430219 3
1386127167.226371217 3.0774 0.56163 0.741 15.478 0.510653 0.0485431  -0.0314021 0.01014 3
1386127167.356103278 3.14118 0.568604 0.741 15.553 0.491616 0.0537564  0 0.0100896 3
1386127167.423795229 3.17414 0.572428 0.737 15.591 0.486885 0.056494  -0.0590912 0.00979625 3
1386127167.551477514 3.23512 0.58432 0.723 15.595 0.477619 0.0931376  -0.109647 0.000546472 3
1386127167.617336802 3.26582 0.591133 0.714 15.553 0.466063 0.103446  -0.136655 -0.0111283 3
1386127167.747137012 3.32539 0.606899 0.7 15.447 0.458924 0.121468  -0.107858 -0.0142534 3
1386127167.812633936 3.35521 0.615498 0.69 15.348 0.455313 0.131286  -0.152679 -0.0263808 3
1386127167.942786340 3.41593 0.634764 0.674 15.246 0.466567 0.148024  -0.122933 -0.0136788 3
1386127168.007656839 3.44659 0.644679 0.664 15.259 0.472585 0.15285  -0.154153 0.00349776 3
1386127168.140854497 3.50976 0.662004 0.653 15.347 0.474238 0.130065  -0.082584 0.0115306 3
1386127168.203113650 3.54079 0.669473 0.648 15.371 0.498508 0.119971  -0.0803095 0.00672857 3
1386127168.333951045 3.6135 0.683986 0.643 15.403 0.555709 0.110922  -0.0382154 0.00427042 3
1386127168.398828148 3.64873 0.69016 0.643 15.414 0.542952 0.0951764  0 0.00295555 3
1386127168.529188331 3.72058 0.70034 0.647 15.568 0.551218 0.0780901  0.0306842 0.0206192 3
1386127168.659369273 3.78978 0.711117 0.651 15.726 0.53152 0.0827844  0.0307265 0.0211836 3
1386127168.724430462 3.82232 0.71638 0.654 15.789 0.500151 0.0808852  0.0461104 0.0168972 3
1386127168.854937985 3.88125 0.727188 0.662 15.944 0.451558 0.0828161  0.0612991 0.0207286 3
1386127168.920852504 3.90987 0.733393 0.667 16.055 0.434222 0.0941337  0.0758558 0.0293934 3
1386127169.050151562 3.9635 0.747236 0.673 16.184 0.414751 0.107067  0.0464041 0.0174126 3
1386127169.115212521 3.99008 0.754648 0.674 16.244 0.408536 0.113917  0.0153702 0.016095 3
1386127169.245642586 4.04348 0.770005 0.676 16.348 0.4094 0.117743  0.0153339 0.0139171 3
1386127169.310881997 4.06997 0.777267 0.678 16.421 0.406179 0.111307  0.0306563 0.0195289 3
1386127169.441069602 4.12759 0.792051 0.68 16.491 0.442521 0.113562  0.0153624 0.00938537 3
1386127169.506173011 4.1552 0.798992 0.68 16.517 0.424158 0.106617  0 0.00697049 3
1386127169.636613910 4.21647 0.813456 0.681 16.409 0.469729 0.110886  0.00766631 -0.0144509 3
1386127169.701811337 4.24765 0.820299 0.682 16.36 0.478223 0.104949  0.015338 -0.0131203 3
1386127169.832156651 4.31087 0.832835 0.682 16.319 0.485042 0.0961754  0 -0.00548997 3
1386127169.962421291 4.37584 0.845201 0.685 16.29 0.498756 0.094929  0.02303 -0.0038844 3
1386127170.027622115 4.40847 0.85099 0.687 16.282 0.50039 0.0887959  0.0306745 -0.0021403 3
1386127170.157951065 4.47288 0.859605 0.69 16.256 0.494181 0.0661025  0.0230187 -0.00348198 3
1386127170.223309147 4.50528 0.864026 0.691 16.261 0.49576 0.0676379  0.0153003 0.00133243 3
1386127170.353413463 4.57009 0.871023 0.692 16.22 0.49819 0.0537787  0.00768614 -0.00550014 3
1386127170.418651404 4.60319 0.874858 0.693 16.206 0.507295 0.058791  0.0153285 -0.0037434 3
1386127170.550381942 4.67235 0.884475 0.693 16.091 0.525007 0.0730057  0 -0.0152374 3
1386127170.614185376 4.70532 0.890353 0.694 15.962 0.516772 0.0921158  0.0156731 -0.0352871 3
1386127170.744319617 4.7759 0.90662 0.69 15.748 0.54238 0.125001  -0.0307375 -0.0287018 3
1386127170.809663393 4.81036 0.915709 0.688 15.631 0.527384 0.139102  -0.0306074 -0.0312477 3
1386127170.939863253 4.88088 0.941663 0.678 15.522 0.541598 0.199343  -0.076805 -0.0146126 3
1386127171.004961273 4.91522 0.957183 0.673 15.527 0.52748 0.238405  -0.0768073 0.00134185 3
1386127171.135464452 4.9831 0.987462 0.67 15.814 0.520167 0.232016  -0.0229879 0.0383833 3
1386127171.265571367 5.05649 1.01892 0.669 16.092 0.564037 0.241779  -0.00768599 0.0372925 3
1386127171.330928918 5.09197 1.03372 0.668 16.191 0.542959 0.226424  -0.0153005 0.026437 3
1386127171.461123836 5.16542 1.05584 0.666 16.236 0.564117 0.169922  -0.0153616 0.00603223 3
1386127171.526238554 5.20069 1.06603 0.663 16.241 0.541735 0.156547  -0.0460725 0.0013415 3
1386127171.656733118 5.26332 1.0812 0.661 15.535 0.479902 0.116253  -0.0153263 -0.0944268 3
1386127171.721729231 5.29409 1.08819 0.659 15.3 0.473481 0.107502  -0.0307711 -0.0631043 3
1386127171.852357111 5.35212 1.09416 0.65 15.408 0.444255 0.0456636  -0.068898 0.0144302 3
1386127171.917419853 5.38069 1.09619 0.646 15.668 0.439097 0.0312272  -0.0614791 0.0697485 3
1386127172.048484069 5.43507 1.09741 0.636 17.569 0.414889 0.00933675  -0.0762985 0.253147 3
1386127172.113197743 5.4618 1.09884 0.63 18.638 0.413119 0.0220684  -0.0927161 0.28831 3
1386127172.243194591 5.51599 1.10738 0.622 20.3 0.41683 0.0656997  -0.06154 0.223139 3
1386127172.308340725 5.54396 1.11369 0.615 20.968 0.429373 0.0968617  -0.107451 0.178964 3
1386127172.438692242 5.60042 1.13348 0.604 21.65 0.433083 0.151805  -0.0843872 0.0913167 3
1386127172.569011701 5.66363 1.15701 0.6 21.598 0.485064 0.180526  -0.0306938 -0.00696446 3
1386127172.634190867 5.69721 1.16905 0.594 21.179 0.515258 0.18483  -0.092054 -0.112199 3
1386127172.764468409 5.76789 1.18607 0.585 19.777 0.542477 0.130635  -0.0690833 -0.187825 3
1386127172.829637696 5.80357 1.19271 0.58 18.906 0.547632 0.101799  -0.0767233 -0.233267 3
1386127172.959920514 5.87927 1.19574 0.572 16.757 0.580984 0.0232557  -0.0614049 -0.28789 3
1386127173.025232331 5.91676 1.19503 0.568 15.662 0.574021 -0.0107875  -0.0612447 -0.292617 3
1386127173.155687234 5.99325 1.18205 0.567 13.302 0.586349 -0.099512  -0.00766548 -0.31574 3
1386127173.220667660 6.03208 1.17092 0.565 12.22 0.597531 -0.171215  -0.0307785 -0.290618 3
1386127173.349732198 6.11184 1.1463 0.571 10.781 0.618021 -0.190799  0.0464884 -0.194594 3
1386127173.414675550 6.15426 1.13311 0.578 10.356 0.653145 -0.20314  0.107786 -0.114218 3
1386127173.546301777 6.21799 1.12281 0.594 10.014 0.484216 -0.078199  0.121556 -0.0453477 3
1386127173.676652923 6.24746 1.16581 0.615 9.933 0.226039 0.329853  0.161103 -0.0108446 3
1386127173.741935234 6.26262 1.18674 0.624 9.95699 0.232168 0.320587  0.137863 0.0064129 3
1386127173.875167725 6.2921 1.22361 0.637 9.963 0.221293 0.27673  0.0975738 0.00078756 3
1386127173.937410345 6.30661 1.23769 0.643 9.825 0.233198 0.22621  0.096397 -0.0386964 3
1386127174.073689509 6.34789 1.25118 0.655 9.42099 0.302866 0.0990174  0.0880545 -0.0517412 3
1386127174.132663709 6.36615 1.25241 0.659 9.11899 0.30973 0.0208237  0.0678263 -0.0893769 3
1386127174.263249080 6.41569 1.24382 0.667 8.271 0.379331 -0.0657678  0.0612626 -0.113338 3
1386127174.329225461 6.44118 1.23744 0.669 7.66499 0.386406 -0.0966995  0.0303139 -0.160311 3
1386127174.464851430 6.5028 1.21759 0.67 6.34399 0.454285 -0.146381  0.00737322 -0.169995 3
1386127174.523837117 6.53194 1.20795 0.666 5.58899 0.494088 -0.163443  -0.0678131 -0.223399 3
1386127174.654649226 6.60568 1.18246 0.662 4.418 0.563733 -0.194857  -0.0305782 -0.156237 3
1386127174.719331454 6.64268 1.17003 0.661 3.84099 0.572049 -0.192099  -0.0154602 -0.155696 3
1386127174.848489811 6.718 1.14411 0.651 2.99899 0.583132 -0.200696  -0.0774243 -0.11378 3
1386127174.980149934 6.79622 1.11222 0.641 2.17599 0.594095 -0.242219  -0.0759531 -0.109099 3
1386127175.045199806 6.83361 1.0948 0.636 1.85199 0.574836 -0.267724  -0.0768641 -0.0869326 3
1386127175.175485196 6.90468 1.04713 0.622 1.48799 0.545448 -0.365912  -0.107456 -0.048762 3
1386127175.240768044 6.93774 1.02388 0.615 1.37599 0.506403 -0.356203  -0.107226 -0.0299429 3
1386127175.370947148 6.99593 0.971565 0.6 1.51599 0.447004 -0.401846  -0.115226 0.0187699 3
1386127175.435867151 7.0236 0.946678 0.593 1.67799 0.426196 -0.383357  -0.107825 0.0435533 3
1386127175.566866029 7.07924 0.897519 0.58 2.41599 0.424776 -0.375261  -0.0992375 0.0983243 3
1386127175.632621246 7.10805 0.872723 0.574 2.78999 0.438116 -0.377091  -0.0912475 0.0992723 3
1386127175.761884848 7.16448 0.83714 0.562 3.78699 0.436573 -0.275275  -0.0928336 0.134615 3
1386127175.826340920 7.19376 0.822026 0.556 4.34599 0.45424 -0.234483  -0.0930867 0.151367 3
1386127175.957335959 7.26129 0.801065 0.547 5.575 0.515493 -0.16002  -0.0687049 0.163748 3
1386127176.022749474 7.29552 0.7938 0.543 6.22198 0.523336 -0.111059  -0.0611494 0.172626 3
1386127176.153060517 7.36869 0.790769 0.535 7.56599 0.561533 -0.0232594  -0.0613916 0.180011 3
1386127176.216247822 7.40433 0.791711 0.533 8.17499 0.563911 0.0149175  -0.0316519 0.168213 3
1386127176.348511035 7.4754 0.798519 0.527 9.088 0.537378 0.0514692  -0.0453641 0.12048 3
1386127176.478645536 7.54219 0.810504 0.524 9.758 0.51321 0.0920965  -0.0230531 0.0898584 3
1386127176.544072933 7.57341 0.816688 0.525 10.052 0.477208 0.0945181  0.0152841 0.0784245 3
1386127176.609309401 7.60347 0.823463 0.527 10.261 0.460823 0.103851  0.0306577 0.0559155 3
1386127176.674198518 7.63342 0.830842 0.528 10.53 0.461482 0.113722  0.0154109 0.0723566 3
1386127176.739254085 7.66331 0.83944 0.522 11.059 0.459461 0.132165  -0.0922288 0.141919 3
1386127176.824769541 7.70258 0.850046 0.511 11.535 0.459214 0.124018  -0.128632 0.0971489 7
1386127176.871390492 7.72424 0.855999 0.504 11.979 0.464527 0.127692  -0.150147 0.166219 7
1386127176.935545474 7.75211 0.864487 0.49 12.415 0.434433 0.132309  -0.218222 0.118615 7
1386127177.000913623 7.77928 0.873252 0.477 12.752 0.415646 0.134088  -0.198874 0.0899805 7
1386127177.067055074 7.80372 0.882132 0.466 13.03 0.36953 0.134262  -0.16631 0.0733581 7
1386127177.130324862 7.82442 0.889722 0.457 13.307 0.327219 0.119949  -0.142248 0.0764099 7
1386127177.195627078 7.84427 0.896956 0.446 13.539 0.304029 0.110785  -0.168448 0.0620051 7
1386127177.260760988 7.85976 0.903876 0.439 13.686 0.237812 0.106241  -0.107471 0.039391 7
1386127177.326050325 7.87209 0.909628 0.432 13.823 0.188716 0.0881067  -0.107215 0.0366255 7
1386127177.391704055 7.88259 0.914737 0.421 13.613 0.159996 0.0778156  -0.167546 -0.0558279 8
1386127177.456209552 7.88947 0.917772 0.39 13.307 0.106722 0.0470465  -0.480579 -0.0827945 8
1386127177.524015121 7.89308 0.919663 0.364 13.048 0.0532159 0.0278936  -0.383449 -0.0666678 8
1386127177.586729833 7.89532 0.92049 0.334 12.766 0.0357176 0.0131789  -0.478357 -0.078479 8
1386127177.651696184 7.89668 0.920197 0.291 12.506 0.0209608 -0.00450903  -0.661881 -0.0698479 8
1386127177.716989547 7.89746 0.919677 0.258 12.238 0.0119586 -0.00796023  -0.505411 -0.0716394 8
1386127177.782013244 7.89814 0.918453 0.217 11.994 0.0103248 -0.0188326  -0.630539 -0.065494 8
1386127177.846909422 7.89801 0.916451 0.197 11.907 -0.00200551 -0.0308447  -0.308185 -0.0233953 8
1386127177.914652313 7.89973 0.907761 0.167 11.795 0.0254915 -0.12828  -0.442851 -0.0288556 8
1386127177.981596884 7.9102 0.890418 0.112 11.656 0.156282 -0.259058  -0.821575 -0.036241 8
1386127178.043063452 7.92292 0.883377 0 11.347 0.207094 -0.114556  -1.82213 -0.0877415 2
1386127178.111518781 7.93116 0.876098 0 11.116 0.120371 -0.106331  0 -0.0588923 2
1386127178.180168867 7.93401 0.875112 0 11.109 0.0414351 -0.0143591  0 -0.00178061 2
1386127178.238185881 7.93374 0.874651 0 11.118 -0.00469735 -0.0079465  0 0.00270828 2
1386127178.308758491 7.93376 0.874371 0 11.124 0.000370261 -0.00396867  0 0.00148304 2
1386127178.368625264 7.93347 0.873989 0 11.127 -0.00483595 -0.00638418  0 0.00087635 2
1386127178.433394405 7.93299 0.873219 0 11.133 -0.00739609 -0.0118861  0 0.00161593 2
1386127178.499273790 7.93249 0.872689 0 11.128 -0.00767049 -0.00803879  0 -0.00132593 2
1386127178.563714264 7.93231 0.872313 0 11.136 -0.00275982 -0.00584638  0 0.00216556 2
1386127178.629356499 7.93202 0.872006 0 11.134 -0.0044152 -0.0046708  0 -0.000531478 2
1386127178.694281409 7.93162 0.871618 0 11.135 -0.00610936 -0.0059698  0 0.000270726 2
1386127178.761423988 7.93143 0.871422 0 11.135 -0.00286197 -0.00292406  0 0 2
1386127178.824175514 7.93142 0.871426 0 11.14 -0.000260316 5.90572e-05  0 0.00139202 2
1386127178.888650363 7.93137 0.871412 0 11.14 -0.000688709 -0.000220184  0 0 2
1386127178.955475528 7.93138 0.871456 0 11.142 0.000185089 0.000666098  0 0.00052207 2
1386127179.019819967 7.93139 0.871459 0 11.143 0.000152904 3.94115e-05  0 0.000269029 2
1386127179.084846153 7.93142 0.871494 0 11.145 0.000427982 0.000548727  0 0.000536513 2
1386127179.151217780 7.93148 0.871569 0 11.148 0.000930694 0.00112229  0 0.000790462 2
1386127179.214814190 7.93147 0.871564 0 11.149 -0.000218522 -7.22406e-05  0 0.000272194 2
1386127179.286200891 7.93149 0.871554 0 11.152 0.000259503 -0.000145854  0 0.000734931 2
1386127179.345868403 7.9315 0.871593 0 11.154 0.000236203 0.000654097  0 0.000584697 2
1386127179.411175449 7.93158 0.871676 0 11.157 0.00126305 0.00126756  0 0.000803348 2
1386127179.476685048 7.93162 0.871829 0 11.159 0.000477454 0.0023388  0 0.000532554 2
1386127179.541526172 7.93164 0.871835 0 11.162 0.000393997 8.93711e-05  0 0.000805013 2
1386127179.606670736 7.93166 0.871858 0 11.165 0.000270336 0.00036191  0 0.000805352 2
1386127179.672082596 7.93174 0.871892 0 11.166 0.00123011 0.000512656  0 0.000264639 2
1386127179.736388580 7.93177 0.87198 0 11.168 0.000448781 0.00137332  0 0.000546663 2
1386127179.800812009 7.93178 0.872051 0 11.17 0.000198818 0.00110599  0 0.000541533 2
1386127179.867330171 7.93183 0.872076 0 11.172 0.000743254 0.000364625  0 0.000524479 2
1386127179.932576482 7.93185 0.872115 0 11.172 0.000328757 0.000606836  0 0 2
1386127179.997715224 7.93188 0.872124 0 11.176 0.000470668 0.00013931  0 0.00107117 2
1386127180.062824971 7.9319 0.872143 0 11.175 0.000284967 0.00028556  0 -0.000269957 2
1386127180.130319490 7.93189 0.872187 0 11.175 -0.000104599 0.000659333  0 0 2
1386127180.196000989 7.93194 0.872222 0 11.177 0.000695147 0.000522469  0 0.00053116 2
1386127180.274730587 7.93198 0.872244 0 11.176 0.000493982 0.000282784  0 -0.000219873 2
1386127180.323557332 7.93199 0.872256 0 11.176 0.000315622 0.000247005  0 0 2
1386127180.387540776 7.93201 0.872303 0 11.18 0.000199099 0.000729131  0 0.00109051 2
1386127180.453910348 7.93201 0.872334 0 11.181 -1.62079e-05 0.000471926  0 0.000264833 2
1386127180.518720949 7.93203 0.8724 0 11.185 0.000330273 0.0010208  0 0.0010766 2
1386127180.585380274 7.93202 0.872485 0 11.187 -4.35112e-05 0.00127619  0 0.000523369 2
1386127180.649638689 7.93202 0.872545 0 11.189 -4.08445e-05 0.000936712  0 0.000542924 2
1386127180.717683000 7.93207 0.872568 0 11.189 0.000718962 0.000335125  0 0 2
1386127180.781136623 7.93213 0.872587 0 11.192 0.000896403 0.000296158  0 0.000822616 2
1386127180.844020022 7.93211 0.872609 0 11.194 -0.000288811 0.000346304  0 0.000554795 2
1386127180.910002198 7.9321 0.87257 0 11.194 -6.96401e-05 -0.000587041  0 0 2
1386127180.974983138 7.93214 0.872622 0 11.193 0.000493161 0.000800375  0 -0.000266394 2
1386127181.040323411 7.93215 0.872642 0 11.196 0.000222027 0.000304788  0 0.000802939 2
1386127181.107431214 7.93216 0.872697 0 11.197 8.63045e-05 0.000824633  0 0.000257951 2
1386127181.170560255 7.93217 0.872737 0 11.201 0.000148358 0.000634596  0 0.00110527 2
1386127181.236785261 7.93219 0.872778 0 11.204 0.000293991 0.00061078  0 0.000792212 2
1386127181.300729924 7.93222 0.872835 0 11.204 0.000595865 0.000895803  0 0 2
1386127181.365820219 7.93225 0.872844 0 11.205 0.000376056 0.000133292  0 0.000265947 2
1386127181.431601167 7.93228 0.872897 0 11.207 0.000462773 0.000807319  0 0.000530357 2
1386127181.496439136 7.93232 0.872919 0 11.208 0.000609944 0.00033644  0 0.000271089 2
1386127181.562184211 7.93236 0.872944 0 11.209 0.000562752 0.000384097  0 0.000267349 2
1386127181.627286069 7.93241 0.872978 0 11.209 0.000838531 0.000520934  0 0 2
1386127181.696195393 7.93242 0.872993 0 11.21 0.000211037 0.00022084  0 0.000251208 2
1386127181.760209198 7.93242 0.872974 0 11.21 -2.13913e-05 -0.000299024  0 0 2
1386127181.823648634 7.93247 0.873003 0 11.212 0.000755996 0.000464102  0 0.000549933 2
1386127181.887839095 7.93249 0.873059 0 11.212 0.000248124 0.000871317  0 0 2
1386127181.952828536 7.93253 0.873054 0 11.213 0.000613057 -7.62305e-05  0 0.000270457 2
1386127182.018701105 7.93255 0.873044 0 11.214 0.000348892 -0.000157664  0 0.000262788 2
1386127182.084155261 7.93253 0.873073 0 11.215 -0.000369864 0.00044278  0 0.000268537 2
1386127182.148211598 7.93252 0.873108 0 11.219 -6.03061e-05 0.000552226  0 0.00108927 2
1386127182.213886295 7.93253 0.873128 0 11.223 5.40786e-05 0.000296444  0 0.00106243 2
1386127182.278724038 7.93255 0.873153 0 11.224 0.000396183 0.000381429  0 0.00027109 2
1386127182.343692919 7.93254 0.873149 0 11.225 -0.000114837 -5.59036e-05  0 0.000266444 2
1386127182.408347764 7.93248 0.873207 0 11.227 -0.000919667 0.000890964  0 0.000539595 2
1386127182.474088520 7.9325 0.873262 0 11.231 0.000219439 0.000848856  0 0.00106136 2
1386127182.539234084 7.93248 0.873281 0 11.231 -0.000257884 0.000283738  0 0 2
1386127182.604582389 7.93244 0.873284 0 11.235 -0.000644139 4.31432e-05  0 0.00106774 2
1386127182.670573451 7.93245 0.873301 0 11.238 8.51081e-05 0.00027069  0 0.000795021 2
1386127182.735129265 7.93247 0.873353 0 11.24 0.000408078 0.000799084  0 0.000540422 2
1386127182.800537353 7.93246 0.873412 0 11.243 -0.000185303 0.000894489  0 0.000802107 2
1386127182.865198968 7.93245 0.873473 0 11.244 -0.00022339 0.00095171  0 0.00026771 2
1386127182.930497823 7.93244 0.873494 0 11.244 -1.32725e-05 0.00032424  0 0 2
1386127182.994315263 7.93244 0.873499 0 11.245 -6.36735e-05 7.98505e-05  0 0.000275424 2
1386127183.060251821 7.93247 0.873496 0 11.248 0.000512358 -4.64049e-05  0 0.000791639 2
1386127183.126237604 7.93247 0.873543 0 11.248 -4.73121e-05 0.000706934  0 0 2
1386127183.190981198 7.9325 0.873635 0 11.25 0.00037612 0.00142715  0 0.000542968 2
1386127183.257259888 7.93252 0.87369 0 11.251 0.000430367 0.000827684  0 0.000261178 2
1386127183.321412515 7.93254 0.873748 0 11.251 0.000290137 0.00090084  0 0 2
1386127183.386721075 7.93264 0.873802 0 11.252 0.00152216 0.000823214  0 0.000269136 2
1386127183.451995590 7.93263 0.87385 0 11.255 -0.000237077 0.000743045  0 0.000799668 2
1386127183.516907267 7.93277 0.873985 0 11.256 0.00224722 0.00207369  0 0.000270781 2
1386127183.582142115 7.93283 0.874063 0 11.256 0.000835817 0.0012029  0 0 2
1386127183.647718549 7.93287 0.874137 0 11.256 0.000616837 0.00112037  0 0 2
1386127183.710802001 7.9329 0.874208 0 11.258 0.000590282 0.00112372  0 0.000553036 2
1386127183.777195000 7.9329 0.874263 0 11.258 -5.56414e-05 0.000835714  0 0 2
1386127183.842654033 7.93292 0.8743 0 11.26 0.000325178 0.000561244  0 0.000532966 2
1386127183.907478552 7.93297 0.87439 0 11.261 0.000770719 0.00138489  0 0.000267037 2
1386127183.972746759 7.93298 0.874416 0 11.263 8.13919e-05 0.000405151  0 0.000534524 2
1386127184.041527739 7.93306 0.874525 0 11.267 0.00118814 0.00158804  0 0.00101832 2
1386127184.106569806 7.93321 0.874669 0 11.269 0.00227984 0.00221353  0 0.000536382 2
1386127184.167760599 7.93334 0.87483 0 11.271 0.00220195 0.00262308  0 0.000570141 2
1386127184.233092009 7.93344 0.875012 0 11.272 0.00146761 0.00278581  0 0.000264965 2
1386127184.298722784 7.93353 0.875166 0 11.273 0.00139674 0.00234465  0 0.000267814 2
1386127184.364061323 7.93329 0.874938 0 11.273 -0.00364098 -0.0034824  0 0 2
1386127184.432017450 7.93271 0.874366 0 11.275 -0.00854287 -0.00841387  0 0.000513381 2
1386127184.495249900 7.93255 0.87421 0 11.275 -0.00249857 -0.00248  0 0 2
1386127184.559937612 7.93252 0.874194 0 11.276 -0.00056761 -0.000238575  0 0.000267602 2
1386127184.630761120 7.93269 0.874435 0 11.279 0.0024305 0.00340021  0 0.000740775 2
1386127184.690439214 7.93267 0.874454 0 11.279 -0.000360228 0.000313066  0 0 2
1386127184.756313350 7.93294 0.874766 0 11.28 0.00420463 0.00474496  0 0.000266825 2
1386127184.820660309 7.93295 0.874911 0 11.281 0.000121999 0.00224287  0 0.000269019 2
1386127184.885944132 7.93306 0.874984 0 11.28 0.00171491 0.00111741  0 -0.000265158 2
1386127184.951256783 7.93341 0.875168 0 11.28 0.0052683 0.00282969  0 0 2
1386127185.016432909 7.93374 0.875454 0 11.28 0.00513023 0.00438144  0 0 2
1386127185.082697072 7.93395 0.875541 0 11.282 0.00309604 0.00132056  0 0.00052649 2
1386127185.148663322 7.9339 0.875473 0 11.283 -0.000749824 -0.00103413  0 0.000262415 2
1386127185.210784296 7.93374 0.875339 0 11.285 -0.00253678 -0.0021677  0 0.000561604 2
1386127185.276405647 7.93338 0.875051 0 11.285 -0.0054333 -0.00437642  0 0 2
1386127185.341538395 7.93321 0.874904 0 11.287 -0.00262983 -0.00225789  0 0.000535635 2
1386127185.406721251 7.93321 0.874865 0 11.288 -0.000114997 -0.000600414  0 0.000269655 2
1386127185.471939106 7.93321 0.87487 0 11.29 9.31011e-05 7.06673e-05  0 0.000534936 2
1386127185.537397369 7.9333 0.874982 0 11.292 0.00130694 0.00170809  0 0.000532972 2
1386127185.602393446 7.93334 0.875024 0 11.295 0.000675143 0.000647975  0 0.000807191 2
1386127185.671621159 7.93336 0.875084 0 11.297 0.000265339 0.000864978  0 0.000503952 2
1386127185.732491728 7.93338 0.875104 0 11.295 0.000402535 0.000339805  0 -0.000573141 2
1386127185.797651424 7.9324 0.875216 0 11.287 -0.0151108 0.00171082  0 -0.00214574 2
1386127185.862719995 7.93024 0.87511 0 11.264 -0.0332371 -0.00162433  0 -0.00616793 2
1386127185.928287372 7.92624 0.875165 0 11.304 -0.0610129 0.000842035  0 0.0106458 2
1386127185.993369833 7.92325 0.875734 0 11.25 -0.0459204 0.00874349  0 -0.0144774 2
1386127186.058273973 7.90055 0.889756 0 11.835 -0.349632 0.216039  0 0.157309 2
1386127186.123218735 7.87521 0.929903 0 15.896 -0.390234 0.618165  0 1.09136 2
1386127186.188630813 7.84556 0.968643 0 23.087 -0.453285 0.592252  0 1.91871 2
1386127186.253826329 7.82189 0.99707 0 31.324 -0.363077 0.436028  0 2.2051 2
1386127186.319034975 7.80313 1.01715 0 40.652 -0.287674 0.307995  0 2.49667 2
1386127186.384057588 7.78533 1.03157 0 50.875 -0.273711 0.221744  0 2.74405 2
1386127186.451059446 7.76847 1.05753 0 60.805 -0.251691 0.387357  0 2.58666 2
1386127186.527418108 7.73148 1.09587 0 68.866 -0.484448 0.502188  0 1.8425 2
1386127186.583910710 7.68188 1.10815 0 74.8 -0.877954 0.217284  0 1.8333 2
1386127186.646937895 7.61816 1.10129 0 79.15 -1.01099 -0.108882  0 1.20459 2
1386127186.712107832 7.54345 1.09256 0 83.425 -1.14643 -0.133882  0 1.1449 2
1386127186.778020410 7.48197 1.05228 0 88.221 -0.93274 -0.611047  0 1.26995 2
1386127186.840525273 7.42712 1.01611 0 93.549 -0.877529 -0.578736  0 1.48774 2
1386127186.917990458 7.46162 0.937578 0 100.042 0.445318 -1.01378  0 1.4629 2
1386127186.971799841 7.47849 0.915734 0 107.65 0.313675 -0.405951  0 2.46769 2
1386127187.038628958 7.50154 0.893442 0 116.065 0.344841 -0.33357  0 2.19769 2
1386127187.101592105 7.52444 0.876872 0 124.442 0.363754 -0.26317  0 2.32209 2
1386127187.166242721 7.54834 0.863913 0 132.081 0.369577 -0.200445  0 2.06225 2
1386127187.231605343 7.57239 0.854752 0 139.947 0.368077 -0.140152  0 2.1004 2
1386127187.320256587 7.60433 0.847643 0 148.111 0.360237 -0.0801915  0 1.6073 2
1386127187.361979713 7.61873 0.846706 0 156.697 0.345242 -0.0224501  0 3.59163 2
1386127187.427063949 7.5955 0.830499 0 165.871 -0.357053 -0.249025  0 2.46014 2
1386127187.495311401 7.57549 0.811151 0 175.029 -0.293123 -0.283492  0 2.34203 2
1386127187.560008375 7.55979 0.792088 0 -178.437 -0.242682 -0.29465  0 -95.3545 2
1386127187.622101575 7.54709 0.773843 0 -173.875 -0.204505 -0.293832  0 1.2823 2
1386127187.687862151 7.53003 0.772764 0 -170.11 -0.259434 -0.0164101  0 0.999256 2
1386127187.752999494 7.50044 0.80865 0 -167.784 -0.454306 0.550928  0 0.623242 2
1386127187.817863015 7.46644 0.829829 0 -165.094 -0.524179 0.326518  0 0.723818 2
1386127187.883211653 7.43308 0.847652 0 -162.116 -0.510411 0.272736  0 0.795363 2
1386127187.948422403 7.40077 0.862104 0 -158.754 -0.495461 0.221626  0 0.899821 2
1386127188.013114466 7.3697 0.872792 0 -153.287 -0.480312 0.165205  0 1.47494 2
1386127188.078263020 7.39203 0.901741 0 -146.126 0.342661 0.444358  0 1.91843 2
1386127188.143953829 7.46201 0.942334 0 -138.898 1.06529 0.617934  0 1.9204 2
1386127188.214552213 7.55007 0.967206 0 -131.26 1.24737 0.352308  0 1.88826 2
1386127188.274079942 7.61769 0.978827 0 -122.849 1.13603 0.195223  0 2.46607 2
1386127188.340666133 7.64996 0.977992 0 -115.618 0.484609 -0.012541  0 1.89536 2
1386127188.425704554 7.68331 0.968581 0 -106.733 0.392206 -0.110672  0 1.82356 2
1386127188.469755601 7.69792 0.97316 0 -96.576 0.331528 0.10396  0 4.02427 2
1386127188.535734014 7.73519 0.980755 0 -89.249 0.56486 0.115103  0 1.93821 2
1386127188.602612072 7.75971 0.960191 0 -84.012 0.366726 -0.307479  0 1.36671 2
1386127188.665311165 7.77514 0.917036 0 -80.329 0.245976 -0.688291  0 1.02522 2
1386127188.728789503 7.76294 0.836819 0 -78.818 -0.19213 -1.26369  0 0.415448 2
1386127188.797752759 7.70049 0.776358 0 -77.066 -0.905492 -0.876713  0 0.443398 2
1386127188.860580831 7.63848 0.72904 0 -74.647 -0.987091 -0.753131  0 0.671985 2
1386127188.941002389 7.56587 0.669799 0 -72.352 -0.902764 -0.736625  0 0.498068 2
1386127188.993848371 7.50517 0.633249 0 -71.736 -1.14862 -0.69163  0 0.203444 2
1386127189.056822765 7.42897 0.593453 0 -71.646 -1.21013 -0.631946  0 0.0249424 2
1386127189.121580016 7.41865 0.574942 0 -69.519 -0.159249 -0.285859  0 0.573268 2
1386127189.189506308 7.41709 0.556072 0 -64.533 -0.0230651 -0.27779  0 1.28113 2
1386127189.251847663 7.40837 0.537632 0 -57.694 -0.13977 -0.295805  0 1.91467 2
1386127189.317032440 7.39695 0.483699 0 -50.281 -0.175289 -0.827383  0 1.98484 2
1386127189.382118210 7.37728 0.410495 0 -41.592 -0.302174 -1.12474  0 2.33003 2
1386127189.447792551 7.36164 0.335264 0 -33.091 -0.238171 -1.1455  0 2.25919 2
1386127189.512529896 7.40719 0.302305 0 -25.603 0.70363 -0.509125  0 2.01877 2
1386127189.579880152 7.53077 0.336586 0 -18.68 1.83493 0.509003  0 1.79404 2
1386127189.645359591 7.6637 0.395585 0 -12.45 2.03006 0.901019  0 1.66058 2
1386127189.708359239 7.74547 0.418925 0 -8.106 1.2979 0.370483  0 1.20346 2
1386127189.775520726 7.80939 0.433487 0 -5.916 0.951793 0.216823  0 0.569117 2
1386127189.838313447 7.78651 0.403119 0 -4.94301 -0.364459 -0.483621  0 0.270444 2
1386127189.903555139 7.7362 0.356654 0 -2.783 -0.771113 -0.712206  0 0.577839 2
1386127189.970579207 7.68443 0.312431 0 -0.563004 -0.772338 -0.6598  0 0.578096 2
1386127190.033781399 7.6179 0.271342 0 0.399994 -1.05264 -0.650127  0 0.265932 2
1386127190.099131618 7.54178 0.227389 0 1.76999 -1.16481 -0.672574  0 0.365889 2
1386127190.164522645 7.47956 0.206836 0 4.28699 -0.951601 -0.314312  0 0.671803 2
1386127190.229310581 7.47703 0.224878 0 7.586 -0.0389285 0.278484  0 0.888724 2
1386127190.293675909 7.47728 0.233284 0 10.768 0.00385591 0.130597  0 0.862828 2
1386127190.359740476 7.47832 0.240684 0 14.244 0.0157614 0.112006  0 0.918308 2
1386127190.424918893 7.47876 0.247592 0 18.56 0.00675394 0.105995  0 1.15573 2
1386127190.489916595 7.48149 0.253688 0 22.395 0.0418671 0.0937808  0 1.02978 2
1386127190.556752287 7.46609 0.255309 0 26.429 -0.230418 0.0242635  0 1.05343 2
1386127190.620375340 7.45144 0.261495 0 30.402 -0.230155 0.0972162  0 1.08989 2
1386127190.685394887 7.43712 0.266682 0 33.425 -0.220281 0.0797826  0 0.811467 2
1386127190.750158466 7.45034 0.257103 0 35.225 0.204062 -0.147912  0 0.485087 2
1386127190.815659063 7.43558 0.234891 0 35.691 -0.225311 -0.339106  0 0.124171 2
1386127190.881060149 7.37961 0.190487 0 35.247 -0.85572 -0.678945  0 -0.118488 2
1386127190.945636741 7.30425 0.139232 0 35.09 -1.16704 -0.793712  0 -0.0424322 2
1386127191.011361260 7.2182 0.0919495 0 33.696 -1.30916 -0.719405  0 -0.370179 2
1386127191.076340007 7.12882 0.049654 0 31.101 -1.37557 -0.650913  0 -0.697017 2
1386127191.140828525 7.04447 0.0118251 0 30.028 -1.30809 -0.5866  0 -0.290398 2
1386127191.206622121 6.96421 -0.0261167 0 31.348 -1.21981 -0.576678  0 0.350159 2
1386127191.271258049 6.96124 -0.0418586 0 33.815 -0.0459258 -0.243548  0 0.666149 2
1386127191.337343679 6.97198 -0.033751 0 36.615 0.162448 0.122683  0 0.739484 2
1386127191.405056820 6.95108 -0.0463603 0 40.319 -0.30853 -0.186216  0 0.954717 2
1386127191.471218393 6.92093 -0.0722762 0 42.9 -0.455738 -0.391707  0 0.680865 2
1386127191.531988506 6.89238 -0.0997785 0 44.76 -0.469895 -0.452562  0 0.534196 2
1386127191.599147670 6.86181 -0.133427 0 46.06 -0.455196 -0.501029  0 0.337844 2
1386127191.663092537 6.8352 -0.164038 0 47.144 -0.416055 -0.478708  0 0.29587 2
1386127191.733762264 6.808 -0.195984 0 47.533 -0.384915 -0.452047  0 0.0960694 2
1386127191.793426705 6.79407 -0.229224 0 47.326 -0.233431 -0.557112  0 -0.0605527 2
1386127191.859894104 6.75809 -0.278561 0 47.203 -0.541302 -0.742268  0 -0.0322982 2
1386127191.925175028 6.71199 -0.330255 0 47.584 -0.706265 -0.791882  0 0.101866 2
1386127191.988939581 6.66292 -0.375949 0 47.626 -0.769439 -0.716598  0 0.0114939 2
1386127192.054103694 6.61079 -0.419807 0 46.938 -0.800057 -0.673034  0 -0.184272 2
1386127192.118698580 6.56032 -0.464171 0 46.22 -0.781333 -0.68681  0 -0.194001 2
1386127192.184431775 6.51598 -0.506166 0 46.109 -0.674482 -0.638874  0 -0.0294704 2
1386127192.249943156 6.48276 -0.538804 0 47.695 -0.50716 -0.498208  0 0.422536 2
1386127192.314589006 6.45189 -0.569247 0 50.074 -0.477455 -0.470918  0 0.642289 2
1386127192.379718325 6.42366 -0.593215 0 51.941 -0.433521 -0.368005  0 0.500318 2
1386127192.444944151 6.39594 -0.611859 0 54.401 -0.424905 -0.28583  0 0.658251 2
1386127192.512452782 6.36668 -0.628289 0 56.376 -0.43355 -0.243384  0 0.510607 2
1386127192.575274686 6.33488 -0.640272 0 57.436 -0.506077 -0.190745  0 0.29449 2
1386127192.639682408 6.29902 -0.646836 0 58.306 -0.556755 -0.101904  0 0.235757 2
1386127192.705220057 6.26498 -0.653818 0 59.51 -0.519472 -0.106541  0 0.320635 2
1386127192.770681359 6.26672 -0.642389 0 60.099 0.0265822 0.174587  0 0.15704 2
1386127192.835956925 6.27958 -0.639309 0 59.485 0.197096 0.0471862  0 -0.164174 2
1386127192.900350250 6.27548 -0.669889 0 57.147 -0.0637154 -0.474884  0 -0.633695 2
1386127192.966249517 6.2431 -0.728803 0 53.952 -0.491325 -0.894008  0 -0.846187 2
1386127193.033695740 6.19178 -0.796282 0 49.949 -0.760951 -1.00049  0 -1.03587 2
1386127193.096264817 6.1344 -0.855378 0 45.779 -0.917078 -0.944488  0 -1.1632 2
1386127193.161723552 6.07178 -0.912292 0 42.221 -0.956696 -0.869469  0 -0.948671 2
1386127193.229440915 6.00784 -0.968345 0 39.905 -0.944105 -0.827738  0 -0.596918 2
1386127193.300759437 5.94616 -1.02393 0 38.811 -0.864848 -0.779464  0 -0.267729 2
1386127193.357368169 5.90482 -1.0499 0 37.838 -0.730345 -0.458759  0 -0.299988 2
1386127193.421528162 5.86255 -1.06761 0 36.474 -0.658888 -0.276025  0 -0.371045 2
1386127193.486666267 5.82167 -1.08004 0 35.389 -0.627501 -0.190693  0 -0.29072 2
1386127193.553220123 5.78747 -1.09328 0 34.904 -0.513888 -0.199025  0 -0.127188 2
1386127193.617820505 5.7661 -1.10496 0 34.459 -0.330862 -0.180736  0 -0.120225 2
1386127193.682667646 5.75261 -1.11379 0 33.877 -0.208017 -0.136254  0 -0.156643 2
1386127193.756817142 5.74318 -1.11916 0 33.905 -0.127189 -0.072419  0 0.00659061 2
1386127193.813491366 5.74097 -1.12097 0 33.829 -0.0388762 -0.0318137  0 -0.0234061 2
1386127193.878526487 5.74104 -1.12196 0 33.701 0.00097312 -0.0153403  0 -0.0343526 2
1386127193.947097873 5.74207 -1.1229 0 32.577 0.0150239 -0.0136391  0 -0.286087 2
1386127194.009207304 5.742 -1.12144 0 31.762 -0.00104334 0.0235301  0 -0.229023 2
1386127194.077306165 5.73807 -1.12081 0 31.726 -0.0577788 0.00917806  0 -0.00922541 2
1386127194.138759501 5.72824 -1.1254 0 32.554 -0.159849 -0.0746953  0 0.235156 2
1386127194.204105844 5.71713 -1.13858 0 33.343 -0.170055 -0.201662  0 0.210734 2
1386127194.268733225 5.71158 -1.15335 0 33.911 -0.0859585 -0.228576  0 0.153397 2
1386127194.335071593 5.70637 -1.1676 0 34.495 -0.0785234 -0.214761  0 0.153647 2
1386127194.400469697 5.70153 -1.18072 0 34.487 -0.0739448 -0.200608  0 -0.00213385 2
1386127194.464719153 5.68969 -1.18911 0 33.791 -0.184342 -0.130658  0 -0.189072 2
1386127194.530420774 5.68816 -1.19103 0 33.407 -0.0232807 -0.0292238  0 -0.102004 2
1386127194.595569638 5.68305 -1.19393 0 33.479 -0.0784154 -0.0443842  0 0.0192863 2
1386127194.663435877 5.6791 -1.19424 0 33.494 -0.0582155 -0.00467793  0 0.00385742 2
1386127194.725852839 5.67765 -1.19371 0 33.507 -0.023199 0.00852878  0 0.00363525 2
1386127194.791177564 5.67634 -1.1941 0 33.496 -0.0200058 -0.00601335  0 -0.00293938 2
1386127194.858280476 5.67741 -1.19267 0 33.521 0.0158712 0.021295  0 0.00650482 2
1386127194.921471932 5.67639 -1.19268 0 33.57 -0.0161026 -0.000142997  0 0.0135325 2
1386127194.988921082 5.67458 -1.19334 0 33.616 -0.0268404 -0.00978037  0 0.0119044 2
1386127195.051305483 5.67387 -1.1924 0 33.69 -0.0114502 0.0151183  0 0.0207002 2
1386127195.116784972 5.67279 -1.19284 0 33.68 -0.0164257 -0.00676206  0 -0.002664 2
1386127195.182140047 5.67234 -1.19338 0 33.694 -0.00693022 -0.00825299  0 0.00373669 2
1386127195.248587397 5.67191 -1.19344 0 33.705 -0.00648744 -0.000817955  0 0.00288972 2
1386127195.312596439 5.6717 -1.19361 0 33.699 -0.00317508 -0.00271046  0 -0.00163512 2
1386127195.377571687 5.673 -1.19098 0 33.811 0.0199146 0.0404855  0 0.0300847 2
1386127195.442077265 5.67546 -1.18492 0 34.032 0.0382153 0.0938891  0 0.0597983 2
1386127195.513218024 5.67836 -1.17723 0 34.236 0.0407334 0.108176  0 0.050047 2
1386127195.573190752 5.6798 -1.17184 0 34.361 0.0240691 0.0899022  0 0.0363776 2
1386127195.637461056 5.68011 -1.17052 0 34.335 0.00483395 0.0205179  0 -0.00706084 2
1386127195.703579631 5.68011 -1.17013 0 34.301 -4.33379e-05 0.00588396  0 -0.00897406 2
1386127195.768722550 5.67988 -1.17037 0 34.262 -0.00361034 -0.00374818  0 -0.0104494 2
1386127195.833505619 5.67977 -1.17062 0 34.229 -0.00165533 -0.00387036  0 -0.00889186 2
1386127195.897122506 5.67982 -1.17067 0 34.235 0.000818427 -0.000687318  0 0.0016452 2
1386127195.963917853 5.67994 -1.17062 0 34.227 0.00182127 0.000619796  0 -0.00208921 2
1386127196.030684774 5.68 -1.17056 0 34.215 0.000844266 0.00100816  0 -0.00313515 2
1386127196.094380333 5.67995 -1.17072 0 34.167 -0.000838242 -0.00257594  0 -0.0131537 2
1386127196.159450784 5.67996 -1.17043 0 34.153 0.000213839 0.00451416  0 -0.00375304 2
1386127196.226570240 5.68007 -1.17007 0 34.17 0.00159085 0.00529595  0 0.00442012 2
1386127196.289774924 5.67976 -1.17009 0 34.211 -0.00478398 -0.000219742  0 0.0113218 2
1386127196.358505599 5.67931 -1.17045 0 34.172 -0.00661206 -0.00528411  0 -0.00990393 2
1386127196.419470308 5.67829 -1.17016 0 34.094 -0.0167586 0.00477739  0 -0.0223311 2
1386127196.486937312 5.67805 -1.16981 0 34.105 -0.00346611 0.00519922  0 0.00284604 2
1386127196.550105135 5.67804 -1.16968 0 34.124 -0.00028914 0.00198702  0 0.00524893 2
1386127196.615689884 5.67802 -1.16945 0 34.132 -0.00028908 0.00356156  0 0.00212778 2
1386127196.681153503 5.67775 -1.16846 0 34.127 -0.00414048 0.0151645  0 -0.00133029 2
1386127196.745932909 5.67726 -1.16684 0 34.101 -0.00745387 0.0248766  0 -0.00700535 2
1386127196.813757014 5.67711 -1.16674 0 34.113 -0.00218781 0.00149873  0 0.00308628 2
1386127196.876404048 5.67727 -1.16729 0 34.169 0.00244361 -0.00875887  0 0.0156014 2
1386127196.941412641 5.67769 -1.16745 0 34.209 0.0064979 -0.00237294  0 0.0107414 2
1386127197.008253424 5.67812 -1.1673 0 34.227 0.00644973 0.00215569  0 0.00469753 2
1386127197.072481054 5.67861 -1.16702 0 34.265 0.00758677 0.00438958  0 0.0103288 2
1386127197.137688329 5.67891 -1.16682 0 34.273 0.00463228 0.00301644  0 0.00214009 2
1386127197.201931545 5.67916 -1.16673 0 34.237 0.00382178 0.00138654  0 -0.00977908 2
1386127197.267306919 5.67965 -1.16632 0 34.181 0.00763361 0.00634895  0 -0.0149503 2
1386127197.335736465 5.6798 -1.16635 0 34.182 0.00215259 -0.000447046  0 0.000252969 2
1386127197.397423569 5.67983 -1.16639 0 34.192 0.000389488 -0.000667643  0 0.00282777 2
1386127197.463870525 5.67976 -1.16689 0 34.158 -0.00103855 -0.00753249  0 -0.00892971 2
1386127197.530500094 5.6777 -1.16958 0 33.975 -0.0308931 -0.040348  0 -0.0479356 2
1386127197.597873157 5.67279 -1.17577 0 33.791 -0.0728085 -0.0918505  0 -0.0476675 2
1386127197.658987801 5.66715 -1.17086 0 34.108 -0.0923523 0.0802297  0 0.0905301 2
1386127197.724129338 5.64975 -1.15339 0 34.181 -0.26717 0.268258  0 0.0195624 2
1386127197.788138137 5.63119 -1.13785 0 34.068 -0.289938 0.242807  0 -0.0308135 2
1386127197.854514970 5.62269 -1.1335 0 33.971 -0.128055 0.0654634  0 -0.0255055 2
1386127197.921000571 5.62024 -1.13207 0 33.979 -0.0368215 0.0214868  0 0.00209895 2
1386127197.985446883 5.61953 -1.13179 0 33.955 -0.0110217 0.00445645  0 -0.00650022 2
1386127198.050290227 5.61943 -1.132 0 33.98 -0.00152535 -0.00330675  0 0.00673149 2
1386127198.116485588 5.61986 -1.13205 0 34.005 0.00644093 -0.000762846  0 0.00658998 2
1386127198.179331717 5.6206 -1.13171 0 34.026 0.0118702 0.00544798  0 0.00583092 2
1386127198.244868793 5.62115 -1.13141 0 33.999 0.00842497 0.00463043  0 -0.0071885 2
1386127198.309719963 5.62119 -1.13137 0 33.997 0.000490522 0.000514119  0 -0.000537961 2
1386127198.376742128 5.62112 -1.13149 0 34.008 -0.000928631 -0.00173123  0 0.00286493 2
1386127198.440974903 5.62099 -1.1317 0 33.996 -0.00202979 -0.00321671  0 -0.00326299 2
1386127198.504985424 5.62103 -1.1316 0 34.011 0.000547152 0.0014894  0 0.00408978 2
1386127198.572647484 5.62104 -1.13141 0 33.988 0.000162561 0.00287468  0 -0.00593151 2
1386127198.635912116 5.62124 -1.13085 0 33.96 0.00319628 0.00878583  0 -0.00772454 2
1386127198.700771127 5.62154 -1.13054 0 33.967 0.00461422 0.00472897  0 0.00188469 2
1386127198.766403776 5.62134 -1.1311 0 33.977 -0.00304826 -0.00845761  0 0.00265778 2
1386127198.831576714 5.62122 -1.13149 0 34.006 -0.00190517 -0.00602469  0 0.00776805 2
1386127198.896190460 5.62128 -1.1315 0 33.998 0.000916267 -0.000162236  0 -0.00216387 2
1386127198.964535365 5.62128 -1.13103 0 33.975 0.000120786 0.00685306  0 -0.00587225 2
1386127199.026988101 5.62161 -1.13055 0 33.984 0.00515765 0.0077697  0 0.00251593 2
1386127199.092002839 5.62183 -1.13036 0 33.981 0.00347244 0.00282965  0 -0.00080696 2
1386127199.156348431 5.62182 -1.13022 0 33.962 -0.000164584 0.00225887  0 -0.00515286 2
1386127199.222334004 5.62173 -1.13022 0 33.972 -0.00144585 -4.56715e-05  0 0.00264356 2
1386127199.287500376 5.62175 -1.13013 0 33.972 0.000321269 0.00145476  0 0 2
1386127199.356222013 5.62009 -1.13211 0 33.86 -0.0241671 -0.0288458  0 -0.0284446 2
1386127199.417315188 5.61756 -1.13577 0 33.706 -0.0414162 -0.0599794  0 -0.0439928 2
1386127199.483155825 5.61603 -1.13856 0 33.666 -0.0232229 -0.0423091  0 -0.0106056 2
1386127199.547950052 5.61578 -1.13933 0 33.706 -0.00385326 -0.011845  0 0.0107769 2
1386127199.613764773 5.61566 -1.13975 0 33.721 -0.0018222 -0.00643032  0 0.00397766 2
1386127199.678676500 5.61582 -1.13995 0 33.764 0.0025598 -0.00302121  0 0.0115615 2
1386127199.745310532 5.61634 -1.13969 0 33.911 0.00776453 0.00378084  0 0.0385042 2
1386127199.808800155 5.61663 -1.1395 0 33.903 0.00451455 0.00303002  0 -0.00219799 2
1386127199.876100915 5.61681 -1.13953 0 33.907 0.00264556 -0.000365687  0 0.00103676 2
1386127199.940949191 5.61683 -1.13959 0 33.907 0.000333805 -0.0010159  0 0 2
1386127200.003672404 5.61685 -1.13954 0 33.914 0.000420978 0.000818518  0 0.00194462 2
1386127200.069470986 5.61683 -1.13969 0 33.889 -0.000303634 -0.00226268  0 -0.00662971 2
1386127200.133805822 5.61692 -1.13979 0 33.894 0.00140397 -0.00157263  0 0.00135777 2
1386127200.207711060 5.61699 -1.13978 0 33.896 0.000855029 8.18801e-05  0 0.000472056 2
1386127200.264872923 5.61706 -1.13976 0 33.9 0.0011969 0.000373738  0 0.00122065 2
1386127200.331749060 5.61698 -1.13972 0 33.902 -0.00119537 0.000596924  0 0.000521672 2
1386127200.399145190 5.61696 -1.13974 0 33.904 -0.000192118 -0.000212497  0 0.000517647 2
1386127200.459661164 5.61699 -1.13965 0 33.908 0.000494811 0.00146149  0 0.001153 2
1386127200.527404090 5.61693 -1.13954 0 33.91 -0.000979751 0.00156373  0 0.000514997 2
1386127200.590679582 5.61692 -1.13944 0 33.912 -0.00011407 0.00157253  0 0.000551357 2
1386127200.655904763 5.61696 -1.13935 0 33.916 0.000590489 0.00140614  0 0.00106975 2
1386127200.721812005 5.61689 -1.13928 0 33.917 -0.001085 0.00103813  0 0.000266691 2
1386127200.786231176 5.6169 -1.13902 0 33.922 0.000157046 0.00414358  0 0.00135599 2
1386127200.850710604 5.61679 -1.13929 0 33.923 -0.00163866 -0.00427794  0 0.000268466 2
1386127200.916200787 5.61672 -1.13934 0 33.927 -0.00111054 -0.000738511  0 0.00106542 2
1386127200.981431836 5.61669 -1.1393 0 33.929 -0.000382264 0.000593481  0 0.000534828 2
1386127201.047086160 5.61666 -1.13921 0 33.932 -0.00050166 0.00136869  0 0.000799099 2
1386127201.114644596 5.61665 -1.13923 0 33.938 -7.46005e-05 -0.000337092  0 0.00154921 2
1386127201.176435773 5.61668 -1.13917 0 33.942 0.000475786 0.00108738  0 0.0011292 2
1386127201.242505394 5.61658 -1.13928 0 33.945 -0.00153525 -0.0017157  0 0.000794076 2
1386127201.306531928 5.61653 -1.13925 0 33.949 -0.000861157 0.000447104  0 0.00108978 2
1386127201.374430328 5.61654 -1.13912 0 33.952 0.00021783 0.00198545  0 0.000772688 2
1386127201.439070344 5.61646 -1.13913 0 33.957 -0.00123532 -0.000133843  0 0.00134724 2
1386127201.503276674 5.61645 -1.13924 0 33.958 -0.0001982 -0.00181083  0 0.000273756 2
1386127201.568526435 5.6165 -1.13925 0 33.96 0.000706933 -0.000180035  0 0.000534675 2
1386127201.633564891 5.61654 -1.13935 0 33.963 0.000673398 -0.00153833  0 0.000806665 2
1386127201.700879310 5.61654 -1.13939 0 33.965 7.70571e-05 -0.000483092  0 0.000518275 2
1386127201.762265531 5.61651 -1.1394 0 33.968 -0.000555662 -0.000282396  0 0.00085032 2
1386127201.831711285 5.6164 -1.13932 0 33.971 -0.00162153 0.00122206  0 0.000755471 2
1386127201.894410902 5.61647 -1.13925 0 33.973 0.00115269 0.00110596  0 0.000556421 2
1386127201.959380612 5.61661 -1.13917 0 33.973 0.00216309 0.00121937  0 0 2
1386127202.024588849 5.61663 -1.13902 0 33.978 0.00028351 0.00238682  0 0.00133958 2
1386127202.089351277 5.61668 -1.13882 0 33.982 0.000845767 0.00299627  0 0.0010774 2
1386127202.153619588 5.61671 -1.13884 0 33.984 0.000332447 -0.000244575  0 0.00054284 2
1386127202.220025618 5.61671 -1.1388 0 33.986 8.26143e-05 0.000489612  0 0.000525365 2
1386127202.285659373 5.61665 -1.13879 0 33.988 -0.000873706 0.00021162  0 0.000531547 2
1386127202.350755693 5.61653 -1.13883 0 33.993 -0.00185408 -0.000641127  0 0.00134188 2
1386127202.416319464 5.6165 -1.13882 0 33.997 -0.00042882 0.000150414  0 0.00106423 2
1386127202.481220603 5.61649 -1.13875 0 34.002 -0.000220702 0.0011656  0 0.00134592 2
1386127202.546365675 5.61659 -1.13866 0 34.006 0.00148706 0.00133418  0 0.00107107 2
1386127202.611079027 5.61661 -1.13871 0 34.007 0.000294426 -0.000733844  0 0.000267496 2
1386127202.676050769 5.61654 -1.13867 0 34.011 -0.000951267 0.000520309  0 0.00107393 2
1386127202.741472829 5.61659 -1.13859 0 34.014 0.000657318 0.00120844  0 0.000801936 2
1386127202.805949841 5.61657 -1.1386 0 34.016 -0.000283737 -0.00010468  0 0.000541083 2
1386127202.871162395 5.61652 -1.13859 0 34.018 -0.000719863 0.000133263  0 0.00053498 2
1386127202.937495960 5.61651 -1.13852 0 34.022 -0.000137467 0.0011122  0 0.00105188 2
1386127203.008877741 5.61648 -1.13852 0 34.028 -0.000508959 -8.55338e-05  0 0.00146996 2
1386127203.066911752 5.61646 -1.1385 0 34.033 -0.000248759 0.000420597  0 0.00150059 2
1386127203.132501769 5.61639 -1.13854 0 34.038 -0.00107152 -0.000674599  0 0.00133178 2
1386127203.197821990 5.61646 -1.13853 0 34.042 0.00101344 0.000292374  0 0.0010682 2
1386127203.264999686 5.61648 -1.13852 0 34.046 0.0003421 6.14218e-05  0 0.00103866 2
1386127203.331475037 5.61651 -1.13855 0 34.05 0.000484893 -0.000427588  0 0.00104963 2
1386127203.393573660 5.61653 -1.13848 0 34.057 0.000202436 0.00109893  0 0.00196847 2
1386127203.458048513 5.61649 -1.13855 0 34.063 -0.000503916 -0.00108592  0 0.0016233 2
1386127203.523318087 5.61651 -1.13859 0 34.069 0.000220579 -0.000538434  0 0.00160354 2
1386127203.588427839 5.6165 -1.13858 0 34.071 -5.00309e-05 4.31452e-05  0 0.000539915 2
1386127203.653464509 5.61643 -1.13855 0 34.075 -0.00113513 0.000530881  0 0.00107285 2
1386127203.718957255 5.61637 -1.13858 0 34.081 -0.000902749 -0.000468599  0 0.00159807 2
1386127203.785267535 5.61636 -1.13852 0 34.084 -0.000102242 0.000830256  0 0.000791194 2
1386127203.854175122 5.61635 -1.13865 0 34.09 -0.000176921 -0.0018364  0 0.00151888 2
1386127203.914440230 5.61644 -1.13862 0 34.092 0.00151845 0.00050938  0 0.000578899 2
1386127203.982573808 5.61643 -1.13868 0 34.095 -0.000195731 -0.000893415  0 0.000766112 2
1386127204.043911767 5.61641 -1.13872 0 34.1 -0.000409362 -0.000664746  0 0.0014241 2
1386127204.109917154 5.61637 -1.13861 0 34.104 -0.000520959 0.00168596  0 0.00105711 2
1386127204.175291731 5.61643 -1.13853 0 34.107 0.000906456 0.00123896  0 0.000802518 2
1386127204.240302574 5.61653 -1.13838 0 34.111 0.00157951 0.00227102  0 0.00107328 2
1386127204.306073389 5.6166 -1.13825 0 34.113 0.000961571 0.00207534  0 0.000530439 2
1386127204.370665536 5.61663 -1.13822 0 34.116 0.000503257 0.00033782  0 0.000812239 2
1386127204.435702425 5.61651 -1.13829 0 34.121 -0.00176117 -0.000992071  0 0.00133901 2
1386127204.501202503 5.61639 -1.13841 0 34.122 -0.00190546 -0.00184366  0 0.000268349 2
1386127204.566193648 5.61637 -1.13849 0 34.124 -0.000247668 -0.00122687  0 0.000536803 2
1386127204.631026857 5.61621 -1.13864 0 34.127 -0.00247355 -0.00236128  0 0.000809219 2
1386127204.698914353 5.61616 -1.13862 0 34.13 -0.000775527 0.000301291  0 0.000768889 2
1386127204.762331490 5.61616 -1.13867 0 34.134 -5.58918e-05 -0.000702561  0 0.00110025 2
1386127204.826731434 5.61611 -1.13868 0 34.137 -0.000767957 -0.000233244  0 0.000814663 2
1386127204.891856825 5.61615 -1.13861 0 34.141 0.00064556 0.00111499  0 0.00107139 2
1386127204.957003992 5.6162 -1.13856 0 34.146 0.000714391 0.000803579  0 0.00134084 2
1386127205.022220195 5.61622 -1.1385 0 34.15 0.000394014 0.000928202  0 0.0010699 2
1386127205.087719116 5.61621 -1.13845 0 34.152 -0.000155393 0.000650145  0 0.000532641 2
1386127205.152494842 5.61625 -1.13841 0 34.154 0.000528389 0.000647077  0 0.000538588 2
1386127205.218021905 5.61629 -1.13831 0 34.157 0.000728193 0.00148784  0 0.00080065 2
1386127205.282817208 5.61622 -1.1383 0 34.161 -0.00118093 0.0002655  0 0.00107685 2
1386127205.347924954 5.61613 -1.13835 0 34.165 -0.00130448 -0.000758064  0 0.00107168 2
1386127205.415784178 5.61612 -1.1384 0 34.168 -0.000206763 -0.000725355  0 0.000773134 2
1386127205.478328651 5.6161 -1.13836 0 34.173 -0.000341836 0.00055313  0 0.00139238 2
1386127205.543461675 5.6161 -1.13846 0 34.176 5.87108e-05 -0.00149899  0 0.000805494 2
1386127205.608252204 5.61614 -1.13833 0 34.18 0.000648137 0.00201124  0 0.00107693 2
1386127205.673855107 5.61612 -1.13839 0 34.185 -0.000319332 -0.000998859  0 0.00133152 2
1386127205.739503028 5.61607 -1.13836 0 34.189 -0.00079558 0.000503305  0 0.00106286 2
1386127205.804110497 5.61604 -1.13839 0 34.192 -0.000482576 -0.00038994  0 0.000807925 2
1386127205.869254726 5.61599 -1.13848 0 34.196 -0.000760942 -0.00141974  0 0.00107517 2
1386127205.934414049 5.61597 -1.13842 0 34.2 -0.000283838 0.000962044  0 0.00107083 2
