1388143481.865691689 0 0 0 -35.407 0 0  0 -0.10458 2
1388143481.965827259 0 0 0 -35.441 0 0  0 -0.00592615 2
1388143482.065673476 0 0 0 -35.479 0 0  0 -0.00664215 2
1388143482.165614395 0 0 0 -35.513 0 0  0 -0.0059377 2
1388143482.265771619 0 0 0 -35.553 0 0  0 -0.00697052 2
1388143482.365603517 0 0 0 -35.591 0 0  0 -0.0066431 2
1388143482.465620775 0 0 0 -35.628 0 0  0 -0.00645639 2
1388143482.565665967 0 0 0 -35.666 0 0  0 -0.00662961 2
1388143482.665597949 0 0 0 -35.705 0 0  0 -0.00681167 2
1388143482.765818866 0 0 0 -35.742 0 0  0 -0.00644327 2
1388143482.865630371 0 0 0 -35.778 0 0  0 -0.00629493 2
1388143482.965674515 0 0 0 -35.817 0 0  0 -0.00680404 2
1388143483.065615435 0 0 0 -35.854 0 0  0 -0.00646132 2
1388143483.165660351 0 0 0 -35.888 0 0  0 -0.00593152 2
1388143483.265712601 0 0 0 -35.925 0 0  0 -0.00645413 2
1388143483.365624399 0 0 0 -35.962 0 0  0 -0.00646387 2
1388143483.465773867 0 0 0 -35.999 0 0  0 -0.00644786 2
1388143483.565664639 0 0 0 -36.028 0 0  0 -0.00506687 2
1388143483.665662687 0 0 0 -36.074 0 0  0 -0.00802892 2
1388143483.765622259 0 0 0 -36.109 0 0  0 -0.0061111 2
1388143483.865620034 0 0 0 -36.145 0 0  0 -0.0062832 2
1388143483.965620810 0 0 0 -36.182 0 0  0 -0.00645745 2
1388143484.065620606 0 0 0 -36.219 0 0  0 -0.00645818 2
1388143484.165654764 0 0 0 -36.252 0 0  0 -0.00575712 2
1388143484.265694650 0 0 0 -36.292 0 0  0 -0.00697869 2
1388143484.365696754 0 0 0 -36.327 0 0  0 -0.0061085 2
1388143484.465718621 0 0 0 -36.365 0 0  0 -0.00663115 2
1388143484.565617428 0 0 0 -36.401 0 0  0 -0.00628943 2
1388143484.665692863 0 0 0 -36.438 0 0  0 -0.00645263 2
1388143484.765714172 0 0 0 -36.471 0 0  0 -0.00575852 2
1388143484.865730661 0 0 0 -36.505 0 0  0 -0.00593321 2
1388143484.965631633 0 0 0 -36.542 0 0  0 -0.0064639 2
1388143485.065677593 0 0 0 -36.578 0 0  0 -0.00628018 2
1388143485.165603643 0 0 0 -36.615 0 0  0 -0.00646294 2
1388143485.265620129 0 0 0 -36.652 0 0  0 -0.00645644 2
1388143485.365685298 0 0 0 -36.685 0 0  0 -0.005756 2
1388143485.465624826 0 0 0 -36.725 0 0  0 -0.00698503 2
1388143485.565650604 0 0 0 -36.76 0 0  0 -0.00610705 2
1388143485.665654729 0 0 0 -36.798 0 0  0 -0.00663233 2
1388143485.765625825 0 0 0 -36.835 0 0  0 -0.00645937 2
1388143485.865693017 0 0 0 -36.87 0 0  0 -0.00610452 2
1388143485.965621997 0 0 0 -36.908 0 0  0 -0.00663732 2
1388143486.065642465 0 0 0 -36.944 0 0  0 -0.00628178 2
1388143486.165632275 0 0 0 -36.982 0 0  0 -0.00663261 2
1388143486.265716162 0 0 0 -37.016 0 0  0 -0.00592921 2
1388143486.365801656 0 0 0 -37.051 0 0  0 -0.00610341 2
1388143486.465659117 0 0 0 -37.09 0 0  0 -0.00681676 2
1388143486.565748936 0 0 0 -37.128 0 0  0 -0.00662599 2
1388143486.665618342 0 0 0 -37.168 0 0  0 -0.00699061 2
1388143486.765624008 0 0 0 -37.206 0 0  0 -0.00663223 2
1388143486.865662771 0 0 0 -37.24 0 0  0 -0.00593189 2
1388143486.965678637 0 0 0 -37.277 0 0  0 -0.00645648 2
1388143487.065622213 0 0 0 -37.318 0 0  0 -0.00715995 2
1388143487.165666151 0 0 0 -37.354 0 0  0 -0.0062803 2
1388143487.265696886 0 0 0 -37.395 0 0  0 -0.00715372 2
1388143487.365773644 0 0 0 -37.427 0 0  0 -0.00558037 2
1388143487.465659814 0.00442226 0.00629652 0.006 -37.467 0.044273 0.0630369  0.0600684 -0.00698943 7
1388143487.565631533 0.0150805 0.0216013 0.06 -37.505 0.106613 0.153091  0.540153 -0.00663448 7
1388143487.665626026 0.0300368 0.043171 0.156 -37.54 0.149571 0.215709  0.960053 -0.00610896 7
1388143487.765635881 0.0484149 0.0695746 0.287 -37.578 0.183762 0.26401  1.30987 -0.00663128 7
1388143487.865691901 0.0692518 0.099483 0.436 -37.615 0.208253 0.298916  1.48917 -0.00645455 7
1388143487.965618502 0.0917424 0.132002 0.62 -37.638 0.225071 0.32543  1.84135 -0.004017 7
1388143488.065621442 0.115179 0.16567 0.807 -37.685 0.234363 0.336664  1.86995 -0.00820296 7
1388143488.165668174 0.138789 0.199583 0.988 -37.734 0.235988 0.338981  1.80915 -0.00854808 7
1388143488.265644643 0.161851 0.232585 1.153 -37.766 0.230671 0.330093  1.65039 -0.00558596 7
1388143488.365754440 0.183841 0.264034 1.299 -37.777 0.219661 0.314141  1.4584 -0.00191803 7
1388143488.465665959 0.203814 0.292539 1.466 -37.812 0.19991 0.285305  1.67148 -0.00611404 7
1388143488.565800689 0.220813 0.316825 1.547 -37.879 0.169759 0.242534  0.80891 -0.0116782 7
1388143488.665694958 0.21048 0.302205 0.34 -37.906 -0.103443 -0.146352  -12.0828 -0.00471678 7
1388143488.765596418 0.196221 0.282191 0.156 -37.946 -0.142728 -0.200342  -1.84181 -0.00698836 7
1388143488.865642590 0.181284 0.261346 0.106 -37.982 -0.149306 -0.208351  -0.499769 -0.00628016 7
1388143488.965702942 0.167056 0.241099 0.068 -38.028 -0.142194 -0.202347  -0.379771 -0.00802392 7
1388143489.065759310 0.151423 0.219246 -0.093 -38.084 -0.156241 -0.218412  -1.60909 -0.0097683 7
1388143489.165643312 0.135414 0.196531 -0.26 -38.082 -0.16027 -0.227411  -1.67194 0.000349279 7
1388143489.265628719 0.118183 0.172415 -0.435 -38.076 -0.172334 -0.241196  -1.75026 0.00104744 7
1388143489.365759262 0.0993013 0.145699 -0.623 -38.108 -0.188575 -0.266807  -1.87755 -0.00557803 7
1388143489.465594653 0.0784858 0.116405 -0.828 -38.128 -0.208498 -0.293424  -2.05338 -0.00349583 7
1388143489.565724004 0.0559141 0.0845341 -1.05 -38.083 -0.225426 -0.3183  -2.21713 0.00784352 7
1388143489.665672050 0.0317339 0.0507415 -1.264 -37.76 -0.241928 -0.338102  -2.14111 0.0564038 7
1388143489.765669470 0.00665764 0.0156912 -1.516 -37.633 -0.250769 -0.350512  -2.52007 0.0221661 7
1388143489.865625688 -0.0154547 -0.0153807 -1.795 -37.522 -0.22122 -0.310855  -2.79122 0.0193817 7
1388143489.965695888 -0.0282444 -0.0347927 -2.076 -37.6 -0.127808 -0.193984  -2.80803 -0.0136039 7
1388143490.065621376 -0.0297492 -0.0390319 -2.37 -37.343 -0.0150589 -0.0424231  -2.94219 0.0448884 7
1388143490.165631018 -0.0256786 -0.0363414 0.198 -37.394 0.0407024 0.0269026  25.6775 -0.00890076 7
1388143490.265617546 -0.0241592 -0.0408979 0.141 -37.807 0.0151954 -0.0455718  -0.570077 -0.0720915 7
1388143490.365689000 -0.0246675 -0.0514137 0.05 -38.034 0 -0.105082  -0.90935 -0.0395909 7
1388143490.465633205 -0.0268206 -0.0636677 0.015 -38.056 -0.0215436 -0.122609  -0.350195 -0.00384176 7
1388143490.565698027 -0.027208 -0.0676978 -0.002 -37.986 0 -0.0402743  -0.16989 0.0122093 7
1388143490.665730435 -0.0293424 -0.0670827 0.026 10.3 -0.0213372 0  0.279909 8.42477 7
1388143490.765637906 -0.0263385 -0.0669145 0.093 10.207 0.030067 0  0.670621 -0.0162467 7
1388143490.865674928 -0.02233 -0.0642629 0.17 10.169 0.0400705 0.0265067  0.769715 -0.00662982 7
1388143490.965642805 -0.0186166 -0.0577709 0.21 10.138 0.037145 0.0649402  0.400129 -0.00541228 7
1388143491.065770975 -0.0147476 -0.0443726 0.307 10.177 0.0386412 0.133811  0.968758 0.00679816 7
1388143491.165665661 -0.00874076 -0.0312798 0.341 10.287 0.0601314 0.131067  0.340358 0.0192188 7
1388143491.265625998 -0.00712819 -0.00192506 0.548 10.354 0.0161322 0.293663  2.07082 0.0116984 7
1388143491.365628937 -0.0148649 0.0422776 0.712 10.398 -0.0773646 0.442013  1.63995 0.00767917 7
1388143491.465652407 -0.0163442 0.0907722 0.83 10.465 -0.0147897 0.484832  1.17972 0.011691 7
1388143491.565645994 -0.0153223 0.0986725 0.96 10.634 0.0102192 0.0790084  1.30008 0.0294979 7
1388143491.665602559 -0.00293269 0.0541875 1.039 10.71 0.12395 -0.445043  0.790343 0.0132703 7
1388143491.765613250 0.00510043 0.0228305 1.065 10.735 0.0803225 -0.313537  0.259972 0.00436279 7
1388143491.865679960 0.0118591 -0.000658369 1.073 10.725 0.0675418 -0.234732  0.0799467 -0.00174404 7
1388143492.065619767 -0.0162806 0.0955979 1.066 10.615 -0.140741 0.481426  -0.0350105 -0.00960225 7
1388143492.165611115 -0.032663 0.147242 1.014 10.633 -0.163838 0.516486  -0.520045 0.00314197 7
1388143492.265642544 -0.0493956 0.197844 0.965 10.621 -0.167274 0.505864  -0.489846 -0.00209375 7
1388143492.365615947 -0.06623 0.245309 0.915 10.598 -0.168388 0.474774  -0.500133 -0.00401545 7
1388143492.465622939 -0.0816678 0.287777 0.9 10.898 -0.154367 0.424647  -0.14999 0.0523563 7
1388143492.565633772 -0.0826786 0.227455 0.886 11.035 -0.010107 -0.603151  -0.139985 0.0239084 7
1388143492.665627069 -0.0583905 0.0558401 0.884 11.172 0.242897 -1.71627  -0.0200013 0.0239126 7
1388143492.765693011 -0.0123815 -0.163476 0.879 11.186 0.459787 -2.19171  -0.0499671 0.00244184 7
1388143493.065696384 0.139584 -0.785613 0.887 11.517 0.506545 -2.07377  0.0266664 0.0192566 7
1388143493.165600566 0.141602 -0.832851 0.951 11.058 0.0202021 -0.472829  0.640614 -0.0801875 7
1388143493.265764073 0.13707 -0.863188 0.96 10.248 -0.0452425 -0.302877  0.0898531 -0.141141 7
1388143493.365723505 0.13082 -0.866473 0.959 9.828 -0.0625268 -0.0328621  -0.0100041 -0.0733336 7
1388143493.465750186 0.127617 -0.8647 0.964 9.783 -0.0320239 0.017722  0.0499867 -0.0078519 7
1388143493.565667990 0.12449 -0.858036 0.976 9.684 -0.0312934 0.066696  0.120099 -0.017293 7
1388143493.665664925 0.122831 -0.848999 0.979 9.581 -0.0165898 0.0903749  0.0300009 -0.0179774 4
1388143493.765805593 0.123487 -0.839003 0.994 9.519 0 0.0998173  0.149789 -0.0108059 4
1388143494.865952477 7.20082 0.729054 0.959 179.673 -0.0351245 -0.0708765  -0.0318139 2.69941 4
1388143494.966543619 7.1985 0.721294 0.962 179.581 -0.0230997 -0.0771514  0.0298237 -0.0159627 3
1388143495.067107035 7.1961 0.715964 0.96 179.501 -0.0238653 -0.0529987  -0.0198879 -0.0138844 3
1388143495.167589511 7.19203 0.711875 0.961 179.472 -0.0404762 -0.0406879  0 -0.0050372 3
1388143495.268010030 7.18968 0.710118 0.96 179.628 -0.0234243 -0.0175048  0 0.0271131 3
1388143495.368389415 7.18757 0.712874 0.959 -177.541 -0.0210221 0.0274576  0 -62.1021 3
1388143495.468907927 7.18205 0.715395 0.957 -174.796 -0.0549158 0.025085  -0.0198968 0.476622 3
1388143495.569390116 7.17405 0.718058 0.958 -171.834 -0.0796149 0.0264981  0 0.514486 3
1388143495.669901360 7.15854 0.715018 0.964 -169.513 -0.154262 -0.0302439  0.0596948 0.403031 3
1388143495.770250295 7.13016 0.70552 0.964 -167.367 -0.282852 -0.094652  0 0.373245 3
1388143495.870576951 7.09669 0.689786 0.954 -165.573 -0.333585 -0.156827  -0.0996744 0.312092 3
1388143495.971000193 7.04949 0.666074 0.947 -164.167 -0.470013 -0.236115  -0.069705 0.244359 3
1388143496.071400600 6.99647 0.637005 0.96 -162.9 -0.528116 -0.289531  0.129482 0.220251 3
1388143496.171787736 6.94225 0.604911 0.932 -161.878 -0.540123 -0.319707  -0.27892 0.177685 3
1388143496.272182838 6.89115 0.568847 0.91 -161.034 -0.508942 -0.359223  -0.219134 0.146726 3
1388143496.372580656 6.84266 0.531803 0.899 -160.391 -0.483022 -0.368973  -0.109564 0.11178 3
1388143496.473074582 6.79624 0.497383 0.885 -159.983 -0.461911 -0.3425  -0.139312 0.0708593 3
1388143496.573558523 6.75274 0.459772 0.875 -159.751 -0.432903 -0.374306  -0.0995184 0.0402967 3
1388143496.673941457 6.71068 0.419335 0.869 -159.676 -0.418979 -0.402828  -0.0597711 0.0130402 3
1388143496.774424776 6.67057 0.382954 0.858 -159.762 -0.399137 -0.362058  -0.109471 -0.0149377 3
1388143496.875201770 6.63138 0.347075 0.847 -159.997 -0.388947 -0.356017  -0.109152 -0.0406991 3
1388143496.975755757 6.59452 0.313707 0.844 -160.347 -0.366581 -0.331843  -0.0298347 -0.0607497 3
1388143497.076267220 6.55474 0.282256 0.838 -160.757 -0.395702 -0.31291  -0.0596947 -0.0711947 3
1388143497.176803391 6.51464 0.251412 0.836 -160.903 -0.398903 -0.306801  -0.0198933 -0.0253459 3
1388143497.277389152 6.47333 0.22376 0.834 -161.035 -0.410717 -0.274906  -0.0198835 -0.0229042 3
1388143497.377707361 6.42969 0.208974 0.838 -162.711 -0.435008 -0.147394  0.0398731 -0.291589 3
1388143497.478176352 6.38261 0.200035 0.827 -163.574 -0.468603 -0.0889736  -0.109487 -0.149919 3
1388143497.578569912 6.33458 0.19343 0.842 -164.393 -0.478402 -0.0657871  0.149412 -0.142382 3
1388143497.679091847 6.28464 0.187962 0.846 -165.038 -0.496761 -0.0543996  0.0397923 -0.111989 3
1388143497.779588285 6.2286 0.182116 0.854 -165.627 -0.557673 -0.0581721  0.0796048 -0.102292 3
1388143497.880091988 6.17167 0.177306 0.852 -166.138 -0.566392 -0.0478551  -0.0198998 -0.0887393 3
1388143497.980687808 6.1146 0.17052 0.843 -166.625 -0.567361 -0.0674566  -0.0894669 -0.0844943 3
1388143498.081055461 6.05725 0.161501 0.836 -167.151 -0.571413 -0.0898564  -0.0697436 -0.0914679 3
1388143498.181468442 6.00088 0.151556 0.833 -167.561 -0.561408 -0.0990487  -0.0298766 -0.0712642 3
1388143498.281784060 5.94587 0.140012 0.825 -168.193 -0.548356 -0.115078  -0.0797483 -0.109958 3
1388143498.382129918 5.89388 0.128912 0.82 -168.781 -0.518036 -0.110615  -0.0498277 -0.102272 3
1388143498.483121108 5.84289 0.116287 0.82 -169.385 -0.504927 -0.125011  0 -0.104383 3
1388143498.583586196 5.79166 0.105631 0.817 -169.943 -0.50991 -0.106064  -0.0298611 -0.0969386 3
1388143498.683947635 5.7409 0.0954114 0.818 -170.484 -0.505843 -0.10183  0 -0.0940823 3
1388143498.784488485 5.68916 0.0854505 0.816 -171.047 -0.514603 -0.099073  -0.0198924 -0.0977334 3
1388143498.884954615 5.63521 0.0772207 0.811 -171.584 -0.536943 -0.081916  -0.049768 -0.0932894 3
1388143498.985267161 5.58269 0.0718052 0.805 -171.946 -0.52358 -0.0539861  -0.0598131 -0.062984 3
1388143499.085807809 5.52864 0.0690284 0.799 -172.262 -0.537603 -0.0276187  -0.0596774 -0.0548558 3
1388143499.186387358 5.47589 0.0680095 0.792 -172.51 -0.524426 -0.0101311  -0.0695967 -0.0430346 3
1388143499.287041851 5.42461 0.0672048 0.787 -172.829 -0.509531 0  -0.0496749 -0.055314 3
1388143499.387537522 5.3748 0.0662039 0.789 -172.955 -0.495661 0  0.0199014 -0.0218829 3
1388143499.488226439 5.33035 0.0623961 0.796 -173.61 -0.441393 -0.0378182  0.0695211 -0.113537 3
1388143499.588650801 5.2911 0.055988 0.808 -174.212 -0.390829 -0.0638098  0.119493 -0.104625 3
1388143499.689094370 5.24957 0.0480997 0.814 -174.795 -0.413537 -0.0785346  0.059735 -0.101303 3
1388143499.789690336 5.20705 0.0409353 0.821 -175.787 -0.422671 -0.0712197  0.0695853 -0.172111 3
1388143499.890299358 5.15926 0.0364974 0.825 -176.56 -0.474999 -0.0441105  0.0397579 -0.134097 3
1388143499.990738391 5.10644 0.0339485 0.824 -177.083 -0.525908 -0.0253771  0 -0.0908817 3
1388143500.091206332 5.04949 0.0349171 0.825 -177.386 -0.566854 0  0 -0.0526371 3
1388143500.191631116 4.98927 0.0368744 0.827 -177.57 -0.599633 0.0194896  0.0199154 -0.0319782 3
1388143500.292101712 4.92836 0.0378228 0.823 -177.698 -0.606187 0  -0.0398126 -0.0222356 3
1388143500.392594658 4.86781 0.0377367 0.813 -177.798 -0.602576 0  -0.0995095 -0.0173677 3
1388143500.493114357 4.81135 0.036096 0.806 -178.023 -0.56171 -0.0163229  -0.0696381 -0.0390668 3
1388143500.593694740 4.7563 0.0331345 0.8 -178.342 -0.547302 -0.0294434  -0.0596538 -0.0553548 3
1388143500.694218491 4.70145 0.0307138 0.799 -178.39 -0.545673 -0.0240809  0 -0.00833399 3
1388143500.794979628 4.65231 0.0289854 0.786 -179.013 -0.487674 -0.0171539  -0.129018 -0.107913 3
1388143500.895376255 4.60522 0.028083 0.777 -179.526 -0.468998 0  -0.0896444 -0.0891816 3
1388143500.995807329 4.55906 0.0277911 0.772 179.555 -0.459603 0  -0.0497854 62.4025 3
1388143501.096203823 4.51194 0.0272688 0.784 179.072 -0.469336 0  0.119526 -0.0839666 3
1388143501.196636361 4.46383 0.0272776 0.777 178.65 -0.479095 0  -0.0696985 -0.0733357 3
1388143501.297065122 4.41422 0.0262149 0.779 177.704 -0.493921 -0.0105819  0.0199146 -0.164403 3
1388143501.397496817 4.365 0.0263311 0.786 177.006 -0.490127 0  0.0696991 -0.1213 3
1388143501.497856089 4.31589 0.028249 0.787 176.267 -0.48936 0.01911  0 -0.128518 3
1388143501.598325430 4.26883 0.0327088 0.788 175.493 -0.468321 0.0443905  0 -0.134457 3
1388143501.698878296 4.22292 0.0386167 0.789 175.35 -0.456631 0.0587535  0 -0.024821 3
1388143501.799378577 4.17274 0.044094 0.792 174.899 -0.499309 0.0545007  0.0298507 -0.0783225 3
1388143501.899805242 4.11991 0.049119 0.79 174.493 -0.525983 0.050036  -0.019915 -0.0705593 3
1388143502.000302179 4.06632 0.0541467 0.789 174.391 -0.533338 0.0500287  0 -0.0177143 3
1388143502.100853649 4.01352 0.0585339 0.778 173.15 -0.525114 0.0436318  -0.109397 -0.215407 3
1388143502.201477543 3.95913 0.0642811 0.773 172.796 -0.540482 0.0571156  -0.04969 -0.0614015 3
1388143502.301970633 3.90603 0.0733939 0.758 172.069 -0.528428 0.0906811  -0.149264 -0.126263 3
1388143502.402427195 3.85363 0.0831356 0.749 171.746 -0.521594 0.0969735  -0.089591 -0.0561179 3
1388143502.502962536 3.80197 0.0941134 0.748 171.576 -0.513865 0.109194  0 -0.0295126 3
1388143502.804697902 3.66896 0.127318 0.725 171.249 -0.440793 0.110044  -0.0762257 -0.0189147 3
1388143502.905122402 3.62805 0.137883 0.726 171.41 -0.407403 0.105212  0 0.027981 3
1388143503.005670314 3.59219 0.146885 0.73 171.771 -0.356685 0.0895199  0.039782 0.062663 3
1388143503.106342265 3.55901 0.155018 0.73 171.976 -0.32951 0.0807938  0 0.0355404 3
1388143503.206805528 3.52727 0.161602 0.729 172.161 -0.315954 0.0655333  0 0.0321397 3
1388143503.407836473 3.45822 0.14877 0.727 173.858 -0.343514 -0.063829  0 0.147332 3
1388143503.508742808 3.41734 0.135933 0.731 174.401 -0.405049 -0.127215  0.0396407 0.0939201 3
1388143503.609109970 3.3731 0.113006 0.734 174.622 -0.440773 -0.228432  0.0298903 0.0384306 3
1388143503.709597607 3.32178 0.0828135 0.73 174.748 -0.510787 -0.300464  -0.0398059 0.0218845 3
1388143503.809887876 3.26471 0.0536798 0.707 174.7 -0.569053 -0.290494  -0.229334 -0.00835339 3
1388143503.910213901 3.20569 0.0319029 0.714 174.613 -0.588212 -0.217061  0.0697725 -0.015135 3
1388143504.010689178 3.14662 0.0169948 0.719 174.473 -0.587927 -0.148376  0.0497635 -0.024319 3
1388143504.111359947 3.08574 0.000865491 0.722 174.396 -0.60478 -0.160219  0.0298001 -0.0133495 3
1388143504.211903797 3.01361 -0.0165172 0.73 174.323 -0.717409 -0.172887  0.0795673 -0.012672 3
1388143504.312336894 2.93458 -0.0312884 0.732 174.236 -0.786822 -0.147075  0.0199138 -0.0151189 3
1388143504.412787934 2.85728 -0.0399045 0.726 174.141 -0.769592 -0.0857743  -0.0597306 -0.0165062 3
1388143504.513357084 2.78031 -0.0453754 0.726 174.128 -0.765366 -0.0543995  0 -0.00225609 3
1388143504.714511641 2.65211 -0.050372 0.727 174.018 -0.637315 -0.0248392  0 -0.00954423 3
1388143504.815085252 2.59506 -0.0482534 0.717 173.883 -0.567206 0.0210643  -0.0994297 -0.0234276 3
1388143504.915598178 2.54561 -0.0456249 0.716 173.755 -0.49196 0.0261513  0 -0.0222262 3
1388143505.016005289 2.50133 -0.0433538 0.719 173.756 -0.44102 0.0226194  0.0298784 0.000173854 3
1388143505.116417708 2.4598 -0.0425944 0.722 173.802 -0.413648 0  0.0298768 0.00799554 3
1388143505.216738493 2.42451 -0.043379 0.728 173.841 -0.351692 0  0.0598081 0.00678498 3
1388143505.317129406 2.39053 -0.0454952 0.732 173.835 -0.338514 -0.021079  0.0398442 -0.00104309 3
1388143505.417577655 2.34725 -0.0460099 0.733 173.885 -0.430855 0  0 0.0086877 3
1388143505.518070183 2.30226 -0.0462431 0.734 173.807 -0.447688 0  0 -0.0135469 3
1388143505.618490980 2.25031 -0.0469228 0.736 173.736 -0.517355 0  0.0199162 -0.0123399 3
1388143505.718923585 2.195 -0.0468372 0.744 173.672 -0.550697 0  0.0796554 -0.011122 3
1388143505.819308767 2.13701 -0.0469582 0.744 173.632 -0.577699 0  0 -0.00695452 3
1388143505.919630465 2.08144 -0.0463266 0.741 173.635 -0.553854 0  -0.0299038 0.000521923 3
1388143506.020112166 2.02545 -0.0523596 0.749 173.671 -0.557294 -0.0600406  0.0796165 0.00625307 3
1388143506.120573897 1.97015 -0.0576268 0.746 173.7 -0.55045 -0.0524302  -0.0298621 0.0050382 3
1388143506.221016132 1.91762 -0.0675608 0.745 173.755 -0.522984 -0.0989025  0 0.00955702 3
1388143506.321453212 1.86613 -0.0744324 0.739 173.643 -0.512678 -0.0684168  -0.0597389 -0.0194626 3
1388143506.421806896 1.81865 -0.0793947 0.724 173.412 -0.473049 -0.0494481  -0.149471 -0.040175 3
1388143506.522161063 1.77756 -0.0854511 0.742 173.112 -0.409458 -0.0603498  0.179365 -0.0521751 3
1388143506.622646258 1.73288 -0.0884538 0.746 172.896 -0.444637 -0.0298825  0.0398069 -0.0375171 3
1388143506.723349224 1.69082 -0.0957762 0.75 172.747 -0.417741 -0.0727133  0.0397208 -0.0258239 3
1388143506.823886096 1.65516 -0.0965393 0.76 172.129 -0.354695 0  0.099466 -0.107285 3
1388143506.924259472 1.61502 -0.0955837 0.764 171.934 -0.399897 0  0.0398512 -0.0339073 3
1388143507.024641930 1.57392 -0.100045 0.755 171.735 -0.409421 -0.0444443  -0.0896571 -0.0345997 3
1388143507.125046251 1.52347 -0.0977713 0.764 171.611 -0.502487 0.0226461  0.0896376 -0.0215549 3
1388143507.225524530 1.47075 -0.0937255 0.76 171.483 -0.524613 0.0402657  -0.0398096 -0.0222339 3
1388143507.325958600 1.41905 -0.0896027 0.747 171.354 -0.514818 0.0410496  -0.129438 -0.0224174 3
1388143507.426406430 1.3634 -0.0835177 0.745 171.315 -0.554 0.0605786  -0.0199108 -0.00677644 3
1388143507.526788881 1.30992 -0.0782255 0.735 171.343 -0.532814 0.0527205  -0.099619 0.0048683 3
1388143507.627267517 1.25721 -0.073085 0.725 171.375 -0.524522 0.0511599  -0.0995236 0.00555845 3
1388143507.727775271 1.2057 -0.0680037 0.718 171.446 -0.51254 0.0505569  -0.0696464 0.0123292 3
1388143507.928829119 1.10462 -0.0591723 0.714 171.49 -0.502734 0.0439252  -0.0198952 0.0038196 3
1388143508.129774222 1.01141 -0.0511083 0.71 171.652 -0.463848 0.0401304  -0.0199059 0.0140707 3
1388143508.230261724 0.963783 -0.0449697 0.7 171.946 -0.473992 0.0610887  -0.0995149 0.0510637 3
1388143508.330740913 0.914336 -0.0388509 0.703 172.063 -0.492109 0.060896  0.0298569 0.020323 3
1388143508.431237142 0.864422 -0.0328298 0.699 172.114 -0.496679 0.0599139  -0.0398025 0.00885723 3
1388143508.533364515 0.813326 -0.0267766 0.699 172.201 -0.50031 0.0592712  0 0.0148681 3
1388143508.633763666 0.762274 -0.0222556 0.705 172.334 -0.508492 0.0450301  0.0597615 0.0231206 3
1388143508.734212820 0.709574 -0.0196182 0.71 172.569 -0.524644 0.0262563  0.0497764 0.0408318 3
1388143508.766262285 0.692853 -0.0191166 0.713 172.639 -0.521729 0.0156509  0.0936053 0.0381201 3
1388143508.866266692 0.640057 -0.0189707 0.717 172.674 -0.527932 0  0.0399982 0.0061084 8
1388143508.966230454 0.588522 -0.0198021 0.725 172.597 -0.515537 0  0.080029 -0.0134439 8
1388143509.066517925 0.539666 -0.0216226 0.737 172.44 -0.487162 -0.018153  0.119656 -0.0273231 8
1388143509.166257288 0.49743 -0.0275471 0.73 172.27 -0.423465 -0.0593994  -0.0701829 -0.0297481 8
1388143509.266347247 0.470342 -0.0316728 0.726 172.133 -0.270639 -0.0412203  -0.039964 -0.0238895 8
1388143509.366249266 0.454416 -0.0371472 0.723 172.056 -0.159408 -0.0547976  -0.0300294 -0.0134522 4
1388143509.466288733 0.448047 -0.0428245 0.717 172.017 -0.0636722 -0.0567503  -0.0599763 -0.0068041 4
1388143509.566437572 0.445158 -0.0488772 0.701 171.896 -0.0288488 -0.0604371  -0.159762 -0.0210871 9
1388143509.666495902 0.441444 -0.0541656 0.653 171.745 -0.0371101 -0.0528538  -0.47972 -0.0263391 9
1388143509.766339670 0.438489 -0.0584877 0.617 171.602 -0.0295994 -0.0432885  -0.360563 -0.0249973 9
1388143509.866343939 0.436732 -0.0609223 0.551 171.483 -0.0175674 -0.0243443  -0.659972 -0.0207685 9
1388143509.966269495 0.435784 -0.0629921 0.473 171.393 0 -0.0207133  -0.780581 -0.0157197 9
1388143510.066260211 0.435711 -0.063791 0.393 171.373 0 0  -0.800074 -0.00349098 9
1388143510.166558793 0.438079 -0.0639681 0.309 171.383 0.0236088 0  -0.837499 0.00174013 9
1388143510.266248421 0.456182 -0.0686754 0.236 171.389 0.181595 -0.0472191  -0.732273 0.00105045 9
1388143510.366476254 0.485675 -0.0715358 0.197 171.417 0.294256 -0.0285388  -0.389113 0.00487581 9
1388143510.466250322 0.559409 -0.0691016 0.177 171.484 0.739008 0.0243969  -0.200453 0.0117202 9
1388143510.566332531 0.559409 -0.0691016 0 171.321 0 0  -1.76855 -0.0284255 2
1388143510.666482071 0.559409 -0.0691016 0 170.899 0 0  0 -0.0735429 2
1388143510.866257333 0.559409 -0.0691016 0 171.264 0 0  0 0.0318881 2
1388143510.966267051 0.559409 -0.0691016 0 171.24 0 0  0 -0.00418838 2
1388143511.066252598 0.559409 -0.0691016 0 171.202 0 0  0 -0.00663321 2
1388143511.166257002 0.559409 -0.0691016 0 171.165 0 0  0 -0.00645743 2
1388143511.266375180 0.559409 -0.0691016 0 171.141 0 0  0 -0.00418384 2
1388143511.366261697 0.559409 -0.0691016 0 171.129 0 0  0 -0.00209678 2
1388143511.466409493 0.559409 -0.0691016 0 171.11 0 0  0 -0.00331123 2
1388143511.566232029 0.559409 -0.0691016 0 171.032 0 0  0 -0.0136378 2
1388143511.666308306 0.559409 -0.0691016 0 170.993 0 0  0 -0.00680159 2
1388143511.766271573 0.559409 -0.0691016 0 170.961 0 0  0 -0.00558711 2
1388143511.866367894 0.559409 -0.0691016 0 170.939 0 0  0 -0.00383603 2
1388143512.066386835 0.559409 -0.0691016 0 170.865 0 0  0 -0.00645711 2
1388143512.166259520 0.559409 -0.0691016 0 170.839 0 0  0 -0.00454364 2
1388143512.266499153 0.559409 -0.0691016 0 170.83 0 0  0 -0.00156704 2
1388143512.366483726 0.559409 -0.0691016 0 170.82 0 0  0 -0.0017456 2
1388143512.666496455 0.559409 -0.0691016 0 170.773 0 0  0 -0.00273423 2
1388143512.866464413 0.559409 -0.0691016 0 170.68 0 0  0 -0.00811708 2
1388143513.466449034 0.559409 -0.0691016 0 170.604 0 0  0 -0.00221081 2
1388143513.966457578 0.559409 -0.0691016 0 170.388 0 0  0 -0.00753969 2
1388143514.466336228 0.559409 -0.0691016 0 170.204 0 0  0 -0.00642437 2
1388143514.766460146 0.559409 -0.0691016 0 170.051 0 0  0 -0.0088975 2
1388143515.066502491 0.559409 -0.0691016 0 169.938 0 0  0 -0.00657314 2
1388143515.366480371 0.559409 -0.0691016 0 169.875 0 0  0 -0.00366546 2
1388143515.466525638 0.559409 -0.0691016 0 169.844 0 0  0 -0.00540808 2
1388143515.666401472 0.559409 -0.0691016 0 169.716 0 0  0 -0.011177 2
1388143515.766473762 0.559409 -0.0691016 0 169.71 0 0  0 -0.00104645 2
1388143515.866484945 0.559409 -0.0691016 0 169.611 0 0  0 -0.0172768 2
1388143515.966296316 0.559409 -0.0691016 0 169.523 0 0  0 -0.0153879 2
1388143516.066338434 0.559409 -0.0691016 0 169.487 0 0  0 -0.00628054 2
1388143516.166455848 0.559409 -0.0691016 0 169.455 0 0  0 -0.0055785 2
1388143516.266309606 0.559409 -0.0691016 0 169.431 0 0  0 -0.00419491 2
1388143516.366486938 0.559409 -0.0691016 0 169.422 0 0  0 -0.00156803 2
1388143516.466362979 0.559409 -0.0691016 0 169.407 0 0  0 -0.00262124 2
1388143516.566257098 0.559409 -0.0691016 0 169.355 0 0  0 -0.00908534 2
1388143516.666480257 0.559409 -0.0691016 0 169.296 0 0  0 -0.0102745 2
1388143516.866376551 0.559409 -0.0691016 0 169.227 0 0  0 -0.00602451 2
1388143516.966224937 0.559409 -0.0691016 0 169.18 0 0  0 -0.00821551 2
1388143517.066276973 0.559409 -0.0691016 0 169.145 0 0  0 -0.00610547 2
1388143517.166227676 0.559409 -0.0691016 0 169.115 0 0  0 -0.00523859 2
1388143517.266269444 0.559409 -0.0691016 0 169.077 0 0  0 -0.00662948 2
1388143517.366485123 0.559409 -0.0691016 0 169.051 0 0  0 -0.00452807 2
1388143517.466462503 0.559409 -0.0691016 0 169.04 0 0  0 -0.0019203 2
1388143517.566324210 0.559409 -0.0691016 0 169.021 0 0  0 -0.00332073 2
1388143517.666313116 0.559409 -0.0691016 0 168.945 0 0  0 -0.013266 2
1388143517.766523559 0.559409 -0.0691016 0 168.931 0 0  0 -0.00243832 2
1388143517.866478664 0.559409 -0.0691016 0 168.923 0 0  0 -0.00139689 2
1388143518.366501744 0.559409 -0.0691016 0 168.868 0 0  0 -0.00191978 2
1388143518.666506934 0.559409 -0.0691016 0 168.694 0 0  0 -0.0101227 2
1388143519.066505286 0.559409 -0.0691016 0 168.596 0 0  0 -0.00427608 2
1388143519.366509709 0.559409 -0.0691016 0 168.444 0 0  0 -0.00884287 2
1388143519.566438763 0.559409 -0.0691016 0 168.347 0 0  0 -0.00846786 2
1388143519.666275897 0.559409 -0.0691016 0 168.282 0 0  0 -0.0113631 2
1388143519.766472303 0.559409 -0.0691016 0 168.279 0 0  0 -0.000522576 2
1388143519.866481245 0.559409 -0.0691016 0 168.226 0 0  0 -0.00924945 2
1388143519.966402538 0.559409 -0.0691016 0 168.136 0 0  0 -0.0157203 2
1388143520.066403180 0.559409 -0.0691016 0 168.101 0 0  0 -0.00610863 2
1388143520.166288715 0.559409 -0.0691016 0 168.066 0 0  0 -0.00611563 2
1388143520.266428267 0.559409 -0.0691016 0 168.045 0 0  0 -0.00366011 2
1388143520.366382528 0.559409 -0.0691016 0 167.996 0 0  0 -0.00855599 2
1388143520.466428766 0.559409 -0.0691016 0 167.957 0 0  0 -0.00680364 2
1388143520.566251028 0.559409 -0.0691016 0 167.922 0 0  0 -0.00611954 2
1388143520.666288261 0.559409 -0.0691016 0 167.888 0 0  0 -0.0059319 2
1388143520.766423338 0.559409 -0.0691016 0 167.856 0 0  0 -0.00557753 2
1388143520.866511975 0.559409 -0.0691016 0 167.846 0 0  0 -0.00174378 2
1388143520.966299801 0.559409 -0.0691016 0 167.785 0 0  0 -0.0106692 2
1388143521.066498090 0.559409 -0.0691016 0 167.763 0 0  0 -0.0038321 2
1388143521.166414148 0.559409 -0.0691016 0 167.713 0 0  0 -0.00873397 2
1388143521.266233267 0.559409 -0.0691016 0 167.669 0 0  0 -0.00769339 2
1388143521.366286561 0.559409 -0.0691016 0 167.637 0 0  0 -0.00558209 2
1388143521.466373801 0.559409 -0.0691016 0 167.601 0 0  0 -0.00627771 2
1388143521.566245997 0.559409 -0.0691016 0 167.565 0 0  0 -0.00629119 2
1388143521.666394978 0.559409 -0.0691016 0 167.531 0 0  0 -0.00592532 2
1388143521.766312013 0.559409 -0.0691016 0 167.502 0 0  0 -0.00506567 2
1388143521.866304897 0.559409 -0.0691016 0 167.461 0 0  0 -0.00715634 2
1388143521.966319010 0.559409 -0.0691016 0 167.426 0 0  0 -0.00610781 2
1388143522.066387811 0.559409 -0.0691016 0 167.402 0 0  0 -0.0041859 2
1388143522.166315043 0.559409 -0.0691016 0 167.354 0 0  0 -0.0083837 2
1388143522.266370297 0.559409 -0.0691016 0 167.323 0 0  0 -0.00540752 2
1388143522.366379311 0.559409 -0.0691016 0 167.287 0 0  0 -0.00628262 2
1388143522.466530318 0.559409 -0.0691016 0 167.254 0 0  0 -0.0057509 2
1388143522.566242020 0.559409 -0.0691016 0 167.214 0 0  0 -0.0070015 2
1388143522.666411880 0.559409 -0.0691016 0 167.183 0 0  0 -0.00540137 2
1388143522.766497442 0.559409 -0.0691016 0 167.161 0 0  0 -0.00383641 2
1388143522.866482297 0.559409 -0.0691016 0 167.151 0 0  0 -0.00174559 2
1388143522.966239666 0.559409 -0.0691016 0 167.076 0 0  0 -0.0131218 2
1388143523.066446549 0.559409 -0.0691016 0 167.052 0 0  0 -0.00418013 2
1388143523.166284174 0.559409 -0.0691016 0 167.009 0 0  0 -0.00751712 2
1388143523.266316657 0.559409 -0.0691016 0 166.977 0 0  0 -0.00558325 2
1388143523.366272598 0.559409 -0.0691016 0 166.938 0 0  0 -0.00680979 2
1388143523.466375896 0.559409 -0.0691016 0 166.903 0 0  0 -0.00610236 2
1388143523.566318843 0.559409 -0.0691016 0 166.866 0 0  0 -0.00646139 2
1388143523.666332680 0.559409 -0.0691016 0 166.83 0 0  0 -0.00628232 2
1388143523.766355383 0.559409 -0.0691016 0 166.796 0 0  0 -0.00593276 2
1388143523.866457431 0.559409 -0.0691016 0 166.781 0 0  0 -0.00261534 2
1388143523.966321665 0.559409 -0.0691016 0 166.727 0 0  0 -0.00943757 2
1388143524.066501931 0.559409 -0.0691016 0 166.704 0 0  0 -0.00400703 2
1388143524.266466609 0.559409 -0.0691016 0 166.684 0 0  0 -0.00174564 2
1388143524.366300745 0.559409 -0.0691016 0 166.584 0 0  0 -0.0174823 2
1388143524.466308639 0.559409 -0.0691016 0 166.552 0 0  0 -0.00558458 2
1388143524.566362706 0.559409 -0.0691016 0 166.533 0 0  0 -0.00331434 2
1388143524.666409858 0.559409 -0.0691016 0 166.479 0 0  0 -0.00942032 2
1388143524.766360341 0.559409 -0.0691016 0 166.445 0 0  0 -0.00593705 2
1388143524.866255239 0.559409 -0.0691016 0 166.406 0 0  0 -0.00681395 2
1388143524.966390246 0.559409 -0.0691016 0 166.381 0 0  0 -0.00435746 2
1388143525.066369934 0.559409 -0.0691016 0 166.339 0 0  0 -0.00733192 2
1388143525.166427490 0.559409 -0.0691016 0 166.308 0 0  0 -0.00540735 2
1388143525.266329509 0.559409 -0.0691016 0 166.274 0 0  0 -0.00593993 2
1388143525.366257229 0.559409 -0.0691016 0 166.237 0 0  0 -0.00646242 2
1388143525.466497141 0.559409 -0.0691016 0 166.206 0 0  0 -0.0053976 2
1388143525.566256125 0.559409 -0.0691016 0 166.17 0 0  0 -0.00629833 2
1388143525.666271149 0.559409 -0.0691016 0 166.135 0 0  0 -0.00610779 2
1388143525.766278557 0.559409 -0.0691016 0 166.098 0 0  0 -0.00645719 2
1388143525.866267043 0.559409 -0.0691016 0 166.065 0 0  0 -0.00576025 2
1388143525.966373696 0.559409 -0.0691016 0 166.031 0 0  0 -0.00592778 2
1388143526.066257282 0.559409 -0.0691016 0 165.999 0 0  0 -0.00559157 2
1388143526.166368823 0.559409 -0.0691016 0 165.963 0 0  0 -0.00627623 2
1388143526.266208757 0.559409 -0.0691016 0 165.933 0 0  0 -0.00524434 2
1388143526.366497415 0.559409 -0.0691016 0 165.896 0 0  0 -0.00643916 2
1388143526.466551480 0.559409 -0.0691016 0 165.862 0 0  0 -0.0059309 2
1388143526.566335747 0.559409 -0.0691016 0 165.823 0 0  0 -0.00682151 2
1388143526.666397771 0.559409 -0.0691016 0 165.789 0 0  0 -0.00593043 2
1388143526.766284918 0.559409 -0.0691016 0 165.756 0 0  0 -0.00576609 2
1388143526.866348830 0.559409 -0.0691016 0 165.717 0 0  0 -0.00680244 2
1388143526.966257831 0.559409 -0.0691016 0 165.681 0 0  0 -0.00628895 2
1388143527.066377129 0.559409 -0.0691016 0 165.653 0 0  0 -0.00488108 2
1388143527.166397736 0.559409 -0.0691016 0 165.617 0 0  0 -0.00628185 2
1388143527.266258064 0.559409 -0.0691016 0 165.58 0 0  0 -0.00646678 2
1388143527.366288379 0.559409 -0.0691016 0 165.548 0 0  0 -0.00558337 2
1388143527.468910717 0.559409 -0.0691016 0 165.513 0 0  0 -0.00595253 2
1388143527.566362771 0.559409 -0.0691016 0 165.476 0 0  0 -0.00662659 2
1388143527.666253412 0.559409 -0.0691016 0 165.44 0 0  0 -0.00629002 2
1388143527.766498214 0.559409 -0.0691016 0 165.404 0 0  0 -0.00626789 2
1388143527.866337445 0.559409 -0.0691016 0 165.37 0 0  0 -0.00594366 2
1388143527.966403030 0.559409 -0.0691016 0 165.334 0 0  0 -0.00627903 2
1388143528.066505564 0.559409 -0.0691016 0 165.301 0 0  0 -0.00575369 2
1388143528.166247371 0.559409 -0.0691016 0 165.277 0 0  0 -0.00419966 2
1388143528.266406824 0.559409 -0.0691016 0 165.231 0 0  0 -0.00801573 2
1388143528.366262261 0.559409 -0.0691016 0 165.195 0 0  0 -0.00629224 2
1388143528.466234402 0.559409 -0.0691016 0 165.161 0 0  0 -0.00593584 2
1388143528.566259761 0.559409 -0.0691016 0 165.135 0 0  0 -0.00453671 2
1388143528.766527192 0.559409 -0.0691016 0 165.124 0 0  0 -0.000958621 2
1388143528.866340441 0.559409 -0.0691016 0 166.42 0 0  0 0.226618 2
1388143528.966299385 0.559409 -0.0691016 0 171.058 0 0  0 0.809816 2
1388143529.066267754 0.559409 -0.0691016 0 178.282 0 0  0 1.26122 2
1388143529.166255191 0.559409 -0.0691016 0 -174.912 0 0  0 -61.6517 2
1388143529.266272451 0.559409 -0.0691016 0 -171.336 0 0  0 0.624022 2
1388143529.366324348 0.559409 -0.0691016 0 -168.513 0 0  0 0.492451 2
1388143529.466374431 0.559409 -0.0691016 0 -163.087 0 0  0 0.946541 2
1388143529.566255569 0.559409 -0.0691016 0 -156.842 0 0  0 1.09126 2
1388143529.666359288 0.559409 -0.0691016 0 -151.646 0 0  0 0.905934 2
1388143529.766248392 0.559409 -0.0691016 0 -146.637 0 0  0 0.875206 2
1388143529.866234570 0.559409 -0.0691016 0 -148.911 0 0  0 -0.396942 2
1388143529.966302462 0.559409 -0.0691016 0 -157.107 0 0  0 -1.4295 2
1388143530.066264542 0.559409 -0.0691016 0 -168.451 0 0  0 -1.98065 2
1388143530.166345704 0.559409 -0.0691016 0 -178.322 0 0  0 -1.72142 2
1388143530.266300244 0.559409 -0.0691016 0 171.201 0 0  0 61.031 2
1388143530.366256320 0.559409 -0.0691016 0 161.337 0 0  0 -1.72235 2
1388143530.466258983 0.559409 -0.0691016 0 152.186 0 0  0 -1.59711 2
1388143530.566486604 0.559409 -0.0691016 0 145.873 0 0  0 -1.09932 2
1388143530.666256901 0.559409 -0.0691016 0 141.227 0 0  0 -0.812747 2
1388143530.766407414 0.559409 -0.0691016 0 136.948 0 0  0 -0.745704 2
1388143530.866351484 0.559409 -0.0691016 0 136.338 0 0  0 -0.106525 2
1388143530.966383339 0.559409 -0.0691016 0 141.168 0 0  0 0.842726 2
1388143531.066333479 0.559409 -0.0691016 0 145.69 0 0  0 0.789631 2
1388143531.166374133 0.559409 -0.0691016 0 147.124 0 0  0 0.250179 2
1388143531.266414782 0.559409 -0.0691016 0 148.991 0 0  0 0.325721 2
1388143531.366338454 0.559409 -0.0691016 0 152.972 0 0  0 0.695346 2
1388143531.466261499 0.559409 -0.0691016 0 157.625 0 0  0 0.812727 2
1388143531.566266045 0.559409 -0.0691016 0 162.342 0 0  0 0.823234 2
1388143531.666465725 0.559409 -0.0691016 0 166.449 0 0  0 0.715378 2
1388143531.766362372 0.559409 -0.0691016 0 167.727 0 0  0 0.223284 2
1388143531.866325572 0.559409 -0.0691016 0 166.901 0 0  0 -0.144217 2
1388143531.966475944 0.559409 -0.0691016 0 167.52 0 0  0 0.107874 2
1388143532.066480138 0.559409 -0.0691016 0 168.654 0 0  0 0.197912 2
1388143532.166222089 0.559409 -0.0691016 0 173.366 0 0  0 0.824527 2
1388143532.266493290 0.559409 -0.0691016 0 176.951 0 0  0 0.624008 2
1388143532.366426598 0.559409 -0.0691016 0 177.896 0 0  0 0.165044 2
1388143532.466392173 0.559409 -0.0691016 0 178.198 0 0  0 0.0527271 2
1388143532.566353691 0.559409 -0.0691016 0 179.588 0 0  0 0.242694 2
1388143532.666388553 0.559409 -0.0691016 0 -178.949 0 0  0 -62.5547 2
1388143532.766257331 0.559409 -0.0691016 0 -178.339 0 0  0 0.106605 2
1388143532.866319843 0.559409 -0.0691016 0 178.65 0 0  0 62.2674 2
1388143532.966347230 0.559409 -0.0691016 0 175.106 0 0  0 -0.618375 2
1388143533.066263425 0.559409 -0.0691016 0 175.973 0 0  0 0.151447 2
1388143533.166269857 0.559409 -0.0691016 0 179.37 0 0  0 0.59285 2
1388143533.266293471 0.559409 -0.0691016 0 -176.644 0 0  0 -62.1215 2
1388143533.366279020 0.559409 -0.0691016 0 -172.741 0 0  0 0.6813 2
1388143533.466257514 0.559409 -0.0691016 0 -171.067 0 0  0 0.292231 2
1388143533.566305922 0.559409 -0.0691016 0 -170.076 0 0  0 0.172879 2
1388143533.666401332 0.559409 -0.0691016 0 -169.367 0 0  0 0.123626 2
1388143533.766253697 0.559409 -0.0691016 0 -170.507 0 0  0 -0.199262 2
1388143533.866360214 0.559409 -0.0691016 0 -172.597 0 0  0 -0.364385 2
1388143533.966455344 0.559409 -0.0691016 0 -178.102 0 0  0 -0.959891 2
1388143534.066537689 0.559409 -0.0691016 0 177.111 0 0  0 61.9454 2
1388143534.166392153 0.559409 -0.0691016 0 175.425 0 0  0 -0.294691 2
1388143534.266245981 0.559409 -0.0691016 0 176.993 0 0  0 0.274068 2
1388143534.366343067 0.559409 -0.0691016 0 -179.733 0 0  0 -62.2 2
1388143534.466273231 0.559409 -0.0691016 0 -177.422 0 0  0 0.403627 2
1388143534.566295521 0.559409 -0.0691016 0 -176.419 0 0  0 0.175018 2
1388143534.666498410 0.559409 -0.0691016 0 -174.119 0 0  0 0.400613 2
1388143534.766257606 0.559409 -0.0691016 0 -173.825 0 0  0 0.0514367 2
1388143534.866268720 0.559409 -0.0691016 0 -175.288 0 0  0 -0.255313 2
1388143534.966324040 0.559409 -0.0691016 0 176.64 0 0  0 61.3891 2
1388143535.066480914 0.559409 -0.0691016 0 168.599 0 0  0 -1.40122 2
1388143535.166259313 0.559409 -0.0691016 0 165.829 0 0  0 -0.48453 2
1388143535.266295285 0.559409 -0.0691016 0 167.167 0 0  0 0.233441 2
1388143535.366358433 0.559409 -0.0691016 0 170.732 0 0  0 0.621817 2
1388143535.466296071 0.559409 -0.0691016 0 170.733 0 0  0 0.000174645 2
1388143535.566376047 0.559409 -0.0691016 0 170.445 0 0  0 -0.0502253 2
1388143535.666273105 0.559409 -0.0691016 0 170.166 0 0  0 -0.0487449 2
1388143535.766462035 0.559409 -0.0691016 0 168.806 0 0  0 -0.236917 2
1388143535.866280590 0.559409 -0.0691016 0 169.101 0 0  0 0.0515808 2
1388143535.966261952 0.559409 -0.0691016 0 167.338 0 0  0 -0.307759 2
1388143536.066383407 0.559409 -0.0691016 0 166.102 0 0  0 -0.215461 2
1388143536.166255753 0.559409 -0.0691016 0 166.537 0 0  0 0.0760189 2
1388143536.266465490 0.559409 -0.0691016 0 168.231 0 0  0 0.29504 2
1388143536.366405014 0.559409 -0.0691016 0 169.235 0 0  0 0.175337 2
1388143536.466428348 0.559409 -0.0691016 0 168.394 0 0  0 -0.146748 2
1388143536.566251169 0.559409 -0.0691016 0 166.573 0 0  0 -0.318389 2
1388143536.666361737 0.559409 -0.0691016 0 164.95 0 0  0 -0.282954 2
1388143536.766384999 0.559409 -0.0691016 0 164.093 0 0  0 -0.14954 2
1388143536.866274937 0.559409 -0.0691016 0 163.201 0 0  0 -0.155855 2
1388143536.966364969 0.559409 -0.0691016 0 161.49 0 0  0 -0.298357 2
1388143537.066231019 0.559409 -0.0691016 0 161.115 0 0  0 -0.0655376 2
1388143537.166238503 0.559409 -0.0691016 0 160.646 0 0  0 -0.0818498 2
1388143537.266265327 0.559409 -0.0691016 0 159.918 0 0  0 -0.127026 2
1388143537.366243053 0.559409 -0.0691016 0 160.611 0 0  0 0.120978 2
1388143537.466317720 0.559409 -0.0691016 0 160.708 0 0  0 0.0169171 2
1388143537.566305367 0.559409 -0.0691016 0 161.162 0 0  0 0.0792477 2
1388143537.666359642 0.559409 -0.0691016 0 161.622 0 0  0 0.0802416 2
1388143537.766297906 0.559409 -0.0691016 0 162.598 0 0  0 0.170449 2
1388143537.866375718 0.559409 -0.0691016 0 162.674 0 0  0 0.0132541 2
1388143537.966360850 0.559409 -0.0691016 0 162.632 0 0  0 -0.00733144 2
1388143538.066358832 0.559409 -0.0691016 0 162.521 0 0  0 -0.0193736 2
1388143538.166340188 0.559409 -0.0691016 0 162.475 0 0  0 -0.00802993 2
1388143538.266357239 0.559409 -0.0691016 0 162.109 0 0  0 -0.0638682 2
1388143538.366461869 0.559409 -0.0691016 0 161.585 0 0  0 -0.0913597 2
1388143538.466376454 0.559409 -0.0691016 0 161.619 0 0  0 0.0059391 2
1388143538.566430105 0.559409 -0.0691016 0 161.547 0 0  0 -0.0125596 2
1388143538.666531241 0.559409 -0.0691016 0 161.587 0 0  0 0.00697426 2
1388143538.766274368 0.559409 -0.0691016 0 161.575 0 0  0 -0.0020998 2
1388143538.866314956 0.559409 -0.0691016 0 161.477 0 0  0 -0.0170972 2
1388143538.966273683 0.559409 -0.0691016 0 161.415 0 0  0 -0.0108256 2
1388143539.066233327 0.559409 -0.0691016 0 161.361 0 0  0 -0.00942857 2
1388143539.166332504 0.559409 -0.0691016 0 161.328 0 0  0 -0.00575388 2
1388143539.266424566 0.559409 -0.0691016 0 161.262 0 0  0 -0.0115086 2
1388143539.366396422 0.559409 -0.0691016 0 161.214 0 0  0 -0.00838 2
1388143539.466380089 0.559409 -0.0691016 0 161.125 0 0  0 -0.0155359 2
1388143539.566466210 0.559409 -0.0691016 0 160.804 0 0  0 -0.0559769 2
1388143539.666341898 0.559409 -0.0691016 0 160.284 0 0  0 -0.09087 2
1388143539.766380178 0.559409 -0.0691016 0 160.106 0 0  0 -0.0310551 2
1388143539.866484529 0.559409 -0.0691016 0 160.146 0 0  0 0.00697403 2
1388143539.966334237 0.559409 -0.0691016 0 160.124 0 0  0 -0.00384556 2
1388143540.066258606 0.559409 -0.0691016 0 160.087 0 0  0 -0.00646255 2
1388143540.166255684 0.559409 -0.0691016 0 160.057 0 0  0 -0.00523609 2
1388143540.266317979 0.559409 -0.0691016 0 160.026 0 0  0 -0.00540718 2
1388143540.366269311 0.559409 -0.0691016 0 160.006 0 0  0 -0.00349244 2
1388143540.466676983 0.559409 -0.0691016 0 159.963 0 0  0 -0.00747432 2
1388143540.566312001 0.559409 -0.0691016 0 159.927 0 0  0 -0.00630625 2
1388143540.666313471 0.559409 -0.0691016 0 159.886 0 0  0 -0.00715581 2
1388143540.766309708 0.559409 -0.0691016 0 159.856 0 0  0 -0.00523614 2
1388143540.866318234 0.559409 -0.0691016 0 159.822 0 0  0 -0.00593368 2
1388143540.966317757 0.559409 -0.0691016 0 159.662 0 0  0 -0.0279254 2
1388143541.066344723 0.559409 -0.0691016 0 157.071 0 0  0 -0.452093 2
1388143541.166322029 0.559409 -0.0691016 0 157.682 0 0  0 0.106664 2
1388143541.266218672 0.559409 -0.0691016 0 155.782 0 0  0 -0.331956 2
1388143541.366264007 0.559409 -0.0691016 0 150.486 0 0  0 -0.923908 2
1388143541.466291183 0.559409 -0.0691016 0 146.2 0 0  0 -0.747845 2
1388143541.566239922 0.559409 -0.0691016 0 141.525 0 0  0 -0.81636 2
1388143541.666305372 0.559409 -0.0691016 0 139.011 0 0  0 -0.438489 2
1388143541.766217868 0.559409 -0.0691016 0 138.522 0 0  0 -0.0854214 2
1388143541.866408052 0.559409 -0.0691016 0 139.316 0 0  0 0.138316 2
1388143541.966282629 0.559409 -0.0691016 0 141.903 0 0  0 0.452084 2
1388143542.066365186 0.559409 -0.0691016 0 145.092 0 0  0 0.556126 2
1388143542.166257146 0.559409 -0.0691016 0 145.745 0 0  0 0.114093 2
1388143542.266344171 0.559409 -0.0691016 0 146.294 0 0  0 0.0957352 2
1388143542.366259677 0.559409 -0.0691016 0 146.091 0 0  0 -0.03546 2
1388143542.466326450 0.559409 -0.0691016 0 144.549 0 0  0 -0.26895 2
1388143542.566248725 0.559409 -0.0691016 0 143.276 0 0  0 -0.222353 2
1388143542.666392257 0.559409 -0.0691016 0 143.703 0 0  0 0.0744188 2
1388143542.766405952 0.559409 -0.0691016 0 145.291 0 0  0 0.27712 2
1388143542.866282896 0.559409 -0.0691016 0 146.665 0 0  0 0.240104 2
1388143542.966357009 0.559409 -0.0691016 0 145.443 0 0  0 -0.213121 2
1388143543.066359670 0.559409 -0.0691016 0 144.948 0 0  0 -0.0863916 2
1388143543.166221316 0.559409 -0.0691016 0 143.094 0 0  0 -0.324032 2
1388143543.266317148 0.559409 -0.0691016 0 143.181 0 0  0 0.0151698 2
1388143543.366269940 0.559409 -0.0691016 0 144.43 0 0  0 0.218094 2
1388143543.466398807 0.559409 -0.0691016 0 143.729 0 0  0 -0.12219 2
1388143543.566249281 0.559409 -0.0691016 0 143.447 0 0  0 -0.0492919 2
1388143543.666261439 0.559409 -0.0691016 0 143.309 0 0  0 -0.0240827 2
1388143543.766405813 0.559409 -0.0691016 0 143.904 0 0  0 0.103698 2
1388143543.866258942 0.559409 -0.0691016 0 143.522 0 0  0 -0.0667696 2
1388143543.966363987 0.559409 -0.0691016 0 144.302 0 0  0 0.135993 2
1388143544.066269784 0.559409 -0.0691016 0 143.46 0 0  0 -0.147095 2
1388143544.166358129 0.559409 -0.0691016 0 143.984 0 0  0 0.0913746 2
1388143544.266252330 0.559409 -0.0691016 0 143.118 0 0  0 -0.151306 2
1388143544.366266039 0.559409 -0.0691016 0 142.81 0 0  0 -0.0537485 2
1388143544.466495609 0.559409 -0.0691016 0 142.558 0 0  0 -0.0438817 2
1388143544.566262971 0.559409 -0.0691016 0 138.017 0 0  0 -0.794402 2
1388143544.666734614 0.559409 -0.0691016 0 138.639 0 0  0 0.10805 2
1388143544.766253491 0.559409 -0.0691016 0 140.653 0 0  0 0.353209 2
1388143544.866614921 0.559409 -0.0691016 0 142.741 0 0  0 0.363112 2
1388143544.966264675 0.559409 -0.0691016 0 144.561 0 0  0 0.318766 2
1388143545.066500326 0.559409 -0.0691016 0 146.102 0 0  0 0.268323 2
1388143545.166489088 0.559409 -0.0691016 0 146.602 0 0  0 0.0872763 2
1388143545.266269730 0.559409 -0.0691016 0 149.175 0 0  0 0.45006 2
1388143545.366371980 0.559409 -0.0691016 0 150.359 0 0  0 0.206436 2
1388143545.466229932 0.559409 -0.0691016 0 150.856 0 0  0 0.0868662 2
1388143545.566256052 0.559409 -0.0691016 0 153.935 0 0  0 0.537247 2
1388143545.666422361 0.559409 -0.0691016 0 160.077 0 0  0 1.0702 2
1388143545.766465723 0.559409 -0.0691016 0 161.296 0 0  0 0.212663 2
1388143545.866344153 0.559409 -0.0691016 0 161.009 0 0  0 -0.0501519 2
1388143545.966461283 0.559409 -0.0691016 0 162.048 0 0  0 0.181128 2
1388143546.066335293 0.559409 -0.0691016 0 160.407 0 0  0 -0.28677 2
1388143546.166244091 0.559409 -0.0691016 0 158.334 0 0  0 -0.362137 2
1388143546.266253313 0.559409 -0.0691016 0 158.435 0 0  0 0.0176263 2
1388143546.366269648 0.559409 -0.0691016 0 159.064 0 0  0 0.109763 2
1388143546.466496791 0.559409 -0.0691016 0 158.362 0 0  0 -0.122245 2
1388143546.566267093 0.559409 -0.0691016 0 158.406 0 0  0 0.00769724 2
1388143546.666257179 0.559409 -0.0691016 0 158.372 0 0  0 -0.00593478 2
1388143546.766514565 0.559409 -0.0691016 0 158.336 0 0  0 -0.0062671 2
1388143546.866265930 0.559409 -0.0691016 0 158.315 0 0  0 -0.00367431 2
1388143546.966357427 0.559409 -0.0691016 0 158.31 0 0  0 -0.000871721 2
1388143547.066364275 0.559409 -0.0691016 0 158.271 0 0  0 -0.00680641 2
1388143547.166363029 0.559409 -0.0691016 0 158.167 0 0  0 -0.0181517 2
1388143547.266384128 0.559409 -0.0691016 0 158.09 0 0  0 -0.0134361 2
1388143547.366361996 0.559409 -0.0691016 0 158.164 0 0  0 0.0129182 2
1388143547.466420736 0.559409 -0.0691016 0 158.158 0 0  0 -0.00104651 2
1388143547.566279244 0.559409 -0.0691016 0 158.174 0 0  0 0.00279645 2
1388143547.666272332 0.559409 -0.0691016 0 158.013 0 0  0 -0.0281018 2
1388143547.766268507 0.559409 -0.0691016 0 157.726 0 0  0 -0.0500928 2
1388143547.866352800 0.559409 -0.0691016 0 157.748 0 0  0 0.00383655 2
1388143547.966387461 0.559409 -0.0691016 0 157.583 0 0  0 -0.0287879 2
1388143548.066260846 0.559409 -0.0691016 0 157.341 0 0  0 -0.0422906 2
1388143548.166395994 0.559409 -0.0691016 0 157.119 0 0  0 -0.038694 2
1388143573.166275305 0.559409 -0.0691016 0 170.481 0 0  0 0.00932848 0
1388143573.266263430 0.559409 -0.0691016 0 170.481 0 0  0 0 0
1388143573.366487143 0.559409 -0.0691016 0 170.481 0 0  0 0 0
1388143573.466474727 0.559409 -0.0691016 0 170.481 0 0  0 0 0
1388143573.566288313 0.559409 -0.0691016 0 170.481 0 0  0 0 0
1388143573.666385687 0.559409 -0.0691016 0 170.481 0 0  0 0 0
1388143573.766241759 0.559409 -0.0691016 0 170.481 0 0  0 0 0
1388143573.866245113 0.559409 -0.0691016 0 170.576 0 0  0 0.0165801 2
1388143573.966342624 0.559409 -0.0691016 0 170.576 0 0  0 0 2
1388143574.066291711 0.559409 -0.0691016 0 170.575 0 0  0 -0.000174622 2
1388143574.166238505 0.559409 -0.0691016 0 170.576 0 0  0 0.000174626 2
1388143574.266348715 0.559409 -0.0691016 0 170.576 0 0  0 0 2
1388143574.366294521 0.559409 -0.0691016 0 170.574 0 0  0 -0.000349255 2
1388143574.466474581 0.559409 -0.0691016 0 170.573 0 0  0 -0.00017422 2
1388143574.566335460 0.559409 -0.0691016 0 170.576 0 0  0 0.000524328 2
1388143574.666290917 0.559409 -0.0691016 0 170.576 0 0  0 0 2
1388143574.766231703 0.559409 -0.0691016 0 170.577 0 0  0 0.000174637 2
1388143574.866239243 0.559409 -0.0691016 0 170.576 0 0  0 -0.00017452 2
1388143574.966289184 0.559409 -0.0691016 0 170.576 0 0  0 0 2
1388143575.066264950 0.559409 -0.0691016 0 170.576 0 0  0 0 2
1388143575.166307227 0.559409 -0.0691016 0 170.575 0 0  0 -0.00017446 2
1388143575.266269649 0.559409 -0.0691016 0 170.575 0 0  0 0 2
1388143575.366251443 0.559409 -0.0691016 0 170.573 0 0  0 -0.000349129 2
1388143575.466397057 0.559409 -0.0691016 0 170.571 0 0  0 -0.000348558 2
1388143575.566240142 0.559409 -0.0691016 0 170.571 0 0  0 0 2
1388143575.666228824 0.559409 -0.0691016 0 170.57 0 0  0 -0.000174553 2
1388143575.766329540 0.559409 -0.0691016 0 170.57 0 0  0 0 2
1388143575.866320197 0.559409 -0.0691016 0 170.57 0 0  0 0 2
1388143575.966234231 0.559409 -0.0691016 0 170.569 0 0  0 -0.000174683 2
1388143576.066328030 0.559409 -0.0691016 0 170.57 0 0  0 0.00017437 2
1388143576.166386422 0.559409 -0.0691016 0 170.568 0 0  0 -0.000348863 2
1388143576.266317629 0.559409 -0.0691016 0 170.568 0 0  0 0 2
1388143576.366254860 0.559409 -0.0691016 0 170.567 0 0  0 -0.000174642 2
1388143576.466253749 0.559409 -0.0691016 0 170.564 0 0  0 -0.000523606 2
1388143576.566304321 0.559409 -0.0691016 0 170.567 0 0  0 0.000523335 2
1388143576.666317806 0.559409 -0.0691016 0 170.567 0 0  0 0 2
1388143576.766438923 0.559409 -0.0691016 0 170.564 0 0  0 -0.000522966 2
1388143576.866253632 0.559409 -0.0691016 0 170.56 0 0  0 -0.000699426 2
1388143576.966263703 0.559409 -0.0691016 0 170.559 0 0  0 -0.000174516 2
1388143577.066262033 0.559409 -0.0691016 0 170.557 0 0  0 -0.000349072 2
1388143577.166327557 0.559409 -0.0691016 0 170.561 0 0  0 0.000697675 2
1388143577.266482529 0.559409 -0.0691016 0 170.559 0 0  0 -0.000348525 2
1388143577.366385317 0.559409 -0.0691016 0 170.559 0 0  0 0 2
1388143577.466260252 0.559409 -0.0691016 0 170.559 0 0  0 0 2
1388143577.566354251 0.559409 -0.0691016 0 170.56 0 0  0 0.000174369 2
1388143577.666379267 0.559409 -0.0691016 0 170.561 0 0  0 0.000174488 2
1388143577.766461677 0.559409 -0.0691016 0 170.558 0 0  0 -0.000523167 2
1388143577.866263490 0.559409 -0.0691016 0 170.554 0 0  0 -0.000699518 2
1388143577.966365520 0.559409 -0.0691016 0 170.552 0 0  0 -0.000348709 2
1388143578.066357078 0.559409 -0.0691016 0 170.549 0 0  0 -0.000523643 2
1388143578.166228230 0.559409 -0.0691016 0 170.549 0 0  0 0 2
1388143578.266374196 0.559409 -0.0691016 0 170.547 0 0  0 -0.000348558 2
1388143578.366304307 0.559409 -0.0691016 0 170.548 0 0  0 0.000174655 2
1388143578.466398537 0.559409 -0.0691016 0 170.547 0 0  0 -0.000174369 2
1388143578.566313329 0.559409 -0.0691016 0 170.547 0 0  0 0 2
1388143578.666271438 0.559409 -0.0691016 0 170.545 0 0  0 -0.000349212 2
1388143578.766512038 0.559409 -0.0691016 0 170.542 0 0  0 -0.000522342 2
1388143578.866275977 0.559409 -0.0691016 0 170.541 0 0  0 -0.000174946 2
1388143578.966368386 0.559409 -0.0691016 0 170.538 0 0  0 -0.000523115 2
1388143579.066276071 0.559409 -0.0691016 0 170.537 0 0  0 -0.000174694 2
1388143579.166326779 0.559409 -0.0691016 0 170.538 0 0  0 0.000174444 2
1388143579.266290054 0.559409 -0.0691016 0 170.536 0 0  0 -0.000349194 2
1388143579.366406408 0.559409 -0.0691016 0 170.539 0 0  0 0.00052299 2
1388143579.466358306 0.559409 -0.0691016 0 170.537 0 0  0 -0.000349233 2
1388143579.566474943 0.559409 -0.0691016 0 170.537 0 0  0 0 2
1388143579.666545835 0.559409 -0.0691016 0 170.54 0 0  0 0.000523228 2
1388143579.766297066 0.559409 -0.0691016 0 170.536 0 0  0 -0.000699873 2
1388143579.866401904 0.559409 -0.0691016 0 170.536 0 0  0 0 2
1388143579.966460863 0.559409 -0.0691016 0 170.536 0 0  0 0 2
1388143580.066284863 0.559409 -0.0691016 0 170.534 0 0  0 -0.000349681 2
1388143580.166260363 0.559409 -0.0691016 0 170.536 0 0  0 0.000349151 2
1388143580.266266163 0.559409 -0.0691016 0 170.535 0 0  0 -0.000174523 2
1388143580.366341947 0.559409 -0.0691016 0 170.535 0 0  0 0 2
1388143580.466325897 0.559409 -0.0691016 0 170.535 0 0  0 0 2
1388143580.566324423 0.559409 -0.0691016 0 170.535 0 0  0 0 2
1388143580.666265987 0.559409 -0.0691016 0 170.535 0 0  0 0 2
1388143580.766407269 0.559409 -0.0691016 0 170.536 0 0  0 0.000174286 2
1388143580.866280657 0.559409 -0.0691016 0 170.532 0 0  0 -0.000699017 2
1388143580.966344085 0.559409 -0.0691016 0 170.531 0 0  0 -0.000174422 2
1388143581.066398993 0.559409 -0.0691016 0 170.534 0 0  0 0.000523311 2
1388143581.166262514 0.559409 -0.0691016 0 170.534 0 0  0 0 2
1388143581.266262950 0.559409 -0.0691016 0 170.533 0 0  0 -0.000174532 2
1388143581.366410258 0.559409 -0.0691016 0 170.531 0 0  0 -0.000348552 2
1388143581.466401255 0.559409 -0.0691016 0 170.533 0 0  0 0.000349097 2
1388143581.566330371 0.559409 -0.0691016 0 170.531 0 0  0 -0.000349314 2
1388143581.666409648 0.559409 -0.0691016 0 170.533 0 0  0 0.000348789 2
1388143581.766261101 0.559409 -0.0691016 0 170.53 0 0  0 -0.000524378 2
1388143581.866251961 0.559409 -0.0691016 0 170.529 0 0  0 -0.000174549 2
1388143581.966279482 0.559409 -0.0691016 0 170.528 0 0  0 -0.000174485 2
1388143582.066282067 0.559409 -0.0691016 0 170.526 0 0  0 -0.000349056 2
1388143582.166486985 0.559409 -0.0691016 0 170.527 0 0  0 0.000174176 2
1388143582.266484556 0.559409 -0.0691016 0 170.526 0 0  0 -0.000174537 2
1388143582.466326664 0.559409 -0.0691016 0 170.526 0 0  0 0 2
1388143582.766335750 0.559409 -0.0691016 0 170.524 0 0  0 -0.000116352 2
1388143582.966482798 0.559409 -0.0691016 0 170.52 0 0  0 -0.000348809 2
1388143583.266483922 0.559409 -0.0691016 0 170.521 0 0  0 5.81773e-05 2
1388143583.566477386 0.559409 -0.0691016 0 170.591 0 0  0 0.00407252 2
1388143583.766485562 0.559409 -0.0691016 0 169.034 0 0  0 -0.135868 2
1388143583.866315941 0.559409 -0.0691016 0 -171.201 0 0  0 -59.4831 2
1388143583.966400302 0.559409 -0.0691016 0 -167.606 0 0  0 0.626917 2
1388143584.066251132 0.559409 -0.0691016 0 -167.61 0 0  0 -0.000699124 2
1388143584.166260851 0.559409 -0.0691016 0 -166.766 0 0  0 0.147291 2
1388143584.266243193 0.559409 -0.0691016 0 -167.714 0 0  0 -0.165486 2
1388143584.366514663 0.559409 -0.0691016 0 -168.486 0 0  0 -0.134375 2
1388143584.466242298 0.559409 -0.0691016 0 -173.525 0 0  0 -0.881873 2
1388143584.566268979 0.559409 -0.0691016 0 -177.605 0 0  0 -0.711905 2
1388143584.666318371 0.559409 -0.0691016 0 176.941 0 0  0 61.8494 2
1388143584.766496044 0.559409 -0.0691016 0 174.131 0 0  0 -0.489568 2
1388143584.866464208 0.559409 -0.0691016 0 173.167 0 0  0 -0.168303 2
1388143585.066492575 0.559409 -0.0691016 0 168.249 0 0  0 -0.429116 2
1388143585.266483856 0.559409 -0.0691016 0 162.449 0 0  0 -0.506168 2
1388143585.766508138 0.559409 -0.0691016 0 167.94 0 0  0 0.191663 2
1388143586.066505369 0.559409 -0.0691016 0 167.43 0 0  0 -0.0296709 2
1388143586.766491441 0.559409 -0.0691016 0 167.079 0 0  0 -0.00875175 2
1388143587.266410667 0.559409 -0.0691016 0 168.576 0 0  0 0.0522636 2
1388143587.666468668 0.559409 -0.0691016 0 171.445 0 0  0 0.125166 2
1388143587.966472033 0.559409 -0.0691016 0 173.891 0 0  0 0.142301 2
1388143588.066281791 0.559409 -0.0691016 0 174.21 0 0  0 0.0557821 2
1388143588.166478481 0.559409 -0.0691016 0 172.938 0 0  0 -0.22157 2
1388143588.266240683 0.559409 -0.0691016 0 169.777 0 0  0 -0.553014 2
1388143588.366275323 0.559409 -0.0691016 0 168.9 0 0  0 -0.153012 2
1388143588.466323726 0.559409 -0.0691016 0 170.222 0 0  0 0.230621 2
1388143588.566476473 0.559409 -0.0691016 0 170.977 0 0  0 0.131571 2
1388143588.666279947 0.559409 -0.0691016 0 170.747 0 0  0 -0.0402216 2
1388143588.766353854 0.559409 -0.0691016 0 171.329 0 0  0 0.101503 2
1388143588.866287148 0.559409 -0.0691016 0 171.918 0 0  0 0.102869 2
1388143589.066384678 0.559409 -0.0691016 0 172.177 0 0  0 0.022591 2
1388143589.166458640 0.559409 -0.0691016 0 172.154 0 0  0 -0.00401129 2
1388143589.266472124 0.559409 -0.0691016 0 172.118 0 0  0 -0.00628234 2
1388143589.566400710 0.559409 -0.0691016 0 171.594 0 0  0 -0.0304923 2
1388143589.766390520 0.559409 -0.0691016 0 171.486 0 0  0 -0.00942526 2
1388143590.166469179 0.559409 -0.0691016 0 170.915 0 0  0 -0.0249097 2
1388143590.766479631 0.559409 -0.0691016 0 171.047 0 0  0 0.00383966 2
1388143590.866457147 0.559409 -0.0691016 0 171.046 0 0  0 -0.00017457 2
1388143591.366352291 0.559409 -0.0691016 0 171.018 0 0  0 -0.000977589 2
1388143591.666487238 0.559409 -0.0691016 0 171.015 0 0  0 -0.000174456 2
1388143592.066481533 0.559409 -0.0691016 0 171.018 0 0  0 0.000130902 2
1388143592.266345575 0.559409 -0.0691016 0 171.015 0 0  0 -0.000261979 2
1388143592.366542669 0.559409 -0.0691016 0 171.016 0 0  0 0.000174198 2
1388143592.466401887 0.559409 -0.0691016 0 171.016 0 0  0 0 2
1388143592.966468896 0.559409 -0.0691016 0 171.014 0 0  0 -6.9805e-05 2
1388143593.466373881 0.559409 -0.0691016 0 171.015 0 0  0 3.49128e-05 2
1388143593.566461802 0.559409 -0.0691016 0 171.015 0 0  0 0 2
1388143593.866465670 0.559409 -0.0691016 0 171.015 0 0  0 0 2
1388143594.166480713 0.559409 -0.0691016 0 171.014 0 0  0 -5.8174e-05 2
1388143594.466436313 0.559409 -0.0691016 0 171.016 0 0  0 0.000116374 2
1388143594.666285955 0.559409 -0.0691016 0 171.018 0 0  0 0.000174662 2
1388143594.866301062 0.559409 -0.0691016 0 171.021 0 0  0 0.000261781 2
1388143594.966492219 0.559409 -0.0691016 0 171.02 0 0  0 -0.000174208 2
1388143595.166488601 0.559409 -0.0691016 0 171.019 0 0  0 -8.72669e-05 2
1388143595.266497198 0.559409 -0.0691016 0 171.019 0 0  0 0 2
1388143595.666403223 0.559409 -0.0691016 0 171.016 0 0  0 -0.000130929 2
1388143596.066279707 0.559409 -0.0691016 0 171.013 0 0  0 -0.000130941 2
1388143596.166248136 0.559409 -0.0691016 0 171.014 0 0  0 0.000174586 2
1388143596.266276852 0.559409 -0.0691016 0 171.013 0 0  0 -0.000174481 2
1388143596.366273924 0.559409 -0.0691016 0 171.012 0 0  0 -0.000174536 2
1388143596.466383513 0.559409 -0.0691016 0 171.01 0 0  0 -0.00034869 2
1388143596.566264513 0.559409 -0.0691016 0 171.01 0 0  0 0 2
1388143596.666357265 0.559409 -0.0691016 0 171.01 0 0  0 0 2
1388143596.766322144 0.559409 -0.0691016 0 171.013 0 0  0 0.000523786 2
1388143596.866358820 0.559409 -0.0691016 0 171.015 0 0  0 0.000348933 2
1388143596.966293106 0.559409 -0.0691016 0 171.017 0 0  0 0.000349301 2
1388143597.066341371 0.559409 -0.0691016 0 171.019 0 0  0 0.000348893 2
1388143597.166250444 0.559409 -0.0691016 0 171.019 0 0  0 0 2
1388143597.266233485 0.559409 -0.0691016 0 171.02 0 0  0 0.00017456 2
1388143597.366399429 0.559409 -0.0691016 0 171.022 0 0  0 0.000348493 2
1388143597.466261081 0.559409 -0.0691016 0 171.023 0 0  0 0.000174772 2
1388143597.566346640 0.559409 -0.0691016 0 171.023 0 0  0 0 2
1388143597.666230712 0.559409 -0.0691016 0 171.021 0 0  0 -0.000349466 2
1388143597.766257745 0.559409 -0.0691016 0 171.018 0 0  0 -0.000523461 2
1388143597.866479716 0.559409 -0.0691016 0 171.017 0 0  0 -0.000174144 2
1388143597.966248895 0.559409 -0.0691016 0 171.021 0 0  0 0.000699748 2
1388143598.066374822 0.559409 -0.0691016 0 171.021 0 0  0 0 2
1388143598.166477983 0.559409 -0.0691016 0 171.022 0 0  0 0.000174351 2
1388143598.266379725 0.559409 -0.0691016 0 171.023 0 0  0 0.000174702 2
1388143598.366339299 0.559409 -0.0691016 0 171.024 0 0  0 0.000174601 2
1388143598.466262896 0.559409 -0.0691016 0 171.02 0 0  0 -0.000698667 2
1388143598.566351672 0.559409 -0.0691016 0 171.021 0 0  0 0.000174386 2
1388143598.666371644 0.559409 -0.0691016 0 171.022 0 0  0 0.000174496 2
1388143598.766493252 0.559409 -0.0691016 0 171.023 0 0  0 0.000174319 2
1388143598.866260343 0.559409 -0.0691016 0 171.022 0 0  0 -0.000174938 2
1388143599.066361769 0.559409 -0.0691016 0 171.018 0 0  0 -0.00034889 2
1388143599.166453123 0.559409 -0.0691016 0 171.016 0 0  0 -0.000348743 2
1388143599.266471702 0.559409 -0.0691016 0 171.016 0 0  0 0 2
1388143599.366280697 0.559409 -0.0691016 0 171.017 0 0  0 0.000174865 2
1388143599.466339655 0.559409 -0.0691016 0 171.015 0 0  0 -0.000348866 2
1388143599.566266533 0.559409 -0.0691016 0 171.012 0 0  0 -0.000523975 2
1388143599.666352870 0.559409 -0.0691016 0 171.012 0 0  0 0 2
1388143599.766361057 0.559409 -0.0691016 0 171.009 0 0  0 -0.00052356 2
1388143599.866356857 0.559409 -0.0691016 0 171.01 0 0  0 0.000174538 2
1388143599.966358687 0.559409 -0.0691016 0 171.008 0 0  0 -0.000349055 2
1388143600.066259309 0.559409 -0.0691016 0 171.008 0 0  0 0 2
1388143600.166553000 0.559409 -0.0691016 0 171.01 0 0  0 0.000348039 2
1388143600.266264284 0.559409 -0.0691016 0 171.009 0 0  0 -0.000175036 2
1388143600.366264640 0.559409 -0.0691016 0 171.008 0 0  0 -0.00017453 2
1388143600.466261361 0.559409 -0.0691016 0 171.005 0 0  0 -0.00052362 2
1388143600.566466561 0.559409 -0.0691016 0 171.004 0 0  0 -0.000174173 2
1388143600.666316189 0.559409 -0.0691016 0 171.001 0 0  0 -0.000524391 2
1388143600.766265851 0.559409 -0.0691016 0 170.999 0 0  0 -0.000349237 2
1388143600.866342827 0.559409 -0.0691016 0 170.998 0 0  0 -0.000174396 2
1388143600.966262930 0.559409 -0.0691016 0 170.999 0 0  0 0.00017467 2
1388143601.066440193 0.559409 -0.0691016 0 171 0 0  0 0.000174222 2
1388143601.266405074 0.559409 -0.0691016 0 170.996 0 0  0 -0.000349128 2
1388143601.366482537 0.559409 -0.0691016 0 170.994 0 0  0 -0.000348791 2
1388143601.466287479 0.559409 -0.0691016 0 170.993 0 0  0 -0.000174872 2
1388143601.566234900 0.559409 -0.0691016 0 170.995 0 0  0 0.000349245 2
1388143601.666260260 0.559409 -0.0691016 0 170.996 0 0  0 0.000174486 2
1388143601.766301957 0.559409 -0.0691016 0 170.998 0 0  0 0.000348926 2
1388143601.866461271 0.559409 -0.0691016 0 170.997 0 0  0 -0.000174263 2
1388143601.966290593 0.559409 -0.0691016 0 170.995 0 0  0 -0.000349658 2
1388143602.066344235 0.559409 -0.0691016 0 170.995 0 0  0 0 2
1388143602.166352135 0.559409 -0.0691016 0 170.994 0 0  0 -0.000174517 2
1388143602.266360794 0.559409 -0.0691016 0 170.992 0 0  0 -0.000349042 2
1388143602.366256954 0.559409 -0.0691016 0 170.993 0 0  0 0.000174723 2
1388143602.466455176 0.559409 -0.0691016 0 170.992 0 0  0 -0.000174196 2
1388143602.566351402 0.559409 -0.0691016 0 170.992 0 0  0 0 2
1388143602.666216750 0.559409 -0.0691016 0 170.991 0 0  0 -0.000174766 2
1388143602.766242662 0.559409 -0.0691016 0 170.991 0 0  0 0 2
1388143602.866420554 0.559409 -0.0691016 0 170.989 0 0  0 -0.000348442 2
1388143602.966417979 0.559409 -0.0691016 0 170.988 0 0  0 -0.000174535 2
1388143603.066274321 0.559409 -0.0691016 0 170.988 0 0  0 0 2
1388143603.166265041 0.559409 -0.0691016 0 170.988 0 0  0 0 2
1388143603.266373580 0.559409 -0.0691016 0 170.988 0 0  0 0 2
1388143603.366245570 0.559409 -0.0691016 0 170.987 0 0  0 -0.000174765 2
1388143603.466368568 0.559409 -0.0691016 0 170.985 0 0  0 -0.000348633 2
1388143603.566231411 0.559409 -0.0691016 0 170.979 0 0  0 -0.00104864 2
1388143603.666362171 0.559409 -0.0691016 0 170.979 0 0  0 0 2
1388143603.766271788 0.559409 -0.0691016 0 170.982 0 0  0 0.000524071 2
1388143603.866359376 0.559409 -0.0691016 0 170.979 0 0  0 -0.000523139 2
1388143603.966454438 0.559409 -0.0691016 0 170.977 0 0  0 -0.000348735 2
1388143604.066245129 0.559409 -0.0691016 0 170.977 0 0  0 0 2
1388143604.166437897 0.559409 -0.0691016 0 170.974 0 0  0 -0.00052259 2
1388143604.266327705 0.559409 -0.0691016 0 170.973 0 0  0 -0.000174723 2
1388143604.366359348 0.559409 -0.0691016 0 170.976 0 0  0 0.000523432 2
1388143604.466481425 0.559409 -0.0691016 0 170.977 0 0  0 0.000174318 2
1388143604.566264858 0.559409 -0.0691016 0 170.976 0 0  0 -0.000174909 2
1388143604.666358806 0.559409 -0.0691016 0 170.973 0 0  0 -0.000523106 2
1388143604.766228282 0.559409 -0.0691016 0 170.975 0 0  0 0.000349518 2
1388143604.866284789 0.559409 -0.0691016 0 170.973 0 0  0 -0.000348864 2
1388143604.966273061 0.559409 -0.0691016 0 170.975 0 0  0 0.000349102 2
1388143605.066310085 0.559409 -0.0691016 0 170.976 0 0  0 0.000174471 2
1388143605.166337464 0.559409 -0.0691016 0 170.977 0 0  0 0.000174483 2
1388143605.266361078 0.559409 -0.0691016 0 170.976 0 0  0 -0.000174489 2
1388143605.366466957 0.559409 -0.0691016 0 170.977 0 0  0 0.000174346 2
1388143605.466506017 0.559409 -0.0691016 0 170.976 0 0  0 -0.000174463 2
1388143605.566487578 0.559409 -0.0691016 0 170.974 0 0  0 -0.000349131 2
1388143605.666335269 0.559409 -0.0691016 0 170.969 0 0  0 -0.000873995 2
1388143605.766484112 0.559409 -0.0691016 0 170.969 0 0  0 0 2
