1388306158.984514940 0 0 0 22.277 0 0  0 0.0554971 2
1388306159.084535549 0 0 0 22.278 0 0  0 0.000174401 2
1388306159.184430868 0 0 0 22.279 0 0  0 0.00017462 2
1388306159.284503432 0 0 0 22.281 0 0  0 0.000348954 2
1388306159.384419705 0 0 0 22.279 0 0  0 -0.0003495 2
1388306159.484417895 0 0 0 22.279 0 0  0 0 2
1388306159.584506108 0 0 0 22.28 0 0  0 0.000174616 2
1388306159.684500599 0 0 0 22.285 0 0  0 0.000872566 2
1388306159.884431051 0 0 0 22.287 0 0  0 0.000174664 2
1388306159.984533170 0 0 0 22.286 0 0  0 -0.000174592 2
1388306160.084405572 0 0 0 22.287 0 0  0 0.000174993 2
1388306160.184379738 0 0 0 22.287 0 0  0 0 2
1388306160.284402863 0 0 0 22.284 0 0  0 -0.000523523 2
1388306160.384407204 0 0 0 22.283 0 0  0 -0.000174429 2
1388306160.484532712 0 0 0 22.285 0 0  0 0.000348437 2
1388306160.584533905 0 0 0 22.283 0 0  0 -0.00034887 2
1388306160.684538872 0 0 0 22.286 0 0  0 0.000523285 2
1388306160.784433839 0 0 0 22.285 0 0  0 -0.00017462 2
1388306160.884584974 0 0 0 22.287 0 0  0 0.00034868 2
1388306160.984420861 0 0 0 22.292 0 0  0 0.000873952 2
1388306161.084424362 0 0 0 22.292 0 0  0 0 2
1388306161.184508385 0 0 0 22.293 0 0  0 0.000174291 2
1388306161.284437714 0 0 0 22.293 0 0  0 0 2
1388306161.384425293 0 0 0 22.294 0 0  0 0.000174792 2
1388306161.484514558 0 0 0 22.295 0 0  0 0.000174281 2
1388306161.584570158 0 0 0 22.294 0 0  0 -0.00017434 2
1388306161.684537128 0 0 0 22.294 0 0  0 0 2
1388306161.784532386 0 0 0 22.296 0 0  0 0.000348891 2
1388306161.884398507 0 0 0 22.297 0 0  0 0.000175004 2
1388306161.984503628 0 0 0 22.298 0 0  0 0.000174254 2
1388306162.084507118 0 0 0 22.299 0 0  0 0.000174431 2
1388306162.184579553 0 0 0 22.3 0 0  0 0.000174311 2
1388306162.284506378 0 0 0 22.301 0 0  0 0.000174898 2
1388306162.384602760 0 0 0 22.302 0 0  0 0.000174269 2
1388306162.484437638 0 0 0 22.304 0 0  0 0.000349785 2
1388306162.584419788 0 0 0 22.305 0 0  0 0.000174468 2
1388306162.684535388 0 0 0 22.303 0 0  0 -0.000348804 2
1388306162.784417774 0 0 0 22.304 0 0  0 0.000174976 2
1388306162.884414503 0 0 0 22.307 0 0  0 0.000523328 2
1388306162.984514169 0 0 0 22.306 0 0  0 -0.000174263 2
1388306163.084457324 0 0 0 22.309 0 0  0 0.000523942 2
1388306163.184564049 0 0 0 22.308 0 0  0 -0.000174251 2
1388306163.284425914 0 0 0 22.31 0 0  0 0.000349357 2
1388306163.384426270 0 0 0 22.311 0 0  0 0.000174769 2
1388306163.484563931 0 0 0 22.311 0 0  0 0 2
1388306163.584528320 0 0 0 22.314 0 0  0 0.000523498 2
1388306163.684506748 0 0 0 22.316 0 0  0 0.000349282 2
1388306163.784532874 0 0 0 22.315 0 0  0 -0.000174391 2
1388306163.884543709 0 0 0 22.318 0 0  0 0.000523587 2
1388306163.984582266 0 0 0 22.318 0 0  0 0 2
1388306164.084393421 0 0 0 22.323 0 0  0 0.000874169 2
1388306164.184456143 0 0 0 22.326 0 0  0 0.000523316 2
1388306164.284515590 0 0 0 22.325 0 0  0 -0.000174333 2
1388306164.384443311 0 0 0 22.325 0 0  0 0 2
1388306164.484434100 0 0 0 22.324 0 0  0 -0.000174786 2
1388306164.584468958 0 0 0 22.324 0 0  0 0 2
1388306164.684507161 0 0 0 22.324 0 0  0 0 2
1388306164.884420856 0 0 0 22.327 0 0  0 0.000261935 2
1388306164.984593021 0 0 0 22.329 0 0  0 0.000348607 2
1388306165.084536806 0 0 0 22.33 0 0  0 0.000174535 2
1388306165.184537372 0 0 0 22.329 0 0  0 -0.000174436 2
1388306165.284509234 0 0 0 22.33 0 0  0 0.000174486 2
1388306165.384420544 0 0 0 22.33 0 0  0 0 2
1388306165.484579039 0 0 0 22.33 0 0  0 0 2
1388306165.584537613 0 0 0 22.327 0 0  0 -0.000523861 2
1388306165.684461700 0 0 0 22.328 0 0  0 0.00017457 2
1388306165.784536924 0 0 0 22.327 0 0  0 -0.000174306 2
1388306165.884508504 0 0 0 22.33 0 0  0 0.000523793 2
1388306165.984523175 0 0 0 22.329 0 0  0 -0.000174411 2
1388306166.084499651 0 0 0 22.333 0 0  0 0.000698245 2
1388306166.184424929 0 0 0 22.333 0 0  0 0 2
1388306166.284480105 0 0 0 22.335 0 0  0 0.000348682 2
1388306166.384516711 0 0 0 22.338 0 0  0 0.000523452 2
1388306166.484513292 0 0 0 22.34 0 0  0 0.000349219 2
1388306166.584503736 0 0 0 22.34 0 0  0 0 2
1388306166.684456255 0 0 0 22.343 0 0  0 0.000523893 2
1388306166.784451497 0 0 0 22.347 0 0  0 0.000698114 2
1388306166.884425608 0 0 0 22.35 0 0  0 0.00052378 2
1388306166.984510812 0 0 0 22.351 0 0  0 0.000174289 2
1388306167.084426040 0 0 0 22.352 0 0  0 0.000174585 2
1388306167.184536666 0 0 0 22.351 0 0  0 -0.000174244 2
1388306167.284415436 0 0 0 22.351 0 0  0 0 2
1388306167.384509237 0 0 0 22.352 0 0  0 0.000174274 2
1388306167.484444155 0 0 0 22.353 0 0  0 0.000174884 2
1388306167.584422512 0 0 0 22.353 0 0  0 0 2
1388306167.684483635 0 0 0 22.353 0 0  0 0 2
1388306167.784411490 0 0 0 22.356 0 0  0 0.000524022 2
1388306167.884427915 0 0 0 22.359 0 0  0 0.000523225 2
1388306167.984422817 0 0 0 22.36 0 0  0 0.000174779 2
1388306168.084404876 0 0 0 22.359 0 0  0 -0.000174801 2
1388306168.184547432 0 0 0 22.359 0 0  0 0 2
1388306168.284431151 0 0 0 22.361 0 0  0 0.000349614 2
1388306168.384438423 0 0 0 22.364 0 0  0 0.000523606 2
1388306168.484424882 0 0 0 22.361 0 0  0 -0.000523715 2
1388306168.584424539 0 0 0 22.362 0 0  0 0.000174438 2
1388306168.684410225 0 0 0 22.364 0 0  0 0.000349257 2
1388306168.784441938 0 0 0 22.363 0 0  0 -0.000174382 2
1388306168.884500895 0 0 0 22.364 0 0  0 0.000174334 2
1388306168.984471289 0 0 0 22.361 0 0  0 -0.000523799 2
1388306169.084547284 0 0 0 22.363 0 0  0 0.000348942 2
1388306169.184538003 0 0 0 22.363 0 0  0 0 2
1388306169.284433315 0 0 0 22.366 0 0  0 0.00052386 2
1388306169.384441977 0 0 0 22.366 0 0  0 0 2
1388306169.484544726 0 0 0 22.364 0 0  0 -0.000348516 2
1388306169.584411405 0 0 0 22.366 0 0  0 0.00034934 2
1388306169.684500883 0 0 0 22.368 0 0  0 0.000348895 2
1388306169.884458079 0 0 0 22.371 0 0  0 0.000261878 2
1388306169.984416676 0 0 0 22.372 0 0  0 0.000174509 2
1388306170.084523326 0 0 0 22.371 0 0  0 -0.000174251 2
1388306170.184510206 0 0 0 22.369 0 0  0 -0.000349253 2
1388306170.284456363 0 0 0 22.369 0 0  0 0 2
1388306170.384434930 0 0 0 22.367 0 0  0 -0.000348949 2
1388306170.484462664 0 0 0 22.365 0 0  0 -0.00034911 2
1388306170.584514699 0 0 0 22.364 0 0  0 -0.000174346 2
1388306170.684417559 0 0 0 22.365 0 0  0 0.000174607 2
1388306170.784457582 0 0 0 22.364 0 0  0 -0.000174367 2
1388306170.884414992 0 0 0 22.367 0 0  0 0.000523867 2
1388306170.984472963 0 0 0 22.368 0 0  0 0.000174336 2
1388306171.084477218 0 0 0 22.37 0 0  0 0.000349192 2
1388306171.184496996 0 0 0 22.37 0 0  0 0 2
1388306171.284413690 0 0 0 22.37 0 0  0 0 2
1388306171.384528451 0 0 0 22.371 0 0  0 0.000174237 2
1388306171.484414399 0 0 0 22.375 0 0  0 0.000698878 2
1388306171.584427610 0 0 0 22.374 0 0  0 -0.000174414 2
