1388292342.238369769 -0.169719 -0.363199 0.92 15.489 -0.0287166 -0.0614536  0.155665 0.0457408 7
1388292342.338340582 -0.172316 -0.368714 0.909 15.418 -0.0259808 -0.0551751  -0.110032 -0.0123955 7
1388292342.438316927 -0.175158 -0.373512 0.908 15.375 -0.0284236 -0.0479875  -0.0100024 -0.00750673 7
1388292342.538324289 -0.177264 -0.378719 0.913 15.4 -0.0210555 -0.0520674  0.0499963 0.00436294 7
1388292342.638330287 -0.179281 -0.383736 0.918 15.451 -0.0201712 -0.0501623  0.049997 0.00890075 7
1388292342.738319673 -0.181114 -0.389329 0.922 15.518 -0.0183365 -0.0559416  0.0400042 0.0116948 7
1388292342.838324326 -0.182174 -0.394604 0.929 15.638 -0.0105967 -0.0527444  0.0699967 0.020943 7
1388292342.938330301 -0.182384 -0.399623 0.933 15.746 0 -0.0501826  0.0399976 0.0188486 7
1388292343.038320374 -0.182809 -0.403978 0.935 15.817 0 -0.0435639  0.020002 0.0123931 7
1388292343.138321727 -0.183991 -0.407755 0.937 15.865 -0.0118186 -0.0377662  0.0199997 0.00837736 7
1388292343.238330843 -0.183926 -0.411449 0.933 15.905 0 -0.0369314  -0.0399964 0.00698067 7
1388292343.338324807 -0.182968 -0.41486 0.929 15.944 0 -0.0341157  -0.0400024 0.00680728 7
1388292343.438321329 -0.183012 -0.418337 0.93 15.985 0 -0.0347736  0.0100003 0.007156 7
1388292343.538337315 -0.182916 -0.420745 0.93 16.018 0 -0.0240712  0 0.00575866 4
1388292343.638371818 -0.182083 -0.423251 0.937 16.023 0 -0.0250494  0.0699759 0.00087255 4
1388292343.738319208 -0.1811 -0.425357 0.929 16.095 0 -0.0210767  -0.0800421 0.0125727 4
1388292343.838331220 -0.178476 -0.425494 0.922 16.138 0.0262415 0  -0.0699916 0.00750422 4
1388292343.938321190 -0.176377 -0.425775 0.912 16.205 0.0209849 0  -0.10001 0.0116948 4
1388292344.038329906 -0.173937 -0.424254 0.905 16.28 0.024398 0.0152031  -0.0699939 0.013089 4
1388292344.138328658 -0.169839 -0.421732 0.903 16.331 0.0409819 0.0252187  -0.0200002 0.00890106 4
1388292344.238323274 -0.166221 -0.418707 0.906 16.455 0.0361807 0.0302516  0.0300016 0.0216433 4
1388292344.338323369 -0.161905 -0.414388 0.904 16.472 0.0431598 0.0431962  -0.02 0.00296709 4
1388292344.438331278 -0.156021 -0.409386 0.902 16.538 0.0588415 0.0500171  -0.0199984 0.0115183 4
1388292344.538327099 -0.15098 -0.404963 0.904 16.565 0.050413 0.0442257  0.0200008 0.00471266 4
1388292344.638327329 -0.14588 -0.398894 0.902 16.612 0.0509926 0.0606956  -0.02 0.00820285 4
1388292344.738322303 -0.139444 -0.391899 0.902 16.661 0.0643652 0.069951  0 0.00855251 4
1388292344.838332748 -0.133544 -0.384847 0.905 16.661 0.0589981 0.0705115  0.0299969 0 4
1388292344.938321495 -0.127741 -0.376229 0.908 16.634 0.0580344 0.0861853  0.0300034 -0.00471266 4
1388292345.038332812 -0.121089 -0.368567 0.921 16.624 0.0665093 0.0766192  0.129985 -0.00174517 4
1388292345.138316060 -0.113942 -0.360753 0.924 16.738 0.0714898 0.0781459  0.030005 0.0199001 4
1388292345.238325747 -0.106439 -0.352586 0.928 16.69 0.0750131 0.0816649  0.0399961 -0.00837683 4
1388292345.338328458 -0.0980966 -0.344713 0.927 16.537 0.0834264 0.0787325  0 -0.0267028 4
1388292345.438424745 0.0136652 -0.351615 0.931 -0.193001 0.0957785 0.0675383  0.0399615 -2.91713 4
1388292345.538398290 0.0236229 -0.343895 0.934 -0.378 0.0996033 0.0772275  0.0300079 -0.032297 4
1388292345.638388799 0.0380871 -0.331426 0.938 -0.552001 0.144655 0.124695  0.0400038 -0.0303717 4
1388292345.738391351 0.0517012 -0.319152 0.943 -0.659 0.136138 0.122745  0.0499987 -0.0186744 4
1388292345.838406027 0.0644758 -0.309079 0.944 -0.736001 0.127727 0.100713  0 -0.0134372 4
1388292345.938390730 0.074752 -0.301925 0.948 -0.755001 0.102778 0.0715517  0.0400061 -0.00331664 4
1388292346.038398002 0.084986 -0.297737 0.951 -0.729001 0.102333 0.0418758  0.0299978 0.00453753 4
1388292346.138390344 0.09955 -0.294951 0.953 -0.674001 0.145651 0.0278648  0.0200015 0.0096001 4
1388292346.238392865 0.109422 -0.293668 0.957 -0.589001 0.0987219 0.0128256  0.039999 0.0148349 4
1388292346.338378897 0.119796 -0.293291 0.957 -0.538001 0.103749 0  0 0.00890236 4
1388292346.438373108 0.129366 -0.292591 0.956 -0.508001 0.0957071 0  -0.0100006 0.00523624 4
1388292346.538399806 0.136511 -0.290601 0.96 -0.485001 0.0714266 0.0198942  0.0399893 0.00401331 4
1388292346.638382627 0.14391 -0.288223 0.956 -0.445002 0.0740065 0.02378  -0.0400069 0.00698234 4
1388292346.838911012 0.156503 -0.280102 0.965 -0.304001 0.0627973 0.0404962  0.0448814 0.0122722 3
1388292346.939192178 0.162662 -0.276022 0.964 -0.176001 0.0614199 0.0406945  0 0.0222776 3
1388292347.039603722 0.169301 -0.271234 0.962 -0.0570011 0.0661226 0.0476797  -0.019918 0.0206842 3
1388292347.141538992 0.174722 -0.264764 0.964 -0.977 0.0531757 0.0634764  0.0196203 -0.157522 3
1388292347.241916534 0.178706 -0.251651 0.967 -4.432 0.0396962 0.130637  0.0298872 -0.600743 3
1388292347.342264736 0.185974 -0.243691 0.973 -8.211 0.0724226 0.0793185  0.0597918 -0.657271 3
1388292347.442543732 0.196821 -0.242079 0.978 -12.493 0.108173 0.0160773  0.0498609 -0.745271 3
1388292347.542827823 0.215221 -0.251211 0.987 -16.885 0.183475 -0.0910665  0.089745 -0.764377 3
1388292347.643103526 0.249287 -0.272638 0.99 -20.942 0.339719 -0.213675  0.0299175 -0.706133 3
1388292347.743476335 0.283004 -0.306151 0.989 -24.405 0.335917 -0.33389  0 -0.602163 3
1388292347.843755783 0.329659 -0.349952 0.984 -27.462 0.465255 -0.436784  -0.0498607 -0.53206 3
1388292347.944037518 0.379013 -0.401631 0.98 -30.082 0.492153 -0.515339  -0.0398876 -0.455992 3
1388292348.044304643 0.426903 -0.460159 0.973 -32.207 0.477622 -0.583725  -0.0698135 -0.369894 3
1388292348.144566509 0.479223 -0.518082 0.968 -34.062 0.521834 -0.577717  -0.0498694 -0.322913 3
1388292348.244818100 0.525279 -0.569516 0.964 -35.814 0.4594 -0.513047  -0.0398996 -0.305014 3
1388292348.345095636 0.562833 -0.616497 0.965 -37.199 0.374507 -0.468513  0 -0.241059 3
1388292348.445362228 0.603065 -0.669336 0.966 -38.499 0.401247 -0.52698  0 -0.226289 3
1388292348.545632753 0.638998 -0.721664 0.971 -39.47 0.358362 -0.521872  0.0498651 -0.169014 3
1388292348.645898790 0.674616 -0.776573 0.976 -40.137 0.355232 -0.547628  0.0498673 -0.116105 3
1388292348.746189030 0.70734 -0.836394 0.986 -40.531 0.326296 -0.596485  0.0997106 -0.0685668 3
1388292348.846455841 0.739272 -0.900198 0.986 -40.733 0.318472 -0.636334  0 -0.0351618 3
1388292348.946719564 0.776638 -0.959414 0.988 -40.764 0.372674 -0.59061  0.0199474 -0.00539631 3
1388292349.047068120 0.810495 -1.02464 0.989 -40.551 0.337398 -0.650032  0 0.0370463 3
1388292349.147336266 0.838938 -1.07684 0.99 -40.199 0.283666 -0.520515  0 0.0612712 3
1388292349.247606444 0.870836 -1.1217 0.994 -39.46 0.318122 -0.447439  0.0398922 0.128632 3
1388292349.347863104 0.904323 -1.16008 1.001 -39.09 0.334008 -0.382844  0.0698208 0.064412 3
1388292349.448105780 0.958019 -1.17947 1.003 -38.587 0.535659 -0.193371  0.0199516 0.0875776 3
1388292349.548363130 0.988263 -1.17536 1.007 -38.344 0.30167 0.040975  0.0398973 0.0423026 3
1388292349.648624419 1.01125 -1.16261 1.004 -37.88 0.229257 0.127172  -0.0299218 0.080772 3
1388292349.748888256 1.03261 -1.1524 0.997 -37.585 0.213085 0.10182  -0.0698158 0.0513517 3
1388292349.849151390 1.03627 -1.17652 0.992 -36.965 0.0364402 -0.240584  -0.0498688 0.107927 3
1388292349.949419071 1.03321 -1.20549 0.997 -36.547 -0.0304494 -0.288945  0.0498665 0.0727599 3
1388292350.049682890 1.01893 -1.26024 0.984 -36.399 -0.142503 -0.546059  -0.129658 0.025763 3
1388292350.149939577 1.02483 -1.34164 0.978 -36.431 0.0589231 -0.811911  -0.0598464 -0.00557068 3
1388292350.250188624 1.03317 -1.42657 0.977 -36.449 0.0831302 -0.847132  0 -0.00313406 3
1388292350.350443638 1.05708 -1.51891 0.961 -36.055 0.238541 -0.921043  -0.159593 0.0685912 3
1388292350.450704574 1.0875 -1.59928 0.952 -35.181 0.303361 -0.801701  -0.0897658 0.152145 3
1388292350.551063914 1.1344 -1.65493 0.963 -34.355 0.467304 -0.554436  0.109606 0.143648 3
1388292350.651342899 1.18447 -1.70649 0.962 -34.253 0.499301 -0.514194  0 0.017753 3
1388292350.751613269 1.24668 -1.73438 0.966 -32.39 0.620472 -0.278115  0.0398921 0.324278 3
1388292350.952087331 1.37135 -1.78649 0.965 -32.29 0.621899 -0.259968  0 0.00870596 3
1388292351.152580373 1.49657 -1.84273 0.956 -31.361 0.624542 -0.280487  -0.0448893 0.0808712 3
1388292351.252847754 1.55856 -1.86954 0.95 -30.663 0.618202 -0.267371  -0.05984 0.121499 3
1388292351.353111366 1.62494 -1.88443 0.928 -25.68 0.66212 -0.148572  -0.219422 0.867411 3
1388292351.453451635 1.69064 -1.8984 0.926 -25.424 0.654764 -0.139157  -0.0199322 0.0445288 3
1388292351.553694747 1.75269 -1.91406 0.917 -23.746 0.618922 -0.156251  -0.0897817 0.292156 3
1388292351.653943315 1.83316 -1.87262 0.902 -19.405 0.802736 0.413416  -0.149628 0.755769 3
1388292351.754192864 1.91314 -1.83029 0.91 -18.999 0.797808 0.42226  0.0798009 0.070684 3
1388292351.854442201 1.99263 -1.78662 0.904 -18.355 0.792955 0.435549  -0.0598508 0.11212 3
1388292351.954688682 2.06865 -1.73768 0.886 -15.763 0.758269 0.488172  -0.179557 0.451277 3
1388292352.054929341 2.14555 -1.68868 0.881 -15.543 0.767249 0.488836  -0.04988 0.0383051 3
1388292352.155167798 2.21746 -1.64947 0.87 -15.124 0.717386 0.391195  -0.109738 0.0729553 8
1388292352.255408212 2.28806 -1.61021 0.863 -15.306 0.704255 0.391663  -0.0698321 -0.0316888 8
1388292352.355644579 2.35591 -1.5832 0.855 -15.819 0.676894 0.269478  -0.0798114 -0.0893242 8
1388292352.455881234 2.3788 -1.54022 0.847 -16.339 0.228416 0.428805  -0.0798111 -0.0905428 8
1388292352.556125210 2.39351 -1.50415 0.85 -16.491 0.146672 0.359754  0.029927 -0.0264644 8
1388292352.656370536 2.39566 -1.48732 0.846 -16.675 0.0214987 0.167874  -0.0399021 -0.0320355 4
1388292352.756666004 2.39762 -1.47972 0.847 -16.528 0.0194941 0.0757948  0 0.0255808 4
1388292352.856917018 2.3995 -1.47312 0.845 -16.511 0.0188025 0.0658265  -0.0199499 0.00295963 4
1388292352.957164263 2.40134 -1.46693 0.847 -16.346 0.018285 0.0618205  0.0199507 0.0287269 4
1388292353.057419267 2.40194 -1.46605 0.867 -16.226 0 0  0.199491 0.0208907 4
1388292353.157679675 2.40159 -1.46538 0.881 -16.19 0 0  0.139636 0.00626687 4
1388292353.257937954 2.40088 -1.46462 0.889 -16.203 0 0  0.0797939 -0.00226308 4
1388292353.358215450 2.40079 -1.46428 0.9 -16.205 0 0  0.109696 -0.000348101 4
1388292353.458528589 2.39978 -1.46464 0.907 -16.175 -0.0101553 0  0.0697815 0.00521964 4
1388292353.558799117 2.39925 -1.46562 0.921 -16.081 0 0  0.139622 0.0163618 4
1388292353.659055041 2.3982 -1.46755 0.924 -15.994 -0.0104234 -0.019206  0.0299234 0.0151456 4
1388292353.759314006 2.39749 -1.46916 0.925 -15.975 0 -0.0160711  0 0.00330756 4
1388292353.959786642 2.39516 -1.46996 0.94 -15.767 -0.0116386 0  0.0748232 0.0181086 4
1388292354.060042613 2.39429 -1.47036 0.939 -15.738 0 0  0 0.00504854 4
1388292355.062971125 2.47626 -1.52987 0.924 -16.148 0.0817304 -0.059344  -0.0149562 -0.00713496 3
1388292355.163256201 2.48573 -1.53664 0.926 -16.442 0.0944263 -0.0674743  0.0199431 -0.0511668 3
1388292355.263526393 2.50143 -1.54238 0.924 -16.49 0.156642 -0.0572226  -0.0199461 -0.00835501 3
1388292355.363790452 2.52531 -1.54913 0.914 -16.286 0.238118 -0.0673036  -0.0997366 0.0355109 3
1388292355.464067041 2.55237 -1.55798 0.908 -15.952 0.269858 -0.0882622  -0.0598345 0.0581332 3
1388292355.564348468 2.60119 -1.57085 0.907 -15.484 0.486837 -0.128325  0 0.0814522 3
1388292355.664625302 2.67154 -1.58949 0.907 -14.973 0.701578 -0.185944  0 0.0889401 3
1388292355.764956999 2.75489 -1.60993 0.907 -14.514 0.830788 -0.203713  0 0.0798458 3
1388292355.865229035 2.87747 -1.63903 0.902 -13.884 1.22239 -0.290201  -0.0498644 0.109657 3
1388292355.965595795 3.00653 -1.6695 0.9 -13.232 1.28592 -0.303626  -0.0199269 0.11338 3
1388292356.065864457 3.13552 -1.69763 0.895 -12.416 1.28647 -0.280512  -0.049866 0.142037 3
1388292356.166217708 3.26097 -1.72378 0.895 -11.392 1.25008 -0.260529  0 0.178093 3
1388292356.266493468 3.38257 -1.74523 0.893 -10.042 1.21265 -0.213924  -0.019945 0.234971 3
1388292356.368753427 3.54619 -1.77111 0.898 -8.564 1.60008 -0.253131  0.048895 0.252259 3
1388292356.469010521 3.71141 -1.79034 0.909 -7.125 1.64793 -0.19175  0.109718 0.250509 3
1388292356.569271839 3.84511 -1.80135 0.924 -5.637 1.33348 -0.10985  0.149609 0.259028 3
1388292356.669552358 3.97053 -1.80909 0.943 -4.042 1.25069 -0.0771806  0.189469 0.277601 3
1388292356.769833231 4.09805 -1.81496 0.957 -2.465 1.27168 -0.0585138  0.139608 0.274467 3
1388292356.870170203 4.22826 -1.81705 0.972 -0.948001 1.29768 -0.0209032  0.149496 0.263877 3
1388292356.970542080 4.36038 -1.81587 0.982 0.716 1.3163 0.0118493  0.0996295 0.289347 3
1388292357.070817319 4.49285 -1.81007 0.989 2.327 1.32109 0.0577869  0.0698079 0.280401 3
1388292357.171194620 4.62443 -1.79991 0.993 3.803 1.31089 0.101274  0.0398496 0.256642 3
1388292357.271548639 4.75501 -1.78475 0.994 5.19 1.30116 0.151048  0 0.241223 3
1388292357.371800074 4.86871 -1.76892 0.998 6.503 1.13416 0.15783  0.0398997 0.228587 3
1388292357.472098653 4.94892 -1.75202 1.004 7.708 0.799738 0.16849  0.0598214 0.209686 3
1388292357.572371579 5.0107 -1.73738 1.003 8.675 0.616133 0.146045  0 0.168314 3
1388292357.672632551 5.0537 -1.72439 0.999 9.37 0.428854 0.129519  -0.0398959 0.120985 3
1388292357.772904916 5.09919 -1.7117 0.993 9.963 0.453678 0.126582  -0.059837 0.103217 3
1388292357.873172662 5.14878 -1.68604 0.988 10.434 0.494562 0.255984  -0.0498665 0.0819856 3
1388292357.973443777 5.2024 -1.655 0.978 10.994 0.534754 0.309506  -0.0997296 0.0974741 3
1388292358.073808835 5.24058 -1.6269 0.98 11.321 0.380379 0.279937  0.0199273 0.0568646 3
1388292358.174080005 5.28748 -1.60569 0.97 11.472 0.467711 0.211588  -0.0997296 0.0262834 3
1388292358.274345189 5.32588 -1.58655 0.961 11.488 0.383013 0.190866  -0.089762 0.00278494 3
1388292358.374606405 5.33412 -1.56368 0.951 11.441 0.0821852 0.228109  -0.0997395 -0.0081815 3
1388292358.474858845 5.3404 -1.54916 0.942 11.389 0.062699 0.144799  -0.0897734 -0.00905287 3
1388292358.575136878 5.34992 -1.54043 0.934 11.427 0.0948831 0.0870834  -0.0797782 0.00661388 3
1388292358.675420793 5.36331 -1.53414 0.928 11.483 0.133517 0.0627664  -0.0598301 0.00974613 3
1388292358.775703368 5.37901 -1.5282 0.916 11.442 0.156558 0.0592069  -0.119662 -0.00713575 3
1388292358.875983778 5.41069 -1.51857 0.911 11.249 0.315931 0.0959853  -0.0498602 -0.0335908 3
1388292358.976250055 5.45512 -1.50889 0.904 11.063 0.443126 0.0965784  -0.0698141 -0.0323767 3
1388292359.076525260 5.51492 -1.49557 0.898 10.811 0.596332 0.132862  -0.0598353 -0.0438617 3
1388292359.176818756 5.57722 -1.48208 0.893 10.519 0.621166 0.134458  -0.0498537 -0.0508144 3
1388292359.277155729 5.63852 -1.47054 0.894 10.274 0.611012 0.11505  0 -0.0426168 3
1388292359.377440481 5.69071 -1.46122 0.892 10.089 0.520409 0.0929736  -0.0199432 -0.0321971 3
1388292359.477766140 5.74718 -1.45454 0.89 9.956 0.562795 0.0665114  -0.0199351 -0.0231374 3
1388292359.578027490 5.80376 -1.45007 0.887 9.857 0.564317 0.0446202  -0.0299218 -0.0172339 3
1388292359.678297553 5.85589 -1.44731 0.885 9.81 0.519892 0.0275504  -0.0199461 -0.00818078 3
1388292359.778655971 5.90704 -1.44363 0.885 9.831 0.509754 0.0366247  0 0.00365209 3
1388292359.878946921 5.96225 -1.43976 0.884 9.911 0.550465 0.0386103  0 0.0139221 3
1388292359.979339258 6.01803 -1.43423 0.886 10.02 0.555634 0.0550676  0.0199218 0.0189496 3
1388292360.079604190 6.07337 -1.4289 0.89 10.207 0.551898 0.0531749  0.0398943 0.0325515 3
1388292360.179871996 6.12438 -1.42328 0.892 10.43 0.508774 0.0560182  0.0199466 0.0388168 3
1388292360.280189546 6.17666 -1.41682 0.894 10.616 0.521092 0.0643865  0.0199367 0.0323605 3
1388292360.380453153 6.22975 -1.40935 0.894 10.724 0.52953 0.074516  0 0.0188 3
1388292360.480729694 6.27391 -1.40353 0.896 10.784 0.440432 0.0580638  0.0199448 0.010443 3
1388292360.581010993 6.32309 -1.39618 0.896 10.888 0.490428 0.0732347  0 0.0181005 3
1388292360.681285922 6.37444 -1.38796 0.892 10.996 0.512098 0.0820056  -0.0398903 0.0187982 3
1388292360.781648645 6.42476 -1.37894 0.892 11.17 0.501381 0.0898685  0 0.0302589 3
1388292360.881939043 6.48033 -1.36863 0.89 11.359 0.55402 0.102823  -0.0199421 0.0328911 3
1388292360.982203737 6.53227 -1.35814 0.889 11.459 0.518004 0.104586  0 0.0174073 3
1388292361.082579734 6.57667 -1.34881 0.891 11.519 0.442407 0.0930023  0.0199251 0.0104327 3
1388292361.182885070 6.62644 -1.33735 0.891 11.488 0.496142 0.114237  0 -0.00539407 3
1388292361.283198240 6.6734 -1.32165 0.891 11.359 0.468135 0.156538  0 -0.0224444 3
1388292361.383466698 6.7203 -1.30864 0.894 11.141 0.467731 0.129774  0.0299197 -0.0379464 3
1388292361.483745760 6.75821 -1.30005 0.895 10.865 0.378069 0.0856189  0 -0.0480369 3
1388292361.584022871 6.79815 -1.28925 0.889 10.499 0.398355 0.107664  -0.0598342 -0.0637027 3
1388292361.684308610 6.83797 -1.28125 0.886 10.06 0.397062 0.0797931  -0.0299145 -0.0764015 3
1388292361.784585371 6.88198 -1.27442 0.884 9.7 0.438836 0.0681086  -0.0199448 -0.0626585 3
1388292361.884847013 6.91965 -1.27002 0.885 9.325 0.375717 0.0439285  0 -0.065279 3
1388292361.985115739 6.96113 -1.26624 0.884 9.04 0.413668 0.0376986  0 -0.0496085 3
1388292362.085473462 7.00957 -1.2615 0.886 8.852 0.482651 0.0471932  0.0199287 -0.0326952 3
1388292362.185735870 7.06426 -1.25772 0.888 8.777 0.545482 0.037704  0.0199477 -0.0130558 3
1388292362.286019183 7.12109 -1.25354 0.89 8.822 0.566726 0.0417037  0.0199435 0.00783181 3
1388292362.386371786 7.1711 -1.25036 0.895 8.969 0.498347 0.0316798  0.0498243 0.0255664 3
1388292362.486635686 7.20871 -1.24803 0.893 9.178 0.375111 0.0232695  -0.0199474 0.0363813 3
1388292362.586900052 7.26168 -1.24329 0.892 9.372 0.528303 0.0472528  0 0.0337702 3
1388292362.687154985 7.3081 -1.23986 0.888 9.728 0.463031 0.0342032  -0.0398983 0.0619755 3
1388292362.787421199 7.34013 -1.23801 0.892 10.149 0.319472 0.0184314  0.0398938 0.0732835 3
1388292362.887705642 7.39235 -1.23439 0.894 10.595 0.520691 0.0361554  0.0199433 0.0776207 3
1388292362.987998029 7.44084 -1.22868 0.896 10.993 0.483521 0.0568488  0.0199417 0.0692617 3
1388292363.088283304 7.48666 -1.22174 0.902 11.337 0.456836 0.069229  0.0598293 0.0598685 3
1388292363.188554755 7.54025 -1.21174 0.91 11.616 0.534479 0.0997065  0.0797834 0.0485627 3
1388292363.288814966 7.59905 -1.19927 0.913 11.726 0.586414 0.124449  0.0299221 0.0191489 3
1388292363.389073719 7.65875 -1.18429 0.914 11.729 0.595519 0.149374  0 0.000522293 3
1388292363.489362798 7.71699 -1.16896 0.915 11.644 0.580748 0.152835  0 -0.0147927 3
1388292363.589688277 7.77427 -1.15335 0.916 11.491 0.570887 0.155627  0 -0.0266169 3
1388292363.689963804 7.82779 -1.14003 0.913 11.339 0.533726 0.132853  -0.0299176 -0.0264562 3
1388292363.790244753 7.8814 -1.12716 0.912 11.089 0.53461 0.128287  0 -0.043511 3
1388292363.890544186 7.93532 -1.11421 0.908 10.892 0.537554 0.129178  -0.0398806 -0.0342801 3
1388292363.990857177 7.98843 -1.10198 0.902 10.625 0.529483 0.121908  -0.0598128 -0.0464549 3
1388292364.091144192 8.03496 -1.09127 0.902 10.414 0.464017 0.106728  0 -0.0367211 3
1388292364.191418389 8.09023 -1.0802 0.899 10.222 0.551148 0.110407  -0.029918 -0.0334186 3
1388292364.291678192 8.14596 -1.06746 0.895 10.133 0.555829 0.127121  -0.0398963 -0.0154933 3
1388292364.391950575 8.18768 -1.05799 0.897 10.023 0.416132 0.0943792  0.0199457 -0.0191466 3
1388292364.492214532 8.23566 -1.04638 0.896 9.879 0.478479 0.115791  0 -0.0250664 3
1388292364.592474024 8.28714 -1.03359 0.899 9.743 0.513496 0.127571  0.0299224 -0.023675 3
1388292364.692755106 8.33909 -1.02213 0.9 9.575 0.518039 0.114349  0 -0.0292395 3
1388292364.793050099 8.38773 -1.01182 0.896 9.371 0.484959 0.102724  -0.0398823 -0.0354997 3
1388292364.893394722 8.4426 -1.00142 0.903 9.155 0.546767 0.103646  0.0697596 -0.0375699 3
1388292364.993651914 8.49017 -0.994733 0.898 8.87 0.474567 0.066739  -0.0498717 -0.0496143 3
1388292365.093921145 8.53679 -0.988263 0.891 8.62 0.464947 0.0645203  -0.069812 -0.0435161 3
1388292365.194275584 8.577 -0.984576 0.89 8.46 0.400611 0.0367418  0 -0.0278266 3
1388292365.294552285 8.61513 -0.980751 0.893 8.373 0.38028 0.0381454  0.0299172 -0.0151424 3
1388292365.394827063 8.65604 -0.974898 0.892 8.321 0.407949 0.0583708  0 -0.00905085 3
1388292365.495123797 8.6951 -0.969872 0.892 8.337 0.389515 0.0501108  0 0.0027844 3
1388292365.595428556 8.73505 -0.963993 0.892 8.336 0.398258 0.0586124  0 -0.000174239 3
1388292365.695740992 8.77575 -0.956631 0.887 8.318 0.405703 0.0733917  -0.0498443 -0.00313175 3
1388292365.796047690 8.81891 -0.948394 0.887 8.289 0.430271 0.0821209  0 -0.00504586 3
1388292365.896336768 8.85851 -0.941322 0.887 8.057 0.394917 0.070508  0 -0.040375 3
1388292365.996649659 8.89998 -0.932689 0.888 7.996 0.413414 0.08606  0 -0.0106131 3
1388292366.096929908 8.94277 -0.924423 0.887 7.995 0.426669 0.0824361  0 -0.000174282 3
1388292366.197292149 8.98854 -0.915999 0.883 7.985 0.456075 0.0839348  -0.0398556 -0.00173907 3
1388292366.297559591 9.03885 -0.906153 0.878 7.989 0.501687 0.0981987  -0.0498666 0.000696219 3
1388292366.399244076 9.08772 -0.897264 0.872 7.977 0.480669 0.0874167  -0.0590061 -0.00205955 3
1388292366.499679164 9.13588 -0.888476 0.869 7.926 0.479456 0.0875002  -0.02987 -0.00886272 3
1388292366.599952555 9.19101 -0.877552 0.867 7.841 0.549823 0.108943  -0.0199455 -0.0147947 3
1388292366.700255514 9.25068 -0.866132 0.865 7.749 0.594894 0.113849  -0.0199396 -0.0160087 3
1388292366.800530727 9.30881 -0.856125 0.864 7.603 0.579691 0.0998013  0 -0.0254119 3
1388292366.900797186 9.3692 -0.84515 0.862 7.495 0.602281 0.109454  -0.0199468 -0.0187994 3
1388292367.001038621 9.42136 -0.835157 0.861 7.399 0.520396 0.0996849  0 -0.0167146 3
1388292367.101301029 9.47781 -0.825769 0.865 7.148 0.56303 0.0936437  0.0398953 -0.0436933 3
1388292367.201565174 9.53521 -0.81734 0.867 6.881 0.57243 0.0840629  0.0199473 -0.0464776 3
1388292367.301823974 9.57734 -0.812957 0.868 6.692 0.420263 0.043717  0 -0.0329014 3
1388292367.402081535 9.62581 -0.806683 0.868 6.577 0.483457 0.0625818  0 -0.0200197 3
1388292367.502349018 9.68033 -0.798374 0.865 6.496 0.543754 0.0828649  -0.02992 -0.0140993 3
1388292367.602616356 9.73433 -0.790673 0.865 6.516 0.538511 0.076802  0 0.0034811 3
1388292367.702878528 9.79212 -0.781319 0.869 6.54 0.576411 0.0932966  0.0398954 0.00417787 3
1388292367.803281045 9.8494 -0.76618 0.869 6.523 0.570514 0.15079  0 -0.0029552 3
1388292367.903562091 9.90148 -0.757912 0.864 6.475 0.519362 0.0824474  -0.0498599 -0.00835416 3
1388292368.003918298 9.95207 -0.751212 0.86 6.461 0.504088 0.0667618  -0.039858 -0.00243478 3
1388292368.104179118 9.9997 -0.746048 0.861 6.44 0.475076 0.0515018  0 -0.00365564 3
1388292368.204447875 10.0502 -0.739972 0.857 6.253 0.503411 0.0605974  -0.0398928 -0.0325499 3
1388292368.304722211 10.0925 -0.734535 0.852 5.935 0.421597 0.0542223  -0.0498632 -0.0553498 3
1388292368.405010009 10.1289 -0.730247 0.853 5.712 0.362915 0.0427578  0 -0.0388091 3
1388292368.505296344 10.1797 -0.725379 0.849 5.644 0.506679 0.0485437  -0.0398858 -0.0118345 3
1388292368.605565035 10.2266 -0.721143 0.85 5.621 0.46845 0.0422398  0 -0.00400329 3
1388292368.705826626 10.2669 -0.716373 0.848 5.543 0.401634 0.0475825  -0.0199478 -0.0135782 3
1388292368.806183950 10.3157 -0.711027 0.847 5.418 0.485781 0.0532693  0 -0.0217389 3
1388292368.906446325 10.3738 -0.704131 0.85 5.285 0.579998 0.0687719  0.0299215 -0.023152 3
1388292369.006775783 10.4271 -0.698962 0.853 5.157 0.530812 0.0515234  0.0299015 -0.0222669 3
1388292369.107039172 10.4748 -0.694435 0.853 5.114 0.475656 0.045156  0 -0.00748541 3
1388292369.207306738 10.5294 -0.689417 0.855 5.059 0.544829 0.0500432  0.0199466 -0.00957342 3
1388292369.307563790 10.6027 -0.683612 0.856 5.008 0.731579 0.057904  0 -0.00887846 3
1388292369.407834896 10.6661 -0.677955 0.861 5.014 0.632208 0.0564151  0.0498648 0.00104446 3
1388292369.508103759 10.7142 -0.672114 0.858 5.112 0.479977 0.0582502  -0.0299196 0.0170583 3
1388292369.608368759 10.7589 -0.66729 0.858 5.234 0.444944 0.0481175  0 0.0212367 3
1388292369.708615112 10.8077 -0.661862 0.856 5.397 0.487591 0.0541454  -0.0199509 0.028379 3
1388292369.808878200 10.8416 -0.658204 0.853 5.55 0.33817 0.0364812  -0.0299213 0.0266334 3
1388292369.909169657 10.8634 -0.655007 0.851 5.697 0.216909 0.0318787  -0.0199419 0.0255817 3
1388292370.009430484 10.9065 -0.649437 0.848 5.82 0.429992 0.0555555  -0.029922 0.0214119 3
1388292370.109692793 10.9511 -0.644258 0.847 5.794 0.444614 0.0516573  0 -0.00452615 3
1388292370.209953318 10.9974 -0.638086 0.843 5.821 0.461727 0.0615504  -0.0398961 0.00470022 3
1388292370.310216242 11.0535 -0.63116 0.837 5.745 0.559577 0.0690814  -0.0598427 -0.0132298 3
1388292370.410472339 11.0984 -0.62437 0.838 5.668 0.447734 0.0677298  0 -0.0134046 3
1388292370.510744555 11.1446 -0.61767 0.842 5.583 0.461339 0.0668172  0.0398914 -0.0147949 3
1388292370.611001279 11.2019 -0.606566 0.843 5.473 0.571385 0.110754  0 -0.0191496 3
1388292370.711260951 11.2593 -0.596588 0.847 5.446 0.572362 0.0995233  0.0398964 -0.00470026 3
1388292370.811530678 11.3179 -0.58567 0.854 5.506 0.58487 0.108882  0.0698117 0.0104437 3
1388292370.911793324 11.3781 -0.576351 0.864 5.662 0.599599 0.0929483  0.099738 0.0271558 3
1388292371.012075454 11.4374 -0.566689 0.869 5.864 0.591346 0.0963467  0.0498593 0.0351564 3
1388292371.112339856 11.4891 -0.558601 0.875 6.025 0.515467 0.0806643  0.0598418 0.0280259 3
1388292371.212601434 11.5361 -0.5514 0.878 6.099 0.468916 0.0718223  0.0299217 0.0128816 3
1388292371.312960253 11.5792 -0.542711 0.882 6.158 0.429999 0.0865852  0.039857 0.0102606 3
1388292371.415005237 11.6163 -0.533675 0.884 6.209 0.36351 0.088545  0.0195992 0.0087229 3
1388292371.515295758 11.6503 -0.525468 0.885 6.234 0.338857 0.0818326  0 0.00435062 3
1388292371.615592859 11.6821 -0.517004 0.88 6.219 0.317086 0.0843904  -0.0498519 -0.00261013 3
1388292371.715856124 11.7204 -0.509812 0.872 6.246 0.381648 0.0717339  -0.0797899 0.00470009 3
1388292371.816182029 11.7714 -0.50187 0.863 6.265 0.508664 0.0791639  -0.0897076 0.0033052 3
1388292371.916454705 11.8253 -0.49505 0.852 6.264 0.537657 0.0680104  -0.109701 -0.000173963 3
1388292372.016807239 11.8799 -0.488637 0.844 6.235 0.543675 0.063905  -0.079719 -0.00504389 3
1388292372.117079104 11.9367 -0.473297 0.84 6.217 0.567144 0.152989  -0.0398915 -0.00313301 3
1388292372.217343606 12.0014 -0.464108 0.832 6.223 0.645025 0.0916479  -0.079789 0.00104453 3
1388292372.317595295 12.059 -0.454444 0.825 6.212 0.574861 0.096396  -0.0698243 -0.00191499 3
1388292372.417852941 12.1152 -0.444471 0.821 6.251 0.560106 0.099469  -0.0398972 0.00678921 3
1388292372.518119805 12.1695 -0.435005 0.818 6.272 0.541382 0.0944085  -0.0299202 0.00365542 3
1388292372.618475930 12.2231 -0.425563 0.819 6.184 0.534443 0.09409  0 -0.0153043 3
1388292372.718730257 12.2785 -0.41763 0.822 6.034 0.552336 0.0791228  0.0299239 -0.0261138 3
1388292372.818996744 12.333 -0.409834 0.815 5.959 0.543431 0.0777564  -0.069814 -0.013055 3
1388292372.919262581 12.3877 -0.401567 0.813 5.902 0.546247 0.0824503  -0.019947 -0.00992219 3
1388292373.019527532 12.4421 -0.393309 0.819 5.858 0.541634 0.0823642  0.0598414 -0.00765893 3
1388292373.119787911 12.4919 -0.386209 0.824 5.912 0.497314 0.0708136  0.0498701 0.00940012 3
1388292373.220070704 12.5428 -0.378787 0.819 5.959 0.507696 0.0740104  -0.049859 0.00818007 3
1388292373.320335689 12.5869 -0.370091 0.824 5.9 0.440065 0.086732  0.0498679 -0.0102702 3
1388292373.420682938 12.6258 -0.360012 0.821 5.885 0.387406 0.100437  -0.0298962 -0.00260883 3
1388292373.521041952 12.6557 -0.348313 0.813 5.894 0.297353 0.116573  -0.0797138 0.00156498 3
1388292373.621304896 12.6661 -0.335213 0.817 5.866 0.104092 0.130655  0.0398951 -0.00487408 3
1388292373.721566437 12.6751 -0.322414 0.819 5.789 0.0892892 0.12766  0.0199478 -0.0134039 3
1388292373.821850432 12.6854 -0.309723 0.815 5.644 0.103587 0.126546  -0.0398867 -0.0252357 3
1388292373.922134526 12.7009 -0.297048 0.815 5.508 0.153997 0.12639  0 -0.0236692 3
1388292374.022460614 12.7251 -0.283879 0.816 5.223 0.241285 0.131263  0 -0.0495802 3
1388292374.122825116 12.7791 -0.26775 0.823 4.852 0.538128 0.160707  0.0697458 -0.0645166 3
1388292374.223185675 12.8524 -0.252158 0.824 4.446 0.73039 0.155359  0 -0.0706058 3
1388292374.323439828 12.9379 -0.236418 0.826 4.096 0.85296 0.156999  0.0199493 -0.0609317 3
1388292374.423702544 13.0478 -0.218198 0.832 3.762 1.09624 0.181724  0.0598428 -0.0581412 3
1388292374.524077965 13.1578 -0.201473 0.838 3.531 1.09584 0.16662  0.0597756 -0.0401661 3
1388292374.624434889 13.2526 -0.187411 0.851 3.367 0.944082 0.14013  0.129538 -0.0285219 3
1388292374.724694064 13.3351 -0.178288 0.864 3.209 0.823113 0.0909921  0.129664 -0.0275047 3
1388292374.824963191 13.4036 -0.174892 0.863 3.074 0.68367 0.0338667  0 -0.0234987 3
1388292374.925229247 13.4545 -0.176785 0.864 3.009 0.507277 -0.0188763  0 -0.0113146 3
1388292375.025505933 13.4935 -0.181373 0.864 2.955 0.38914 -0.0457613  0 -0.00939859 3
1388292375.125766978 13.5271 -0.186533 0.864 2.973 0.335029 -0.0514653  0 0.00313335 3
1388292375.226041515 13.5591 -0.191094 0.861 3.08 0.319238 -0.0454786  -0.0299179 0.018624 3
1388292375.326305334 13.5938 -0.193763 0.86 3.329 0.345383 -0.0266225  0 0.0433441 3
1388292375.426735171 13.6302 -0.192178 0.854 3.659 0.363151 0.0157801  -0.0597432 0.0573493 3
1388292375.527108779 13.6688 -0.186384 0.842 4.029 0.384694 0.0577217  -0.119553 0.064337 3
1388292375.627374805 13.7126 -0.177102 0.833 4.346 0.436368 0.0925822  -0.0897612 0.05518 3
1388292375.727644385 13.7575 -0.164475 0.825 4.658 0.447592 0.125931  -0.0797849 0.0543079 3
1388292375.828090035 13.8078 -0.150054 0.821 4.799 0.500647 0.143563  -0.0398225 0.0245001 3
1388292375.928361008 13.8629 -0.135096 0.821 4.772 0.549424 0.149183  0 -0.00469973 3
1388292376.028730855 13.918 -0.120289 0.814 4.806 0.549684 0.147521  -0.0697421 0.00591232 3
1388292376.038332492 13.9233 -0.118886 0.813 4.837 0.547359 0.146121  -0.104149 0.0563502 3
1388292376.138347084 13.978 -0.104707 0.805 4.809 0.546748 0.141767  -0.0799883 -0.00488619 8
1388292376.238358685 14.0318 -0.0923683 0.804 4.778 0.538189 0.123375  0 -0.00540992 8
1388292376.338416861 14.0836 -0.0813055 0.803 4.861 0.517835 0.110563  0 0.0144778 8
1388292376.438412263 14.124 -0.0731597 0.808 4.997 0.403652 0.0814622  0.0500023 0.0237375 8
1388292376.538414673 14.1531 -0.0664646 0.811 5.027 0.291284 0.0669493  0.0299993 0.00523565 8
1388292376.638386004 14.1666 -0.0599482 0.814 5.114 0.134862 0.0651828  0.0300086 0.0151887 4
1388292376.738359326 14.1737 -0.055465 0.816 5.147 0.0711619 0.044844  0.0200053 0.00576129 4
1388292376.838409027 14.1795 -0.0504123 0.813 5.155 0.0584461 0.0505012  -0.0299851 0.00139547 9
1388292376.938384955 14.1836 -0.0404954 0.777 5.196 0.0401954 0.0991933  -0.360087 0.00715764 9
1388292377.038387472 14.1818 -0.024675 0.736 5.187 -0.0181163 0.1582  -0.40999 -0.00157056 9
1388292377.138385655 14.1793 -0.00736222 0.675 5.217 -0.0240602 0.173131  -0.610011 0.00523587 9
1388292377.238362534 14.1734 0.00761225 0.607 5.398 -0.0593975 0.149779  -0.680157 0.0315977 9
1388292377.338459472 14.1674 0.0211642 0.55 5.58 -0.0601254 0.135388  -0.569448 0.0317344 9
1388292377.438371703 14.1526 0.0310019 0.447 5.891 -0.148271 0.0984641  -1.0309 0.0543272 9
1388292377.538391063 14.122 0.037968 0.368 6.154 -0.306059 0.0696475  -0.789847 0.0458934 9
1388292377.638334848 14.0687 0.0422751 0.289 6.414 -0.532966 0.0430946  -0.790444 0.0454041 9
1388292377.738399007 13.9846 0.0386804 0.214 6.707 -0.840833 -0.0359237  -0.749519 0.0511052 9
1388292377.838387816 13.9261 0.0297839 0.165 6.884 -0.584399 -0.0889751  -0.490055 0.0308958 9
1388292377.938412966 13.8857 0.0149628 0.111 6.745 -0.403724 -0.148173  -0.539864 -0.024254 9
1388292378.038386199 13.8457 -0.0155748 0.086 6.27 -0.400656 -0.305458  -0.250067 -0.0829254 9
1388292378.138366675 13.8457 -0.0155748 0 7.123 0 0  -0.860168 0.148906 2
1388292378.238392768 13.8457 -0.0155748 0 7.115 0 0  0 -0.0013958 2
1388292378.338342110 13.8457 -0.0155748 0 7.131 0 0  0 0.00279374 2
1388292378.438396640 13.8457 -0.0155748 0 7.127 0 0  0 -0.000697701 2
1388292378.538411410 13.8457 -0.0155748 0 7.134 0 0  0 0.00122154 2
1388292378.638412351 13.8457 -0.0155748 0 7.139 0 0  0 0.000872843 2
1388292378.738344552 13.8457 -0.0155748 0 7.143 0 0  0 0.000698555 2
1388292378.838397666 13.8457 -0.0155748 0 7.149 0 0  0 0.00104673 2
1388292378.938402783 13.8457 -0.0155748 0 7.153 0 0  0 0.000698045 2
1388292379.038399073 13.8457 -0.0155748 0 7.156 0 0  0 0.000523663 2
1388292379.138404741 13.8457 -0.0155748 0 7.162 0 0  0 0.0010469 2
1388292379.238397181 13.8457 -0.0155748 0 7.166 0 0  0 0.000698134 2
1388292379.338378319 13.8457 -0.0155748 0 7.173 0 0  0 0.00122196 2
1388292379.438379848 13.8457 -0.0155748 0 7.179 0 0  0 0.00104727 2
1388292379.538389733 13.8457 -0.0155748 0 7.184 0 0  0 0.000872765 2
1388292379.638433020 13.8457 -0.0155748 0 7.188 0 0  0 0.000697779 2
1388292379.738349546 13.8457 -0.0155748 0 7.193 0 0  0 0.000873247 2
1388292379.838397078 13.8457 -0.0155748 0 7.197 0 0  0 0.000697749 2
1388292379.938396737 13.8457 -0.0155748 0 7.204 0 0  0 0.00122173 2
1388292380.038349266 13.8457 -0.0155748 0 7.207 0 0  0 0.000523893 2
1388292380.138361815 13.8457 -0.0155748 0 7.214 0 0  0 0.00122157 2
1388292380.238353410 13.8457 -0.0155748 0 7.219 0 0  0 0.000872924 2
1388292380.338402797 13.8457 -0.0155748 0 7.223 0 0  0 0.000697737 2
1388292380.438411226 13.8457 -0.0155748 0 7.223 0 0  0 0 2
1388292380.538383506 13.8457 -0.0155748 0 7.227 0 0  0 0.000698275 2
1388292380.638398907 13.8457 -0.0155748 0 7.232 0 0  0 0.000872384 2
1388292380.738404521 13.8457 -0.0155748 0 7.239 0 0  0 0.00122166 2
1388292380.838426675 13.8457 -0.0155748 0 7.244 0 0  0 0.000872658 2
