0.171768 -0.545555 0.726 1.3865e+09
0.185439 -0.54117 0.725215 1.3865e+09
0.19867 -0.535065 0.724061 1.3865e+09
0.217517 -0.528074 0.722545 1.3865e+09
0.241157 -0.520496 0.72081 1.3865e+09
0.268867 -0.51254 0.718951 1.3865e+09
0.300012 -0.504327 0.717033 1.3865e+09
0.334046 -0.495922 0.715098 1.3865e+09
0.370505 -0.487355 0.713174 1.3865e+09
0.408996 -0.478639 0.711277 1.3865e+09
0.449188 -0.469778 0.709418 1.3865e+09
0.490803 -0.460774 0.707603 1.3865e+09
0.533607 -0.451627 0.705834 1.3865e+09
0.577406 -0.442338 0.704113 1.3865e+09
0.622034 -0.432911 0.702437 1.3865e+09
0.667354 -0.423347 0.700807 1.3865e+09
0.713252 -0.413652 0.69922 1.3865e+09
0.759631 -0.403829 0.697674 1.3865e+09
0.80641 -0.393884 0.696166 1.3865e+09
0.853522 -0.383822 0.694696 1.3865e+09
0.900911 -0.373648 0.69326 1.3865e+09
0.948529 -0.36337 0.691856 1.3865e+09
0.996337 -0.352991 0.690483 1.3865e+09
1.0443 -0.342517 0.689139 1.3865e+09
1.0924 -0.331954 0.687821 1.3865e+09
1.1406 -0.321306 0.686529 1.3865e+09
1.18889 -0.310578 0.685261 1.3865e+09
1.23724 -0.299775 0.684014 1.3865e+09
1.28566 -0.288901 0.682789 1.3865e+09
1.33413 -0.27796 0.681584 1.3865e+09
1.38263 -0.266955 0.680397 1.3865e+09
1.43116 -0.25589 0.679228 1.3865e+09
1.47972 -0.244768 0.678075 1.3865e+09
1.52829 -0.233593 0.676938 1.3865e+09
1.57688 -0.222367 0.675816 1.3865e+09
1.62548 -0.211093 0.674707 1.3865e+09
1.67409 -0.199773 0.673611 1.3865e+09
1.7227 -0.18841 0.672528 1.3865e+09
1.77131 -0.177007 0.671456 1.3865e+09
1.81993 -0.165564 0.670395 1.3865e+09
1.86855 -0.154085 0.669344 1.3865e+09
1.91716 -0.142571 0.668303 1.3865e+09
1.96578 -0.131023 0.667271 1.3865e+09
2.01439 -0.119444 0.666248 1.3865e+09
2.063 -0.107835 0.665233 1.3865e+09
2.11161 -0.0961979 0.664226 1.3865e+09
2.16021 -0.0845332 0.663226 1.3865e+09
2.20881 -0.0728427 0.662233 1.3865e+09
2.25741 -0.0611276 0.661247 1.3865e+09
2.306 -0.0493891 0.660267 1.3865e+09
2.35459 -0.0376283 0.659292 1.3865e+09
2.40318 -0.0258464 0.658323 1.3865e+09
2.45176 -0.0140442 0.65736 1.3865e+09
2.50034 -0.00222279 0.656401 1.3865e+09
2.54891 0.00961696 0.655447 1.3865e+09
2.59748 0.0214742 0.654497 1.3865e+09
2.64605 0.0333481 0.653551 1.3865e+09
2.69461 0.0452378 0.652609 1.3865e+09
2.74317 0.0571427 0.651671 1.3865e+09
2.79173 0.069062 0.650736 1.3865e+09
2.84028 0.080995 0.649805 1.3865e+09
2.88883 0.0929411 0.648877 1.3865e+09
2.93738 0.1049 0.647952 1.3865e+09
2.98593 0.11687 0.647029 1.3865e+09
3.03447 0.128852 0.646109 1.3865e+09
3.08301 0.140845 0.645192 1.3865e+09
3.13155 0.152848 0.644277 1.3865e+09
3.18008 0.164861 0.643364 1.3865e+09
3.22861 0.176883 0.642454 1.3865e+09
3.27714 0.188914 0.641545 1.3865e+09
3.32567 0.200954 0.640638 1.3865e+09
3.3742 0.213002 0.639733 1.3865e+09
3.42272 0.225058 0.63883 1.3865e+09
3.47125 0.237121 0.637928 1.3865e+09
3.51977 0.249191 0.637028 1.3865e+09
3.56829 0.261268 0.636129 1.3865e+09
3.6168 0.273351 0.635231 1.3865e+09
3.66532 0.285441 0.634335 1.3865e+09
3.71384 0.297536 0.63344 1.3865e+09
3.76235 0.309637 0.632546 1.3865e+09
3.81086 0.321743 0.631653 1.3865e+09
3.85937 0.333854 0.630761 1.3865e+09
3.90788 0.34597 0.62987 1.3865e+09
3.95639 0.358091 0.62898 1.3865e+09
4.0049 0.370216 0.628091 1.3865e+09
4.05341 0.382346 0.627202 1.3865e+09
4.10191 0.394479 0.626315 1.3865e+09
4.15042 0.406616 0.625428 1.3865e+09
4.19892 0.418757 0.624542 1.3865e+09
4.24742 0.430901 0.623656 1.3865e+09
4.29592 0.443049 0.622771 1.3865e+09
4.34442 0.4552 0.621886 1.3865e+09
4.39292 0.467353 0.621003 1.3865e+09
4.44142 0.47951 0.620119 1.3865e+09
4.48992 0.491669 0.619236 1.3865e+09
4.53842 0.503831 0.618354 1.3865e+09
4.58692 0.515996 0.617472 1.3865e+09
4.63542 0.528163 0.61659 1.3865e+09
4.68391 0.540332 0.615709 1.3865e+09
4.73241 0.552503 0.614828 1.3865e+09
4.7809 0.564677 0.613948 1.3865e+09
4.8294 0.576852 0.613068 1.3865e+09
4.87789 0.589029 0.612188 1.3865e+09
4.92639 0.601208 0.611308 1.3865e+09
4.97488 0.613389 0.610429 1.3865e+09
5.02337 0.625571 0.60955 1.3865e+09
5.07187 0.637755 0.608671 1.3865e+09
5.12036 0.649941 0.607792 1.3865e+09
5.16885 0.662128 0.606914 1.3865e+09
5.21734 0.674316 0.606036 1.3865e+09
5.26584 0.686505 0.605158 1.3865e+09
5.31433 0.698696 0.60428 1.3865e+09
5.36282 0.710888 0.603403 1.3865e+09
5.41131 0.723081 0.602525 1.3865e+09
5.4598 0.735275 0.601648 1.3865e+09
5.50829 0.74747 0.600771 1.3865e+09
5.55678 0.759666 0.599894 1.3865e+09
5.60527 0.771863 0.599017 1.3865e+09
5.65376 0.784061 0.59814 1.3865e+09
5.70225 0.79626 0.597264 1.3865e+09
5.75073 0.808459 0.596387 1.3865e+09
5.79922 0.820659 0.595511 1.3865e+09
5.84771 0.832861 0.594634 1.3865e+09
5.8962 0.845062 0.593758 1.3865e+09
5.94469 0.857265 0.592882 1.3865e+09
5.99318 0.869468 0.592006 1.3865e+09
6.04166 0.881671 0.59113 1.3865e+09
6.09015 0.893875 0.590254 1.3865e+09
6.13864 0.90608 0.589378 1.3865e+09
6.18713 0.918285 0.588503 1.3865e+09
6.23561 0.930491 0.587627 1.3865e+09
6.2841 0.942697 0.586751 1.3865e+09
6.33259 0.954904 0.585876 1.3865e+09
6.38108 0.967111 0.585 1.3865e+09
6.42956 0.979319 0.584125 1.3865e+09
6.47805 0.991527 0.583249 1.3865e+09
6.52654 1.00374 0.582374 1.3865e+09
6.57502 1.01594 0.581499 1.3865e+09
6.62351 1.02815 0.580623 1.3865e+09
6.67199 1.04036 0.579748 1.3865e+09
6.6846 1.04824 0.579427 1.3865e+09
6.70269 1.05761 0.579 1.3865e+09
6.72562 1.06775 0.578505 1.3865e+09
6.75277 1.07802 0.577964 1.3865e+09
6.7836 1.08791 0.577393 1.3865e+09
6.81759 1.097 0.576803 1.3865e+09
6.85429 1.10498 0.5762 1.3865e+09
6.89329 1.11157 0.575587 1.3865e+09
6.93421 1.11658 0.574967 1.3865e+09
6.97671 1.11982 0.574342 1.3865e+09
7.02051 1.12117 0.573711 1.3865e+09
7.06531 1.12052 0.573076 1.3865e+09
7.11086 1.11777 0.572437 1.3865e+09
7.15694 1.11287 0.571792 1.3865e+09
7.20333 1.10577 0.571143 1.3865e+09
7.21585 1.10172 0.571091 1.3865e+09
7.23373 1.09479 0.571022 1.3865e+09
7.25624 1.08603 0.570942 1.3865e+09
7.28285 1.07636 0.570856 1.3865e+09
7.31307 1.0665 0.570766 1.3865e+09
7.34646 1.057 0.570673 1.3865e+09
7.3826 1.04832 0.57058 1.3865e+09
7.4211 1.0408 0.570488 1.3865e+09
7.46161 1.03473 0.570395 1.3865e+09
7.47521 1.03863 0.569811 1.3865e+09
7.49454 1.04216 0.56904 1.3865e+09
7.51877 1.04519 0.568152 1.3865e+09
7.54713 1.04763 0.567194 1.3865e+09
7.57897 1.04947 0.566196 1.3865e+09
7.61372 1.05076 0.565179 1.3865e+09
7.65093 1.05156 0.564154 1.3865e+09
7.69019 1.05195 0.56313 1.3865e+09
7.73118 1.05199 0.562111 1.3865e+09
7.77362 1.05176 0.561099 1.3865e+09
7.81726 1.05129 0.560095 1.3865e+09
7.86193 1.05065 0.5591 1.3865e+09
7.90745 1.04987 0.558114 1.3865e+09
7.95369 1.04899 0.557135 1.3865e+09
8.00053 1.04802 0.556163 1.3865e+09
8.04787 1.047 0.555197 1.3865e+09
8.09564 1.04593 0.554237 1.3865e+09
8.14377 1.04484 0.553281 1.3865e+09
8.1922 1.04373 0.55233 1.3865e+09
8.24087 1.04262 0.551382 1.3865e+09
8.28976 1.04151 0.550438 1.3865e+09
8.33882 1.0404 0.549496 1.3865e+09
8.38804 1.0393 0.548556 1.3865e+09
8.43738 1.03822 0.547619 1.3865e+09
8.48682 1.03715 0.546683 1.3865e+09
8.53635 1.0361 0.545748 1.3865e+09
8.58596 1.03507 0.544814 1.3865e+09
8.63562 1.03405 0.543882 1.3865e+09
8.68534 1.03306 0.54295 1.3865e+09
8.73511 1.03208 0.542019 1.3865e+09
8.78491 1.03113 0.541089 1.3865e+09
8.83474 1.03019 0.540159 1.3865e+09
8.8846 1.02928 0.53923 1.3865e+09
8.93448 1.02838 0.538301 1.3865e+09
8.98438 1.0275 0.537373 1.3865e+09
9.03429 1.02664 0.536444 1.3865e+09
9.08422 1.0258 0.535516 1.3865e+09
9.13415 1.02497 0.534588 1.3865e+09
9.1841 1.02416 0.533661 1.3865e+09
9.23405 1.02336 0.532733 1.3865e+09
9.28401 1.02258 0.531806 1.3865e+09
9.33398 1.02181 0.530879 1.3865e+09
9.38395 1.02105 0.529951 1.3865e+09
9.43393 1.02031 0.529024 1.3865e+09
9.48391 1.01958 0.528097 1.3865e+09
9.53389 1.01886 0.527171 1.3865e+09
9.58387 1.01816 0.526244 1.3865e+09
9.63386 1.01746 0.525317 1.3865e+09
9.68384 1.01678 0.52439 1.3865e+09
9.73383 1.0161 0.523464 1.3865e+09
9.78382 1.01544 0.522537 1.3865e+09
9.83381 1.01478 0.52161 1.3865e+09
9.8838 1.01413 0.520684 1.3865e+09
9.9338 1.01349 0.519757 1.3865e+09
9.98379 1.01286 0.518831 1.3865e+09
10.0338 1.01224 0.517904 1.3865e+09
10.0838 1.01162 0.516978 1.3865e+09
10.1338 1.01101 0.516051 1.3865e+09
10.1838 1.0104 0.515125 1.3865e+09
10.2338 1.00981 0.514199 1.3865e+09
10.2838 1.00922 0.513272 1.3865e+09
10.3338 1.00863 0.512346 1.3865e+09
10.3838 1.00805 0.511419 1.3865e+09
10.4337 1.00747 0.510493 1.3865e+09
10.4837 1.0069 0.509567 1.3865e+09
10.5337 1.00634 0.50864 1.3865e+09
10.5837 1.00577 0.507714 1.3865e+09
10.6337 1.00522 0.506788 1.3865e+09
10.6837 1.00466 0.505861 1.3865e+09
10.7337 1.00411 0.504935 1.3865e+09
10.7837 1.00357 0.504009 1.3865e+09
10.8337 1.00303 0.503083 1.3865e+09
10.8837 1.00249 0.502156 1.3865e+09
