1388129973.338053309 0 0 0 2.485 0 0  0 0.00721472 2
1388129973.437971878 0 0 0 2.467 0 0  0 -0.00314413 2
1388129973.537975241 0 0 0 2.445 0 0  0 -0.00383961 2
1388129973.637970779 0 0 0 2.425 0 0  0 -0.00349081 2
1388129973.737966245 0 0 0 2.408 0 0  0 -0.00296719 2
1388129973.837987415 0 0 0 2.387 0 0  0 -0.0036644 2
1388129973.937970167 0 0 0 2.368 0 0  0 -0.00331671 2
1388129974.037971574 0 0 0 2.347 0 0  0 -0.00366517 2
1388129974.137981425 0 0 0 2.328 0 0  0 -0.00331577 2
1388129974.238046668 0 0 0 2.308 0 0  0 -0.00348838 2
1388129974.337977527 0 0 0 2.285 0 0  0 -0.00401704 2
1388129974.437984520 0 0 0 2.267 0 0  0 -0.00314139 2
1388129974.538060448 0 0 0 2.247 0 0  0 -0.00348801 2
1388129974.638161861 0 0 0 2.228 0 0  0 -0.00331278 2
1388129974.738065348 0 0 0 2.208 0 0  0 -0.00349403 2
1388129974.837999075 0 0 0 2.187 0 0  0 -0.00366761 2
1388129974.938017452 0 0 0 2.165 0 0  0 -0.00383903 2
1388129975.038048676 0 0 0 2.145 0 0  0 -0.00348957 2
1388129975.137969275 0 0 0 2.126 0 0  0 -0.00331877 2
1388129975.238001128 0 0 0 2.102 0 0  0 -0.00418744 2
1388129975.337970057 0 0 0 2.081 0 0  0 -0.00366631 2
1388129975.438038296 0 0 0 2.066 0 0  0 -0.00261623 2
1388129975.538065055 0 0 0 2.065 0 0  0 -0.000174474 2
1388129975.638098999 0 0 0 2.06 0 0  0 -0.000872388 2
1388129975.738082949 0 0 0 2.056 0 0  0 -0.000698235 2
1388129975.837975821 0 0 0 1.981 0 0  0 -0.013104 2
1388129975.938057469 0 0 0 1.966 0 0  0 -0.00261586 2
1388129976.038044488 0 0 0 1.937 0 0  0 -0.0050621 2
1388129976.138052734 0 0 0 1.918 0 0  0 -0.00331586 2
1388129976.237988275 0 0 0 1.896 0 0  0 -0.00384219 2
1388129976.338052681 0 0 0 1.877 0 0  0 -0.003314 2
1388129976.437971671 0 0 0 1.857 0 0  0 -0.00349349 2
1388129976.537968115 0 0 0 1.841 0 0  0 -0.00279263 2
1388129976.638101380 0 0 0 1.82 0 0  0 -0.0036603 2
1388129976.737947388 0 0 0 1.803 0 0  0 -0.00297165 2
1388129976.837995162 0 0 0 1.789 0 0  0 -0.00244228 2
1388129976.938105306 0 0 0 1.777 0 0  0 -0.00209211 2
1388129977.037999646 0 0 0 1.777 0 0  0 0 2
1388129977.138101621 0 0 0 1.776 0 0  0 -0.000174342 2
1388129977.237944136 0 0 0 1.705 0 0  0 -0.0124114 2
1388129977.337946101 0 0 0 1.687 0 0  0 -0.00314153 2
1388129977.437952743 0 0 0 1.672 0 0  0 -0.00261782 2
1388129977.538065332 0 0 0 1.649 0 0  0 -0.00400974 2
1388129977.638060727 0 0 0 1.624 0 0  0 -0.00436354 2
1388129977.738054659 0 0 0 1.605 0 0  0 -0.00331632 2
1388129977.838127792 0 0 0 1.584 0 0  0 -0.00366252 2
1388129977.937972683 0 0 0 1.562 0 0  0 -0.00384568 2
1388129978.037983168 0 0 0 1.54 0 0  0 -0.00383933 2
1388129978.137969483 0 0 0 1.514 0 0  0 -0.00453846 2
1388129978.238102329 0 0 0 1.494 0 0  0 -0.00348604 2
1388129978.338106598 0 0 0 1.487 0 0  0 -0.00122167 2
1388129978.438101997 0 0 0 1.486 0 0  0 -0.000174549 2
1388129978.538047386 0 0 0 1.458 0 0  0 -0.00488959 2
1388129978.838106210 0 0 0 1.452 0 0  0 -0.000348993 2
1388129978.938107331 0 0 0 1.431 0 0  0 -0.00366516 2
1388129979.038177115 0 0 0 1.425 0 0  0 -0.00104647 2
1388129979.138012435 0 0 0 1.413 0 0  0 -0.00209784 2
1388129979.238103448 0 0 0 1.352 0 0  0 -0.0106368 2
1388129979.737943687 0.0335218 0.0225121 0.165 1.188 0.0670651 0.0450385  0.330105 -0.00572651 7
1388129979.838175358 0.0421257 0.0282547 0.29 1.168 0.0858396 0.0572933  1.24711 -0.00348259 7
1388129979.938028346 0.0527118 0.0352812 0.462 1.141 0.106017 0.0703691  1.72253 -0.00471932 7
1388129980.037949502 0.0625479 0.0416552 0.294 1.147 0.0984386 0.0637902  -1.68133 0.00104801 7
1388129980.138083323 0.0725062 0.0480907 0.291 1.156 0.0994497 0.0642683  -0.0299599 0.00156871 7
1388129980.238098917 0.0827937 0.0546773 0.31 1.054 0.102859 0.0658557  0.18997 -0.0177996 7
1388129980.337962652 0.0926362 0.0607482 0.239 1.057 0.0985598 0.0607924  -0.710969 0.000524317 7
1388129980.438046193 0.102963 0.0669736 0.19 1.021 0.103177 0.0622015  -0.489591 -0.00627794 7
1388129980.537999680 0.113511 0.0732199 0.125 0.994 0.105538 0.0624921  -0.650302 -0.00471458 7
1388129980.638091111 0.124488 0.0794355 0.021 0.992 0.10967 0.0620992  -1.03905 -0.000348753 7
1388129980.737976790 0.135585 0.0858911 -0.069 0.934 0.111094 0.0646298  -0.90103 -0.0101345 7
1388129980.837951235 0.147032 0.0922166 -0.242 0.986 0.114494 0.0632718  -1.73044 0.00907803 7
1388129980.937959623 0.158887 0.0988117 -0.419 0.964 0.11854 0.0659449  -1.76985 -0.0038394 7
1388129981.038007822 0.170907 0.105323 -0.601 0.954 0.120142 0.0650857  -1.81912 -0.00174449 7
1388129981.138003500 0.183203 0.111896 -0.822 0.944 0.122965 0.0657315  -2.2101 -0.0017454 7
1388129981.237995752 0.195768 0.118612 -1.052 0.945 0.125661 0.0671614  -2.30018 0.000174544 7
1388129981.338012030 0.208487 0.125483 -1.288 0.947 0.127175 0.0686963  -2.35962 0.000349015 7
1388129981.437984800 0.221233 0.132528 -1.567 0.88 0.127497 0.0704716  -2.79076 -0.0116969 7
1388129981.538049414 0.234131 0.139631 -1.85 0.875 0.128891 0.0709895  -2.82817 -0.0008721 7
1388129981.638106334 0.247245 0.146849 -2.043 0.794 0.131065 0.0721302  -1.9289 -0.0141291 7
1388129981.738036076 0.260553 0.155294 -2.462 0.522 0.133177 0.0845149  -4.19295 -0.0475063 7
1388129981.838006971 0.275553 0.163735 -2.757 1.018 0.150041 0.0844337  -2.95086 0.0865935 7
1388129981.937967652 0.293547 0.173152 -2.942 1.557 0.180007 0.0942107  -1.85073 0.0941103 7
1388129982.037991408 0.315721 0.187352 0.173 2.988 0.221695 0.14196  31.1426 0.249697 7
1388129982.138046730 0.333876 0.197809 0.043 2.853 0.181446 0.104515  -1.29928 -0.0235489 7
1388129982.237981362 0.336899 0.199624 -0.05 2.972 0.0302468 0.0181587  -0.930608 0.020783 7
1388129982.338047790 0.337977 0.208012 -0.117 2.906 0.0107775 0.0838289  -0.669555 -0.0115115 7
1388129982.437949040 0.339241 0.209355 0 2.878 0.0126534 0.0134461  1.17116 -0.00489173 7
1388129982.538005411 0.330012 0.223 -0.096 2.748 -0.0922409 0.13637  -0.959459 -0.0226765 7
1388129982.638059124 0.329335 0.223854 0.036 25.784 0 0  1.31929 4.01838 7
1388129982.737970994 0.336426 0.222052 0.064 25.622 0.0709729 -0.018033  0.280247 -0.0282994 7
1388129982.837964294 0.336128 0.223986 0.151 25.426 0 0.019342  0.870058 -0.0342106 7
1388129982.938005372 0.332543 0.22721 0.207 25.28 -0.0358354 0.0322319  0.55977 -0.0254713 7
1388129983.038074592 0.330929 0.226879 0.335 25.195 -0.0161323 0  1.27911 -0.0148252 7
1388129983.138089528 0.33312 0.20812 0.427 25.181 0.0219057 -0.18756  0.919863 -0.00244309 7
1388129983.238050158 0.313784 0.177131 0.62 25.183 -0.193434 -0.310015  1.93076 0.000349345 7
1388129983.338103242 0.278016 0.139963 0.7 25.137 -0.35749 -0.371475  0.799576 -0.00802451 7
1388129983.638221228 0.166648 0.0259093 0.705 25.192 -0.37108 -0.380031  0.0166601 0.00319853 7
1388129983.738117241 0.148093 0.0157339 1.123 24.861 -0.185741 -0.101859  4.18435 -0.0578304 7
1388129983.838093223 0.136113 0.0188281 1.232 24.89 -0.119828 0.0309495  1.09026 0.00506255 7
1388129983.938118373 0.128335 0.0270945 1.264 24.831 -0.0777599 0.082643  0.31992 -0.0102949 7
1388129984.038108388 0.121036 0.0413343 1.26 24.734 -0.0730045 0.142412  -0.040004 -0.0169314 7
1388129984.137976746 0.118849 0.0505248 1.233 24.725 -0.0219001 0.0920264  -0.270356 -0.00157267 7
1388129984.238105120 0.117567 0.0604713 1.214 24.748 -0.0127969 0.0993377  -0.189756 0.0040089 7
1388129984.338106457 0.116671 0.070294 1.212 24.764 0 0.0982252  -0.0199997 0.00279262 7
1388130002.638095159 0.702999 3.2829 1.117 26.127 0.0320398 0.175553  0 0.00129994 4
1388130006.638134905 10.8145 -3.25703 0 -178.87 0 0  -0.279247 -0.894459 2
1388130006.738241839 10.8145 -3.25703 0 -178.973 0 0  0 -0.0179578 2
1388130006.838107747 10.8145 -3.25703 0 -179.082 0 0  0 -0.0190495 2
1388130006.938243461 10.8145 -3.25703 0 -179.14 0 0  0 -0.0101093 2
1388130007.038103504 10.8145 -3.25703 0 -179.16 0 0  0 -0.00349563 2
1388130007.138068799 10.8145 -3.25703 0 -179.19 0 0  0 -0.00523759 2
1388130007.238135647 10.8145 -3.25703 0 -179.207 0 0  0 -0.00296511 2
1388130007.338240412 10.8145 -3.25703 0 -179.266 0 0  0 -0.0102867 2
1388130007.438038787 10.8145 -3.25703 0 -179.291 0 0  0 -0.00437207 2
1388130007.538124424 10.8145 -3.25703 0 -179.313 0 0  0 -0.00383666 2
1388130007.637995709 10.8145 -3.25703 0 -179.333 0 0  0 -0.0034949 2
1388130007.738027146 10.8145 -3.25703 0 -179.351 0 0  0 -0.00314088 2
1388130007.838045662 10.8145 -3.25703 0 -179.37 0 0  0 -0.00331535 2
1388130007.938022060 10.8145 -3.25703 0 -179.39 0 0  0 -0.00349156 2
1388130008.038043653 10.8145 -3.25703 0 -179.41 0 0  0 -0.00348998 2
1388130008.138065305 10.8145 -3.25703 0 -179.43 0 0  0 -0.00348965 2
1388130008.238105400 10.8145 -3.25703 0 -179.449 0 0  0 -0.00331497 2
1388130008.338026142 10.8145 -3.25703 0 -179.471 0 0  0 -0.00384266 2
1388130008.438109254 10.8145 -3.25703 0 -179.489 0 0  0 -0.00313892 2
1388130008.538236031 10.8145 -3.25703 0 -179.51 0 0  0 -0.00366053 2
1388130008.638238199 10.8145 -3.25703 0 -179.527 0 0  0 -0.00296703 2
1388130008.738240931 10.8145 -3.25703 0 -179.545 0 0  0 -0.00314145 2
1388130008.838022263 10.8145 -3.25703 0 -179.563 0 0  0 -0.00314875 2
1388130008.938133531 10.8145 -3.25703 0 -179.581 0 0  0 -0.00313804 2
1388130009.038068792 10.8145 -3.25703 0 -179.601 0 0  0 -0.003493 2
1388130009.138136266 10.8145 -3.25703 0 -179.619 0 0  0 -0.00313941 2
1388130009.238047644 10.8145 -3.25703 0 -179.642 0 0  0 -0.00401761 2
1388130009.337990033 10.8145 -3.25703 0 -179.661 0 0  0 -0.00331821 2
1388130009.438123508 10.8145 -3.25703 0 -179.681 0 0  0 -0.00348609 2
1388130009.538020914 10.8145 -3.25703 0 -179.698 0 0  0 -0.00296981 2
1388130009.638108993 10.8145 -3.25703 0 -179.716 0 0  0 -0.0031391 2
1388130009.738122964 10.8145 -3.25703 0 -179.738 0 0  0 -0.00383908 2
1388130009.838103281 10.8145 -3.25703 0 -179.757 0 0  0 -0.00331662 2
1388130009.938099799 10.8145 -3.25703 0 -179.779 0 0  0 -0.00384008 2
1388130010.037995393 10.8145 -3.25703 0 -179.796 0 0  0 -0.0029702 2
1388130010.138022704 10.8145 -3.25703 0 -179.813 0 0  0 -0.00296628 2
1388130010.238126565 10.8145 -3.25703 0 -179.833 0 0  0 -0.00348678 2
1388130010.338027885 10.8145 -3.25703 0 -179.852 0 0  0 -0.00331958 2
1388130010.438116800 10.8145 -3.25703 0 -179.871 0 0  0 -0.00331302 2
1388130010.537991443 10.8145 -3.25703 0 -179.891 0 0  0 -0.00349512 2
1388130010.638049208 10.8145 -3.25703 0 -179.91 0 0  0 -0.00331439 2
1388130010.738010243 10.8145 -3.25703 0 -179.926 0 0  0 -0.00279341 2
1388130010.838155521 10.8145 -3.25703 0 -179.943 0 0  0 -0.00296279 2
1388130010.938019754 10.8145 -3.25703 0 -179.966 0 0  0 -0.00401984 2
1388130011.038212809 10.8145 -3.25703 0 -179.985 0 0  0 -0.00330958 2
1388130011.138191373 10.8145 -3.25703 0 179.998 0 0  0 62.8424 2
1388130011.238007137 10.8145 -3.25703 0 179.982 0 0  0 -0.00279781 2
1388130011.338125172 10.8145 -3.25703 0 179.964 0 0  0 -0.00313783 2
1388130011.438141172 10.8145 -3.25703 0 179.944 0 0  0 -0.00349018 2
1388130011.538160178 10.8145 -3.25703 0 179.926 0 0  0 -0.00314093 2
1388130011.638117238 10.8145 -3.25703 0 179.904 0 0  0 -0.00384126 2
1388130011.738150556 10.8145 -3.25703 0 179.886 0 0  0 -0.00314049 2
1388130011.838103842 10.8145 -3.25703 0 179.863 0 0  0 -0.00401626 2
1388130011.938019689 10.8145 -3.25703 0 179.839 0 0  0 -0.00419235 2
1388130012.038151557 10.8145 -3.25703 0 179.819 0 0  0 -0.00348614 2
1388130012.138024727 10.8145 -3.25703 0 179.797 0 0  0 -0.00384449 2
1388130012.238049739 10.8145 -3.25703 0 179.777 0 0  0 -0.00348987 2
1388130012.338024745 10.8145 -3.25703 0 179.755 0 0  0 -0.00384057 2
1388130012.438057786 10.8145 -3.25703 0 179.749 0 0  0 -0.00104694 2
