1386142509.006198577 1.76494e-29 4.94744e-29 0 -0.046 4.31082e-30 1.2084e-29  0 -0.000196094 6
1386142509.043670515 1.76615e-29 4.95073e-29 0 -0.543 3.22352e-31 8.7799e-31  0 -0.231488 6
1386142509.183270080 1.76646e-29 4.95156e-29 0 -0.549 2.18987e-32 5.96705e-32  0 -0.000750149 6
1386142509.238838723 1.76648e-29 4.95164e-29 0 -0.384 4.93374e-33 1.35835e-32  0 0.0518241 6
1386142509.393386199 3.75358e-26 1.66101e-26 0 167.357 2.42761e-25 1.07155e-25  0 18.9433 6
1386142509.443869354 -9.63901e-12 -1.64264e-11 0 168.02 -1.90935e-10 -3.25383e-10  0 0.229219 6
1386142509.589807370 -0.0276813 0.00231619 0.244 168.336 -0.189679 0.0158711  1.67194 0.037791 6
1386142509.654161320 -0.0353949 -0.000615793 0.26 168.554 -0.119862 -0.0455603  0.248625 0.0591239 6
1386142509.803060684 -0.0421831 -0.0154766 0.311 168.686 -0.0455888 -0.0998044  0.342513 0.0154729 6
1386142509.849850420 -0.0449373 -0.0204511 0.367 168.691 -0.0588626 -0.106316  1.19684 0.00186121 6
1386142509.990616574 -0.0545648 -0.0367612 0.432 168.709 -0.0683941 -0.115867  0.461759 0.00223245 6
1386142510.050536108 -0.0591327 -0.0447852 0.573 168.634 -0.0762328 -0.133913  2.35316 -0.021845 6
1386142510.190912187 -0.0723664 -0.0640534 0.618 168.524 -0.0942737 -0.137262  0.320567 -0.0136766 6
1386142510.246376322 -0.0821391 -0.0695298 0.671 168.456 -0.176199 -0.0987362  0.955572 -0.0214007 6
1386142510.404380503 -0.111407 -0.0838619 0.673 168.475 -0.185234 -0.0907073  0.0126579 0.00210013 6
1386142510.507148982 -0.121111 -0.0897815 0.656 168.703 -0.0944295 -0.0576015  -0.16542 0.038721 6
1386142510.578362997 -0.12577 -0.0944292 0.651 168.805 -0.0654124 -0.0652628  -0.0702109 0.0249959 6
1386142510.702367527 -0.130911 -0.0967639 0.629 168.967 -0.0414614 -0.0188278  -0.177413 0.0228014 6
1386142510.767081641 -0.132746 -0.0981263 0.632 169.069 -0.028355 -0.0210526  0.0463577 0.0275106 6
1386142510.897827676 -0.138492 -0.103943 0.623 169.154 -0.0439507 -0.044486  -0.0688357 0.0113475 6
1386142510.963695712 -0.141355 -0.106384 0.624 169.222 -0.0434594 -0.0370697  0.0151819 0.0180164 6
1386142511.093161860 -0.150396 -0.112921 0.636 169.255 -0.0698311 -0.05049  0.0926883 0.00444936 6
1386142511.160485770 -0.154265 -0.11509 0.638 169.206 -0.0574681 -0.0322202  0.0297071 -0.0127058 6
1386142511.288768842 -0.160869 -0.118952 0.648 169.294 -0.0514853 -0.0301064  0.0779526 0.0119744 6
1386142511.356935248 -0.16457 -0.1209 0.651 169.213 -0.0542817 -0.0285763  0.0440099 -0.0207415 6
1386142511.484298191 -0.170497 -0.12622 0.658 169.257 -0.0465426 -0.0417669  0.054961 0.00603045 6
1386142511.614636274 -0.176311 -0.13122 0.665 169.22 -0.0446036 -0.0383641  0.0537065 -0.00495493 6
1386142511.679845736 -0.179188 -0.135858 0.667 169.184 -0.0441205 -0.0711236  0.0306704 -0.00963418 6
1386142511.811163748 -0.183125 -0.142273 0.671 169.23 -0.0299827 -0.0488481  0.0304604 0.00611247 6
1386142511.875813048 -0.184889 -0.145803 0.67 169.24 -0.0272798 -0.0546018  -0.0154681 0.00270232 6
1386142512.005786638 -0.187469 -0.149928 0.672 169.267 -0.0198476 -0.0317352  0.0153877 0.00362468 6
1386142512.071128666 -0.18883 -0.151622 0.671 169.301 -0.0208364 -0.0259279  -0.0153041 0.00908071 6
1386142512.201487537 -0.191621 -0.153872 0.67 169.315 -0.0214071 -0.0172629  -0.00767113 0.00187542 6
1386142512.267008329 -0.193133 -0.155663 0.674 169.254 -0.0230748 -0.0273289  0.0610493 -0.0162503 6
1386142512.396977885 -0.195229 -0.159649 0.674 169.269 -0.0161339 -0.0306747  0 0.00201423 4
1386142512.462327427 0.832155 0.12393 0.667 0.0220032 0.0155086 0.0523962  -0.107116 -45.2018 4
1386142512.592536225 0.832941 0.131458 0.654 0.00700378 0.00603454 0.0578153  -0.0998396 -0.00201053 4
1386142512.663046009 0.832508 0.13353 0.647 0.0100098 -0.00614023 0.0293798  -0.099277 0.000744071 4
1386142512.788193541 0.831063 0.135571 0.635 0.110001 -0.0115454 0.0163129  -0.0958868 0.0139449 3
1386142512.856718164 0.830515 0.137007 0.63 0.0950012 -0.00799386 0.0209515  -0.0729665 -0.00382036 3
1386142512.983833356 0.832166 0.143234 0.628 0.164001 0.0129882 0.0489892  -0.0157338 0.00947394 3
1386142513.114333931 0.838438 0.158341 0.631 1.138 0.0480571 0.115762  0.0229884 0.130264 3
1386142513.179095050 0.844152 0.166044 0.637 1.711 0.0882326 0.118946  0.0926482 0.154424 3
1386142513.309090703 0.872915 0.188414 0.648 2.552 0.221266 0.172077  0.0846182 0.112914 3
1386142513.373945861 0.892055 0.198802 0.654 2.929 0.29511 0.160174  0.0925138 0.101455 3
1386142513.505252655 0.95117 0.218699 0.668 3.31801 0.450209 0.151531  0.106621 0.0517069 3
1386142513.570829834 0.985434 0.22879 0.672 3.455 0.522493 0.153881  0.0609968 0.0364606 3
1386142513.703637093 1.0672 0.244428 0.692 3.47 0.615699 0.117748  0.150594 0.00197119 3
1386142513.767203184 1.10712 0.248427 0.698 3.496 0.628019 0.0629198  0.0943899 0.00713907 3
1386142513.895781727 1.19339 0.251616 0.712 3.533 0.670886 0.0247973  0.108883 0.00502274 3
1386142513.961247078 1.23739 0.251271 0.719 3.536 0.672141 -0.00525866  0.106927 0.000797337 3
1386142514.095566869 1.31956 0.245095 0.735 3.774 0.611767 -0.0459852  0.119119 0.0309262 3
1386142514.156862493 1.35495 0.241968 0.737 3.94 0.577367 -0.0510164  0.0326288 0.0472669 3
1386142514.287287857 1.41968 0.22937 0.742 4.395 0.496321 -0.0965898  0.0383361 0.0608875 3
1386142514.417683665 1.47896 0.218835 0.742 4.815 0.454618 -0.0807917  0 0.0562162 3
1386142514.482857058 1.50956 0.215832 0.744 5.024 0.469454 -0.0460785  0.0306874 0.0559696 3
1386142514.619502721 1.56569 0.214641 0.745 5.436 0.410745 -0.00871547  0.0073182 0.0526237 3
1386142514.686636936 1.5929 0.215834 0.751 5.784 0.405305 0.0177735  0.0893732 0.0904696 3
1386142514.817314692 1.64803 0.220256 0.751 6.375 0.421892 0.0338377  0 0.0789343 3
1386142514.887026622 1.67845 0.224643 0.755 6.659 0.436361 0.0629306  0.057379 0.0711023 3
1386142515.004450751 1.73696 0.232914 0.751 7.209 0.498326 0.0704335  -0.0340645 0.0817495 3
1386142515.087143743 1.7815 0.23864 0.756 7.472 0.538584 0.0692521  0.0604646 0.0555092 3
1386142515.203383915 1.84385 0.244901 0.764 8.017 0.536419 0.0538597  0.068823 0.0818307 3
1386142515.270478608 1.88141 0.247946 0.768 8.209 0.559757 0.0453909  0.0596172 0.0499452 3
1386142515.395456963 1.95063 0.251943 0.774 8.67801 0.553846 0.031975  0.0480083 0.0654974 3
1386142515.460528819 1.98619 0.253306 0.777 8.91301 0.546574 0.0209557  0.0461029 0.0630309 3
1386142515.591813504 2.05742 0.253669 0.784 9.364 0.542501 0.00276556  0.0533192 0.0599555 3
1386142515.721361729 2.12029 0.25345 0.787 9.883 0.4853 -0.00169466  0.0231574 0.0699215 3
1386142515.786346882 2.15092 0.252921 0.789 10.142 0.471362 -0.00814429  0.0307763 0.0695613 3
1386142515.916706305 2.21235 0.252664 0.794 10.802 0.471238 -0.00196639  0.0383555 0.0883652 3
1386142515.982575266 2.24158 0.253105 0.792 11.133 0.443786 0.00668733  -0.0303633 0.0877034 3
1386142516.112456229 2.29765 0.258228 0.794 11.745 0.431725 0.0394496  0.0153987 0.082242 3
1386142516.177558882 2.32817 0.262018 0.792 12.063 0.468796 0.0582108  -0.0307207 0.0852504 3
1386142516.315089450 2.38491 0.275096 0.795 12.755 0.41252 0.0950875  0.0218133 0.0878183 3
1386142516.373029996 2.40865 0.281716 0.789 13.114 0.409855 0.114267  -0.103554 0.108139 3
1386142516.502639886 2.46577 0.303391 0.79 13.737 0.440665 0.167233  0.00771546 0.0838934 3
1386142516.574782560 2.50024 0.315311 0.788 14.023 0.47785 0.165218  -0.0277228 0.0691938 3
1386142516.703655933 2.5618 0.340829 0.785 14.438 0.477698 0.198011  -0.0232787 0.0562024 3
1386142516.764449652 2.59356 0.353372 0.784 14.595 0.522372 0.206328  -0.0164491 0.0450725 3
1386142516.897242283 2.66394 0.375219 0.781 14.884 0.530016 0.164515  -0.0225916 0.0379842 3
1386142517.027126685 2.73647 0.392478 0.777 14.954 0.558365 0.132879  -0.0307966 0.00940728 3
1386142517.090126161 2.77181 0.399651 0.778 14.91 0.561088 0.113871  0.0158731 -0.0121915 3
1386142517.220995067 2.84496 0.409946 0.771 14.984 0.558932 0.0786594  -0.0534886 0.00986967 3
1386142517.286111006 2.88007 0.414101 0.769 15.028 0.539194 0.0638199  -0.0307144 0.0117911 3
1386142517.416113878 2.94065 0.418717 0.762 15.135 0.465991 0.0355026  -0.053845 0.0143664 3
1386142517.482106000 2.97063 0.420858 0.758 15.18 0.454325 0.0324526  -0.0606133 0.0119009 3
1386142517.612385535 3.02233 0.427718 0.755 15.351 0.396804 0.0526553  -0.0230274 0.0229072 3
1386142517.676864888 3.04688 0.431576 0.754 15.474 0.380801 0.059828  -0.0155088 0.033294 3
1386142517.809284026 3.09686 0.442891 0.752 15.777 0.377382 0.0854486  -0.0151036 0.0399376 3
1386142517.872856179 3.12191 0.448516 0.751 15.937 0.394143 0.0884815  -0.0157302 0.0439237 3
1386142518.003447374 3.17357 0.460463 0.753 16.129 0.395532 0.0914826  0.015315 0.0256607 3
1386142518.067801085 3.20108 0.466621 0.754 16.16 0.427548 0.0956923  0.0155391 0.00840906 3
1386142518.200538612 3.26594 0.477892 0.758 16.026 0.488645 0.0849113  0.0301347 -0.0176196 3
1386142518.328531633 3.33886 0.492511 0.764 15.705 0.569738 0.114217  0.0468776 -0.0437719 3
1386142518.393707252 3.37799 0.500862 0.765 15.466 0.600301 0.12814  0.0153432 -0.0640011 3
1386142518.524181243 3.46073 0.518268 0.778 15.115 0.634187 0.133406  0.0996367 -0.0469524 3
1386142518.591625585 3.50478 0.527228 0.779 14.927 0.653085 0.132843  0.014827 -0.0486517 3
1386142518.719870404 3.59097 0.546332 0.781 14.553 0.672052 0.14897  0.0155952 -0.050898 3
1386142518.786753432 3.63479 0.556195 0.782 14.367 0.655278 0.147461  0.0149515 -0.0485384 3
1386142518.915206795 3.71536 0.573377 0.78 13.925 0.627163 0.133756  -0.0155699 -0.0600559 3
1386142518.980237767 3.75549 0.583212 0.779 13.681 0.617167 0.151236  -0.0153773 -0.0654867 3
1386142519.111386797 3.82921 0.600986 0.771 13.186 0.562081 0.135526  -0.0609993 -0.0658739 3
1386142519.180389101 3.86597 0.608192 0.764 13.066 0.532758 0.104439  -0.101446 -0.0303513 3
1386142519.307559004 3.92627 0.612013 0.749 13.033 0.47416 0.0300475  -0.117952 -0.0045297 3
1386142519.371709295 3.95377 0.611289 0.743 13.186 0.428662 -0.0112983  -0.0935304 0.0416265 3
1386142519.502046098 4.01248 0.596348 0.732 13.585 0.450459 -0.114631  -0.0843967 0.05343 3
1386142519.633047088 4.07268 0.579073 0.727 14.135 0.459543 -0.131871  -0.0381677 0.073277 3
1386142519.697512717 4.10461 0.569936 0.724 14.601 0.495392 -0.14173  -0.0465364 0.126161 3
1386142519.828639703 4.17637 0.556511 0.717 15.681 0.547258 -0.102378  -0.0533834 0.143751 3
1386142519.899343568 4.21591 0.5504 0.713 16.335 0.559112 -0.0864406  -0.056574 0.161442 3
1386142520.023429459 4.285 0.551451 0.709 17.661 0.556858 0.00847332  -0.0322357 0.186507 3
1386142520.088685068 4.31955 0.555351 0.712 18.21 0.529364 0.0597694  0.0459731 0.146839 3
1386142520.229676511 4.38982 0.577174 0.709 19.168 0.498424 0.154779  -0.0212779 0.11859 3
1386142520.291230919 4.41899 0.589921 0.707 19.499 0.473937 0.20709  -0.0324916 0.0938551 3
1386142520.416474765 4.47105 0.624069 0.698 20.022 0.415629 0.272647  -0.0718598 0.0728817 3
1386142520.480860145 4.49578 0.64365 0.693 20.171 0.384054 0.304129  -0.0776574 0.0403908 3
1386142520.610074164 4.539 0.68167 0.681 20.366 0.334533 0.294237  -0.0928692 0.0263381 3
1386142520.677459094 4.56096 0.701228 0.677 20.405 0.325799 0.290255  -0.0593605 0.0101017 3
1386142520.806687970 4.60042 0.735348 0.669 20.312 0.305381 0.264021  -0.0619057 -0.0125606 3
1386142520.870620059 4.62146 0.751505 0.667 20.13 0.329015 0.252726  -0.0312832 -0.0496832 3
1386142521.001149385 4.6701 0.774836 0.661 19.574 0.372706 0.178743  -0.0459667 -0.0743436 3
1386142521.133754698 4.72708 0.793506 0.66 18.91 0.429691 0.140795  -0.00754118 -0.0873948 3
1386142521.200196425 4.75744 0.802202 0.66 18.513 0.456841 0.130872  0 -0.104287 3
1386142521.328234898 4.8214 0.815608 0.662 17.787 0.499584 0.104705  0.0156203 -0.0989629 3
1386142521.392205817 4.85457 0.822572 0.663 17.425 0.518531 0.108866  0.0156321 -0.0987649 3
1386142521.528018199 4.93004 0.83775 0.661 16.608 0.555624 0.111759  -0.0147262 -0.104993 3
1386142521.594067063 4.96736 0.846095 0.66 16.254 0.565184 0.126339  -0.0151403 -0.0935449 3
1386142521.718092894 5.04556 0.866176 0.656 15.361 0.630464 0.161907  -0.0322513 -0.125664 3
1386142521.783622351 5.08687 0.875699 0.651 14.834 0.630476 0.145329  -0.0763016 -0.140365 3
1386142521.913411073 5.17173 0.894071 0.644 13.658 0.653793 0.141558  -0.0539338 -0.158141 3
1386142521.979060152 5.21549 0.901637 0.643 12.99 0.666534 0.115248  -0.0152325 -0.177593 3
1386142522.114852601 5.30454 0.909599 0.641 11.581 0.655831 0.0586335  -0.0147284 -0.181097 3
1386142522.239588355 5.38626 0.907823 0.645 10.37 0.655119 -0.0142436  0.0320678 -0.169445 3
1386142522.304754526 5.42515 0.904786 0.646 10.076 0.596774 -0.0465939  0.0153454 -0.078743 3
1386142522.439799573 5.49661 0.879882 0.658 9.968 0.529139 -0.184414  0.0888592 -0.0139582 3
1386142522.500191644 5.52683 0.863238 0.659 9.98801 0.500484 -0.275595  0.0165585 0.00578123 3
1386142522.630729100 5.57856 0.812768 0.663 10.317 0.396239 -0.386637  0.0306425 0.0439877 3
1386142522.706776261 5.59958 0.789325 0.663 10.484 0.276473 -0.308272  0 0.0383292 3
1386142522.826157815 5.63341 0.731762 0.657 10.937 0.283337 -0.482174  -0.050259 0.0662257 3
1386142522.902924857 5.65707 0.69793 0.656 11.082 0.308274 -0.440706  -0.0130264 0.0329673 3
1386142523.026236531 5.6977 0.657597 0.647 12.194 0.329474 -0.327081  -0.0729858 0.15739 3
1386142523.105241120 5.72717 0.635634 0.646 12.982 0.373055 -0.278002  -0.0126575 0.174083 3
1386142523.217513432 5.77977 0.627783 0.649 15.268 0.468471 -0.0699293  0.0267207 0.355369 3
1386142523.291680061 5.81807 0.630511 0.654 16.696 0.516458 0.0367802  0.0674158 0.336043 3
1386142523.424984731 5.88725 0.660663 0.671 19.624 0.51893 0.226192  0.127527 0.383358 3
1386142523.482982674 5.9171 0.680867 0.682 21.17 0.514625 0.348364  0.189662 0.465234 3
1386142523.625574244 6.0066 0.75449 0.706 23.769 0.627698 0.516318  0.168313 0.318119 3
1386142523.740291183 6.06688 0.828411 0.734 25.673 0.525505 0.644375  0.244079 0.28968 3
1386142523.803843881 6.09803 0.873159 0.74 26.274 0.490063 0.704115  0.0944098 0.16505 3
1386142523.936401367 6.15283 0.972013 0.745 26.439 0.413377 0.745741  0.0377195 0.021724 3
1386142524.004620349 6.17958 1.02243 0.744 26.25 0.392175 0.738987  -0.0146587 -0.048353 3
1386142524.131294645 6.22048 1.10357 0.735 24.989 0.322868 0.64061  -0.0710484 -0.173742 3
1386142524.195241264 6.23972 1.14224 0.731 24.221 0.300825 0.604634  -0.0625522 -0.209612 3
1386142524.324908046 6.28114 1.19508 0.717 22.573 0.31946 0.40754  -0.107969 -0.221824 3
1386142524.390631662 6.30302 1.2175 0.707 21.812 0.332996 0.341021  -0.152152 -0.202088 3
1386142524.525381951 6.35558 1.23874 0.688 20.234 0.39006 0.157689  -0.141002 -0.204386 3
1386142524.593965527 6.38286 1.2451 0.679 19.37 0.397676 0.0926149  -0.131227 -0.219872 3
1386142524.716922571 6.43824 1.24565 0.66 17.735 0.450425 0.00448662  -0.154526 -0.232084 3
1386142524.782138313 6.46848 1.24449 0.65 17.045 0.463737 -0.0177594  -0.153337 -0.184661 3
1386142524.910991648 6.53599 1.24346 0.633 16.005 0.523871 -0.00800015  -0.131933 -0.140868 3
1386142525.042092395 6.60657 1.25227 0.612 15.076 0.538365 0.0671727  -0.160182 -0.123677 3
1386142525.107517305 6.64102 1.25807 0.601 14.676 0.526651 0.0887459  -0.168132 -0.106706 3
1386142525.236746191 6.71434 1.27747 0.579 12.483 0.567317 0.150133  -0.170241 -0.296182 3
1386142525.301998811 6.7515 1.28706 0.568 11.121 0.569539 0.14684  -0.168576 -0.364298 3
1386142525.434692380 6.82533 1.3009 0.549 7.985 0.556402 0.104337  -0.143187 -0.412481 3
1386142525.498693787 6.86081 1.30514 0.539 6.104 0.554271 0.0663214  -0.156247 -0.512951 3
1386142525.563767231 6.89497 1.30536 0.533 4.067 0.525053 0.00337849  -0.0922035 -0.546343 3
1386142525.695264195 6.95437 1.2886 0.529 0.792007 0.451717 -0.127527  -0.030419 -0.434682 3
1386142525.830083896 7.00161 1.25249 0.527 -1.241 0.350355 -0.267836  -0.0148346 -0.263186 3
1386142525.891385982 7.02097 1.23374 0.53 -1.855 0.315817 -0.305735  0.048938 -0.174811 3
1386142526.034835870 7.06098 1.18312 0.536 -2.48 0.278935 -0.352889  0.0418265 -0.0760426 3
1386142526.085215922 7.07432 1.16701 0.543 -2.70799 0.264771 -0.319785  0.138944 -0.0789855 3
1386142526.216489183 7.11294 1.13414 0.562 -2.556 0.294211 -0.250386  0.144736 0.020208 3
1386142526.346367642 7.15404 1.12157 0.591 -1.832 0.316442 -0.0967764  0.223286 0.0972922 3
1386142526.417675754 7.1796 1.11764 0.608 -1.467 0.358457 -0.0550932  0.238402 0.0893383 3
1386142526.547873771 7.24769 1.12095 0.649 -1.119 0.522954 0.0253981  0.314905 0.046649 3
1386142526.617685409 7.28485 1.12245 0.666 -1.239 0.532331 0.0214415  0.243512 -0.0299994 3
1386142526.739879127 7.36241 1.13085 0.705 -2.02499 0.634701 0.0688019  0.319165 -0.112266 3
1386142526.802410993 7.40584 1.13378 0.712 -2.502 0.694534 0.0467394  0.111943 -0.133137 3
1386142526.933006940 7.50366 1.1324 0.72 -3.597 0.749051 -0.0105485  0.0612576 -0.14634 3
1386142526.998712244 7.55176 1.12768 0.723 -4.058 0.731991 -0.0719056  0.0456584 -0.122455 3
1386142527.128155109 7.64084 1.10816 0.722 -4.748 0.688171 -0.150783  -0.00772542 -0.0930358 3
1386142527.195864982 7.68721 1.09478 0.715 -5.004 0.684897 -0.197595  -0.103382 -0.0659872 3
1386142527.335467048 7.77362 1.06037 0.701 -5.29599 0.618932 -0.246444  -0.100285 -0.0365054 3
1386142527.416879383 7.82164 1.04037 0.691 -5.29399 0.589949 -0.245778  -0.122832 0.000428527 3
1386142527.519229167 7.87147 1.01661 0.669 -5.17 0.48679 -0.232107  -0.214949 0.021144 3
1386142527.649561525 7.92912 0.988132 0.643 -4.798 0.442383 -0.218494  -0.19949 0.0498151 3
1386142527.715120322 7.95664 0.975382 0.631 -4.595 0.419671 -0.194483  -0.183042 0.0540442 3
1386142527.843421186 8.00511 0.957565 0.61 -3.97499 0.377834 -0.138866  -0.163678 0.0843426 3
1386142527.910378605 8.03225 0.949126 0.6 -3.66899 0.405206 -0.126039  -0.149349 0.0797627 3
1386142528.040634097 8.08605 0.938907 0.585 -3.082 0.413106 -0.0784503  -0.115158 0.0786525 3
1386142528.105991864 8.11496 0.933783 0.578 -2.80099 0.442262 -0.0784135  -0.107103 0.0750405 3
1386142528.236247409 8.18082 0.923973 0.563 -2.23 0.505621 -0.0753118  -0.115158 0.0765097 3
1386142528.432175705 8.29033 0.901694 0.546 -1.30899 0.558928 -0.11371  -0.0867664 0.0820431 3
1386142528.499399280 8.32802 0.893393 0.542 -0.998001 0.560683 -0.123473  -0.0595029 0.0807423 3
1386142528.627669191 8.40101 0.873144 0.535 -0.406998 0.569049 -0.157869  -0.0545724 0.080416 3
1386142528.692604973 8.43644 0.862919 0.532 -0.0709991 0.545563 -0.157451  -0.0461995 0.0903089 3
1386142528.833425721 8.51074 0.845271 0.528 0.539001 0.527636 -0.125326  -0.0284049 0.0756033 3
1386142528.888229930 8.53954 0.838496 0.529 0.874008 0.525567 -0.123622  0.0182468 0.106688 3
1386142529.018608880 8.60145 0.830993 0.53 1.506 0.474849 -0.0575453  0.00766995 0.0846017 3
1386142529.151678790 8.66387 0.827397 0.536 2.039 0.469057 -0.0270218  0.0450891 0.0699083 3
1386142529.214891829 8.69289 0.827436 0.539 2.28 0.458977 0.000603986  0.0474586 0.06654 3
1386142529.349020796 8.75441 0.830597 0.546 2.65201 0.458707 0.023573  0.0521886 0.048407 3
1386142529.409720978 8.78486 0.832669 0.55 2.73801 0.501579 0.0341277  0.0658977 0.0247274 3
1386142529.542740493 8.85101 0.837561 0.552 2.88 0.49733 0.0367796  0.0150354 0.0186314 3
1386142529.610520601 8.88559 0.840193 0.553 2.94701 0.510187 0.0388252  0.0147536 0.0172528 3
1386142529.740888282 8.95401 0.842161 0.553 2.968 0.5248 0.0150994  0 0.0028109 3
1386142529.800675241 8.98434 0.841853 0.558 2.97 0.507387 -0.0051581  0.0836303 0.000583529 3
1386142529.932846086 9.05028 0.838196 0.556 2.964 0.498848 -0.027671  -0.0151319 -0.000791871 3
1386142529.996291992 9.08065 0.834968 0.556 2.93401 0.478728 -0.0508795  0 -0.00825234 3
1386142530.126515274 9.14215 0.825481 0.554 2.948 0.472279 -0.072849  -0.0153582 0.00187533 3
1386142530.256938173 9.20297 0.814726 0.553 3.26201 0.466295 -0.0824611  -0.00766737 0.0420211 3
1386142530.322226773 9.23422 0.810407 0.552 3.519 0.478665 -0.0661525  -0.0153166 0.0686995 3
1386142530.452915442 9.29695 0.803955 0.549 4.004 0.479982 -0.0493732  -0.0229553 0.0647712 3
1386142530.517552483 9.32874 0.801654 0.547 4.147 0.491805 -0.0355906  -0.030942 0.0386143 3
1386142530.647998247 9.392 0.800142 0.547 4.269 0.484965 -0.0115919  0 0.0163225 3
1386142530.715862773 9.42588 0.800526 0.547 4.278 0.499275 0.00566254  0 0.0023153 3
1386142530.843757060 9.49018 0.800971 0.548 4.002 0.502748 0.00347433  0.00781896 -0.0376649 3
1386142530.911164778 9.5271 0.801051 0.55 3.897 0.547646 0.0011949  0.0296702 -0.0271856 3
1386142531.039361806 9.59342 0.800189 0.551 3.79401 0.517344 -0.00672727  0.00780049 -0.0140224 3
1386142531.104470109 9.62695 0.799023 0.55 3.718 0.515074 -0.0179132  -0.015359 -0.0203741 3
1386142531.234987996 9.69012 0.792237 0.55 3.60001 0.483986 -0.0519925  0 -0.0157789 3
1386142531.299738441 9.72012 0.787506 0.55 3.642 0.463271 -0.0730648  0 0.0113189 3
1386142531.430372938 9.77753 0.77541 0.55 3.668 0.439497 -0.092592  0 0.00347383 3
1386142531.504812469 9.81062 0.768391 0.553 3.686 0.444439 -0.0942861  0.0403012 0.00422159 3
1386142531.642045240 9.86882 0.754385 0.549 3.563 0.424097 -0.102061  -0.0291476 -0.0156433 3
1386142531.760647093 9.91933 0.743508 0.544 3.39801 0.425918 -0.091711  -0.0421579 -0.0242802 3
1386142531.826434387 9.9471 0.73875 0.541 3.26001 0.422168 -0.0723182  -0.0456015 -0.0366114 3
1386142531.951738427 10.0033 0.733812 0.534 2.804 0.448762 -0.0394136  -0.0558641 -0.0635164 3
1386142532.019681412 10.034 0.732018 0.529 2.511 0.451109 -0.0263994  -0.0735911 -0.0752661 3
1386142532.148136337 10.0951 0.728649 0.521 1.99001 0.476152 -0.0262296  -0.0622787 -0.0707882 3
1386142532.228789319 10.1354 0.724816 0.517 1.748 0.499309 -0.0475268  -0.0495952 -0.0523697 3
1386142532.344738589 10.1956 0.713662 0.508 1.295 0.519349 -0.0961968  -0.0776202 -0.0681884 3
1386142532.409282155 10.2311 0.705089 0.506 1.09 0.548848 -0.132828  -0.0309868 -0.0554348 3
1386142532.542200590 10.3054 0.675583 0.506 0.917007 0.559031 -0.221981  0 -0.0227149 3
1386142532.606035027 10.3432 0.658983 0.506 0.878998 0.592717 -0.260055  0 -0.0103924 3
1386142532.733814015 10.4224 0.620903 0.509 1.22701 0.619845 -0.298009  0.023478 0.0475342 3
1386142532.799662813 10.4648 0.600151 0.51 1.524 0.644497 -0.315161  0.0151863 0.0787194 3
1386142532.933280219 10.5525 0.564057 0.511 2.23601 0.655685 -0.270126  0.00748405 0.0930032 3
1386142532.997092411 10.5955 0.550174 0.511 2.666 0.675064 -0.217564  0 0.117607 3
1386142533.125020571 10.6884 0.531919 0.511 3.67 0.72593 -0.142692  0 0.136976 3
1386142533.255319601 10.778 0.526052 0.511 4.98201 0.687578 -0.0450331  0 0.175741 3
1386142533.320564339 10.8172 0.527239 0.512 5.547 0.601098 0.0181989  0.0153269 0.151137 3
1386142533.452828420 10.8888 0.553488 0.513 5.092 0.541484 0.198461  0.00756063 -0.0600411 3
1386142533.516135805 10.8982 0.579992 0.512 -0.701004 0.148726 0.41865  -0.0157959 -1.59708 3
1386142533.581052376 10.8974 0.613471 0.51 -3.895 -0.0128292 0.51573  -0.0308088 -0.85873 3
1386142533.711687166 10.8869 0.69124 0.5 -6.15599 -0.08035 0.595311  -0.0765493 -0.302076 7
1386142533.779361408 10.8811 0.729476 0.491 -6.44499 -0.0860523 0.565011  -0.13299 -0.0745339 7
1386142533.906730356 10.878 0.79578 0.477 -6.474 -0.0241824 0.520563  -0.109917 -0.00397481 7
1386142533.974349019 10.8781 0.826212 0.471 -6.386 0.00183198 0.450052  -0.0887329 0.0227133 7
1386142534.102139164 10.878 0.865889 0.466 -6.125 -0.00142484 0.310485  -0.0391266 0.035647 7
1386142534.168069170 10.8779 0.880251 0.464 -5.985 -0.000958739 0.217838  -0.0303352 0.0370613 7
1386142534.297843925 10.8775 0.886395 0.463 -5.59399 -0.00334647 0.0473458  -0.00770566 0.0525861 4
1386142534.363684798 10.8771 0.885659 0.461 -5.61099 -0.00592029 -0.0111798  -0.0303763 -0.00450596 8
1386142534.495441406 10.8748 0.876951 0.422 -5.959 -0.0172592 -0.066093  -0.296 -0.0460992 8
1386142534.560083758 10.8737 0.871862 0.386 -6.11299 -0.0175061 -0.0787201  -0.55691 -0.0415774 8
1386142534.689491330 10.8719 0.868124 0.327 -6.30099 -0.0139202 -0.028885  -0.455924 -0.0253562 8
1386142534.755428920 10.8705 0.866782 0.273 -6.256 -0.0206636 -0.0203505  -0.818956 0.0119108 8
1386142534.888484121 10.8718 0.867032 0.178 -6.006 0.00948906 0.00187647  -0.713989 0.0327933 8
1386142535.015507669 10.8814 0.869561 0.114 -5.34399 0.0758828 0.0199096  -0.503844 0.0909605 8
1386142535.083644005 10.8902 0.87082 0.06 -5.04399 0.128964 0.0184817  -0.792529 0.0768465 8
1386142535.212366026 10.9099 0.861067 -0.05 -4.80699 0.153444 -0.0757724  -0.854555 0.0321345 8
1386142535.276271477 10.9214 0.856253 0 -4.47499 0.179517 -0.0753305  0.782406 0.0906731 2
1386142535.407505930 10.9449 0.829433 0 -2.899 0.178628 -0.204361  0 0.209596 2
1386142535.471682703 10.9458 0.826323 0 -2.911 0.0154787 -0.0484699  0 -0.00326169 2
1386142535.603963920 10.9448 0.825619 0 -2.905 -0.00809922 -0.00531943  0 0.00079121 2
1386142535.667244328 10.944 0.825324 0 -2.907 -0.0121419 -0.00467175  0 -0.000551315 2
1386142535.797533685 10.9429 0.82512 0 -2.90199 -0.00874697 -0.00156004  0 0.000670444 2
1386142535.861343858 10.9427 0.825094 0 -2.905 -0.00297682 -0.000417913  0 -0.000822193 2
1386142535.993039976 10.9419 0.824855 0 -2.908 -0.00555169 -0.00180928  0 -0.000398374 2
1386142536.058238362 10.9418 0.824838 0 -2.907 -0.00157209 -0.000265577  0 0.00026959 2
1386142536.187138410 10.9419 0.824886 0 -2.90599 0.000203313 0.000372456  0 0.00013636 2
1386142536.252412071 10.9419 0.824891 0 -2.905 0.000712296 7.71528e-05  0 0.0002652 2
1386142536.384145162 10.9418 0.824833 0 -2.907 -0.000830787 -0.000438303  0 -0.000264834 2
1386142536.514502575 10.9419 0.824798 0 -2.907 0.000456832 -0.000273437  0 0 2
1386142536.579886982 10.9419 0.824795 0 -2.909 0.000169984 -4.27948e-05  0 -0.000533574 2
1386142536.710106669 10.9419 0.824768 0 -2.91 0.000406759 -0.000207377  0 -0.000134979 2
1386142536.775235253 10.942 0.824794 0 -2.91 0.000736162 0.00040394  0 0 2
1386142536.907398518 10.942 0.824845 0 -2.908 0.000387638 0.000381165  0 0.000263972 2
1386142536.972057658 10.9421 0.824854 0 -2.908 0.000496499 0.00014969  0 0 2
1386142537.101056340 10.9422 0.824899 0 -2.908 0.00120787 0.000346475  0 0 2
1386142537.166523515 10.9422 0.8249 0 -2.90599 -0.000357413 2.11784e-05  0 0.000536967 2
1386142537.296640954 10.9422 0.824894 0 -2.90399 0.00040229 -4.73277e-05  0 0.000268122 2
1386142537.362409631 10.9423 0.824895 0 -2.90399 0.000522312 2.04035e-05  0 0 2
1386142537.492571185 10.9422 0.824907 0 -2.903 -0.000713138 8.68262e-05  0 0.000132993 2
1386142537.557693792 10.9422 0.824918 0 -2.905 0.000813751 0.000174949  0 -0.000535719 2
1386142537.687966857 10.9422 0.824903 0 -2.905 6.81023e-05 -0.000114645  0 0 2
1386142537.752926176 10.9423 0.824886 0 -2.905 0.000452575 -0.000261431  0 0 2
1386142537.888795149 10.9422 0.824925 0 -2.90599 -0.000356382 0.000283444  0 -0.000127406 2
1386142537.954033489 10.9423 0.824939 0 -2.908 0.000575099 0.000212351  0 -0.000538851 2
1386142538.085176460 10.9424 0.825008 0 -2.907 0.00127645 0.000528726  0 0.000134028 2
1386142538.214373570 10.9424 0.825003 0 -2.907 4.03771e-05 -4.10943e-05  0 0 2
1386142538.283999489 10.9424 0.824999 0 -2.907 -1.37323e-05 -5.38605e-05  0 0 2
1386142538.409679853 10.9425 0.824994 0 -2.908 0.000524873 -3.98628e-05  0 -0.000139854 2
1386142538.476148236 10.9425 0.82499 0 -2.909 5.13958e-05 -5.36631e-05  0 -0.000260433 2
1386142538.605212472 10.9426 0.825036 0 -2.91 0.00035775 0.000352456  0 -0.000136187 2
1386142538.672427662 10.9426 0.825038 0 -2.909 0.000497668 3.76061e-05  0 0.000261501 2
1386142538.802938607 10.9426 0.825002 0 -2.911 0.000379326 -0.000275436  0 -0.000267314 2
1386142538.867935477 10.9427 0.825018 0 -2.912 0.000423651 0.000235117  0 -0.000270426 2
1386142538.998486272 10.9427 0.825024 0 -2.91299 0.000624316 4.65833e-05  0 -0.000132596 2
1386142539.061429241 10.9428 0.825039 0 -2.911 0.000250452 0.000247617  0 0.00055427 2
1386142539.191715794 10.9428 0.825041 0 -2.91 0.0006581 9.64064e-06  0 0.000132865 2
1386142539.259782466 10.9429 0.82504 0 -2.909 0.000145089 -1.133e-05  0 0.00025823 2
1386142539.387596793 10.9429 0.82504 0 -2.907 0.000129424 -2.52154e-06  0 0.000272954 2
1386142540.044112139 10.943 0.825306 0 -2.907 0.000256076 0.000406402  0 0 2
1386142540.105677427 10.9431 0.825329 0 -2.905 0.000340035 0.000369406  0 0.000566673 2
1386142540.236550589 10.9431 0.825322 0 -2.905 0.000644106 -5.34728e-05  0 0 2
1386142540.300687879 10.9432 0.825344 0 -2.905 0.000245472 0.000345603  0 0 2
1386142540.437324863 10.9432 0.825312 0 -2.905 3.93715e-05 -0.000232561  0 0 2
1386142540.495502037 10.9432 0.825301 0 -2.90599 -2.16165e-05 -0.000191852  0 -0.000297549 2
1386142540.628368407 10.9433 0.825316 0 -2.907 0.000626687 0.000112731  0 -0.00013229 2
1386142540.756189497 10.9433 0.825319 0 -2.909 0.000114744 2.43262e-05  0 -0.000272939 2
1386142540.825103305 10.9433 0.825324 0 -2.909 0.000394721 7.17751e-05  0 0 2
1386142540.952276669 10.9433 0.825349 0 -2.91 0.000270831 0.000193576  0 -0.000138212 2
1386142541.018003800 10.9433 0.825361 0 -2.911 6.74552e-05 0.000187697  0 -0.00026337 2
1386142541.149667095 10.9434 0.825387 0 -2.914 0.000336952 0.000191725  0 -0.000398473 2
1386142541.212525315 10.9434 0.825392 0 -2.912 0.000815394 8.11396e-05  0 0.000555017 2
1386142541.342987221 10.9434 0.825432 0 -2.912 -0.000167411 0.000309855  0 0 2
1386142541.407756838 10.9434 0.82545 0 -2.912 0.000454822 0.000273681  0 0 2
1386142541.538020815 10.9435 0.825423 0 -2.914 0.000230875 -0.000205299  0 -0.000267821 2
1386142541.605339282 10.9435 0.825409 0 -2.91499 0.000382492 -0.000210954  0 -0.000257144 2
1386142541.739978522 10.9436 0.825434 0 -2.91499 0.000584074 0.000190088  0 0 2
1386142541.798787773 10.9436 0.82547 0 -2.91499 0.000526195 0.000612618  0 0 2
1386142541.929619372 10.9436 0.825502 0 -2.91699 0.000328263 0.000239288  0 -0.000266659 2
1386142542.000122999 10.9437 0.82553 0 -2.918 0.000431989 0.000395551  0 -0.000249304 2
1386142542.125097465 10.9437 0.825544 0 -2.92 0.000348636 0.000113469  0 -0.000279156 2
1386142542.255709473 10.9437 0.825584 0 -2.92 6.08062e-05 0.000305964  0 0 2
1386142542.320625842 10.9438 0.825581 0 -2.91699 0.000484492 -3.79836e-05  0 0.000808183 2
1386142542.451033185 10.9438 0.825659 0 -2.916 0.000363369 0.000596137  0 0.000132742 2
1386142542.516216259 10.9438 0.825673 0 -2.916 0.000125055 0.000218735  0 0 2
1386142542.646572515 10.9439 0.825713 0 -2.91299 0.000394616 0.000307043  0 0.000402468 2
1386142542.711781622 10.9439 0.825732 0 -2.912 0.000565877 0.00028234  0 0.000265462 2
1386142542.842025149 10.944 0.825724 0 -2.916 0.000744492 -6.20787e-05  0 -0.000535726 2
1386142542.907448603 10.944 0.825752 0 -2.91899 0.000649402 0.000435646  0 -0.000797848 2
1386142543.037553571 10.9441 0.82579 0 -2.92 0.000335461 0.000287916  0 -0.000135098 2
1386142543.103334873 10.9441 0.825814 0 -2.922 0.000262782 0.00036675  0 -0.000530355 2
1386142543.233108420 10.9442 0.825808 0 -2.92099 0.000620413 -4.19884e-05  0 0.000135443 2
1386142543.298632128 10.9442 0.825799 0 -2.923 0.00058956 -0.000134559  0 -0.000536504 2
1386142543.428738556 10.9443 0.825837 0 -2.918 0.000749723 0.000284459  0 0.000671386 2
1386142543.494035816 10.9444 0.825822 0 -2.91899 0.000572237 -0.000227689  0 -0.000265104 2
1386142543.624138149 10.9444 0.825876 0 -2.91899 0.00042548 0.00041965  0 0 2
1386142543.754885650 10.9445 0.825888 0 -2.91899 0.000735245 8.64273e-05  0 0 2
1386142543.820526359 10.9445 0.825879 0 -2.91899 0.000442009 -0.000132844  0 0 2
1386142543.884834780 10.9445 0.8259 0 -2.92099 -0.000521251 0.000333037  0 -0.000542501 2
1386142544.021166611 10.9448 0.825976 0 -2.922 0.00199653 0.000553822  0 -0.000128927 2
1386142544.146423532 10.9448 0.825989 0 -2.92099 0.000512254 0.000107346  0 0.000140326 2
1386142544.210720552 10.9449 0.82598 0 -2.92 0.000814239 -0.000136762  0 0.000269228 2
1386142544.340967472 10.945 0.826004 0 -2.91899 0.000987673 0.000182789  0 0.00013495 2
1386142544.407100878 10.945 0.826026 0 -2.918 0.000239575 0.00032602  0 0.000261752 2
1386142544.537438925 10.9457 0.826193 0 -2.91499 0.0053136 0.00128302  0 0.000402525 2
1386142544.602280177 10.9458 0.826186 0 -2.91499 0.00176427 -0.00010462  0 0 2
1386142544.732060148 10.9457 0.826178 0 -2.914 -0.000828664 -6.02323e-05  0 0.000133384 2
1386142544.797532672 10.9459 0.826253 0 -2.91299 0.00297129 0.00114401  0 0.000268462 2
1386142544.926287804 10.9453 0.8263 0 -2.91299 -0.00500855 0.0003618  0 0 2
1386142544.994796016 10.9448 0.82629 0 -2.911 -0.0069312 -0.000140361  0 0.000509244 2
1386142545.124232677 10.9445 0.826136 0 -2.911 -0.0024195 -0.00119416  0 0 2
1386142545.253861636 10.9438 0.825532 0 -2.95799 -0.0056709 -0.00465548  0 -0.0063277 2
1386142545.324154094 10.9423 0.826543 0 -3.00999 -0.0207059 0.014381  0 -0.0129118 2
1386142545.453595304 10.9348 0.829722 0 -3.67599 -0.0579508 0.0245572  0 -0.0898006 2
1386142545.514202024 10.9293 0.830599 0 -2.416 -0.0906398 0.0144766  0 0.362848 2
1386142545.644957503 10.9412 0.834397 0 0.520004 0.0908413 0.0290477  0 0.391899 2
1386142545.709981879 10.9526 0.839301 0 1.45401 0.175358 0.0754082  0 0.250698 2
1386142545.840522781 10.9531 0.85761 0 3.161 0.00388389 0.140256  0 0.228224 2
1386142545.905328922 10.9505 0.865232 0 5.33701 -0.040298 0.11761  0 0.586033 2
1386142546.036167704 10.9042 0.765606 0 12.749 -0.354016 -0.761442  0 0.988727 2
1386142546.103964230 10.8672 0.734811 0 18.255 -0.54554 -0.454226  0 1.41744 2
1386142546.231532985 10.688 0.566096 0 33.146 -1.4049 -1.32254  0 2.03731 2
1386142546.297571855 10.6085 0.512777 0 42.971 -1.20356 -0.807396  0 2.59663 2
1386142546.441626049 10.5489 0.491142 0 66.795 -0.413763 -0.150187  0 2.88646 2
1386142546.497981840 10.5306 0.487411 0 78.86 -0.324472 -0.0662009  0 3.73651 2
1386142546.623399854 10.5023 0.488369 0 100.522 -0.225445 0.00763799  0 3.01451 2
1386142546.690623905 10.4882 0.486599 0 109.827 -0.209533 -0.0263313  0 2.41585 2
1386142546.818268212 10.4667 0.476937 0 127.189 -0.168942 -0.0756961  0 2.37397 2
1386142546.950867546 10.4496 0.662614 0 142.374 -0.1288 1.40029  0 1.99871 2
1386142547.013749209 10.4014 0.76852 0 151.433 -0.766208 1.68421  0 2.5144 2
1386142547.144256104 10.1335 0.844575 0 169.119 -2.05298 0.582769  0 2.36523 2
1386142547.212375043 10.0413 0.817581 0 176.04 -1.35338 -0.396279  0 1.77328 2
1386142547.339639708 10.0194 0.740218 0 -176.525 -0.171629 -0.607897  0 -48.3514 2
1386142547.407773511 10.0444 0.655446 0 -173.576 0.365634 -1.24419  0 0.755422 2
1386142547.535316608 10.055 0.486989 0 -168.326 0.0836638 -1.32079  0 0.718422 2
1386142547.603244303 10.08 0.397001 0 -165.93 0.368021 -1.32476  0 0.615626 2
1386142547.730709460 10.0879 0.359395 0 -162.758 0.0620404 -0.29503  0 0.434329 2
1386142547.796853845 10.0962 0.339285 0 -161.165 0.124757 -0.304022  0 0.420339 2
1386142547.926683546 10.1536 0.357302 0 -162.566 0.442527 0.138775  0 -0.18834 2
1386142548.056463480 10.2492 0.383511 0 -169.802 0.736374 0.201948  0 -0.973124 2
1386142548.195956381 10.243 0.423197 0 -179.594 -0.0443144 0.284501  0 -1.22517 2
1386142548.257661592 10.24 0.430843 0 178.928 -0.0488897 0.123906  0 101.408 2
1386142548.451151083 10.2782 0.456273 0 -179.66 0.197646 0.13143  0 -32.3456 2
1386142548.649873154 10.3188 0.446315 0 178.984 0.204024 -0.0501094  0 31.4989 2
1386142548.840713272 10.3914 0.393645 0 160.925 0.38052 -0.275989  0 -1.65159 2
1386142548.904343211 10.393 0.368625 0 150.029 0.0252004 -0.393218  0 -2.9887 2
1386142549.042278066 10.3955 0.302167 0 130.947 0.0179768 -0.481805  0 -2.4145 2
1386142549.099995555 10.3999 0.290011 0 122.625 0.0756486 -0.210616  0 -2.5165 2
1386142549.412949275 10.2176 0.372445 0 100.091 -0.58249 0.263405  0 -1.25671 2
1386142549.556331376 10.2168 0.373345 0 94.637 -0.00559224 0.00628031  0 -0.663892 2
1386142549.733953631 10.1614 0.334846 0 91.71 -0.311535 -0.21675  0 -0.287609 2
1386142549.821819546 10.1353 0.321123 0 80.879 -0.297812 -0.156173  0 -2.15142 2
1386142549.947588646 10.1366 0.314962 0 63.918 0.0104266 -0.0489868  0 -2.35372 2
1386142550.012594191 10.134 0.308975 0 53.203 -0.0394611 -0.0921007  0 -2.87686 2
1386142550.144669386 10.119 0.296345 0 33.104 -0.113779 -0.0956294  0 -2.65602 2
1386142550.208453509 10.1036 0.289123 0 25.864 -0.241365 -0.113227  0 -1.98109 2
1386142550.346124635 10.084 0.278005 0 19.961 -0.142253 -0.0807593  0 -0.748354 2
1386142550.403496776 10.0781 0.279086 0 23.537 -0.102446 0.0188529  0 1.08786 2
1386142550.533919866 10.0761 0.280584 0 45.199 -0.0152218 0.0114819  0 2.89882 2
1386142550.611957343 10.0653 0.278369 0 62.092 -0.138415 -0.0283809  0 3.77816 2
1386142550.737701294 10.0715 0.217465 0 102.922 0.0489133 -0.484345  0 5.66722 2
1386142550.795435527 10.0792 0.174908 0 125.961 0.133209 -0.737132  0 6.96478 2
1386142550.928065649 9.91117 0.18021 0 168.729 -1.26674 0.0399742  0 5.628 2
1386142551.056091599 9.88582 0.152257 0 -159.499 -0.198038 -0.218337  0 -44.7461 2
1386142551.120737800 9.8741 0.135847 0 -147.523 -0.181283 -0.253841  0 3.2333 2
1386142551.252608596 9.85785 0.11744 0 -129.803 -0.123207 -0.139583  0 2.34527 2
1386142551.316733432 9.84645 0.108275 0 -123.944 -0.177885 -0.142922  0 1.59468 2
1386142551.446627530 9.80781 0.0665174 0 -113.825 -0.297467 -0.321474  0 1.35964 2
1386142551.516370498 9.78314 0.0367495 0 -107.498 -0.353623 -0.426824  0 1.58334 2
1386142551.642166137 9.80986 0.0496204 0 -92.553 0.21237 0.102317  0 2.07352 2
1386142551.707344716 9.8145 0.0520872 0 -82.995 0.0712735 0.0378464  0 2.55941 2
1386142551.837647298 9.73657 0.0338146 0 -62.981 -0.598075 -0.140232  0 2.68076 2
1386142551.903804825 9.72326 0.0296721 0 -55.586 -0.201276 -0.0626159  0 1.9509 2
1386142552.033345838 9.75674 -0.000912542 0 -44.436 0.258493 -0.2361  0 1.50226 2
1386142552.098609012 9.77444 -0.00476683 0 -41.201 0.271212 -0.0590576  0 0.865132 2
1386142552.228819192 9.76879 -0.0210205 0 -39.928 -0.0433804 -0.124826  0 0.170634 2
1386142552.295195461 9.76718 -0.0252394 0 -41.619 -0.0243134 -0.0635614  0 -0.44464 2
1386142552.424357231 9.76847 -0.0765053 0 -39.129 0.00998254 -0.396912  0 0.336467 2
1386142552.554730296 10.0448 0.0583307 0 -31.834 2.11956 1.03423  0 0.976595 2
1386142552.620422532 10.1206 0.0816586 0 -23.91 1.15347 0.355109  0 2.10527 2
1386142552.750233568 10.1054 -0.0395943 0 -0.970001 -0.116658 -0.934073  0 3.08432 2
1386142552.815588440 10.1009 -0.108849 0 10.904 -0.0697506 -1.05967  0 3.171 2
1386142552.945865321 10.1647 -0.137992 0 28.419 0.48964 -0.223703  0 2.3465 2
1386142553.010957885 10.2852 -0.070689 0 33.833 1.8515 1.03396  0 1.45166 2
1386142553.142695080 10.5218 0.00297272 0 40.539 1.79585 0.559157  0 0.888448 2
1386142553.206568692 10.5415 -0.0154872 0 41.996 0.309153 -0.289007  0 0.398122 2
1386142553.343880199 10.4033 -0.131585 0 43.044 -1.00689 -0.845509  0 0.133209 2
1386142553.402186213 10.3284 -0.180173 0 42.369 -1.28382 -0.833328  0 -0.202055 2
1386142553.532524596 10.1435 -0.263734 0 36.271 -1.41866 -0.641108  0 -0.816569 2
1386142553.597944947 10.102 -0.279655 0 34.97 -0.634122 -0.243367  0 -0.347088 2
1386142553.728040129 10.0905 -0.28249 0 36.116 -0.0886395 -0.021786  0 0.153744 2
1386142553.793396035 10.0717 -0.267373 0 37.803 -0.286683 0.231297  0 0.450516 2
1386142553.925715316 9.98097 -0.312713 0 42.142 -0.685979 -0.342658  0 0.572325 2
1386142554.054133463 9.90255 -0.365331 0 42.043 -0.610712 -0.409739  0 -0.0134549 2
1386142554.119228528 9.86558 -0.390878 0 42.314 -0.567861 -0.392457  0 0.0726595 2
1386142554.250387804 9.80133 -0.438922 0 44.229 -0.489887 -0.366301  0 0.254829 2
1386142554.314799763 9.77172 -0.461057 0 44.3 -0.459699 -0.343647  0 0.0192382 2
1386142554.445243726 9.71801 -0.497735 0 42.302 -0.411704 -0.28118  0 -0.267331 2
1386142554.510502965 9.68444 -0.519017 0 39.561 -0.514524 -0.32611  0 -0.733068 2
1386142554.642911626 9.59898 -0.566145 0 35.977 -0.645429 -0.355928  0 -0.472421 2
1386142554.706073974 9.56289 -0.584712 0 35.687 -0.57126 -0.293964  0 -0.0801364 2
1386142554.836297180 9.46848 -0.613162 0 35.533 -0.724997 -0.218468  0 -0.0206389 2
1386142554.901638250 9.4227 -0.62094 0 34.763 -0.700593 -0.119038  0 -0.205676 2
1386142555.031984589 9.35042 -0.626946 0 31.903 -0.554575 -0.0460755  0 -0.382952 2
1386142555.097050617 9.31687 -0.632887 0 29.575 -0.515617 -0.0913051  0 -0.624463 2
1386142555.227577271 9.27374 -0.639815 0 26.671 -0.330416 -0.0530787  0 -0.388305 2
1386142555.292930545 9.25456 -0.642046 0 26.381 -0.293438 -0.0341354  0 -0.0774499 2
1386142555.423114586 9.21814 -0.648982 0 25.417 -0.279782 -0.0532781  0 -0.129238 2
1386142555.554307491 9.20267 -0.658647 0 26.417 -0.117917 -0.0736754  0 0.133035 2
1386142555.618508991 9.19526 -0.662705 0 27.444 -0.115453 -0.0631998  0 0.27919 2
1386142555.748907905 9.23071 -0.661645 0 27.537 0.27191 0.00812962  0 0.0124479 2
1386142555.814054481 9.24732 -0.661421 0 26.835 0.254863 0.00343311  0 -0.18807 2
1386142555.945040958 9.25064 -0.662024 0 26.808 0.025337 -0.00460422  0 -0.00359869 2
1386142556.009138095 9.25091 -0.661994 0 26.838 0.00423869 0.000477452  0 0.0081685 2
1386142556.140573403 9.246 -0.664991 0 26.941 -0.0373519 -0.0228077  0 0.013679 2
1386142556.205521331 9.24624 -0.665141 0 27.06 0.00375374 -0.00229724  0 0.0319754 2
1386142556.335630250 9.22195 -0.666161 0 27.803 -0.186725 -0.00784285  0 0.0996703 2
1386142556.407470881 9.1958 -0.682207 0 28.788 -0.363994 -0.223349  0 0.239301 2
1386142556.531156112 9.11178 -0.784908 0 30.772 -0.679316 -0.830346  0 0.279962 2
1386142556.595635691 9.0835 -0.816104 0 30.922 -0.438617 -0.483819  0 0.0406003 2
1386142556.726707285 9.08345 -0.812301 0 30.94 -0.000381506 0.0290159  0 0.00239757 2
1386142556.857105045 9.09519 -0.75514 0 31.282 0.0900711 0.438357  0 0.0457749 2
1386142556.922269791 9.09696 -0.716839 0 31.615 0.027175 0.587768  0 0.0891906 2
1386142557.052643469 9.11375 -0.656035 0 31.486 0.128783 0.466383  0 -0.0172691 2
1386142557.118343047 9.12508 -0.621416 0 31.061 0.17247 0.526927  0 -0.112903 2
1386142557.248230423 9.14964 -0.506826 0 29.893 0.189089 0.882221  0 -0.156947 2
1386142557.312602109 9.16549 -0.468035 0 30.311 0.246157 0.602608  0 0.113333 2
1386142557.443944183 9.19124 -0.43808 0 31.02 0.196058 0.228074  0 0.0942149 2
1386142557.509853262 9.19516 -0.432791 0 31.058 0.0595238 0.0802392  0 0.0100612 2
1386142557.638742945 9.19497 -0.432757 0 31.061 -0.00149539 0.000268919  0 0.000407048 2
1386142557.704060346 9.19494 -0.432637 0 31.056 -0.000424666 0.00182541  0 -0.00133734 2
1386142557.834840372 9.19781 -0.432276 0 30.813 0.021961 0.00276396  0 -0.0324291 2
1386142557.900006242 9.208 -0.429991 0 30.59 0.156252 0.0350607  0 -0.0597277 2
1386142558.029853202 9.20993 -0.429261 0 30.667 0.0149039 0.00562308  0 0.0103514 2
1386142558.095497045 9.2102 -0.429117 0 30.714 0.00405846 0.00219441  0 0.0124955 2
1386142558.226886222 9.21036 -0.428762 0 30.786 0.00125307 0.0027032  0 0.00956304 2
1386142558.356059524 9.21041 -0.428445 0 30.847 0.000378612 0.00245178  0 0.00824266 2
1386142558.421520416 9.21037 -0.428512 0 30.862 -0.000664767 -0.00102623  0 0.00399916 2
1386142558.552050517 9.21038 -0.428803 0 30.877 6.46962e-05 -0.00222728  0 0.00200558 2
1386142558.616044087 9.21053 -0.428739 0 30.888 0.00241721 0.00100762  0 0.00300052 2
1386142558.748525864 9.21212 -0.426016 0 31.051 0.0119804 0.0205515  0 0.0214751 2
1386142558.812777231 9.21235 -0.425506 0 31.046 0.00359406 0.00794197  0 -0.00135953 2
1386142558.943448641 9.21229 -0.425524 0 31.065 -0.000468354 -0.000145029  0 0.00253738 2
1386142559.009856125 9.21223 -0.42572 0 31.061 -0.000820759 -0.00294115  0 -0.00105071 2
1386142559.138605067 9.2118 -0.425992 0 31.053 -0.00332732 -0.00211662  0 -0.00108389 2
1386142559.203709112 9.2117 -0.426099 0 31.044 -0.00156498 -0.00164545  0 -0.00241347 2
1386142559.335089640 9.21157 -0.426094 0 31.034 -0.000986245 3.78011e-05  0 -0.00132975 2
1386142559.399317583 9.21153 -0.425985 0 31.035 -0.000621614 0.00169843  0 0.000273664 2
1386142559.529641156 9.21155 -0.426124 0 31.036 0.00012621 -0.00105983  0 0.000132827 2
1386142559.593390954 9.21153 -0.42608 0 31.037 -0.000382436 0.000686864  0 0.000275716 2
1386142559.725188320 9.21024 -0.427738 0 31.078 -0.00977187 -0.012581  0 0.00542948 2
1386142559.855796843 9.2102 -0.427171 0 31.06 -0.000321217 0.00434239  0 -0.00240607 2
1386142559.920762010 9.21014 -0.42699 0 31.063 -0.000883948 0.00277512  0 0.000807575 2
1386142560.051155243 9.20999 -0.426881 0 31.078 -0.00113416 0.000838013  0 0.00200769 2
1386142560.116691772 9.21003 -0.426834 0 31.085 0.000599841 0.000715175  0 0.00186521 2
1386142560.244878987 9.21007 -0.426786 0 31.099 0.000343654 0.000375428  0 0.00190512 2
1386142560.312563525 9.21007 -0.426759 0 31.107 -1.94582e-05 0.000403708  0 0.0020657 2
1386142560.442257021 9.2101 -0.426714 0 31.121 0.000235915 0.000344584  0 0.00188299 2
1386142560.507386319 9.20998 -0.426831 0 31.122 -0.00185471 -0.00179738  0 0.000269876 2
1386142560.640008719 9.21022 -0.42663 0 31.128 0.0017688 0.00151757  0 0.000789175 2
1386142560.703084132 9.21018 -0.426555 0 31.129 -0.000510003 0.00118156  0 0.000274442 2
1386142560.833803963 9.21035 -0.426438 0 31.133 0.0012962 0.000898049  0 0.000533774 2
1386142560.898974594 9.21042 -0.426406 0 31.137 0.00106166 0.000491517  0 0.00107473 2
1386142561.028975915 9.21044 -0.426401 0 31.144 0.000117948 3.6543e-05  0 0.000938243 2
1386142561.093974080 9.21038 -0.426452 0 31.147 -0.000857027 -0.000781472  0 0.000807165 2
1386142561.225117855 9.21092 -0.42616 0 31.152 0.00410335 0.00223052  0 0.000666076 2
1386142561.354784428 9.21094 -0.426104 0 31.156 0.00016892 0.000424937  0 0.00053811 2
1386142561.420060544 9.21095 -0.426176 0 31.159 0.000174972 -0.00110048  0 0.000799649 2
1386142561.549665986 9.21104 -0.426038 0 31.164 0.000670548 0.00106383  0 0.000673982 2
1386142561.620131953 9.21099 -0.425963 0 31.166 -0.000693324 0.00107429  0 0.000495096 2
1386142561.745918562 9.21091 -0.425991 0 31.169 -0.00062621 -0.000228101  0 0.000417089 2
1386142561.811733672 9.21073 -0.426092 0 31.172 -0.00279066 -0.00152843  0 0.0007931 2
1386142561.941539456 9.21066 -0.425909 0 31.177 -0.000574929 0.00141178  0 0.000672941 2
1386142562.006958910 9.21069 -0.425848 0 31.179 0.000594494 0.000926191  0 0.000533288 2
1386142562.135308443 9.21064 -0.425865 0 31.185 -0.000435279 -0.000129724  0 0.000815447 2
1386142562.202349415 9.21055 -0.425909 0 31.189 -0.00131773 -0.00066729  0 0.00104078 2
1386142562.332600772 9.21058 -0.42588 0 31.194 0.000257697 0.000226056  0 0.000670639 2
1386142562.397704677 9.21065 -0.425863 0 31.195 0.000987876 0.000268528  0 0.000269982 2
1386142562.528125993 9.2108 -0.425931 0 31.198 0.00116746 -0.000525884  0 0.000400226 2
1386142562.597610785 9.21087 -0.425867 0 31.203 0.00105507 0.000920894  0 0.00125713 2
1386142562.723845602 9.21079 -0.425943 0 31.21 -0.000688345 -0.000600416  0 0.000968347 2
1386142562.853972469 9.21102 -0.425858 0 31.216 0.00183081 0.00064962  0 0.000804309 2
1386142562.920366834 9.21102 -0.42587 0 31.219 -2.01109e-05 -0.000180165  0 0.000790192 2
1386142563.049512846 9.21065 -0.42608 0 31.222 -0.00288759 -0.0016262  0 0.000404178 2
1386142563.114844724 9.21079 -0.425965 0 31.225 0.00215244 0.00176414  0 0.000803042 2
1386142563.245325575 9.21097 -0.425942 0 31.232 0.00133816 0.000174553  0 0.000936836 2
1386142563.310320624 9.21099 -0.425946 0 31.236 0.00034461 -4.95809e-05  0 0.00107354 2
1386142563.440748348 9.21098 -0.425953 0 31.239 -8.23363e-05 -5.82289e-05  0 0.000400206 2
1386142563.506580809 9.21095 -0.425857 0 31.24 -0.000366367 0.00145665  0 0.000266994 2
1386142563.636293984 9.21124 -0.425485 0 31.245 0.00222066 0.00286996  0 0.000673422 2
1386142563.701458360 9.21117 -0.425516 0 31.247 -0.00114946 -0.00047326  0 0.000535375 2
1386142563.831839379 9.21124 -0.42537 0 31.252 0.00058938 0.0011216  0 0.00066793 2
1386142563.896988868 9.2112 -0.425357 0 31.254 -0.000717085 0.000198369  0 0.000535498 2
1386142564.027386942 9.21121 -0.425252 0 31.261 0.000138734 0.000803024  0 0.00093743 2
1386142564.092563748 9.2112 -0.425243 0 31.259 -0.000176047 0.000136844  0 -0.000535273 2
1386142564.222953086 9.21139 -0.42526 0 31.263 0.00145213 -0.000126966  0 0.000535127 2
1386142564.353223400 9.21146 -0.425076 0 31.271 0.000545592 0.00140796  0 0.00107123 2
1386142564.418577482 9.21144 -0.425088 0 31.272 -0.00041478 -0.000179104  0 0.000268948 2
1386142564.556738293 9.21143 -0.424986 0 31.277 -2.44383e-05 0.000736277  0 0.000632246 2
1386142564.614025010 9.2115 -0.424981 0 31.28 0.0011606 9.85396e-05  0 0.00091117 2
1386142564.744305404 9.2118 -0.424907 0 31.282 0.00230845 0.000568322  0 0.000267787 2
1386142564.809810386 9.21184 -0.424845 0 31.284 0.000641138 0.000942369  0 0.000532592 2
1386142564.939972971 9.21193 -0.424799 0 31.29 0.000711863 0.000352491  0 0.000806134 2
1386142565.004991400 9.21182 -0.424918 0 31.29 -0.00173536 -0.00182534  0 0 2
1386142565.135772128 9.21181 -0.424952 0 31.293 -9.91402e-05 -0.000263627  0 0.000399126 2
1386142565.200628330 9.21185 -0.424986 0 31.294 0.000635325 -0.000530711  0 0.000271013 2
