1386494404.754189578 5.66445e-29 -1.00513e-28 0 175.606 1.4537e-29 -2.57953e-29  0 0.786565 6
1386494404.821557206 5.69531e-29 -1.01064e-28 0 175.457 4.58148e-30 -8.17758e-30  0 -0.0386028 6
1386494404.949679137 5.69888e-29 -1.01127e-28 0 175.519 2.78585e-31 -4.948e-31  0 0.00844541 6
1386494405.014965558 5.69934e-29 -1.01135e-28 0 175.574 7.05643e-32 -1.25054e-31  0 0.0147055 6
1386494405.145235845 5.6994e-29 -1.01137e-28 0 175.572 4.50592e-33 -8.00356e-33  0 -0.000267808 6
1386494405.210405008 5.69941e-29 -1.01137e-28 0 175.575 1.13938e-33 -2.02461e-33  0 0.000800961 6
1386494405.340857392 5.69941e-29 -1.01137e-28 0 175.627 7.29448e-35 -1.29505e-34  0 0.00695737 6
1386494405.411088419 5.69941e-29 -1.01137e-28 0 175.696 1.66327e-35 -2.94511e-35  0 0.0171474 6
1386494405.541379803 -0.00275848 -0.0132515 0.26 -179.653 -0.0211716 -0.101707  1.99553 -47.6011 6
1386494405.606998648 -0.00465532 -0.0237521 0.28 -179.703 -0.0289069 -0.160024  0.30479 -0.0132998 6
1386494405.744313493 -0.00741471 -0.0422487 0.345 -179.683 -0.0200954 -0.134702  0.473365 0.00254263 6
1386494405.867668669 -0.0101554 -0.0663186 0.461 -179.527 -0.0222181 -0.195127  0.940374 0.022073 6
1386494405.937171418 -0.0121942 -0.0698423 0.524 -179.465 -0.0293339 -0.0506986  0.906439 0.0155683 6
1386494406.063162636 -0.0172343 -0.0823907 0.649 -179.503 -0.0400036 -0.0995973  0.992133 -0.00526539 6
1386494406.128687497 -0.0197886 -0.0883951 0.691 -179.579 -0.0389817 -0.0916366  0.640978 -0.0202405 6
1386494406.259429987 -0.0281804 -0.107008 0.75 -179.718 -0.0641856 -0.142363  0.451269 -0.0185566 6
1386494406.324379155 -0.0325166 -0.116341 0.76 -179.741 -0.0667633 -0.1437  0.153967 -0.00617927 6
1386494406.454604967 -0.0399295 -0.132068 0.764 -179.668 -0.0569239 -0.120767  0.0307159 0.00978344 6
1386494406.521223034 -0.0433309 -0.138828 0.755 -179.58 -0.0510573 -0.101476  -0.135098 0.0230545 6
1386494406.649397570 -0.0511281 -0.148601 0.736 -179.373 -0.0608327 -0.0762463  -0.148235 0.0281869 6
1386494406.719401305 -0.0558415 -0.153312 0.728 -179.332 -0.0673306 -0.0672945  -0.11428 0.0102222 6
1386494406.846000471 -0.0662257 -0.161667 0.713 -179.249 -0.0820242 -0.0659928  -0.118484 0.0114437 6
1386494406.911040886 -0.0722986 -0.165935 0.709 -179.21 -0.0933721 -0.0656243  -0.0615002 0.0104618 6
1386494407.040441719 -0.0860777 -0.173984 0.709 -179.2 -0.106484 -0.0621994  0 0.00135009 6
1386494407.106607373 -0.0932656 -0.178 0.712 -179.148 -0.108635 -0.0606994  0.0453407 0.0137172 6
1386494407.237098742 -0.104644 -0.183856 0.717 -179.257 -0.0871978 -0.0448749  0.0383167 -0.01458 6
1386494407.369017904 -0.112684 -0.187858 0.722 -179.216 -0.0609426 -0.0303441  0.037902 0.00542447 6
1386494407.432800028 -0.116372 -0.189526 0.723 -179.259 -0.0578217 -0.026148  0.0156784 -0.0117663 6
1386494407.563348216 -0.123298 -0.192841 0.724 -179.34 -0.0530524 -0.0253946  0.00766001 -0.0108282 6
1386494407.628963084 -0.125908 -0.194937 0.726 -179.307 -0.0397773 -0.0319392  0.0304809 0.00877508 6
1386494407.758907946 -0.130706 -0.199162 0.726 -179.308 -0.03693 -0.0325093  0 -0.000133215 6
1386494407.824211512 -0.13332 -0.201124 0.726 -179.276 -0.0400228 -0.0300574  0 0.00855183 6
1386494407.954525511 -0.138224 -0.204813 0.727 -179.192 -0.037631 -0.0283019  0.00767377 0.0112503 6
1386494408.025040874 -0.140564 -0.206854 0.726 -179.211 -0.0331872 -0.0289532  -0.0141813 -0.004702 6
1386494408.150364799 -0.146494 -0.210534 0.726 -179.209 -0.0473143 -0.0293644  0 0.000278378 6
1386494408.215787304 -0.15036 -0.212534 0.728 -179.259 -0.0591028 -0.0305709  0.0305705 -0.0133397 6
1386494408.346646362 -0.158977 -0.217499 0.73 -179.291 -0.0658494 -0.0379366  0.0152836 -0.00426768 6
1386494408.411220617 -0.161657 -0.220276 0.731 -179.262 -0.0414958 -0.0430154  0.015486 0.00784007 6
1386494408.541586223 -0.167211 -0.226018 0.734 -179.412 -0.0426073 -0.0440405  0.0230122 -0.0200832 4
1386494408.606876082 0.77639 0.230618 0.732 -0.00500488 0.0292008 0.044357  -0.0306326 47.9591 4
1386494408.737142228 0.779003 0.236431 0.727 -0.0429993 0.0200643 0.0446257  -0.038383 -0.00509056 4
1386494408.867579598 0.780035 0.240006 0.719 -0.106995 0.0079079 0.0274069  -0.0613321 -0.00856296 3
1386494408.932857902 0.780106 0.242197 0.715 -0.130005 0.00109137 0.0335709  -0.0612761 -0.00615219 3
1386494409.063224437 0.783545 0.250196 0.705 -0.18399 0.0263809 0.0613577  -0.0767068 -0.00722752 3
1386494409.128525046 0.785541 0.255332 0.7 -0.224991 0.0305627 0.0786461  -0.076569 -0.0109584 3
1386494409.258862767 0.794363 0.270635 0.692 -0.0569916 0.0676821 0.117413  -0.061379 0.0224965 3
1386494409.324052824 0.800745 0.279115 0.688 0.0310059 0.0979063 0.130079  -0.0613591 0.0235595 3
1386494409.454632459 0.83346 0.296377 0.68 0.022995 0.250535 0.132194  -0.0612653 -0.00107073 3
1386494409.519702600 0.854005 0.30456 0.678 0.0140076 0.315742 0.125756  -0.0307361 -0.00241063 3
1386494409.650265292 0.91272 0.316857 0.671 -0.0610046 0.449703 0.0941836  -0.0536141 -0.0100274 3
1386494409.714312988 0.946108 0.321294 0.669 -0.0650024 0.521304 0.0692725  -0.0312267 -0.00108942 3
1386494409.845719797 1.02217 0.3236 0.669 -0.112 0.578851 0.0175535  0 -0.00624209 3
1386494409.910875922 1.06188 0.323059 0.673 -0.0970001 0.609392 -0.00831302  0.061391 0.00401787 3
1386494410.041573121 1.14921 0.310078 0.679 0.182999 0.668187 -0.0993191  0.0459076 0.037391 3
1386494410.172012891 1.23011 0.287205 0.685 0.791 0.620182 -0.175356  0.0459982 0.0813527 3
1386494410.237163115 1.2696 0.274231 0.687 1.215 0.606249 -0.199132  0.0306983 0.113586 3
1386494410.367525479 1.33929 0.243995 0.69 2.37201 0.534579 -0.231941  0.0230128 0.154904 3
1386494410.432388459 1.37316 0.229115 0.689 3.002 0.522171 -0.229395  -0.0154171 0.169517 3
1386494410.563235969 1.42761 0.203879 0.694 4.23801 0.416136 -0.192868  0.0382124 0.164867 3
1386494410.635181708 1.45387 0.192797 0.692 4.909 0.364963 -0.154036  -0.0277987 0.162775 3
1386494410.759073726 1.49809 0.181203 0.692 6.16901 0.356955 -0.0935828  0 0.177504 3
1386494410.826393053 1.52136 0.177378 0.691 6.799 0.345646 -0.0568162  -0.0148546 0.163332 3
1386494410.954457287 1.56465 0.181528 0.688 7.935 0.338037 0.0324113  -0.0234257 0.15482 3
1386494411.019856778 1.58822 0.185993 0.69 8.51001 0.360427 0.0682725  0.0305813 0.153455 3
1386494411.150062375 1.64387 0.201092 0.691 9.467 0.427381 0.115961  0.00768016 0.128278 3
1386494411.215519300 1.67248 0.209397 0.689 9.91701 0.437124 0.126868  -0.0305544 0.11999 3
1386494411.345523367 1.74038 0.227454 0.686 10.564 0.522291 0.138898  -0.0230762 0.0868594 3
1386494411.476206697 1.81222 0.244595 0.685 11.115 0.549679 0.131164  -0.00765209 0.0735897 3
1386494411.543151257 1.84831 0.252514 0.685 11.415 0.53907 0.118292  0 0.0782146 3
1386494411.671767505 1.92181 0.263547 0.688 11.966 0.571501 0.085783  0.0233252 0.0747703 3
1386494411.736491336 1.95873 0.267858 0.686 12.265 0.570372 0.0666106  -0.0309005 0.0806266 3
1386494411.867714753 2.03313 0.271959 0.688 13 0.566999 0.0312508  0.0152412 0.0977583 3
1386494411.932705938 2.06988 0.272951 0.688 13.48 0.565404 0.0152589  0 0.128902 3
1386494412.062332314 2.13851 0.272546 0.691 14.503 0.529492 -0.00312127  0.0231434 0.137741 3
1386494412.127484989 2.17144 0.272924 0.691 14.971 0.505393 0.00579448  0 0.12537 3
1386494412.259739563 2.23198 0.276646 0.694 15.587 0.457774 0.0281437  0.0226835 0.0812916 3
1386494412.323981281 2.26258 0.280377 0.695 15.709 0.476307 0.0580815  0.0155662 0.0331435 3
1386494412.453237227 2.32293 0.294737 0.696 16.044 0.466879 0.111099  0.00773659 0.0452356 3
1386494412.519694978 2.35442 0.302334 0.697 16.141 0.473876 0.114315  0.0150472 0.0254744 3
1386494412.650078576 2.41812 0.315462 0.695 16.517 0.488568 0.100684  -0.0153394 0.0503307 3
1386494412.715887316 2.45088 0.321972 0.697 16.706 0.497707 0.0989316  0.0303911 0.050128 3
1386494412.846371192 2.51956 0.331205 0.701 17.254 0.526346 0.0707558  0.0306551 0.073298 3
1386494412.977100982 2.5945 0.338417 0.703 17.834 0.573291 0.0551712  0.0152987 0.0774341 3
1386494413.049451443 2.63703 0.34246 0.705 18.14 0.587801 0.0558769  0.0276432 0.0738171 3
1386494413.171906767 2.70893 0.353254 0.704 19.005 0.58716 0.0881479  -0.00816624 0.123287 3
1386494413.237002758 2.74684 0.361026 0.703 19.384 0.582426 0.119381  -0.0153619 0.101615 3
1386494413.366560195 2.81658 0.383535 0.699 20.124 0.538298 0.173742  -0.0308743 0.0996896 3
1386494413.432847452 2.85162 0.397275 0.693 20.433 0.528532 0.207284  -0.0905151 0.0813565 3
1386494413.563046286 2.91432 0.431504 0.681 20.816 0.481551 0.262895  -0.0921667 0.051343 3
1386494413.628481564 2.94344 0.449637 0.67 20.883 0.445041 0.277114  -0.168105 0.0178669 3
1386494413.758656486 2.99721 0.487185 0.645 20.67 0.413083 0.288443  -0.192049 -0.0285578 3
1386494413.824435318 3.02372 0.505701 0.634 20.595 0.403007 0.281481  -0.167227 -0.0198992 3
1386494413.954936413 3.07591 0.545287 0.619 20.11 0.399946 0.303342  -0.114942 -0.0648643 3
1386494414.019524819 3.10294 0.563153 0.614 19.872 0.418484 0.276616  -0.0774133 -0.0643108 3
1386494414.150073113 3.1629 0.596335 0.608 19.392 0.459254 0.25417  -0.04596 -0.0641737 3
1386494414.280408993 3.22658 0.628124 0.609 18.759 0.488587 0.243906  0.00767248 -0.0847645 3
1386494414.345698201 3.25936 0.643986 0.61 18.45 0.502054 0.242945  0.0153165 -0.0826043 3
1386494414.476109937 3.32964 0.678458 0.612 17.669 0.538958 0.264332  0.015336 -0.104522 3
1386494414.541284729 3.36655 0.69596 0.614 17.232 0.566272 0.268538  0.0306867 -0.117024 3
1386494414.671969329 3.443 0.73228 0.612 16.019 0.585028 0.277925  -0.015304 -0.162001 3
1386494414.737129514 3.48217 0.749572 0.615 15.209 0.601029 0.265377  0.0460404 -0.21696 3
1386494414.867573984 3.55497 0.775882 0.612 13.273 0.55812 0.20169  -0.0229983 -0.259035 3
1386494414.932673864 3.59087 0.786264 0.615 12.115 0.551393 0.159485  0.046083 -0.310457 3
1386494415.063020056 3.65252 0.789504 0.624 10.024 0.472975 0.0248557  0.0690469 -0.279984 3
1386494415.128443896 3.68355 0.784827 0.635 9.17801 0.47434 -0.0714897  0.168134 -0.225688 3
1386494415.258732373 3.7438 0.760573 0.648 8.52901 0.462415 -0.186153  0.0997786 -0.0869396 3
1386494415.325278981 3.77437 0.74577 0.656 8.47501 0.459455 -0.222454  0.120216 -0.0141629 3
1386494415.454298229 3.83314 0.718701 0.669 8.845 0.455511 -0.209807  0.10076 0.0500517 3
1386494415.584705685 3.892 0.707455 0.674 9.649 0.451351 -0.0862362  0.0383414 0.107605 3
1386494415.649924961 3.92092 0.705151 0.677 10.204 0.443448 -0.035325  0.0459987 0.148525 3
1386494415.780385666 3.98802 0.720041 0.68 11.307 0.514318 0.114133  0.0229954 0.147561 3
1386494415.846777776 4.02369 0.729912 0.677 11.917 0.5373 0.148672  -0.0451861 0.160358 3
1386494415.976080192 4.09583 0.758405 0.671 13.023 0.557866 0.220362  -0.0464028 0.149287 3
1386494416.041227452 4.13217 0.773568 0.666 13.466 0.557771 0.232751  -0.0767492 0.118684 3
1386494416.171749833 4.20468 0.807454 0.658 14.155 0.5556 0.259617  -0.0612922 0.0921316 3
1386494416.237027049 4.24018 0.82412 0.655 14.414 0.543721 0.255321  -0.0459578 0.06925 3
1386494416.367675794 4.3064 0.85405 0.644 14.678 0.506917 0.229084  -0.0841952 0.0352686 3
1386494416.434366686 4.33911 0.868275 0.639 14.76 0.490462 0.213296  -0.0749728 0.0214599 3
1386494416.571897062 4.40126 0.892932 0.633 14.75 0.451906 0.179284  -0.0436267 -0.00127029 3
1386494416.628251480 4.42577 0.902383 0.632 14.769 0.434858 0.167705  -0.0177448 0.00588354 3
1386494416.767167552 4.47241 0.901645 0.629 17.303 0.335721 -0.00530727  -0.0215958 0.318371 3
1386494416.823431842 4.47918 0.902497 0.627 22.893 0.120294 0.0151414  -0.0355465 1.73403 3
1386494416.954443334 4.48684 0.904195 0.629 28.56 0.0584798 0.0129588  0.0152658 0.754954 3
1386494417.084790462 4.49378 0.904987 0.633 29.186 0.0532279 0.00607395  0.0306873 0.0838214 3
1386494417.159134400 4.49994 0.905834 0.635 28.783 0.0829844 0.0113889  0.026902 -0.0946099 3
1386494417.280533641 4.51037 0.903928 0.643 30.06 0.0858526 -0.015694  0.0658983 0.18359 3
1386494417.345671982 4.51468 0.902182 0.645 30.619 0.0661962 -0.0268023  0.0307039 0.149781 3
1386494417.478439393 4.52948 0.897942 0.658 32.98 0.111454 -0.0319369  0.0979156 0.310371 3
1386494417.542772161 4.53711 0.895616 0.663 34.535 0.118671 -0.0361575  0.0777209 0.421869 3
1386494417.672162994 4.55666 0.887872 0.671 38.439 0.151052 -0.0598483  0.0618282 0.526602 3
1386494417.736878920 4.56759 0.883506 0.673 41.171 0.168889 -0.0674706  0.0309043 0.736798 3
1386494417.868704299 4.59911 0.870737 0.675 45.785 0.239133 -0.0968606  0.0151716 0.61088 3
1386494417.932484525 4.6166 0.86191 0.672 50.657 0.274288 -0.138398  -0.0470365 1.33321 3
1386494418.062940413 4.65046 0.845163 0.674 59.421 0.259546 -0.128375  0.0153309 1.17251 3
1386494418.191863858 4.68065 0.831577 0.67 66.793 0.234119 -0.105376  -0.0310262 0.998 3
1386494418.258583770 4.69573 0.826273 0.668 69.981 0.226005 -0.0794983  -0.0299761 0.833951 3
1386494418.388991807 4.72205 0.81663 0.658 74.948 0.201853 -0.0739444  -0.0766824 0.664764 3
1386494418.454131103 4.73668 0.813633 0.658 76.949 0.224576 -0.0460152  0 0.536144 3
1386494418.584602575 4.76584 0.805783 0.647 80.886 0.223513 -0.0601693  -0.0843096 0.526656 3
1386494418.649851339 4.78508 0.802539 0.651 83.459 0.294817 -0.0497175  0.0613038 0.688247 3
1386494418.781415190 4.82192 0.791347 0.647 88.405 0.280079 -0.085063  -0.0304035 0.656137 3
1386494418.845683600 4.8439 0.787566 0.648 88.683 0.341939 -0.0588399  0.0155597 0.0754982 3
1386494418.910820013 4.87178 0.785704 0.641 90.346 0.428058 -0.0285768  -0.107467 0.445599 3
1386494419.041362419 4.9217 0.764074 0.623 98.164 0.382414 -0.165699  -0.137886 1.04525 3
1386494419.106378621 4.94141 0.752248 0.593 101.77 0.303136 -0.181888  -0.461423 0.968014 8
1386494419.236873793 4.98419 0.72424 0.516 108.323 0.327821 -0.214632  -0.59006 0.876442 8
1386494419.367433822 5.01525 0.718143 0.432 117.427 0.23791 -0.046695  -0.643382 1.21702 8
1386494419.434930791 5.02125 0.706364 0.38 120.364 0.0888069 -0.17452  -0.770405 0.759446 8
1386494419.564437827 5.03173 0.693104 0.282 124.46 0.0809152 -0.102388  -0.756716 0.552006 8
1386494419.632740406 5.03578 0.687077 0.234 125.938 0.0593155 -0.0882419  -0.702755 0.377672 8
1386494419.758534816 5.03831 0.680773 0.157 128.419 0.0201084 -0.0501133  -0.61211 0.344225 8
1386494419.823842544 5.03986 0.678507 0.137 129.205 0.0237614 -0.0346942  -0.306242 0.210056 8
1386494419.954139012 5.04319 0.676119 0.088 130.209 0.0255801 -0.0183251  -0.376065 0.134487 8
1386494420.019876415 5.0456 0.675165 0.08 130.387 0.0366078 -0.0145141  -0.121696 0.0472584 8
1386494420.149707197 5.05371 0.673003 0 129.929 0.0624784 -0.0166541  -0.616187 -0.0615695 2
1386494420.215756562 5.05526 0.672803 0 129.92 0.0235028 -0.00302014  0 -0.00237792 2
1386494420.345347252 5.05705 0.670919 0 129.909 0.0138288 -0.0145368  0 -0.00148118 2
1386494420.410559712 5.05784 0.669894 0 129.91 0.0120282 -0.0157314  0 0.00026749 2
1386494420.540945165 5.05857 0.668464 0 129.906 0.00562286 -0.0109663  0 -0.000535653 2
1386494420.605447554 5.05962 0.666951 0 129.902 0.0163229 -0.0234504  0 -0.00108174 2
1386494420.735661896 5.05956 0.66699 0 129.896 -0.000523745 0.000296238  0 -0.00080428 2
1386494420.867170328 5.0594 0.667265 0 129.893 -0.00119891 0.00209713  0 -0.000398436 2
1386494420.932313045 5.05935 0.667365 0 129.891 -0.000783917 0.00152864  0 -0.000535554 2
1386494421.062943302 5.05923 0.66752 0 129.886 -0.000885421 0.00118943  0 -0.000668184 2
1386494421.128147369 5.05929 0.667411 0 129.884 0.000854078 -0.00167626  0 -0.00053505 2
1386494421.259677924 5.05927 0.667505 0 129.881 -0.000155619 0.000715247  0 -0.000397863 2
1386494421.323614559 5.05923 0.667535 0 129.88 -0.000578534 0.000474009  0 -0.000273869 2
1386494421.454414609 5.059 0.667566 0 129.875 -0.00178664 0.000232349  0 -0.000666808 2
1386494421.519278151 5.05897 0.667569 0 129.873 -0.000447728 5.53305e-05  0 -0.000538885 2
1386494421.649898282 5.05887 0.667594 0 129.868 -0.000712199 0.00018575  0 -0.000667727 2
1386494421.714844138 5.05888 0.667654 0 129.867 6.50852e-05 0.000934286  0 -0.000268588 2
1386494421.845333503 5.05881 0.667714 0 129.866 -0.000541905 0.0004584  0 -0.000134189 2
1386494421.910378502 5.05873 0.667775 0 129.863 -0.00119745 0.000935594  0 -0.000804537 2
1386494422.040958688 5.05867 0.667876 0 129.857 -0.000448006 0.000773829  0 -0.000802027 2
1386494422.106180205 5.05863 0.667927 0 129.854 -0.000673505 0.00078391  0 -0.00080236 2
1386494422.236603957 5.05858 0.668016 0 129.851 -0.000337926 0.000679408  0 -0.00040175 2
1386494422.369390965 5.05853 0.66809 0 129.848 -0.000408571 0.000556916  0 -0.000394098 2
1386494422.431499442 5.05843 0.668101 0 129.846 -0.00157314 0.000183842  0 -0.000562789 2
1386494422.562049610 5.05832 0.6682 0 129.841 -0.000834784 0.000759664  0 -0.000668084 2
1386494422.627328815 5.05827 0.668225 0 129.839 -0.000851895 0.000379122  0 -0.000535454 2
1386494422.758412595 5.05808 0.668273 0 129.833 -0.00144163 0.000364092  0 -0.000798438 2
1386494422.823869231 5.05804 0.668271 0 129.829 -0.000582314 -3.45568e-05  0 -0.00106699 2
1386494422.953495785 5.05797 0.668336 0 129.824 -0.000575553 0.000505121  0 -0.000673358 2
1386494423.019232948 5.0579 0.668377 0 129.822 -0.00106863 0.000628981  0 -0.000530711 2
1386494423.149436954 5.05775 0.668485 0 129.818 -0.00107709 0.000823484  0 -0.0005364 2
1386494423.219857587 5.05769 0.668543 0 129.816 -0.000924787 0.000823858  0 -0.000495415 2
1386494423.345287731 5.05762 0.668677 0 129.808 -0.000532075 0.00106923  0 -0.0011131 2
1386494423.410435341 5.05762 0.668682 0 129.807 2.13824e-05 7.33148e-05  0 -0.000267757 2
1386494423.544074789 5.05746 0.668836 0 129.804 -0.00119568 0.00115329  0 -0.000392083 2
1386494423.604589566 5.05742 0.668874 0 129.802 -0.000729932 0.000639654  0 -0.000576511 2
1386494423.736809599 5.05739 0.669015 0 129.796 -0.000263632 0.00105988  0 -0.00079208 2
1386494423.867260480 5.05722 0.669208 0 129.79 -0.00128262 0.00148169  0 -0.000802822 2
1386494423.933790063 5.05716 0.669254 0 129.788 -0.000815636 0.000687002  0 -0.000524389 2
1386494424.062733535 5.05721 0.669163 0 129.782 0.000326484 -0.000702825  0 -0.000812207 2
1386494424.127855171 5.05714 0.669301 0 129.78 -0.00105897 0.00212242  0 -0.000535727 2
1386494424.258494856 5.05701 0.669016 0 129.793 -0.000965361 -0.0021815  0 0.00173685 2
1386494424.323811097 5.05695 0.668837 0 129.793 -0.000880485 -0.00274022  0 0 2
1386494424.453115924 5.04614 0.670613 0 130.87 -0.0836014 0.0137306  0 0.145371 2
1386494424.519086309 5.04076 0.676114 0 133.114 -0.081607 0.0833967  0 0.593678 2
1386494424.650256900 5.0226 0.678615 0 143.557 -0.13845 0.019062  0 1.38952 2
1386494424.714656654 5.00669 0.679292 0 152.336 -0.247021 0.0105114  0 2.37924 2
1386494424.843729764 4.92197 0.667832 0 175.905 -0.656387 -0.0887823  0 3.18701 2
1386494424.910376938 4.87251 0.646205 0 -170.695 -0.742054 -0.324508  0 -90.7662 2
1386494425.040748916 4.80387 0.566167 0 -142.487 -0.526523 -0.613917  0 3.77629 2
1386494425.105974832 4.79587 0.503549 0 -129.972 -0.122624 -0.960018  0 3.34879 2
1386494425.236375514 4.73293 0.417615 0 -105.398 -0.482672 -0.659002  0 3.28907 2
1386494425.367306281 4.60407 0.321305 0 -82.019 -0.984216 -0.735575  0 3.11646 2
1386494425.432215204 4.59886 0.281519 0 -72.818 -0.0801869 -0.612956  0 2.47405 2
1386494425.562591083 4.65061 0.25626 0 -56.429 0.396942 -0.193738  0 2.19398 2
1386494425.628065934 4.69367 0.247605 0 -47.671 0.657665 -0.132194  0 2.33458 2
1386494425.758308763 4.80765 0.228799 0 -29.649 0.875086 -0.144391  0 2.41505 2
1386494425.822579918 4.88276 0.203901 0 -20.654 1.16873 -0.387388  0 2.44266 2
1386494425.954053371 5.02843 0.173317 0 -3.481 1.10799 -0.232624  0 2.27974 2
1386494426.019034348 5.04839 0.152417 0 3.65401 0.307061 -0.321638  0 1.9164 2
1386494426.149948843 5.38749 0.0844093 0 13.535 2.59023 -0.519482  0 1.31732 2
1386494426.214681298 5.45319 0.0707319 0 16.86 1.01502 -0.211291  0 0.896492 2
1386494426.345273852 5.41868 0.0703667 0 21.501 -0.264294 -0.00279629  0 0.620256 2
1386494426.408538344 5.36542 0.0695757 0 22.662 -0.841841 -0.0125038  0 0.320293 2
1386494426.541147168 5.20462 0.0903859 0 18.793 -1.21259 0.156929  0 -0.509218 2
1386494426.605920384 5.11664 0.103211 0 14.703 -1.35825 0.198004  0 -1.10206 2
1386494426.736305538 5.10287 0.136272 0 10.551 -0.105609 0.253559  0 -0.555784 2
1386494426.867281231 5.09028 0.165269 0 11.406 -0.0961165 0.221393  0 0.113933 2
1386494426.931931463 5.06181 0.177612 0 12.447 -0.440411 0.190931  0 0.281034 2
1386494427.062291379 4.95329 0.192206 0 12.917 -0.832419 0.111949  0 0.0629263 2
1386494427.129966892 4.89391 0.196034 0 12.713 -0.877525 0.0565582  0 -0.0526135 2
1386494427.260451557 4.75874 0.188912 0 12.89 -1.03586 -0.0545778  0 0.0236753 2
1386494427.323556533 4.69429 0.182398 0 13.399 -1.02141 -0.103221  0 0.140778 2
1386494427.453657216 4.57674 0.17295 0 12.366 -0.903481 -0.0726229  0 -0.13858 2
1386494427.520998109 4.4963 0.166564 0 11.191 -1.19464 -0.0948355  0 -0.304531 2
1386494427.650355710 4.32357 0.176548 0 4.67601 -1.33528 0.0771853  0 -0.879022 2
1386494427.714919942 4.24261 0.183602 0 2.46001 -1.25393 0.109244  0 -0.59904 2
1386494427.845003577 4.09869 0.197581 0 1.705 -1.10633 0.107467  0 -0.101299 2
1386494427.910180763 4.04214 0.200042 0 1.396 -0.867598 0.037754  0 -0.0827462 2
1386494428.040021255 3.95709 0.198656 0 2.217 -0.655059 -0.0106732  0 0.11036 2
1386494428.105884834 3.91574 0.195997 0 2.79001 -0.6278 -0.0403754  0 0.151844 2
1386494428.236499877 3.8398 0.179944 0 4.086 -0.581419 -0.122899  0 0.173175 2
1386494428.367967641 3.84514 0.180715 0 4.88901 0.0405953 0.005865  0 0.106605 2
1386494428.439675235 3.8339 0.161391 0 4.549 -0.156708 -0.269492  0 -0.0827572 2
1386494428.563071472 3.75617 0.136375 0 2.58501 -0.629903 -0.202725  0 -0.277789 2
1386494428.627588284 3.71574 0.130689 0 0.673004 -0.626721 -0.0881383  0 -0.517241 2
1386494428.758039176 3.66394 0.130392 0 -2.23999 -0.397096 -0.00227427  0 -0.389735 2
1386494428.823230665 3.6457 0.13105 0 -2.043 -0.279774 0.0100889  0 0.0527391 2
1386494428.953806509 3.6345 0.137681 0 -0.537003 -0.0857756 0.0507833  0 0.201298 2
1386494429.019630499 3.63144 0.145975 0 -0.427002 -0.046527 0.12601  0 0.0291668 2
1386494429.149280071 3.62883 0.164825 0 -0.468002 -0.0200661 0.145392  0 -0.00551943 2
1386494429.216933378 3.62732 0.173269 0 -0.888992 -0.0223185 0.124802  0 -0.108608 2
1386494429.345730687 3.6249 0.179949 0 -0.274994 -0.0188005 0.0518639  0 0.0832028 2
1386494429.413462451 3.62502 0.181338 0 0.526001 0.00168988 0.0205073  0 0.206402 2
1386494429.541535813 3.6414 0.179486 0 2.59401 0.127918 -0.0144572  0 0.281819 2
1386494429.605640854 3.65336 0.177523 0 3.755 0.186504 -0.0306226  0 0.316094 2
1386494429.736147828 3.68911 0.166128 0 5.32201 0.273976 -0.0873113  0 0.209562 2
1386494429.867277016 3.73827 0.139632 0 5.57001 0.374899 -0.202063  0 0.0330089 2
1386494429.931986733 3.76496 0.124945 0 6.009 0.412465 -0.22697  0 0.118404 2
1386494430.062463198 3.81659 0.0951834 0 6.875 0.395723 -0.228097  0 0.115841 2
1386494430.127548439 3.83783 0.0842863 0 7.98401 0.326244 -0.167429  0 0.297392 2
1386494430.261223579 3.83817 0.0847113 0 8.58301 0.00253869 0.00317972  0 0.0782083 2
1386494430.323285269 3.82169 0.0949663 0 7.62601 -0.26555 0.165239  0 -0.269132 2
1386494430.453522451 3.73122 0.156878 0 5.00101 -0.694612 0.475373  0 -0.35178 2
1386494430.519452979 3.70792 0.171814 0 3.776 -0.353373 0.226545  0 -0.324287 2
1386494430.652286596 3.68864 0.183884 0 1.41 -0.145204 0.0908694  0 -0.310873 2
1386494430.714411544 3.67243 0.205009 0 0.100998 -0.26094 0.340029  0 -0.36775 2
1386494430.847232814 3.66206 0.271725 0 -1.30299 -0.0780284 0.502301  0 -0.184491 2
1386494430.910066594 3.65827 0.294141 0 -0.957993 -0.0603255 0.35676  0 0.0958307 2
1386494431.040180336 3.66217 0.297624 0 -0.944 0.0299754 0.0267643  0 0.00187691 2
1386494431.105669830 3.67267 0.311437 0 -1.619 0.160244 0.21093  0 -0.179892 2
1386494431.238211830 3.70128 0.371104 0 -3.024 0.215855 0.450169  0 -0.185012 2
1386494431.366564808 3.68263 0.418528 0 -3.127 -0.145248 0.369481  0 -0.0140054 2
1386494431.431508345 3.67317 0.43599 0 -3.105 -0.145703 0.268877  0 0.00591326 2
1386494431.562286996 3.6537 0.447648 0 -3.464 -0.148845 0.0891466  0 -0.0479121 2
1386494431.631989796 3.64982 0.449779 0 -3.513 -0.0557936 0.0305787  0 -0.0122684 2
1386494431.757697101 3.65449 0.463013 0 -4.22099 0.0371629 0.105275  0 -0.0982982 2
1386494431.824236895 3.64625 0.458987 0 -5.017 -0.123754 -0.0605144  0 -0.208791 2
1386494431.953382189 3.63805 0.45468 0 -5.38699 -0.0635521 -0.033351  0 -0.0500029 2
1386494432.018639366 3.64254 0.458311 0 -5.13699 0.068927 0.0556522  0 0.0668635 2
1386494432.149354032 3.66862 0.532551 0 -4.55299 0.199495 0.567955  0 0.0779768 2
1386494432.214203669 3.68864 0.580974 0 -4.491 0.308711 0.746687  0 0.0166854 2
1386494432.345142214 3.71982 0.643881 0 -4.16699 0.238138 0.480437  0 0.0431879 2
1386494432.411331979 3.72611 0.654262 0 -4.05299 0.0950197 0.156829  0 0.0300597 2
1386494432.540562458 3.7278 0.654967 0 -4.14999 0.0130749 0.00546004  0 -0.0131004 2
1386494432.605447759 3.72753 0.654736 0 -4.151 -0.00409618 -0.00356939  0 -0.000270891 2
1386494432.735935398 3.72763 0.654558 0 -4.11499 0.000744248 -0.00136029  0 0.00481659 2
1386494432.866495335 3.72748 0.654636 0 -4.129 -0.00114435 0.000592009  0 -0.00187254 2
1386494432.931806942 3.72751 0.654788 0 -4.132 0.00044008 0.00233236  0 -0.000803292 2
1386494433.061661717 3.72778 0.655716 0 -4.215 0.00207482 0.00714403  0 -0.0111547 2
1386494433.126982397 3.72757 0.656533 0 -4.28 -0.00322167 0.0125215  0 -0.0173683 2
1386494433.257789032 3.74105 0.681889 0 -4.731 0.103046 0.193836  0 -0.0601767 2
1386494433.327569992 3.74861 0.698827 0 -4.95799 0.108401 0.242743  0 -0.0567736 2
1386494433.452724235 3.75968 0.726566 0 -5.336 0.0883866 0.221635  0 -0.0527145 2
1386494433.518560730 3.76082 0.730303 0 -5.424 0.0174566 0.0567663  0 -0.0233282 2
1386494433.649096753 3.76032 0.730852 0 -5.47299 -0.00386069 0.004202  0 -0.006551 2
1386494433.713199296 3.7605 0.730956 0 -5.479 0.00277939 0.00162813  0 -0.00163689 2
1386494433.845073671 3.76013 0.730769 0 -5.567 -0.00277916 -0.00141622  0 -0.0116463 2
1386494433.909821887 3.76031 0.730759 0 -5.567 0.00277467 -0.000166108  0 0 2
1386494434.038895684 3.7607 0.730876 0 -5.58499 0.0029874 0.000905519  0 -0.00243261 2
1386494434.107332742 3.76129 0.731189 0 -5.577 0.00863413 0.00458015  0 0.00203909 2
1386494434.236402853 3.76889 0.74144 0 -5.70999 0.0588675 0.0794218  0 -0.0179841 2
1386494434.366290044 3.78668 0.771816 0 -6.226 0.136964 0.233864  0 -0.0693372 2
1386494434.429989424 3.79234 0.785747 0 -6.28099 0.0889637 0.218705  0 -0.0150677 2
1386494434.562089116 3.79155 0.785812 0 -6.224 -0.00599442 0.000493081  0 0.00752985 2
1386494434.627266513 3.79174 0.785394 0 -6.17799 0.00293228 -0.00641356  0 0.0123193 2
1386494434.757126972 3.79227 0.785415 0 -6.213 0.00408449 0.000157829  0 -0.0047045 2
1386494434.822996430 3.79246 0.785477 0 -6.24899 0.00277374 0.000937068  0 -0.00953765 2
1386494434.955498713 3.79343 0.785384 0 -6.244 0.00738224 -0.000698321  0 0.000657237 2
1386494435.018632701 3.79341 0.785142 0 -6.20599 -0.000457273 -0.00382785  0 0.0105077 2
1386494435.148853596 3.79419 0.78447 0 -6.092 0.00600828 -0.00516279  0 0.015279 2
1386494435.214336223 3.79479 0.784293 0 -6.076 0.00921009 -0.00269725  0 0.00426219 2
1386494435.344397339 3.79514 0.784149 0 -6.069 0.00270938 -0.00111329  0 0.000939859 2
1386494435.409808922 3.79537 0.784054 0 -6.067 0.00346655 -0.00144877  0 0.000533352 2
1386494435.539941702 3.79542 0.783936 0 -6.064 0.000349538 -0.000909933  0 0.00040316 2
1386494435.607712396 3.79603 0.784139 0 -5.97499 0.00909317 0.00299891  0 0.0229217 2
1386494435.736050199 3.802 0.787104 0 -5.75999 0.0465265 0.0231087  0 0.0292384 2
1386494435.866197307 3.80283 0.787563 0 -5.823 0.00639481 0.00352235  0 -0.00844905 2
1386494435.931213383 3.80267 0.787656 0 -5.854 -0.00248926 0.00143534  0 -0.00832339 2
1386494436.061975900 3.8027 0.787629 0 -5.85699 0.00018848 -0.000211359  0 -0.000399181 2
1386494436.126610990 3.80267 0.787687 0 -5.85899 -0.000375247 0.000896603  0 -0.00053976 2
1386494436.257621495 3.80269 0.787711 0 -5.867 0.000119041 0.000184304  0 -0.00106721 2
1386494436.324323406 3.80272 0.78776 0 -5.869 0.000461544 0.000743049  0 -0.000523035 2
1386494436.453083524 3.80294 0.787852 0 -5.87 0.00174385 0.00071433  0 -0.00013444 2
1386494436.518082312 3.80298 0.787846 0 -5.875 0.000498024 -9.60833e-05  0 -0.0013439 2
1386494436.649077536 3.803 0.787828 0 -5.88 0.000190978 -0.000134658  0 -0.000666831 2
1386494436.715028093 3.80304 0.787784 0 -5.881 0.000601958 -0.000668405  0 -0.000262478 2
1386494436.844577693 3.80312 0.787856 0 -5.88499 0.000613004 0.000551232  0 -0.000538595 2
1386494436.909370413 3.80301 0.787775 0 -5.886 -0.00174798 -0.00125019  0 -0.000271278 2
1386494437.041310825 3.8031 0.787685 0 -5.892 0.000706162 -0.000681284  0 -0.000793254 2
1386494437.105369754 3.80312 0.787663 0 -5.892 0.000225908 -0.000336114  0 0 2
1386494437.246717882 3.80288 0.787752 0 -5.896 -0.00163439 0.000629858  0 -0.000493638 2
1386494437.300744831 3.80287 0.787742 0 -5.90199 -0.000174939 -0.000198117  0 -0.00193722 2
1386494437.446963976 3.80277 0.78777 0 -5.907 -0.000726122 0.000194985  0 -0.000597403 2
1386494437.504570897 3.80278 0.787741 0 -5.911 0.000167235 -0.000496157  0 -0.00121122 2
1386494437.647173635 3.80295 0.787761 0 -5.91499 0.00123815 0.00013399  0 -0.000489295 2
1386494437.691966289 3.80297 0.78775 0 -5.923 0.000242561 -0.000227894  0 -0.0031214 2
1386494437.954870650 3.80325 0.787999 0 -5.93399 0.00106403 0.000945403  0 -0.000729344 2
1386494438.169391478 3.80338 0.78813 0 -5.942 0.000620347 0.000609528  0 -0.000651759 2
1386494438.364563701 3.80392 0.788391 0 -5.95 0.00278976 0.00134027  0 -0.000715008 2
1386494438.557919076 3.80409 0.788701 0 -5.955 0.000887859 0.00160225  0 -0.000451768 2
1386494438.737461371 3.80433 0.788825 0 -5.963 0.00129646 0.000688606  0 -0.000777252 2
1386494438.931448629 3.80442 0.788793 0 -5.972 0.000481094 -0.000165519  0 -0.000809984 2
1386494439.126986735 3.80442 0.788675 0 -5.979 1.21025e-05 -0.000602586  0 -0.000625142 2
1386494439.324709908 3.80396 0.78868 0 -5.98799 -0.00231797 2.8956e-05  0 -0.000793332 2
1386494439.388473162 3.80392 0.788682 0 -5.989 -0.000734196 2.11659e-05  0 -0.000275658 2
1386494439.519201893 3.80403 0.788749 0 -5.993 0.000873166 0.000511204  0 -0.000533737 2
1386494439.651684893 3.80397 0.788802 0 -5.998 -0.000473228 0.000405926  0 -0.000659343 2
1386494439.713889363 3.804 0.788802 0 -6.00299 0.00054502 -1.25144e-05  0 -0.00139999 2
1386494439.847806392 3.80398 0.788824 0 -6.00999 -0.000142871 0.000165978  0 -0.000912797 2
1386494439.908656198 3.80408 0.788853 0 -6.01399 0.001539 0.000481295  0 -0.00114667 2
1386494440.039885615 3.8043 0.788978 0 -6.021 0.00167139 0.000948493  0 -0.000931492 2
1386494440.105542703 3.80434 0.788971 0 -6.02299 0.000661101 -9.84946e-05  0 -0.000531358 2
1386494440.235785201 3.80432 0.788944 0 -6.028 -0.000120002 -0.000208234  0 -0.000670685 2
1386494440.365918974 3.80424 0.788905 0 -6.03099 -0.000659528 -0.000297796  0 -0.00040111 2
1386494440.431095032 3.80423 0.788896 0 -6.033 -0.000175933 -0.000149212  0 -0.000539366 2
1386494440.561528510 3.80444 0.788908 0 -6.041 0.0016572 9.52171e-05  0 -0.00106989 2
1386494440.630244690 3.80451 0.788884 0 -6.045 0.000928983 -0.000348637  0 -0.00101541 2
1386494440.757161517 3.80459 0.78878 0 -6.052 0.000643563 -0.000820714  0 -0.000963143 2
1386494440.824671045 3.80449 0.788778 0 -6.054 -0.00153202 -2.47337e-05  0 -0.000516778 2
1386494440.952940302 3.80449 0.788754 0 -6.06 6.24659e-05 -0.000190263  0 -0.000815957 2
1386494441.017777695 3.80462 0.788822 0 -6.06 0.00187422 0.0010542  0 0 2
1386494441.148583351 3.8049 0.789017 0 -6.065 0.00215494 0.00148696  0 -0.000667797 2
1386494441.215403003 3.80503 0.78897 0 -6.06799 0.00192947 -0.000696917  0 -0.000781177 2
1386494441.344301922 3.80509 0.788968 0 -6.07399 0.00051739 -1.3009e-05  0 -0.000811971 2
1386494441.409266466 3.80532 0.789028 0 -6.076 0.00350422 0.000915076  0 -0.000541122 2
1386494441.542144037 3.80546 0.789167 0 -6.08099 0.00106306 0.0010477  0 -0.00065538 2
1386494441.670296983 3.80574 0.789336 0 -6.086 0.0021884 0.00131572  0 -0.000681621 2
1386494441.735519242 3.8059 0.789392 0 -6.09 0.00235514 0.000857444  0 -0.0010698 2
1386494441.865887338 3.80606 0.789524 0 -6.095 0.00129627 0.00101909  0 -0.000670039 2
1386494441.932212138 3.80599 0.789506 0 -6.09599 -0.00117201 -0.00027305  0 -0.000260997 2
1386494442.061475639 3.80622 0.789463 0 -6.101 0.00184036 -0.000331826  0 -0.000675764 2
1386494442.126830356 3.80619 0.789376 0 -6.105 -0.000487256 -0.00134557  0 -0.00106763 2
1386494442.257175864 3.80621 0.789339 0 -6.11 0.000106136 -0.000276994  0 -0.000670155 2
1386494442.322290518 3.80628 0.789305 0 -6.11299 0.00119561 -0.000522168  0 -0.000801631 2
1386494442.451625905 3.80643 0.789389 0 -6.118 0.00109111 0.000647719  0 -0.000675389 2
1386494442.518071029 3.80647 0.789392 0 -6.119 0.000723422 3.87297e-05  0 -0.000264532 2
1386494442.649246548 3.80641 0.789383 0 -6.12599 -0.00051223 -6.3926e-05  0 -0.000929844 2
1386494442.713484362 3.80649 0.78935 0 -6.129 0.00126498 -0.000522836  0 -0.000816719 2
1386494442.843982760 3.80654 0.78944 0 -6.13699 0.000391338 0.000694239  0 -0.00106936 2
1386494442.909165913 3.80654 0.789463 0 -6.13699 4.93293e-05 0.000348975  0 0 2
1386494443.039695143 3.80682 0.789385 0 -6.145 0.00212833 -0.000601368  0 -0.00107115 2
1386494443.169813056 3.80662 0.789344 0 -6.15199 -0.00152614 -0.00031017  0 -0.000937402 2
1386494443.235389346 3.80679 0.789367 0 -6.15399 0.00252163 0.00034742  0 -0.000532013 2
1386494443.365810173 3.80693 0.789475 0 -6.155 0.00110395 0.000830508  0 -0.00013477 2
1386494443.431016747 3.80708 0.789563 0 -6.16 0.00233321 0.00134181  0 -0.00133961 2
1386494443.561238030 3.80701 0.789508 0 -6.164 -0.000598154 -0.000425392  0 -0.000535817 2
1386494443.626671625 3.80691 0.789524 0 -6.16899 -0.00150536 0.000253082  0 -0.0013309 2
1386494443.759173651 3.80688 0.789417 0 -6.175 -0.000200104 -0.000810304  0 -0.000791901 2
1386494443.822385052 3.80697 0.789491 0 -6.177 0.00137594 0.00117723  0 -0.000551916 2
1386494443.953227215 3.80693 0.789533 0 -6.183 -0.000316443 0.000321831  0 -0.000799912 2
1386494444.017868137 3.80692 0.7896 0 -6.185 -3.88654e-05 0.00102778  0 -0.000539711 2
1386494444.150157034 3.80683 0.789596 0 -6.19299 -0.000669348 -2.48472e-05  0 -0.00105489 2
1386494444.214757643 3.8069 0.789664 0 -6.19499 0.00104537 0.00104154  0 -0.000540048 2
1386494444.344048665 3.8069 0.789745 0 -6.201 -2.85879e-06 0.000632904  0 -0.000811569 2
1386494444.409075910 3.80681 0.789702 0 -6.20399 -0.00136141 -0.000674275  0 -0.000802709 2
1386494444.539198441 3.80691 0.789609 0 -6.209 0.000727438 -0.000710385  0 -0.000671303 2
1386494444.669882869 3.80673 0.789674 0 -6.21199 -0.0013861 0.000493858  0 -0.00039942 2
1386494444.736557317 3.80657 0.789626 0 -6.21199 -0.00228933 -0.000709236  0 0 2
1386494444.864771127 3.80656 0.789654 0 -6.215 -0.000145332 0.000213831  0 -0.000409194 2
1386494444.931563284 3.80659 0.78967 0 -6.21899 0.000466408 0.00023585  0 -0.00104466 2
1386494445.061124416 3.80665 0.789824 0 -6.22499 0.000516787 0.0011882  0 -0.000807821 2
1386494445.125822286 3.80675 0.789949 0 -6.22701 0.00147572 0.00193783  0 -0.000543352 2
1386494445.258704091 3.80689 0.790045 0 -6.235 0.00102649 0.000722113  0 -0.00105018 2
1386494445.321990129 3.80692 0.790073 0 -6.239 0.000487045 0.000437241  0 -0.00110253 2
1386494445.452672590 3.80702 0.790224 0 -6.246 0.000766406 0.00115655  0 -0.00093539 2
1386494445.518718259 3.80715 0.790237 0 -6.24899 0.00201028 0.000195017  0 -0.000790331 2
1386494445.648367635 3.80727 0.790095 0 -6.254 0.000948017 -0.00109402  0 -0.000673753 2
1386494445.714015303 3.80733 0.79015 0 -6.255 0.000890578 0.000841352  0 -0.000267745 2
1386494445.844257025 3.80741 0.790245 0 -6.261 0.000635149 0.000730501  0 -0.0008036 2
1386494445.908861378 3.80742 0.790194 0 -6.26199 0.000155374 -0.000787364  0 -0.000267947 2
1386494446.039584728 3.80768 0.790134 0 -6.27 0.00198709 -0.000458675  0 -0.00106956 2
1386494446.170107644 3.8078 0.790114 0 -6.274 0.000913834 -0.000154681  0 -0.000534579 2
1386494446.235942993 3.80784 0.790162 0 -6.27699 0.000542308 0.000722861  0 -0.000792856 2
1386494446.366674259 3.80806 0.790282 0 -6.28099 0.00167781 0.000922746  0 -0.000533727 2
1386494446.430771749 3.80813 0.790335 0 -6.284 0.00105776 0.000827453  0 -0.000818507 2
1386494446.564908848 3.80815 0.790432 0 -6.28999 0.000218431 0.000720656  0 -0.000780263 2
1386494446.626351089 3.80826 0.79046 0 -6.293 0.00178818 0.000452095  0 -0.00085388 2
1386494446.756735485 3.80824 0.790483 0 -6.29599 -0.000188867 0.000174515  0 -0.000400339 2
1386494446.821927209 3.80827 0.790512 0 -6.29599 0.000434416 0.0004493  0 0 2
1386494446.952363446 3.8081 0.790474 0 -6.302 -0.00130406 -0.000289425  0 -0.000804443 2
1386494447.017621719 3.8081 0.790446 0 -6.306 5.6864e-05 -0.000433003  0 -0.00106921 2
1386494447.147956711 3.80786 0.790446 0 -6.31 -0.00182413 -1.53249e-07  0 -0.00053535 2
1386494447.213783344 3.80786 0.790457 0 -6.312 -6.7737e-06 0.000163923  0 -0.000529989 2
1386494447.343657469 3.80816 0.790538 0 -6.317 0.00229966 0.000622938  0 -0.000672587 2
