1.84789 0.355569 1.008 1.38804e+09
1.90417 0.380955 1.01249 1.38804e+09
1.95507 0.411347 1.01643 1.38804e+09
2.00118 0.445524 1.02 1.38804e+09
2.04313 0.482532 1.02331 1.38804e+09
2.08149 0.521677 1.02643 1.38804e+09
2.11673 0.562468 1.02943 1.38804e+09
2.14925 0.60457 1.03233 1.38804e+09
2.17933 0.64775 1.03517 1.38804e+09
2.20719 0.69185 1.03796 1.38804e+09
2.23298 0.736759 1.04072 1.38804e+09
2.25679 0.782398 1.04344 1.38804e+09
2.27868 0.828707 1.04613 1.38804e+09
2.29869 0.875635 1.04879 1.38804e+09
2.31682 0.923136 1.05143 1.38804e+09
2.33306 0.971165 1.05404 1.38804e+09
2.34739 1.01968 1.05662 1.38804e+09
2.35978 1.06862 1.05917 1.38804e+09
2.37019 1.11793 1.06169 1.38804e+09
2.37859 1.16756 1.06418 1.38804e+09
2.38495 1.21744 1.06664 1.38804e+09
2.38922 1.26749 1.06906 1.38804e+09
2.39138 1.31763 1.07145 1.38804e+09
2.3914 1.3678 1.07381 1.38804e+09
2.38925 1.41788 1.07613 1.38804e+09
2.38492 1.46781 1.07841 1.38804e+09
2.37839 1.51747 1.08066 1.38804e+09
2.36964 1.56678 1.08287 1.38804e+09
2.35869 1.61563 1.08504 1.38804e+09
2.34552 1.66392 1.08718 1.38804e+09
2.33016 1.71155 1.08928 1.38804e+09
2.37197 1.73996 1.09147 1.38804e+09
2.40044 1.77354 1.09232 1.38804e+09
2.41807 1.80991 1.09226 1.38804e+09
2.42745 1.84773 1.09157 1.38804e+09
2.43086 1.88648 1.09045 1.38804e+09
2.43019 1.92605 1.08904 1.38804e+09
2.42694 1.96651 1.08742 1.38804e+09
2.42235 2.00797 1.08568 1.38804e+09
2.41739 2.05049 1.08384 1.38804e+09
2.41286 2.09408 1.08196 1.38804e+09
2.40947 2.13868 1.08311 1.38804e+09
2.4077 2.18417 1.08522 1.38804e+09
2.40793 2.23037 1.08792 1.38804e+09
2.41048 2.27709 1.09095 1.38804e+09
2.4156 2.32411 1.09415 1.38804e+09
2.42343 2.37118 1.09741 1.38804e+09
2.43411 2.41806 1.10066 1.38804e+09
2.44767 2.46451 1.10385 1.38804e+09
2.46413 2.51028 1.10694 1.38804e+09
2.48346 2.55515 1.10992 1.38804e+09
2.50561 2.5989 1.11279 1.38804e+09
2.53049 2.64133 1.11552 1.38804e+09
2.55801 2.68226 1.11813 1.38804e+09
2.58804 2.72152 1.1206 1.38804e+09
2.62046 2.75896 1.12296 1.38804e+09
2.65513 2.79443 1.12518 1.38804e+09
2.69189 2.82781 1.12729 1.38804e+09
2.73061 2.859 1.12929 1.38804e+09
2.77112 2.8879 1.13117 1.38804e+09
2.81327 2.91442 1.13295 1.38804e+09
2.8569 2.93848 1.13462 1.38804e+09
2.90186 2.96003 1.13619 1.38804e+09
2.94799 2.97901 1.13767 1.38804e+09
2.99513 2.99538 1.13905 1.38804e+09
3.04312 3.00911 1.14034 1.38804e+09
3.09181 3.02016 1.14155 1.38804e+09
3.14104 3.02852 1.14267 1.38804e+09
3.19067 3.03418 1.14371 1.38804e+09
3.24054 3.03713 1.14468 1.38804e+09
3.29051 3.03739 1.14557 1.38804e+09
3.34042 3.03495 1.14638 1.38804e+09
3.39013 3.02985 1.14713 1.38804e+09
3.43951 3.02211 1.1478 1.38804e+09
3.5012 3.02605 1.14599 1.38804e+09
3.56084 3.0242 1.14152 1.38804e+09
3.61852 3.01872 1.13532 1.38804e+09
3.67452 3.01081 1.12802 1.38804e+09
3.72911 3.00118 1.12005 1.38804e+09
3.78252 2.99031 1.11172 1.38804e+09
3.83496 2.97851 1.10324 1.38804e+09
3.88658 2.96599 1.09473 1.38804e+09
3.93754 2.95294 1.08629 1.38804e+09
3.98795 2.93947 1.07799 1.38804e+09
4.0379 2.92569 1.06985 1.38804e+09
4.08748 2.91167 1.0619 1.38804e+09
4.13675 2.89748 1.05415 1.38804e+09
4.18577 2.88317 1.0466 1.38804e+09
4.23458 2.86876 1.03926 1.38804e+09
4.28322 2.85429 1.03212 1.38804e+09
4.33173 2.83979 1.02518 1.38804e+09
4.38012 2.82527 1.01843 1.38804e+09
4.42843 2.81075 1.01185 1.38804e+09
4.47666 2.79624 1.00545 1.38804e+09
4.52483 2.78174 0.999214 1.38804e+09
4.57297 2.76727 0.993134 1.38804e+09
4.62106 2.75282 0.987203 1.38804e+09
4.66913 2.73841 0.981412 1.38804e+09
4.71718 2.72403 0.975756 1.38804e+09
4.76521 2.70969 0.970226 1.38804e+09
4.81323 2.69538 0.964816 1.38804e+09
4.86125 2.68111 0.959519 1.38804e+09
4.90926 2.66688 0.95433 1.38804e+09
4.95727 2.65268 0.949242 1.38804e+09
5.00527 2.63852 0.94425 1.38804e+09
5.05328 2.62439 0.939349 1.38804e+09
5.1013 2.6103 0.934533 1.38804e+09
5.14931 2.59624 0.929798 1.38804e+09
5.19733 2.58222 0.92514 1.38804e+09
5.24536 2.56822 0.920554 1.38804e+09
5.29339 2.55426 0.916037 1.38804e+09
5.34142 2.54032 0.911584 1.38804e+09
5.38946 2.52641 0.907192 1.38804e+09
5.43751 2.51253 0.902858 1.38804e+09
5.48556 2.49867 0.898579 1.38804e+09
5.53361 2.48484 0.894351 1.38804e+09
5.58168 2.47103 0.890171 1.38804e+09
5.62974 2.45724 0.886038 1.38804e+09
5.67782 2.44347 0.881948 1.38804e+09
5.72589 2.42973 0.877899 1.38804e+09
5.77398 2.416 0.873889 1.38804e+09
5.82206 2.4023 0.869915 1.38804e+09
5.87015 2.38861 0.865976 1.38804e+09
5.91825 2.37493 0.86207 1.38804e+09
5.96635 2.36128 0.858195 1.38804e+09
6.01446 2.34764 0.854349 1.38804e+09
6.06256 2.33401 0.85053 1.38804e+09
6.11068 2.3204 0.846738 1.38804e+09
6.15879 2.3068 0.84297 1.38804e+09
6.20691 2.29321 0.839225 1.38804e+09
6.25504 2.27964 0.835503 1.38804e+09
6.30316 2.26608 0.831801 1.38804e+09
6.35129 2.25253 0.828119 1.38804e+09
6.39942 2.23899 0.824455 1.38804e+09
6.44756 2.22546 0.820809 1.38804e+09
6.4957 2.21194 0.81718 1.38804e+09
6.54384 2.19843 0.813566 1.38804e+09
6.59198 2.18492 0.809967 1.38804e+09
6.64012 2.17143 0.806382 1.38804e+09
6.68827 2.15794 0.80281 1.38804e+09
6.73642 2.14446 0.799251 1.38804e+09
6.78457 2.13099 0.795703 1.38804e+09
6.83272 2.11753 0.792167 1.38804e+09
6.88088 2.10407 0.788641 1.38804e+09
6.92904 2.09062 0.785125 1.38804e+09
6.97719 2.07718 0.781618 1.38804e+09
7.02535 2.06374 0.77812 1.38804e+09
7.07352 2.0503 0.774631 1.38804e+09
7.12168 2.03687 0.77115 1.38804e+09
7.16984 2.02345 0.767676 1.38804e+09
7.21801 2.01003 0.764209 1.38804e+09
7.26618 1.99662 0.760749 1.38804e+09
7.31434 1.98321 0.757295 1.38804e+09
7.36251 1.9698 0.753847 1.38804e+09
7.41068 1.9564 0.750405 1.38804e+09
7.45885 1.943 0.746968 1.38804e+09
7.50703 1.92961 0.743536 1.38804e+09
7.5552 1.91622 0.740109 1.38804e+09
7.60338 1.90283 0.736686 1.38804e+09
7.65155 1.88944 0.733268 1.38804e+09
7.69973 1.87606 0.729854 1.38804e+09
7.7479 1.86268 0.726443 1.38804e+09
7.79608 1.84931 0.723036 1.38804e+09
7.84426 1.83593 0.719633 1.38804e+09
7.89244 1.82256 0.716232 1.38804e+09
7.94062 1.80919 0.712835 1.38804e+09
7.9888 1.79583 0.70944 1.38804e+09
8.03698 1.78246 0.706049 1.38804e+09
8.08516 1.7691 0.702659 1.38804e+09
8.13334 1.75574 0.699272 1.38804e+09
8.18152 1.74238 0.695888 1.38804e+09
8.22971 1.72902 0.692506 1.38804e+09
8.27789 1.71567 0.689125 1.38804e+09
8.32607 1.70231 0.685747 1.38804e+09
8.37426 1.68896 0.68237 1.38804e+09
8.42244 1.67561 0.678995 1.38804e+09
8.47063 1.66226 0.675622 1.38804e+09
8.51881 1.64891 0.67225 1.38804e+09
8.567 1.63557 0.66888 1.38804e+09
8.61519 1.62222 0.665511 1.38804e+09
8.66337 1.60888 0.662143 1.38804e+09
8.71156 1.59553 0.658777 1.38804e+09
8.75975 1.58219 0.655412 1.38804e+09
8.80793 1.56885 0.652047 1.38804e+09
8.85612 1.55551 0.648684 1.38804e+09
8.90431 1.54217 0.645322 1.38804e+09
8.9525 1.52883 0.641961 1.38804e+09
9.00068 1.5155 0.638601 1.38804e+09
9.04887 1.50216 0.635241 1.38804e+09
9.09706 1.48882 0.631882 1.38804e+09
9.14525 1.47549 0.628524 1.38804e+09
9.19344 1.46215 0.625167 1.38804e+09
9.24163 1.44882 0.62181 1.38804e+09
9.28982 1.43549 0.618454 1.38804e+09
9.33801 1.42215 0.615099 1.38804e+09
9.3862 1.40882 0.611744 1.38804e+09
9.43439 1.39549 0.608389 1.38804e+09
9.48258 1.38216 0.605035 1.38804e+09
9.53077 1.36883 0.601682 1.38804e+09
9.57896 1.3555 0.598329 1.38804e+09
9.62715 1.34217 0.594976 1.38804e+09
9.67534 1.32884 0.591624 1.38804e+09
9.72353 1.31551 0.588272 1.38804e+09
9.77172 1.30218 0.584921 1.38804e+09
9.81991 1.28885 0.58157 1.38804e+09
9.8681 1.27552 0.578219 1.38804e+09
9.91629 1.2622 0.574868 1.38804e+09
9.96448 1.24887 0.571518 1.38804e+09
10.0127 1.23554 0.568168 1.38804e+09
10.0609 1.22222 0.564818 1.38804e+09
10.1091 1.20889 0.561469 1.38804e+09
10.1572 1.19556 0.558119 1.38804e+09
10.2054 1.18224 0.55477 1.38804e+09
10.2536 1.16891 0.551421 1.38804e+09
10.3018 1.15559 0.548073 1.38804e+09
10.35 1.14226 0.544724 1.38804e+09
10.3982 1.12894 0.541376 1.38804e+09
10.4464 1.11561 0.538028 1.38804e+09
10.4946 1.10229 0.53468 1.38804e+09
10.5428 1.08896 0.531332 1.38804e+09
10.591 1.07564 0.527984 1.38804e+09
10.6518 1.07992 0.530792 1.38804e+09
10.7104 1.07891 0.5325 1.38804e+09
10.7671 1.07526 0.533461 1.38804e+09
10.8225 1.07073 0.533915 1.38804e+09
10.8768 1.06649 0.534028 1.38804e+09
