0.90826 0.147103 1.259 1.38813e+09
0.912049 0.144904 1.26152 1.38813e+09
0.915885 0.142877 1.26208 1.38813e+09
0.927142 0.140897 1.26048 1.38813e+09
0.94463 0.138976 1.25747 1.38813e+09
0.967347 0.137131 1.25357 1.38813e+09
0.994453 0.135371 1.24915 1.38813e+09
1.02524 0.133701 1.24443 1.38813e+09
1.05912 0.132118 1.23958 1.38813e+09
1.09559 0.130619 1.2347 1.38813e+09
1.13424 0.129198 1.22986 1.38813e+09
1.17472 0.127849 1.22512 1.38813e+09
1.21672 0.126565 1.22048 1.38813e+09
1.26002 0.12534 1.21597 1.38813e+09
1.30439 0.124169 1.2116 1.38813e+09
1.34966 0.123046 1.20736 1.38813e+09
1.39569 0.121966 1.20325 1.38813e+09
1.44237 0.120924 1.19928 1.38813e+09
1.48957 0.119918 1.19543 1.38813e+09
1.53723 0.118943 1.1917 1.38813e+09
1.58526 0.117997 1.18809 1.38813e+09
1.63361 0.117077 1.18458 1.38813e+09
1.68222 0.116181 1.18118 1.38813e+09
1.73105 0.115306 1.17787 1.38813e+09
1.78007 0.114451 1.17465 1.38813e+09
1.82925 0.113615 1.17152 1.38813e+09
1.87856 0.112795 1.16847 1.38813e+09
1.92798 0.111991 1.16549 1.38813e+09
1.97749 0.111201 1.16258 1.38813e+09
2.02708 0.110425 1.15975 1.38813e+09
2.07674 0.109662 1.15697 1.38813e+09
2.12645 0.108911 1.15426 1.38813e+09
2.1762 0.10817 1.1516 1.38813e+09
2.226 0.10744 1.149 1.38813e+09
2.27582 0.10672 1.14644 1.38813e+09
2.32568 0.106009 1.14393 1.38813e+09
2.37555 0.105307 1.14147 1.38813e+09
2.42545 0.104614 1.13905 1.38813e+09
2.47536 0.103928 1.13667 1.38813e+09
2.52529 0.103249 1.13432 1.38813e+09
2.57523 0.102578 1.13201 1.38813e+09
2.62517 0.101914 1.12974 1.38813e+09
2.67513 0.101255 1.12749 1.38813e+09
2.72509 0.100603 1.12528 1.38813e+09
2.77505 0.0999567 1.12309 1.38813e+09
2.82503 0.0993158 1.12093 1.38813e+09
2.875 0.0986801 1.1188 1.38813e+09
2.92498 0.0980494 1.11669 1.38813e+09
2.97496 0.0974234 1.1146 1.38813e+09
3.02495 0.0968019 1.11253 1.38813e+09
3.07493 0.0961847 1.11048 1.38813e+09
3.12492 0.0955716 1.10845 1.38813e+09
3.17491 0.0949624 1.10644 1.38813e+09
3.2249 0.0943569 1.10445 1.38813e+09
3.27489 0.0937549 1.10247 1.38813e+09
3.32488 0.0931564 1.1005 1.38813e+09
3.37488 0.092561 1.09855 1.38813e+09
3.42487 0.0919687 1.09662 1.38813e+09
3.47486 0.0913794 1.09469 1.38813e+09
3.52486 0.0907928 1.09278 1.38813e+09
3.57485 0.090209 1.09088 1.38813e+09
3.62485 0.0896276 1.08899 1.38813e+09
3.67484 0.0890487 1.08711 1.38813e+09
3.72484 0.088472 1.08524 1.38813e+09
3.77483 0.0878976 1.08338 1.38813e+09
3.82483 0.0873253 1.08153 1.38813e+09
3.87483 0.086755 1.07968 1.38813e+09
3.92482 0.0861866 1.07785 1.38813e+09
3.97482 0.08562 1.07602 1.38813e+09
4.02482 0.0850552 1.0742 1.38813e+09
4.07481 0.084492 1.07238 1.38813e+09
4.12481 0.0839304 1.07057 1.38813e+09
4.1748 0.0833703 1.06876 1.38813e+09
4.2248 0.0828116 1.06696 1.38813e+09
4.2748 0.0822543 1.06517 1.38813e+09
4.3248 0.0816984 1.06338 1.38813e+09
4.37479 0.0811436 1.0616 1.38813e+09
4.42479 0.0805901 1.05982 1.38813e+09
4.47479 0.0800377 1.05804 1.38813e+09
4.52478 0.0794864 1.05627 1.38813e+09
4.57478 0.0789361 1.0545 1.38813e+09
4.62478 0.0783868 1.05273 1.38813e+09
4.67477 0.0778385 1.05097 1.38813e+09
4.72477 0.077291 1.04921 1.38813e+09
4.77477 0.0767444 1.04745 1.38813e+09
4.82476 0.0761986 1.0457 1.38813e+09
4.87476 0.0756536 1.04395 1.38813e+09
4.92476 0.0751094 1.0422 1.38813e+09
4.97476 0.0745658 1.04045 1.38813e+09
5.02475 0.0740229 1.03871 1.38813e+09
5.07475 0.0734807 1.03697 1.38813e+09
5.12475 0.0729391 1.03523 1.38813e+09
5.17474 0.072398 1.03349 1.38813e+09
5.22474 0.0718576 1.03175 1.38813e+09
5.27474 0.0713176 1.03002 1.38813e+09
5.32473 0.0707782 1.02829 1.38813e+09
5.37473 0.0702392 1.02655 1.38813e+09
5.42473 0.0697008 1.02482 1.38813e+09
5.47473 0.0691627 1.0231 1.38813e+09
5.52472 0.0686251 1.02137 1.38813e+09
5.57472 0.0680879 1.01964 1.38813e+09
5.62472 0.067551 1.01792 1.38813e+09
5.67471 0.0670146 1.01619 1.38813e+09
5.72471 0.0664784 1.01447 1.38813e+09
5.77471 0.0659427 1.01274 1.38813e+09
5.82471 0.0654072 1.01102 1.38813e+09
5.8747 0.064872 1.0093 1.38813e+09
5.9247 0.0643371 1.00758 1.38813e+09
5.9747 0.0638025 1.00586 1.38813e+09
6.02469 0.0632682 1.00414 1.38813e+09
6.07469 0.0627341 1.00243 1.38813e+09
6.12469 0.0622002 1.00071 1.38813e+09
6.17469 0.0616666 0.998993 1.38813e+09
6.22468 0.0611332 0.997277 1.38813e+09
6.27468 0.0606 0.995561 1.38813e+09
6.32468 0.060067 0.993846 1.38813e+09
6.37467 0.0595342 0.992132 1.38813e+09
6.42467 0.0590016 0.990418 1.38813e+09
6.47467 0.0584691 0.988704 1.38813e+09
6.52467 0.0579368 0.986991 1.38813e+09
6.57466 0.0574047 0.985278 1.38813e+09
6.62466 0.0568727 0.983565 1.38813e+09
6.67466 0.0563408 0.981853 1.38813e+09
6.72465 0.0558091 0.980141 1.38813e+09
6.77465 0.0552775 0.978429 1.38813e+09
6.82465 0.0547461 0.976718 1.38813e+09
6.87465 0.0542147 0.975007 1.38813e+09
6.92464 0.0536835 0.973296 1.38813e+09
6.97464 0.0531523 0.971586 1.38813e+09
7.02464 0.0526213 0.969875 1.38813e+09
7.07464 0.0520904 0.968165 1.38813e+09
7.12463 0.0515596 0.966455 1.38813e+09
7.17463 0.0510288 0.964746 1.38813e+09
7.22463 0.0504982 0.963036 1.38813e+09
7.27462 0.0499676 0.961327 1.38813e+09
7.32462 0.0494371 0.959618 1.38813e+09
7.37462 0.0489066 0.957909 1.38813e+09
7.42462 0.0483763 0.9562 1.38813e+09
7.47461 0.047846 0.954491 1.38813e+09
7.52461 0.0473158 0.952782 1.38813e+09
7.57461 0.0467856 0.951074 1.38813e+09
7.6246 0.0462555 0.949366 1.38813e+09
7.6746 0.0457254 0.947657 1.38813e+09
7.7246 0.0451954 0.945949 1.38813e+09
7.7746 0.0446655 0.944241 1.38813e+09
7.82459 0.0441356 0.942533 1.38813e+09
7.87459 0.0436057 0.940825 1.38813e+09
7.92459 0.0430759 0.939117 1.38813e+09
7.97458 0.0425461 0.93741 1.38813e+09
8.02458 0.0420164 0.935702 1.38813e+09
8.07458 0.0414867 0.933994 1.38813e+09
8.12458 0.040957 0.932287 1.38813e+09
8.17457 0.0404274 0.930579 1.38813e+09
8.22457 0.0398978 0.928872 1.38813e+09
8.27457 0.0393683 0.927165 1.38813e+09
8.32456 0.0388387 0.925457 1.38813e+09
8.37456 0.0383092 0.92375 1.38813e+09
8.42456 0.0377797 0.922043 1.38813e+09
8.47456 0.0372503 0.920336 1.38813e+09
8.52455 0.0367209 0.918629 1.38813e+09
8.57455 0.0361915 0.916922 1.38813e+09
8.62455 0.0356621 0.915214 1.38813e+09
8.67455 0.0351327 0.913507 1.38813e+09
8.72454 0.0346034 0.911801 1.38813e+09
8.77454 0.0340741 0.910094 1.38813e+09
8.82454 0.0335448 0.908387 1.38813e+09
8.87453 0.0330155 0.90668 1.38813e+09
8.92453 0.0324862 0.904973 1.38813e+09
8.97453 0.031957 0.903266 1.38813e+09
9.02453 0.0314278 0.901559 1.38813e+09
9.07452 0.0308985 0.899853 1.38813e+09
9.12452 0.0303693 0.898146 1.38813e+09
9.17452 0.0298401 0.896439 1.38813e+09
9.22451 0.029311 0.894732 1.38813e+09
9.27451 0.0287818 0.893026 1.38813e+09
9.32451 0.0282527 0.891319 1.38813e+09
9.37451 0.0277235 0.889612 1.38813e+09
9.4245 0.0271944 0.887906 1.38813e+09
9.4745 0.0266653 0.886199 1.38813e+09
9.5245 0.0261361 0.884492 1.38813e+09
9.57449 0.025607 0.882786 1.38813e+09
9.62449 0.0250779 0.881079 1.38813e+09
9.67449 0.0245489 0.879373 1.38813e+09
9.72449 0.0240198 0.877666 1.38813e+09
9.77448 0.0234907 0.875959 1.38813e+09
9.82448 0.0229616 0.874253 1.38813e+09
9.87448 0.0224326 0.872546 1.38813e+09
9.92448 0.0219035 0.87084 1.38813e+09
9.97447 0.0213745 0.869133 1.38813e+09
10.0245 0.0208455 0.867427 1.38813e+09
10.0745 0.0203164 0.86572 1.38813e+09
10.1245 0.0197874 0.864014 1.38813e+09
10.1745 0.0192584 0.862307 1.38813e+09
10.2245 0.0187294 0.860601 1.38813e+09
10.2745 0.0182004 0.858894 1.38813e+09
10.3245 0.0176714 0.857188 1.38813e+09
10.3745 0.0171423 0.855481 1.38813e+09
10.4244 0.0166134 0.853775 1.38813e+09
10.4744 0.0160844 0.852068 1.38813e+09
10.5244 0.0155554 0.850362 1.38813e+09
10.5744 0.0150264 0.848655 1.38813e+09
10.6244 0.0144974 0.846949 1.38813e+09
10.6744 0.0139684 0.845242 1.38813e+09
10.7244 0.0134394 0.843536 1.38813e+09
10.7744 0.0129105 0.841829 1.38813e+09
10.8244 0.0123815 0.840123 1.38813e+09
10.8744 0.0118525 0.838417 1.38813e+09
10.9244 0.0113236 0.83671 1.38813e+09
10.9744 0.0107946 0.835004 1.38813e+09
11.0244 0.0102656 0.833297 1.38813e+09
11.0744 0.00973667 0.831591 1.38813e+09
11.1244 0.00920771 0.829884 1.38813e+09
11.1744 0.00867876 0.828178 1.38813e+09
11.2244 0.00814981 0.826472 1.38813e+09
11.2744 0.00762086 0.824765 1.38813e+09
11.3244 0.00709191 0.823059 1.38813e+09
11.3744 0.00656296 0.821352 1.38813e+09
11.4244 0.00603401 0.819646 1.38813e+09
11.4744 0.00550507 0.817939 1.38813e+09
11.5244 0.00497612 0.816233 1.38813e+09
11.5744 0.00444718 0.814527 1.38813e+09
11.6244 0.00391824 0.81282 1.38813e+09
11.6744 0.0033893 0.811114 1.38813e+09
11.7244 0.00286036 0.809407 1.38813e+09
11.7744 0.00233143 0.807701 1.38813e+09
11.8244 0.00180249 0.805995 1.38813e+09
11.8744 0.00127356 0.804288 1.38813e+09
