0.17431 0.199724 0.952 0.999965
0.186388 0.200306 0.951802 1.09997
0.204572 0.200748 0.951538 1.19997
0.227871 0.201431 0.951232 1.29997
0.255445 0.202749 0.950898 1.39997
0.286567 0.205073 0.950546 1.49997
0.320604 0.208728 0.950183 1.59997
0.356994 0.21399 0.949812 1.69997
0.395239 0.221081 0.949436 1.79997
0.434892 0.230172 0.949057 1.89997
0.445616 0.236605 0.948831 1.99997
0.461979 0.245106 0.948532 2.09997
0.483157 0.255203 0.948186 2.19997
0.508444 0.266512 0.947812 2.29997
0.537217 0.278759 0.94742 2.39997
0.568933 0.29175 0.947018 2.49997
0.603127 0.305347 0.94661 2.59997
0.6394 0.31945 0.946199 2.69997
0.677418 0.33398 0.945787 2.79997
0.716895 0.348876 0.945374 2.89997
0.757595 0.364088 0.944961 2.99997
0.799316 0.379575 0.944547 3.09997
0.841892 0.395301 0.944133 3.19997
0.885181 0.411236 0.943717 3.29997
0.929066 0.427356 0.943301 3.39997
0.973448 0.443639 0.942884 3.49997
1.01824 0.460064 0.942466 3.59997
1.06339 0.476617 0.942045 3.69997
1.10882 0.493282 0.941624 3.79997
1.15449 0.510047 0.9412 3.89997
1.20035 0.526901 0.940774 3.99997
1.24639 0.543836 0.940347 4.09997
1.29255 0.560841 0.939917 4.19997
1.33884 0.577911 0.939486 4.29997
1.38521 0.595039 0.939052 4.39997
1.43167 0.61222 0.938617 4.49997
1.47818 0.629447 0.93818 4.59997
1.52475 0.646718 0.937741 4.69997
1.57136 0.664029 0.9373 4.79997
1.61801 0.681375 0.936857 4.89997
1.66468 0.698754 0.936412 4.99997
1.71138 0.716164 0.935966 5.09997
1.75809 0.733602 0.935519 5.19997
1.80482 0.751065 0.93507 5.29997
1.85156 0.768553 0.934619 5.39997
1.8983 0.786063 0.934167 5.49997
1.94506 0.803594 0.933714 5.59997
1.99181 0.821144 0.933259 5.69997
2.03857 0.838713 0.932804 5.79997
2.08534 0.856298 0.932347 5.89997
2.1321 0.8739 0.931889 5.99997
2.17886 0.891516 0.93143 6.09997
2.22562 0.909147 0.93097 6.19997
2.27239 0.926791 0.930509 6.29997
2.31915 0.944447 0.930047 6.39997
2.36591 0.962116 0.929585 6.49997
2.41266 0.979795 0.929121 6.59997
2.45942 0.997486 0.928657 6.69997
2.50617 1.01519 0.928192 6.79997
2.55292 1.0329 0.927727 6.89997
2.59967 1.05062 0.927261 6.99997
2.64642 1.06834 0.926794 7.09997
2.69316 1.08608 0.926327 7.19997
2.7399 1.10382 0.925859 7.29997
2.78664 1.12157 0.925391 7.39997
2.83338 1.13933 0.924922 7.49997
2.88012 1.1571 0.924453 7.59997
2.92685 1.17487 0.923983 7.69997
2.97358 1.19264 0.923513 7.79997
3.02031 1.21043 0.923042 7.89997
3.06704 1.22822 0.922571 7.99997
3.11377 1.24601 0.9221 8.09997
3.16049 1.26381 0.921629 8.19997
3.20721 1.28161 0.921157 8.29997
3.25393 1.29942 0.920685 8.39997
3.30065 1.31723 0.920212 8.49997
3.34737 1.33505 0.91974 8.59997
3.39409 1.35287 0.919267 8.69997
3.4408 1.37069 0.918793 8.79997
3.48751 1.38852 0.91832 8.89997
3.53423 1.40635 0.917847 8.99997
3.58094 1.42419 0.917373 9.09997
3.62765 1.44202 0.916899 9.19997
3.67436 1.45986 0.916425 9.29997
3.72106 1.47771 0.91595 9.39997
3.76777 1.49555 0.915476 9.49997
3.81448 1.5134 0.915001 9.59997
3.86118 1.53125 0.914527 9.69997
3.90789 1.5491 0.914052 9.79997
3.95459 1.56696 0.913577 9.89997
4.00129 1.58482 0.913102 9.99997
4.04799 1.60268 0.912626 10.1
4.09469 1.62054 0.912151 10.2
4.14139 1.6384 0.911676 10.3
4.18809 1.65627 0.9112 10.4
4.23479 1.67413 0.910724 10.5
4.28149 1.692 0.910249 10.6
4.32819 1.70987 0.909773 10.7
4.37488 1.72774 0.909297 10.8
4.42158 1.74562 0.908821 10.9
4.46828 1.76349 0.908345 11
4.51497 1.78136 0.907869 11.1
4.56167 1.79924 0.907393 11.2
4.60836 1.81712 0.906917 11.3
4.65506 1.835 0.906441 11.4
4.70175 1.85288 0.905964 11.5
4.74844 1.87076 0.905488 11.6
4.79514 1.88864 0.905012 11.7
4.84183 1.90652 0.904535 11.8
4.88852 1.9244 0.904059 11.9
4.93521 1.94229 0.903582 12
4.98191 1.96017 0.903106 12.1
5.0286 1.97806 0.902629 12.2
5.07529 1.99595 0.902153 12.3
5.12198 2.01383 0.901676 12.4
5.16867 2.03172 0.901199 12.5
5.21536 2.04961 0.900723 12.6
5.26205 2.0675 0.900246 12.7
5.30874 2.08539 0.899769 12.8
5.35543 2.10328 0.899293 12.9
5.40212 2.12117 0.898816 13
5.44881 2.13906 0.898339 13.1
5.4955 2.15695 0.897862 13.2
5.54219 2.17484 0.897385 13.3
5.58888 2.19273 0.896908 13.4
5.63557 2.21063 0.896432 13.5
5.68226 2.22852 0.895955 13.6
5.72895 2.24641 0.895478 13.7
5.77563 2.26431 0.895001 13.8
5.82232 2.2822 0.894524 13.9
5.86901 2.3001 0.894047 14
5.9157 2.31799 0.89357 14.1
5.96239 2.33589 0.893093 14.2
6.00907 2.35378 0.892616 14.3
6.05576 2.37168 0.892139 14.4
6.10245 2.38957 0.891662 14.5
6.14914 2.40747 0.891185 14.6
6.19582 2.42537 0.890708 14.7
6.24251 2.44326 0.890231 14.8
6.2892 2.46116 0.889754 14.9
6.33589 2.47906 0.889277 15
6.38257 2.49695 0.8888 15.1
6.42926 2.51485 0.888323 15.2
6.47595 2.53275 0.887846 15.3
6.52263 2.55065 0.887369 15.4
6.56932 2.56854 0.886892 15.5
6.61601 2.58644 0.886415 15.6
6.6627 2.60434 0.885938 15.7
6.70938 2.62224 0.885461 15.8
6.75607 2.64014 0.884984 15.9
6.76631 2.64753 0.88495 16
6.78206 2.65738 0.884905 16.1
6.80265 2.66889 0.884853 16.2
6.82751 2.68134 0.884797 16.3
6.85615 2.69413 0.884738 16.4
6.88809 2.70675 0.884677 16.5
6.92293 2.71877 0.884615 16.6
6.96029 2.72986 0.884553 16.7
6.99981 2.73971 0.88449 16.8
7.04119 2.74809 0.884428 16.9
7.08414 2.75481 0.884365 17
7.12839 2.7597 0.884302 17.1
7.1737 2.76264 0.884239 17.2
7.21983 2.76351 0.884177 17.3
7.26657 2.76224 0.884114 17.4
7.31372 2.75876 0.884052 17.5
7.36109 2.75303 0.883989 17.6
7.4085 2.74502 0.883927 17.7
7.45578 2.73472 0.883864 17.8
7.46669 2.73042 0.883475 17.9
7.48327 2.72362 0.882964 18
7.50462 2.71488 0.882377 18.1
7.53004 2.70464 0.881746 18.2
7.5589 2.69324 0.881091 18.3
7.59067 2.68091 0.880427 18.4
7.6249 2.66782 0.879762 18.5
7.66118 2.65411 0.879101 18.6
7.6992 2.63988 0.878447 18.7
7.73867 2.62521 0.877802 18.8
7.77936 2.61017 0.877167 18.9
7.82106 2.59481 0.876542 19
7.86362 2.57919 0.875926 19.1
7.90689 2.56333 0.87532 19.2
7.95077 2.54728 0.874722 19.3
7.99514 2.53107 0.874133 19.4
8.03994 2.51471 0.87355 19.5
8.08508 2.49822 0.872975 19.6
8.13052 2.48163 0.872406 19.7
8.1762 2.46495 0.871842 19.8
8.22209 2.44818 0.871284 19.9
8.26815 2.43135 0.870731 20
8.31435 2.41446 0.870182 20.1
8.36067 2.39751 0.869638 20.2
8.40709 2.38052 0.869097 20.3
8.4536 2.36349 0.868559 20.4
8.50017 2.34643 0.868025 20.5
8.5468 2.32933 0.867494 20.6
8.59347 2.3122 0.866965 20.7
8.64019 2.29506 0.86644 20.8
8.68694 2.27788 0.865916 20.9
8.73371 2.26069 0.865395 21
8.78051 2.24349 0.864876 21.1
8.82732 2.22626 0.864359 21.2
8.87415 2.20903 0.863843 21.3
8.92099 2.19177 0.86333 21.4
8.96785 2.17451 0.862817 21.5
9.01471 2.15724 0.862307 21.6
9.06157 2.13996 0.861798 21.7
9.10844 2.12266 0.86129 21.8
9.15532 2.10536 0.860783 21.9
9.2022 2.08806 0.860278 22
9.24908 2.07074 0.859774 22.1
9.29596 2.05342 0.85927 22.2
9.34284 2.03609 0.858768 22.3
9.38973 2.01875 0.858267 22.4
9.43661 2.00141 0.857766 22.5
9.48349 1.98407 0.857267 22.6
9.53038 1.96672 0.856768 22.7
9.57726 1.94937 0.85627 22.8
9.62415 1.93201 0.855772 22.9
9.67103 1.91464 0.855275 23
9.71791 1.89728 0.854779 23.1
9.76479 1.87991 0.854283 23.2
9.81168 1.86253 0.853788 23.3
9.85856 1.84516 0.853294 23.4
9.90544 1.82778 0.852799 23.5
9.95232 1.8104 0.852306 23.6
9.99919 1.79301 0.851813 23.7
10.0461 1.77562 0.85132 23.8
10.0929 1.75823 0.850827 23.9
10.1398 1.74084 0.850335 24
10.1867 1.72344 0.849844 24.1
10.2336 1.70605 0.849352 24.2
10.2805 1.68865 0.848861 24.3
10.3273 1.67124 0.84837 24.4
10.3742 1.65384 0.84788 24.5
10.4211 1.63644 0.84739 24.6
10.4679 1.61903 0.8469 24.7
10.5148 1.60162 0.84641 24.8
10.5617 1.58421 0.84592 24.9
10.6086 1.5668 0.845431 25
10.6554 1.54939 0.844942 25.1
10.7023 1.53197 0.844453 25.2
10.7492 1.51456 0.843964 25.3
10.796 1.49714 0.843475 25.4
10.8429 1.47972 0.842987 25.5
10.8898 1.4623 0.842499 25.6
10.9366 1.44488 0.84201 25.7
10.9835 1.42746 0.841522 25.8
11.0304 1.41004 0.841034 25.9
11.0772 1.39262 0.840547 26
11.1241 1.3752 0.840059 26.1
11.171 1.35777 0.839571 26.2
11.2178 1.34035 0.839084 26.3
11.2647 1.32292 0.838596 26.4
11.3116 1.30549 0.838109 26.5
11.3584 1.28807 0.837622 26.6
11.4053 1.27064 0.837135 26.7
11.4522 1.25321 0.836648 26.8
11.499 1.23578 0.83616 26.9
11.5459 1.21835 0.835674 27
11.5927 1.20092 0.835187 27.1
11.6396 1.18349 0.8347 27.2
11.6865 1.16606 0.834213 27.3
11.7333 1.14863 0.833726 27.4
11.7802 1.13119 0.83324 27.5
11.8271 1.11376 0.832753 27.6
11.8739 1.09633 0.832267 27.7
11.9208 1.0789 0.83178 27.8
11.9676 1.06146 0.831294 27.9
12.0145 1.04403 0.830807 28
12.0614 1.02659 0.830321 28.1
12.1082 1.00916 0.829834 28.2
12.1551 0.991724 0.829348 28.3
12.202 0.974288 0.828862 28.4
12.2488 0.956853 0.828375 28.5
12.2957 0.939417 0.827889 28.6
12.3425 0.92198 0.827403 28.7
12.3894 0.904544 0.826917 28.8
12.4363 0.887107 0.82643 28.9
12.4831 0.869671 0.825944 29
12.53 0.852233 0.825458 29.1
12.5768 0.834796 0.824972 29.2
12.6237 0.817359 0.824486 29.3
12.6706 0.799921 0.824 29.4
12.7174 0.782483 0.823514 29.5
12.7643 0.765045 0.823028 29.6
12.8111 0.747607 0.822542 29.7
12.858 0.730169 0.822056 29.8
12.9049 0.71273 0.82157 29.9
12.9517 0.695292 0.821084 30
12.9986 0.677853 0.820598 30.1
13.0455 0.660414 0.820112 30.2
13.0923 0.642975 0.819626 30.3
13.1392 0.625536 0.81914 30.4
13.186 0.608097 0.818654 30.5
13.2329 0.590658 0.818168 30.6
13.2798 0.573219 0.817682 30.7
13.3266 0.555779 0.817196 30.8
13.3735 0.538339 0.81671 30.9
13.4203 0.5209 0.816224 31
13.4672 0.50346 0.815738 31.1
13.5141 0.48602 0.815252 31.2
13.5609 0.46858 0.814766 31.3
13.6078 0.451141 0.81428 31.4
13.6546 0.433701 0.813795 31.5
13.7015 0.41626 0.813309 31.6
13.7484 0.39882 0.812823 31.7
13.7952 0.38138 0.812337 31.8
13.8421 0.36394 0.811851 31.9
13.8889 0.3465 0.811365 32
13.9358 0.329059 0.810879 32.1
13.9826 0.311619 0.810394 32.2
14.0295 0.294178 0.809908 32.3
14.0764 0.276738 0.809422 32.4
14.1232 0.259297 0.808936 32.5
14.1701 0.241857 0.80845 32.6
14.2169 0.224416 0.807964 32.7
14.2638 0.206976 0.807478 32.8
14.3107 0.189535 0.806993 32.9
14.3575 0.172094 0.806507 33
14.4044 0.154653 0.806021 33.1
14.4512 0.137213 0.805535 33.2
14.4981 0.119772 0.805049 33.3
14.545 0.102331 0.804564 33.4
14.5555 0.0975436 0.804539 33.5
14.5717 0.0899936 0.804506 33.6
14.5926 0.080478 0.804468 33.7
14.6177 0.0697334 0.804427 33.8
14.6466 0.0584038 0.804383 33.9
14.6786 0.0470409 0.804339 34
14.7136 0.0361125 0.804294 34.1
14.751 0.0260122 0.80425 34.2
14.7906 0.0170687 0.804205 34.3
14.832 0.00955431 0.80416 34.4
14.8749 0.00369224 0.804116 34.5
