1386497158.905909687 -1.20757e-29 -2.79089e-29 0 -160.854 -3.04945e-30 -7.04778e-30  0 -0.708954 6
1386497159.039794206 -1.21014e-29 -2.79696e-29 0 -160.425 -1.91772e-31 -4.52743e-31  0 0.0559249 6
1386497159.103574662 -1.21045e-29 -2.79769e-29 0 -160.331 -4.83165e-32 -1.14619e-31  0 0.0257253 6
1386497159.234359418 -1.21049e-29 -2.79778e-29 0 -160.3 -3.08338e-33 -7.3358e-33  0 0.00413571 6
1386497159.364691389 -1.21049e-29 -2.79779e-29 0 -160.53 -1.98907e-34 -4.68198e-34  0 -0.0307997 6
1386497159.429676412 -1.21049e-29 -2.79779e-29 0 -160.594 -5.04324e-35 -1.18295e-34  0 -0.0171875 6
1386497159.560160889 3.18966e-11 1.39356e-11 0 177.007 2.44448e-10 1.06799e-10  0 45.1567 6
1386497159.625500763 -0.0125837 -0.00333908 0.266 177.123 -0.192588 -0.0511032  4.07102 0.0309847 6
1386497159.755863600 -0.0325169 -0.00889186 0.326 177.617 -0.152905 -0.0425948  0.460254 0.0661384 6
1386497159.820841054 -0.041191 -0.0109605 0.368 177.806 -0.133495 -0.0318364  0.646378 0.0507652 6
1386497159.950113899 -0.0467282 -0.0149476 0.48 177.895 -0.0428327 -0.0308427  0.866385 0.0120166 6
1386497160.016838848 -0.0494997 -0.0183145 0.537 177.9 -0.0415376 -0.0504585  0.854253 0.00130514 6
1386497160.152001197 -0.0582105 -0.0280472 0.652 177.961 -0.0644464 -0.0720078  0.850829 0.00787743 6
1386497160.213334489 -0.0638438 -0.0345251 0.677 177.936 -0.0918486 -0.105617  0.407609 -0.00711238 6
1386497160.342829757 -0.0771324 -0.0543312 0.714 177.878 -0.102618 -0.152948  0.285725 -0.00781702 6
1386497160.408833641 -0.0831376 -0.0645617 0.722 177.857 -0.090982 -0.154998  0.121205 -0.005556 6
1386497160.543241960 -0.0894765 -0.0834803 0.722 177.797 -0.0471618 -0.140755  0 -0.00779085 6
1386497160.603649307 -0.0914156 -0.0906507 0.719 177.825 -0.0321007 -0.118702  -0.0496628 0.00808991 6
1386497160.734454377 -0.0921452 -0.102174 0.702 177.865 -0.00557747 -0.0880916  -0.129964 0.00533833 6
1386497160.864602652 -0.0928772 -0.110074 0.692 177.96 -0.00562419 -0.0607065  -0.0768354 0.01274 6
1386497160.929859316 -0.0930771 -0.113684 0.687 177.972 -0.0030639 -0.0553216  -0.0766205 0.00320771 6
1386497161.060067643 -0.0945749 -0.120547 0.683 177.979 -0.0115034 -0.0527046  -0.03072 0.000938796 6
1386497161.125348039 -0.0957052 -0.12383 0.684 177.968 -0.0173139 -0.0502962  0.0153185 -0.00294137 6
1386497161.256631207 -0.0985774 -0.129263 0.689 178.024 -0.0218781 -0.0413797  0.0380856 0.00744482 6
1386497161.320899310 -0.0992918 -0.131749 0.693 178.018 -0.0111147 -0.0386822  0.0622393 -0.00162853 6
1386497161.451588332 -0.101495 -0.13552 0.699 178.04 -0.0168599 -0.0288568  0.0459105 0.00293645 6
1386497161.516540689 -0.102278 -0.137026 0.7 178.007 -0.0120501 -0.0231786  0.0153959 -0.00886458 6
1386497161.647283910 -0.103114 -0.138574 0.706 177.917 -0.00639648 -0.0118451  0.0458915 -0.0120139 6
1386497161.712427080 -0.103319 -0.138865 0.707 177.96 -0.00314196 -0.00446419  0.0153508 0.0115205 6
1386497161.842896939 -0.102661 -0.139821 0.708 177.981 0.00504337 -0.00732801  0.00766461 0.0028087 6
1386497161.908068679 -0.102307 -0.140177 0.709 177.965 0.00543198 -0.0054661  0.0153441 -0.00428661 6
1386497162.038229223 -0.103053 -0.139944 0.71 177.899 -0.00573536 0.00179433  0.00768282 -0.0088492 6
1386497162.107068274 -0.103295 -0.140228 0.713 177.87 -0.00351176 -0.00412952  0.0435799 -0.00735436 6
1386497162.234783479 -0.103484 -0.141417 0.716 177.812 -0.00147848 -0.00930462  0.0234898 -0.00792598 6
1386497162.364643804 -0.105224 -0.143362 0.713 177.913 -0.0134025 -0.0149834  -0.0231017 0.0135742 6
1386497162.429744018 -0.105783 -0.143857 0.711 177.873 -0.00858759 -0.00760328  -0.0307219 -0.0107222 6
1386497162.560324798 -0.107198 -0.145003 0.714 177.927 -0.0108335 -0.00877791  0.0229743 0.0072177 4
1386497162.626378682 0.723201 -0.468486 0.713 -0.0250092 0.0185904 0.00125324  -0.0151392 -47.0199 4
1386497162.755069487 0.726254 -0.46845 0.707 -0.0480042 0.0237263 0.000280072  -0.0466234 -0.00311863 4
1386497162.821100903 0.72801 -0.468633 0.707 -0.0420074 0.026595 -0.00276921  0 0.00158504 3
1386497162.952078083 0.729483 -0.46831 0.696 0.0180054 0.0112393 0.00246733  -0.0839841 0.00799698 3
1386497163.016776303 0.730351 -0.46817 0.692 0.0659943 0.0134226 0.00216752  -0.0618255 0.0129457 3
1386497163.147068651 0.733917 -0.465828 0.682 0.132996 0.0273691 0.0179731  -0.0767505 0.00897516 3
1386497163.212221412 0.736083 -0.463651 0.682 -0.0590057 0.0332521 0.0334086  0 -0.0514338 3
1386497163.341224961 0.74707 -0.457499 0.673 -0.487 0.0851635 0.0476914  -0.0697655 -0.0579046 3
1386497163.406996793 0.756088 -0.454039 0.67 -0.617996 0.137107 0.0526018  -0.0456122 -0.0347614 3
1386497163.538512692 0.793123 -0.447348 0.664 -0.826996 0.281603 0.0508745  -0.0456219 -0.0277361 3
1386497163.668714803 0.84925 -0.44211 0.66 -0.847 0.431076 0.0402331  -0.0307215 -0.00268153 3
1386497163.734216278 0.883087 -0.439736 0.66 -0.701996 0.516589 0.0362419  0 0.0386373 3
1386497163.864788470 0.96237 -0.437207 0.666 0.289001 0.607199 0.0193703  0.0459516 0.132464 3
1386497163.931060901 1.00289 -0.436001 0.67 0.974991 0.611371 0.0181954  0.0603569 0.18066 3
1386497164.058940441 1.08558 -0.434257 0.674 3.362 0.64662 0.0136389  0.0312794 0.325784 3
1386497164.125477549 1.12609 -0.431967 0.68 5.11 0.608821 0.0344138  0.0901752 0.458517 3
1386497164.255916818 1.19996 -0.42362 0.685 8.70999 0.566319 0.0639888  0.038332 0.481693 3
1386497164.321105527 1.23562 -0.417664 0.688 10.45 0.547056 0.0913723  0.0460202 0.46586 3
1386497164.451609516 1.29651 -0.400245 0.697 13.455 0.466591 0.133475  0.0689634 0.401882 3
1386497164.516653633 1.32539 -0.389842 0.702 14.784 0.444022 0.159939  0.0768709 0.356609 3
1386497164.647161972 1.37234 -0.364447 0.708 17.006 0.359773 0.194585  0.0459741 0.297155 3
1386497164.712427594 1.39627 -0.35064 0.709 18.014 0.366527 0.211547  0.015322 0.269558 3
1386497164.842795527 1.43736 -0.320174 0.714 19.513 0.315195 0.233695  0.038353 0.200683 3
1386497164.908096244 1.45794 -0.30465 0.716 20.207 0.315196 0.237727  0.0306275 0.185489 3
1386497165.040887605 1.50171 -0.272181 0.713 21.324 0.32961 0.244513  -0.0225918 0.146812 3
1386497165.168764201 1.54864 -0.239838 0.709 22.264 0.367009 0.252926  -0.0312802 0.128295 3
1386497165.234029929 1.57508 -0.222883 0.709 22.623 0.405146 0.259781  0 0.0960058 3
1386497165.364501360 1.63134 -0.188295 0.701 23.264 0.431182 0.265097  -0.0613161 0.085746 3
1386497165.429830746 1.6603 -0.171522 0.697 23.509 0.44335 0.256755  -0.0612282 0.0654566 3
1386497165.561223739 1.7207 -0.138711 0.688 23.894 0.459687 0.249717  -0.0684968 0.0511399 3
1386497165.625434874 1.75035 -0.123536 0.685 24.025 0.46169 0.236322  -0.0467209 0.0356063 3
1386497165.755754878 1.81044 -0.0956823 0.678 24.259 0.461117 0.213733  -0.0537139 0.03134 3
1386497165.820873544 1.84198 -0.0820446 0.675 24.336 0.484309 0.209429  -0.0460697 0.0206366 3
1386497165.951661554 1.90657 -0.058917 0.676 24.577 0.493848 0.176833  0.00764596 0.0321604 3
1386497166.015760914 1.93929 -0.0484678 0.675 24.816 0.510495 0.163015  -0.0156008 0.0650757 3
1386497166.146342037 2.00751 -0.0298406 0.674 25.271 0.52243 0.142649  -0.00765807 0.0608149 3
1386497166.212402719 2.04278 -0.0205007 0.673 25.629 0.533941 0.141383  -0.0151376 0.0945844 3
1386497166.342791301 2.11131 -0.00270171 0.677 26.242 0.525591 0.136507  0.0306775 0.0820546 3
1386497166.473635028 2.17855 0.0191733 0.679 26.89 0.513856 0.167185  0.0152854 0.0864363 3
1386497166.538488344 2.21053 0.0313546 0.68 27.125 0.493079 0.187828  0.0154194 0.0632432 3
1386497166.669128096 2.26873 0.0577897 0.685 27.61 0.445518 0.202351  0.0382732 0.0647954 3
1386497166.734418283 2.29639 0.0718246 0.684 27.79 0.423611 0.214962  -0.0153162 0.0481154 3
1386497166.864537356 2.3445 0.0973664 0.681 28.107 0.369788 0.196296  -0.0230558 0.0425204 3
1386497166.929729651 2.36766 0.110154 0.682 28.329 0.355264 0.196147  0.0153392 0.0594339 3
1386497167.060184212 2.41772 0.136384 0.681 28.516 0.38374 0.201072  -0.0076655 0.0250179 3
1386497167.125164044 2.44407 0.149173 0.68 28.563 0.405396 0.196805  -0.0153894 0.0126273 3
1386497167.255713282 2.50118 0.172793 0.678 28.593 0.437447 0.180931  -0.0153199 0.00401057 3
1386497167.320971475 2.53081 0.184728 0.676 28.617 0.454098 0.182893  -0.0306475 0.00641935 3
1386497167.451358997 2.59574 0.207404 0.676 28.84 0.497946 0.173911  0 0.029849 3
1386497167.516205622 2.62944 0.218549 0.677 29.062 0.51975 0.171864  0.015421 0.0597507 3
1386497167.647777812 2.69936 0.242626 0.683 29.55 0.531461 0.182996  0.0456023 0.064735 3
1386497167.777434929 2.76932 0.270653 0.684 30.298 0.539529 0.216165  0.00771265 0.100689 3
1386497167.841993218 2.804 0.286034 0.685 30.655 0.537148 0.238241  0.0154899 0.0965133 3
1386497167.977591953 2.87308 0.32422 0.686 31.411 0.509452 0.281611  0.0073747 0.0973065 3
1386497168.038715197 2.90229 0.341944 0.684 31.701 0.477934 0.28997  -0.0327208 0.0828098 3
1386497168.167814843 2.95989 0.382063 0.68 32.046 0.446204 0.310762  -0.0309838 0.0466415 3
1386497168.236658065 2.98869 0.403611 0.675 32.163 0.418264 0.313003  -0.0726288 0.0296594 3
1386497168.364630823 3.03718 0.444627 0.667 32.237 0.378891 0.320503  -0.0625133 0.010093 3
1386497168.427814038 3.06157 0.464994 0.662 32.173 0.386024 0.322358  -0.0791349 -0.0176776 3
1386497168.560464549 3.11099 0.509484 0.652 31.954 0.372595 0.335391  -0.0753861 -0.0288158 3
1386497168.627245590 3.13619 0.532446 0.646 31.782 0.377265 0.343837  -0.0898459 -0.0449516 3
1386497168.755632604 3.19203 0.578664 0.636 31.476 0.434965 0.359989  -0.0778895 -0.0415985 3
1386497168.822526945 3.2222 0.601781 0.632 31.299 0.451016 0.345574  -0.0597958 -0.0461813 3
1386497168.952953530 3.28897 0.647285 0.625 30.877 0.5119 0.348885  -0.05367 -0.0564704 3
1386497169.081950774 3.36374 0.68786 0.618 30.573 0.579675 0.31454  -0.0542647 -0.0411312 3
1386497169.147263546 3.40358 0.706418 0.616 30.492 0.609889 0.284148  -0.0306219 -0.0216436 3
1386497169.277618980 3.50092 0.733559 0.617 31.701 0.746763 0.208206  0.00767133 0.161873 3
1386497169.343172938 3.54598 0.720601 0.62 40.294 0.687403 -0.197671  0.0457638 2.28782 3
1386497169.472709607 3.58134 0.756449 0.622 53.178 0.272913 0.276746  0.0154396 1.73594 3
1386497169.538382193 3.59283 0.775151 0.622 58.822 0.174986 0.284776  0 1.49996 3
1386497169.670008752 3.59862 0.783148 0.622 67.514 0.044041 0.0607522  0 1.15253 3
1386497169.733934504 3.59809 0.79498 0.62 70.204 -0.00841429 0.185086  -0.0312863 0.734434 3
1386497169.864782586 3.66584 0.780188 0.617 71.577 0.517814 -0.113046  -0.0229274 0.183139 3
1386497169.929980513 3.70201 0.773604 0.615 70.472 0.554766 -0.100979  -0.0306758 -0.295804 3
1386497170.060059476 3.76895 0.767328 0.616 66.312 0.514598 -0.0482524  0.00768764 -0.558167 3
1386497170.125792442 3.80169 0.768365 0.618 64.023 0.498021 0.0157765  0.0304261 -0.607771 3
1386497170.255668562 3.86263 0.787226 0.62 60.212 0.469283 0.145223  0.0153993 -0.512138 3
1386497170.320426171 3.89213 0.800767 0.62 58.429 0.455505 0.209105  0 -0.480548 3
1386497170.460288318 3.95208 0.844625 0.622 55.669 0.428653 0.313578  0.0142998 -0.344419 3
1386497170.581831214 3.99822 0.885383 0.625 53.544 0.379556 0.335343  0.0246826 -0.305146 3
1386497170.647331009 4.02446 0.907974 0.622 52.764 0.400709 0.344903  -0.0458017 -0.207841 3
1386497170.777609458 4.07692 0.948065 0.622 50.974 0.402632 0.30773  0 -0.239804 3
1386497170.843040653 4.10478 0.966409 0.624 50.101 0.425876 0.280357  0.0305665 -0.232867 3
1386497170.973351094 4.16731 0.999404 0.626 47.745 0.479827 0.253206  0.015348 -0.315554 3
1386497171.038511429 4.1993 1.01462 0.627 46.416 0.490899 0.233558  0.0153468 -0.355973 3
1386497171.169107097 4.26494 1.03948 0.631 43.141 0.502654 0.190362  0.0306289 -0.437684 3
1386497171.233466480 4.29568 1.05116 0.636 41.292 0.477688 0.181377  0.0776887 -0.501421 3
1386497171.364676933 4.35469 1.07236 0.65 37.24 0.449708 0.161579  0.106699 -0.538985 3
1386497171.429082998 4.3827 1.08149 0.656 35.15 0.434896 0.14179  0.0931589 -0.566369 3
1386497171.560164199 4.43833 1.09859 0.666 30.807 0.424388 0.130457  0.0762886 -0.578265 3
1386497171.625355525 4.46451 1.09222 0.67 32.729 0.401546 -0.0977311  0.0613579 0.514569 3
1386497171.755815811 4.4688 1.07772 0.679 33.269 0.0329103 -0.111149  0.0689865 0.0722416 3
1386497171.886283438 4.47924 1.06757 0.69 32.805 0.0799858 -0.0777608  0.0843121 -0.0620722 3
1386497171.951333644 4.48548 1.06318 0.694 31.894 0.0959886 -0.0674643  0.061491 -0.244425 3
1386497172.082971139 4.51009 1.06199 0.697 29.881 0.186933 -0.00909226  0.0227899 -0.266896 3
1386497172.146147290 4.52605 1.06441 0.699 28.833 0.252668 0.0383087  0.0316575 -0.289526 3
1386497172.277519598 4.57127 1.07526 0.701 28.072 0.344243 0.0826079  0.0152239 -0.101102 3
1386497172.342632394 4.60245 1.08726 0.703 35.83 0.478868 0.184215  0.0307159 2.07951 3
1386497172.473092179 4.65653 1.10347 0.706 47.341 0.414539 0.124267  0.0229956 1.53998 3
1386497172.538553165 4.68755 1.11445 0.704 50.99 0.473771 0.167757  -0.0305525 0.972902 3
1386497172.668896304 4.81757 1.13083 0.716 55.624 0.997564 0.12568  0.0920647 0.620504 3
1386497172.734230843 4.87134 1.1373 0.714 57.539 0.822911 0.0990453  -0.0306117 0.511568 3
1386497172.863740307 4.93099 1.13576 0.696 64.097 0.460624 -0.0119186  -0.138986 0.883786 3
1386497172.931076955 4.94363 1.13359 0.683 66.72 0.187697 -0.0321159  -0.19306 0.679868 3
1386497173.061195077 4.9582 1.10939 0.653 70.891 0.111982 -0.186002  -0.23056 0.559474 3
1386497173.189670041 4.97067 1.07151 0.631 72.684 0.0970364 -0.29488  -0.17124 0.243579 3
1386497173.257439245 4.97855 1.05172 0.634 72.252 0.116314 -0.291934  0.0442679 -0.111257 3
1386497173.321019806 4.98854 1.03549 0.628 70.975 0.157122 -0.255376  -0.0943685 -0.350545 3
1386497173.452647153 5.00627 1.06131 0.632 72.807 0.134644 0.196206  0.0303888 0.242916 3
1386497173.583066952 5.0231 1.07091 0.637 75.882 0.129103 0.0736001  0.0383377 0.411508 3
1386497173.649129397 5.02799 1.07552 0.638 76.086 0.073941 0.0697237  0.0151372 0.0538962 3
1386497173.778584326 5.03389 1.09044 0.658 73.632 0.0455734 0.115242  0.154494 -0.330852 3
1386497173.841084950 5.03564 1.09842 0.659 71.392 0.0281044 0.127749  0.0159998 -0.625519 3
1386497173.973240441 5.03748 1.11705 0.677 66.442 0.0139041 0.140956  0.136203 -0.653728 3
1386497174.038434645 5.03862 1.12515 0.677 64.104 0.0174707 0.12422  0 -0.625913 3
1386497174.166803119 5.04369 1.14025 0.676 60.418 0.0395079 0.117659  -0.00779007 -0.501157 3
1386497174.235074607 5.04745 1.14577 0.707 59.284 0.0550181 0.0808298  0.454069 -0.289903 3
1386497174.369218166 5.05389 1.14961 0.715 58.417 0.048007 0.0286101  0.0596376 -0.112804 3
1386497174.495072262 5.06206 1.14261 0.719 59.499 0.0649552 -0.0555883  0.0317828 0.150051 3
1386497174.560607114 5.06358 1.13752 0.702 60.794 0.0232209 -0.077756  -0.259404 0.344885 3
1386497174.690447282 5.06728 1.12395 0.711 63.835 0.0284801 -0.104506  0.069316 0.408775 3
1386497174.756652094 5.07068 1.11807 0.722 65.487 0.0512919 -0.0887104  0.166151 0.43551 3
1386497174.886285214 5.07315 1.10614 0.703 68.666 0.0190741 -0.0920795  -0.146567 0.428008 3
1386497174.951559378 5.0742 1.10041 0.696 69.954 0.0160753 -0.0877721  -0.10724 0.34439 3
1386497175.082744303 5.07371 1.09092 0.678 71.788 -0.00370724 -0.0723395  -0.137211 0.244002 3
1386497175.148534732 5.07188 1.08656 0.67 72.443 -0.0278136 -0.0662063  -0.121598 0.173764 3
1386497175.278875888 5.06211 1.08448 0.64 73.102 -0.0750189 -0.0159491  -0.230165 0.0882427 3
1386497175.345283512 5.05922 1.08359 0.615 73.335 -0.0435205 -0.0134719  -0.376463 0.0612377 3
1386497175.474150739 5.05857 1.08318 0.571 73.946 -0.00498367 -0.00318811  -0.341437 0.0827516 3
1386497175.539466716 5.05735 1.08201 0.559 74.638 -0.0187138 -0.0179013  -0.183722 0.184912 3
1386497175.604380414 5.05817 1.07694 0.539 77.022 0.0126665 -0.0781457  -0.308101 0.640983 3
1386497175.734107187 5.06109 1.05314 0.509 81.19 0.0225031 -0.183461  -0.231255 0.560758 4
1386497175.864604780 5.05757 1.02205 0.502 84.565 -0.0270197 -0.238203  -0.0536408 0.451387 4
1386497175.928935544 5.06743 1.03535 0.487 85.454 0.153355 0.206726  -0.23317 0.241191 4
1386497176.060210080 5.07863 1.01483 0.504 86.334 0.0852669 -0.156307  0.1295 0.116999 4
1386497176.125264924 5.08583 1.00587 0.489 86.459 0.110772 -0.137752  -0.230575 0.0335357 4
1386497176.255582798 5.10693 0.998005 0.45 86.454 0.161889 -0.0603466  -0.299268 -0.000670297 4
1386497176.321890761 5.11862 0.997325 0.43 86.308 0.176374 -0.0102574  -0.301623 -0.0384285 4
1386497176.451911129 5.14456 1.01282 0.387 86.133 0.199506 0.119204  -0.330717 -0.0234915 8
1386497176.516732426 5.15873 1.02332 0.356 86.346 0.218499 0.161914  -0.478238 0.0573521 8
1386497176.649298044 5.1695 1.0508 0.276 86.602 0.081246 0.207324  -0.603475 0.033704 8
1386497176.720313236 5.17344 1.06799 0.236 86.386 0.0555679 0.241962  -0.56326 -0.0530849 8
1386497176.844205603 5.17828 1.05672 0.165 82.356 0.0390757 -0.0909748  -0.573078 -0.567726 8
1386497176.908455456 5.17467 1.05005 0.149 81.273 -0.0562185 -0.103717  -0.249028 -0.294194 8
1386497177.042816561 5.16715 1.04028 0.05 81.497 -0.0559805 -0.072698  -0.73682 0.0290981 8
1386497177.104005182 5.16733 1.04608 0 81.723 0.00296701 0.0947794  -0.817145 0.0644631 2
1386497177.233243040 5.12871 1.07921 0 80.866 -0.298872 0.25632  0 -0.115736 2
1386497177.299177039 5.12569 1.08335 0 80.867 -0.0456991 0.0628509  0 0.000264563 2
1386497177.429520518 5.12579 1.08355 0 80.874 0.000704247 0.00153856  0 0.000937823 2
1386497177.559963825 5.12554 1.08309 0 80.875 -0.00190601 -0.00354939  0 0.000133726 2
1386497177.626008330 5.12549 1.08291 0 80.88 -0.000736233 -0.002729  0 0.0013206 2
1386497177.755754053 5.12504 1.08259 0 80.88 -0.00345146 -0.00246155  0 0 2
1386497177.821478670 5.12481 1.08244 0 80.882 -0.00355602 -0.00229744  0 0.000530812 2
1386497177.951427797 5.12463 1.08236 0 80.887 -0.00135372 -0.000633824  0 0.000672199 2
1386497178.016994827 5.12468 1.08247 0 80.888 0.000757861 0.00165536  0 0.000266044 2
1386497178.150651403 5.12493 1.0828 0 80.89 0.0018583 0.00250973  0 0.000261023 2
1386497178.216112821 5.12489 1.08286 0 80.892 -0.000654252 0.000937273  0 0.000532946 2
1386497178.347050421 5.12497 1.08291 0 80.892 0.000636101 0.000332371  0 0 2
1386497178.408144744 5.12505 1.08292 0 80.894 0.00124541 0.000252651  0 0.000571042 2
1386497178.544415663 5.12507 1.08293 0 80.899 0.000154903 2.38939e-05  0 0.000640038 2
1386497178.603966616 5.1251 1.08296 0 80.902 0.000472649 0.000580924  0 0.000880998 2
1386497178.733828733 5.12519 1.08299 0 80.906 0.000755672 0.000220707  0 0.000537299 2
1386497178.864290157 5.12531 1.08307 0 80.91 0.00089124 0.0006547  0 0.000534831 2
1386497178.930554249 5.12539 1.08315 0 80.912 0.0012504 0.00114176  0 0.00052649 2
1386497179.060197998 5.12537 1.0831 0 80.917 -0.000169412 -0.000368769  0 0.000673782 2
1386497179.125362474 5.12534 1.08308 0 80.919 -0.00044096 -0.000386199  0 0.000535375 2
1386497179.256046398 5.12542 1.08304 0 80.923 0.000580855 -0.000273174  0 0.00053392 2
1386497179.321548244 5.12531 1.08309 0 80.923 -0.00156585 0.000672569  0 0 2
1386497179.451458651 5.12532 1.08312 0 80.927 2.09982e-05 0.000238988  0 0.0005371 2
1386497179.517126329 5.12535 1.08313 0 80.929 0.000549867 0.000211381  0 0.0005333 2
1386497179.647555722 5.12539 1.08317 0 80.935 0.000244097 0.000303784  0 0.000802444 2
1386497179.712389229 5.12537 1.0832 0 80.937 -0.000171402 0.000522942  0 0.000538108 2
1386497179.842655819 5.12534 1.08334 0 80.936 -0.00023831 0.00103087  0 -0.000133908 2
1386497179.910520661 5.12536 1.08326 0 80.94 0.000286624 -0.00121115  0 0.00102814 2
1386497180.039046330 5.1254 1.08328 0 80.945 0.000317748 0.000165244  0 0.000679644 2
1386497180.109628964 5.12541 1.0833 0 80.946 0.000146729 0.000291986  0 0.000247139 2
1386497180.233983840 5.12559 1.08336 0 80.946 0.00143783 0.000471992  0 0 2
1386497180.364422383 5.1256 1.08343 0 80.949 6.17139e-05 0.000561902  0 0.000401194 2
1386497180.429533494 5.12571 1.08347 0 80.952 0.00164875 0.00058382  0 0.00080372 2
1386497180.561456986 5.12572 1.08342 0 80.956 6.10163e-05 -0.000367482  0 0.000529913 2
1386497180.629482319 5.12575 1.08349 0 80.956 0.000537663 0.00106906  0 0 2
1386497180.755872578 5.12584 1.08339 0 80.961 0.000718698 -0.00078451  0 0.000690073 2
1386497180.832464931 5.12589 1.08339 0 80.963 0.000540374 -3.586e-05  0 0.000455495 2
1386497180.951647024 5.1259 1.08342 0 80.967 0.000166006 0.000249599  0 0.000585447 2
1386497181.016710799 5.12595 1.08345 0 80.967 0.000672313 0.00038644  0 0 2
1386497181.147080816 5.12605 1.08345 0 80.971 0.000808836 6.88885e-05  0 0.000536227 2
1386497181.212003304 5.12607 1.08343 0 80.972 0.000301464 -0.000408295  0 0.000268685 2
1386497181.343844640 5.126 1.08346 0 80.977 -0.000533898 0.000271752  0 0.000661542 2
1386497181.407171881 5.12599 1.08345 0 80.98 -0.00014665 -0.000240748  0 0.00082636 2
1386497181.538282678 5.1259 1.08352 0 80.984 -0.000684658 0.00052508  0 0.000533198 2
1386497181.603560049 5.12594 1.08357 0 80.985 0.000552255 0.0008117  0 0.000267224 2
1386497181.735184027 5.12595 1.08353 0 80.988 0.000103931 -0.000320932  0 0.00039758 2
1386497181.863228233 5.12344 1.07551 0 81.058 -0.0196299 -0.06262  0 0.00954143 2
1386497181.930267761 5.1082 1.07486 0 83.303 -0.227362 -0.00973256  0 0.584471 2
1386497182.060614677 5.07009 1.01779 0 95.407 -0.292343 -0.437837  0 1.62071 2
1386497182.125977006 5.06006 0.985911 0 98.622 -0.15349 -0.487671  0 0.858482 2
1386497182.255649698 5.05802 0.989398 0 101.625 -0.0157351 0.026886  0 0.404188 2
1386497182.321022844 5.05482 1.00223 0 101.933 -0.0488664 0.196342  0 0.0822293 2
1386497182.451350255 5.08107 1.0132 0 98.6 0.201411 0.084176  0 -0.446351 2
1386497182.517354736 5.07959 1.01651 0 95.859 -0.0224941 0.0500589  0 -0.724791 2
1386497182.647766711 5.04128 1.03021 0 88.525 -0.293757 0.105083  0 -0.981524 2
1386497182.711934377 5.03673 1.04882 0 83.452 -0.0708818 0.289981  0 -1.37983 2
1386497182.843459536 5.12126 1.09908 0 73.527 0.642699 0.382175  0 -1.31704 2
1386497182.908383131 5.16278 1.13677 0 69.001 0.639526 0.580381  0 -1.21672 2
1386497183.038660658 5.23687 1.16913 0 62.754 0.568715 0.248412  0 -0.836911 2
1386497183.103205228 5.2249 1.16799 0 60.865 -0.185541 -0.0176673  0 -0.510798 2
1386497183.233812704 5.1352 1.18642 0 51.916 -0.686742 0.141166  0 -1.19587 2
1386497183.298888622 5.09464 1.20007 0 44.91 -0.623322 0.209657  0 -1.879 2
1386497183.428982820 5.08991 1.26395 0 31.668 -0.0364046 0.491078  0 -1.77653 2
1386497183.560657033 5.09875 1.3256 0 20.945 0.0671607 0.468131  0 -1.42132 2
1386497183.625245636 5.10454 1.37144 0 15.398 0.0896785 0.709824  0 -1.49892 2
1386497183.754773308 5.07611 1.44816 0 6.039 -0.219478 0.592256  0 -1.26108 2
1386497183.820893857 5.06438 1.48545 0 3.295 -0.17738 0.564035  0 -0.724312 2
1386497183.951282496 4.95602 1.54403 0 -3.69 -0.831059 0.449247  0 -0.934984 2
1386497184.016562037 4.90854 1.57073 0 -6.34801 -0.727388 0.409011  0 -0.71065 2
1386497184.147031009 4.881 1.58944 0 -3.841 -0.211081 0.143448  0 0.335371 2
1386497184.211284700 4.85257 1.59271 0 -4.83 -0.442421 0.0508609  0 -0.268643 2
1386497184.340991339 4.77231 1.6515 0 -14.852 -0.618819 0.453273  0 -1.34856 2
1386497184.406300192 4.7287 1.67979 0 -15.25 -0.667798 0.433123  0 -0.106361 2
1386497184.538262920 4.64772 1.71414 0 -12.566 -0.613606 0.260302  0 0.354983 2
1386497184.603432219 4.60986 1.72926 0 -11.609 -0.581021 0.232013  0 0.256299 2
1386497184.734271371 4.52196 1.7419 0 -10.074 -0.67182 0.0966  0 0.204762 2
1386497184.864279990 4.42727 1.74182 0 -3.912 -0.728296 -0.000588271  0 0.827232 2
1386497184.929692225 4.38475 1.75226 0 -4.242 -0.65 0.159509  0 -0.0880511 2
1386497185.060493805 4.32883 1.74803 0 -4.168 -0.427573 -0.032331  0 0.00987475 2
1386497185.125077006 4.36854 1.73053 0 -0.932999 0.614958 -0.270908  0 0.874243 2
1386497185.256233157 4.3737 1.682 0 1.48799 0.0393314 -0.370058  0 0.322167 2
1386497185.320843246 4.32528 1.67051 0 0.837006 -0.749386 -0.177836  0 -0.175852 2
1386497185.451360496 4.1836 1.67519 0 -1.082 -1.08553 0.0358641  0 -0.256617 2
1386497185.516442676 4.11716 1.68231 0 -3.142 -1.02085 0.10938  0 -0.552436 2
1386497185.646853511 4.00323 1.69768 0 -5.99901 -0.873686 0.117922  0 -0.382363 2
1386497185.712197394 3.95343 1.7043 0 -5.918 -0.76202 0.101289  0 0.0216374 2
1386497185.842753878 3.89644 1.71184 0 -4.157 -0.436575 0.0577609  0 0.235417 2
1386497185.907736640 3.86617 1.71482 0 -3.02901 -0.465767 0.0458507  0 0.30296 2
1386497186.038311460 3.8098 1.71491 0 1.23199 -0.431662 0.000674178  0 0.569547 2
1386497186.103484777 3.78559 1.71255 0 1.269 -0.371517 -0.0361974  0 0.00990922 2
1386497186.234167125 3.75275 1.73941 0 0.751999 -0.251289 0.205513  0 -0.0690478 2
1386497186.364374792 3.69732 1.71698 0 1.13899 -0.425714 -0.172233  0 0.0518734 2
1386497186.429524614 3.66224 1.70248 0 1.061 -0.538473 -0.222541  0 -0.0208925 2
1386497186.559993515 3.58413 1.69572 0 -2.19101 -0.598658 -0.0518515  0 -0.435034 2
1386497186.627009732 3.54383 1.69436 0 -3.88 -0.601395 -0.0202636  0 -0.439872 2
1386497186.755970421 3.47985 1.69452 0 -6.347 -0.496118 0.00125255  0 -0.333878 2
1386497186.820919434 3.45114 1.69538 0 -6.08501 -0.442101 0.013269  0 0.0704037 2
1386497186.951387304 3.4055 1.69697 0 -4.798 -0.349808 0.0121774  0 0.172168 2
1386497187.016902273 3.3821 1.69727 0 -4.71201 -0.357069 0.00445838  0 0.0229101 2
1386497187.146982797 3.34326 1.69765 0 -3.7 -0.298628 0.00293726  0 0.135784 2
1386497187.212042288 3.32612 1.69647 0 -3.125 -0.263382 -0.0180381  0 0.154253 2
1386497187.342754557 3.30348 1.68739 0 -5.59401 -0.173232 -0.0694973  0 -0.329673 2
1386497187.408147737 3.29538 1.68181 0 -6.132 -0.123904 -0.0853215  0 -0.143589 2
1386497187.541511827 3.27712 1.67317 0 -7.224 -0.136861 -0.0647599  0 -0.142909 2
1386497187.603905838 3.26981 1.67108 0 -8.008 -0.117192 -0.0335188  0 -0.219305 2
1386497187.672062132 3.26481 1.67158 0 -8.35901 -0.073367 0.00731974  0 -0.0898866 2
1386497189.055701794 3.08761 1.74631 0 -18.59 -0.128073 0.0540103  0 -0.129054 2
1386497189.162975177 3.07856 1.71516 0 -15.329 -0.0843665 -0.290377  0 0.530562 2
1386497189.234128467 3.0639 1.72445 0 -16.674 -0.20593 0.13051  0 -0.329917 2
1386497189.313439043 3.06073 1.7295 0 -16.642 -0.0399987 0.0637048  0 0.00704149 2
1386497189.428620332 3.06567 1.73066 0 -16.377 0.0429083 0.0100888  0 0.0401551 2
1386497189.559937764 3.12212 1.75693 0 -15.368 0.42987 0.200032  0 0.134106 2
1386497189.625195225 3.14534 1.77539 0 -15.225 0.35578 0.282808  0 0.0382431 2
1386497189.760943129 3.18296 1.80254 0 -15.909 0.277166 0.200015  0 -0.0879416 2
1386497189.820612630 3.197 1.80913 0 -16.314 0.235241 0.110454  0 -0.118462 2
1386497189.951122448 3.23403 1.84191 0 -16.161 0.283753 0.251172  0 0.0204609 2
1386497190.016502566 3.23852 1.84522 0 -16.135 0.0685705 0.0506467  0 0.00694099 2
1386497190.147527437 3.23948 1.84493 0 -16.026 0.00733221 -0.00219522  0 0.0145186 2
1386497190.212600195 3.24253 1.84521 0 -15.927 0.0469522 0.00432922  0 0.0265527 2
1386497190.342400577 3.25601 1.84842 0 -15.754 0.103853 0.0247254  0 0.0232626 2
1386497190.407712833 3.26624 1.85282 0 -15.576 0.156582 0.06733  0 0.047565 2
1386497190.538201099 3.31734 1.91257 0 -15.759 0.39164 0.457864  0 -0.0244768 2
1386497190.603278859 3.34889 1.95138 0 -15.954 0.484721 0.596389  0 -0.0522952 2
1386497190.743995212 3.39717 1.99529 0 -15.294 0.343095 0.31208  0 0.0818595 2
1386497190.865103324 3.40185 1.99851 0 -15.202 0.0386647 0.0265762  0 0.0132599 2
1386497190.929370314 3.40193 1.9985 0 -15.257 0.00119292 -0.000124948  0 -0.0149388 2
1386497191.062323794 3.40139 1.99924 0 -15.396 -0.00405126 0.00553166  0 -0.018246 2
1386497191.124623997 3.40154 1.9993 0 -15.371 0.00247616 0.000980484  0 0.007002 2
1386497191.258787789 3.39601 1.99758 0 -15.136 -0.041224 -0.0128211  0 0.0305711 2
1386497191.320634369 3.39553 1.99736 0 -15.129 -0.00772116 -0.00355732  0 0.00197649 2
1386497191.451089409 3.39561 1.99736 0 -15.121 0.000547176 8.60681e-06  0 0.00106971 2
1386497191.517610252 3.39565 1.99733 0 -15.122 0.000666862 -0.000521057  0 -0.000264231 2
1386497191.646644722 3.39582 1.99738 0 -15.12 0.00128864 0.000396216  0 0.000272437 2
1386497191.724244392 3.39579 1.99742 0 -15.118 -0.00034259 0.000522652  0 0.000449582 2
1386497191.842343388 3.39572 1.99752 0 -15.131 -0.000545109 0.000852102  0 -0.00192128 2
1386497191.907505226 3.39578 1.99736 0 -15.124 0.000795374 -0.00248429  0 0.00187184 2
1386497192.038531558 3.39581 1.99727 0 -15.121 0.000289387 -0.000649424  0 0.00040041 2
1386497192.103226841 3.39585 1.99724 0 -15.12 0.000601511 -0.000547853  0 0.000271687 2
1386497192.243959417 3.39592 1.99719 0 -15.117 0.000447436 -0.000360339  0 0.000370902 2
1386497192.363735961 3.39598 1.99718 0 -15.117 0.000542719 -4.44933e-05  0 0 2
1386497192.429357277 3.39601 1.99718 0 -15.118 0.000363594 -4.94886e-05  0 -0.000263795 2
1386497192.558661438 3.39581 1.99712 0 -15.105 -0.0015181 -0.000473586  0 0.00175479 2
1386497192.624764084 3.39585 1.99703 0 -15.069 0.000602176 -0.00133921  0 0.009504 2
1386497192.755608306 3.39559 1.99682 0 -15.019 -0.00195275 -0.00161588  0 0.0066699 2
1386497192.820676562 3.39597 1.99714 0 -15.078 0.00576425 0.00504193  0 -0.0158271 2
1386497192.950387805 3.39599 1.997 0 -15.084 0.000198253 -0.0011116  0 -0.000806886 2
1386497193.022081294 3.39602 1.99708 0 -15.083 0.000339421 0.00110228  0 0.000241452 2
1386497193.147929649 3.39607 1.99709 0 -15.086 0.000389696 0.000125799  0 -0.000414769 2
1386497193.228670045 3.39611 1.997 0 -15.084 0.000587407 -0.00111713  0 0.000432094 2
1386497193.341463338 3.39609 1.99708 0 -15.081 -0.000210956 0.000680639  0 0.000462775 2
1386497193.407592276 3.39604 1.99709 0 -15.082 -0.000822908 0.000146605  0 -0.00026177 2
1386497193.537952623 3.39627 1.99684 0 -15.082 0.00178285 -0.00192121  0 0 2
1386497193.604171154 3.39626 1.99683 0 -15.083 -8.65664e-05 -8.94084e-05  0 -0.000265437 2
1386497193.734801345 3.39644 1.99689 0 -15.082 0.00135081 0.000409762  0 0.000134554 2
1386497193.863977814 3.39667 1.99692 0 -15.079 0.00181065 0.000276171  0 0.000406144 2
1386497193.930554589 3.39676 1.99697 0 -15.078 0.00124856 0.000764397  0 0.000260009 2
1386497194.059706926 3.39672 1.99688 0 -15.078 -0.000282221 -0.000720503  0 0 2
1386497194.124884437 3.39668 1.9969 0 -15.077 -0.000548162 0.000333546  0 0.000269677 2
1386497194.255270911 3.39689 1.99685 0 -15.078 0.00158444 -0.000392745  0 -0.000134806 2
1386497194.320936438 3.39697 1.99683 0 -15.079 0.00116294 -0.000297008  0 -0.000263617 2
1386497194.451445208 3.39709 1.99687 0 -15.078 0.000966349 0.000277829  0 0.000132639 2
1386497194.516321470 3.39718 1.99682 0 -15.078 0.00136322 -0.000757965  0 0 2
1386497194.581416639 3.39721 1.99677 0 -15.078 0.000386184 -0.000755551  0 0 2
1386497194.711884276 3.39732 1.99674 0 -15.075 0.000876239 -0.000205561  0 0.000402125 2
1386497194.842523243 3.39717 1.99647 0 -15.075 -0.00116949 -0.00208007  0 0 2
1386497194.907546559 3.39721 1.99643 0 -15.075 0.000617493 -0.00064887  0 0 2
1386497195.037950126 3.39722 1.99625 0 -15.071 0.000105218 -0.00140639  0 0.000535068 2
1386497195.102532306 3.39736 1.99625 0 -15.07 0.00214313 6.14583e-05  0 0.000268039 2
1386497195.233652097 3.3973 1.99621 0 -15.069 -0.000440253 -0.000345194  0 0.000134052 2
1386497195.364606182 3.39723 1.9963 0 -15.068 -0.000550046 0.000719489  0 0.000132188 2
1386497195.429299091 3.39729 1.99633 0 -15.068 0.000966023 0.000517788  0 0 2
1386497195.559726824 3.39728 1.99632 0 -15.065 -0.000140293 -9.21655e-05  0 0.000402248 2
1386497195.623255203 3.39734 1.99637 0 -15.067 0.000984315 0.000755778  0 -0.000549163 2
1386497195.755315788 3.39735 1.99646 0 -15.065 6.96413e-05 0.000725216  0 0.000264177 2
1386497195.820528540 3.3974 1.99646 0 -15.066 0.000734792 -4.38572e-05  0 -0.000269531 2
1386497195.950920029 3.3974 1.9965 0 -15.065 6.43333e-05 0.000257328  0 0.000134801 2
1386497196.016256690 3.3974 1.99651 0 -15.065 -5.22502e-05 0.000297336  0 0 2
1386497196.146612858 3.3976 1.99636 0 -15.065 0.00151693 -0.00117659  0 0 2
1386497196.212004823 3.39754 1.9963 0 -15.064 -0.000944862 -0.000868349  0 0.000268792 2
1386497196.342220444 3.3977 1.9964 0 -15.065 0.00129094 0.000702714  0 -0.000134983 2
1386497196.407257108 3.39774 1.99637 0 -15.064 0.000556124 -0.000384035  0 0.000270261 2
1386497196.537855630 3.39786 1.99642 0 -15.064 0.000947075 0.000398152  0 0 2
1386497196.604995592 3.39789 1.99642 0 -15.064 0.000317977 -0.000103206  0 0 2
1386497196.735590873 3.39791 1.99644 0 -15.061 0.000217054 0.000213844  0 0.000399693 2
1386497196.863995873 3.39791 1.99652 0 -15.06 -2.45923e-05 0.000565128  0 0.000136886 2
1386497196.929539919 3.39791 1.99657 0 -15.058 -5.4394e-05 0.000816372  0 0.000532274 2
1386497197.058840492 3.39805 1.99674 0 -15.058 0.00112375 0.00127472  0 0 2
1386497197.124143960 3.39816 1.99672 0 -15.056 0.00159376 -0.000250757  0 0.000534235 2
1386497197.256139165 3.39818 1.9968 0 -15.057 0.000164972 0.000594263  0 -0.000133163 2
1386497197.320658743 3.39824 1.99679 0 -15.057 0.000930926 -0.000154493  0 0 2
1386497197.449904124 3.39827 1.99671 0 -15.056 0.000242313 -0.000611957  0 0.000135996 2
1386497197.516238915 3.39836 1.99671 0 -15.057 0.00136546 3.61018e-05  0 -0.000264972 2
