1385798766.427683336 1.18702e-28 1.1138e-28 0 -2.365 3.04536e-29 2.85752e-29  0 -0.0105899 6
1385798766.498211928 1.19189e-28 1.1184e-28 0 -2.21 6.9117e-30 6.5223e-30  0 0.0383569 6
1385798766.572674971 1.19305e-28 1.11952e-28 0 -1.659 1.55847e-30 1.50029e-30  0 0.129148 6
1385798766.638510974 1.19328e-28 1.11975e-28 0 -1.12 3.51607e-31 3.45095e-31  0 0.14289 6
1385798766.705488036 1.19336e-28 1.11982e-28 0 -0.857 1.14292e-31 1.13272e-31  0 0.0685342 6
1385798766.774913312 1.19338e-28 1.11984e-28 0 -0.555 2.53127e-32 2.5346e-32  0 0.0759218 6
1385798766.847021085 1.19338e-28 1.11984e-28 0 -0.201 6.35649e-33 6.43938e-33  0 0.0856838 6
1385798766.909349538 -2.00803e-12 -7.15819e-12 0 164.33 -3.2217e-11 -1.14846e-10  0 46.0722 6
1385798766.974722406 1.30361e-11 -1.12792e-11 0 164.59 2.30128e-10 -6.30384e-11  0 0.0694135 6
1385798767.042579665 9.57824e-13 -2.47798e-11 0 164.72 -1.77995e-10 -1.98955e-10  0 0.033438 6
1385798767.108262110 -0.0038393 -0.0100848 0.243 164.755 -0.0584525 -0.153539  3.69962 0.00930125 6
1385798767.176487726 -0.0078712 -0.0179197 0.257 164.786 -0.0590965 -0.114838  0.205202 0.00792793 6
1385798767.241376441 -0.011384 -0.028345 0.266 164.908 -0.0541363 -0.160665  0.138699 0.0328172 6
1385798767.305475305 -0.0142759 -0.0391649 0.296 164.99 -0.0451157 -0.1688  0.468027 0.0223277 6
1385798767.370572395 -0.0165098 -0.0466852 0.352 165.012 -0.0343168 -0.115525  0.860254 0.00589522 6
1385798767.435729615 -0.0198007 -0.0589783 0.417 165.07 -0.0505063 -0.188668  0.997587 0.0155399 6
1385798767.501086616 -0.0215718 -0.0673001 0.488 165.111 -0.0270997 -0.127328  1.08634 0.0109449 6
1385798767.568654034 -0.0240539 -0.0761942 0.563 165.106 -0.0367348 -0.131633  1.11 -0.00128887 6
1385798767.636156981 -0.0275683 -0.0856551 0.628 165.118 -0.0520628 -0.140155  0.962921 0.00310097 6
1385798767.735233497 -0.0340099 -0.0990789 0.672 165.067 -0.0650161 -0.135489  0.444101 -0.00898324 6
1385798767.771096270 -0.037 -0.103173 0.7 165.021 -0.0833779 -0.114157  0.780754 -0.0223893 6
1385798767.831480422 -0.0423324 -0.108107 0.71 164.967 -0.0883074 -0.0817183  0.165606 -0.0156083 6
1385798767.896920897 -0.0468952 -0.11043 0.715 164.973 -0.0697246 -0.0354945  0.0764053 0.00160342 6
1385798767.962236084 -0.050165 -0.111488 0.709 165 -0.050062 -0.0161891  -0.0918622 0.00721292 6
1385798768.027523614 -0.0518863 -0.112667 0.699 165.006 -0.0263648 -0.0180669  -0.153169 0.0016031 6
1385798768.093257082 -0.0524851 -0.113911 0.691 165.062 -0.00910923 -0.0189231  -0.121704 0.0148688 6
1385798768.157067143 -0.0532298 -0.114996 0.677 165.126 -0.0116712 -0.0170096  -0.219401 0.0175081 6
1385798768.223063997 -0.0536697 -0.115842 0.665 165.085 -0.00666481 -0.0128193  -0.181827 -0.0108428 6
1385798768.288191742 -0.054498 -0.11701 0.66 165.044 -0.012719 -0.0179216  -0.0767722 -0.0109875 6
1385798768.353409298 -0.0551326 -0.11838 0.654 165.079 -0.00973038 -0.021017  -0.0919998 0.00936347 6
1385798768.418868064 -0.0558986 -0.119748 0.652 165.111 -0.0117012 -0.020898  -0.0305536 0.00853155 6
1385798768.483767935 -0.0565399 -0.12103 0.65 165.14 -0.00988101 -0.019745  -0.0308167 0.00780074 6
1385798768.549059626 -0.056904 -0.122768 0.652 165.169 -0.00557777 -0.0266185  0.0306318 0.00775393 6
1385798768.618082356 -0.0579472 -0.12389 0.655 165.215 -0.0151131 -0.0162607  0.0434639 0.0116292 6
1385798768.679271779 -0.0588164 -0.125323 0.662 165.317 -0.0142058 -0.0234135  0.114399 0.0290953 6
1385798768.744779146 -0.0600003 -0.127431 0.662 165.464 -0.0180717 -0.0321898  0 0.0391664 6
1385798768.808535576 -0.061303 -0.12943 0.666 165.492 -0.020433 -0.0313442  0.0627388 0.00766495 6
1385798768.874740610 -0.0627692 -0.132104 0.67 165.548 -0.0221466 -0.0403957  0.0604184 0.0147629 6
1385798768.939895177 -0.0639685 -0.134798 0.672 165.6 -0.0184069 -0.0413399  0.0306962 0.01393 6
1385798769.005101308 -0.0655203 -0.137512 0.674 165.675 -0.0237987 -0.041631  0.030672 0.0200739 6
1385798769.070348389 -0.0676985 -0.139964 0.677 165.668 -0.0333836 -0.0375724  0.0459791 -0.00187348 6
1385798769.135670121 -0.0704845 -0.142594 0.68 165.791 -0.0426499 -0.0402613  0.0459265 0.0328646 6
1385798769.200568011 -0.0732118 -0.145392 0.683 165.863 -0.0420243 -0.0431217  0.0462265 0.019365 6
1385798769.266187656 -0.0760072 -0.148746 0.685 165.922 -0.0426008 -0.0511118  0.0304787 0.0156901 6
1385798769.330935024 -0.0784567 -0.152207 0.684 166.047 -0.0378309 -0.053454  -0.0154446 0.033695 6
1385798769.394919303 -0.0802179 -0.155467 0.686 166.087 -0.0275263 -0.0509454  0.0312577 0.0109133 6
1385798769.461224864 -0.0820122 -0.158285 0.685 166.126 -0.0270612 -0.0425063  -0.0150817 0.0102662 6
1385798769.526804859 -0.0832501 -0.161178 0.685 166.159 -0.0188761 -0.0441038  0 0.00877974 6
1385798769.592302859 -0.0852401 -0.163584 0.689 166.138 -0.0303822 -0.0367443  0.0610706 -0.00559484 6
1385798769.656841008 -0.0869074 -0.166108 0.69 166.147 -0.0258346 -0.0391031  0.0154947 0.00243463 6
1385798769.721991853 -0.0883398 -0.168987 0.686 166.197 -0.0219863 -0.0441942  -0.061396 0.0133953 6
1385798769.787300527 -0.0895267 -0.172147 0.686 166.223 -0.0181728 -0.0483791  0 0.00694858 6
1385798769.852402902 -0.091045 -0.176746 0.688 166.209 -0.0233222 -0.0706499  0.0307208 -0.00375529 6
1385798769.917892432 -0.0926987 -0.181417 0.687 166.193 -0.0252514 -0.0713234  -0.0152696 -0.00426581 4
1385798769.982552898 0.133663 0.159425 0.685 0.0320129 0.00537002 0.0830858  -0.0309308 -44.8505 3
1385798770.178510908 0.130312 0.185191 0.676 0.0270081 -0.0170988 0.131491  -0.0459282 -0.000445767 3
1385798770.308692322 0.12983 0.207248 0.669 0.0400085 -0.00370319 0.16943  -0.0537711 0.00174296 3
1385798770.373845329 0.130506 0.220104 0.668 0.153 0.0103645 0.197316  -0.0153485 0.0302683 3
1385798770.504235296 0.137267 0.249695 0.663 0.158005 0.0518526 0.226946  -0.0383465 0.000669926 3
1385798770.569634850 0.143664 0.263987 0.662 0.222 0.0978266 0.218523  -0.0152906 0.0170786 3
1385798770.700225417 0.178073 0.289995 0.66 0.108002 0.263481 0.199159  -0.015315 -0.0152358 3
1385798770.764989496 0.200013 0.300292 0.661 -0.019989 0.33877 0.158989  0.0154407 -0.0344923 3
1385798770.895307005 0.265021 0.315153 0.666 -0.459 0.498849 0.114038  0.0383678 -0.0587962 3
1385798770.960583092 0.301438 0.320508 0.67 -0.747986 0.557886 0.0820445  0.0612782 -0.0772681 3
1385798771.090834723 0.382052 0.320839 0.682 -1.28999 0.618909 0.00253793  0.0921294 -0.0726272 3
1385798771.221554226 0.467403 0.313086 0.697 -1.674 0.652933 -0.0593091  0.11475 -0.0512709 3
1385798771.286358802 0.50857 0.307399 0.704 -1.82999 0.635248 -0.0877538  0.108017 -0.0420117 3
1385798771.416704405 0.586506 0.287785 0.719 -1.918 0.597916 -0.150476  0.115079 -0.0117849 3
1385798771.482479920 0.62375 0.276877 0.722 -1.90399 0.56624 -0.165835  0.0456097 0.00371686 3
1385798771.612276263 0.688724 0.2544 0.734 -1.528 0.500578 -0.173175  0.0924525 0.0505584 3
1385798771.677619929 0.719472 0.24372 0.74 -1.366 0.470567 -0.163439  0.0918222 0.0432709 3
1385798771.807769942 0.775693 0.224362 0.751 -0.910995 0.43197 -0.148736  0.0845179 0.0610164 3
1385798771.873079319 0.804264 0.215167 0.756 -0.694992 0.437466 -0.14079  0.0765587 0.0577248 3
1385798772.004236349 0.862224 0.200086 0.767 -0.104996 0.441915 -0.114986  0.0838689 0.0785118 3
1385798772.069484575 0.892114 0.193054 0.773 0.219009 0.458092 -0.10777  0.0919565 0.0866684 3
1385798772.198947345 0.954552 0.1828 0.787 0.988007 0.482289 -0.0792065  0.108139 0.103671 3
1385798772.264031384 0.988166 0.177911 0.793 1.403 0.516465 -0.0751155  0.0921885 0.111287 3
1385798772.394469893 1.06128 0.169551 0.805 2.214 0.560555 -0.0640938  0.0919974 0.108516 3
1385798772.524718761 1.13594 0.16403 0.822 3.007 0.5732 -0.0423862  0.130519 0.106262 3
1385798772.589847741 1.17383 0.161858 0.829 3.33101 0.581726 -0.0333498  0.107479 0.086827 3
1385798772.720452704 1.25011 0.159478 0.84 4.03401 0.584065 -0.0182237  0.0842234 0.0939452 3
1385798772.785641361 1.28868 0.158269 0.845 4.32201 0.591655 -0.0185469  0.0767005 0.0771062 3
1385798772.916675946 1.36254 0.155182 0.849 4.98201 0.563659 -0.0235552  0.0305263 0.0879099 3
1385798772.981114804 1.39582 0.153177 0.851 5.298 0.516441 -0.0311183  0.0310372 0.0855872 3
1385798773.111475555 1.45759 0.146747 0.855 6.06201 0.473866 -0.0493234  0.0306841 0.102289 3
1385798773.176668145 1.48803 0.143982 0.859 6.472 0.466922 -0.0424224  0.0613567 0.109762 3
1385798773.307235575 1.54733 0.138918 0.862 7.25301 0.454158 -0.0387844  0.0229766 0.104399 3
1385798773.372197460 1.57611 0.137343 0.862 7.70801 0.443037 -0.024233  0 0.122245 3
1385798773.502483470 1.63701 0.139294 0.865 8.54201 0.467404 0.0149685  0.0230263 0.111724 3
1385798773.567648887 1.66761 0.140752 0.866 8.925 0.469609 0.0223851  0.0153456 0.102578 3
1385798773.698048974 1.73596 0.150323 0.865 9.54901 0.524164 0.0733948  -0.00766871 0.0835199 3
1385798773.828434025 1.80621 0.164346 0.857 10.078 0.538791 0.107553  -0.0613567 0.0708106 3
1385798773.893471907 1.84178 0.172049 0.852 10.398 0.546965 0.118428  -0.0768783 0.0858758 3
1385798774.023470540 1.91053 0.187079 0.842 10.632 0.528811 0.115621  -0.0769239 0.0314154 3
1385798774.089083830 1.94571 0.194301 0.836 10.76 0.536231 0.110064  -0.0914449 0.0340499 3
1385798774.219441745 2.01656 0.204485 0.831 10.997 0.543467 0.0781228  -0.0383559 0.0317313 3
1385798774.284562732 2.04917 0.207987 0.826 11.108 0.500767 0.0537781  -0.0767802 0.0297475 3
1385798774.415061079 2.10947 0.211033 0.825 11.393 0.462065 0.023342  -0.00766293 0.0381174 3
1385798774.480218169 2.13933 0.211734 0.823 11.571 0.458267 0.0107633  -0.030695 0.0476824 3
1385798774.610322984 2.19527 0.213435 0.825 11.932 0.429997 0.0130743  0.0153722 0.0484264 3
1385798774.674955792 2.22245 0.214372 0.825 12.099 0.420495 0.0144997  0 0.0450983 3
1385798774.806153415 2.28001 0.22009 0.829 12.517 0.438713 0.0435801  0.0304884 0.0556067 3
1385798774.871166534 2.30918 0.223486 0.833 12.711 0.448678 0.0522305  0.061526 0.0520809 3
1385798775.001916365 2.37505 0.236013 0.841 13.011 0.503852 0.0958124  0.0611855 0.0400442 3
1385798775.132049153 2.44525 0.254596 0.841 13.229 0.539391 0.142796  0 0.0292383 3
1385798775.197115345 2.48143 0.26543 0.841 13.327 0.556109 0.166515  0 0.0262894 3
1385798775.327738547 2.55603 0.288851 0.845 13.33 0.571135 0.1793  0.0306224 0.000399607 3
1385798775.392814590 2.59361 0.301465 0.842 13.291 0.577412 0.193833  -0.0460999 -0.0104601 3
1385798775.522314358 2.66603 0.326382 0.837 13.031 0.559228 0.192415  -0.0386101 -0.0350407 3
1385798775.587624926 2.70139 0.338862 0.836 12.87 0.541352 0.191083  -0.0153115 -0.0430237 3
1385798775.718763330 2.76748 0.361317 0.83 12.422 0.504009 0.17123  -0.0457532 -0.0596243 3
1385798775.786486010 2.79914 0.371792 0.823 12.244 0.467481 0.154676  -0.103363 -0.045876 3
1385798775.913416483 2.85389 0.38576 0.816 11.846 0.431311 0.110042  -0.0551483 -0.0547254 3
1385798775.977485496 2.8823 0.391703 0.813 11.673 0.44354 0.0927544  -0.0468245 -0.0471287 3
1385798776.109742391 2.94154 0.39829 0.807 11.359 0.447855 0.0498054  -0.0453663 -0.0414364 3
1385798776.174976217 2.97137 0.40031 0.804 11.146 0.457334 0.0309764  -0.0459884 -0.0569874 3
1385798776.305254411 3.0349 0.399144 0.8 10.855 0.487638 -0.00894944  -0.0307035 -0.0389851 3
1385798776.434041606 3.10212 0.398692 0.797 10.623 0.521982 -0.00351143  -0.0232942 -0.0314421 3
1385798776.500849084 3.13928 0.399897 0.795 10.541 0.556207 0.0180335  -0.0299368 -0.0214225 3
1385798776.629666429 3.21593 0.406952 0.796 10.463 0.595014 0.0547655  0.00776293 -0.0105664 3
1385798776.696335644 3.25616 0.411589 0.8 10.386 0.603485 0.0695564  0.0599977 -0.0201607 3
1385798776.825091757 3.33184 0.425312 0.796 9.94901 0.587754 0.106585  -0.0310665 -0.0592362 3
1385798776.893399332 3.37089 0.43304 0.794 9.69901 0.571704 0.113122  -0.0292793 -0.0638776 3
1385798777.022226393 3.44332 0.447462 0.79 9.07201 0.56219 0.11195  -0.0310494 -0.0849448 3
1385798777.087567656 3.47855 0.453755 0.791 8.80801 0.539283 0.09632  0.0153043 -0.0705149 3
1385798777.220114228 3.54769 0.462527 0.791 8.36801 0.521589 0.066175  0 -0.0579381 3
1385798777.282874441 3.58041 0.465189 0.793 8.237 0.521372 0.042419  0.0318673 -0.0364338 3
1385798777.417100919 3.64583 0.463033 0.799 8.20401 0.487385 -0.0160636  0.0447006 -0.00428958 3
1385798777.476971009 3.67446 0.460565 0.801 8.298 0.478194 -0.0412193  0.0334057 0.0274011 3
1385798777.608780338 3.73917 0.450277 0.808 8.61801 0.490903 -0.0780508  0.053107 0.0423732 3
1385798777.739374642 3.80094 0.440156 0.814 8.98601 0.473031 -0.0775011  0.0459438 0.0491809 3
1385798777.802671403 3.83346 0.434855 0.814 9.23601 0.513805 -0.0837425  0 0.0689344 3
1385798777.936985684 3.90514 0.428196 0.817 9.843 0.53364 -0.0495776  0.0223357 0.0788751 3
1385798778.000093196 3.9395 0.427393 0.817 10.138 0.544549 -0.0127267  0 0.081586 3
1385798778.130605740 4.01615 0.43085 0.823 10.938 0.587264 0.0264843  0.0459726 0.106983 3
1385798778.195848927 4.05347 0.434166 0.822 11.304 0.572058 0.0508373  -0.0153273 0.0979084 3
1385798778.325896489 4.12502 0.44459 0.815 11.965 0.550175 0.08015  -0.0538265 0.0887123 3
1385798778.391047600 4.1602 0.450304 0.813 12.346 0.539924 0.0877128  -0.0306979 0.102065 3
1385798778.522546575 4.22803 0.465106 0.807 12.837 0.515846 0.11256  -0.0456277 0.065168 3
1385798778.586577807 4.25955 0.47289 0.806 13.065 0.49228 0.121565  -0.0156174 0.0621462 3
1385798778.719316772 4.31603 0.489699 0.799 13.472 0.425449 0.12663  -0.0527351 0.0535144 3
1385798778.782640326 4.34053 0.497719 0.798 13.756 0.386895 0.126654  -0.0157919 0.0782796 3
1385798778.912815697 4.38635 0.514929 0.798 14.052 0.352047 0.132207  0 0.0396849 3
1385798779.043590623 4.42712 0.534982 0.798 14.108 0.311701 0.15334  0 0.00747376 3
1385798779.107969538 4.44705 0.546102 0.797 14.096 0.309705 0.17273  -0.015533 -0.00325144 3
1385798779.238662178 4.49057 0.577845 0.797 13.591 0.332995 0.242878  0 -0.0674407 3
1385798779.303505979 4.51233 0.593813 0.798 13.24 0.335488 0.246264  0.0154217 -0.0944742 3
1385798779.436003013 4.56359 0.62772 0.801 12.339 0.386872 0.255903  0.022642 -0.118685 3
1385798779.499112611 4.59096 0.644156 0.8 11.731 0.43374 0.260449  -0.0158455 -0.168146 3
1385798779.629356173 4.65651 0.675842 0.8 10.281 0.503244 0.243279  0 -0.194307 3
1385798779.694687591 4.69052 0.690283 0.798 9.57001 0.520571 0.221045  -0.0306131 -0.189943 3
1385798779.824999069 4.76338 0.707067 0.795 8.371 0.559173 0.128797  -0.0230218 -0.160589 3
1385798779.891269611 4.80157 0.712882 0.792 7.897 0.576167 0.0877408  -0.045269 -0.124834 3
1385798780.020929860 4.87637 0.718403 0.783 6.96701 0.576962 0.0425812  -0.0694122 -0.125184 3
1385798780.087339418 4.91322 0.719808 0.778 6.481 0.554778 0.0211639  -0.0752904 -0.127729 3
1385798780.216223628 4.98309 0.720508 0.772 5.48901 0.542122 0.0054329  -0.0465534 -0.134334 3
1385798780.346595256 5.05101 0.715062 0.772 4.772 0.520965 -0.0417786  0 -0.0959886 3
1385798780.411569524 5.08469 0.710249 0.774 4.625 0.518365 -0.0740719  0.0307814 -0.0394878 3
1385798780.542029928 5.15205 0.694676 0.784 4.541 0.51636 -0.11937  0.0766516 -0.0112377 3
1385798780.607167286 5.18551 0.687448 0.789 4.52901 0.513665 -0.11096  0.0767609 -0.00321359 3
1385798780.737636103 5.25355 0.674636 0.802 4.88501 0.521518 -0.0981985  0.0996407 0.0476238 3
1385798780.804376879 5.28853 0.670448 0.811 5.15201 0.52404 -0.0627485  0.13485 0.0698224 3
1385798780.935185022 5.36013 0.669075 0.829 5.929 0.547376 -0.0104966  0.137606 0.103672 3
1385798780.998141713 5.39574 0.669231 0.836 6.425 0.565627 0.00247951  0.111188 0.137505 3
1385798781.128626808 5.47176 0.672026 0.846 7.306 0.582592 0.0214207  0.0766371 0.117839 3
1385798781.193603090 5.50958 0.673586 0.851 7.72401 0.582077 0.0240007  0.0769512 0.112283 3
1385798781.323938934 5.58155 0.677391 0.855 8.429 0.552192 0.0291952  0.0306899 0.0944049 3
1385798781.392628552 5.62077 0.679557 0.858 8.71501 0.570945 0.03153  0.0436747 0.0726723 3
1385798781.521111892 5.6581 0.719472 0.855 5.468 0.290585 0.310664  -0.0233493 -0.441077 3
1385798781.586168186 5.67436 0.740367 0.853 4.87601 0.249926 0.321179  -0.0307426 -0.15882 3
1385798781.715011445 5.70597 0.785574 0.854 4.71901 0.245346 0.350867  0.00776137 -0.0212671 3
1385798781.845458650 5.74105 0.824863 0.844 5.27701 0.268859 0.301191  -0.0766594 0.0746579 3
1385798781.910600602 5.7608 0.841591 0.838 5.552 0.303294 0.256789  -0.0921065 0.0736783 3
1385798782.041022678 5.81409 0.860227 0.825 5.705 0.408614 0.142895  -0.0996764 0.0204747 3
1385798782.106474282 5.84335 0.864625 0.818 5.61401 0.447037 0.06719  -0.106949 -0.0242629 3
1385798782.240817128 5.92001 0.861213 0.807 5.44101 0.5706 -0.0253992  -0.0818801 -0.022476 3
1385798782.303509360 5.95846 0.85832 0.805 5.35501 0.613324 -0.0461519  -0.0319019 -0.0239417 3
1385798782.432176851 6.04775 0.846143 0.796 5.49701 0.693941 -0.0946397  -0.0699477 0.0192616 3
1385798782.497312229 6.09456 0.840191 0.79 5.56601 0.718604 -0.0913642  -0.0921158 0.0184889 3
1385798782.627898929 6.18204 0.827875 0.781 6.13301 0.669959 -0.0943164  -0.0689197 0.0757814 3
1385798782.692855096 6.22292 0.823095 0.774 6.40701 0.629267 -0.0735954  -0.107765 0.0736225 3
1385798782.823378803 6.29539 0.820006 0.752 7.16701 0.55526 -0.0236614  -0.168552 0.101624 3
1385798782.888355516 6.32958 0.819763 0.743 7.806 0.526078 -0.00374412  -0.138511 0.171639 3
1385798783.019292689 6.374 0.866895 0.732 4.09901 0.339309 0.359962  -0.0840098 -0.494123 3
1385798783.149301161 6.4045 0.909433 0.742 2.67401 0.234567 0.327192  0.0769181 -0.191303 3
1385798783.213934011 6.42136 0.924906 0.748 2.647 0.260868 0.239393  0.0928321 -0.00729319 3
1385798783.345349195 6.46155 0.937688 0.756 2.839 0.305856 0.0972684  0.0608758 0.0254998 3
1385798783.411109440 6.48388 0.938243 0.758 3.07001 0.33945 0.00844333  0.0304135 0.06131 3
1385798783.538535811 6.53399 0.91713 0.752 3.69301 0.39325 -0.165689  -0.047086 0.085331 3
1385798783.605471613 6.56558 0.899819 0.75 4.082 0.471995 -0.258632  -0.0298794 0.101428 3
1385798783.736126534 6.64958 0.876738 0.75 0.907013 0.642906 -0.176656  0 -0.424125 3
1385798783.800886249 6.68058 0.880241 0.753 -10.086 0.478651 0.0540945  0.0463251 -2.96271 3
1385798783.930580012 6.7484 0.882493 0.769 -23.765 0.522943 0.017365  0.123368 -1.84083 3
1385798784.004530451 6.78897 0.883195 0.786 -26.988 0.548568 0.00949665  0.229884 -0.760669 3
1385798784.125380532 6.86199 0.880134 0.826 -26.955 0.604288 -0.0253328  0.330989 0.00476658 3
1385798784.191344114 6.90066 0.878616 0.836 -25.447 0.586221 -0.0230101  0.151599 0.399 3
1385798784.322492563 6.97418 0.87319 0.844 -22.044 0.560588 -0.0413755  0.0609996 0.452873 3
1385798784.453032532 7.04593 0.863706 0.852 -19.316 0.54965 -0.0726467  0.0612839 0.364735 3
1385798784.517609882 7.08054 0.856728 0.855 -18.285 0.535819 -0.108056  0.0464559 0.27865 3
1385798784.648335042 7.14893 0.836861 0.851 -17.498 0.523174 -0.151977  -0.0305985 0.105074 3
1385798784.712910248 7.18115 0.824805 0.848 -17.182 0.499036 -0.186705  -0.0464575 0.0854065 3
1385798784.778533643 7.21296 0.811839 0.844 -16.84 0.484666 -0.197567  -0.0609539 0.0909575 3
1385798784.843998810 7.24373 0.797326 0.838 -15.596 0.469997 -0.221704  -0.0916518 0.331657 3
1385798784.910212649 7.27316 0.778443 0.832 -11.249 0.444568 -0.285174  -0.0906155 1.14582 3
1385798784.974097261 7.30126 0.759538 0.825 -7.08099 0.439825 -0.295927  -0.109573 1.1387 7
1385798785.040670355 7.33135 0.741313 0.822 -3.74799 0.451938 -0.273764  -0.0450633 0.873806 7
1385798785.105092161 7.36063 0.723826 0.817 -0.912994 0.454478 -0.271445  -0.0776135 0.768062 7
1385798785.169143616 7.38664 0.710874 0.816 1.453 0.40606 -0.202212  -0.0156124 0.644707 7
1385798785.235433177 7.41147 0.70076 0.817 3.34601 0.374577 -0.152565  0.0150853 0.498407 7
1385798785.301779737 7.42905 0.691355 0.813 4.91901 0.265027 -0.141755  -0.0602895 0.413797 7
1385798785.365163123 7.44289 0.683299 0.81 6.15601 0.218408 -0.127111  -0.047331 0.340621 7
1385798785.429898601 7.45302 0.675811 0.805 7.13301 0.156457 -0.115661  -0.0772374 0.26341 4
1385798785.495506451 7.45974 0.667303 0.799 7.854 0.102375 -0.129687  -0.0914525 0.191802 4
1385798785.560589048 7.46268 0.661401 0.792 8.41101 0.0451428 -0.0906827  -0.107556 0.149373 4
1385798785.624636586 7.4634 0.656658 0.785 8.813 0.0112235 -0.0740453  -0.109294 0.109545 4
1385798785.691946125 7.46166 0.651719 0.776 9.13101 -0.0258369 -0.0733823  -0.133711 0.0824592 4
1385798785.756419280 7.45904 0.648395 0.759 8.99501 -0.0405896 -0.0515511  -0.263676 -0.0368165 8
1385798785.821982766 7.45525 0.647015 0.725 8.85001 -0.0577923 -0.0210461  -0.518581 -0.0386008 8
1385798785.886752141 7.45075 0.649225 0.697 8.72401 -0.0695425 0.0341158  -0.432303 -0.0339508 8
1385798785.952242985 7.44558 0.653715 0.665 8.58701 -0.0788401 0.068557  -0.488618 -0.0365128 8
1385798786.017007957 7.44056 0.659824 0.62 8.51401 -0.0775746 0.0943182  -0.69482 -0.019672 8
1385798786.082333238 7.43575 0.666683 0.58 8.472 -0.0735664 0.10501  -0.61232 -0.0112233 8
1385798786.147332059 7.4305 0.674112 0.531 8.38301 -0.0808357 0.114295  -0.75386 -0.0238951 8
1385798786.213188790 7.42524 0.6816 0.483 8.31601 -0.0798583 0.113695  -0.728855 -0.0177566 8
1385798786.280990412 7.41998 0.689033 0.433 8.31001 -0.0776408 0.109628  -0.737445 -0.00154365 8
1385798786.342816375 7.41664 0.689704 0.381 8.315 -0.0539637 0.0108606  -0.841071 0.00140856 8
1385798786.408008215 7.413 0.692587 0.331 8.265 -0.0558539 0.0442111  -0.766967 -0.0133869 8
1385798786.473264295 7.40926 0.697488 0.285 8.21701 -0.0572539 0.0751077  -0.704915 -0.012835 8
1385798786.539440387 7.40597 0.698292 0.24 8.233 -0.0497881 0.0121554  -0.680004 0.00421752 8
1385798786.603686354 7.40246 0.698102 0.213 8.22501 -0.0546224 -0.00295925  -0.42026 -0.00217212 8
1385798786.681122618 7.3971 0.696913 0.181 8.16901 -0.0691252 -0.0153551  -0.413243 -0.0126217 8
1385798786.734797427 7.38656 0.692303 0.153 8.164 -0.196492 -0.085891  -0.52166 -0.00162742 8
1385798786.799128444 7.383 0.680948 0.188 8.14201 -0.0552679 -0.176507  0.544061 -0.00596542 8
1385798786.863460720 7.38158 0.67142 0 7.80801 -0.0221677 -0.148099  -2.92233 -0.0906138 2
1385798786.929360987 7.38019 0.662279 0 7.744 -0.0209768 -0.138718  0 -0.0169528 2
1385798787.000722085 7.35306 0.658707 0 7.813 -0.380179 -0.0500507  0 0.0168759 2
1385798787.059934682 7.3471 0.65787 0 7.828 -0.100701 -0.0141457  0 0.00442117 2
1385798787.128593002 7.34472 0.657671 0 7.82201 -0.0347179 -0.0028879  0 -0.00152439 2
1385798787.190027542 7.34426 0.657525 0 7.82701 -0.00746197 -0.00238601  0 0.00142187 2
1385798787.262621323 7.34396 0.657657 0 7.82301 -0.00405275 0.00182845  0 -0.000961168 2
1385798787.320668736 7.34376 0.657732 0 7.82201 -0.00344725 0.00128695  0 -0.000302802 2
1385798787.386003913 7.34498 0.657775 0 7.82101 0.0186631 0.000654902  0 -0.00026495 2
1385798787.450398911 7.34547 0.657866 0 7.82201 0.00753589 0.00140879  0 0.000268818 2
1385798787.515743855 7.34561 0.657901 0 7.82201 0.00219028 0.000538807  0 0 2
1385798787.581257909 7.3459 0.657921 0 7.82201 0.00441898 0.000301042  0 0 2
1385798787.649146976 7.34636 0.657935 0 7.82101 0.00668281 0.000216042  0 -0.000254983 2
1385798787.711602757 7.34643 0.657947 0 7.82001 0.00123088 0.000186534  0 -0.000281429 2
1385798787.786038153 7.34648 0.658023 0 7.82101 0.000621197 0.0010233  0 0.000236136 2
1385798787.843559427 7.34658 0.65804 0 7.82101 0.00168281 0.000291507  0 0 2
1385798787.908155364 7.34663 0.658033 0 7.82001 0.000834295 -0.000110373  0 -0.000272105 2
1385798787.972498415 7.34674 0.658015 0 7.82201 0.00165477 -0.000274907  0 0.000542209 2
1385798788.036879891 7.34679 0.658026 0 7.82201 0.000770346 0.000177729  0 0 2
1385798788.102762431 7.34679 0.658046 0 7.82301 8.23777e-05 0.000301898  0 0.000266791 2
1385798788.169027574 7.34686 0.658018 0 7.82401 0.00100642 -0.000431796  0 0.000261232 2
1385798788.233132390 7.34695 0.658042 0 7.82401 0.0014368 0.000374026  0 0 2
1385798788.298451245 7.347 0.658075 0 7.82401 0.000812912 0.000504863  0 0 2
1385798788.366769350 7.34704 0.658084 0 7.82501 0.000588225 0.000131785  0 0.00025728 2
1385798788.430430691 7.34706 0.658079 0 7.82501 0.00020469 -7.89368e-05  0 0 2
1385798788.495841275 7.34715 0.658095 0 7.828 0.00136201 0.000248242  0 0.000798005 2
1385798788.560897601 7.34719 0.658115 0 7.82901 0.000706015 0.000307085  0 0.000270179 2
1385798788.624299174 7.3472 0.658103 0 7.82901 0.000169357 -0.000180758  0 0 2
1385798788.691709678 7.34723 0.658163 0 7.83 0.000407827 0.000885883  0 0.000256793 2
1385798788.771832320 7.34729 0.658183 0 7.832 0.000700964 0.0002526  0 0.000435425 2
1385798788.820684933 7.34731 0.65822 0 7.832 0.000463809 0.00074652  0 0 2
1385798788.884876200 7.34737 0.658214 0 7.83 0.00102863 -9.47072e-05  0 -0.000543492 2
1385798788.950065990 7.34743 0.65824 0 7.82901 0.000853482 0.000405805  0 -0.000265541 2
1385798789.013772181 7.34745 0.658261 0 7.82701 0.000249411 0.000333565  0 -0.00054763 2
1385798789.080410712 7.3475 0.658291 0 7.828 0.000820431 0.000445516  0 0.000259768 2
1385798789.153591746 7.34755 0.658282 0 7.82701 0.000739468 -0.000130752  0 -0.000236544 2
1385798789.220723590 7.34763 0.658263 0 7.83 0.00119533 -0.000272803  0 0.000777544 2
1385798789.276202967 7.34767 0.658299 0 7.83101 0.000707718 0.000640962  0 0.000316818 2
1385798789.343836983 7.34771 0.658335 0 7.83 0.000602551 0.000538919  0 -0.000259882 2
1385798789.408645268 7.34775 0.658364 0 7.832 0.00055421 0.000444643  0 0.000538317 2
1385798789.471196195 7.34775 0.658387 0 7.834 1.62378e-05 0.000372773  0 0.000557744 2
1385798789.534847485 7.34778 0.658412 0 7.83301 0.000438894 0.000382313  0 -0.000271959 2
1385798789.605855646 7.34786 0.658427 0 7.83301 0.00114712 0.000213768  0 0 2
1385798789.667364233 7.3479 0.658438 0 7.834 0.00062146 0.000180128  0 0.000281433 2
1385798789.737247565 7.34797 0.658476 0 7.83501 0.000970708 0.00054996  0 0.000251517 2
1385798789.798769130 7.34801 0.658441 0 7.83701 0.000701782 -0.000579239  0 0.000567076 2
1385798789.882959739 7.34814 0.658402 0 7.84001 0.00152188 -0.000463091  0 0.000623161 2
1385798789.930209839 7.34816 0.658388 0 7.83701 0.000546545 -0.00029432  0 -0.00111035 2
1385798789.998058507 7.34829 0.658418 0 7.83701 0.00180924 0.000443379  0 0 2
1385798790.058538185 7.34834 0.658429 0 7.83801 0.00090525 0.00018273  0 0.000290624 2
1385798790.124526756 7.34841 0.658493 0 7.83701 0.00105344 0.000977198  0 -0.000266362 2
1385798790.197191058 7.34852 0.658503 0 7.83601 0.00147674 0.000134421  0 -0.000238226 2
1385798790.253804927 7.34849 0.658521 0 7.83601 -0.00051399 0.000314592  0 0 2
1385798790.317464259 7.3485 0.658522 0 7.83601 0.000215903 2.23953e-05  0 0 2
1385798790.384435212 7.34856 0.658524 0 7.834 0.000822373 2.40463e-05  0 -0.00052491 2
1385798790.449884282 7.34862 0.658482 0 7.832 0.0010013 -0.000636806  0 -0.000533047 2
1385798790.512991295 7.34868 0.658477 0 7.83101 0.000903725 -8.64788e-05  0 -0.000274305 2
1385798790.580221707 7.34875 0.658508 0 7.83301 0.000963658 0.000463963  0 0.000518923 2
1385798790.645212755 7.34882 0.658553 0 7.83301 0.00109956 0.000693295  0 0 2
1385798790.713987392 7.34887 0.65857 0 7.834 0.000811657 0.000247684  0 0.0002517 2
1385798790.777709866 7.34891 0.658613 0 7.834 0.000615728 0.000672791  0 0 2
1385798790.860432634 7.34897 0.658615 0 7.832 0.00066635 1.88321e-05  0 -0.000421739 2
1385798790.910242858 7.34902 0.65856 0 7.83 0.000998089 -0.00108811  0 -0.000700407 2
1385798790.976181289 7.34906 0.65851 0 7.83 0.000651827 -0.000762304  0 0 2
1385798791.038754958 7.34912 0.658531 0 7.83101 0.000987789 0.000339215  0 0.000280899 2
1385798791.100927480 7.34919 0.658555 0 7.83 0.00114954 0.000372994  0 -0.000282711 2
1385798791.196098890 7.34929 0.658558 0 7.832 0.00101226 3.3127e-05  0 0.000366574 2
1385798791.231649423 7.34932 0.658561 0 7.83101 0.00088807 8.71889e-05  0 -0.000486928 2
1385798791.297533672 7.34938 0.658542 0 7.83 0.000928709 -0.000288222  0 -0.000266784 2
1385798791.366613196 7.34947 0.658519 0 7.83101 0.00120698 -0.000334202  0 0.000254444 2
1385798791.428187149 7.34952 0.658507 0 7.83101 0.000885861 -0.000196803  0 0 2
1385798791.493997846 7.34958 0.658462 0 7.83101 0.000833132 -0.000676117  0 0 2
1385798791.570935694 7.34971 0.658365 0 7.832 0.00169733 -0.00125955  0 0.000224994 2
1385798791.627634060 7.34974 0.65836 0 7.832 0.000617663 -9.00345e-05  0 0 2
1385798791.705718106 7.34985 0.658363 0 7.832 0.00135961 3.63991e-05  0 0 2
1385798791.759381955 7.34989 0.658294 0 7.832 0.000778873 -0.00128042  0 0 2
1385798791.833595939 7.35 0.658342 0 7.832 0.0015451 0.000638925  0 0 2
1385798791.888188835 7.35008 0.658326 0 7.832 0.0014827 -0.00029439  0 0 2
1385798791.948679644 7.35013 0.65833 0 7.83 0.000811915 6.34468e-05  0 -0.000576739 2
1385798792.013522761 7.35016 0.658338 0 7.83101 0.000473075 0.000131237  0 0.000271068 2
1385798792.080011520 7.35021 0.658353 0 7.83101 0.00067713 0.000222102  0 0 2
1385798792.153528732 7.35027 0.658439 0 7.83101 0.000852193 0.00116952  0 0 2
1385798792.209289182 7.35032 0.658487 0 7.83101 0.000860653 0.000867842  0 0 2
1385798792.274326170 7.35036 0.658513 0 7.832 0.000658997 0.000392648  0 0.000266165 2
1385798792.340722646 7.35039 0.658601 0 7.832 0.000404527 0.00132464  0 0 2
1385798792.404791543 7.35051 0.658552 0 7.832 0.00188396 -0.000766753  0 0 2
1385798792.469658226 7.35002 0.658545 0 7.83501 -0.00757626 -9.46141e-05  0 0.000808802 2
1385798792.534941781 7.34944 0.658558 0 7.83601 -0.00886926 0.000189357  0 0.000269239 2
1385798792.600078361 7.34894 0.65876 0 7.83701 -0.00768434 0.00310338  0 0.000265758 2
1385798792.665403986 7.34918 0.658842 0 7.83601 0.00366154 0.0012611  0 -0.000264989 2
1385798792.732354158 7.34949 0.658883 0 7.834 0.00463075 0.000606957  0 -0.000525073 2
1385798792.801863175 7.34974 0.658916 0 7.834 0.00355861 0.00047997  0 0 2
1385798792.866958685 7.34995 0.658956 0 7.834 0.00331088 0.000606709  0 0 2
1385798792.929501608 7.35015 0.658963 0 7.83301 0.00315552 0.000119582  0 -0.000276779 2
1385798792.992691238 7.35041 0.658941 0 7.832 0.00416263 -0.000344233  0 -0.000278161 2
1385798793.057942266 7.35051 0.658927 0 7.83101 0.00144688 -0.000227636  0 -0.000265292 2
1385798793.121404128 7.3509 0.658888 0 7.83301 0.0061878 -0.000612886  0 0.000549738 2
1385798793.187578697 7.3519 0.658772 0 7.834 0.0150672 -0.00174498  0 0.000261589 2
1385798793.254472469 7.35096 0.658817 0 7.834 -0.0140624 0.000663559  0 0 2
1385798793.319126431 7.34973 0.659033 0 7.83301 -0.0189482 0.00334652  0 -0.000267741 2
1385798793.446927676 7.34879 0.659208 0 7.83501 -0.00738699 0.00137044  0 0.000272982 2
1385798793.458861093 7.34894 0.659211 0 7.83301 0.0126784 0.000218601  0 -0.00292351 2
1385798793.513703714 7.35122 0.659255 0 7.832 0.0416653 0.000803675  0 -0.000320496 2
1385798793.578963134 7.35438 0.659273 0 7.832 0.0483668 0.00028293  0 0 2
1385798793.660231734 7.35462 0.659077 0 7.83301 0.00294577 -0.00241724  0 0.000216281 2
1385798793.718194929 7.35328 0.658825 0 7.832 -0.0230187 -0.00433797  0 -0.000303242 2
1385798793.772299832 7.35201 0.658517 0 7.832 -0.0235759 -0.00569278  0 0 2
1385798793.841078677 7.35122 0.658328 0 7.834 -0.0114993 -0.00274913  0 0.00050724 2
1385798793.909267638 7.35195 0.658521 0 7.83301 0.0107012 0.00282534  0 -0.000253861 2
1385798793.968773861 7.35339 0.658622 0 7.834 0.0242605 0.00170483  0 0.000290903 2
1385798794.033881299 7.35523 0.65861 0 7.834 0.0282735 -0.000184081  0 0 2
1385798794.101461896 7.35596 0.658584 0 7.834 0.0107439 -0.000394844  0 0 2
1385798794.168618778 7.3559 0.65847 0 7.83101 -0.000901852 -0.0016952  0 -0.000777254 2
1385798794.231523790 7.35509 0.658379 0 7.83101 -0.0128003 -0.00144788  0 0 2
1385798794.295055542 7.35459 0.658241 0 7.83 -0.00787692 -0.00216906  0 -0.000276663 2
1385798794.359802264 7.35463 0.658216 0 7.83 0.000565889 -0.000379109  0 0 2
1385798794.425300125 7.35463 0.658189 0 7.828 3.40667e-06 -0.000426487  0 -0.00053265 2
1385798794.488980033 7.35448 0.658171 0 7.828 -0.00229942 -0.000272746  0 0 2
1385798794.555471286 7.35447 0.658214 0 7.828 -0.00013438 0.000637226  0 0 2
1385798794.638496707 7.35483 0.658502 0 7.84601 0.00431663 0.00347804  0 0.00378502 2
1385798794.687019500 7.3548 0.658511 0 7.839 -0.00054694 0.00018646  0 -0.00251921 2
1385798794.759148779 7.35481 0.658525 0 7.83 0.000102803 0.000187914  0 -0.0021784 2
1385798794.827162327 7.35432 0.658296 0 7.817 -0.00720753 -0.00336758  0 -0.00333612 2
1385798794.880543986 7.35463 0.658286 0 7.85101 0.00572105 -0.000192802  0 0.0111203 2
1385798794.949029393 7.35501 0.657949 0 7.93501 0.00563221 -0.00492017  0 0.021407 2
1385798795.015012311 7.35522 0.657843 0 7.87801 0.0031039 -0.00160299  0 -0.015079 2
1385798795.078976725 7.3623 0.663825 0 8.237 0.110734 0.0935158  0 0.0979548 2
1385798795.143463455 7.37896 0.668623 0 9.041 0.258266 0.0744159  0 0.217602 2
1385798795.214922306 7.39247 0.670849 0 11.083 0.189139 0.0311489  0 0.498745 2
1385798795.272350329 7.3692 0.669168 0 13.928 -0.405197 -0.0292676  0 0.864641 2
1385798795.337586753 7.36382 0.673278 0 17.113 -0.082497 0.0629991  0 0.852111 2
1385798795.405648986 7.37601 0.681733 0 20.312 0.179086 0.124223  0 0.820325 2
1385798795.467705170 7.38741 0.689387 0 23.23 0.183752 0.123341  0 0.820687 2
1385798795.532952586 7.39676 0.696486 0 25.367 0.143245 0.108801  0 0.571633 2
1385798795.601335066 7.40004 0.698987 0 26.288 0.0479182 0.0365769  0 0.235069 2
1385798795.663390537 7.40147 0.698985 0 26.006 0.0232029 -3.86759e-05  0 -0.0793127 2
1385798795.728426597 7.40085 0.700079 0 25.138 -0.00965662 0.0168169  0 -0.232942 2
1385798795.796171032 7.39628 0.709594 0 23.811 -0.0673751 0.140458  0 -0.34188 2
1385798795.857674569 7.38911 0.725766 0 22.143 -0.116588 0.262938  0 -0.47334 2
1385798795.923975742 7.3769 0.748046 0 19.878 -0.18426 0.336045  0 -0.596244 2
1385798795.997308054 7.35235 0.778341 0 17.045 -0.334753 0.413126  0 -0.67426 2
1385798796.055211061 7.32325 0.804956 0 13.612 -0.502563 0.459642  0 -1.03479 2
1385798796.118954292 7.28033 0.837181 0 10.252 -0.673349 0.505542  0 -0.919985 2
1385798796.187682029 7.22592 0.872981 0 7.505 -0.791562 0.520893  0 -0.697598 2
1385798796.249831367 7.17198 0.908582 0 4.89 -0.86803 0.572832  0 -0.734368 2
1385798796.316128020 7.11393 0.94854 0 2.013 -0.875608 0.602724  0 -0.7574 2
1385798796.382921604 7.06149 0.988114 0 -1.13199 -0.784987 0.592479  0 -0.821792 2
1385798796.445262361 7.01024 1.02232 0 -3.97699 -0.822188 0.548682  0 -0.796504 2
1385798796.510891764 6.9579 1.05398 0 -5.97099 -0.79742 0.482489  0 -0.530279 2
1385798796.577158227 6.9046 1.08117 0 -7.67899 -0.804385 0.410191  0 -0.449852 2
1385798796.641356792 6.8649 1.0961 0 -8.97899 -0.618468 0.232686  0 -0.353424 2
1385798796.706251496 6.82239 1.10601 0 -9.77899 -0.654999 0.152601  0 -0.215159 2
1385798796.770821087 6.78284 1.11564 0 -10.19 -0.612466 0.149233  0 -0.111093 2
1385798796.837878855 6.74441 1.12528 0 -10.514 -0.573063 0.143662  0 -0.0843296 2
1385798796.901882971 6.74537 1.10495 0 -11.065 0.0149726 -0.317662  0 -0.150251 2
1385798796.966337245 6.71317 1.08841 0 -11.493 -0.499588 -0.25649  0 -0.115899 2
1385798797.032887605 6.66563 1.07169 0 -11.414 -0.714337 -0.251223  0 0.0207209 2
1385798797.097160434 6.61962 1.05663 0 -11.554 -0.715932 -0.234437  0 -0.0380168 2
1385798797.161884715 6.57413 1.04544 0 -11.852 -0.702751 -0.172895  0 -0.0803586 2
1385798797.227830066 6.52889 1.03377 0 -12.386 -0.686095 -0.176947  0 -0.141329 2
1385798797.292734117 6.48534 1.02158 0 -12.27 -0.67093 -0.187798  0 0.0311927 2
1385798797.359961970 6.45459 1.02164 0 -11.484 -0.457405 0.000878425  0 0.204055 2
1385798797.423224967 6.46258 1.02706 0 -9.85399 0.126333 0.0857001  0 0.449693 2
1385798797.488366371 6.45415 1.04063 0 -7.57799 -0.129481 0.208341  0 0.609807 2
1385798797.553298576 6.43096 1.03343 0 -4.45999 -0.35708 -0.110932  0 0.838094 2
1385798797.618564846 6.40225 1.01486 0 -0.479996 -0.439982 -0.284508  0 1.06432 2
1385798797.685547822 6.37566 0.992296 0 3.90501 -0.396861 -0.336849  0 1.14257 2
1385798797.753806856 6.35361 0.968623 0 7.595 -0.323116 -0.346819  0 0.9435 2
1385798797.814119613 6.33594 0.944446 0 10.836 -0.292912 -0.400851  0 0.937884 2
1385798797.879730859 6.35978 0.943283 0 13.64 0.363367 -0.0177224  0 0.74589 2
1385798797.946080319 6.46849 0.950531 0 15.743 1.63845 0.109235  0 0.553199 2
1385798798.010743388 6.50871 0.942586 0 16.909 0.622013 -0.122874  0 0.314717 2
1385798798.074940013 6.50364 0.915738 0 17.385 -0.0790209 -0.418205  0 0.129411 2
1385798798.141630298 6.45985 0.884477 0 17.822 -0.656667 -0.46876  0 0.114365 2
1385798798.205186564 6.39997 0.853406 0 18.075 -0.942169 -0.488862  0 0.0694784 2
1385798798.270442812 6.32692 0.826495 0 16.877 -1.11942 -0.412397  0 -0.320414 2
1385798798.335079969 6.24868 0.804881 0 14.3 -1.21039 -0.334383  0 -0.695843 2
1385798798.400705285 6.16747 0.784466 0 11.659 -1.23753 -0.311086  0 -0.702381 2
1385798798.466089287 6.09844 0.768113 0 10.309 -1.05581 -0.250113  0 -0.360364 2
1385798798.530786104 6.03789 0.753885 0 10.233 -0.93587 -0.219917  0 -0.0205036 2
1385798798.596420253 5.97954 0.738042 0 11.337 -0.88903 -0.241376  0 0.293574 2
1385798798.661431682 5.92837 0.720145 0 13.268 -0.787073 -0.275291  0 0.518406 2
1385798798.727680799 5.88062 0.698967 0 15.492 -0.720732 -0.319672  0 0.585911 2
1385798798.792097028 5.83863 0.677904 0 17.459 -0.651872 -0.32699  0 0.532949 2
1385798798.856960348 5.80424 0.660646 0 19.385 -0.530223 -0.266066  0 0.518247 2
1385798798.926830328 5.80091 0.669134 0 21.847 -0.0475669 0.121486  0 0.614997 2
1385798798.990908082 5.91008 0.718926 0 24.978 1.70366 0.777045  0 0.852815 2
1385798799.054295692 5.99503 0.744893 0 27.621 1.34011 0.409654  0 0.727727 2
1385798799.117025443 6.00902 0.723843 0 29.612 0.223012 -0.335567  0 0.553955 2
1385798799.183312244 5.97285 0.68512 0 30.877 -0.545562 -0.584164  0 0.333078 2
1385798799.247995777 5.91272 0.636497 0 32.546 -0.929663 -0.751704  0 0.450337 2
1385798799.315166775 5.8392 0.588302 0 33.02 -1.09457 -0.717507  0 0.123161 2
1385798799.378305077 5.77111 0.549139 0 32.125 -1.07833 -0.620264  0 -0.247406 2
1385798799.446362798 5.70117 0.510524 0 30.868 -1.02775 -0.567392  0 -0.322353 2
1385798799.508290381 5.65916 0.51284 0 30.118 -0.678312 0.0374068  0 -0.211375 2
1385798799.575296972 5.60099 0.498819 0 30.308 -0.868116 -0.209257  0 0.0494902 2
1385798799.638900795 5.54954 0.484603 0 31.036 -0.808886 -0.223503  0 0.199767 2
1385798799.705814722 5.49527 0.471342 0 31.941 -0.811015 -0.198181  0 0.236053 2
1385798799.769504617 5.44145 0.455272 0 32.422 -0.845106 -0.252314  0 0.131812 2
1385798799.834809615 5.38991 0.439039 0 32.188 -0.789155 -0.248575  0 -0.0625408 2
1385798799.899864067 5.33909 0.419374 0 31.772 -0.781166 -0.302285  0 -0.111608 2
1385798799.964896270 5.29441 0.408244 0 31.086 -0.687038 -0.171142  0 -0.184105 2
1385798800.030352133 5.25236 0.397735 0 31.106 -0.642423 -0.160559  0 0.00532991 2
1385798800.094967559 5.25118 0.392654 0 30.458 -0.01827 -0.0786298  0 -0.17503 2
1385798800.158644364 5.22838 0.367226 0 29.795 -0.358179 -0.399331  0 -0.181721 2
1385798800.225647615 5.17222 0.328282 0 29.158 -0.838147 -0.581229  0 -0.165931 2
1385798800.292483985 5.10183 0.286081 0 28.698 -1.05312 -0.631399  0 -0.12012 2
1385798800.356065446 5.02928 0.251781 0 27.165 -1.14105 -0.539464  0 -0.420814 2
1385798800.420952503 4.95465 0.220647 0 25.208 -1.15011 -0.479827  0 -0.526393 2
1385798800.490051570 4.88217 0.189933 0 23.853 -1.04898 -0.444483  0 -0.34225 2
1385798800.551341140 4.82021 0.166251 0 23.499 -1.01098 -0.386399  0 -0.100809 2
1385798800.616718474 4.79016 0.164911 0 24.754 -0.459572 -0.0204917  0 0.335039 2
1385798800.682112949 4.74242 0.154901 0 26.61 -0.730084 -0.153078  0 0.495349 2
1385798800.746754210 4.69349 0.134761 0 27.836 -0.756942 -0.311571  0 0.331026 2
1385798800.812234934 4.64233 0.10895 0 28.899 -0.781353 -0.394164  0 0.28333 2
1385798800.880332080 4.59303 0.0821402 0 29.821 -0.723873 -0.393706  0 0.236312 2
1385798800.942562786 4.5501 0.0558843 0 30.873 -0.689972 -0.421913  0 0.295041 2
1385798801.007125125 4.51035 0.0423707 0 32.078 -0.615603 -0.20931  0 0.325751 2
1385798801.072498116 4.47355 0.0319848 0 33.479 -0.562966 -0.158873  0 0.374039 2
1385798801.138071331 4.43904 0.0217455 0 34.36 -0.52627 -0.15615  0 0.23449 2
1385798801.204586341 4.42329 -0.011343 0 34.282 -0.23681 -0.497459  0 -0.0204637 2
1385798801.267786244 4.37401 -0.0453606 0 33.06 -0.779688 -0.538254  0 -0.337468 2
1385798801.337145182 4.29992 -0.0885377 0 31.973 -1.06826 -0.622517  0 -0.273531 2
1385798801.402002874 4.22307 -0.124234 0 30.179 -1.18493 -0.550386  0 -0.48277 2
1385798801.465321622 4.14405 -0.153701 0 27.396 -1.2479 -0.465364  0 -0.767108 2
1385798801.590542337 3.98901 -0.203619 0 24.773 -1.2381 -0.398645  0 -0.365595 2
1385798801.595633039 3.98307 -0.205419 0 23.738 -1.16778 -0.353517  0 -3.54847 2
1385798801.661262648 3.92603 -0.22577 0 24.602 -0.869059 -0.310087  0 0.229769 2
1385798801.799883603 3.8167 -0.269424 0 26.369 -0.788732 -0.314918  0 0.222477 2
1385798801.856069223 3.77722 -0.284745 0 30.159 -0.702636 -0.272675  0 1.17731 2
1385798802.002185049 3.68141 -0.323846 0 31.599 -0.655703 -0.267607  0 0.172006 2
1385798802.050189875 3.65881 -0.334374 0 33.851 -0.470859 -0.219303  0 0.818768 2
1385798802.206637197 3.6774 -0.325076 0 35.096 0.118852 0.0594337  0 0.138892 2
1385798802.248311836 3.68892 -0.33472 0 35.697 0.276437 -0.231429  0 0.251697 2
1385798802.403500516 3.61624 -0.414528 0 35.199 -0.468365 -0.514263  0 -0.0560077 2
1385798802.443781003 3.58572 -0.43544 0 33.189 -0.757562 -0.519171  0 -0.870919 2
1385798802.506866401 3.53854 -0.465328 0 32.099 -0.7479 -0.473766  0 -0.30156 2
1385798802.614026577 3.46528 -0.512266 0 31.197 -0.683701 -0.438016  0 -0.146911 2
1385798802.636858594 3.45248 -0.520206 0 31.157 -0.560352 -0.347739  0 -0.0305717 2
1385798802.701279149 3.42216 -0.537026 0 32.164 -0.470672 -0.26111  0 0.272821 2
1385798802.821317283 3.37481 -0.555504 0 33.7 -0.39444 -0.153935  0 0.223333 2
1385798802.832871581 3.37095 -0.556607 0 35.92 -0.334525 -0.0954253  0 3.35341 2
1385798802.897913736 3.34934 -0.557023 0 38.941 -0.332191 -0.00639956  0 0.810649 2
1385798803.021523026 3.30733 -0.558398 0 41.863 -0.339864 -0.0111253  0 0.412578 2
1385798803.050147897 3.29724 -0.559243 0 44.449 -0.352406 -0.0295004  0 1.57675 2
1385798803.100280545 3.28761 -0.559548 0 45.591 -0.192179 -0.00607839  0 0.397578 2
1385798803.445091370 3.49742 -0.363096 0 47.162 0.60849 0.569738  0 0.0795193 2
1385798803.449734286 3.49706 -0.363475 0 47.016 -0.0778548 -0.0816731  0 -0.548817 2
1385798803.493021784 3.48352 -0.3763 0 45.514 -0.312863 -0.296269  0 -0.605598 2
1385798803.502580945 3.4774 -0.380654 0 41.041 -0.640608 -0.455504  0 -8.1669 2
1385798803.662231942 3.35872 -0.456982 0 38.103 -0.743346 -0.478095  0 -0.321185 2
1385798803.684660069 3.3443 -0.465124 0 31.931 -0.643077 -0.363009  0 -4.80298 2
1385798803.756303467 3.30658 -0.483328 0 30.051 -0.526395 -0.254097  0 -0.457991 2
1385798803.815098699 3.28466 -0.493014 0 29.885 -0.372969 -0.164738  0 -0.049277 2
1385798803.882553669 3.26732 -0.495399 0 30.55 -0.257048 -0.0353615  0 0.17206 2
1385798803.950119209 3.25701 -0.489462 0 32.141 -0.152534 0.087877  0 0.410982 2
1385798804.011704197 3.25466 -0.477069 0 35.046 -0.0381541 0.201231  0 0.823282 2
1385798804.075569189 3.25737 -0.456596 0 38.944 0.0424033 0.320561  0 1.06526 2
1385798804.140519354 3.26138 -0.436604 0 42.724 0.0617838 0.307803  0 1.01576 2
1385798804.205788191 3.2702 -0.428567 0 46.216 0.135047 0.12314  0 0.93378 2
1385798804.271611169 3.28679 -0.43149 0 49.321 0.252079 -0.0443972  0 0.823309 2
1385798804.337808649 3.30236 -0.44592 0 52.51 0.235194 -0.217986  0 0.840794 2
1385798804.401037526 3.30559 -0.466144 0 55.752 0.051101 -0.319863  0 0.894902 2
1385798804.466924442 3.29763 -0.483092 0 58.581 -0.120845 -0.25723  0 0.749394 2
1385798804.531554718 3.28665 -0.483493 0 60.091 -0.169803 -0.0061963  0 0.407771 2
1385798804.597486060 3.27776 -0.467364 0 59.958 -0.134899 0.244634  0 -0.0352065 2
1385798804.664654097 3.29189 -0.446674 0 58.268 0.210373 0.308037  0 -0.439139 2
1385798804.728482986 3.32066 -0.434583 0 55.902 0.450697 0.189417  0 -0.646955 2
1385798804.792725916 3.34502 -0.422779 0 53.742 0.379272 0.183745  0 -0.586822 2
1385798804.857314910 3.36061 -0.41704 0 51.183 0.241377 0.0888579  0 -0.691493 2
1385798804.926281466 3.36821 -0.417722 0 48.521 0.110106 -0.00989458  0 -0.67367 2
1385798804.987518674 3.36934 -0.422253 0 45.842 0.0184895 -0.0739806  0 -0.763545 2
1385798805.053447835 3.36366 -0.432605 0 43.17 -0.0860967 -0.157027  0 -0.707352 2
1385798805.118901609 3.35436 -0.445096 0 40.646 -0.14208 -0.19084  0 -0.673027 2
1385798805.184390476 3.34367 -0.457627 0 38.312 -0.163237 -0.191345  0 -0.622029 2
1385798805.249300526 3.33155 -0.470703 0 35.904 -0.186752 -0.201444  0 -0.647475 2
1385798805.314407925 3.31982 -0.483094 0 33.023 -0.180074 -0.190314  0 -0.772307 2
1385798805.382005523 3.3106 -0.492997 0 30.045 -0.136404 -0.146497  0 -0.768901 2
1385798805.446356102 3.30629 -0.498627 0 28.061 -0.0671 -0.0874929  0 -0.538107 2
1385798805.513410001 3.30561 -0.503016 0 26.591 -0.0100726 -0.0654515  0 -0.382623 2
1385798805.574887999 3.30628 -0.506005 0 25.506 0.0108984 -0.0486212  0 -0.308024 2
1385798805.640256874 3.30782 -0.509445 0 23.675 0.0235246 -0.0526248  0 -0.488874 2
1385798805.705458372 3.3087 -0.512299 0 22.527 0.0134396 -0.0437767  0 -0.307298 2
1385798805.770848207 3.30807 -0.513497 0 22.959 -0.00948891 -0.0183188  0 0.115303 2
1385798805.834656580 3.30839 -0.515373 0 24.154 0.00500588 -0.0293929  0 0.326866 2
1385798805.905427690 3.31122 -0.520417 0 24.554 0.0399374 -0.0712738  0 0.0986449 2
1385798805.967518903 3.31331 -0.522411 0 24.213 0.0336337 -0.032125  0 -0.0958488 2
1385798806.031358134 3.32236 -0.522828 0 24.147 0.141761 -0.00652162  0 -0.0180466 2
1385798806.097951240 3.34699 -0.518322 0 23.815 0.369915 0.0676566  0 -0.0870136 2
1385798806.162703510 3.37918 -0.510008 0 23.106 0.49704 0.128395  0 -0.191103 2
1385798806.226795310 3.39741 -0.506733 0 23.01 0.284411 0.0511045  0 -0.0261405 2
1385798806.293251934 3.41512 -0.503605 0 22.953 0.266543 0.0470663  0 -0.0149715 2
1385798806.357203454 3.43202 -0.497439 0 22.904 0.264236 0.0964137  0 -0.0133717 2
1385798806.422249246 3.43035 -0.491505 0 23.286 -0.0256378 0.0912314  0 0.1025 2
1385798806.488205090 3.43228 -0.486888 0 23.336 0.0292071 0.0700065  0 0.0132319 2
1385798806.551856141 3.43181 -0.48553 0 23.347 -0.0073785 0.021327  0 0.00301248 2
1385798806.617924431 3.43141 -0.485196 0 23.404 -0.00593617 0.00506053  0 0.0150595 2
1385798806.683048243 3.43111 -0.485021 0 23.382 -0.00459457 0.00268746  0 -0.00589689 2
1385798806.748239335 3.43097 -0.485271 0 23.412 -0.00227519 -0.00383821  0 0.00803143 2
1385798806.814424709 3.43057 -0.485496 0 23.386 -0.00600433 -0.00339607  0 -0.00685654 2
1385798806.883882837 3.43 -0.485802 0 23.393 -0.00818909 -0.00440545  0 0.0017599 2
1385798806.944154312 3.43001 -0.485898 0 23.396 0.000205953 -0.00159926  0 0.000870466 2
1385798807.009205596 3.42985 -0.486057 0 23.398 -0.00256297 -0.00243319  0 0.000536306 2
1385798807.072399413 3.42977 -0.486243 0 23.405 -0.00119134 -0.00294754  0 0.00193435 2
1385798807.139612940 3.42904 -0.486559 0 23.408 -0.0108514 -0.00469887  0 0.000776599 2
1385798807.204561133 3.42877 -0.48664 0 23.412 -0.00412727 -0.00125152  0 0.00107432 2
1385798807.270305366 3.42843 -0.486718 0 23.417 -0.0052456 -0.00118391  0 0.00132866 2
1385798807.333925085 3.42833 -0.486684 0 23.421 -0.00157265 0.000524688  0 0.00109675 2
1385798807.400058581 3.42845 -0.486598 0 23.425 0.00180868 0.00130419  0 0.00105506 2
1385798807.465779098 3.42871 -0.486525 0 23.431 0.0040231 0.00110766  0 0.00159254 2
1385798807.532090840 3.42939 -0.486189 0 23.435 0.0102773 0.00506861  0 0.00105624 2
1385798807.596805659 3.42972 -0.486049 0 23.44 0.00510732 0.00216904  0 0.00134568 2
1385798807.660761859 3.42986 -0.485947 0 23.445 0.00207864 0.00159098  0 0.0013658 2
1385798807.725812918 3.4298 -0.485983 0 23.447 -0.000932642 -0.000544563  0 0.000536308 2
1385798807.794769970 3.42948 -0.486065 0 23.452 -0.0045352 -0.00119779  0 0.00126675 2
1385798807.863449617 3.42922 -0.486186 0 23.458 -0.00381532 -0.00175825  0 0.00152392 2
1385798807.921576714 3.42908 -0.486243 0 23.462 -0.00250572 -0.000987786  0 0.00120038 2
1385798807.986616662 3.42888 -0.486259 0 23.466 -0.00309306 -0.000234492  0 0.0010728 2
1385798808.052024787 3.42879 -0.486247 0 23.47 -0.00132896 0.0001754  0 0.00106676 2
1385798808.117205364 3.42874 -0.486254 0 23.473 -0.000739241 -0.000111752  0 0.000804907 2
1385798808.182216551 3.4287 -0.486271 0 23.476 -0.000691259 -0.000259799  0 0.000807004 2
1385798808.248688938 3.42876 -0.486272 0 23.479 0.000929725 -1.68793e-05  0 0.000785258 2
1385798808.312630683 3.42882 -0.486211 0 23.481 0.000958349 0.000965777  0 0.000545612 2
1385798808.377797299 3.42876 -0.486222 0 23.486 -0.000940951 -0.000169108  0 0.00134044 2
1385798808.443611519 3.42884 -0.486245 0 23.488 0.00123398 -0.000353697  0 0.000530089 2
1385798808.509665071 3.4289 -0.48633 0 23.493 0.00090234 -0.00129034  0 0.00132244 2
1385798808.573972524 3.42885 -0.486386 0 23.498 -0.000674806 -0.000868695  0 0.0013542 2
1385798808.640528709 3.42877 -0.486421 0 23.502 -0.00123143 -0.000523769  0 0.00105236 2
1385798808.703623141 3.42897 -0.486326 0 23.506 0.00306968 0.00150155  0 0.00110588 2
1385798808.769258875 3.42909 -0.486243 0 23.51 0.00196477 0.00126743  0 0.00106306 2
1385798808.836079131 3.42921 -0.486249 0 23.514 0.00165942 -8.20102e-05  0 0.00104422 2
1385798808.899182173 3.42925 -0.486145 0 23.517 0.000643283 0.00164656  0 0.000831406 2
1385798808.965185545 3.42921 -0.486161 0 23.523 -0.000551791 -0.000242286  0 0.00158571 2
1385798809.031289723 3.42911 -0.486181 0 23.525 -0.00153383 -0.000307036  0 0.000527764 2
1385798809.094893638 3.42894 -0.486218 0 23.529 -0.00265813 -0.000581514  0 0.00109702 2
1385798809.160330046 3.4289 -0.486225 0 23.534 -0.000576071 -0.000101726  0 0.00133491 2
1385798809.224877234 3.42879 -0.48621 0 23.538 -0.0016921 0.000231188  0 0.00108099 2
1385798809.290263806 3.42887 -0.486153 0 23.543 0.00115071 0.000870338  0 0.00133185 2
1385798809.355418943 3.42884 -0.48611 0 23.546 -0.00039766 0.000654294  0 0.000805221 2
1385798809.420439951 3.4289 -0.486052 0 23.552 0.000845097 0.000896551  0 0.00160967 2
1385798809.484509499 3.42892 -0.486031 0 23.556 0.000435302 0.000327352  0 0.00108905 2
1385798809.550934502 3.42898 -0.485991 0 23.558 0.000903296 0.000594348  0 0.000529224 2
1385798809.617482140 3.429 -0.485946 0 23.563 0.000234678 0.000683132  0 0.00130862 2
1385798809.682561281 3.42904 -0.485931 0 23.565 0.00064679 0.000229034  0 0.000536077 2
1385798809.746457343 3.42912 -0.485925 0 23.57 0.00117651 9.10926e-05  0 0.00136709 2
1385798809.810974925 3.42912 -0.48594 0 23.574 5.77865e-05 -0.000234225  0 0.00108149 2
1385798809.876316032 3.42913 -0.485956 0 23.577 0.000194429 -0.000241772  0 0.000802929 2
1385798809.942024196 3.42924 -0.486038 0 23.581 0.00162245 -0.00125142  0 0.00106189 2
1385798810.006483325 3.42941 -0.485931 0 23.587 0.00257794 0.0016586  0 0.0016237 2
1385798810.072267196 3.42945 -0.485967 0 23.591 0.00072439 -0.000546873  0 0.00106067 2
1385798810.141705828 3.42947 -0.485972 0 23.596 0.000174423 -6.58157e-05  0 0.00125797 2
1385798810.204604777 3.4295 -0.485979 0 23.602 0.00057658 -0.000112884  0 0.00166397 2
1385798810.272807296 3.42943 -0.486035 0 23.605 -0.00104116 -0.000825449  0 0.000769242 2
1385798810.335566584 3.42942 -0.48606 0 23.61 -0.000160698 -0.000386488  0 0.00138761 2
1385798810.401323899 3.42936 -0.486045 0 23.612 -0.000929523 0.000220636  0 0.000530548 2
1385798810.464240586 3.42935 -0.486025 0 23.615 -0.000166081 0.000323645  0 0.000833869 2
1385798810.528654431 3.42942 -0.485975 0 23.62 0.00107865 0.000777932  0 0.0013561 2
1385798810.593182339 3.4293 -0.485997 0 23.625 -0.00181373 -0.000340638  0 0.00134958 2
1385798810.659143310 3.42922 -0.486024 0 23.63 -0.00120633 -0.000414736  0 0.00132429 2
1385798810.724113621 3.42919 -0.486036 0 23.633 -0.000508402 -0.000183917  0 0.000807512 2
1385798810.791144307 3.42918 -0.486022 0 23.639 -0.000139506 0.000200729  0 0.00156141 2
1385798810.856338909 3.42918 -0.486004 0 23.642 1.17791e-05 0.000283366  0 0.000804733 2
1385798810.919688279 3.42916 -0.48595 0 23.646 -0.000273876 0.000854028  0 0.00110143 2
1385798810.984753921 3.42917 -0.485837 0 23.648 6.44334e-05 0.00174116  0 0.000536188 2
1385798811.050077491 3.42914 -0.485816 0 23.651 -0.000407225 0.000322057  0 0.000799068 2
1385798811.115765187 3.42913 -0.485811 0 23.658 -0.000112396 7.53007e-05  0 0.00186091 2
1385798811.180429498 3.42917 -0.485784 0 23.663 0.000476092 0.000414564  0 0.00135085 2
1385798811.245527981 3.42912 -0.485697 0 23.667 -0.000731424 0.00132789  0 0.00107183 2
1385798811.310792237 3.42917 -0.485714 0 23.672 0.000829094 -0.000260149  0 0.00133843 2
1385798811.375323683 3.42923 -0.485708 0 23.674 0.000893997 0.000104664  0 0.000540627 2
1385798811.441081156 3.42929 -0.485709 0 23.678 0.000862501 -2.76916e-05  0 0.00106109 2
1385798811.506278065 3.42921 -0.485704 0 23.682 -0.00113936 8.22989e-05  0 0.00107022 2
1385798811.570992937 3.42931 -0.485722 0 23.686 0.00145285 -0.000281206  0 0.00107819 2
1385798811.635217749 3.42928 -0.485742 0 23.689 -0.000440176 -0.000301119  0 0.000816885 2
1385798811.701955706 3.42927 -0.485759 0 23.695 -0.000183614 -0.000265228  0 0.00156826 2
1385798811.768312438 3.42929 -0.48568 0 23.698 0.000326051 0.00119954  0 0.00079064 2
1385798811.832692771 3.42929 -0.485617 0 23.702 9.81897e-06 0.000973666  0 0.00108379 2
1385798811.896655994 3.42931 -0.485565 0 23.705 0.000281436 0.000810165  0 0.000816062 2
1385798811.964559936 3.42939 -0.485567 0 23.71 0.00131115 -2.26488e-05  0 0.0012864 2
1385798812.027626174 3.42937 -0.485558 0 23.713 -0.000460984 0.000144504  0 0.000831892 2
1385798812.092887657 3.42941 -0.485594 0 23.716 0.000697545 -0.000559152  0 0.000799828 2
1385798812.157648076 3.42941 -0.48552 0 23.719 -6.90356e-05 0.00114259  0 0.000810129 2
1385798812.223373835 3.42938 -0.485539 0 23.723 -0.000419057 -0.000293757  0 0.00106161 2
1385798812.290517004 3.42937 -0.4855 0 23.727 -0.000192981 0.000585831  0 0.00103919 2
1385798812.353088767 3.42949 -0.485503 0 23.731 0.00205743 -4.16884e-05  0 0.00111512 2
1385798812.418732231 3.42954 -0.485479 0 23.734 0.000752765 0.000357743  0 0.000799231 2
1385798812.485281653 3.42954 -0.485402 0 23.738 -2.47472e-05 0.00115498  0 0.00104847 2
1385798812.551879753 3.42967 -0.485429 0 23.742 0.00184396 -0.000407988  0 0.0010477 2
1385798812.617982172 3.42971 -0.485414 0 23.746 0.000687562 0.000231448  0 0.00105556 2
1385798812.681270158 3.42976 -0.485397 0 23.751 0.000720124 0.000266578  0 0.00138023 2
1385798812.743770779 3.42979 -0.485365 0 23.754 0.0005324 0.000511793  0 0.00083942 2
1385798812.810076033 3.42983 -0.485212 0 23.758 0.000586767 0.00231467  0 0.00105233 2
1385798812.875034141 3.4299 -0.485188 0 23.765 0.00105095 0.000365671  0 0.00187771 2
1385798812.939509895 3.42996 -0.485166 0 23.768 0.000975932 0.000339863  0 0.000813705 2
1385798813.005112041 3.42996 -0.485054 0 23.769 -1.25775e-05 0.00170753  0 0.000267931 2
1385798813.070561964 3.43006 -0.485046 0 23.773 0.00148203 0.000120416  0 0.00106608 2
1385798813.134822430 3.43009 -0.485042 0 23.777 0.00047765 6.72567e-05  0 0.00108581 2
1385798813.200802154 3.43017 -0.484994 0 23.782 0.00121231 0.000729986  0 0.00132392 2
1385798813.266216720 3.43021 -0.484927 0 23.786 0.000649045 0.00101511  0 0.00106666 2
1385798813.332933985 3.43017 -0.484996 0 23.788 -0.000621015 -0.00103479  0 0.000522914 2
1385798813.396363457 3.43024 -0.48501 0 23.791 0.00120847 -0.000213671  0 0.000822929 2
1385798813.461129784 3.4303 -0.484984 0 23.795 0.000841409 0.000396967  0 0.00108144 2
1385798813.528886859 3.43034 -0.484973 0 23.798 0.000600809 0.0001692  0 0.000770369 2
1385798813.591989704 3.43037 -0.484925 0 23.801 0.000557902 0.000755085  0 0.000831409 2
1385798813.657064696 3.43036 -0.484838 0 23.804 -0.000202369 0.00133511  0 0.00080212 2
1385798813.721899448 3.43038 -0.484754 0 23.807 0.000223748 0.00129789  0 0.0008092 2
1385798813.790341095 3.43036 -0.484708 0 23.811 -0.000306217 0.0006675  0 0.00101948 2
1385798813.852640195 3.43044 -0.48463 0 23.816 0.00140203 0.00126048  0 0.00140213 2
1385798813.920143755 3.43047 -0.484635 0 23.821 0.000376415 -7.14485e-05  0 0.00129403 2
1385798813.982969616 3.43048 -0.484687 0 23.826 0.000187755 -0.000832604  0 0.00138614 2
1385798814.048237913 3.4305 -0.48469 0 23.831 0.000286454 -4.32474e-05  0 0.00133835 2
1385798814.112801056 3.43054 -0.484685 0 23.835 0.000690102 8.10152e-05  0 0.00108072 2
1385798814.178486000 3.43061 -0.484725 0 23.841 0.00101781 -0.000618979  0 0.0015934 2
