1385851518.799873858 6.87637e-25 -1.59199e-24 0 -160.85 1.93736e-25 -4.48531e-25  0 -0.790953 6
1385851518.860155561 6.90638e-25 -1.59881e-24 0 -160.45 4.97916e-26 -1.131e-25  0 0.115814 6
1385851518.927710086 6.91493e-25 -1.60074e-24 0 -160.32 1.26586e-26 -2.85775e-26  0 0.0335839 6
1385851518.992116893 6.917e-25 -1.6012e-24 0 -160.263 3.20912e-27 -7.22535e-27  0 0.015448 6
1385851519.057140467 6.91753e-25 -1.60132e-24 0 -160.285 8.11101e-28 -1.82809e-27  0 -0.00590598 6
1385851519.123281652 6.91766e-25 -1.60135e-24 0 -160.373 2.04474e-28 -4.62756e-28  0 -0.0232207 6
1385851519.187379645 6.9177e-25 -1.60136e-24 0 -160.536 5.1393e-29 -1.1721e-28  0 -0.0443819 6
1385851519.254194159 6.91771e-25 -1.60136e-24 0 -160.51 1.59788e-29 -3.63961e-29  0 0.00679198 6
1385851519.320906675 6.91771e-25 -1.60136e-24 0 -160.465 3.91672e-30 -8.90132e-30  0 0.0117724 6
1385851519.381635003 6.91771e-25 -1.60136e-24 0 -160.403 9.90936e-31 -2.24531e-30  0 0.0178178 6
1385851519.447189723 6.91771e-25 -1.60136e-24 0 -160.303 2.51553e-31 -5.6738e-31  0 0.0266256 6
1385851519.511318051 6.09561e-12 1.40337e-11 0 156.522 9.50534e-11 2.18838e-10  0 86.2277 6
1385851519.576989373 -0.00553386 -0.01072 0.242 156.538 -0.084266 -0.163238  3.68502 0.00424994 6
1385851519.642671431 -0.00947363 -0.0194806 0.241 156.56 -0.0599825 -0.133378  -0.0152249 0.00584677 6
1385851519.709619060 -0.0114699 -0.0265909 0.258 156.715 -0.0298178 -0.106207  0.25393 0.0404083 6
1385851519.772613139 -0.0129288 -0.0336387 0.278 156.962 -0.0231597 -0.11188  0.31749 0.068437 6
1385851519.837649827 -0.0124602 -0.0370525 0.325 157.172 0.00720571 -0.0524906  0.722669 0.0563535 6
1385851519.906222268 -0.0127691 -0.0408124 0.379 157.248 -0.00450495 -0.0548316  0.787488 0.0193448 6
1385851519.967258387 -0.0146929 -0.0459225 0.446 157.287 -0.0315193 -0.0837214  1.09771 0.0111525 6
1385851520.033541342 -0.0179655 -0.0523406 0.524 157.291 -0.0493728 -0.0968295  1.17677 0.00105268 6
1385851520.100695358 -0.0210344 -0.0574622 0.591 157.316 -0.0456995 -0.076266  0.997707 0.0064959 6
1385851520.163629801 -0.0235141 -0.0621542 0.642 157.299 -0.0394023 -0.0745542  0.810367 -0.00471405 6
1385851520.229000695 -0.0276869 -0.0686256 0.681 157.293 -0.0638329 -0.0989948  0.596596 -0.00160105 6
1385851520.301123486 -0.0327882 -0.0760374 0.702 157.259 -0.0707296 -0.102766  0.29117 -0.00822697 6
1385851520.359215232 -0.0364396 -0.0813017 0.714 157.214 -0.0628568 -0.0906216  0.20657 -0.0135194 6
1385851520.424451786 -0.0399587 -0.0869732 0.719 157.24 -0.0539442 -0.0869374  0.0766441 0.00695626 6
1385851520.489471624 -0.0430306 -0.0910608 0.704 157.28 -0.0472447 -0.0628672  -0.230699 0.0107354 6
1385851520.554694660 -0.0455484 -0.0950335 0.695 157.388 -0.0386034 -0.0609091  -0.137988 0.0289006 6
1385851520.621136656 -0.0476361 -0.0981612 0.681 157.417 -0.0314212 -0.0470736  -0.21071 0.00761968 6
1385851520.687619606 -0.0502397 -0.102194 0.666 157.417 -0.0391614 -0.0606637  -0.225622 0 6
1385851520.750625947 -0.0534658 -0.106312 0.658 157.497 -0.0512037 -0.0653547  -0.126971 0.022157 6
1385851520.815473138 -0.0567826 -0.108732 0.648 157.428 -0.0511477 -0.0373214  -0.154209 -0.0185711 6
1385851520.885386176 -0.0615885 -0.112111 0.646 157.405 -0.0687415 -0.0483237  -0.028607 -0.00574054 6
1385851520.947039719 -0.0664791 -0.115511 0.647 157.446 -0.0793233 -0.0551596  0.0162197 0.0116067 6
1385851521.012853440 -0.0714457 -0.11956 0.646 157.476 -0.0754642 -0.0615102  -0.0151944 0.00795545 6
1385851521.078333399 -0.0755129 -0.124684 0.65 157.519 -0.0621133 -0.0782623  0.0610874 0.0114612 6
1385851521.141142273 -0.0792901 -0.129557 0.654 157.522 -0.0601395 -0.0775726  0.0636853 0.0008353 6
1385851521.206558429 -0.0825588 -0.13499 0.658 157.529 -0.0499674 -0.083059  0.061147 0.00186864 6
1385851521.273650745 -0.0858005 -0.139848 0.664 157.488 -0.0483166 -0.0724072  0.089429 -0.0106658 6
1385851521.337671173 -0.0884855 -0.142984 0.668 157.485 -0.0419395 -0.0489929  0.0624801 -0.000819493 6
1385851521.405941307 -0.0910985 -0.145006 0.674 157.469 -0.0382753 -0.0296158  0.0878862 -0.00409206 6
1385851521.468957696 -0.0932675 -0.146488 0.678 157.538 -0.0344182 -0.0235128  0.0634756 0.0191106 6
1385851521.533778372 -0.0957945 -0.147651 0.681 157.492 -0.0389851 -0.0179423  0.0462815 -0.012383 6
1385851521.597101293 -0.0983095 -0.148881 0.686 157.478 -0.0397173 -0.0194296  0.0789603 -0.00386082 6
1385851521.664464669 -0.101387 -0.150891 0.689 157.519 -0.0456827 -0.0298358  0.0445346 0.0106229 6
1385851521.727565579 -0.104453 -0.152997 0.692 157.437 -0.0485923 -0.0333714  0.0475429 -0.0226809 6
1385851521.792935399 -0.108495 -0.155879 0.693 157.456 -0.0618279 -0.0440911  0.0152976 0.00507212 6
1385851521.857178857 -0.11304 -0.159058 0.695 157.443 -0.0707447 -0.0494761  0.0311316 -0.0035319 6
1385851521.922245711 -0.117305 -0.162926 0.696 157.379 -0.06555 -0.0594581  0.0153688 -0.0171659 6
1385851521.987994921 -0.120506 -0.165243 0.696 157.361 -0.0486948 -0.0352324  0 -0.00477957 6
1385851522.054573388 -0.123598 -0.167122 0.695 157.309 -0.0464295 -0.0282187  -0.0150199 -0.0136281 6
1385851522.118336712 -0.126299 -0.168908 0.696 157.248 -0.0423684 -0.0280196  0.015683 -0.0166982 6
1385851522.183485962 -0.129047 -0.171147 0.697 157.148 -0.0421774 -0.0343565  0.0153494 -0.0267913 6
1385851522.250635887 -0.131948 -0.172866 0.701 157.146 -0.0431958 -0.0255999  0.0595682 -0.000519545 6
1385851522.313781283 -0.135763 -0.175583 0.7 157.097 -0.0604198 -0.0430402  -0.0158365 -0.0135424 6
1385851522.379123135 -0.139935 -0.179377 0.7 156.988 -0.0638527 -0.0580519  0 -0.029113 6
1385851522.444768157 -0.143887 -0.183176 0.701 156.927 -0.0602027 -0.0578764  0.0152334 -0.0162195 6
1385851522.509376013 -0.147504 -0.187021 0.701 156.938 -0.0559829 -0.0595116  0 0.00297199 4
1385851522.574636753 0.210941 0.118608 0.697 0.026001 0.0300982 0.0661211  -0.0612926 -41.9645 3
1385851522.704833652 0.213415 0.128203 0.693 0.0569916 0.0189983 0.0736957  -0.0307227 0.00415438 3
1385851522.770116456 0.215081 0.135605 0.69 0.0309906 0.02553 0.113379  -0.0459539 -0.00695134 3
1385851522.898712033 0.219149 0.158878 0.686 0.0670013 0.0316358 0.180981  -0.0311053 0.00488746 3
1385851522.966353972 0.221867 0.173709 0.685 0.195999 0.0401779 0.219253  -0.0147837 0.0332846 3
1385851523.096108538 0.236618 0.20554 0.683 0.300995 0.113682 0.245321  -0.0154137 0.014123 3
1385851523.161583438 0.246836 0.22209 0.679 0.324997 0.156058 0.25276  -0.0610921 0.0063981 3
1385851523.291326225 0.287967 0.253635 0.676 0.285004 0.317025 0.243138  -0.0231227 -0.00537999 3
1385851523.361294126 0.315734 0.269212 0.678 0.177994 0.396847 0.222622  0.0285845 -0.0266933 3
1385851523.488473904 0.382521 0.292948 0.683 -0.309998 0.525138 0.186636  0.0393144 -0.0669686 3
1385851523.552694597 0.418384 0.302445 0.68 -0.525009 0.558431 0.14788  -0.0467139 -0.0584338 3
1385851523.683066507 0.49883 0.307654 0.685 -1.138 0.617048 0.0399543  0.0383518 -0.0820631 3
1385851523.814450492 0.577115 0.300203 0.685 -1.63 0.595848 -0.0567147  0 -0.0653588 3
1385851523.879038627 0.613874 0.293795 0.687 -1.76601 0.569135 -0.0992114  0.0309654 -0.036751 3
1385851524.007564223 0.679174 0.275499 0.69 -1.834 0.508069 -0.142351  0.0233417 -0.00923322 3
1385851524.073404583 0.710863 0.265184 0.693 -1.82901 0.481309 -0.156658  0.0455648 0.00132267 3
1385851524.205242854 0.771456 0.243781 0.697 -1.686 0.4596 -0.162348  0.0303402 0.0189316 3
1385851524.269248001 0.800398 0.233504 0.695 -1.59 0.452185 -0.16056  -0.0312475 0.0261801 3
1385851524.398735945 0.859619 0.214778 0.699 -1.29401 0.457341 -0.144614  0.0308909 0.0398956 3
1385851524.464175229 0.888974 0.20712 0.702 -1.086 0.448591 -0.117026  0.045844 0.0554777 3
1385851524.597453127 0.954998 0.193733 0.713 -0.572006 0.495385 -0.100445  0.0825343 0.0673094 3
1385851524.659781354 0.98767 0.187994 0.717 -0.287003 0.524188 -0.0920766  0.0641764 0.0798074 3
1385851524.792401646 1.06291 0.175604 0.733 0.358002 0.567333 -0.0934257  0.120645 0.0848848 3
1385851524.854235304 1.0998 0.169582 0.739 0.733002 0.596611 -0.0973856  0.0970345 0.105848 3
1385851524.985433164 1.17861 0.158245 0.747 1.631 0.600702 -0.0864123  0.0609766 0.119461 3
1385851525.116538575 1.25615 0.146185 0.759 2.51999 0.591447 -0.0919892  0.0915294 0.118346 3
1385851525.180812004 1.29346 0.1404 0.76 3 0.580394 -0.0900093  0.0155585 0.130346 3
1385851525.311716698 1.36617 0.128953 0.768 4.019 0.555499 -0.0874441  0.0611132 0.135861 3
1385851525.376632195 1.40167 0.12344 0.77 4.63499 0.546802 -0.0849217  0.0308093 0.165618 3
1385851525.511461190 1.46577 0.111199 0.779 5.98 0.475446 -0.0907911  0.0667512 0.174107 3
1385851525.571743160 1.49322 0.106602 0.778 6.62999 0.455349 -0.0762596  -0.0165887 0.188191 3
1385851525.702140510 1.54543 0.101943 0.777 7.92999 0.400366 -0.0357288  -0.00766887 0.174001 3
1385851525.767086374 1.57158 0.101467 0.779 8.515 0.402612 -0.00732514  0.0307949 0.157212 3
1385851525.897699290 1.62423 0.107235 0.78 9.619 0.403138 0.0441628  0.00765621 0.147524 3
1385851525.968081619 1.65324 0.111994 0.781 10.131 0.412126 0.0676171  0.0142081 0.126963 3
1385851526.093003590 1.70914 0.125342 0.783 11.018 0.447479 0.106849  0.01601 0.123925 3
1385851526.161237958 1.74252 0.132553 0.778 11.451 0.489251 0.105681  -0.0732769 0.110758 3
1385851526.288567716 1.80879 0.15015 0.78 12.073 0.520424 0.138194  0.0157072 0.0852577 3
1385851526.419612728 1.88223 0.16635 0.783 12.557 0.560429 0.123627  0.0228929 0.0644609 3
1385851526.484100183 1.91776 0.173039 0.785 12.773 0.550947 0.103728  0.0310138 0.0584605 3
1385851526.615672537 1.98902 0.18427 0.787 13.282 0.541596 0.0853581  0.0152008 0.0675201 3
1385851526.679643964 2.02389 0.189686 0.785 13.416 0.545085 0.0846537  -0.031264 0.0365599 3
1385851526.810769541 2.08778 0.198251 0.788 13.763 0.487256 0.0653191  0.0228788 0.046187 3
1385851526.875126531 2.1164 0.201587 0.79 13.931 0.444709 0.0518361  0.0310767 0.0455606 3
1385851527.005372221 2.16955 0.209592 0.796 14.181 0.408085 0.0614651  0.0460668 0.0335007 3
1385851527.072431275 2.19605 0.214157 0.8 14.32 0.395087 0.0680684  0.0596489 0.0361752 3
1385851527.200431089 2.24613 0.226876 0.809 14.499 0.391297 0.0993717  0.0703126 0.0244075 3
1385851527.265696585 2.27157 0.233646 0.813 14.594 0.389749 0.10372  0.0612881 0.0254052 3
1385851527.396399390 2.32412 0.250576 0.815 14.694 0.402035 0.129533  0.0153019 0.0133542 3
1385851527.462225944 2.35174 0.260468 0.817 14.721 0.419724 0.150277  0.0303829 0.00715689 3
1385851527.591189218 2.41556 0.282171 0.818 14.719 0.494847 0.168289  0.00775415 -0.000270522 3
1385851527.721808977 2.48641 0.308215 0.81 14.726 0.542366 0.199385  -0.0612465 0.000935839 3
1385851527.787433711 2.52285 0.321439 0.806 14.683 0.555343 0.201507  -0.0609526 -0.0114359 3
1385851527.917468147 2.59709 0.355231 0.802 14.478 0.570897 0.259871  -0.0307611 -0.0275155 3
1385851527.981911777 2.63369 0.372122 0.799 14.297 0.567937 0.262103  -0.0465523 -0.0490202 3
1385851528.113023303 2.70536 0.407972 0.794 13.79 0.546672 0.273429  -0.0381355 -0.0674913 3
1385851528.179008095 2.74083 0.425626 0.789 13.426 0.537507 0.267546  -0.075775 -0.0962793 3
1385851528.309302380 2.8071 0.455193 0.782 12.564 0.508666 0.226927  -0.0537245 -0.115467 3
1385851528.373177360 2.84023 0.467696 0.781 12.075 0.518572 0.195751  -0.0156556 -0.133615 3
1385851528.506429675 2.90899 0.483844 0.77 11.071 0.516042 0.121177  -0.0825502 -0.131503 3
1385851528.569186861 2.94142 0.489179 0.766 10.581 0.516801 0.0850176  -0.0637377 -0.136275 3
1385851528.701691682 3.01485 0.488962 0.754 9.713 0.554138 -0.00163658  -0.0905627 -0.114331 3
1385851528.766126297 3.05143 0.485145 0.748 9.351 0.56763 -0.0592373  -0.0931177 -0.0980542 3
1385851528.898651573 3.12571 0.468835 0.734 8.933 0.560523 -0.123069  -0.10564 -0.0550496 3
1385851529.025752184 3.19522 0.446718 0.718 8.903 0.546896 -0.174017  -0.125885 -0.00411939 3
1385851529.090105915 3.22934 0.434683 0.713 9.07199 0.530253 -0.18701  -0.0776956 0.0458319 3
1385851529.222735624 3.3011 0.412557 0.704 9.47699 0.541009 -0.166825  -0.0678581 0.0532955 3
1385851529.285802120 3.33492 0.405173 0.702 9.76199 0.53638 -0.117086  -0.0317126 0.0788731 3
1385851529.417019340 3.40925 0.404058 0.702 10.36 0.566437 -0.0084939  0 0.0795413 3
1385851529.481489692 3.44523 0.405914 0.701 10.62 0.558086 0.0287868  -0.015511 0.0703852 3
1385851529.612960234 3.51742 0.414802 0.698 10.953 0.549088 0.0676066  -0.0228188 0.0442083 3
1385851529.679322722 3.55358 0.41927 0.696 11.079 0.544815 0.0673211  -0.0301375 0.0331358 3
1385851529.807547545 3.61886 0.425059 0.693 11.286 0.509115 0.04515  -0.0233964 0.0281759 3
1385851529.872616392 3.65215 0.426931 0.692 11.326 0.511693 0.0287721  -0.0153683 0.0107314 3
1385851530.003008226 3.71805 0.426581 0.695 11.443 0.505425 -0.00268755  0.0230076 0.0156593 3
1385851530.069512300 3.75158 0.426425 0.698 11.502 0.50414 -0.00235315  0.04511 0.0154854 3
1385851530.197817710 3.81941 0.423621 0.705 11.631 0.528649 -0.0218475  0.0545573 0.0175475 3
1385851530.329732652 3.89272 0.427815 0.716 11.915 0.555759 0.0317887  0.0833871 0.0375748 3
1385851530.400790924 3.93334 0.431458 0.718 12.136 0.571639 0.0512649  0.0281459 0.0542839 3
1385851530.523589244 4.00001 0.44284 0.727 12.713 0.542874 0.0926885  0.0732909 0.0820083 3
1385851530.588881505 4.03504 0.45036 0.724 12.925 0.536552 0.115183  -0.0459473 0.0566713 3
1385851530.719682773 4.10055 0.474436 0.723 13.358 0.500835 0.184068  -0.00764519 0.0577766 3
1385851530.784745478 4.13074 0.488497 0.718 13.56 0.464068 0.216111  -0.0768489 0.0541861 3
1385851530.914615996 4.18394 0.52239 0.706 13.687 0.409631 0.260977  -0.0923997 0.0170674 3
1385851530.980259297 4.20958 0.539517 0.701 13.733 0.390591 0.260908  -0.0761692 0.0122319 3
1385851531.110765678 4.25774 0.573693 0.691 13.515 0.368989 0.261871  -0.0766246 -0.0291546 3
1385851531.175105516 4.28228 0.590018 0.687 13.412 0.381474 0.253735  -0.0621699 -0.0279397 3
1385851531.306481079 4.33273 0.62089 0.683 12.993 0.383977 0.234984  -0.0304471 -0.0556651 3
1385851531.371479872 4.35875 0.635284 0.684 12.733 0.400373 0.221462  0.0153849 -0.069813 3
1385851531.500839947 4.41406 0.65714 0.682 12.188 0.427566 0.16895  -0.0154607 -0.0735313 3
1385851531.565768380 4.44335 0.665821 0.683 11.866 0.451083 0.133712  0.0154016 -0.0865579 3
1385851531.697150783 4.50519 0.679457 0.685 11.183 0.470684 0.103788  0.0152227 -0.0907319 3
1385851531.829644184 4.56941 0.691367 0.686 10.519 0.484692 0.0898896  0.00754755 -0.0874686 3
1385851531.891930980 4.60031 0.696982 0.685 10.201 0.496218 0.0901503  -0.0160548 -0.0891044 3
1385851532.024318085 4.66566 0.707752 0.687 9.605 0.4936 0.0813465  0.0151072 -0.0785749 3
1385851532.088179946 4.6969 0.713044 0.684 9.34799 0.489101 0.0828803  -0.0469764 -0.0702385 3
1385851532.218308857 4.75889 0.72259 0.686 8.875 0.476404 0.0733582  0.0153694 -0.0634391 3
1385851532.282602065 4.78911 0.727525 0.684 8.698 0.47003 0.0767489  -0.0311075 -0.0480497 3
1385851532.417322050 4.85021 0.739357 0.68 8.354 0.453545 0.0878267  -0.0296912 -0.0445653 3
1385851532.479998276 4.87793 0.744745 0.678 8.19299 0.442305 0.0859596  -0.03191 -0.0448363 3
1385851532.614687392 4.93551 0.758034 0.673 7.87999 0.427449 0.0986668  -0.0371225 -0.0405596 3
1385851532.674779489 4.9614 0.763746 0.671 7.74699 0.430915 0.0950521  -0.0332822 -0.0386276 3
1385851532.807368182 5.02 0.775475 0.669 7.34999 0.441943 0.0884604  -0.0150842 -0.0522595 3
1385851532.935186028 5.07915 0.786997 0.669 6.77899 0.462814 0.090146  0 -0.0779689 3
1385851533.004522492 5.11289 0.794451 0.671 6.392 0.486541 0.10751  0.0288449 -0.0974135 3
1385851533.130599788 5.17991 0.809955 0.675 5.53099 0.531563 0.122968  0.0317266 -0.119192 3
1385851533.197023430 5.21531 0.818495 0.674 5.01999 0.533039 0.128567  -0.0150549 -0.134269 3
1385851533.331724848 5.28889 0.841335 0.68 4.06799 0.546215 0.169561  0.044543 -0.12335 3
1385851533.391234116 5.3224 0.851765 0.684 3.724 0.563119 0.175278  0.0672164 -0.100889 3
1385851533.523277564 5.4006 0.87205 0.691 2.722 0.592258 0.153621  0.0530129 -0.132443 3
1385851533.587390671 5.43813 0.880389 0.694 2.33 0.58539 0.130063  0.0467923 -0.106712 3
1385851533.716257758 5.51115 0.884864 0.697 2.466 0.566617 0.0347268  0.0232798 0.0184196 3
1385851533.782068617 5.54715 0.885179 0.698 2.89799 0.547 0.00477993  0.0151951 0.114566 3
1385851533.913643539 5.61589 0.87359 0.703 4.713 0.522408 -0.0880785  0.0380012 0.240758 3
1385851533.979409561 5.64904 0.865752 0.706 5.946 0.504163 -0.119175  0.0456163 0.32722 3
1385851534.109238372 5.63336 0.875583 0.709 3.97499 -0.120779 0.0757215  0.0231074 -0.264969 3
1385851534.238119346 5.60517 0.880124 0.713 3.25099 -0.218754 0.0352329  0.0310364 -0.0980452 3
1385851534.303597163 5.5952 0.881463 0.711 3.886 -0.152234 0.0204573  -0.0305447 0.169264 3
1385851534.370825862 5.58855 0.882676 0.711 6.8 -0.0988966 0.0180377  0 0.756506 3
1385851534.433073314 5.58804 0.883108 0.704 11.503 -0.00820715 0.00694803  -0.112454 1.31865 3
1385851534.500710614 5.59166 0.884889 0.697 14.179 0.0535176 0.0263275  -0.103493 0.690524 7
1385851534.566160433 5.59993 0.885646 0.693 16.608 0.126375 0.0115603  -0.0611155 0.647734 4
1385851534.630986116 5.61215 0.886007 0.676 18.346 0.188471 0.00557816  -0.262242 0.467927 8
1385851534.694614031 5.62497 0.886323 0.655 19.738 0.201518 0.00495683  -0.330044 0.381829 8
1385851534.761631546 5.63622 0.88611 0.63 20.713 0.167804 -0.00317709  -0.373037 0.25392 8
1385851534.825051672 5.63249 0.888741 0.59 20.191 -0.0587597 0.0414977  -0.630715 -0.143656 8
1385851534.890077831 5.62107 0.895607 0.558 19.836 -0.175643 0.105583  -0.49211 -0.0952823 8
1385851534.957225237 5.60693 0.901354 0.514 19.618 -0.210546 0.0855844  -0.655275 -0.0566643 8
1385851535.020395535 5.60023 0.908186 0.469 19.778 -0.106077 0.108159  -0.71236 0.0442073 8
1385851535.085906239 5.59549 0.915739 0.418 20.164 -0.072388 0.115296  -0.778499 0.102838 8
1385851535.152300106 5.58982 0.923026 0.366 20.793 -0.085479 0.109752  -0.783205 0.165348 8
1385851535.215774624 5.58345 0.929053 0.315 21.327 -0.100209 0.0949414  -0.803472 0.146831 8
1385851535.285557527 5.5774 0.936787 0.273 21.759 -0.0867156 0.110833  -0.601867 0.108049 8
1385851535.349918181 5.57255 0.942545 0.228 22.066 -0.0753307 0.0894667  -0.699185 0.0832498 8
1385851535.409825178 5.56821 0.948216 0.177 22.314 -0.0724852 0.0946564  -0.85132 0.0722526 8
1385851535.477781770 5.56418 0.957364 0.127 22.391 -0.0593114 0.134625  -0.735764 0.0197748 8
1385851535.542291249 5.56313 0.968649 0.093 22.411 -0.0162575 0.174929  -0.527054 0.00541223 8
1385851535.606650783 5.56378 0.972848 0.039 22.659 0.0100186 0.0652381  -0.839037 0.067254 8
1385851535.674361923 5.56924 0.983958 0 22.343 0.0807111 0.164086  -0.575976 -0.081451 2
1385851535.738908317 5.57416 0.993867 0 22.103 0.076238 0.153516  0 -0.0648973 2
1385851535.803093131 5.57449 1.0009 0 22.179 0.00508437 0.109593  0 0.0206672 2
1385851535.866690230 5.57419 1.00201 0 22.175 -0.00474575 0.0173832  0 -0.00109714 2
1385851535.933413005 5.57322 1.00267 0 22.186 -0.0145768 0.00991163  0 0.0028738 2
1385851535.997615456 5.57205 1.00311 0 22.184 -0.0181098 0.00681982  0 -0.000543397 2
1385851536.064142461 5.57073 1.00375 0 22.183 -0.019828 0.00968321  0 -0.000260203 2
1385851536.128540418 5.5693 1.00465 0 22.184 -0.0222895 0.0139655  0 0.000268806 2
1385851536.193000856 5.56818 1.00518 0 22.185 -0.0173235 0.00830156  0 0.000272677 2
1385851536.258126926 5.56755 1.00579 0 22.187 -0.00976389 0.00922174  0 0.00053569 2
1385851536.323332232 5.56685 1.00647 0 22.186 -0.0106298 0.0104515  0 -0.000269562 2
1385851536.387045251 5.56662 1.00717 0 22.188 -0.00368719 0.0110582  0 0.000551751 2
1385851536.454660535 5.56618 1.00789 0 22.188 -0.00652242 0.0106256  0 0 2
1385851536.518822399 5.56588 1.00861 0 22.188 -0.00470519 0.0111683  0 0 2
1385851536.584148415 5.56552 1.00924 0 22.186 -0.00543071 0.0096816  0 -0.000538128 2
1385851536.649308184 5.56527 1.0099 0 22.186 -0.00376593 0.0101089  0 0 2
1385851536.714518909 5.56508 1.01065 0 22.185 -0.0029312 0.0115828  0 -0.000265456 2
1385851536.780946598 5.56452 1.01129 0 22.185 -0.00855381 0.00956601  0 0 2
1385851536.847840600 5.56398 1.01201 0 22.186 -0.00801458 0.0107675  0 0.000258776 2
1385851536.910606121 5.56364 1.01262 0 22.189 -0.00540825 0.00975  0 0.000835877 2
1385851536.975086566 5.56331 1.01333 0 22.191 -0.00506129 0.0109549  0 0.000541054 2
1385851537.041080468 5.56291 1.01404 0 22.191 -0.00606236 0.0107936  0 0 2
1385851537.107680824 5.56256 1.01476 0 22.192 -0.00527392 0.01076  0 0.000263915 2
1385851537.170640345 5.56218 1.01543 0 22.19 -0.00608604 0.0106432  0 -0.000554124 2
1385851537.235794994 5.56184 1.0161 0 22.189 -0.00515047 0.0103311  0 -0.000269771 2
1385851537.301123386 5.56143 1.01676 0 22.191 -0.00634784 0.0101253  0 0.000534031 2
1385851537.371002602 5.56103 1.01746 0 22.193 -0.00564959 0.00998332  0 0.000499253 2
1385851537.432197911 5.56069 1.01809 0 22.193 -0.00569906 0.0102767  0 0 2
1385851537.498308861 5.56031 1.01875 0 22.194 -0.00573951 0.0100543  0 0.000265869 2
1385851537.561480193 5.55995 1.01945 0 22.193 -0.00562903 0.0109985  0 -0.000278241 2
1385851537.626668560 5.55964 1.02008 0 22.194 -0.00476184 0.00971577  0 0.000269632 2
1385851537.695358830 5.55929 1.02077 0 22.195 -0.00513504 0.0100856  0 0.000252009 2
1385851537.755387870 5.559 1.02135 0 22.197 -0.00473726 0.00955931  0 0.000581176 2
1385851537.824898066 5.55869 1.02204 0 22.198 -0.00450337 0.00996096  0 0.000252867 2
1385851537.887483895 5.55834 1.02269 0 22.197 -0.00552172 0.0104811  0 -0.000280844 2
1385851537.952419931 5.55795 1.0234 0 22.195 -0.0060948 0.0109035  0 -0.000537258 2
1385851538.017131480 5.55754 1.024 0 22.198 -0.00632936 0.00921336  0 0.00081074 2
1385851538.081978530 5.55717 1.02466 0 22.196 -0.00574504 0.0101611  0 -0.000537995 2
1385851538.148844687 5.55673 1.02542 0 22.197 -0.00646482 0.0113322  0 0.000258884 2
1385851538.214576322 5.55634 1.0261 0 22.198 -0.00602309 0.0103933  0 0.000267403 2
1385851538.279109085 5.55596 1.02676 0 22.198 -0.00582452 0.0102709  0 0 2
1385851538.342560877 5.55559 1.02744 0 22.198 -0.00579475 0.0107537  0 0 2
1385851538.416415806 5.55519 1.02822 0 22.198 -0.00549442 0.0104884  0 0 2
1385851538.473730638 5.55485 1.02883 0 22.2 -0.0059137 0.0107161  0 0.000608698 2
1385851538.539226642 5.55446 1.02947 0 22.199 -0.00592479 0.00965611  0 -0.000268365 2
1385851538.603969213 5.55413 1.03009 0 22.201 -0.00520106 0.00961329  0 0.000542977 2
1385851538.667392167 5.55378 1.03076 0 22.205 -0.00541421 0.0105995  0 0.00110015 2
1385851538.732594360 5.5535 1.03136 0 22.208 -0.00432662 0.00926374  0 0.000800555 2
1385851538.801904816 5.55309 1.03204 0 22.207 -0.00583723 0.00980173  0 -0.000249754 2
1385851538.864924923 5.55283 1.03266 0 22.206 -0.00423662 0.00981229  0 -0.000278909 2
1385851538.931355289 5.55253 1.03334 0 22.207 -0.00446498 0.0102825  0 0.000264591 2
1385851538.997686340 5.55224 1.03404 0 22.208 -0.00437134 0.0104123  0 0.000260972 2
1385851539.060425892 5.55198 1.0347 0 22.207 -0.00417481 0.010599  0 -0.000275911 2
1385851539.125405432 5.55168 1.03532 0 22.208 -0.00457475 0.00946424  0 0.0002664 2
1385851539.190676744 5.55135 1.03604 0 22.207 -0.00506146 0.0111106  0 -0.000265209 2
1385851539.258509214 5.55101 1.03673 0 22.206 -0.00497241 0.0101201  0 -0.000259122 2
1385851539.320976179 5.55058 1.0375 0 22.207 -0.00691615 0.0123393  0 0.000281379 2
1385851539.386563493 5.55015 1.03821 0 22.206 -0.00655317 0.0108735  0 -0.000267992 2
1385851539.450820186 5.54989 1.03891 0 22.206 -0.00411311 0.0109255  0 0 2
1385851539.516412326 5.54974 1.0396 0 22.204 -0.00225685 0.0104484  0 -0.000531884 2
1385851539.581789005 5.54953 1.04029 0 22.206 -0.00314275 0.0106312  0 0.000533637 2
1385851539.648243089 5.54909 1.04119 0 22.207 -0.0067495 0.013497  0 0.000264496 2
1385851539.712059258 5.54893 1.04201 0 22.207 -0.00238583 0.0128392  0 0 2
1385851539.777462590 5.54878 1.04285 0 22.205 -0.00240857 0.0128244  0 -0.000533419 2
1385851539.842236495 5.54822 1.04357 0 22.205 -0.00859631 0.0110857  0 0 2
1385851539.907334569 5.54757 1.04429 0 22.207 -0.00992876 0.0110821  0 0.000535921 2
1385851539.975507878 5.54712 1.04515 0 22.205 -0.0066465 0.0126985  0 -0.000511746 2
1385851540.039063471 5.54681 1.04596 0 22.205 -0.00483588 0.0126928  0 0 2
1385851540.102887280 5.54661 1.04688 0 22.207 -0.00314352 0.0143786  0 0.000546621 2
1385851540.167935357 5.54577 1.04758 0 22.205 -0.0129426 0.0108157  0 -0.000536333 2
1385851540.233135278 5.54405 1.04824 0 22.203 -0.0263368 0.0101652  0 -0.000535084 2
1385851540.298300422 5.5427 1.04882 0 22.204 -0.0206952 0.00882248  0 0.000265641 2
1385851540.365432886 5.54204 1.04957 0 22.203 -0.00984333 0.0111803  0 -0.000257857 2
1385851540.428621769 5.54151 1.05025 0 22.205 -0.00851457 0.0107486  0 0.000552113 2
1385851540.493857632 5.54071 1.05085 0 22.206 -0.0122479 0.00926386  0 0.000265353 2
1385851540.558969907 5.5405 1.05159 0 22.205 -0.00324661 0.0113884  0 -0.000265857 2
1385851540.624180523 5.54005 1.05224 0 22.206 -0.00683461 0.00996583  0 0.000265456 2
1385851540.689267532 5.53971 1.05287 0 22.207 -0.00519882 0.00957572  0 0.000270052 2
1385851540.754392041 5.53956 1.05367 0 22.21 -0.00236883 0.0122412  0 0.00080151 2
1385851540.819631239 5.53922 1.0544 0 22.209 -0.00516034 0.011296  0 -0.00026534 2
1385851540.884425493 5.53885 1.05512 0 22.206 -0.00576414 0.0110969  0 -0.000809706 2
1385851540.952116495 5.53848 1.05583 0 22.205 -0.00544105 0.0105409  0 -0.000255729 2
1385851541.015745244 5.5381 1.05655 0 22.207 -0.00597046 0.0112282  0 0.000548296 2
1385851541.082097779 5.53773 1.05727 0 22.207 -0.00552615 0.0109392  0 0 2
1385851541.145374601 5.53739 1.05804 0 22.209 -0.00545641 0.0120748  0 0.000551346 2
1385851541.212482759 5.53731 1.05898 0 22.208 -0.00114924 0.0140869  0 -0.000261918 2
1385851541.275754197 5.53736 1.05968 0 22.215 0.000869417 0.0109837  0 0.00193198 2
1385851541.343337452 5.53687 1.06049 0 22.211 -0.00731996 0.0120393  0 -0.00103243 2
1385851541.406067922 5.53668 1.06155 0 22.211 -0.00295813 0.0168162  0 0 2
1385851541.473682671 5.53665 1.06182 0 22.207 -0.000486514 0.0040886  0 -0.00103195 2
1385851541.536625796 5.53685 1.06201 0 22.223 0.00313923 0.00292523  0 0.00443415 2
1385851541.601272865 5.53812 1.06223 0 22.215 0.0196181 0.00344399  0 -0.00215864 2
1385851541.669519921 5.53819 1.06218 0 22.226 0.000993259 -0.000724907  0 0.00281351 2
1385851541.731937740 5.53737 1.06309 0 22.212 -0.013115 0.0146283  0 -0.0039168 2
1385851541.798839931 5.5376 1.06335 0 22.234 0.00343785 0.00377961  0 0.00574014 2
1385851541.862251503 5.53711 1.06402 0 22.235 -0.00769438 0.0106668  0 0.000277187 2
1385851541.929133059 5.53796 1.06457 0 22.218 0.0127925 0.00814528  0 -0.00443584 2
1385851541.992646486 5.53786 1.06506 0 22.244 -0.001628 0.0078007  0 0.00714499 2
1385851542.058137189 5.53379 1.06822 0 22.087 -0.0621689 0.0481323  0 -0.041844 2
1385851542.125553284 5.53196 1.06906 0 22.121 -0.0272088 0.0124654  0 0.0088053 2
1385851542.186485645 5.53239 1.07008 0 22.198 0.00714486 0.0168734  0 0.0220545 2
1385851542.253263342 5.53091 1.06982 0 22.198 -0.0221903 -0.00403169  0 0 2
1385851542.318687051 5.5297 1.07016 0 22.199 -0.018398 0.00526473  0 0.000264591 2
1385851542.383471770 5.52958 1.07101 0 22.201 -0.00186223 0.0131557  0 0.000542624 2
1385851542.449242699 5.5296 1.07188 0 22.201 0.000204037 0.0131286  0 0 2
1385851542.515982759 5.52961 1.07288 0 22.199 0.000146509 0.015055  0 -0.000526726 2
1385851542.579076545 5.52924 1.07366 0 22.201 -0.00588652 0.0123438  0 0.000557166 2
1385851542.644303401 5.52888 1.07446 0 22.211 -0.00539159 0.0123196  0 0.00267431 2
1385851542.709268827 5.5282 1.0751 0 22.237 -0.0105119 0.0097414  0 0.00698529 2
1385851542.774442801 5.52768 1.07587 0 22.234 -0.00798023 0.0118545  0 -0.000804988 2
1385851542.839615218 5.52738 1.07681 0 22.236 -0.00462012 0.0143969  0 0.000535309 2
1385851542.904795300 5.52729 1.0775 0 22.224 -0.00133541 0.0105757  0 -0.00321148 2
1385851542.969941400 5.52667 1.07808 0 22.208 -0.00961476 0.00898867  0 -0.00428829 2
1385851543.034992206 5.52596 1.07823 0 22.272 -0.0109022 0.00230841  0 0.0171742 2
1385851543.102585549 5.52481 1.07797 0 22.285 -0.0169449 -0.00386104  0 0.00335686 2
1385851543.165380384 5.52561 1.07849 0 22.274 0.0126536 0.00822805  0 -0.0030578 2
1385851543.232354486 5.53501 1.08233 0 22.588 0.140434 0.0574087  0 0.0818264 2
1385851543.300267571 5.5439 1.08614 0 23.549 0.130803 0.0560513  0 0.246971 2
1385851543.360890689 5.56477 1.09299 0 25.001 0.344317 0.11303  0 0.418027 2
1385851543.426119253 5.58055 1.09733 0 26.9 0.241875 0.0665249  0 0.508118 2
1385851543.491206919 5.58903 1.10475 0 28.97 0.130398 0.114069  0 0.555074 2
1385851543.557003117 5.59154 1.10759 0 31.061 0.0380182 0.0431074  0 0.554662 2
1385851543.622144217 5.59582 1.11081 0 32.718 0.0657185 0.0494036  0 0.443964 2
1385851543.686643448 5.59884 1.11 0 33.176 0.0468617 -0.0125434  0 0.123931 2
1385851543.752095013 5.60069 1.10995 0 31.924 0.0282377 -0.000716048  0 -0.333858 2
1385851543.817161263 5.60252 1.10962 0 29.453 0.0281493 -0.00506476  0 -0.662816 2
1385851543.883047288 5.60485 1.10899 0 26.742 0.0353778 -0.00960351  0 -0.718151 2
1385851543.949367269 5.60699 1.10785 0 24.664 0.0322723 -0.0171716  0 -0.54686 2
1385851544.014059370 5.55831 1.09357 0 23.464 -0.752438 -0.220843  0 -0.323751 2
1385851544.090579195 5.49215 1.05055 0 22.992 -0.8647 -0.562148  0 -0.107658 2
1385851544.144819683 5.47896 1.04652 0 22.713 -0.243138 -0.0743115  0 -0.0897729 2
1385851544.210077189 5.47007 1.0529 0 22.803 -0.136224 0.09775  0 0.0240698 2
1385851544.271519312 5.45499 1.06676 0 23.374 -0.245477 0.225602  0 0.162198 2
1385851544.338410412 5.42965 1.08575 0 23.695 -0.37881 0.283869  0 0.0837554 2
1385851544.403561402 5.39477 1.10769 0 24.257 -0.535373 0.336815  0 0.150557 2
1385851544.468900360 5.34918 1.13305 0 25.509 -0.697688 0.388165  0 0.334433 2
1385851544.534620824 5.28949 1.15674 0 27.34 -0.908303 0.360328  0 0.486254 2
1385851544.599012870 5.21815 1.17494 0 29.975 -1.10789 0.282674  0 0.714208 2
1385851544.669261039 5.12826 1.18372 0 33.112 -1.27955 0.125007  0 0.779396 2
1385851544.730092076 5.04297 1.1837 0 36.06 -1.4021 -0.000365379  0 0.845823 2
1385851544.794582762 4.95151 1.1683 0 38.431 -1.41823 -0.238704  0 0.641671 2
1385851544.859715168 4.89498 1.15043 0 40.424 -0.867844 -0.274351  0 0.534056 2
1385851544.925994421 4.87366 1.13836 0 42.946 -0.321706 -0.18223  0 0.664118 2
1385851544.990144797 4.8543 1.12297 0 46.719 -0.301778 -0.239844  0 1.02651 2
1385851545.055167044 4.78532 1.09346 0 51.739 -1.06091 -0.453906  0 1.34747 2
1385851545.119689903 4.74335 1.07388 0 57.294 -0.650379 -0.303394  0 1.50261 2
1385851545.185552430 4.7403 1.10317 0 63.59 -0.0463055 0.444777  0 1.66841 2
1385851545.250912101 4.73434 1.12987 0 70.373 -0.0912431 0.408396  0 1.8113 2
1385851545.315008879 4.72588 1.15352 0 77.38 -0.131986 0.369068  0 1.90798 2
1385851545.382976902 4.70512 1.16882 0 84.962 -0.305421 0.225121  0 1.94696 2
1385851545.446052836 4.64004 1.15405 0 91.352 -1.03181 -0.234244  0 1.76813 2
1385851545.512154136 4.55772 1.12822 0 98.568 -1.24529 -0.390755  0 1.9053 2
1385851545.576949668 4.48093 1.09926 0 108.126 -1.18511 -0.446849  0 2.57454 2
1385851545.641501429 4.41583 1.0698 0 118.29 -1.00859 -0.456456  0 2.74811 2
1385851545.706836634 4.3627 1.04077 0 127.912 -0.813131 -0.444392  0 2.57037 2
1385851545.771446220 4.31977 1.0083 0 136.955 -0.664418 -0.502511  0 2.44283 2
1385851545.837046529 4.30588 0.984743 0 145.476 -0.211791 -0.359072  0 2.26706 2
1385851545.902222519 4.2716 0.965218 0 153.446 -0.52596 -0.299576  0 2.13426 2
1385851545.967983884 4.21394 0.947728 0 161.588 -0.876865 -0.265965  0 2.16092 2
1385851546.033064916 4.15942 0.92713 0 170.771 -0.837641 -0.316487  0 2.46268 2
1385851546.100126153 4.11056 0.90009 0 179.958 -0.728661 -0.403218  0 2.391 2
1385851546.163544856 4.05543 0.88366 0 -172.405 -0.869228 -0.259069  0 -96.9729 2
1385851546.228799337 3.99836 0.877334 0 -166.802 -0.874651 -0.0969428  0 1.49861 2
1385851546.292342537 4.01471 0.883326 0 -162.624 0.257372 0.0942975  0 1.14756 2
1385851546.358541928 3.98598 0.879799 0 -158.544 -0.434033 -0.0532764  0 1.07568 2
1385851546.423612340 3.91243 0.860905 0 -154.868 -1.13026 -0.290361  0 0.985983 2
1385851546.489471699 3.83093 0.836176 0 -151.745 -1.23756 -0.375481  0 0.827622 2
1385851546.556428069 3.75662 0.807279 0 -146.764 -1.10973 -0.431582  0 1.29838 2
1385851546.619070368 3.69989 0.777906 0 -140.078 -0.905673 -0.468899  0 1.86284 2
1385851546.684982475 3.64631 0.743593 0 -134.271 -0.812839 -0.520595  0 1.53767 2
1385851546.749611400 3.59888 0.708441 0 -129.683 -0.733949 -0.543899  0 1.23901 2
1385851546.816463965 3.55432 0.672077 0 -126.439 -0.666572 -0.543951  0 0.846916 2
1385851546.879756361 3.54812 0.639241 0 -124.01 -0.0979112 -0.518791  0 0.669813 2
1385851546.944923541 3.50856 0.592839 0 -122.452 -0.607036 -0.712051  0 0.417268 2
1385851547.010824209 3.43416 0.565923 0 -123.282 -1.12896 -0.408434  0 -0.21982 2
1385851547.074579270 3.36124 0.548245 0 -123.751 -1.14385 -0.277281  0 -0.128391 2
1385851547.140366701 3.3315 0.54102 0 -124.901 -0.451996 -0.109814  0 -0.305093 2
1385851547.205501412 3.31616 0.537174 0 -125.129 -0.235457 -0.0590579  0 -0.0610938 2
1385851547.270319103 3.33559 0.550727 0 -122.542 0.299698 0.209103  0 0.696595 2
1385851547.335758122 3.3785 0.562823 0 -117.856 0.655765 0.184836  0 1.24981 2
1385851547.400934745 3.34325 0.560614 0 -112.702 -0.54086 -0.0338846  0 1.38016 2
1385851547.466090854 3.28653 0.550214 0 -107.455 -0.870579 -0.159628  0 1.40551 2
1385851547.534014980 3.23209 0.53442 0 -101.361 -0.801513 -0.232524  0 1.56587 2
1385851547.596497251 3.187 0.515389 0 -94.425 -0.721633 -0.304572  0 1.93745 2
1385851547.662123316 3.16613 0.483568 0 -87.688 -0.318017 -0.484885  0 1.79171 2
1385851547.726690573 3.16834 0.447667 0 -81.675 0.0342143 -0.556028  0 1.62539 2
1385851547.791968002 3.19178 0.402043 0 -75.783 0.359176 -0.698929  0 1.57535 2
1385851547.857091971 3.31619 0.401841 0 -70.051 1.91028 -0.00309525  0 1.53618 2
1385851547.922193542 3.40172 0.390809 0 -65.193 1.31382 -0.169461  0 1.3024 2
1385851547.987316672 3.42482 0.339627 0 -61.365 0.354763 -0.785919  0 1.02592 2
1385851548.052550940 3.43369 0.293462 0 -58.181 0.135978 -0.707679  0 0.851874 2
1385851548.117727966 3.4595 0.267654 0 -54.614 0.395906 -0.395972  0 0.95518 2
1385851548.184384232 3.52161 0.231805 0 -51.072 0.931909 -0.537825  0 0.927438 2
1385851548.251111975 3.57629 0.19247 0 -47.615 0.819359 -0.589485  0 0.904212 2
1385851548.313271359 3.62292 0.159108 0 -44.072 0.750284 -0.536718  0 0.994814 2
1385851548.378333383 3.67092 0.12976 0 -40.06 0.737635 -0.451072  0 1.07624 2
1385851548.443524665 3.69502 0.123965 0 -35.551 0.369801 -0.0888995  0 1.20717 2
1385851548.508694683 3.70265 0.140174 0 -30.59 0.116971 0.248719  0 1.32861 2
1385851548.573898382 3.70044 0.149338 0 -25.974 -0.0339049 0.140548  0 1.23558 2
1385851548.639098605 3.69013 0.150417 0 -21.448 -0.158107 0.0165515  0 1.21155 2
1385851548.704152639 3.67278 0.140344 0 -16.69 -0.266602 -0.154834  0 1.27652 2
1385851548.769539586 3.65448 0.124682 0 -12.451 -0.279911 -0.239529  0 1.13149 2
1385851548.834878611 3.63502 0.106512 0 -8.60001 -0.297828 -0.278095  0 1.02867 2
1385851548.900214269 3.61663 0.0893644 0 -4.981 -0.281453 -0.262452  0 0.966754 2
1385851548.967253800 3.60234 0.0855503 0 -1.672 -0.213193 -0.0568928  0 0.861477 2
1385851549.029097294 3.58424 0.0687555 0 0.621002 -0.292611 -0.27157  0 0.647124 2
1385851549.095294477 3.56655 0.0486346 0 2.002 -0.267345 -0.303953  0 0.364108 2
1385851549.160662367 3.54849 0.0297988 0 2.84999 -0.276266 -0.288151  0 0.226415 2
1385851549.225682172 3.52622 0.0118398 0 3.765 -0.342533 -0.276209  0 0.245616 2
1385851549.290759417 3.49913 -0.00138321 0 3.59399 -0.41622 -0.203189  0 -0.0458625 2
1385851549.356132177 3.4708 -0.0133878 0 2.761 -0.433357 -0.183633  0 -0.222393 2
1385851549.421199476 3.44521 -0.0241337 0 2.36 -0.393243 -0.16515  0 -0.107562 2
1385851549.486306427 3.42166 -0.0357828 0 2.651 -0.361688 -0.178922  0 0.0780088 2
1385851549.551485267 3.40136 -0.0482268 0 3.095 -0.311569 -0.190921  0 0.118892 2
1385851549.615507389 3.38478 -0.0596603 0 4.459 -0.258872 -0.178586  0 0.371844 2
1385851549.684732390 3.36951 -0.0732215 0 5.91299 -0.22063 -0.1959  0 0.366587 2
1385851549.746915982 3.35617 -0.0801295 0 5.94699 -0.214512 -0.111091  0 0.00954194 2
1385851549.813304323 3.31256 -0.0500952 0 4.72099 -0.656923 0.452403  0 -0.322311 2
1385851549.877405790 3.28259 -0.0460623 0 3.46899 -0.467471 0.0629145  0 -0.340889 2
1385851549.942951858 3.26103 -0.0642396 0 2.44 -0.329024 -0.27732  0 -0.273995 2
1385851550.007663735 3.24225 -0.0884089 0 1.64799 -0.290116 -0.373492  0 -0.213611 2
1385851550.072664702 3.22704 -0.101784 0 1.144 -0.233993 -0.205761  0 -0.135328 2
1385851550.137915347 3.21343 -0.109171 0 1.42 -0.208572 -0.11322  0 0.073825 2
1385851550.203106514 3.20135 -0.11417 0 2.188 -0.185299 -0.0766766  0 0.205614 2
1385851550.268188969 3.19061 -0.117255 0 2.907 -0.165113 -0.0474051  0 0.192814 2
1385851550.333626715 3.18066 -0.119913 0 3.011 -0.152053 -0.0406135  0 0.0277395 2
1385851550.400624494 3.1719 -0.121352 0 3.677 -0.130774 -0.0214768  0 0.173497 2
1385851550.463598948 3.1642 -0.121776 0 4.851 -0.122287 -0.00673343  0 0.325372 2
1385851550.529403332 3.1565 -0.122364 0 5.616 -0.116904 -0.00894267  0 0.202901 2
1385851550.593923388 3.14987 -0.12397 0 6.04799 -0.102837 -0.0248807  0 0.116858 2
1385851550.659059216 3.14609 -0.125726 0 6.326 -0.0579783 -0.0269637  0 0.0744948 2
1385851550.724812273 3.1445 -0.127536 0 6.776 -0.0242558 -0.0275299  0 0.119446 2
1385851550.796196809 3.14494 -0.131984 0 7.524 0.0062645 -0.0623095  0 0.182884 2
1385851550.854544489 3.14676 -0.136174 0 8.55899 0.0310369 -0.0718091  0 0.309592 2
1385851550.920007940 3.15266 -0.141621 0 9.905 0.0902274 -0.0832048  0 0.358861 2
1385851550.984891719 3.16234 -0.149572 0 11.07 0.149125 -0.122545  0 0.313375 2
1385851551.050538862 3.17549 -0.163084 0 12.131 0.200336 -0.205833  0 0.282084 2
1385851551.115123210 3.18819 -0.178682 0 13.103 0.196614 -0.241509  0 0.262674 2
1385851551.179529888 3.19866 -0.193051 0 13.384 0.162653 -0.223102  0 0.0761486 2
1385851551.245703976 3.20483 -0.199526 0 12.997 0.093183 -0.0978459  0 -0.102073 2
1385851551.311520293 3.20761 -0.194684 0 12.197 0.042192 0.0735709  0 -0.212146 2
1385851551.376026514 3.20849 -0.172377 0 11.382 0.013629 0.345807  0 -0.220509 2
1385851551.444060573 3.2071 -0.154207 0 10.959 -0.0203194 0.267074  0 -0.108516 2
1385851551.506065184 3.20836 -0.142528 0 11.208 0.0203034 0.188361  0 0.0700875 2
1385851551.571618224 3.20775 -0.136036 0 11.377 -0.00937961 0.0990285  0 0.0449974 2
1385851551.636823087 3.20632 -0.135146 0 11.357 -0.0219352 0.0136597  0 -0.00535452 2
1385851551.701975923 3.20677 -0.132513 0 11.439 0.0070009 0.0403993  0 0.0219665 2
1385851551.778906072 3.21095 -0.127604 0 11.627 0.0543169 0.0638103  0 0.0426527 2
1385851551.834541576 3.21308 -0.122791 0 11.745 0.0383335 0.0865166  0 0.0370163 2
1385851551.897437945 3.2135 -0.121749 0 11.748 0.00662711 0.0165609  0 0.000834138 2
1385851551.962799792 3.21301 -0.121552 0 11.748 -0.00750816 0.00301512  0 0 2
1385851552.027740339 3.21226 -0.121852 0 11.76 -0.0115788 -0.00461726  0 0.00322332 2
1385851552.092930330 3.21182 -0.121961 0 11.749 -0.00673188 -0.00166744  0 -0.00294545 2
1385851552.156912323 3.21107 -0.122166 0 11.747 -0.0117132 -0.00320106  0 -0.000545269 2
1385851552.223204867 3.20996 -0.122376 0 11.742 -0.0167364 -0.00316611  0 -0.00131767 2
1385851552.288990807 3.20888 -0.122572 0 11.744 -0.0164846 -0.00298435  0 0.000534365 2
1385851552.353532877 3.20851 -0.122659 0 11.741 -0.00563003 -0.00135249  0 -0.000812869 2
1385851552.418734678 3.20819 -0.122748 0 11.758 -0.00495749 -0.00135503  0 0.00455012 2
1385851552.483363455 3.2082 -0.122626 0 11.769 0.000168025 0.00188075  0 0.00297103 2
1385851552.551309983 3.2083 -0.12254 0 11.779 0.0013959 0.00126384  0 0.00256727 2
1385851552.614609859 3.20819 -0.122539 0 11.787 -0.00167123 2.32834e-05  0 0.00220879 2
1385851552.679287901 3.20807 -0.122509 0 11.791 -0.0018742 0.000457688  0 0.0010788 2
1385851552.761133717 3.20812 -0.122432 0 11.796 0.000632537 0.000946811  0 0.00106402 2
1385851552.809565189 3.20794 -0.122443 0 11.802 -0.00361981 -0.00023314  0 0.00216654 2
1385851552.874801233 3.20781 -0.122478 0 11.807 -0.00213457 -0.000544047  0 0.00133493 2
1385851552.940169134 3.20776 -0.122451 0 11.811 -0.000635452 0.000425048  0 0.00106742 2
1385851553.005262072 3.20778 -0.122456 0 11.814 0.000290554 -8.76298e-05  0 0.00080599 2
1385851553.071433270 3.20777 -0.122468 0 11.819 -0.000121701 -0.000177807  0 0.00132009 2
1385851553.135452354 3.20774 -0.122498 0 11.825 -0.00048715 -0.000473382  0 0.00163486 2
1385851553.200575459 3.20777 -0.122498 0 11.83 0.00043633 -1.23231e-06  0 0.00134133 2
1385851553.268425117 3.20787 -0.122488 0 11.834 0.0014838 0.000149443  0 0.00102837 2
1385851553.330947160 3.20803 -0.122399 0 11.84 0.00259666 0.00142487  0 0.00167401 2
1385851553.396047493 3.2081 -0.122406 0 11.846 0.000943905 -0.000105347  0 0.00160771 2
1385851553.461193566 3.20826 -0.122341 0 11.85 0.00248216 0.00100134  0 0.00107105 2
1385851553.526509105 3.20832 -0.122256 0 11.855 0.000939747 0.0012945  0 0.00133738 2
1385851553.591855215 3.20832 -0.122275 0 11.859 -1.59123e-05 -0.000280688  0 0.00106777 2
1385851553.656915617 3.20838 -0.122221 0 11.863 0.000869957 0.000821051  0 0.00107246 2
1385851553.736419400 3.20829 -0.122269 0 11.867 -0.00109652 -0.000594984  0 0.000877629 2
1385851553.787172827 3.20816 -0.122348 0 11.871 -0.00244054 -0.00157332  0 0.00138003 2
1385851553.852287417 3.20821 -0.122332 0 11.874 0.000749894 0.000253205  0 0.000801632 2
1385851553.917570532 3.20819 -0.122325 0 11.879 -0.000274384 0.000100277  0 0.00133804 2
1385851553.984833319 3.20819 -0.122351 0 11.883 -8.26876e-05 -0.000381317  0 0.00103735 2
1385851554.048067274 3.20817 -0.122332 0 11.887 -0.000348774 0.000302779  0 0.00110344 2
1385851554.113150831 3.20817 -0.122374 0 11.892 3.27896e-05 -0.000652375  0 0.00134215 2
1385851554.178159800 3.20825 -0.122369 0 11.896 0.00118432 7.99915e-05  0 0.00107331 2
1385851554.243340590 3.20828 -0.122315 0 11.901 0.000494072 0.000827863  0 0.00134014 2
1385851554.309250853 3.20833 -0.122276 0 11.904 0.000747987 0.000599561  0 0.000791955 2
1385851554.373655766 3.20844 -0.122215 0 11.906 0.00167417 0.000940567  0 0.000541689 2
1385851554.438474769 3.20855 -0.122164 0 11.91 0.00168623 0.000786863  0 0.00108056 2
1385851554.504044359 3.2086 -0.122122 0 11.914 0.000908177 0.00063475  0 0.00106413 2
1385851554.569055711 3.20858 -0.12208 0 11.918 -0.000380429 0.000648794  0 0.00107327 2
1385851554.634771902 3.20859 -0.122066 0 11.922 0.000135878 0.000214676  0 0.00106176 2
1385851554.716320498 3.20867 -0.122095 0 11.927 0.000991838 -0.000353159  0 0.00107116 2
1385851554.765119215 3.20871 -0.122074 0 11.93 0.000773485 0.000424299  0 0.00106966 2
1385851554.829262956 3.20875 -0.12208 0 11.933 0.00065408 -8.80284e-05  0 0.000817917 2
1385851554.894798227 3.20879 -0.122093 0 11.936 0.000633859 -0.000201601  0 0.000796486 2
1385851554.960114223 3.20871 -0.122114 0 11.942 -0.00118071 -0.000319438  0 0.00160648 2
1385851555.025223791 3.20871 -0.122086 0 11.946 -3.42083e-05 0.000429836  0 0.00107165 2
1385851555.090597861 3.20873 -0.122097 0 11.951 0.000308228 -0.000174624  0 0.00133618 2
1385851555.155416518 3.20871 -0.122078 0 11.957 -0.000329042 0.000304172  0 0.00161469 2
1385851555.220513586 3.20872 -0.122093 0 11.96 0.000109719 -0.000236928  0 0.000801848 2
1385851555.285882220 3.20874 -0.122103 0 11.963 0.000304085 -0.000149349  0 0.000802591 2
1385851555.351042361 3.20875 -0.122088 0 11.968 0.000142093 0.000223836  0 0.00134057 2
1385851555.416152346 3.20879 -0.122055 0 11.973 0.000608099 0.000512785  0 0.00133751 2
1385851555.480977228 3.20879 -0.122046 0 11.977 6.24866e-05 0.000137975  0 0.00107636 2
1385851555.546246025 3.20881 -0.12199 0 11.983 0.000307634 0.000863552  0 0.00160764 2
1385851555.612595854 3.20886 -0.121962 0 11.988 0.000737024 0.000417308  0 0.00131252 2
1385851555.690343416 3.2089 -0.121973 0 11.992 0.000498752 -0.000146876  0 0.000897453 2
1385851555.744056719 3.20891 -0.12198 0 11.997 0.000198409 -0.000123005  0 0.00162626 2
1385851555.807160750 3.20895 -0.122002 0 12 0.000716328 -0.000344141  0 0.000831393 2
1385851555.871984058 3.20903 -0.121988 0 12.002 0.0011992 0.000204598  0 0.000538192 2
1385851555.937465875 3.20906 -0.121995 0 12.006 0.000361753 -9.80093e-05  0 0.00106556 2
1385851556.002743195 3.20904 -0.121947 0 12.008 -0.000180719 0.000732408  0 0.000534449 2
1385851556.067800759 3.20909 -0.121926 0 12.012 0.0006576 0.000316513  0 0.00107251 2
1385851556.136834251 3.20911 -0.121881 0 12.017 0.000302523 0.000662898  0 0.00126535 2
1385851556.197777326 3.20917 -0.121881 0 12.02 0.00103971 -1.05998e-05  0 0.000856504 2
1385851556.263462191 3.20919 -0.121869 0 12.025 0.000248651 0.000184147  0 0.00132986 2
1385851556.329739946 3.2092 -0.121805 0 12.028 0.000168557 0.000975589  0 0.000791582 2
1385851556.393759614 3.20925 -0.121849 0 12.03 0.000831264 -0.000700123  0 0.000544948 2
1385851556.457649197 3.20921 -0.121816 0 12.035 -0.0005942 0.000516025  0 0.00136723 2
1385851556.523524225 3.20925 -0.121795 0 12.037 0.000612176 0.00032475  0 0.0005296 2
1385851556.589309227 3.2093 -0.121805 0 12.04 0.00071798 -0.000158933  0 0.000793463 2
1385851556.670611516 3.20923 -0.121834 0 12.043 -0.000908793 -0.000345023  0 0.000645299 2
1385851556.719592849 3.20918 -0.121751 0 12.048 -0.000963489 0.0016932  0 0.00177793 2
1385851556.785289336 3.20926 -0.121703 0 12.052 0.001272 0.000726591  0 0.00106613 2
1385851556.852380805 3.20935 -0.121713 0 12.059 0.00121905 -0.000148981  0 0.00181801 2
1385851556.915077619 3.20936 -0.121693 0 12.061 0.000262565 0.000312696  0 0.000556446 2
1385851556.980338790 3.2094 -0.121678 0 12.066 0.000634053 0.000237724  0 0.00133849 2
1385851557.045430358 3.20948 -0.121634 0 12.07 0.00123507 0.000677302  0 0.00107195 2
1385851557.109743750 3.20949 -0.121645 0 12.073 0.000179351 -0.000180263  0 0.00081576 2
1385851557.175056529 3.20952 -0.121632 0 12.08 0.000324038 0.000209969  0 0.0018716 2
1385851557.240851095 3.20955 -0.121598 0 12.086 0.000457694 0.000502083  0 0.00159074 2
1385851557.306033401 3.20957 -0.121537 0 12.09 0.000351642 0.00094684  0 0.00107046 2
1385851557.371212574 3.20951 -0.121502 0 12.093 -0.000893928 0.000540797  0 0.000804924 2
1385851557.435475690 3.20952 -0.121497 0 12.096 0.000107442 6.54948e-05  0 0.000812254 2
1385851557.501931636 3.2095 -0.12148 0 12.098 -0.000242466 0.000265781  0 0.00052497 2
1385851557.569217619 3.20954 -0.121424 0 12.102 0.000614094 0.000826889  0 0.00103699 2
1385851557.648005198 3.20961 -0.121464 0 12.106 0.000851342 -0.000513057  0 0.000888987 2
1385851557.697132704 3.20966 -0.12144 0 12.111 0.00105851 0.000495885  0 0.00177264 2
1385851557.762211732 3.20968 -0.121446 0 12.117 0.000224063 -9.71375e-05  0 0.00160823 2
1385851557.827748432 3.20971 -0.121424 0 12.12 0.000466514 0.000338412  0 0.000800533 2
1385851557.892769065 3.20973 -0.121436 0 12.126 0.00033545 -0.00018081  0 0.00160968 2
1385851557.958875867 3.20973 -0.121406 0 12.129 6.34138e-05 0.000447935  0 0.000793629 2
1385851558.022832643 3.20973 -0.121339 0 12.133 -9.06559e-06 0.00104938  0 0.00109097 2
1385851558.088009474 3.20973 -0.121294 0 12.136 -4.17735e-05 0.000697988  0 0.000804953 2
1385851558.152366830 3.20976 -0.121294 0 12.141 0.000510257 -6.17722e-06  0 0.00135315 2
1385851558.218392415 3.20981 -0.121307 0 12.145 0.000751089 -0.000201204  0 0.00105678 2
1385851558.283474433 3.20989 -0.121295 0 12.15 0.0012143 0.000196327  0 0.00134218 2
1385851558.348008717 3.20996 -0.121296 0 12.157 0.000994796 -2.2476e-05  0 0.00189417 2
1385851558.412746866 3.21005 -0.121284 0 12.16 0.00151474 0.000180609  0 0.000810407 2
1385851558.479234298 3.21007 -0.121254 0 12.163 0.000282026 0.000456505  0 0.00078508 2
1385851558.544142069 3.21013 -0.121227 0 12.167 0.000962977 0.000413209  0 0.00107498 2
