1388538623.511784798 0.0125875 0.356944 0.918 177.924 0 0.061479  0.158114 0.534859 7
1388538623.611744157 0.0123223 0.36436 0.918 177.942 0 0.0741915  0 0.00314381 7
1388538623.711725240 0.0116576 0.369889 0.915 177.918 0 0.0553057  -0.0300057 -0.00418995 7
1388538623.811714770 0.0119019 0.375022 0.93 177.91 0 0.0513314  0.150016 -0.00139564 7
1388538623.911728747 0.0121677 0.379882 0.941 177.967 0 0.0485918  0.109985 0.00994552 7
1388538624.011714715 0.0116194 0.383934 0.954 177.958 0 0.0405288  0.130018 -0.00157149 7
1388538624.111716603 0.011559 0.385901 0.96 177.93 0 0.0196681  0.0599989 -0.00488681 7
1388538624.211716542 0.0124548 0.387455 0.969 177.872 0 0.0155456  0.0900001 -0.0101227 7
1388538624.311712082 0.0129036 0.387839 0.969 177.837 0 0  0 -0.0061069 7
1388538624.411714670 0.0129825 0.389622 0.975 177.83 0 0.0178325  0.0599984 -0.00122236 7
1388538624.511707205 0.0132367 0.392965 0.972 177.829 0 0.0334333  -0.0300022 -0.000175782 7
1388538624.611715036 0.0133155 0.39461 0.972 177.839 0 0.0164488  0 0.0017469 7
1388538624.711719997 0.0132171 0.394586 0.971 177.83 0 0  0 -0.00157119 7
1388538624.811709809 0.0128509 0.39296 0.974 177.878 0 -0.0162614  0.0300031 0.00837916 7
1388538624.911716799 0.0125073 0.389824 0.97 177.88 0 -0.0313581  -0.0399972 0.00034885 4
1388538625.011794189 0.0125141 0.385979 0.968 177.901 0 -0.0384208  -0.0199845 0.00366168 4
1388538625.111717722 0.0120691 0.385935 0.961 177.959 0 0  -0.0700536 0.0101304 4
1388538625.213369826 0.0120194 0.386178 0.957 177.968 0 0  -0.0393499 0.00154573 4
1388538625.311721508 0.0110629 0.386203 0.945 177.985 0 0  -0.122011 0.00301648 4
1388538625.411723052 0.0103757 0.386188 0.945 178.019 0 0  0 0.00593343 4
1388538625.511716565 0.00842916 0.386072 0.939 178.043 -0.0194666 0  -0.0600039 0.00418942 4
1388538625.611723761 0.00679934 0.383339 0.937 178.051 -0.016297 -0.0273301  -0.0199986 0.0013954 4
1388538625.711711199 0.00518934 0.381163 0.932 178.07 -0.0161021 -0.0217596  -0.0500063 0.00331872 4
1388538625.811717285 0.00380709 0.379535 0.932 178.119 -0.0138216 -0.0162768  0 0.00855089 4
1388538625.911723645 0.00252089 0.377165 0.928 178.12 -0.0128612 -0.0237024  -0.0399975 0.000173094 4
1388538626.011726935 0.00122865 0.373945 0.922 178.163 -0.012922 -0.032196  -0.059998 0.00750454 4
1388538626.111749919 -0.000268972 0.373631 0.929 178.218 -0.0149728 0  0.0699839 0.00959849 4
1388538626.211875992 -0.00164039 0.374011 0.938 178.303 -0.0136969 0  0.0898867 0.0148151 4
1388538626.311714876 -0.00252027 0.371859 0.942 178.276 0 -0.0215561  0.0400646 -0.00471873 4
1388538626.411725987 -0.0029375 0.367991 0.949 178.356 0 -0.0386744  0.0699922 0.0139614 4
1388538626.511747989 -0.00290499 0.36291 0.953 178.376 0 -0.0507958  0.0399912 0.00349064 4
1388538626.611727884 -0.00279522 0.359255 0.96 178.388 0 -0.0365642  0.0700141 0.00209367 4
1388538626.711726637 -0.00248785 0.357628 0.966 178.353 0 -0.0162646  0.0600007 -0.00610937 4
1388538626.811725733 -0.00267878 0.357718 0.976 178.314 0 0  0.100001 -0.0068071 4
1388538626.911724763 -0.00269429 0.359043 0.975 178.284 0 0.0132518  -0.0100001 -0.00523583 4
1388538627.011805718 -0.00294882 0.359549 0.981 178.256 0 0  0.0599515 -0.00488295 4
1388538627.111724914 -0.0019919 0.360859 0.984 178.304 0 0.0131115  0.0300243 0.00838508 4
1388538627.211717310 -0.00140156 0.358958 0.988 178.281 0 -0.0190138  0.040003 -0.00401369 4
1388538627.311725766 -6.69159e-05 0.354066 0.989 178.274 0.0133453 -0.0489145  0 -0.00122229 4
1388538627.411730383 0.00138211 0.347428 0.993 178.239 0.0144896 -0.0663815  0.0399982 -0.00610901 4
1388538627.511716843 0.00347157 0.344741 0.991 178.224 0.0208975 -0.0268726  -0.0200027 -0.00261824 4
1388538627.611722649 0.00423158 0.34391 0.995 178.165 0 0  0.0399977 -0.0102978 4
1388538627.711727752 0.00559798 0.346092 0.984 178.146 0.0136633 0.0218202  -0.109994 -0.00331547 4
1388538627.811714350 0.00668936 0.34718 0.99 178.09 0.0109153 0.0108772  0.060008 -0.00977511 4
1388538627.911721203 0.00855768 0.35039 0.992 178.079 0.018682 0.0321044  0.0199986 -0.00192001 4
1388538628.011710100 0.00975702 0.351036 0.984 178.051 0.0119947 0  -0.0800089 -0.00488744 4
1388538628.111715767 0.0109286 0.352185 0.996 178.028 0.0117147 0.0114846  0.119993 -0.00401316 4
1388538628.211726113 0.0117898 0.353937 1.006 178.004 0 0.0175177  0.0999897 -0.00418872 4
1388538628.311725209 0.0120505 0.354785 1.005 177.959 0 0  -0.0100001 -0.00785373 4
1388538628.411725426 0.0115469 0.354319 1.034 177.929 0 0  0.289999 -0.00523576 4
1388538628.511708187 0.0115346 0.354314 1.029 177.869 0 0  -0.0500086 -0.0104734 4
1388538628.611716850 0.0113056 0.354763 1.029 177.868 0 0  0 -0.000175753 4
1388538628.711731593 0.00992832 0.357456 1.017 177.914 -0.0137707 0.0269251  -0.119982 0.00802825 4
1388538628.811715958 0.00875384 0.358031 1.007 177.929 -0.0117466 0  -0.100016 0.0026183 4
1388538628.911710792 0.00734604 0.357165 0.986 177.926 -0.0140787 0  -0.210011 -0.00052467 4
1388538629.011715271 0.00699072 0.357598 0.97 177.917 0 0  -0.159993 -0.00156853 4
1388538629.111715700 0.00584844 0.36018 0.958 177.941 -0.0114227 0.0258202  -0.119999 0.00418647 4
1388538629.211710396 0.00444132 0.363056 0.955 177.994 -0.014072 0.028759  -0.0300016 0.00925231 4
1388538629.311718156 0.00413144 0.364586 0.972 177.951 0 0.0153018  0.169987 -0.00750421 4
1388538629.411722703 0.00398752 0.367234 0.973 177.975 0 0.0264823  0 0.00418896 4
1388538629.511726973 0.00351268 0.370017 0.967 177.998 0 0.027828  -0.0599974 0.00401321 4
1388538629.611724465 0.00307904 0.370672 0.965 177.983 0 0  -0.0200005 -0.00261795 4
1388538629.711710289 0.00375518 0.371209 0.961 177.977 0 0  -0.0400057 -0.00104677 4
1388538629.811720425 0.00476837 0.371821 0.964 177.953 0.0101309 0  0.029997 -0.00418873 4
1388538629.911743064 0.0057145 0.371639 0.961 177.974 0 0  -0.0299932 0.00366368 4
1388538630.011819195 0.00685858 0.36972 0.961 177.977 0.0114321 -0.0191752  0 0.000524244 4
1388538630.111707666 0.00760782 0.366206 0.954 178.002 0 -0.0351829  -0.0700782 0.00436713 4
1388538630.211707395 0.00818365 0.365509 0.96 178.067 0 0  0.0600002 0.0113451 4
1388538630.311724509 0.0089086 0.365825 0.954 178.048 0 0  -0.0599897 -0.00331507 4
1388538630.411706638 0.00952319 0.367484 0.95 178.055 0 0.0165925  -0.0400071 0.00121995 4
1388538630.511748134 0.00991844 0.370336 0.943 178.046 0 0.0285135  -0.069971 -0.00156795 4
1388538630.611712099 0.0102294 0.372754 0.946 178.006 0 0.0241863  0.0300108 -0.00698533 4
1388538630.711721049 0.0101411 0.376754 0.946 177.993 0 0.0399945  0 -0.00226881 4
1388538630.811723007 0.00858685 0.379089 0.945 177.945 -0.0155422 0.0233497  0 -0.00837548 4
1388538630.911716451 0.0077828 0.381654 0.944 177.915 0 0.025657  -0.0100007 -0.00523878 4
1388538631.011696417 0.00631395 0.383304 0.943 177.899 -0.0146914 0.0164956  -0.010002 -0.00279155 4
1388538631.111725549 0.00522724 0.381084 0.941 177.891 -0.0108639 -0.0221954  -0.0199942 -0.00139509 4
1388538631.211719614 0.00452574 0.381254 0.941 177.886 0 0  0 -0.000873569 4
1388538631.311719487 0.00496934 0.381433 0.943 177.878 0 0  0.02 -0.0013955 4
1388538631.411714947 0.00501535 0.382471 0.946 177.852 0 0.0103795  0.0300014 -0.00453823 4
1388538631.511813154 -0.0193822 -0.382853 0.946 -0.0449982 0 0  0 -31.0184 4
1388538631.611790255 -0.0177996 -0.383025 0.947 -0.0380096 0.0158289 0  0.0100023 0.00122001 4
1388538631.711769584 -0.017247 -0.38246 0.949 0.00999451 0 0  0.0200041 0.00838004 4
1388538631.811771903 -0.0174708 -0.37912 0.95 -0.0350037 0 0.0334027  0 -0.00785348 4
1388538631.911765968 -0.0174761 -0.377478 0.953 -0.0279999 0 0.0164253  0.0300018 0.00122246 4
1388538632.011774638 -0.0170879 -0.376394 0.957 -0.0579987 0 0.0108352  0.0399965 -0.00523532 4
1388538632.111767032 -0.0178042 -0.375343 0.956 -0.0640106 0 0.0105073  -0.0100008 -0.00104937 4
1388538632.211764107 -0.0183733 -0.375371 0.957 -0.0690002 0 0  0.0100003 -0.000870879 4
1388538632.311772350 -0.0179812 -0.374883 0.958 -0.0650024 0 0  0 0.000697691 4
1388538632.411758111 -0.0175757 -0.374194 0.959 -0.145004 0 0  0.0100014 -0.0139649 4
1388538632.511780326 -0.016372 -0.375167 0.959 -0.192001 0.0120347 0  0 -0.00820071 4
1388538632.611781943 -0.0166019 -0.377013 0.96 -0.195999 0 -0.0184613  0 -0.000697737 4
1388538632.711769730 -0.0163883 -0.377477 0.955 -0.243011 0 0  -0.0500061 -0.0082062 4
1388538632.912424780 -0.0176603 -0.377839 0.956 -0.325012 0 0  0 -0.00713255 3
1388538633.013000699 -0.0178248 -0.37512 0.956 -0.376007 0 0.0270353  0 -0.00884932 3
1388538633.113390491 -0.0183016 -0.373512 0.955 -0.37001 0 0.0160225  0 0.00104256 3
1388538633.213770014 -0.0190704 -0.374205 0.956 0.715988 0 0  0 0.188826 3
1388538633.314196893 -0.0174205 -0.37933 0.953 3.09799 0.0164296 -0.0510304  -0.0298725 0.413971 3
1388538633.414566570 -0.0108809 -0.381467 0.951 5.43599 0.0651552 -0.0212904  -0.0199263 0.406555 3
1388538633.514939038 0.0220244 -0.363247 0.951 7.386 0.327832 0.181527  0 0.339078 3
1388538633.615322197 0.0489041 -0.34773 0.954 9.297 0.267771 0.154577  0.0298855 0.332259 3
1388538633.715712337 0.0814615 -0.325461 0.951 10.828 0.324309 0.221819  -0.0298834 0.26617 3
1388538633.816096609 0.119882 -0.298904 0.959 11.999 0.382736 0.264558  0.0796938 0.203597 3
1388538633.916482772 0.161978 -0.270036 0.958 12.886 0.419335 0.287567  0 0.154217 3
1388538634.016870603 0.209437 -0.23979 0.96 13.649 0.472758 0.301294  0.0199227 0.132654 3
1388538634.117269192 0.255261 -0.209964 0.957 14.33 0.456423 0.297072  -0.0298809 0.118385 3
1388538634.217653749 0.298929 -0.181201 0.957 14.986 0.435006 0.286529  0 0.114053 3
1388538634.318124699 0.340551 -0.158231 0.951 15.686 0.414273 0.228622  -0.0597188 0.1216 3
1388538634.418502822 0.379119 -0.138694 0.947 16.358 0.384221 0.194634  -0.0398493 0.116846 3
1388538634.518932215 0.418415 -0.123252 0.944 17.052 0.391281 0.153759  -0.0298717 0.120608 3
1388538634.619493819 0.456565 -0.108169 0.936 17.686 0.379376 0.149991  -0.0795532 0.110034 3
1388538634.719885842 0.497565 -0.0954318 0.928 18.409 0.408391 0.126876  -0.0796876 0.125696 3
1388538634.820259851 0.539332 -0.0811435 0.929 19.077 0.416116 0.142351  0 0.116153 3
1388538634.920712150 0.583704 -0.0653052 0.928 19.687 0.441726 0.157669  0 0.105986 3
1388538635.021083573 0.630886 -0.0444539 0.933 20.245 0.470077 0.207741  0.049815 0.0970288 3
1388538635.121507306 0.681057 -0.0198978 0.933 20.836 0.499587 0.244525  0 0.102714 3
1388538635.221885503 0.729685 0.00911927 0.943 21.376 0.48445 0.289077  0.0996232 0.0938915 3
1388538635.322270336 0.777428 0.0415233 0.947 21.889 0.4756 0.322798  0.0398467 0.0891922 3
1388538635.422650138 0.827549 0.0796818 0.948 22.401 0.49931 0.380141  0 0.0890243 3
1388538635.523024497 0.876151 0.117254 0.944 22.92 0.484211 0.374324  -0.0398508 0.0902443 3
1388538635.623483920 0.925868 0.152014 0.944 23.425 0.494896 0.346004  0 0.0877342 3
1388538635.723857154 0.971286 0.186696 0.949 23.921 0.452489 0.345531  0.0498141 0.0862468 3
1388538635.824270556 1.01444 0.22059 0.948 24.429 0.429774 0.337546  0 0.0882996 3
1388538635.924677807 1.05511 0.252157 0.95 24.919 0.405016 0.314396  0.0199189 0.0851726 3
1388538636.025167822 1.09662 0.284092 0.945 25.25 0.413116 0.317786  -0.0497562 0.0574902 3
1388538636.125644074 1.13981 0.310908 0.945 26.003 0.429857 0.266888  0 0.130799 3
1388538636.226138281 1.18355 0.337838 0.937 26.93 0.435257 0.267983  -0.0796066 0.160997 3
1388538636.326598679 1.22647 0.363917 0.932 28.687 0.427171 0.259588  -0.0497709 0.30525 3
1388538636.426989520 1.27018 0.391507 0.934 30.516 0.43542 0.274829  0.0199221 0.317977 3
1388538636.527378610 1.3169 0.420666 0.933 32.081 0.465363 0.29046  0 0.272086 3
1388538636.627764982 1.36157 0.450646 0.935 33.405 0.445031 0.298644  0.019923 0.230193 3
1388538636.728151072 1.4054 0.483219 0.931 34.521 0.436612 0.324483  -0.0398462 0.194029 3
1388538636.828533527 1.44842 0.520344 0.927 35.418 0.428573 0.36983  -0.0398476 0.15596 3
1388538636.928914381 1.48958 0.560177 0.927 36.185 0.410006 0.396818  0 0.133359 3
1388538637.029299770 1.52807 0.60283 0.925 36.843 0.383401 0.424898  -0.0199232 0.114403 3
1388538637.129719664 1.56269 0.644645 0.922 37.425 0.34479 0.416395  -0.0298746 0.101151 3
1388538637.230090525 1.59691 0.683231 0.92 37.869 0.340959 0.384442  -0.0199261 0.0772063 3
1388538637.330472146 1.63023 0.714532 0.918 38.288 0.331934 0.311813  -0.019924 0.0728524 3
1388538637.430857331 1.66286 0.742029 0.918 38.644 0.325011 0.273918  0 0.0618958 3
1388538637.531241742 1.69661 0.76392 0.918 39.137 0.3362 0.218068  0 0.0857146 3
1388538637.631752149 1.73425 0.78624 0.919 39.54 0.374534 0.222068  0 0.0699796 3
1388538637.732157376 1.77094 0.807059 0.92 39.601 0.365382 0.207353  0 0.0106043 3
1388538637.832543813 1.80969 0.831388 0.92 39.43 0.385969 0.242355  0 -0.0297312 3
1388538637.932928575 1.84854 0.859539 0.92 39.2 0.387091 0.280433  0 -0.039988 3
1388538638.033312781 1.8876 0.887477 0.921 39.047 0.389082 0.278308  0 -0.0266013 3
1388538638.133686230 1.93099 0.915431 0.919 38.855 0.43231 0.2785  -0.0199256 -0.0333859 3
1388538638.234057303 1.97645 0.948242 0.92 38.423 0.452845 0.326896  0 -0.0751207 3
1388538638.334475589 2.02211 0.983621 0.922 38.018 0.454736 0.352314  0.0199167 -0.0703912 3
1388538638.434904283 2.06267 1.0171 0.926 37.931 0.403835 0.333368  0.0398293 -0.0151179 3
1388538638.535274588 2.11295 1.05365 0.937 38.076 0.50102 0.364132  0.109594 0.025212 3
1388538638.635730101 2.17261 1.0855 0.952 38.378 0.593828 0.317041  0.14932 0.0524703 3
1388538638.736140774 2.23053 1.11535 0.972 38.346 0.576897 0.297259  0.199182 -0.00556181 3
1388538638.836523301 2.27841 1.14395 0.987 37.667 0.476944 0.285001  0.149428 -0.118056 3
1388538638.936910297 2.31528 1.16765 1.013 36.57 0.367231 0.236009  0.258998 -0.190725 3
1388538639.037288567 2.34451 1.1856 1.033 35.35 0.291286 0.178826  0.199246 -0.212128 3
1388538639.137682688 2.36927 1.2002 1.058 34.336 0.246588 0.145414  0.249019 -0.17628 3
1388538639.238136034 2.39375 1.20872 1.072 33.643 0.243662 0.0848609  0.139368 -0.120407 3
1388538639.338520449 2.4218 1.21341 1.08 33.07 0.279414 0.0466834  0.0796936 -0.0996241 3
1388538639.438888794 2.44098 1.19905 1.06 32.427 0.191136 -0.143056  -0.199266 -0.111811 3
1388538639.539282917 2.45974 1.18181 1.044 31.935 0.186812 -0.171729  -0.159372 -0.0855339 3
1388538639.639785995 2.48493 1.16584 1.022 31.646 0.250688 -0.158826  -0.218899 -0.0501878 3
1388538639.740169009 2.51203 1.15346 1.019 31.676 0.269931 -0.123343  -0.0298855 0.0052158 3
1388538639.840564178 2.55114 1.14888 0.997 31.958 0.38959 -0.0456552  -0.219134 0.0490242 3
1388538639.940964235 2.59 1.1574 0.987 32.159 0.387031 0.0849113  -0.0996015 0.034942 3
1388538640.041347320 2.64406 1.17836 0.974 32.012 0.538534 0.208708  -0.129504 -0.025559 3
1388538640.141729711 2.71079 1.21921 0.973 31.387 0.664784 0.407021  0 -0.108668 3
1388538640.242117755 2.7831 1.27166 0.967 30.675 0.720296 0.52246  -0.0597681 -0.123788 3
1388538640.342503495 2.85566 1.32393 0.967 29.916 0.722822 0.520693  0 -0.131959 3
1388538640.442894964 2.9341 1.39682 0.939 27.993 0.78135 0.726017  -0.278908 -0.334319 3
1388538640.543293830 3.01287 1.47017 0.915 25.857 0.784568 0.730635  -0.239047 -0.371322 3
1388538640.643734889 3.08814 1.53671 0.906 24.513 0.749361 0.66249  -0.0896048 -0.233541 3
1388538640.744147166 3.14259 1.56281 0.889 21.062 0.542326 0.259876  -0.169302 -0.599841 3
1388538640.844528579 3.19769 1.58263 0.883 18.839 0.548842 0.197489  -0.059772 -0.386514 3
1388538640.946149253 3.24484 1.58237 0.88 15.323 0.464007 0  -0.0295216 -0.603869 3
1388538641.046545189 3.2861 1.56819 0.882 13.061 0.410946 -0.141217  0.0199211 -0.393238 3
1388538641.146921433 3.27233 1.56328 0.885 13.423 -0.137128 -0.0489003  0.0298875 0.062944 3
1388538641.247340552 3.25102 1.55788 0.884 12.936 -0.212225 -0.0537319  0 -0.0846427 3
1388538641.347775813 3.23851 1.55146 0.895 10.848 -0.124539 -0.0639875  0.109523 -0.362845 3
1388538641.448176708 3.23611 1.54644 0.898 9.35199 -0.023979 -0.0499494  0.0298802 -0.260059 3
1388538641.511818253 3.24129 1.5444 0.896 8.353 0.0814605 -0.0320771  -0.031426 -0.273968 3
1388538641.611796959 3.26556 1.54361 0.885 7.015 0.242715 0  -0.110023 -0.233574 3
1388538641.711773705 3.30725 1.54249 0.858 6.011 0.417057 -0.0111937  -0.270063 -0.175271 3
1388538641.811780908 3.33153 1.55327 0.824 4.36299 0.242788 0.107823  -0.339976 -0.287611 9
1388538641.911773026 3.32889 1.57548 0.767 -3.11801 -0.0264593 0.222071  -0.570045 -1.30578 9
1388538642.011765627 3.3187 1.60043 0.716 -6.54001 -0.101898 0.249562  -0.510038 -0.597295 9
1388538642.111769056 3.30631 1.61984 0.657 -7.884 -0.123891 0.194079  -0.58998 -0.234563 9
1388538642.211773884 3.29765 1.63718 0.612 -8.403 -0.0865901 0.173404  -0.449978 -0.0905777 9
1388538642.311779407 3.2978 1.66481 0.592 -8.49501 0 0.276307  -0.199989 -0.016058 9
1388538642.411780812 3.2978 1.66481 0 -10.866 0 0  -5.91992 -0.413812 2
1388538642.511771945 3.2978 1.66481 0 -12.351 0 0  0 -0.259202 2
1388538642.611834881 3.2978 1.66481 0 -12.325 0 0  0 0.00453251 2
1388538642.711764072 3.2978 1.66481 0 -12.328 0 0  0 -0.000522349 2
1388538642.811781956 3.2978 1.66481 0 -12.329 0 0  0 -0.000175737 2
1388538642.911762128 3.2978 1.66481 0 -12.328 0 0  0 0.000175803 2
1388538643.011777851 3.2978 1.66481 0 -12.325 0 0  0 0.000521898 2
1388538643.111778904 3.2978 1.66481 0 -12.325 0 0  0 0 2
1388538643.211772068 3.2978 1.66481 0 -12.321 0 0  0 0.000700459 2
1388538643.311779823 3.2978 1.66481 0 -12.321 0 0  0 0 2
1388538643.411778017 3.2978 1.66481 0 -12.319 0 0  0 0.00034888 2
1388538643.511778585 3.2978 1.66481 0 -12.32 0 0  0 -0.000175768 2
1388538643.611766786 3.2978 1.66481 0 -12.317 0 0  0 0.000524705 2
1388538643.711771124 3.2978 1.66481 0 -12.317 0 0  0 0 2
1388538643.811776441 3.2978 1.66481 0 -12.319 0 0  0 -0.000348856 2
1388538643.911845868 3.2978 1.66481 0 -12.318 0 0  0 0.000172985 2
1388538644.011771146 3.2978 1.66481 0 -12.318 0 0  0 0 2
1388538644.111834565 3.2978 1.66481 0 -12.317 0 0  0 0.000175657 2
1388538644.211776257 3.2978 1.66481 0 -12.317 0 0  0 0 2
1388538644.311783530 3.2978 1.66481 0 -12.317 0 0  0 0 2
1388538644.411798825 3.2978 1.66481 0 -12.318 0 0  0 -0.000175742 2
1388538644.511779912 3.2978 1.66481 0 -12.312 0 0  0 0.00104682 2
1388538644.611773701 3.2978 1.66481 0 -12.315 0 0  0 -0.000522012 2
1388538644.711804925 3.2978 1.66481 0 -12.317 0 0  0 -0.000348765 2
1388538644.811779304 3.2978 1.66481 0 -12.314 0 0  0 0.000522113 2
1388538644.911758775 3.2978 1.66481 0 -12.314 0 0  0 0 2
1388538645.011777853 3.2978 1.66481 0 -12.312 0 0  0 0.000348808 2
1388538645.111767380 3.2978 1.66481 0 -12.314 0 0  0 -0.000348911 2
1388538645.211783592 3.2978 1.66481 0 -12.318 0 0  0 -0.000697635 2
1388538645.311779967 3.2978 1.66481 0 -12.316 0 0  0 0.000348887 2
1388538645.411765165 3.2978 1.66481 0 -12.321 0 0  0 -0.000870983 2
1388538645.511777605 3.2978 1.66481 0 -12.321 0 0  0 0 2
1388538645.611796887 3.2978 1.66481 0 -12.321 0 0  0 0 2
1388538645.711773151 3.2978 1.66481 0 -12.321 0 0  0 0 2
1388538645.811775465 3.2978 1.66481 0 -12.321 0 0  0 0 2
1388538645.911772046 3.2978 1.66481 0 -12.321 0 0  0 0 2
1388538646.011778552 3.2978 1.66481 0 -12.321 0 0  0 0 2
1388538646.111775413 3.2978 1.66481 0 -12.326 0 0  0 -0.000873544 2
1388538646.211770463 3.2978 1.66481 0 -12.33 0 0  0 -0.000697783 2
1388538646.311771795 3.2978 1.66481 0 -12.333 0 0  0 -0.000524636 2
1388538646.411774872 3.2978 1.66481 0 -12.334 0 0  0 -0.0001731 2
1388538646.511784030 3.2978 1.66481 0 -12.338 0 0  0 -0.000697684 2
1388538646.611769094 3.2978 1.66481 0 -12.338 0 0  0 0 2
1388538646.711770704 3.2978 1.66481 0 -12.338 0 0  0 0 2
1388538646.811775740 3.2978 1.66481 0 -12.34 0 0  0 -0.00035152 2
1388538646.911769672 3.2978 1.66481 0 -12.34 0 0  0 0 2
1388538647.011803967 3.2978 1.66481 0 -12.342 0 0  0 -0.000348754 2
1388538647.111765635 3.2978 1.66481 0 -12.341 0 0  0 0.000175836 2
1388538647.211774508 3.2978 1.66481 0 -12.34 0 0  0 0.00017309 2
1388538647.311773470 3.2978 1.66481 0 -12.343 0 0  0 -0.000521985 2
1388538647.411772712 3.2978 1.66481 0 -12.347 0 0  0 -0.000697753 2
1388538647.511775160 3.2978 1.66481 0 -12.349 0 0  0 -0.000348866 2
1388538647.611799123 3.2978 1.66481 0 -12.35 0 0  0 -0.000175727 2
1388538647.711773150 3.2978 1.66481 0 -12.348 0 0  0 0.000348965 2
1388538647.811771268 3.2978 1.66481 0 -12.348 0 0  0 0 2
1388538647.911756472 3.2978 1.66481 0 -12.347 0 0  0 0.000175795 2
1388538648.011760317 3.2978 1.66481 0 -12.349 0 0  0 -0.000348861 2
1388538648.111805094 3.2978 1.66481 0 -12.351 0 0  0 -0.000348718 2
1388538648.211778704 3.2978 1.66481 0 -12.354 0 0  0 -0.000524781 2
1388538648.311764740 3.2978 1.66481 0 -12.355 0 0  0 -0.000175793 2
1388538648.411782277 3.2978 1.66481 0 -12.352 0 0  0 0.000524551 2
1388538648.511796742 3.2978 1.66481 0 -12.352 0 0  0 0 2
1388538648.611809806 3.2978 1.66481 0 -12.355 0 0  0 -0.000524574 2
1388538648.711918699 3.2978 1.66481 0 -12.356 0 0  0 -0.000172917 2
