1383979097.879694703 7.77836e-07 6.98046e-06 0 -2.521 3.88507e-07 3.48654e-06  0 -0.0219766 6
1383979097.945056739 7.84262e-07 7.0381e-06 0 -2.524 9.83093e-08 8.81829e-07  0 -0.00080108 6
1383979098.011330684 7.85897e-07 7.05288e-06 0 -2.473 2.46663e-08 2.23058e-07  0 0.0134309 6
1383979098.075986353 7.86299e-07 7.05653e-06 0 -2.462 6.2279e-09 5.64182e-08  0 0.00296941 6
1383979098.141531838 7.86403e-07 7.05747e-06 0 -2.457 1.57394e-09 1.42697e-08  0 0.00133135 6
1383979098.210615298 7.86427e-07 7.05769e-06 0 -2.424 3.56273e-10 3.24721e-09  0 0.00833714 6
1383979098.275118226 7.86433e-07 7.05774e-06 0 -2.436 9.02824e-11 8.21281e-10  0 -0.003247 6
1383979098.341490593 7.86434e-07 7.05776e-06 0 -2.433 2.28238e-11 2.07724e-10  0 0.000788886 6
1383979098.405001388 7.86435e-07 7.05776e-06 0 -2.435 5.77454e-12 5.25383e-11  0 -0.000549577 6
1383979098.470714012 7.86435e-07 7.05776e-06 0 -2.434 1.46029e-12 1.32883e-11  0 0.000265581 6
1383979098.535985178 7.86435e-07 7.05776e-06 0 -2.419 3.68464e-13 3.36103e-12  0 0.00401098 6
1383979098.600591828 7.86435e-07 7.05776e-06 0 -2.347 9.21254e-14 8.50204e-13  0 0.0194506 6
1383979098.666224669 7.86435e-07 7.05776e-06 0 -2.32 2.31995e-14 2.15049e-13  0 0.00717991 6
1383979098.730607400 7.86435e-07 7.05776e-06 0 -2.205 5.75854e-15 5.44029e-14  0 0.031175 6
1383979098.795305696 7.86435e-07 7.05776e-06 0 -2.152 1.44375e-15 1.37612e-14  0 0.0142975 6
1383979098.860359924 7.86435e-07 7.05776e-06 0 -2.28 3.72935e-16 3.47972e-15  0 -0.0343409 6
1383979098.926197769 7.86435e-07 7.05776e-06 0 -2.088 9.13747e-17 8.80419e-16  0 0.0508982 6
1383979098.990699700 7.86435e-07 7.05776e-06 0 -2.057 2.29905e-17 2.22692e-16  0 0.00838819 6
1383979099.058794413 7.86435e-07 7.05776e-06 0 -2.066 5.8237e-18 5.63235e-17  0 -0.0023068 6
1383979099.120896287 7.86435e-07 7.05776e-06 0 -1.828 1.41377e-18 1.42516e-17  0 0.0668882 6
1383979099.185552084 7.86435e-07 7.05776e-06 0 -1.809 3.56383e-19 3.6047e-18  0 0.00512887 6
1383979099.250626503 7.86435e-07 7.05776e-06 0 -1.766 8.9454e-20 9.11788e-19  0 0.0115328 6
1383979099.315271088 7.86435e-07 7.05776e-06 0 -1.833 2.28948e-20 2.30587e-19  0 -0.0180892 6
1383979099.380608851 7.86435e-07 7.05776e-06 0 -1.812 5.76928e-21 5.83234e-20  0 0.00560958 6
1383979099.446036696 7.86435e-07 7.05776e-06 0 -1.752 1.44374e-21 1.47529e-20  0 0.0160054 6
1383979099.511171900 7.86435e-07 7.05776e-06 0 -1.725 3.634e-22 3.73155e-21  0 0.00723477 6
1383979099.576369252 7.86435e-07 7.05776e-06 0 -1.632 9.03808e-23 9.43949e-22  0 0.0248961 6
1383979099.641177751 7.86435e-07 7.05776e-06 0 -1.616 2.2793e-23 2.38755e-22  0 0.00430887 6
1383979099.707602033 7.86435e-07 7.05776e-06 0 -1.431 5.56989e-24 6.04053e-23  0 0.0486096 6
1383979099.775127099 7.86435e-07 7.05776e-06 0 -1.159 1.33621e-24 1.52845e-23  0 0.0703042 6
1383979099.835839731 7.86435e-07 7.05776e-06 0 -0.886 3.19543e-25 3.86744e-24  0 0.0784804 6
1383979099.899581128 7.86435e-07 7.05776e-06 0 -0.73 1.05731e-25 1.3236e-24  0 0.042715 6
1383979099.967988536 7.86435e-07 7.05776e-06 0 -0.774 2.54562e-26 3.15598e-25  0 -0.011226 6
1383979100.033927981 7.86435e-07 7.05776e-06 0 -0.86 6.48116e-27 7.88777e-26  0 -0.0227631 6
1383979100.095613967 7.86435e-07 7.05776e-06 0 -0.818 1.62341e-27 1.99368e-26  0 0.0118834 6
1383979100.162577310 7.86435e-07 7.05776e-06 0 -0.775 4.06822e-28 5.04327e-27  0 0.0112075 6
1383979100.225770431 7.86435e-07 7.05776e-06 0 -0.838 1.04306e-28 1.27574e-27  0 -0.0174 6
1383979100.290732332 7.86435e-07 7.05776e-06 0 -0.842 2.64029e-29 3.22608e-28  0 -0.00107468 6
1383979100.359796913 7.86435e-07 7.05776e-06 0 -0.892 6.74911e-30 8.16055e-29  0 -0.0126355 6
1383979100.421728748 7.86435e-07 7.05776e-06 0 -0.924 1.71855e-30 2.06425e-29  0 -0.00901807 6
1383979100.492071023 7.86435e-07 7.05776e-06 0 -0.896 4.32121e-31 5.22172e-30  0 0.00694735 6
1383979100.551108292 7.86435e-07 7.05776e-06 0 -0.822 1.07587e-31 1.32076e-30  0 0.0218768 6
1383979100.615387421 7.86435e-07 7.05776e-06 0 179.324 -1.52198e-26 -1.02097e-25  0 48.9139 6
1383979100.681611683 0.00131926 -0.00582867 0.296 179.357 0.0199093 -0.0881208  4.46966 0.00869433 6
1383979100.746958388 0.0024005 -0.0130999 0.344 179.508 0.0165462 -0.111271  0.734544 0.0403305 6
1383979100.813289384 0.00383677 -0.0202568 0.407 179.495 0.0216531 -0.107897  0.949782 -0.00342074 6
1383979100.876318130 0.00508392 -0.0271729 0.475 179.478 0.019787 -0.109729  1.07887 -0.004707 6
1383979100.941165967 0.00651438 -0.0348852 0.537 179.485 0.0220586 -0.118928  0.956084 0.00188501 6
1383979101.006614799 0.0084479 -0.0430926 0.599 179.505 0.0295425 -0.125402  0.947305 0.00533456 6
1383979101.071665726 0.0107042 -0.0505022 0.655 179.518 0.0346855 -0.113904  0.860864 0.00348806 6
1383979101.136141327 0.0131969 -0.0573237 0.711 179.47 0.0386606 -0.105801  0.868546 -0.0129945 6
1383979101.202991390 0.0158807 -0.0640849 0.757 179.344 0.0401463 -0.101138  0.688107 -0.0328981 6
1383979101.266694159 0.018786 -0.0676759 0.789 179.234 0.045608 -0.0563726  0.502333 -0.030138 6
1383979101.331078979 0.0224091 -0.0685979 0.81 179.164 0.0562718 -0.0143194  0.326164 -0.0189733 6
1383979101.397848775 0.0254612 -0.0689662 0.819 179.091 0.0457104 -0.00551637  0.134791 -0.0190813 6
1383979101.461120588 0.0280898 -0.0686709 0.817 179.076 0.0415447 0.00466791  -0.0316097 -0.00413753 6
1383979101.525910413 0.0300784 -0.0668513 0.806 179.074 0.030693 0.0280843  -0.16978 -0.000538471 6
1383979101.593818426 0.031682 -0.0652812 0.792 179.084 0.023615 0.0231215  -0.206161 0.00256873 6
1383979101.656068281 0.0323707 -0.0637804 0.775 179.097 0.0110642 0.0241093  -0.273093 0.00364501 6
1383979101.721210793 0.0327348 -0.0625181 0.758 179.099 0.00558893 0.0193763  -0.260966 0.000535555 6
1383979101.788431637 0.0331416 -0.0608708 0.743 179.13 0.00605169 0.0245069  -0.223145 0.00805039 6
1383979101.851108837 0.0336486 -0.0593013 0.729 179.143 0.00808927 0.0250403  -0.223367 0.00362016 6
1383979101.915501587 0.034302 -0.0575222 0.72 179.148 0.0101472 0.0276288  -0.139767 0.00135241 6
1383979101.983017497 0.0351354 -0.0556317 0.717 179.146 0.0123424 0.0280013  -0.044434 -0.000516729 6
1383979102.046067100 0.0358118 -0.054508 0.715 179.167 0.0107284 0.0178217  -0.0317211 0.00581633 6
1383979102.110977447 0.0368509 -0.0544238 0.716 179.113 0.0160084 0.00129776  0.0154059 -0.0145199 6
1383979102.175884992 0.0379264 -0.0553403 0.72 179.065 0.0165701 -0.0141206  0.0616261 -0.0129081 6
1383979102.240276850 0.0388933 -0.0564353 0.725 179.012 0.0150161 -0.0170048  0.0776496 -0.014368 6
1383979102.305067388 0.0397382 -0.0568227 0.729 178.955 0.01304 -0.00597962  0.0617374 -0.0153524 6
1383979102.370796645 0.0404971 -0.0563612 0.73 178.878 0.0115459 0.00702092  0.0152139 -0.0204449 6
1383979102.437716740 0.0408672 -0.0551786 0.732 178.819 0.00553108 0.0176722  0.0298864 -0.0153892 6
1383979102.500934834 0.041084 -0.0535613 0.732 178.761 0.00342911 0.0255831  0 -0.0160123 6
1383979102.565476441 0.041047 -0.051823 0.733 178.736 -0.000573904 0.0269336  0.0154939 -0.00676296 6
1383979102.630846987 0.0407052 -0.0499761 0.734 178.714 -0.00522837 0.0282525  0.0152974 -0.00587056 6
1383979102.695911130 0.0402081 -0.0485405 0.734 178.68 -0.00763939 0.0220636  0 -0.00912359 6
1383979102.761548605 0.039539 -0.047195 0.732 178.656 -0.0101952 0.0205  -0.0304704 -0.0063782 6
1383979102.825921380 0.038747 -0.0466719 0.73 178.615 -0.0123026 0.00812467  -0.031069 -0.0111164 6
1383979102.890895968 0.037837 -0.0468925 0.731 178.565 -0.0140048 -0.00339445  0.0153906 -0.0134317 6
1383979102.955950919 0.0370519 -0.0475241 0.73 178.517 -0.0120685 -0.00970873  -0.0153716 -0.0128788 6
1383979103.022062393 0.0363488 -0.0482938 0.73 178.449 -0.0106357 -0.0116421  0 -0.0179501 6
1383979103.085814107 0.035593 -0.0492157 0.731 178.45 -0.0118558 -0.0144614  0.0156859 0.000271531 6
1383979103.157502456 0.0348026 -0.0498343 0.729 178.438 -0.0110243 -0.008629  -0.0278985 -0.00291992 6
1383979103.215869163 0.0342304 -0.0502225 0.731 178.42 -0.00980445 -0.00665012  0.0342661 -0.00538411 6
1383979103.281007320 0.03363 -0.0504028 0.731 178.401 -0.0092173 -0.00276901  0 -0.00509016 6
1383979103.345896729 0.033254 -0.0507689 0.731 178.372 -0.005795 -0.005642  0 -0.007802 6
1383979103.410875247 0.0330074 -0.0514735 0.733 178.34 -0.00379463 -0.0108426  0.0307794 -0.00859461 6
1383979103.475947606 0.0328474 -0.0524095 0.736 178.294 -0.00245814 -0.014384  0.0461025 -0.0123351 6
1383979103.540391447 0.0330267 -0.0533131 0.736 178.276 0.0027822 -0.0140221  0 -0.00487639 6
1383979103.606633293 0.0332311 -0.0541595 0.733 178.243 0.00308482 -0.0127766  -0.0452886 -0.00869604 4
1383979103.671061508 -0.031605 0.0558364 0.732 -0.0249939 -0.000778095 0.0106092  -0.0155212 -48.2919 3
1383979103.801080432 -0.0321646 0.0581256 0.729 -0.0670013 -0.00430416 0.0176068  -0.0230736 -0.00563893 3
1383979103.865961000 -0.0326659 0.0599048 0.728 -0.116989 -0.00772594 0.0274222  -0.0154129 -0.013447 3
1383979103.995097673 -0.0350634 0.0680262 0.726 -0.632996 -0.0185652 0.06289  -0.0154875 -0.0697402 3
1383979104.060486450 -0.036584 0.0732736 0.723 -1.358 -0.023256 0.0802498  -0.0458794 -0.193516 3
1383979104.191162097 -0.0337521 0.0834955 0.719 -3.06 0.0216717 0.0782231  -0.0306101 -0.227322 3
1383979104.256176045 -0.029758 0.0866797 0.715 -3.938 0.0614347 0.0489775  -0.0615253 -0.235705 3
1383979104.386212629 -0.007025 0.0872877 0.713 -5.39299 0.17482 0.00467527  -0.0153803 -0.195286 3
1383979104.451175851 0.0110027 0.0858357 0.717 -6.01199 0.277507 -0.0223502  0.0615733 -0.166304 3
1383979104.581235207 0.0680517 0.0741138 0.732 -6.521 0.438638 -0.0901279  0.115332 -0.0683055 3
1383979104.647386907 0.100187 0.0670651 0.728 -6.556 0.485776 -0.106553  -0.0604671 -0.00923528 3
1383979104.777098439 0.178818 0.0496788 0.729 -5.34799 0.606203 -0.134038  0.00770941 0.162543 3
1383979104.905416845 0.265825 0.0335135 0.737 -2.76999 0.678055 -0.125978  0.0623449 0.350648 3
1383979104.971299788 0.313192 0.0240074 0.751 -1.03299 0.71895 -0.144287  0.212498 0.460155 3
1383979105.101083589 0.406219 0.0115167 0.76 -356.188 0.716787 -0.0962423  0.0693461 -47.7612 3
1383979105.165304490 0.451919 0.00810205 0.769 -353.534 0.7116 -0.0531709  0.140141 0.721279 3
1383979105.296115709 0.541212 0.00932762 0.783 -347.046 0.682615 0.00936899  0.107024 0.865653 3
1383979105.361389139 0.584956 0.0103191 0.789 -343.649 0.670154 0.0151902  0.091921 0.908312 3
1383979105.489295847 0.635884 0.0348338 0.785 -336.527 0.398171 0.19166  -0.0312728 0.971822 3
1383979105.556370235 0.668392 0.045534 0.778 -332.949 0.484647 0.159527  -0.104362 0.931025 3
1383979105.686142589 0.722255 0.0753024 0.777 -326.868 0.415056 0.229389  -0.0077058 0.817843 3
1383979105.751412953 0.744492 0.0930452 0.781 -324.033 0.340693 0.271836  0.0612836 0.758081 3
1383979105.881381623 0.781566 0.137901 0.783 -318.962 0.285253 0.345128  0.0153883 0.680977 3
1383979106.012036088 0.811012 0.194137 0.788 -314.523 0.225375 0.430421  0.0382689 0.592977 3
1383979106.076492546 0.824592 0.223115 0.786 -312.539 0.210684 0.449561  -0.0310287 0.537219 3
1383979106.206823083 0.850114 0.288381 0.784 -309.388 0.195824 0.500776  -0.0153456 0.421968 3
1383979106.273122246 0.863686 0.320305 0.784 -307.945 0.204706 0.48152  0 0.379873 3
1383979106.401426703 0.891894 0.384612 0.785 -305.468 0.219852 0.501204  0.00779396 0.336947 3
1383979106.466410623 0.907843 0.416698 0.783 -304.334 0.24543 0.493748  -0.0307768 0.304567 3
1383979106.596159073 0.942873 0.477494 0.776 -302.137 0.26999 0.468566  -0.0539505 0.295533 3
1383979106.661235397 0.961183 0.507988 0.772 -301.031 0.28135 0.468588  -0.0614663 0.296625 3
1383979106.791744727 0.999332 0.568498 0.764 -298.298 0.292315 0.463645  -0.0612983 0.36549 3
1383979106.856159551 1.01751 0.598059 0.759 -296.807 0.282196 0.458931  -0.0776219 0.403988 3
1383979106.985979088 1.05377 0.658935 0.756 -293.282 0.279313 0.468925  -0.023109 0.473911 3
1383979107.116160961 1.08418 0.720864 0.749 -289.361 0.233576 0.475711  -0.0537709 0.525683 3
1383979107.181096125 1.09784 0.752864 0.749 -287.289 0.210332 0.492799  0 0.556912 3
1383979107.311150940 1.11635 0.819583 0.748 -282.927 0.142388 0.513006  -0.00768907 0.585378 3
1383979107.374418338 1.1225 0.852598 0.755 -280.711 0.0971052 0.521842  0.110642 0.611317 3
1383979107.508747307 1.12609 0.925891 0.75 -276.446 0.0267248 0.545623  -0.0372221 0.554149 3
1383979107.571536015 1.1263 0.96038 0.742 -274.353 0.00337942 0.54928  -0.127411 0.581789 3
1383979107.701773529 1.11882 1.0321 0.744 -270.422 -0.0574023 0.550664  0.0153566 0.526798 3
1383979107.765043072 1.11372 1.06705 0.747 -268.516 -0.0806912 0.552477  0.0474162 0.525781 7
1383979107.831190750 1.10633 1.10334 0.74 -266.946 -0.111653 0.548563  -0.105824 0.41425 7
1383979107.897053440 1.09757 1.13724 0.741 -265.697 -0.133116 0.514784  0.0151831 0.330979 7
1383979107.961080898 1.08713 1.16955 0.74 -264.65 -0.163029 0.504626  -0.0156183 0.285404 7
1383979108.032483673 1.07587 1.20248 0.739 -263.777 -0.157651 0.461132  -0.0140051 0.213391 7
1383979108.091352416 1.06816 1.22615 0.741 -263.031 -0.130904 0.4021  0.0339739 0.221171 7
1383979108.156170481 1.06082 1.24844 0.742 -262.508 -0.113355 0.343879  0.0154278 0.140827 7
1383979108.221155457 1.05498 1.26657 0.746 -262.045 -0.089772 0.279035  0.0615527 0.124349 7
1383979108.286217157 1.05009 1.28116 0.746 -261.563 -0.0752725 0.224251  0 0.129301 7
1383979108.351935783 1.04678 1.29027 0.748 -261.245 -0.0502868 0.138646  0.0304328 0.0844534 4
1383979108.415990735 1.04454 1.29575 0.747 -261.023 -0.0350295 0.0855266  -0.0156116 0.0604892 8
1383979108.482069972 1.04248 1.3009 0.734 -260.634 -0.0310855 0.0779311  -0.196734 0.102745 8
1383979108.546107448 1.03825 1.30478 0.704 -260.529 -0.0661476 0.0605095  -0.468476 0.0286164 8
1383979108.611232027 1.03045 1.30738 0.674 -260.39 -0.119708 0.0400103  -0.460656 0.0372518 8
1383979108.676267565 1.02095 1.30838 0.636 -260.244 -0.14609 0.0153264  -0.584296 0.0391824 8
1383979108.741194483 1.01121 1.30789 0.59 -260.158 -0.14994 -0.00757239  -0.708489 0.0231176 8
1383979108.806415441 1.00178 1.30723 0.543 -260.045 -0.144687 -0.0100973  -0.720627 0.0302388 8
1383979108.871295717 0.993183 1.30605 0.492 -259.936 -0.132477 -0.0181177  -0.786063 0.0293221 8
1383979108.936199320 0.985497 1.30434 0.439 -259.805 -0.118415 -0.0263931  -0.816596 0.0352285 8
1383979109.006028497 0.978591 1.30244 0.385 -259.682 -0.0989091 -0.0271683  -0.773316 0.0307413 8
1383979109.066186001 0.973493 1.30017 0.332 -259.567 -0.0847383 -0.0377411  -0.881021 0.0333662 8
1383979109.131264255 0.973434 1.29874 0.283 -259.481 -0.000899342 -0.0221078  -0.75294 0.0230639 8
1383979109.199576955 0.974595 1.29341 0.244 -259.431 0.0169915 -0.0779152  -0.570904 0.0127734 8
1383979109.261720296 0.975738 1.28867 0.204 -259.431 0.018395 -0.0763964  -0.643673 0 8
1383979109.326322083 0.977063 1.28387 0.17 -259.458 0.0205029 -0.074222  -0.526301 -0.00729257 8
1383979109.391884371 0.979113 1.28279 0.118 -259.504 0.031275 -0.0165445  -0.793139 -0.012247 8
1383979109.456396631 0.983305 1.28036 0 -259.995 0.0649822 -0.0376067  -1.82911 -0.132836 2
1383979109.521181038 0.989616 1.27551 0 -259.682 0.0974041 -0.0748193  0 0.0843229 2
1383979109.589904774 0.996405 1.26496 0 -259.729 0.098799 -0.153544  0 -0.0119355 2
1383979109.650278560 0.99729 1.26371 0 -259.742 0.014657 -0.0206462  0 -0.00375828 2
1383979109.715927066 0.997506 1.26284 0 -259.737 0.00328142 -0.0133678  0 0.00132857 2
1383979109.781162961 0.997712 1.26274 0 -259.74 0.00315955 -0.00142288  0 -0.000802183 2
1383979109.846171498 0.997761 1.26299 0 -259.732 0.000751666 0.0037228  0 0.00214868 2
1383979109.913271115 0.99801 1.26263 0 -259.735 0.00371432 -0.00528731  0 -0.000779902 2
1383979109.976143411 0.998071 1.26257 0 -259.734 0.000967386 -0.000965464  0 0.000277447 2
1383979110.041168954 0.998083 1.26258 0 -259.738 0.000194877 0.000129663  0 -0.00107508 2
1383979110.106153105 0.998043 1.26263 0 -259.74 -0.000626457 0.000801636  0 -0.00053686 2
1383979110.171018668 0.998038 1.26261 0 -259.743 -7.47069e-05 -0.000375455  0 -0.000806763 2
1383979110.236241258 0.998055 1.26255 0 -259.746 0.00025641 -0.000835239  0 -0.000802346 2
1383979110.301194895 0.998024 1.26256 0 -259.745 -0.000473942 0.000189937  0 0.000268556 2
1383979110.366373676 0.997992 1.26261 0 -259.747 -0.000493499 0.000714274  0 -0.000535257 2
1383979110.431325854 0.99801 1.26261 0 -259.749 0.000284917 -4.86946e-05  0 -0.000537125 2
1383979110.495900374 0.997985 1.26261 0 -259.752 -0.000395311 0.000105904  0 -0.000812461 2
1383979110.561121460 0.997979 1.26262 0 -259.756 -8.03606e-05 1.60719e-05  0 -0.00106982 2
1383979110.626185474 0.997958 1.26267 0 -259.757 -0.000322571 0.000787532  0 -0.000268101 2
1383979110.691265974 0.997962 1.26264 0 -259.76 4.75991e-05 -0.000370094  0 -0.000804098 2
1383979110.759149914 0.997955 1.26266 0 -259.763 -9.21487e-05 0.00022119  0 -0.000770891 2
1383979110.821281031 0.997967 1.26265 0 -259.766 0.000184818 -0.000104078  0 -0.000844412 2
1383979110.886177664 0.997962 1.26267 0 -259.768 -7.65542e-05 0.000265161  0 -0.000537584 2
1383979110.953994880 0.997949 1.26269 0 -259.771 -0.000184732 0.000316668  0 -0.000771649 2
1383979111.017376240 0.9979 1.26272 0 -259.772 -0.000784792 0.000516002  0 -0.000275218 2
1383979111.081231851 0.997874 1.26273 0 -259.772 -0.000392473 0.000190798  0 0 2
1383979111.146240124 0.997849 1.26275 0 -259.773 -0.000387034 0.000175534  0 -0.000268331 2
1383979111.211213940 0.997845 1.26276 0 -259.773 -7.18521e-05 0.000266679  0 0 2
1383979111.279404380 0.997825 1.26278 0 -259.775 -0.00029149 0.000247009  0 -0.000511617 2
1383979111.341205711 0.997822 1.26279 0 -259.777 -4.15462e-05 0.000172036  0 -0.000564509 2
1383979111.406230429 0.997801 1.26283 0 -259.78 -0.000330436 0.000562371  0 -0.000806836 2
1383979111.472184187 0.997759 1.26288 0 -259.783 -0.000628025 0.000787319  0 -0.000793452 2
1383979111.537205191 0.997724 1.26291 0 -259.785 -0.000538556 0.000477201  0 -0.000536556 2
1383979111.602054379 0.99769 1.26296 0 -259.786 -0.000529665 0.000731761  0 -0.000268989 2
1383979111.666523821 0.997651 1.26301 0 -259.786 -0.000599359 0.000815282  0 0 2
1383979111.731230138 0.997624 1.26301 0 -259.788 -0.000413941 2.41762e-05  0 -0.000539165 2
1383979111.795224689 0.99759 1.26303 0 -259.79 -0.000534366 0.000232522  0 -0.000545162 2
1383979111.864863218 0.997585 1.26304 0 -259.79 -7.84577e-05 0.000218958  0 0 2
1383979111.928203082 0.997583 1.26305 0 -259.792 -3.46455e-05 0.000143293  0 -0.000552899 2
1383979111.991811576 0.997559 1.26308 0 -259.792 -0.000378786 0.000379242  0 0 2
1383979112.060248732 0.997504 1.26311 0 -259.793 -0.000799634 0.000542449  0 -0.000254886 2
1383979112.124004887 0.997492 1.2631 0 -259.795 -0.000191899 -0.000254425  0 -0.000547201 2
1383979112.188652837 0.997504 1.26311 0 -259.798 0.000193644 0.000211654  0 -0.000809478 2
1383979112.255392783 0.997462 1.26315 0 -259.799 -0.000632333 0.00054976  0 -0.000261368 2
1383979112.315960881 0.99745 1.26317 0 -259.802 -0.000193392 0.000455134  0 -0.000864005 2
1383979112.383199810 0.997455 1.26318 0 -259.805 6.6899e-05 4.15846e-05  0 -0.000778286 2
1383979112.449289989 0.997443 1.26318 0 -259.806 -0.000172749 1.74868e-05  0 -0.000265953 2
1383979112.511016412 0.997426 1.26318 0 -259.808 -0.000281076 -2.26334e-05  0 -0.000565194 2
1383979112.575673144 0.997441 1.26318 0 -259.81 0.000239423 0.000123028  0 -0.000539579 2
1383979112.644316456 0.99744 1.26318 0 -259.811 -2.51266e-05 -5.68009e-05  0 -0.000254121 2
1383979112.712478552 0.997452 1.26316 0 -259.811 0.000173897 -0.000360479  0 0 2
1383979112.771802368 0.997456 1.26317 0 -259.813 7.81327e-05 0.000278693  0 -0.000588084 2
1383979112.837241871 0.997406 1.26323 0 -259.816 -0.000767142 0.00095233  0 -0.000799687 2
1383979112.902216516 0.997418 1.26323 0 -259.817 0.000188893 -2.06786e-05  0 -0.000268469 2
1383979112.968275049 0.997416 1.26324 0 -259.819 -3.21235e-05 0.000164588  0 -0.000528129 2
1383979113.032170713 0.997424 1.26321 0 -259.821 0.000117553 -0.000580224  0 -0.00054809 2
1383979113.096206546 0.997411 1.26325 0 -259.822 -0.000203649 0.000597904  0 -0.000272405 2
1383979113.161846023 0.997327 1.26331 0 -259.824 -0.00127709 0.000989139  0 -0.0005315 2
1383979113.226717696 0.997304 1.26332 0 -259.827 -0.000349317 0.000118818  0 -0.000806687 2
1383979113.293015985 0.997295 1.26328 0 -259.829 -0.000133813 -0.000513913  0 -0.000526219 2
1383979113.356764870 0.9973 1.2633 0 -259.831 6.9974e-05 0.000216152  0 -0.000547263 2
1383979113.421698978 0.997298 1.26332 0 -259.831 -1.92911e-05 0.000303005  0 0 2
1383979113.486673057 0.997272 1.26334 0 -259.832 -0.000399585 0.000286217  0 -0.000268472 2
1383979113.552444755 0.997254 1.26338 0 -259.834 -0.000282039 0.000642785  0 -0.000532457 2
1383979113.617384863 0.997223 1.2634 0 -259.837 -0.000478219 0.000335774  0 -0.000805837 2
1383979113.682432912 0.997206 1.26344 0 -259.838 -0.00025832 0.000576763  0 -0.000268166 2
1383979113.746722461 0.997199 1.26345 0 -259.839 -0.000110487 0.000256619  0 -0.00027133 2
1383979113.811870200 0.997188 1.26346 0 -259.84 -0.000175226 0.000157211  0 -0.000267756 2
1383979113.877538973 0.99716 1.26347 0 -259.841 -0.000413839 0.00012539  0 -0.000265632 2
1383979113.940553196 0.997135 1.26351 0 -259.843 -0.000402819 0.000588881  0 -0.000553643 2
1383979114.010265124 0.99712 1.26356 0 -259.843 -0.000218904 0.00072063  0 0 2
1383979114.071900120 0.997108 1.26361 0 -259.848 -0.000190013 0.000737184  0 -0.00141724 2
1383979114.137898339 0.997076 1.26364 0 -259.851 -0.000479356 0.000494782  0 -0.000792917 2
1383979114.202162172 0.997049 1.26368 0 -259.852 -0.000424862 0.000672009  0 -0.000271439 2
1383979114.266245485 0.997009 1.26373 0 -259.854 -0.000626651 0.000769302  0 -0.000544407 2
1383979114.332130202 0.996985 1.26374 0 -259.855 -0.000358654 0.000128352  0 -0.000264761 2
1383979114.396780314 0.996974 1.26374 0 -259.857 -0.000169037 2.85164e-06  0 -0.000539634 2
1383979114.461776324 0.99695 1.26378 0 -259.859 -0.000378569 0.000552815  0 -0.000536762 2
1383979114.526788797 0.996938 1.26381 0 -259.863 -0.000172851 0.000588098  0 -0.0010753 2
1383979114.591845908 0.99692 1.26384 0 -259.865 -0.000279366 0.000424931  0 -0.000536258 2
1383979114.656793149 0.996927 1.26382 0 -259.867 0.000101548 -0.000263984  0 -0.000537165 2
1383979114.721815461 0.996907 1.26384 0 -259.867 -0.000304127 0.000178604  0 0 2
1383979114.786833879 0.996873 1.26387 0 -259.869 -0.000529317 0.000460824  0 -0.000536577 2
1383979114.851905072 0.996848 1.26391 0 -259.871 -0.000372672 0.000670294  0 -0.000536142 2
1383979114.916951506 0.996842 1.26396 0 -259.875 -0.000100847 0.000851271  0 -0.00107474 2
1383979114.981944299 0.996827 1.26404 0 -259.874 -0.000228755 0.00119113  0 0.000270443 2
1383979115.046447775 0.996811 1.26409 0 -259.874 -0.000251686 0.000687492  0 0 2
1383979115.110856665 0.996806 1.26411 0 -259.88 -7.29993e-05 0.000290796  0 -0.00162703 2
1383979115.176771285 0.996776 1.26412 0 -259.881 -0.000452604 0.000268791  0 -0.000264641 2
1383979115.242863914 0.996754 1.26414 0 -259.883 -0.000330788 0.000246301  0 -0.000527856 2
1383979115.307407725 0.996737 1.26416 0 -259.885 -0.000275046 0.000335459  0 -0.000540523 2
1383979115.371960894 0.996724 1.26418 0 -259.886 -0.000194341 0.00035075  0 -0.000270222 2
1383979115.436950046 0.996708 1.26421 0 -259.889 -0.000249527 0.000336342  0 -0.000807277 2
1383979115.501908471 0.996696 1.26422 0 -259.891 -0.00018381 0.00029637  0 -0.000537073 2
1383979115.566906540 0.99667 1.26426 0 -259.893 -0.000406867 0.000534214  0 -0.000536745 2
1383979115.633011791 0.996645 1.26434 0 -259.896 -0.000373548 0.00120168  0 -0.000791633 2
1383979115.696985982 0.996622 1.26438 0 -259.898 -0.000354846 0.000631958  0 -0.000545336 2
1383979115.761995765 0.99656 1.2644 0 -259.898 -0.00095656 0.000306624  0 0 2
1383979115.827044091 0.996586 1.2644 0 -259.9 0.000395467 5.15446e-05  0 -0.000536331 2
1383979115.893199664 0.996578 1.26445 0 -259.901 -0.000111448 0.000681489  0 -0.000263677 2
1383979115.957103863 0.996569 1.26445 0 -259.903 -0.000144577 -1.54183e-05  0 -0.000548017 2
1383979116.022228506 0.996515 1.26446 0 -259.903 -0.000822902 0.000248059  0 0 2
1383979116.087442605 0.996476 1.2645 0 -259.906 -0.000600215 0.000602222  0 -0.000802451 2
1383979116.152414566 0.996453 1.26453 0 -259.91 -0.000360533 0.000378234  0 -0.00107392 2
1383979116.217320684 0.996418 1.26454 0 -259.912 -0.000533817 0.000232842  0 -0.000537506 2
1383979116.280902632 0.996382 1.26456 0 -259.911 -0.000566539 0.000296475  0 0.00027435 2
1383979116.346207841 0.996356 1.26459 0 -259.912 -0.000394469 0.000499151  0 -0.00026711 2
1383979116.412246526 0.996335 1.26461 0 -259.915 -0.000326781 0.000252635  0 -0.000792431 2
1383979116.477291570 0.996324 1.26465 0 -259.916 -0.000167867 0.000662027  0 -0.000268179 2
1383979116.542321726 0.996292 1.26468 0 -259.917 -0.000493034 0.000342709  0 -0.000270288 2
1383979116.606706283 0.996322 1.2647 0 -259.918 0.000470161 0.000330405  0 -0.00027093 2
1383979116.671821381 0.996326 1.26473 0 -259.919 6.07175e-05 0.000497614  0 -0.00026789 2
1383979116.737042627 0.996286 1.26477 0 -259.922 -0.000611831 0.000670969  0 -0.000802363 2
1383979116.809378106 0.996303 1.26478 0 -259.924 0.000228748 9.07601e-05  0 -0.0004823 2
1383979116.867279596 0.996291 1.2648 0 -259.926 -0.00019698 0.00040016  0 -0.00060253 2
1383979116.932045855 0.996266 1.26484 0 -259.93 -0.000393604 0.000539756  0 -0.00107733 2
1383979116.999353176 0.996266 1.26487 0 -259.933 6.38794e-06 0.000420548  0 -0.000779474 2
1383979117.062373855 0.996236 1.2649 0 -259.936 -0.000479273 0.000585957  0 -0.00083038 2
1383979117.127307061 0.99618 1.26493 0 -259.939 -0.000861412 0.00049258  0 -0.000805922 2
1383979117.192432408 0.996163 1.26496 0 -259.941 -0.000258329 0.000324804  0 -0.000535696 2
1383979117.257283519 0.996156 1.26497 0 -259.944 -0.000109084 0.000199106  0 -0.000806942 2
1383979117.322443365 0.996159 1.265 0 -259.948 3.55782e-05 0.0005287  0 -0.00107287 2
1383979117.388557298 0.996126 1.26502 0 -259.951 -0.00049044 0.000182547  0 -0.000791529 2
1383979117.452369150 0.996118 1.26501 0 -259.955 -0.000129273 -3.16015e-05  0 -0.00109345 2
1383979117.518606950 0.996119 1.26503 0 -259.959 1.71876e-05 0.0003107  0 -0.00105541 2
