13.1069 -0.411655 0.816 28.6464
13.1592 -0.407972 0.823153 28.7464
13.2113 -0.40629 0.827276 28.8464
13.2631 -0.404683 0.829355 28.9464
13.3145 -0.402167 0.830055 29.0464
13.3656 -0.398242 0.829832 29.1464
13.4163 -0.392659 0.828995 29.2464
13.4666 -0.385289 0.827753 29.3464
13.5165 -0.376068 0.826249 29.4464
13.5658 -0.364961 0.824582 29.5464
13.6146 -0.351949 0.822818 29.6464
13.6627 -0.337021 0.821001 29.7464
13.7102 -0.320174 0.819164 29.8464
13.7568 -0.301409 0.817327 29.9464
13.8026 -0.28073 0.815505 30.0464
13.8474 -0.25815 0.813708 30.1464
13.8962 -0.239796 0.819757 30.2464
13.9435 -0.218705 0.822363 30.3464
13.9896 -0.19603 0.822666 30.4464
14.035 -0.172366 0.821454 30.5464
14.0797 -0.148047 0.819273 30.6464
14.1241 -0.123271 0.816497 30.7464
14.1681 -0.0981704 0.81338 30.8464
14.2118 -0.0728342 0.810099 30.9464
14.2553 -0.0473283 0.80677 31.0464
14.2987 -0.0217022 0.803471 31.1464
14.3419 0.00400629 0.800253 31.2464
14.3851 0.0297676 0.797148 31.3464
14.4359 0.0421098 0.808097 31.4464
14.4876 0.034071 0.816003 31.5464
14.5381 0.021603 0.821043 31.6464
14.588 0.00904775 0.824123 31.7464
14.6377 -0.00199964 0.825871 31.8464
14.6875 -0.0110964 0.826724 31.9464
14.7374 -0.0182746 0.826983 32.0464
14.7873 -0.0237441 0.826857 32.1464
14.8373 -0.027762 0.82649 32.2464
14.8872 -0.0305784 0.82598 32.3464
