1385852274.460449533 0.00171331 -4.25512e-05 0 -179.67 0.00048032 -1.19291e-05  0 -0.879122 2
1385852274.524642444 0.00166573 4.25031e-06 0 -179.669 -0.000741135 0.000729076  0 0.000269664 2
1385852274.591791621 0.00175362 7.55242e-05 0 -179.667 0.00130885 0.00106143  0 0.000519551 2
1385852274.660483869 0.00164142 2.57097e-05 0 -179.666 -0.00163333 -0.000725184  0 0.000255878 2
1385852274.725842881 0.00146477 5.69952e-05 0 -179.664 -0.00270273 0.000478671  0 0.000533781 2
1385852274.791012126 0.00142345 -2.61987e-05 0 -179.662 -0.000634083 -0.00127658  0 0.000535335 2
1385852274.855634743 0.00139093 -1.80394e-05 0 -179.66 -0.000503241 0.000126262  0 0.000539864 2
1385852274.921394352 0.00139522 -6.71275e-06 0 -179.656 6.52778e-05 0.000172243  0 0.00106106 2
1385852274.986531119 0.00133346 5.04572e-05 0 -179.653 -0.000948177 0.000877691  0 0.000805448 2
1385852275.052060313 0.00135059 1.86493e-05 0 -179.651 0.000261402 -0.0004854  0 0.000532395 2
1385852275.122806855 0.00135593 -5.37438e-05 0 -179.65 7.5442e-05 -0.00102327  0 0.000248448 2
1385852275.181816323 0.00133296 -9.4791e-05 0 -179.646 -0.000389138 -0.000695604  0 0.00118243 2
1385852275.245235200 0.00130181 -9.73564e-05 0 -179.645 -0.000491196 -4.04515e-05  0 0.000272956 2
1385852275.311743849 0.00123352 -0.000101642 0 -179.643 -0.00102689 -6.44337e-05  0 0.000524554 2
1385852275.377310034 0.00123143 -0.000160395 0 -179.639 -3.18308e-05 -0.000896097  0 0.00106419 2
1385852275.442560083 0.00117501 -0.000296474 0 -179.64 -0.000864621 -0.0020855  0 -0.000265296 2
1385852275.507434525 0.00114006 -0.000346104 0 -179.636 -0.000538785 -0.000765017  0 0.00107554 2
1385852275.578874221 0.00114341 -0.000328372 0 -179.633 4.69073e-05 0.00024822  0 0.000734385 2
1385852275.640669288 0.00116621 -0.000374573 0 -179.632 0.000368996 -0.000747657  0 0.000280128 2
1385852275.703473603 0.00108262 -0.000293673 0 -179.628 -0.00133099 0.00128813  0 0.00111099 2
1385852275.768634484 0.00109667 -0.000315977 0 -179.624 0.000215562 -0.000342287  0 0.0010749 2
1385852275.833819095 0.00102531 -0.000333879 0 -179.621 -0.00109475 -0.000274643  0 0.000800771 2
1385852275.899141385 0.000973187 -0.000360308 0 -179.62 -0.000797874 -0.000404587  0 0.000269079 2
1385852275.964223834 0.000862597 -0.000473675 0 -179.62 -0.00169923 -0.0017419  0 0 2
1385852276.029858410 0.000762509 -0.000457385 0 -179.62 -0.00152493 0.000248199  0 0 2
1385852276.095926743 0.000619697 -0.000455426 0 -179.615 -0.00216159 2.96479e-05  0 0.00131811 2
1385852276.159779557 0.000593208 -0.000457663 0 -179.613 -0.000414839 -3.50422e-05  0 0.000546372 2
1385852276.224490493 0.000533068 -0.000468892 0 -179.611 -0.000929365 -0.000173521  0 0.000543242 2
1385852276.290108723 0.000440461 -0.000494049 0 -179.608 -0.00141129 -0.000383378  0 0.00079548 2
1385852276.355292443 0.000293368 -0.000499159 0 -179.607 -0.0022566 -7.83978e-05  0 0.000269651 2
1385852276.420262608 0.000184146 -0.000604446 0 -179.606 -0.00168111 -0.00162055  0 0.000266438 2
1385852276.485642654 0.000145933 -0.000705064 0 -179.604 -0.000584477 -0.00153896  0 0.000533609 2
1385852276.550809839 8.21424e-05 -0.000701744 0 -179.6 -0.000978879 5.09389e-05  0 0.0010707 2
1385852276.619596744 0.0001882 -0.000786133 0 -179.598 0.00154182 -0.00122682  0 0.000507181 2
1385852276.681177442 0.000183437 -0.000799793 0 -179.595 -7.73469e-05 -0.000221814  0 0.00085196 2
1385852276.746332145 0.000140866 -0.000708704 0 -179.593 -0.000653371 0.00139803  0 0.000535455 2
1385852276.812118431 0.000154542 -0.000694559 0 -179.59 0.000207886 0.000215027  0 0.000797496 2
1385852276.876645945 0.000208372 -0.000732219 0 -179.587 0.000834208 -0.000583627  0 0.000808926 2
1385852276.941825391 0.000151396 -0.000794609 0 -179.585 -0.000874138 -0.000957209  0 0.000535252 2
1385852277.006978629 0.000141513 -0.000836678 0 -179.58 -0.000151694 -0.000645693  0 0.00134071 2
1385852277.071625702 0.000101093 -0.000913943 0 -179.579 -0.000625243 -0.00119518  0 0.00027189 2
1385852277.136425908 3.9485e-06 -0.000979601 0 -179.576 -0.00149913 -0.00101325  0 0.000805521 2
1385852277.202445394 -7.62587e-05 -0.000993149 0 -179.573 -0.0012149 -0.000205201  0 0.000794679 2
1385852277.267705345 -0.000153318 -0.000963022 0 -179.57 -0.00118081 0.000461643  0 0.000799847 2
1385852277.332870822 -0.0001559 -0.000970373 0 -179.568 -3.96278e-05 -0.00011281  0 0.000539453 2
1385852277.398055218 -0.000214427 -0.000998242 0 -179.566 -0.000897855 -0.000427539  0 0.000535211 2
1385852277.464816899 -0.0002469 -0.000900149 0 -179.563 -0.000486405 0.0014693  0 0.000781855 2
1385852277.530731995 -0.00028364 -0.000889864 0 -179.561 -0.000557388 0.000156038  0 0.000529278 2
1385852277.593860761 -0.000283317 -0.000883951 0 -179.559 5.12053e-06 9.36713e-05  0 0.000552639 2
1385852277.658889769 -0.000323482 -0.000884643 0 -179.556 -0.000617643 -1.06469e-05  0 0.000806783 2
1385852277.725089368 -0.000389352 -0.000905938 0 -179.551 -0.000995022 -0.00032168  0 0.00131952 2
1385852277.789167842 -0.000444047 -0.000888449 0 -179.552 -0.000853575 0.000272936  0 -0.000274302 2
1385852277.854225614 -0.000516715 -0.000833458 0 -179.552 -0.00111697 0.000845258  0 0 2
1385852277.919433935 -0.000569753 -0.000847511 0 -179.552 -0.00081336 -0.000215506  0 0 2
1385852277.988231455 -0.000639776 -0.00085787 0 -179.551 -0.00101781 -0.00015058  0 0.000255487 2
1385852278.049960432 -0.000661321 -0.000973947 0 -179.549 -0.000349027 -0.00188042  0 0.000565171 2
1385852278.115017540 -0.000662983 -0.000986391 0 -179.548 -2.55485e-05 -0.000191278  0 0.000266082 2
1385852278.181528605 -0.000748969 -0.00100767 0 -179.545 -0.00129281 -0.000319908  0 0.000788805 2
1385852278.244238623 -0.000790141 -0.000934907 0 -179.542 -0.000656536 0.00116028  0 0.00083237 2
1385852278.310596447 -0.000885871 -0.000935982 0 -179.541 -0.00144264 -1.62088e-05  0 0.00026488 2
1385852278.377568487 -0.000930789 -0.00100539 0 -179.539 -0.000670693 -0.00103643  0 0.000520925 2
1385852278.440985556 -0.00100176 -0.00111483 0 -179.535 -0.00111908 -0.00172565  0 0.00110025 2
1385852278.506144148 -0.00104992 -0.0012453 0 -179.535 -0.000739137 -0.00200234  0 0 2
1385852278.572690909 -0.00103638 -0.00129754 0 -179.531 0.000203384 -0.000784983  0 0.00104851 2
1385852278.636470949 -0.00101626 -0.00133989 0 -179.529 0.000315475 -0.000664014  0 0.000546996 2
1385852278.701047202 -0.00116645 -0.00142614 0 -179.527 -0.00232572 -0.00133566  0 0.000544375 2
1385852278.766338285 -0.00119734 -0.00136946 0 -179.525 -0.000473187 0.000868076  0 0.000534337 2
1385852278.831954810 -0.00110546 -0.00128313 0 -179.523 0.00140031 0.0013157  0 0.000531686 2
1385852278.897024454 -0.00108769 -0.0013217 0 -179.519 0.000273085 -0.000592673  0 0.00107231 2
1385852278.963895062 -0.00111591 -0.00150107 0 -179.517 -0.000421961 -0.00268234  0 0.000521715 2
1385852279.027416959 -0.00103299 -0.00149684 0 -179.515 0.0013054 6.65434e-05  0 0.000549219 2
1385852279.092686663 -0.00106676 -0.00154643 0 -179.514 -0.000517374 -0.000759851  0 0.000265216 2
1385852279.159078780 -0.00113441 -0.00152386 0 -179.512 -0.00101896 0.000339947  0 0.000529486 2
1385852279.222257530 -0.00113273 -0.00155768 0 -179.51 2.6454e-05 -0.000535238  0 0.000552202 2
1385852279.288455191 -0.00110297 -0.00158478 0 -179.507 0.000449618 -0.000409411  0 0.000788517 2
1385852279.354910472 -0.00110331 -0.00164238 0 -179.505 -5.04719e-06 -0.000866775  0 0.000524976 2
1385852279.418395862 -0.00124058 -0.00165367 0 -179.505 -0.00216227 -0.00017781  0 0 2
1385852279.483968451 -0.00122527 -0.00162916 0 -179.503 0.000233528 0.000373749  0 0.000532043 2
1385852279.552786379 -0.0012273 -0.00159687 0 -179.499 -2.9554e-05 0.000469288  0 0.00101777 2
1385852279.613986792 -0.00121166 -0.00164161 0 -179.499 0.000255517 -0.000731042  0 0 2
1385852279.679141446 -0.00122389 -0.00168495 0 -179.497 -0.000187691 -0.000665262  0 0.000535455 2
1385852279.743691061 -0.00133125 -0.00166973 0 -179.494 -0.00166315 0.000235814  0 0.000808649 2
1385852279.809499991 -0.00134226 -0.00165087 0 -179.494 -0.000167344 0.0002866  0 0 2
1385852279.874683424 -0.00133788 -0.00169233 0 -179.491 6.71973e-05 -0.000636099  0 0.000804871 2
1385852279.939292544 -0.00136245 -0.00174616 0 -179.488 -0.000380307 -0.000833086  0 0.000807904 2
1385852280.003849294 -0.00140961 -0.00173813 0 -179.485 -0.000730502 0.000124337  0 0.000812685 2
1385852280.069389790 -0.00149593 -0.00175851 0 -179.485 -0.00131711 -0.000310971  0 0 2
1385852280.134562450 -0.001558 -0.00177439 0 -179.485 -0.000952362 -0.000243588  0 0 2
1385852280.200512832 -0.00167443 -0.00180329 0 -179.482 -0.00176541 -0.000438177  0 0.000795511 2
1385852280.265973509 -0.00173123 -0.00186154 0 -179.479 -0.000867651 -0.000889818  0 0.000797394 2
1385852280.330379387 -0.00169518 -0.0019001 0 -179.475 0.000559713 -0.000598795  0 0.00108336 2
1385852280.395599097 -0.00179071 -0.00200841 0 -179.472 -0.00146474 -0.00166065  0 0.000804424 2
1385852280.465040301 -0.00179767 -0.0019726 0 -179.471 -0.000100203 0.000515636  0 0.000253119 2
1385852280.527859061 -0.00177007 -0.00195746 0 -179.472 0.000439375 0.000240992  0 -0.000279803 2
1385852280.591641297 -0.0017571 -0.00195326 0 -179.469 0.000203264 6.58453e-05  0 0.000822553 2
1385852280.656374668 -0.00175825 -0.00195335 0 -179.467 -1.7711e-05 -1.34854e-06  0 0.00053894 2
1385852280.723471141 -0.00180524 -0.00202446 0 -179.465 -0.000700335 -0.00105977  0 0.000519959 2
1385852280.787414710 -0.00186675 -0.00207211 0 -179.462 -0.000961945 -0.00074523  0 0.000816313 2
1385852280.852529945 -0.00191343 -0.00208034 0 -179.46 -0.000716971 -0.000126329  0 0.00053578 2
1385852280.916916922 -0.00200332 -0.00207786 0 -179.457 -0.00139599 3.84868e-05  0 0.000814827 2
1385852280.982593726 -0.00201131 -0.00210443 0 -179.455 -0.000121753 -0.000404648  0 0.000531198 2
1385852281.047144406 -0.00198942 -0.00213976 0 -179.454 0.000339127 -0.000547201  0 0.000272296 2
1385852281.112043700 -0.00203352 -0.00218782 0 -179.453 -0.000679518 -0.000740663  0 0.000266729 2
1385852281.177596189 -0.00212727 -0.00214309 0 -179.451 -0.00143013 0.00068248  0 0.000532206 2
1385852281.242913584 -0.00216882 -0.00212575 0 -179.45 -0.000636069 0.000265382  0 0.000269099 2
1385852281.309580071 -0.00221146 -0.00210276 0 -179.447 -0.000639615 0.000344875  0 0.000782971 2
1385852281.372811942 -0.00234064 -0.00210544 0 -179.445 -0.00204295 -4.24201e-05  0 0.000551738 2
1385852281.438995071 -0.00239074 -0.00211946 0 -179.442 -0.000756956 -0.000211812  0 0.000792714 2
1385852281.505354651 -0.0024171 -0.00198792 0 -179.44 -0.000397243 0.0019823  0 0.000525733 2
1385852281.569253599 -0.00247908 -0.0020206 0 -179.438 -0.000969959 -0.000511553  0 0.000545978 2
1385852281.634577985 -0.00247492 -0.00204447 0 -179.435 6.36759e-05 -0.000365358  0 0.000803135 2
1385852281.699151299 -0.00257069 -0.00204784 0 -179.433 -0.00148309 -5.22099e-05  0 0.000540276 2
1385852281.764725083 -0.00267041 -0.00204059 0 -179.429 -0.00152073 0.000110643  0 0.00106407 2
1385852281.830081182 -0.00273468 -0.00204592 0 -179.426 -0.000983414 -8.16576e-05  0 0.000802745 2
1385852281.894284093 -0.00273903 -0.00205556 0 -179.426 -6.78589e-05 -0.000150009  0 0 2
1385852281.960321834 -0.00279364 -0.00208301 0 -179.424 -0.00082686 -0.000415783  0 0.000528295 2
1385852282.026237188 -0.00281067 -0.00208945 0 -179.424 -0.000258456 -9.77156e-05  0 0 2
1385852282.091227234 -0.00279347 -0.00214006 0 -179.421 0.000264752 -0.000778615  0 0.000803168 2
1385852282.155809367 -0.00284318 -0.0022003 0 -179.419 -0.000769741 -0.0009329  0 0.000540202 2
1385852282.220489869 -0.00288367 -0.00218966 0 -179.416 -0.000626019 0.000164508  0 0.00081113 2
1385852282.286501010 -0.00294413 -0.00218083 0 -179.414 -0.00091589 0.000133779  0 0.000528508 2
1385852282.352436763 -0.00307888 -0.00225779 0 -179.414 -0.00204369 -0.00116719  0 0 2
1385852282.416555102 -0.00305916 -0.00229125 0 -179.409 0.000307518 -0.000521868  0 0.00136235 2
1385852282.483155620 -0.00310034 -0.0023001 0 -179.406 -0.000618214 -0.000132786  0 0.000783747 2
1385852282.546891352 -0.00318404 -0.00226721 0 -179.405 -0.00131333 0.000516067  0 0.000275777 2
1385852282.615577829 -0.00320951 -0.00223824 0 -179.403 -0.000370692 0.000421717  0 0.000507923 2
1385852282.676956386 -0.00330916 -0.00230057 0 -179.402 -0.00162358 -0.00101543  0 0.000286368 2
1385852282.745555555 -0.00333195 -0.00237015 0 -179.403 -0.000332293 -0.00101435  0 -0.000256226 2
1385852282.813683098 -0.00338142 -0.00237276 0 -179.4 -0.000726079 -3.82731e-05  0 0.000770089 2
1385852282.872041692 -0.00351145 -0.00240292 0 -179.399 -0.00222811 -0.000516949  0 0.000296624 2
1385852282.937877273 -0.00349917 -0.0023547 0 -179.399 0.000186574 0.000732552  0 0 2
1385852283.003667507 -0.00356728 -0.00231568 0 -179.399 -0.0010353 0.000592976  0 0 2
1385852283.068354760 -0.00369823 -0.00231964 0 -179.398 -0.00202433 -6.1182e-05  0 0.000271721 2
1385852283.132503712 -0.00378372 -0.00235633 0 -179.395 -0.0013328 -0.000571884  0 0.000813699 2
1385852283.198749088 -0.00378815 -0.00236715 0 -179.393 -6.6846e-05 -0.000163327  0 0.000526639 2
1385852283.263261946 -0.00385677 -0.00241915 0 -179.391 -0.0010636 -0.000806036  0 0.000540782 2
1385852283.329191925 -0.00389219 -0.0023858 0 -179.389 -0.000537321 0.000505778  0 0.000529159 2
1385852283.394392890 -0.00394304 -0.00230131 0 -179.387 -0.000779908 0.00129583  0 0.00053916 2
1385852283.459677559 -0.00415285 -0.00236445 0 -179.383 -0.00321363 -0.000967133  0 0.00106878 2
1385852283.523477936 -0.00417133 -0.00238872 0 -179.381 -0.000289722 -0.000380336  0 0.000546821 2
1385852283.590616381 -0.00416446 -0.00245274 0 -179.38 0.000102363 -0.00095365  0 0.000257834 2
1385852283.654459124 -0.00402392 -0.00256024 0 -179.377 0.00220131 -0.00168379  0 0.000821773 2
1385852283.720029376 -0.00405508 -0.0026218 0 -179.377 -0.000475252 -0.000938874  0 0 2
1385852283.785215182 -0.00409227 -0.00264944 0 -179.374 -0.00057044 -0.000423917  0 0.000804842 2
1385852283.849541150 -0.00412845 -0.00265172 0 -179.372 -0.000562535 -3.54548e-05  0 0.000542353 2
1385852283.914097309 -0.0041987 -0.00270328 0 -179.371 -0.00108811 -0.000798789  0 0.000268147 2
1385852283.980769443 -0.00420549 -0.00272483 0 -179.367 -0.000101832 -0.000323168  0 0.00104654 2
1385852284.045009827 -0.00425683 -0.00269989 0 -179.365 -0.000799284 0.000388218  0 0.000543076 2
1385852284.111256431 -0.00427155 -0.00271414 0 -179.363 -0.00022214 -0.000215111  0 0.000526629 2
1385852284.176276725 -0.00432832 -0.00273922 0 -179.363 -0.000873112 -0.00038564  0 0 2
1385852284.241568829 -0.00436284 -0.00276564 0 -179.361 -0.000528668 -0.000404708  0 0.000538407 2
1385852284.306640172 -0.00439303 -0.00279069 0 -179.359 -0.000464054 -0.00038494  0 0.000536141 2
1385852284.371815430 -0.0044238 -0.00280592 0 -179.357 -0.000472098 -0.000233742  0 0.000535286 2
1385852284.438655547 -0.00446836 -0.00282668 0 -179.354 -0.000666612 -0.000310491  0 0.000780938 2
1385852284.502200543 -0.0044601 -0.00286602 0 -179.35 0.000130031 -0.000619101  0 0.00109804 2
1385852284.567400219 -0.00454036 -0.00293704 0 -179.348 -0.00123101 -0.0010893  0 0.000535086 2
1385852284.631956195 -0.00457457 -0.00296809 0 -179.344 -0.000530045 -0.000481065  0 0.00108497 2
1385852284.697788371 -0.00463389 -0.00301992 0 -179.341 -0.000901008 -0.000787184  0 0.000792894 2
1385852284.762948848 -0.00471525 -0.00305275 0 -179.34 -0.00124859 -0.000503952  0 0.000269747 2
1385852284.827513715 -0.00482768 -0.00307662 0 -179.338 -0.0017413 -0.000369715  0 0.000540347 2
1385852284.893245089 -0.00485428 -0.00312413 0 -179.334 -0.000404793 -0.000722669  0 0.00106151 2
1385852284.958597174 -0.00488731 -0.00315519 0 -179.33 -0.000505305 -0.000475297  0 0.00106768 2
1385852285.023028376 -0.00491566 -0.00320605 0 -179.327 -0.000440129 -0.000789335  0 0.000814268 2
1385852285.089371761 -0.00502225 -0.00323733 0 -179.326 -0.00160658 -0.000471593  0 0.000260923 2
1385852285.156326934 -0.00508713 -0.00320926 0 -179.322 -0.000968938 0.000419278  0 0.00104211 2
1385852285.218736430 -0.00517468 -0.00330509 0 -179.32 -0.00140295 -0.00153547  0 0.000559008 2
1385852285.287993140 -0.00526923 -0.003435 0 -179.318 -0.00136523 -0.00187577  0 0.000507586 2
1385852285.351652715 -0.00527054 -0.00349973 0 -179.317 -2.05213e-05 -0.00101682  0 0.000271924 2
1385852285.416102113 -0.0053254 -0.00352823 0 -179.316 -0.000851271 -0.000442199  0 0.000272723 2
1385852285.480244405 -0.00539722 -0.00352838 0 -179.315 -0.00111961 -2.42772e-06  0 0.000269877 2
1385852285.545152141 -0.00547314 -0.00356624 0 -179.315 -0.00116964 -0.000583158  0 0 2
1385852285.609597620 -0.00549347 -0.00359114 0 -179.312 -0.000315547 -0.00038637  0 0.000814088 2
1385852285.675552121 -0.00555746 -0.00361109 0 -179.309 -0.000970231 -0.000302548  0 0.000791424 2
1385852285.741353447 -0.00560069 -0.00364605 0 -179.306 -0.00065693 -0.000531228  0 0.000797313 2
1385852285.805338415 -0.00573597 -0.00369363 0 -179.306 -0.00211423 -0.000743672  0 0 2
1385852285.873342512 -0.00583346 -0.00384635 0 -179.304 -0.00143355 -0.0022458  0 0.000513019 2
1385852285.935845368 -0.00588473 -0.00393257 0 -179.303 -0.000820249 -0.00137942  0 0.000281217 2
1385852286.000578123 -0.00589701 -0.00394768 0 -179.301 -0.000189769 -0.000233469  0 0.000538945 2
1385852286.065193560 -0.00598008 -0.00403364 0 -179.299 -0.00128567 -0.00133024  0 0.000539924 2
1385852286.131821417 -0.00604627 -0.00406652 0 -179.298 -0.000993381 -0.000493464  0 0.000259809 2
1385852286.197192783 -0.00609497 -0.00406123 0 -179.295 -0.000745035 8.08176e-05  0 0.000802557 2
1385852286.262133176 -0.00614546 -0.00409266 0 -179.293 -0.000777444 -0.00048401  0 0.000537222 2
1385852286.329517740 -0.00618862 -0.00409332 0 -179.287 -0.000640425 -9.7031e-06  0 0.00155321 2
1385852286.394309898 -0.00615056 -0.00417252 0 -179.283 0.000587444 -0.00122239  0 0.0010769 2
1385852286.457313365 -0.00614989 -0.00424613 0 -179.281 1.05501e-05 -0.0011684  0 0.000553738 2
1385852286.521951131 -0.00618054 -0.00418463 0 -179.279 -0.000474218 0.000951528  0 0.000539737 2
1385852286.587444378 -0.00625278 -0.00426589 0 -179.275 -0.00110299 -0.00124082  0 0.00106944 2
1385852286.652889561 -0.00640489 -0.0042367 0 -179.272 -0.00232425 0.000446083  0 0.000797583 2
1385852286.718040362 -0.00644324 -0.00428735 0 -179.267 -0.00058861 -0.000777435  0 0.00134076 2
1385852286.782902201 -0.00646732 -0.0043192 0 -179.264 -0.000371176 -0.000491103  0 0.000804756 2
1385852286.847661787 -0.00638202 -0.00440788 0 -179.263 0.00131719 -0.00136925  0 0.000271417 2
1385852286.913622886 -0.00643021 -0.00450405 0 -179.262 -0.00073068 -0.00145805  0 0.000266473 2
1385852286.978533908 -0.00635517 -0.0045863 0 -179.259 0.0011561 -0.00126708  0 0.000804146 2
1385852287.044105901 -0.00644229 -0.00461857 0 -179.256 -0.00132862 -0.000492168  0 0.000800102 2
1385852287.109173109 -0.00647866 -0.00469953 0 -179.253 -0.000558917 -0.0012443  0 0.000802216 2
