-0.00110206 0.035703 0 -76.005 -0.000587124 0.0190209 1.87704 6
-0.00111006 0.036876 0 -76.019 -0.000122204 0.017916 0.0654712 6
-0.00110159 0.0380471 0 -76.043 0.000130657 0.0180778 0.0647797 6
-0.00118201 0.0392161 0 -76.065 -0.00124266 0.0180648 0.0647127 6
-0.00120531 0.0404377 0 -76.031 -0.000326877 0.017134 0.0712988 6
-0.00114723 0.0414279 0 -75.933 0.000905008 0.015428 0.0641819 6
-0.00131223 0.0424496 0 -75.976 -0.00259775 0.0160858 0.0635151 6
-0.00129008 0.0434489 0 -75.939 0.000334195 0.0150803 0.0662665 6
-0.00127527 0.0443297 0 -75.898 0.000227685 0.0135371 0.0650644 6
-0.00128846 0.045163 0 -75.923 -0.000204083 0.0128866 0.0646614 6
-0.00121114 0.0460392 0 -75.832 0.00118477 0.0134256 0.0652649 6
-0.00128637 0.0468754 0 -75.794 -0.00115522 0.0128402 0.0651272 6
-0.00125972 0.0477373 0 -75.789 0.000401041 0.0129677 0.066466 6
-0.00122024 0.0485088 0 -75.758 0.000577349 0.0112816 0.0683857 6
-0.00123657 0.0492771 0 -75.677 -0.000252762 0.0118893 0.0646172 6
-0.00114264 0.049929 0 -75.653 0.00143828 0.00998207 0.0653065 6
-0.00112554 0.0506468 0 -75.518 0.000262409 0.011017 0.0651556 6
-0.0012795 0.0513935 0 -75.448 -0.00237121 0.0115007 0.0649287 6
-0.00120937 0.0519534 0 -75.401 0.00107827 0.00860681 0.0650441 6
-0.00115292 0.0524611 0 -75.468 0.000870195 0.00782766 0.0648665 6
-0.00120965 0.053026 0 -75.337 -0.000870708 0.00866972 0.0651523 6
-0.00107486 0.0534699 0 -75.24 0.0020757 0.00683577 0.0649368 6
-0.00101358 0.0540045 0 -75.313 0.000925537 0.00807528 0.0662061 6
-0.000938722 0.0543862 0 -75.422 0.0011796 0.00601486 0.0634637 6
-0.00112801 0.0548306 0 -75.57 -0.00288835 0.0067808 0.0655347 6
-0.0012203 0.0550036 0 -75.789 -0.00142527 0.00267189 0.0647553 6
-0.00127574 0.0547224 0 -75.946 -0.000809505 -0.00410586 0.0684812 6
-0.00115191 0.0544064 0 -76.023 0.00196326 -0.00500988 0.0630729 6
-0.000825065 0.0540417 0 -75.971 0.00510718 -0.00569979 0.0639972 6
-0.000395857 0.0537057 0 -75.89 0.0067685 -0.00529791 0.0634126 6
-0.000299656 0.0532926 0 -75.742 0.00145249 -0.00623781 0.0662317 6
-0.000404239 0.0527944 0 -75.662 -0.00162595 -0.00774476 0.0643208 6
-0.000542518 0.0519773 0 -75.653 -0.00204437 -0.0120808 0.0676394 6
-0.000849865 0.0512495 0 -67.393 -0.00480692 -0.0113831 0.0639384 6
-0.0011781 0.0500303 0.244 -67.288 -0.00470349 -0.0174703 0.069786 6
-0.00177566 0.048428 0.271 -67.203 -0.0100717 -0.0270062 0.0593305 6
-0.0034902 0.0471799 0.326 -67.109 -0.0263791 -0.0192033 0.0649962 6
-0.00510982 0.046003 0.406 -66.95 -0.024843 -0.0180519 0.0651941 6
-0.00624327 0.046653 0.488 -66.913 -0.0168258 0.00964859 0.0673639 6
-0.00812603 0.0490242 0.583 -66.896 -0.0301024 0.0379119 0.0625452 6
-0.00971078 0.0499033 0.672 -66.914 -0.0241178 0.013379 0.0657084 6
-0.0115394 0.0481409 0.747 -66.864 -0.0285115 -0.0274783 0.0641374 6
-0.0133565 0.0434607 0.816 -66.87 -0.0278212 -0.0716601 0.065311 6
-0.0145718 0.0360642 0.861 -66.795 -0.0187188 -0.113921 0.0649263 6
-0.0137249 0.0253946 0.891 -66.858 0.0130928 -0.164939 0.0646882 6
-0.0120555 0.0126144 0.901 -66.829 0.0254799 -0.195067 0.0655171 6
-0.0101219 0.00148147 0.894 -66.854 0.0298116 -0.171649 0.0648587 6
-0.00803281 -0.00773736 0.874 -66.855 0.0310996 -0.137235 0.0671755 6
-0.00656983 -0.01714 0.845 -66.899 0.0230329 -0.148034 0.063517 6
-0.00496488 -0.0258422 0.82 -66.837 0.0249377 -0.135215 0.064358 6
-0.00436551 -0.0343443 0.786 -66.768 0.00824083 -0.116896 0.0727325 6
-0.00485994 -0.0395 0.764 -66.772 -0.00865744 -0.0902762 0.0571103 6
-0.00653075 -0.0447829 0.74 -66.792 -0.0239062 -0.0755877 0.0698904 6
-0.00835913 -0.0481818 0.724 -66.766 -0.0301158 -0.0559838 0.0607118 6
-0.0106505 -0.0503171 0.719 -66.783 -0.0355736 -0.033151 0.0644132 6
-0.0133922 -0.0511643 0.717 -66.716 -0.0421482 -0.0130241 0.0650484 6
-0.0168705 -0.0512727 0.721 -66.715 -0.0534481 -0.00166527 0.0650779 6
-0.0201215 -0.0511869 0.727 -66.726 -0.0500973 0.00132217 0.0648934 6
-0.0235187 -0.0509515 0.734 -66.74 -0.0521763 0.00361537 0.0651103 6
-0.026516 -0.0499781 0.741 -66.808 -0.0472667 0.0153503 0.0634119 6
-0.0296885 -0.0486453 0.742 -66.824 -0.0476919 0.0200352 0.0665207 6
-0.0327278 -0.047663 0.743 -66.79 -0.046602 0.0150619 0.0652184 6
-0.0355793 -0.0466053 0.743 -66.77 -0.0440523 0.0163407 0.0647312 6
-0.0382996 -0.0450847 0.741 -66.749 -0.0418936 0.0234173 0.0649333 6
-0.0409718 -0.0435005 0.738 -66.796 -0.0415097 0.0246098 0.0643742 6
-0.0437624 -0.0423758 0.737 -66.81 -0.0424897 0.0171242 0.0656776 6
-0.0462584 -0.0411341 0.734 -66.814 -0.0383347 0.0190701 0.0651121 6
-0.0485781 -0.0395583 0.733 -66.782 -0.0356984 0.0242504 0.0649799 6
-0.0512266 -0.0381308 0.73 -66.776 -0.0407625 0.0219713 0.0649739 6
-0.0536997 -0.0367927 0.729 -66.742 -0.0380425 0.020582 0.0650092 6
-0.0558096 -0.0355601 0.73 -66.792 -0.0324011 0.0189297 0.0651163 6
-0.0579614 -0.0345366 0.731 -66.797 -0.0329095 0.0156531 0.0653856 6
-0.0598927 -0.033058 0.733 -66.836 -0.0298385 0.022844 0.0647257 6
-0.0618408 -0.0318763 0.733 -66.841 -0.0300438 0.0182249 0.0648422 6
-0.0634889 -0.031112 0.734 -66.833 -0.0253387 0.0117502 0.0650426 6
-0.0654337 -0.0307247 0.735 -66.836 -0.0299658 0.0059674 0.0648989 6
-0.0676282 -0.0301379 0.734 -66.841 -0.0336217 0.0089912 0.0652717 6
-0.069521 -0.02981 0.735 -66.839 -0.028622 0.00495712 0.0661311 6
-0.0711293 -0.0297228 0.736 -66.901 -0.025304 0.0013725 0.0635584 6
-0.0726232 -0.0295725 0.737 -66.923 -0.0229789 0.00231248 0.0650113 4
-0.0564288 0.0538523 0.737 0.034996 -0.0115391 -0.0208589 0.0655857 8
-0.0569466 0.0526558 0.719 -0.0810013 -0.00796021 -0.0183952 0.0650458 8
-0.0573681 0.0515678 0.697 -0.197006 -0.00659689 -0.0170284 0.0638907 8
-0.0573289 0.0506719 0.66 -0.138 0.000597651 -0.0136754 0.0655113 8
-0.0573198 0.0500817 0.623 -0.201004 0.000139298 -0.00907236 0.0650586 8
-0.0574314 0.0493083 0.579 -0.235001 -0.00165878 -0.0114977 0.0672666 8
-0.0576632 0.0486612 0.528 -0.206001 -0.00373865 -0.0104376 0.0619942 8
-0.0574585 0.0480853 0.473 -0.168007 0.00311695 -0.00876802 0.0656842 8
-0.0569877 0.0476801 0.416 -0.194 0.0071995 -0.00619616 0.0653881 8
-0.0567325 0.0478799 0.361 -0.178001 0.00393966 0.00308443 0.0647873 8
-0.0569718 0.0488927 0.307 -0.139 -0.00367188 0.0155355 0.0651921 8
-0.0570994 0.0533967 0.258 -0.110001 -0.00202721 0.0715581 0.0629417 8
-0.0577985 0.060618 0.222 -0.132004 -0.0104496 0.107946 0.0668975 8
-0.0619899 0.069385 0.202 -0.105003 -0.0643139 0.13452 0.0651718 8
-0.0644742 0.0741055 0.153 -0.0890045 -0.0382873 0.0727532 0.0648839 8
-0.0604003 0.0807808 0.183 0.0629959 0.0599496 0.0982325 0.0679545 2
-0.0604003 0.0807808 0 0.815994 0 0 0.060935 2
-0.0604003 0.0807808 0 0.910995 0 0 0.0661063 2
-0.0604003 0.0807808 0 0.931999 0 0 0.0650733 2
-0.0604003 0.0807808 0 0.928993 0 0 0.0649375 2
-0.0604003 0.0807808 0 0.918999 0 0 0.0661678 2
-0.0604003 0.0807808 0 0.917 0 0 0.0788112 2
-0.0604003 0.0807808 0 0.913994 0 0 0.0501266 2
-0.0604003 0.0807808 0 0.904999 0 0 0.0649193 2
-0.0604003 0.0807808 0 0.907997 0 0 0.0651747 2
-0.0604003 0.0807808 0 0.898994 0 0 0.0647879 2
-0.0604003 0.0807808 0 0.893997 0 0 0.0650481 2
-0.0604003 0.0807808 0 0.889 0 0 0.0650577 2
-0.0604003 0.0807808 0 0.885994 0 0 0.0649669 2
-0.0604003 0.0807808 0 0.882996 0 0 0.0650436 2
-0.0604003 0.0807808 0 0.878998 0 0 0.064948 2
-0.0604003 0.0807808 0 0.873993 0 0 0.0649642 2
-0.0604003 0.0807808 0 0.870995 0 0 0.064886 2
-0.0604003 0.0807808 0 0.867996 0 0 0.0652224 2
-0.0604003 0.0807808 0 0.862999 0 0 0.0649534 2
-0.0604003 0.0807808 0 0.862 0 0 0.0649966 2
-0.0604003 0.0807808 0 0.856995 0 0 0.0775799 2
-0.0604003 0.0807808 0 0.852997 0 0 0.0524299 2
-0.0604003 0.0807808 0 0.850998 0 0 0.0650455 2
-0.0604003 0.0807808 0 0.847 0 0 0.0654115 2
-0.0604003 0.0807808 0 0.841995 0 0 0.06517 2
-0.0604003 0.0807808 0 0.836998 0 0 0.0639641 2
-0.0604003 0.0807808 0 0.833 0 0 0.0653979 2
-0.0604003 0.0807808 0 0.830994 0 0 0.065336 2
-0.0604003 0.0807808 0 0.825996 0 0 0.0647394 2
-0.0604003 0.0807808 0 0.825996 0 0 0.0661695 2
-0.0604003 0.0807808 0 0.814995 0 0 0.129054 2
-0.0604003 0.0807808 0 0.809998 0 0 0.0655512 2
-0.0604003 0.0807808 0 0.806 0 0 0.0645697 2
-0.0604003 0.0807808 0 0.802994 0 0 0.0650328 2
-0.0604003 0.0807808 0 0.796997 0 0 0.0828747 2
-0.0604003 0.0807808 0 0.794998 0 0 0.046709 2
-0.0604003 0.0807808 0 0.790993 0 0 0.0641187 2
-0.0604003 0.0807808 0 0.786995 0 0 0.0642642 2
-0.0604003 0.0807808 0 0.781998 0 0 0.0668636 2
-0.0604003 0.0807808 0 0.778 0 0 0.0649335 2
-0.0604003 0.0807808 0 0.773994 0 0 0.0658495 2
-0.0604003 0.0807808 0 0.767998 0 0 0.0641984 2
-0.0604003 0.0807808 0 0.764999 0 0 0.0650311 2
-0.0604003 0.0807808 0 0.760994 0 0 0.0649635 2
-0.0604003 0.0807808 0 0.756996 0 0 0.0650266 2
-0.0604003 0.0807808 0 0.752998 0 0 0.0648347 2
-0.0604003 0.0807808 0 0.746994 0 0 0.0652186 2
-0.0604003 0.0807808 0 0.741997 0 0 0.0651337 2
-0.0604003 0.0807808 0 0.737999 0 0 0.0648596 2
-0.0604003 0.0807808 0 0.732994 0 0 0.080761 2
-0.0604003 0.0807808 0 0.728996 0 0 0.0515684 2
-0.0604003 0.0807808 0 0.723 0 0 0.0665769 2
-0.0604003 0.0807808 0 0.715996 0 0 0.060708 2
-0.0604003 0.0807808 0 0.711998 0 0 0.0668 2
-0.0604003 0.0807808 0 0.706993 0 0 0.0643653 2
-0.0604003 0.0807808 0 0.701996 0 0 0.0657249 2
-0.0604003 0.0807808 0 0.698997 0 0 0.0635228 2
-0.0604003 0.0807808 0 0.695 0 0 0.0651347 2
-0.0604003 0.0807808 0 0.688995 0 0 0.073113 2
-0.0604003 0.0807808 0 0.684998 0 0 0.0571643 2
-0.0604003 0.0807808 0 0.681999 0 0 0.0646728 2
-0.0604003 0.0807808 0 0.677994 0 0 0.0645444 2
-0.0604003 0.0807808 0 0.672997 0 0 0.0654437 2
-0.0604003 0.0807808 0 0.668999 0 0 0.0657241 2
-0.0604003 0.0807808 0 0.665993 0 0 0.0640258 2
-0.0604003 0.0807808 0 0.661995 0 0 0.0650002 2
-0.0604003 0.0807808 0 0.656998 0 0 0.0649899 2
-0.0604003 0.0807808 0 0.653999 0 0 0.0647532 2
-0.0604003 0.0807808 0 0.649994 0 0 0.0647839 2
-0.0604003 0.0807808 0 0.647995 0 0 0.0687718 2
-0.0604003 0.0807808 0 0.643997 0 0 0.0651126 2
-0.0604003 0.0807808 0 0.639999 0 0 0.0645059 2
-0.0604003 0.0807808 0 0.635994 0 0 0.0620503 2
-0.0604003 0.0807808 0 0.630997 0 0 0.0650885 2
-0.0604003 0.0807808 0 0.625 0 0 0.0656893 2
-0.0604003 0.0807808 0 0.619995 0 0 0.0644738 2
-0.0604003 0.0807808 0 0.615997 0 0 0.0647634 2
-0.0604003 0.0807808 0 0.613998 0 0 0.0648586 2
-0.0604003 0.0807808 0 0.609993 0 0 0.0702492 2
-0.0604003 0.0807808 0 0.605995 0 0 0.0598339 2
-0.0604003 0.0807808 0 0.600998 0 0 0.0644135 2
-0.0604003 0.0807808 0 0.595993 0 0 0.0659393 2
-0.0604003 0.0807808 0 0.591995 0 0 0.0649314 2
-0.0604003 0.0807808 0 0.586998 0 0 0.065159 2
-0.0604003 0.0807808 0 0.584 0 0 0.0649085 2
-0.0604003 0.0807808 0 0.578995 0 0 0.064829 2
-0.0604003 0.0807808 0 0.574997 0 0 0.0653858 2
-0.0604003 0.0807808 0 0.569 0 0 0.0650008 2
-0.0604003 0.0807808 0 0.566994 0 0 0.0653573 2
-0.0604003 0.0807808 0 0.564995 0 0 0.0643955 2
-0.0604003 0.0807808 0 0.562996 0 0 0.0650258 2
-0.0604003 0.0807808 0 0.559998 0 0 0.0649155 2
-0.0604003 0.0807808 0 0.556 0 0 0.0650259 2
-0.0604003 0.0807808 0 0.551994 0 0 0.0649325 2
-0.0604003 0.0807808 0 0.545998 0 0 0.0650058 2
-0.0604003 0.0807808 0 0.543999 0 0 0.0684423 2
-0.0604003 0.0807808 0 0.538994 0 0 0.0616678 2
-0.0604003 0.0807808 0 0.533997 0 0 0.0661726 2
-0.0604003 0.0807808 0 0.531998 0 0 0.0637642 2
-0.0604003 0.0807808 0 0.528 0 0 0.0641192 2
-0.0604003 0.0807808 0 0.523994 0 0 0.0662734 2
-0.0604003 0.0807808 0 0.520996 0 0 0.0647577 2
-0.0604003 0.0807808 0 0.516998 0 0 0.0649144 2
-0.0604003 0.0807808 0 0.514 0 0 0.0665185 2
-0.0604003 0.0807808 0 0.507996 0 0 0.0632496 2
-0.0604003 0.0807808 0 0.503998 0 0 0.065228 2
-0.0604003 0.0807808 0 0.496994 0 0 0.0646554 2
-0.0604003 0.0807808 0 0.494995 0 0 0.0653995 2
-0.0604003 0.0807808 0 0.488998 0 0 0.0650029 2
-0.0604003 0.0807808 0 0.486 0 0 0.065475 2
-0.0604003 0.0807808 0 0.483994 0 0 0.064508 2
-0.0604003 0.0807808 0 0.477997 0 0 0.0653433 2
-0.0604003 0.0807808 0 0.474998 0 0 0.0645228 2
-0.0604003 0.0807808 0 0.470993 0 0 0.0654477 2
-0.0604003 0.0807808 0 0.464996 0 0 0.0659956 2
-0.0604003 0.0807808 0 0.461998 0 0 0.064198 2
-0.0604003 0.0807808 0 0.458 0 0 0.0646833 2
-0.0604003 0.0807808 0 0.452995 0 0 0.065119 2
-0.0604003 0.0807808 0 0.448997 0 0 0.0648694 2
-0.0604003 0.0807808 0 0.445 0 0 0.0652656 2
-0.0604003 0.0807808 0 0.442993 0 0 0.0648279 2
-0.0604003 0.0807808 0 0.438995 0 0 0.0649776 2
-0.0604003 0.0807808 0 0.433998 0 0 0.0649044 2
-0.0604003 0.0807808 0 0.431 0 0 0.0651913 2
-0.0604003 0.0807808 0 0.427994 0 0 0.0649554 2
-0.0604003 0.0807808 0 0.424995 0 0 0.0657879 2
-0.0604003 0.0807808 0 0.420998 0 0 0.070453 2
-0.0604003 0.0807808 0 0.417 0 0 0.0589476 2
