0.468456 -0.0806961 0.947 0.99999
0.48252 -0.0862674 0.945906 1.09999
0.502294 -0.0914563 0.945127 1.19999
0.52686 -0.0965254 0.944564 1.29999
0.540093 -0.105003 0.943199 1.39999
0.558849 -0.114066 0.942078 1.49999
0.582384 -0.123414 0.941132 1.59999
0.610006 -0.132844 0.940312 1.69999
0.641088 -0.142252 0.939585 1.79999
0.675087 -0.151598 0.938926 1.89999
0.711536 -0.160876 0.938316 1.99999
0.750039 -0.170098 0.937743 2.09999
0.790262 -0.179284 0.937198 2.19999
0.831924 -0.188455 0.936673 2.29999
0.874792 -0.197629 0.936164 2.39999
0.918667 -0.206822 0.935667 2.49999
0.963384 -0.216047 0.935179 2.59999
1.0088 -0.225314 0.934698 2.69999
1.05481 -0.234631 0.934222 2.79999
1.10131 -0.244002 0.933751 2.89999
1.14822 -0.253432 0.933282 2.99999
1.19547 -0.262921 0.932816 3.09999
1.243 -0.272472 0.932352 3.19999
1.29077 -0.282083 0.93189 3.29999
1.33874 -0.291754 0.931428 3.39999
1.38687 -0.301483 0.930968 3.49999
1.43514 -0.311269 0.930507 3.59999
1.48351 -0.321111 0.930048 3.69999
1.53199 -0.331005 0.929588 3.79999
1.58053 -0.34095 0.929129 3.89999
1.62914 -0.350944 0.92867 3.99999
1.67781 -0.360984 0.92821 4.09999
1.72651 -0.371069 0.927751 4.19999
1.77525 -0.381195 0.927292 4.29999
1.82402 -0.391362 0.926832 4.39999
1.87281 -0.401568 0.926372 4.49999
1.92161 -0.411809 0.925912 4.59999
1.97043 -0.422085 0.925452 4.69999
2.01927 -0.432394 0.924992 4.79999
2.06811 -0.442735 0.924532 4.89999
2.11695 -0.453105 0.924071 4.99999
2.1658 -0.463503 0.92361 5.09999
2.21466 -0.473928 0.923149 5.19999
2.26352 -0.484379 0.922688 5.29999
2.31237 -0.494854 0.922227 5.39999
2.36123 -0.505352 0.921765 5.49999
2.41009 -0.515873 0.921304 5.59999
2.45895 -0.526414 0.920842 5.69999
2.5078 -0.536975 0.92038 5.79999
2.55666 -0.547555 0.919917 5.89999
2.60551 -0.558153 0.919455 5.99999
2.65436 -0.568768 0.918993 6.09999
2.70321 -0.5794 0.91853 6.19999
2.75205 -0.590048 0.918067 6.29999
2.8009 -0.60071 0.917604 6.39999
2.84974 -0.611386 0.917141 6.49999
2.89858 -0.622076 0.916678 6.59999
2.94742 -0.632779 0.916215 6.69999
2.99625 -0.643494 0.915752 6.79999
3.04509 -0.654221 0.915288 6.89999
3.09392 -0.664959 0.914825 6.99999
3.14275 -0.675707 0.914361 7.09999
3.19158 -0.686466 0.913898 7.19999
3.2404 -0.697234 0.913434 7.29999
3.28922 -0.708012 0.91297 7.39999
3.33805 -0.718798 0.912506 7.49999
3.38687 -0.729593 0.912042 7.59999
3.43568 -0.740396 0.911578 7.69999
3.4845 -0.751206 0.911114 7.79999
3.53332 -0.762023 0.91065 7.89999
3.58213 -0.772848 0.910186 7.99999
3.63094 -0.783679 0.909722 8.09999
3.67975 -0.794516 0.909258 8.19999
3.72856 -0.80536 0.908793 8.29999
3.77737 -0.816209 0.908329 8.39999
3.82618 -0.827063 0.907865 8.49999
3.87499 -0.837923 0.9074 8.59999
3.92379 -0.848788 0.906936 8.69999
3.9726 -0.859657 0.906471 8.79999
4.0214 -0.870531 0.906007 8.89999
4.0702 -0.881409 0.905542 8.99999
4.119 -0.892292 0.905078 9.09999
4.1678 -0.903178 0.904613 9.19999
4.2166 -0.914068 0.904149 9.29999
4.2654 -0.924962 0.903684 9.39999
4.3142 -0.935859 0.903219 9.49999
4.363 -0.946759 0.902755 9.59999
4.41179 -0.957663 0.90229 9.69999
4.46059 -0.968569 0.901825 9.79999
4.50939 -0.979478 0.901361 9.89999
4.55818 -0.99039 0.900896 9.99999
4.60697 -1.0013 0.900431 10.1
4.65577 -1.01222 0.899966 10.2
4.70456 -1.02314 0.899501 10.3
4.75335 -1.03406 0.899037 10.4
4.80215 -1.04499 0.898572 10.5
4.85094 -1.05591 0.898107 10.6
4.89973 -1.06684 0.897642 10.7
4.94852 -1.07777 0.897177 10.8
4.99731 -1.0887 0.896712 10.9
5.0461 -1.09963 0.896248 11
5.09489 -1.11057 0.895783 11.1
5.14368 -1.1215 0.895318 11.2
5.19247 -1.13244 0.894853 11.3
5.24126 -1.14338 0.894388 11.4
5.29005 -1.15432 0.893923 11.5
5.33883 -1.16526 0.893458 11.6
5.38762 -1.1762 0.892993 11.7
5.43641 -1.18715 0.892528 11.8
5.4852 -1.19809 0.892063 11.9
5.53398 -1.20904 0.891598 12
5.58277 -1.21998 0.891133 12.1
5.63156 -1.23093 0.890668 12.2
5.68034 -1.24188 0.890203 12.3
5.69487 -1.24687 0.889179 12.4
5.71516 -1.25172 0.888491 12.5
5.74017 -1.25688 0.888034 12.6
5.76904 -1.26279 0.887732 12.7
5.80104 -1.26983 0.887535 12.8
5.83556 -1.27832 0.88741 12.9
5.87204 -1.28849 0.887333 13
5.90999 -1.30054 0.887288 13.1
5.94899 -1.31462 0.887265 13.2
5.98864 -1.33081 0.887257 13.3
5.99841 -1.34446 0.88611 13.4
6.01278 -1.36076 0.885262 13.5
6.03165 -1.37868 0.884616 13.6
6.05473 -1.39739 0.884108 13.7
6.08166 -1.41624 0.883694 13.8
6.11203 -1.43474 0.883341 13.9
6.14543 -1.45253 0.883031 14
6.18149 -1.46933 0.882747 14.1
6.21985 -1.4849 0.882481 14.2
6.26021 -1.49906 0.882225 14.3
6.30229 -1.51166 0.881974 14.4
6.34585 -1.52256 0.881726 14.5
6.39065 -1.53165 0.881477 14.6
6.43649 -1.53884 0.881227 14.7
6.48318 -1.54403 0.880974 14.8
6.53054 -1.54717 0.880717 14.9
6.5784 -1.54819 0.880456 15
6.62659 -1.54704 0.880191 15.1
6.67498 -1.54368 0.879921 15.2
6.68915 -1.54466 0.878695 15.3
6.709 -1.54337 0.877755 15.4
6.73352 -1.54034 0.877014 15.5
6.76196 -1.536 0.876414 15.6
6.79369 -1.53063 0.87591 15.7
6.82819 -1.52446 0.875473 15.8
6.86501 -1.51764 0.875082 15.9
6.90379 -1.5103 0.874722 16
6.94421 -1.50253 0.874381 16.1
6.98602 -1.49442 0.874051 16.2
7.02898 -1.48602 0.873729 16.3
7.07292 -1.4774 0.873409 16.4
7.11768 -1.46859 0.873089 16.5
7.16313 -1.45963 0.872767 16.6
7.20916 -1.45055 0.872441 16.7
7.25567 -1.44138 0.872111 16.8
7.3026 -1.43213 0.871777 16.9
7.34987 -1.42281 0.871437 17
7.39743 -1.41346 0.871092 17.1
7.44523 -1.40406 0.870741 17.2
7.49324 -1.39464 0.870385 17.3
7.54142 -1.3852 0.870024 17.4
7.58975 -1.37575 0.869657 17.5
7.63819 -1.36629 0.869284 17.6
7.68675 -1.35682 0.868907 17.7
7.73539 -1.34736 0.868525 17.8
7.7841 -1.3379 0.868138 17.9
7.83288 -1.32843 0.867747 18
7.8817 -1.31898 0.867352 18.1
7.93058 -1.30953 0.866952 18.2
7.97949 -1.30008 0.866548 18.3
8.02843 -1.29065 0.866141 18.4
8.0774 -1.28122 0.86573 18.5
8.12639 -1.2718 0.865316 18.6
8.1754 -1.26239 0.864899 18.7
8.22443 -1.25299 0.864478 18.8
8.27348 -1.24359 0.864055 18.9
8.32253 -1.23421 0.863628 19
8.3716 -1.22483 0.8632 19.1
8.42067 -1.21546 0.862768 19.2
8.46976 -1.2061 0.862335 19.3
8.51885 -1.19674 0.861899 19.4
8.56794 -1.1874 0.861461 19.5
8.61704 -1.17806 0.861021 19.6
8.66615 -1.16873 0.860579 19.7
8.71526 -1.1594 0.860136 19.8
8.76437 -1.15008 0.85969 19.9
8.81348 -1.14077 0.859243 20
8.8626 -1.13146 0.858795 20.1
8.91172 -1.12216 0.858345 20.2
8.96085 -1.11287 0.857894 20.3
9.00997 -1.10358 0.857441 20.4
9.0591 -1.09429 0.856988 20.5
9.10823 -1.08501 0.856533 20.6
9.15735 -1.07574 0.856077 20.7
9.20649 -1.06647 0.85562 20.8
9.25562 -1.0572 0.855162 20.9
9.30475 -1.04794 0.854703 21
9.35388 -1.03868 0.854244 21.1
9.40302 -1.02943 0.853783 21.2
9.45215 -1.02018 0.853322 21.3
9.50129 -1.01093 0.85286 21.4
9.55043 -1.00168 0.852397 21.5
9.59957 -0.992441 0.851934 21.6
9.6487 -0.983203 0.85147 21.7
9.69784 -0.973967 0.851005 21.8
9.74698 -0.964734 0.85054 21.9
9.79612 -0.955504 0.850075 22
9.84526 -0.946276 0.849608 22.1
9.89441 -0.93705 0.849142 22.2
9.94355 -0.927826 0.848675 22.3
9.99269 -0.918605 0.848207 22.4
10.0418 -0.909386 0.84774 22.5
10.091 -0.900169 0.847271 22.6
10.1401 -0.890953 0.846803 22.7
10.1893 -0.881739 0.846334 22.8
10.2384 -0.872527 0.845865 22.9
10.2876 -0.863317 0.845395 23
10.3367 -0.854108 0.844925 23.1
10.3858 -0.844901 0.844455 23.2
10.435 -0.835694 0.843985 23.3
10.4841 -0.82649 0.843515 23.4
10.5333 -0.817286 0.843044 23.5
10.5824 -0.808084 0.842573 23.6
10.6316 -0.798883 0.842102 23.7
10.6807 -0.789683 0.84163 23.8
10.7299 -0.780484 0.841159 23.9
10.779 -0.771286 0.840687 24
10.8282 -0.762089 0.840215 24.1
10.8773 -0.752893 0.839743 24.2
10.9264 -0.743698 0.839271 24.3
10.9756 -0.734504 0.838799 24.4
11.0247 -0.72531 0.838327 24.5
11.0739 -0.716117 0.837854 24.6
11.123 -0.706925 0.837381 24.7
11.1722 -0.697734 0.836909 24.8
11.2213 -0.688543 0.836436 24.9
11.2705 -0.679353 0.835963 25
11.3196 -0.670163 0.83549 25.1
11.3688 -0.660975 0.835017 25.2
11.4179 -0.651786 0.834544 25.3
11.4671 -0.642598 0.83407 25.4
11.5162 -0.633411 0.833597 25.5
11.5654 -0.624224 0.833124 25.6
11.6145 -0.615037 0.83265 25.7
11.6637 -0.605851 0.832177 25.8
11.7128 -0.596666 0.831703 25.9
11.762 -0.587481 0.831229 26
11.8111 -0.578296 0.830756 26.1
11.8603 -0.569111 0.830282 26.2
11.9094 -0.559927 0.829808 26.3
11.9586 -0.550743 0.829334 26.4
12.0077 -0.54156 0.82886 26.5
12.0569 -0.532376 0.828386 26.6
12.106 -0.523193 0.827913 26.7
12.1552 -0.514011 0.827439 26.8
12.2043 -0.504828 0.826965 26.9
12.2535 -0.495646 0.82649 27
12.3026 -0.486464 0.826016 27.1
12.3518 -0.477282 0.825542 27.2
12.4009 -0.468101 0.825068 27.3
12.4501 -0.458919 0.824594 27.4
12.4992 -0.449738 0.82412 27.5
12.5484 -0.440557 0.823646 27.6
12.5975 -0.431377 0.823171 27.7
12.6467 -0.422196 0.822697 27.8
12.6958 -0.413016 0.822223 27.9
12.745 -0.403835 0.821749 28
12.7941 -0.394655 0.821274 28.1
12.8433 -0.385475 0.8208 28.2
12.8924 -0.376295 0.820326 28.3
12.9416 -0.367115 0.819851 28.4
12.9907 -0.357936 0.819377 28.5
13.0399 -0.348756 0.818903 28.6
13.089 -0.339577 0.818428 28.7
13.1382 -0.330397 0.817954 28.8
13.1873 -0.321218 0.817479 28.9
13.2365 -0.312039 0.817005 29
13.2856 -0.30286 0.816531 29.1
13.3348 -0.293681 0.816056 29.2
13.3839 -0.284502 0.815582 29.3
13.4331 -0.275323 0.815107 29.4
13.4822 -0.266145 0.814633 29.5
13.5314 -0.256966 0.814158 29.6
13.5805 -0.247788 0.813684 29.7
13.6297 -0.238609 0.813209 29.8
13.6788 -0.229431 0.812735 29.9
13.728 -0.220252 0.812261 30
13.7771 -0.211074 0.811786 30.1
13.8263 -0.201896 0.811312 30.2
13.8754 -0.192717 0.810837 30.3
13.9246 -0.183539 0.810363 30.4
13.9737 -0.174361 0.809888 30.5
14.0229 -0.165183 0.809414 30.6
14.072 -0.156005 0.808939 30.7
14.1212 -0.146827 0.808464 30.8
14.1703 -0.137649 0.80799 30.9
14.2195 -0.128471 0.807515 31
14.2686 -0.119293 0.807041 31.1
14.3178 -0.110115 0.806566 31.2
14.3669 -0.100937 0.806092 31.3
14.4161 -0.0917596 0.805617 31.4
14.4652 -0.0825818 0.805143 31.5
14.5144 -0.0734041 0.804668 31.6
14.5635 -0.0642264 0.804194 31.7
14.6127 -0.0550487 0.803719 31.8
14.6618 -0.045871 0.803245 31.9
14.711 -0.0366933 0.80277 32
14.7248 -0.037351 0.801556 32.1
14.7441 -0.0355177 0.800616 32.2
14.7682 -0.031955 0.799864 32.3
14.7962 -0.0273803 0.799241 32.4
14.8277 -0.0224334 0.798705 32.5
14.8622 -0.01767 0.798228 32.6
