-0.316632 0.345289 0.982 1.00001
-0.301854 0.343912 0.981147 1.10001
-0.281891 0.339054 0.980017 1.20001
-0.257735 0.331544 0.978709 1.30001
-0.230079 0.321944 0.977286 1.40001
-0.199512 0.310587 0.975793 1.50001
-0.166553 0.297648 0.974258 1.60001
-0.131671 0.283201 0.972702 1.70001
-0.095284 0.26726 0.971139 1.80001
-0.0577679 0.249804 0.969577 1.90001
-0.0194592 0.230797 0.968025 2.00001
0.019339 0.210197 0.966486 2.10001
0.0583525 0.187963 0.964966 2.20001
0.097332 0.164063 0.963465 2.30001
0.13605 0.138473 0.961987 2.40001
0.1743 0.111183 0.960532 2.50001
0.211888 0.0821905 0.959103 2.60001
0.248641 0.0515071 0.957699 2.70001
0.284393 0.0191548 0.956321 2.80001
0.318996 -0.0148341 0.95497 2.90001
0.352309 -0.0504173 0.953646 3.00001
0.384203 -0.0875437 0.952349 3.10001
0.414559 -0.126154 0.951079 3.20001
0.443265 -0.16618 0.949836 3.30001
0.470219 -0.20755 0.94862 3.40001
0.495326 -0.250182 0.947431 3.50001
0.518498 -0.29399 0.946269 3.60001
0.539657 -0.338884 0.945132 3.70001
0.558729 -0.384768 0.944022 3.80001
0.57565 -0.43154 0.942937 3.90001
0.590359 -0.479098 0.941877 4.00001
0.594832 -0.486455 0.940806 4.10001
0.599607 -0.500788 0.939403 4.20001
0.604626 -0.520856 0.937806 4.30001
0.609927 -0.545688 0.936107 4.40001
0.615529 -0.574493 0.934368 4.50001
0.621427 -0.606623 0.932631 4.60001
0.627596 -0.641536 0.930923 4.70001
0.634009 -0.678782 0.929261 4.80001
0.640635 -0.717984 0.927657 4.90001
0.647447 -0.758826 0.926116 5.00001
0.654418 -0.801043 0.924642 5.10001
0.661528 -0.844413 0.923234 5.20001
0.668757 -0.88875 0.921892 5.30001
0.67609 -0.933898 0.920614 5.40001
0.683512 -0.979726 0.919399 5.50001
0.691012 -1.02612 0.918245 5.60001
0.698579 -1.073 0.917147 5.70001
0.706205 -1.12028 0.916104 5.80001
0.713883 -1.16789 0.915113 5.90001
0.721606 -1.21578 0.914171 6.00001
0.729368 -1.26392 0.913276 6.10001
0.737165 -1.31224 0.912426 6.20001
0.744992 -1.36074 0.911617 6.30001
0.752846 -1.40937 0.910847 6.40001
0.760724 -1.45812 0.910115 6.50001
0.763815 -1.46532 0.90996 6.60001
0.766531 -1.4795 0.909754 6.70001
0.769203 -1.49944 0.909516 6.80001
0.772278 -1.52418 0.909256 6.90001
0.776197 -1.55288 0.908983 7.00001
0.781357 -1.58481 0.908702 7.10001
0.788096 -1.61935 0.908416 7.20001
0.796684 -1.65592 0.908128 7.30001
0.807331 -1.69403 0.907838 7.40001
0.820189 -1.73323 0.907548 7.50001
0.835357 -1.7731 0.907257 7.60001
0.852894 -1.81327 0.906967 7.70001
0.872818 -1.85343 0.906676 7.80001
0.895119 -1.89328 0.906386 7.90001
0.919762 -1.93254 0.906096 8.00001
0.946693 -1.97099 0.905806 8.10001
0.975839 -2.00842 0.905516 8.20001
1.00712 -2.04462 0.905225 8.30001
1.04044 -2.07944 0.904934 8.40001
1.0757 -2.11272 0.904643 8.50001
1.1128 -2.14432 0.904351 8.60001
1.15162 -2.17411 0.904059 8.70001
1.19204 -2.20199 0.903766 8.80001
1.23395 -2.22785 0.903472 8.90001
1.27723 -2.25161 0.903178 9.00001
1.32175 -2.27318 0.902883 9.10001
1.36738 -2.2925 0.902588 9.20001
1.41401 -2.3095 0.902291 9.30001
1.46149 -2.32414 0.901994 9.40001
1.50971 -2.33636 0.901696 9.50001
1.55852 -2.34613 0.901398 9.60001
1.6078 -2.35342 0.901099 9.70001
1.65741 -2.3582 0.900799 9.80001
1.70723 -2.36047 0.900498 9.90001
1.75712 -2.36022 0.900197 10
1.77135 -2.35143 0.899715 10.1
1.79081 -2.34213 0.899082 10.2
1.81494 -2.33284 0.898358 10.3
1.84309 -2.32382 0.897583 10.4
1.87468 -2.31518 0.896784 10.5
1.90918 -2.30691 0.895978 10.6
1.94611 -2.29898 0.895179 10.7
1.98509 -2.29135 0.894391 10.8
2.02578 -2.28394 0.893621 10.9
2.06791 -2.27671 0.892871 11
2.11123 -2.2696 0.892141 11.1
2.15556 -2.26257 0.891432 11.2
2.20073 -2.25559 0.890743 11.3
2.2466 -2.24862 0.890075 11.4
2.29305 -2.24165 0.889425 11.5
2.33999 -2.23466 0.888795 11.6
2.38734 -2.22764 0.888181 11.7
2.43503 -2.22056 0.887584 11.8
2.483 -2.21344 0.887003 11.9
2.53121 -2.20626 0.886436 12
2.57961 -2.19902 0.885883 12.1
2.62818 -2.19171 0.885343 12.2
2.67688 -2.18435 0.884816 12.3
2.7257 -2.17692 0.884299 12.4
2.7746 -2.16943 0.883794 12.5
2.82358 -2.16187 0.883299 12.6
2.87263 -2.15426 0.882813 12.7
2.92172 -2.14659 0.882336 12.8
2.97086 -2.13887 0.881868 12.9
3.02003 -2.13109 0.881408 13
3.06923 -2.12326 0.880955 13.1
3.11845 -2.11538 0.880509 13.2
3.16768 -2.10746 0.88007 13.3
3.21693 -2.09949 0.879638 13.4
3.26619 -2.09147 0.879211 13.5
3.31546 -2.08341 0.87879 13.6
3.36474 -2.07531 0.878375 13.7
3.41402 -2.06718 0.877964 13.8
3.4633 -2.05901 0.877558 13.9
3.51258 -2.0508 0.877156 14
3.56187 -2.04256 0.876759 14.1
3.61115 -2.03429 0.876366 14.2
3.66044 -2.02599 0.875976 14.3
3.70972 -2.01766 0.875591 14.4
3.759 -2.00931 0.875208 14.5
3.80828 -2.00092 0.874829 14.6
3.85756 -1.99252 0.874452 14.7
3.90683 -1.98409 0.874079 14.8
3.9561 -1.97563 0.873708 14.9
4.00537 -1.96716 0.873339 15
4.05464 -1.95866 0.872973 15.1
4.10391 -1.95015 0.87261 15.2
4.15317 -1.94162 0.872248 15.3
4.20243 -1.93306 0.871888 15.4
4.25169 -1.9245 0.871531 15.5
4.30094 -1.91591 0.871175 15.6
4.35019 -1.90731 0.870821 15.7
4.39944 -1.8987 0.870468 15.8
4.44869 -1.89007 0.870117 15.9
4.49794 -1.88143 0.869767 16
4.54718 -1.87277 0.869419 16.1
4.59643 -1.86411 0.869072 16.2
4.64567 -1.85543 0.868726 16.3
4.69491 -1.84674 0.868382 16.4
4.74414 -1.83804 0.868038 16.5
4.79338 -1.82933 0.867696 16.6
4.84261 -1.82061 0.867354 16.7
4.89184 -1.81188 0.867014 16.8
4.94107 -1.80314 0.866674 16.9
4.9903 -1.7944 0.866335 17
5.03953 -1.78564 0.865997 17.1
5.08876 -1.77688 0.865659 17.2
5.13798 -1.76811 0.865322 17.3
5.1872 -1.75934 0.864986 17.4
5.23643 -1.75056 0.864651 17.5
5.28565 -1.74177 0.864316 17.6
5.33487 -1.73297 0.863981 17.7
5.38409 -1.72417 0.863648 17.8
5.43331 -1.71537 0.863314 17.9
5.48253 -1.70656 0.862981 18
5.53174 -1.69774 0.862649 18.1
5.58096 -1.68892 0.862317 18.2
5.63017 -1.6801 0.861985 18.3
5.67939 -1.67127 0.861654 18.4
5.7286 -1.66244 0.861323 18.5
5.77781 -1.6536 0.860992 18.6
5.82703 -1.64476 0.860662 18.7
5.87624 -1.63591 0.860332 18.8
5.92545 -1.62707 0.860002 18.9
5.97466 -1.61821 0.859673 19
6.02387 -1.60936 0.859344 19.1
6.07308 -1.6005 0.859015 19.2
6.12229 -1.59164 0.858686 19.3
6.17149 -1.58278 0.858357 19.4
6.2207 -1.57392 0.858029 19.5
6.26991 -1.56505 0.857701 19.6
6.31912 -1.55618 0.857373 19.7
6.36832 -1.54731 0.857045 19.8
6.41753 -1.53843 0.856717 19.9
6.46674 -1.52956 0.85639 20
6.51594 -1.52068 0.856062 20.1
6.56515 -1.5118 0.855735 20.2
6.61435 -1.50292 0.855408 20.3
6.66356 -1.49404 0.855081 20.4
6.71276 -1.48515 0.854754 20.5
6.76196 -1.47626 0.854427 20.6
6.81117 -1.46738 0.854101 20.7
6.86037 -1.45849 0.853774 20.8
6.90957 -1.4496 0.853448 20.9
6.95878 -1.44071 0.853121 21
7.00798 -1.43181 0.852795 21.1
7.05718 -1.42292 0.852469 21.2
7.10639 -1.41402 0.852142 21.3
7.15559 -1.40513 0.851816 21.4
7.20479 -1.39623 0.85149 21.5
7.25399 -1.38733 0.851164 21.6
7.30319 -1.37843 0.850838 21.7
7.35239 -1.36953 0.850513 21.8
7.4016 -1.36063 0.850187 21.9
7.4508 -1.35173 0.849861 22
7.5 -1.34283 0.849535 22.1
7.5492 -1.33393 0.84921 22.2
7.5984 -1.32502 0.848884 22.3
7.6476 -1.31612 0.848558 22.4
7.6968 -1.30721 0.848233 22.5
7.746 -1.29831 0.847907 22.6
7.7952 -1.2894 0.847582 22.7
7.8444 -1.28049 0.847256 22.8
7.8936 -1.27159 0.846931 22.9
7.9428 -1.26268 0.846605 23
7.992 -1.25377 0.84628 23.1
8.0412 -1.24486 0.845955 23.2
8.0904 -1.23595 0.845629 23.3
8.1396 -1.22704 0.845304 23.4
8.1888 -1.21814 0.844979 23.5
8.238 -1.20923 0.844653 23.6
8.2872 -1.20031 0.844328 23.7
8.3364 -1.1914 0.844003 23.8
8.3856 -1.18249 0.843678 23.9
8.4348 -1.17358 0.843353 24
8.484 -1.16467 0.843027 24.1
8.5332 -1.15576 0.842702 24.2
8.5824 -1.14685 0.842377 24.3
8.6316 -1.13793 0.842052 24.4
8.6808 -1.12902 0.841727 24.5
8.73 -1.12011 0.841402 24.6
8.7792 -1.11119 0.841076 24.7
8.82839 -1.10228 0.840751 24.8
8.87759 -1.09337 0.840426 24.9
8.92679 -1.08445 0.840101 25
8.97599 -1.07554 0.839776 25.1
9.02519 -1.06663 0.839451 25.2
9.07439 -1.05771 0.839126 25.3
9.12359 -1.0488 0.838801 25.4
9.17279 -1.03988 0.838476 25.5
9.22199 -1.03097 0.838151 25.6
9.27119 -1.02205 0.837826 25.7
9.32038 -1.01314 0.837501 25.8
9.36958 -1.00422 0.837176 25.9
9.41878 -0.995307 0.836851 26
9.46798 -0.986392 0.836526 26.1
9.51718 -0.977476 0.836201 26.2
9.56638 -0.96856 0.835876 26.3
9.61558 -0.959645 0.835551 26.4
9.66478 -0.950729 0.835226 26.5
9.71397 -0.941813 0.834901 26.6
9.76317 -0.932897 0.834576 26.7
9.81237 -0.923981 0.834251 26.8
9.86157 -0.915065 0.833926 26.9
9.91077 -0.906149 0.833601 27
9.95997 -0.897233 0.833276 27.1
10.0092 -0.888316 0.832951 27.2
10.0584 -0.8794 0.832626 27.3
10.1076 -0.870484 0.832301 27.4
10.1568 -0.861567 0.831976 27.5
10.206 -0.85265 0.831651 27.6
10.2552 -0.843734 0.831326 27.7
10.3044 -0.834817 0.831001 27.8
10.3536 -0.8259 0.830676 27.9
10.4028 -0.816984 0.830351 28
10.452 -0.808067 0.830026 28.1
10.5012 -0.79915 0.829701 28.2
10.5503 -0.790233 0.829376 28.3
10.5995 -0.781316 0.829051 28.4
10.6487 -0.772399 0.828726 28.5
10.6979 -0.763482 0.828401 28.6
10.7471 -0.754565 0.828076 28.7
10.7963 -0.745648 0.827751 28.8
10.8455 -0.736731 0.827426 28.9
10.8947 -0.727814 0.827101 29
10.9439 -0.718897 0.826776 29.1
10.9931 -0.70998 0.826451 29.2
11.0423 -0.701063 0.826127 29.3
11.0915 -0.692145 0.825802 29.4
11.1407 -0.683228 0.825477 29.5
11.1899 -0.674311 0.825152 29.6
11.2391 -0.665394 0.824827 29.7
11.2883 -0.656476 0.824502 29.8
11.3375 -0.647559 0.824177 29.9
11.3867 -0.638642 0.823852 30
11.4359 -0.629724 0.823527 30.1
11.4851 -0.620807 0.823202 30.2
11.5343 -0.611889 0.822877 30.3
11.5835 -0.602972 0.822552 30.4
11.6327 -0.594055 0.822227 30.5
11.6819 -0.585137 0.821902 30.6
11.7311 -0.57622 0.821577 30.7
11.7803 -0.567302 0.821252 30.8
11.8295 -0.558385 0.820927 30.9
11.8787 -0.549467 0.820602 31
11.9279 -0.54055 0.820277 31.1
11.9771 -0.531632 0.819953 31.2
12.0263 -0.522715 0.819628 31.3
12.0755 -0.513797 0.819303 31.4
12.1247 -0.50488 0.818978 31.5
12.1739 -0.495962 0.818653 31.6
12.2231 -0.487045 0.818328 31.7
12.2723 -0.478127 0.818003 31.8
12.3215 -0.46921 0.817678 31.9
12.3707 -0.460292 0.817353 32
12.4199 -0.451374 0.817028 32.1
12.4691 -0.442457 0.816703 32.2
12.5183 -0.433539 0.816378 32.3
12.5675 -0.424622 0.816053 32.4
12.6167 -0.415704 0.815728 32.5
12.6659 -0.406787 0.815403 32.6
12.7151 -0.397869 0.815078 32.7
12.7643 -0.388951 0.814754 32.8
12.8135 -0.380034 0.814429 32.9
12.8627 -0.371116 0.814104 33
12.9119 -0.362198 0.813779 33.1
12.9611 -0.353281 0.813454 33.2
13.0103 -0.344363 0.813129 33.3
13.0595 -0.335446 0.812804 33.4
13.1087 -0.326528 0.812479 33.5
13.1579 -0.31761 0.812154 33.6
13.2071 -0.308693 0.811829 33.7
13.2563 -0.299775 0.811504 33.8
13.3055 -0.290857 0.811179 33.9
13.3547 -0.28194 0.810854 34
13.4039 -0.273022 0.810529 34.1
13.4531 -0.264104 0.810204 34.2
13.5023 -0.255187 0.809879 34.3
13.5514 -0.246269 0.809555 34.4
13.6006 -0.237351 0.80923 34.5
13.6498 -0.228434 0.808905 34.6
13.699 -0.219516 0.80858 34.7
13.7482 -0.210598 0.808255 34.8
13.7974 -0.201681 0.80793 34.9
13.8466 -0.192763 0.807605 35
13.8958 -0.183845 0.80728 35.1
13.945 -0.174928 0.806955 35.2
13.9942 -0.16601 0.80663 35.3
14.0434 -0.157092 0.806305 35.4
14.0926 -0.148175 0.80598 35.5
14.1418 -0.139257 0.805655 35.6
14.191 -0.130339 0.80533 35.7
14.2402 -0.121422 0.805005 35.8
14.2894 -0.112504 0.80468 35.9
14.3386 -0.103586 0.804356 36
14.3878 -0.0946685 0.804031 36.1
14.437 -0.0857508 0.803706 36.2
14.4862 -0.0768331 0.803381 36.3
14.5354 -0.0679154 0.803056 36.4
14.5846 -0.0589977 0.802731 36.5
14.6338 -0.05008 0.802406 36.6
14.683 -0.0411623 0.802081 36.7
14.6972 -0.0315157 0.801934 36.8
14.7168 -0.0213097 0.80174 36.9
14.7412 -0.0112235 0.801515 37
14.7698 -0.00180108 0.80127 37.1
14.802 0.00654927 0.801013 37.2
14.8372 0.0135261 0.800748 37.3
14.875 0.0189063 0.800478 37.4
