1388511726.510825206 -0.226703 0.25812 1.082 171.958 -0.03969 0.0451902  0.189431 0.525439 7
1388511726.610812575 -0.228746 0.262468 1.043 171.974 -0.0204261 0.0434818  -0.390049 0.00279401 7
1388511726.710802103 -0.230155 0.269793 0.998 172.055 -0.0140945 0.0732614  -0.450047 0.0141375 7
1388511726.810809797 -0.229837 0.274533 0.967 171.906 0 0.0474005  -0.309976 -0.0260011 7
1388511726.910797932 -0.227444 0.280494 0.949 171.747 0.0239358 0.0596166  -0.180021 -0.0277561 7
1388511727.010847943 -0.222115 0.28855 0.936 171.74 0.0532654 0.0805152  -0.129935 -0.00121912 7
1388511727.110805693 -0.215093 0.293721 0.924 171.633 0.0702509 0.0517365  -0.120051 -0.0186846 7
1388511727.210851379 -0.208125 0.297816 0.92 171.548 0.0696463 0.040932  -0.0399817 -0.014827 7
1388511727.310802286 -0.202354 0.30237 0.916 171.595 0.0577331 0.0455573  -0.0400196 0.00820657 7
1388511727.410806833 -0.198738 0.308147 0.919 171.529 0.03616 0.0577701  0.0299986 -0.0115176 7
1388511727.510800489 -0.19546 0.311409 0.925 171.534 0.032788 0.03262  0.0600038 0.000870909 7
1388511727.610810896 -0.192256 0.312304 0.93 171.557 0.0320334 0  0.0499948 0.00401563 7
1388511727.710797774 -0.190201 0.311429 0.938 171.588 0.0205483 0  0.0800105 0.00540959 7
1388511727.810808680 -0.188345 0.312631 0.938 171.568 0.0185562 0.0120154  0 -0.00349102 7
1388511727.910806100 -0.186229 0.312827 0.946 171.496 0.02117 0  0.0800021 -0.0125651 7
1388511728.010823009 -0.184199 0.315289 0.946 171.458 0.0202923 0.0246222  0 -0.00663281 7
1388511728.110804226 -0.181954 0.317794 0.946 171.38 0.0224518 0.0250539  0 -0.013614 7
1388511728.210964732 -0.179231 0.321027 0.95 171.278 0.0271915 0.0322695  0.0399359 -0.0177747 4
1388511728.310862350 -0.176384 0.325018 0.951 171.24 0.0284919 0.0399586  0.0100102 -0.00663807 4
1388511728.410839101 -0.174359 0.326844 0.945 171.195 0.0202584 0.0182605  -0.060014 -0.00785549 4
1388511728.510812216 -0.171865 0.329365 0.941 171.093 0.0249465 0.0252198  -0.0400108 -0.017808 4
1388511728.610798957 -0.17019 0.330583 0.941 171.137 0.0167516 0.0121836  0 0.00767891 4
1388511728.710997171 0.116547 -0.349743 0.935 -0.0130005 0 0.0310907  -0.0598813 -29.8122 4
1388511728.810869159 0.115213 -0.346024 0.936 0.0220032 -0.0133569 0.0372298  0.0100128 0.00611712 4
1388511728.910862536 0.114521 -0.342871 0.933 0.0220032 0 0.0315305  -0.030002 0 4
1388511729.010852902 0.114342 -0.34026 0.932 -0.0309906 0 0.0261182  -0.010001 -0.00925005 4
1388511729.110863526 0.11502 -0.338175 0.929 -0.0559998 0 0.0208506  -0.0299968 -0.00436446 4
1388511729.210941406 0.116985 -0.337501 0.927 -0.0759888 0.0196329 0  -0.0199844 -0.00348603 4
1388511729.310861651 0.118144 -0.334997 0.929 -0.0829926 0.0116012 0.0250579  0.020016 -0.00122337 4
1388511729.410858170 0.119455 -0.330624 0.934 -0.0339966 0.0131058 0.0437331  0.0500017 0.00855171 4
1388511729.510880870 0.120803 -0.321894 0.935 -0.04599 0.0134832 0.0872756  0 -0.00209277 4
1388511729.610880392 0.122609 -0.315169 0.935 -0.0319977 0.0180595 0.0672463  0 0.00244213 4
1388511729.710857279 0.124962 -0.308724 0.935 -0.0109863 0.0235361 0.0644704  0 0.00366802 4
1388511729.810858058 0.126369 -0.302417 0.934 -0.0479889 0.0140646 0.0630728  0 -0.00645812 4
1388511729.910859736 0.128245 -0.29721 0.935 -0.0919952 0.0187559 0.0520633  0 -0.00768043 4
1388511730.010851645 0.129976 -0.294259 0.936 -0.0979919 0.0173119 0.0295152  0.0100008 -0.00104671 4
1388511730.110853465 0.131772 -0.290836 0.94 -0.0929871 0.0179677 0.034231  0.0399993 0.000873501 4
1388511730.210966128 0.132543 -0.287638 0.943 -0.112 0 0.0319412  0.0299662 -0.00331456 4
1388511730.310871014 0.13447 -0.285908 0.946 -0.0479889 0.019287 0.0173147  0.0300286 0.0111826 4
1388511730.410879260 0.135426 -0.283855 0.949 -0.0669861 0 0.020533  0.0299975 -0.00331536 4
1388511730.510878221 0.136832 -0.277778 0.952 -0.0349884 0.0140584 0.060764  0.0300003 0.00558471 4
1388511730.610872290 0.137742 -0.273585 0.952 0.0410004 0 0.0419368  0 0.0132633 4
1388511730.710880187 0.138532 -0.269963 0.953 0.112 0 0.0362159  0 0.0123907 4
1388511730.911594679 0.141346 -0.265989 0.959 0.155014 0.0140202 0.0198015  0.0298932 0.00374036 3
1388511731.012055638 0.14314 -0.262684 0.963 0.256012 0.0178628 0.0328933  0.0398165 0.0175466 3
1388511731.112474622 0.144729 -0.263555 0.964 0.351013 0.0158199 0  0 0.0165117 3
1388511731.212874192 0.146694 -0.266403 0.963 0.672012 0.0195767 -0.0283661  0 0.055802 3
1388511731.313441451 0.148352 -0.273874 0.964 4.444 0.0164874 -0.0742926  0 0.654623 3
1388511731.413832705 0.156171 -0.282352 0.963 8.54901 0.0778838 -0.0844514  0 0.713667 3
1388511731.514217191 0.169177 -0.285603 0.962 12.24 0.12956 -0.0323806  0 0.641733 3
1388511731.614648814 0.188491 -0.277825 0.964 15.767 0.192312 0.0774457  0.019914 0.612933 3
1388511731.715056976 0.215013 -0.253165 0.964 18.699 0.264137 0.245593  0 0.509649 3
1388511731.815478688 0.243363 -0.219813 0.961 20.328 0.28231 0.332125  -0.029874 0.28312 3
1388511731.915879722 0.272149 -0.173559 0.959 22.857 0.286714 0.460695  -0.0199201 0.439632 3
1388511732.016272234 0.298835 -0.122152 0.959 24.708 0.265818 0.512061  0 0.321797 3
1388511732.116664612 0.326435 -0.0685423 0.957 26.229 0.274917 0.533997  -0.0199218 0.264426 3
1388511732.217073329 0.353553 -0.0201956 0.957 27.397 0.270082 0.481499  0 0.203025 3
1388511732.317526744 0.382061 0.0269883 0.959 28.489 0.283785 0.46971  0.0199097 0.189732 3
1388511732.417922405 0.411782 0.0735381 0.958 29.466 0.296044 0.463663  0 0.169845 3
1388511732.518309189 0.444492 0.116088 0.952 30.386 0.325833 0.423862  -0.0597688 0.159951 3
1388511732.618684666 0.480491 0.15547 0.948 31.182 0.358651 0.392346  -0.0398504 0.138409 3
1388511732.719221681 0.522736 0.193967 0.944 32.224 0.420188 0.382915  -0.0397863 0.180891 3
1388511732.819612802 0.565483 0.229334 0.949 33.149 0.425805 0.352292  0.0498052 0.160815 3
1388511732.920090449 0.606264 0.262056 0.951 34.184 0.405875 0.325661  0.0199049 0.179783 3
1388511733.020471651 0.648217 0.297616 0.96 35.128 0.417932 0.354253  0.0896582 0.164133 3
1388511733.120863887 0.69167 0.335497 0.954 36.031 0.432832 0.377329  -0.0597656 0.156987 3
1388511733.221255355 0.729368 0.37759 0.957 36.841 0.375509 0.419287  0.029883 0.14082 3
1388511733.321642144 0.765668 0.425728 0.954 37.509 0.361601 0.479529  -0.0298844 0.116139 3
1388511733.422032845 0.801645 0.471578 0.953 38.06 0.358376 0.45671  0 0.0957951 3
1388511733.522422003 0.836688 0.519569 0.955 38.566 0.349069 0.478049  0.0199225 0.0879707 3
1388511733.623088230 0.872648 0.563401 0.958 39.132 0.357218 0.435423  0.0298015 0.0981309 3
1388511733.723467754 0.905154 0.605669 0.958 39.597 0.323833 0.42108  0 0.0808503 3
1388511733.823919004 0.941068 0.645662 0.957 40.093 0.357531 0.398136  0 0.0861798 3
1388511733.924366695 0.979383 0.685635 0.949 40.645 0.38144 0.397942  -0.0796434 0.0959131 3
1388511734.024764865 1.01472 0.724362 0.944 41.112 0.351918 0.385734  -0.0498017 0.0811828 3
1388511734.125243843 1.05453 0.763233 0.941 41.481 0.396251 0.386858  -0.029857 0.0640962 3
1388511734.225629585 1.09244 0.801739 0.936 41.808 0.377685 0.383581  -0.0498079 0.0568549 3
1388511734.326026010 1.12726 0.844694 0.939 42.121 0.346817 0.42786  0.0298815 0.0544111 3
1388511734.426434519 1.16305 0.887886 0.939 42.339 0.356443 0.43016  0 0.0378938 3
1388511734.526850987 1.19746 0.927354 0.948 42.489 0.342659 0.393046  0.0896267 0.026073 3
1388511734.627259011 1.2263 0.959056 0.948 44.119 0.287243 0.315732  0 0.283331 3
1388511734.727706070 1.26378 0.978352 0.946 46.835 0.373089 0.192095  -0.019911 0.471922 3
1388511734.828103753 1.29618 1.00005 0.946 49.9 0.322707 0.216167  0 0.532825 3
1388511734.928494804 1.32603 1.02459 0.951 51.96 0.297385 0.244391  0.0498052 0.358137 3
1388511735.028920770 1.35645 1.05411 0.96 53.199 0.302831 0.293909  0.0896183 0.215329 3
1388511735.129359451 1.38817 1.09394 0.967 54.026 0.315882 0.39656  0.0696943 0.143708 3
1388511735.229770753 1.4197 1.14539 0.969 54.341 0.314012 0.512411  0.0199181 0.0547531 3
1388511735.330263213 1.46629 1.18753 0.973 58.11 0.463559 0.419315  0.039804 0.654591 3
1388511735.430818806 1.50624 1.22171 0.973 61.186 0.397306 0.339993  0 0.533898 3
1388511735.531326070 1.53922 1.24991 0.975 62.495 0.328189 0.280517  0.0198991 0.227312 3
1388511735.631741981 1.56436 1.27004 0.974 62.014 0.250354 0.20049  0 -0.0836031 3
1388511735.732151329 1.58929 1.2896 0.977 61.038 0.24822 0.194796  0.0298777 -0.169649 3
1388511735.832565495 1.61918 1.30659 0.976 59.961 0.297724 0.169187  0 -0.187196 3
1388511735.932973167 1.6491 1.32301 0.979 58.908 0.298002 0.163584  0.0298782 -0.183039 3
1388511736.033366796 1.67681 1.34133 0.978 58.011 0.275967 0.182409  0 -0.155943 3
1388511736.133830130 1.70643 1.36174 0.985 56.944 0.294809 0.203154  0.0696772 -0.185368 3
1388511736.211019138 1.72559 1.37823 0.984 56.117 0.248217 0.213655  -0.0129552 -0.186993 3
1388511736.310859345 1.75613 1.40779 0.987 55.637 0.305901 0.296064  0.030048 -0.0839091 3
1388511736.410875071 1.7915 1.44053 0.99 54.629 0.353691 0.327395  0.0299953 -0.175901 9
1388511736.510850355 1.77915 1.46789 0.954 50.998 -0.123571 0.273687  -0.360089 -0.633888 9
1388511736.610870753 1.74533 1.49242 0.921 46.816 -0.3381 0.24518  -0.329933 -0.729746 9
1388511736.710867684 1.71458 1.49879 0.868 46.371 -0.307563 0.0637324  -0.530016 -0.0776708 9
1388511736.810910717 1.69914 1.50237 0.825 46.986 -0.154264 0.0357921  -0.429815 0.107293 9
1388511736.910860297 1.691 1.50633 0.813 48.045 -0.0814471 0.03967  -0.120061 0.184925 9
1388511737.010858697 1.68952 1.50611 0.757 49.167 -0.0148191 0  -0.560009 0.195828 9
1388511737.110863877 1.69034 1.50849 0.689 50.016 0 0.0238217  -0.679965 0.148171 9
1388511737.210971364 1.69349 1.51069 0.62 50.878 0.0314679 0.0219067  -0.689259 0.150286 9
1388511737.310855016 1.69662 1.51203 0.54 51.953 0.0313407 0.0134389  -0.800932 0.187841 9
1388511737.410902449 1.70001 1.51323 0.465 52.746 0.0338736 0.011962  -0.749644 0.138339 9
1388511737.510854821 1.70405 1.51357 0.41 53.334 0.0404627 0  -0.550262 0.102674 9
1388511737.610846801 1.7138 1.51301 0.309 54.124 0.0974943 0  -1.01008 0.137894 9
1388511737.710841424 1.73482 1.51724 0.223 54.634 0.21024 0.042342  -0.860046 0.0890156 9
1388511737.810856730 1.76255 1.51924 0.158 55.323 0.277215 0.0199506  -0.649901 0.120237 9
1388511737.910863369 1.79352 1.52292 0.105 55.649 0.309681 0.0368181  -0.529965 0.056892 9
1388511738.010870362 1.82696 1.53098 0.067 55.567 0.334425 0.0806443  -0.379973 -0.0143108 9
1388511738.110851090 1.82696 1.53098 0 56.346 0 0  -0.670129 0.135989 2
1388511738.211091632 1.82696 1.53098 0 55.494 0 0  0 -0.148346 2
1388511738.310910192 1.82696 1.53098 0 55.577 0 0  0 0.0145139 2
1388511738.410856774 1.82696 1.53098 0 55.597 0 0  0 0.00349061 2
1388511738.510862367 1.82696 1.53098 0 55.609 0 0  0 0.00209579 2
1388511738.610857833 1.82696 1.53098 0 55.627 0 0  0 0.00314267 2
1388511738.710860352 1.82696 1.53098 0 55.645 0 0  0 0.00313979 2
1388511738.810860080 1.82696 1.53098 0 55.665 0 0  0 0.00349141 2
1388511738.910873706 1.82696 1.53098 0 55.681 0 0  0 0.00279061 2
1388511739.010903749 1.82696 1.53098 0 55.7 0 0  0 0.0033173 2
1388511739.110861848 1.82696 1.53098 0 55.718 0 0  0 0.00314118 2
1388511739.210968225 1.82696 1.53098 0 55.733 0 0  0 0.00261511 2
1388511739.310846426 1.82696 1.53098 0 55.751 0 0  0 0.00314636 2
1388511739.410869411 1.82696 1.53098 0 55.77 0 0  0 0.00331487 2
1388511739.510853916 1.82696 1.53098 0 55.79 0 0  0 0.00349195 2
1388511739.610853780 1.82696 1.53098 0 55.81 0 0  0 0.00349141 2
1388511739.710866152 1.82696 1.53098 0 55.828 0 0  0 0.00313948 2
1388511739.810855889 1.82696 1.53098 0 55.847 0 0  0 0.00331598 2
1388511739.910850592 1.82696 1.53098 0 55.865 0 0  0 0.0031427 2
1388511740.010855624 1.82696 1.53098 0 55.88 0 0  0 0.00261776 2
1388511740.110860659 1.82696 1.53098 0 55.903 0 0  0 0.00401318 2
1388511740.210963196 1.82696 1.53098 0 55.92 0 0  0 0.00296638 2
1388511740.310976470 1.82696 1.53098 0 55.939 0 0  0 0.0033152 2
1388511740.411559513 1.82696 1.53098 0 55.957 0 0  0 0.00312167 2
1388511740.510842253 1.82696 1.53098 0 55.974 0 0  0 0.00298819 2
1388511740.610855596 1.82696 1.53098 0 55.995 0 0  0 0.00366668 2
1388511740.710870622 1.82696 1.53098 0 56.016 0 0  0 0.00366396 2
1388511740.810856239 1.82696 1.53098 0 56.032 0 0  0 0.00279406 2
1388511740.910899407 1.82696 1.53098 0 56.051 0 0  0 0.0033142 2
1388511741.010842287 1.82696 1.53098 0 56.073 0 0  0 0.00384247 2
1388511741.110860101 1.82696 1.53098 0 56.094 0 0  0 0.00366386 2
1388511741.211062930 1.82696 1.53098 0 56.112 0 0  0 0.00313351 2
1388511741.310862350 1.82696 1.53098 0 56.127 0 0  0 0.00262582 2
1388511741.411067344 1.82696 1.53098 0 56.146 0 0  0 0.00330885 2
1388511741.510915653 1.82696 1.53098 0 56.147 0 0  0 0.000173368 2
1388511741.612442880 1.82696 1.53098 0 56.169 0 0  0 0.00378251 2
1388511741.710878584 1.82696 1.53098 0 56.192 0 0  0 0.00407716 2
1388511741.810892416 1.82696 1.53098 0 56.215 0 0  0 0.00401549 2
1388511741.910853665 1.82696 1.53098 0 56.237 0 0  0 0.0038391 2
1388511742.010854577 1.82696 1.53098 0 56.253 0 0  0 0.00279363 2
1388511742.110859755 1.82696 1.53098 0 56.274 0 0  0 0.00366432 2
1388511742.211110769 1.82696 1.53098 0 56.29 0 0  0 0.00278666 2
1388511742.310859280 1.82696 1.53098 0 56.308 0 0  0 0.00315045 2
1388511742.410862008 1.82696 1.53098 0 56.333 0 0  0 0.00436214 2
1388511742.510850700 1.82696 1.53098 0 56.349 0 0  0 0.00279131 2
1388511742.610861955 1.82696 1.53098 0 56.372 0 0  0 0.00401559 2
1388511742.710873203 1.82696 1.53098 0 56.39 0 0  0 0.00313951 2
1388511742.810865321 1.82696 1.53098 0 56.407 0 0  0 0.00296966 2
1388511742.910858341 1.82696 1.53098 0 56.426 0 0  0 0.00331587 2
1388511743.010861423 1.82696 1.53098 0 56.444 0 0  0 0.00313977 2
1388511743.110862131 1.82696 1.53098 0 56.462 0 0  0 0.00314251 2
1388511743.210966058 1.82696 1.53098 0 56.484 0 0  0 0.00383629 2
1388511743.310906978 1.82696 1.53098 0 56.502 0 0  0 0.00314439 2
1388511743.410872137 1.82696 1.53098 0 56.524 0 0  0 0.00383895 2
1388511743.510845602 1.82696 1.53098 0 56.542 0 0  0 0.00314336 2
1388511743.610858533 1.82696 1.53098 0 56.561 0 0  0 0.00331521 2
1388511743.710857070 1.82696 1.53098 0 56.581 0 0  0 0.00349146 2
1388511743.810859804 1.82696 1.53098 0 56.602 0 0  0 0.00366441 2
1388511743.910848843 1.82696 1.53098 0 56.618 0 0  0 0.00279396 2
1388511744.010855484 1.82696 1.53098 0 56.635 0 0  0 0.00296656 2
1388511744.110859754 1.82696 1.53098 0 56.651 0 0  0 0.00279087 2
1388511744.210966197 1.82696 1.53098 0 56.669 0 0  0 0.00313919 2
1388511744.310877718 1.82696 1.53098 0 56.691 0 0  0 0.00384368 2
1388511744.410889735 1.82696 1.53098 0 56.709 0 0  0 0.00313949 2
1388511744.510918240 1.82696 1.53098 0 56.732 0 0  0 0.0040149 2
1388511744.610855876 1.82696 1.53098 0 56.748 0 0  0 0.00279273 2
1388511744.710853232 1.82696 1.53098 0 56.767 0 0  0 0.00331839 2
1388511744.810862594 1.82696 1.53098 0 56.782 0 0  0 0.00261764 2
1388511744.910907369 1.82696 1.53098 0 56.801 0 0  0 0.00331415 2
1388511745.010858071 1.82696 1.53098 0 56.818 0 0  0 0.00296822 2
1388511745.110877631 1.82696 1.53098 0 56.835 0 0  0 0.00296618 2
1388511745.210964384 1.82696 1.53098 0 56.851 0 0  0 0.00279123 2
1388511745.310866261 1.82696 1.53098 0 56.871 0 0  0 0.00349217 2
1388511745.410879611 1.82696 1.53098 0 56.889 0 0  0 0.00314211 2
1388511745.510856497 1.82696 1.53098 0 56.906 0 0  0 0.00296745 2
1388511745.610922364 1.82696 1.53098 0 56.923 0 0  0 0.00296481 2
1388511745.710868108 1.82696 1.53098 0 56.941 0 0  0 0.00314424 2
1388511745.810913858 1.82696 1.53098 0 56.961 0 0  0 0.00348981 2
1388511745.910851220 1.82696 1.53098 0 56.982 0 0  0 0.00366681 2
1388511746.010860793 1.82696 1.53098 0 57 0 0  0 0.00313957 2
1388511746.110865412 1.82696 1.53098 0 57.021 0 0  0 0.003667 2
1388511746.210903689 1.82696 1.53098 0 57.038 0 0  0 0.00296563 2
1388511746.310861445 1.82696 1.53098 0 57.057 0 0  0 0.00331704 2
1388511746.410848319 1.82696 1.53098 0 57.076 0 0  0 0.00331607 2
1388511746.510841066 1.82696 1.53098 0 57.093 0 0  0 0.00296698 2
1388511746.610882067 1.82696 1.53098 0 57.114 0 0  0 0.00366567 2
1388511746.710841918 1.82696 1.53098 0 57.129 0 0  0 0.00261894 2
1388511746.810865877 1.82696 1.53098 0 57.146 0 0  0 0.00296605 2
1388511746.910857716 1.82696 1.53098 0 57.162 0 0  0 0.00279122 2
1388511747.010865612 1.82696 1.53098 0 57.184 0 0  0 0.00383998 2
1388511747.110846201 1.82696 1.53098 0 57.199 0 0  0 0.0026184 2
1388511747.211051335 1.82696 1.53098 0 57.215 0 0  0 0.00278794 2
1388511747.310978431 1.82696 1.53098 0 57.231 0 0  0 0.00279303 2
1388511747.410859495 1.82696 1.53098 0 57.25 0 0  0 0.00331958 2
1388511747.510853914 1.82696 1.53098 0 57.267 0 0  0 0.00296959 2
1388511747.610859439 1.82696 1.53098 0 57.286 0 0  0 0.00331545 2
1388511747.710858401 1.82696 1.53098 0 57.304 0 0  0 0.0031399 2
1388511747.810864619 1.82696 1.53098 0 57.319 0 0  0 0.00261772 2
1388511747.910940336 1.82696 1.53098 0 57.34 0 0  0 0.0036644 2
1388511748.010919812 1.82696 1.53098 0 57.355 0 0  0 0.00261842 2
1388511748.110940421 1.82696 1.53098 0 57.377 0 0  0 0.00383949 2
1388511748.211042743 1.82696 1.53098 0 57.393 0 0  0 0.00278814 2
1388511748.310841820 1.82696 1.53098 0 57.413 0 0  0 0.00349843 2
1388511748.410866897 1.82696 1.53098 0 57.433 0 0  0 0.00349053 2
1388511748.510841415 1.82696 1.53098 0 57.452 0 0  0 0.00331648 2
1388511748.610861114 1.82696 1.53098 0 57.471 0 0  0 0.00331498 2
1388511748.710825575 1.82696 1.53098 0 57.488 0 0  0 0.00296782 2
1388511748.810850233 1.82696 1.53098 0 57.508 0 0  0 0.00349054 2
1388511748.910861415 1.82696 1.53098 0 57.531 0 0  0 0.00401294 2
1388511749.010907031 1.82696 1.53098 0 57.549 0 0  0 0.0031411 2
1388511749.110864152 1.82696 1.53098 0 57.568 0 0  0 0.00331706 2
1388511749.210989525 1.82696 1.53098 0 57.585 0 0  0 0.00296305 2
1388511749.310863538 1.82696 1.53098 0 57.604 0 0  0 0.00331982 2
1388511749.410856561 1.82696 1.53098 0 57.624 0 0  0 0.00349165 2
1388511749.510844907 1.82696 1.53098 0 57.643 0 0  0 0.00331602 2
1388511749.610870052 1.82696 1.53098 0 57.662 0 0  0 0.0033148 2
1388511749.710850924 1.82696 1.53098 0 57.679 0 0  0 0.00296733 2
1388511749.810857150 1.82696 1.53098 0 57.694 0 0  0 0.00261772 2
1388511749.910866582 1.82696 1.53098 0 57.713 0 0  0 0.00331799 2
1388511750.010862053 1.82696 1.53098 0 57.731 0 0  0 0.00314001 2
1388511750.110861149 1.82696 1.53098 0 57.748 0 0  0 0.00296679 2
1388511750.210965711 1.82696 1.53098 0 57.766 0 0  0 0.00313925 2
1388511750.310852642 1.82696 1.53098 0 57.785 0 0  0 0.00331939 2
1388511750.410875837 1.82696 1.53098 0 57.805 0 0  0 0.00349059 2
1388511750.510858802 1.82696 1.53098 0 57.825 0 0  0 0.003492 2
1388511750.610861673 1.82696 1.53098 0 57.844 0 0  0 0.00331554 2
1388511750.710851906 1.82696 1.53098 0 57.859 0 0  0 0.00261814 2
1388511750.810862455 1.82696 1.53098 0 57.877 0 0  0 0.0031422 2
1388511750.910938939 1.82696 1.53098 0 57.894 0 0  0 0.00296449 2
1388511751.010901443 1.82696 1.53098 0 57.911 0 0  0 0.00296787 2
1388511751.110864081 1.82696 1.53098 0 57.928 0 0  0 0.00296787 2
1388511751.210967803 1.82696 1.53098 0 57.947 0 0  0 0.0033122 2
1388511751.310864166 1.82696 1.53098 0 57.965 0 0  0 0.00314579 2
1388511751.410854258 1.82696 1.53098 0 57.985 0 0  0 0.00348909 2
1388511751.510854120 1.82696 1.53098 0 58.005 0 0  0 0.00349141 2
1388511751.610863838 1.82696 1.53098 0 58.022 0 0  0 0.00296647 2
1388511751.710879143 1.82696 1.53098 0 58.039 0 0  0 0.00296631 2
1388511751.810878029 1.82696 1.53098 0 58.057 0 0  0 0.00314257 2
1388511751.910861275 1.82696 1.53098 0 58.077 0 0  0 0.00349199 2
1388511752.010859469 1.82696 1.53098 0 58.096 0 0  0 0.0033157 2
1388511752.110850603 1.82696 1.53098 0 58.113 0 0  0 0.00296702 2
1388511752.210858502 1.82696 1.53098 0 58.134 0 0  0 0.00366422 2
1388511752.310868708 1.82696 1.53098 0 58.147 0 0  0 0.00226878 2
1388511752.410859914 1.82696 1.53098 0 58.166 0 0  0 0.00331593 2
1388511752.510916980 1.82696 1.53098 0 58.185 0 0  0 0.00331641 2
1388511752.610850012 1.82696 1.53098 0 58.203 0 0  0 0.00314197 2
1388511752.710843241 1.82696 1.53098 0 58.222 0 0  0 0.00331586 2
1388511752.810844576 1.82696 1.53098 0 58.245 0 0  0 0.00401599 2
1388511752.910853664 1.82696 1.53098 0 58.264 0 0  0 0.00331533 2
1388511753.010872454 1.82696 1.53098 0 58.281 0 0  0 0.0029662 2
1388511753.110860800 1.82696 1.53098 0 58.298 0 0  0 0.00296711 2
1388511753.210973882 1.82696 1.53098 0 58.316 0 0  0 0.00313898 2
1388511753.310859066 1.82696 1.53098 0 58.334 0 0  0 0.00314348 2
1388511753.410862567 1.82696 1.53098 0 58.352 0 0  0 0.00314242 2
1388511753.510861180 1.82696 1.53098 0 58.371 0 0  0 0.00331568 2
1388511753.610864047 1.82696 1.53098 0 58.389 0 0  0 0.00314244 2
1388511753.710860842 1.82696 1.53098 0 58.406 0 0  0 0.00296686 2
1388511753.810948851 1.82696 1.53098 0 58.424 0 0  0 0.00313977 2
1388511753.910866371 1.82696 1.53098 0 58.444 0 0  0 0.00349162 2
1388511754.010898717 1.82696 1.53098 0 58.467 0 0  0 0.00401475 2
1388511754.110866879 1.82696 1.53098 0 58.486 0 0  0 0.00331669 2
1388511754.210972553 1.82696 1.53098 0 58.496 0 0  0 0.00174253 2
1388511754.310871500 1.82696 1.53098 0 58.499 0 0  0 0.000525173 2
1388511754.410871859 1.82696 1.53098 0 58.537 0 0  0 0.00663125 2
1388511754.510850282 1.82696 1.53098 0 58.561 0 0  0 0.00419006 2
1388511754.610862372 1.82696 1.53098 0 58.576 0 0  0 0.00261757 2
1388511754.710873276 1.82696 1.53098 0 58.59 0 0  0 0.00244452 2
1388511754.810860008 1.82696 1.53098 0 58.612 0 0  0 0.00383812 2
1388511754.910863510 1.82696 1.53098 0 58.629 0 0  0 0.00296932 2
1388511755.010924491 1.82696 1.53098 0 58.646 0 0  0 0.00296495 2
1388511755.110867504 1.82696 1.53098 0 58.664 0 0  0 0.00314166 2
1388511755.211041975 1.82696 1.53098 0 58.683 0 0  0 0.00331252 2
1388511755.310921997 1.82696 1.53098 0 58.701 0 0  0 0.00314364 2
1388511755.410884425 1.82696 1.53098 0 58.72 0 0  0 0.00331688 2
1388511755.511418511 1.82696 1.53098 0 58.738 0 0  0 0.00312584 2
1388511755.610864260 1.82696 1.53098 0 58.757 0 0  0 0.00333411 2
1388511755.710872363 1.82696 1.53098 0 58.777 0 0  0 0.00349112 2
1388511755.810860011 1.82696 1.53098 0 58.795 0 0  0 0.00314292 2
1388511755.910942434 1.82696 1.53098 0 58.814 0 0  0 0.0033129 2
1388511756.010857650 1.82696 1.53098 0 58.832 0 0  0 0.00314253 2
1388511756.110847740 1.82696 1.53098 0 58.849 0 0  0 0.00296706 2
1388511756.210906695 1.82696 1.53098 0 58.868 0 0  0 0.00331634 2
1388511756.310865072 1.82696 1.53098 0 58.885 0 0  0 0.002968 2
1388511756.410859075 1.82696 1.53098 0 58.902 0 0  0 0.00296694 2
1388511756.510859294 1.82696 1.53098 0 58.92 0 0  0 0.00314252 2
1388511756.610863488 1.82696 1.53098 0 58.937 0 0  0 0.00296664 2
1388511756.710864823 1.82696 1.53098 0 58.957 0 0  0 0.00348869 2
1388511756.810939424 1.82696 1.53098 0 58.974 0 0  0 0.00296455 2
1388511756.910871122 1.82696 1.53098 0 58.993 0 0  0 0.00332057 2
1388511757.010866869 1.82696 1.53098 0 59.013 0 0  0 0.00348889 2
1388511757.110894047 1.82696 1.53098 0 59.032 0 0  0 0.0033174 2
1388511757.211040017 1.82696 1.53098 0 59.052 0 0  0 0.00348366 2
1388511757.310828128 1.82696 1.53098 0 59.071 0 0  0 0.00332268 2
1388511757.410916557 1.82696 1.53098 0 59.089 0 0  0 0.00313975 2
1388511757.510862713 1.82696 1.53098 0 59.108 0 0  0 0.00331742 2
1388511757.610847775 1.82696 1.53098 0 59.126 0 0  0 0.003143 2
1388511757.710866431 1.82696 1.53098 0 59.143 0 0  0 0.00296621 2
1388511757.810850443 1.82696 1.53098 0 59.163 0 0  0 0.00349196 2
1388511757.910858761 1.82696 1.53098 0 59.182 0 0  0 0.00331536 2
1388511758.010852624 1.82696 1.53098 0 59.197 0 0  0 0.00261805 2
1388511758.110939649 1.82696 1.53098 0 59.216 0 0  0 0.00331275 2
1388511758.210968572 1.82696 1.53098 0 59.236 0 0  0 0.00349039 2
1388511758.310844614 1.82696 1.53098 0 59.253 0 0  0 0.00297044 2
1388511758.410965164 1.82696 1.53098 0 59.27 0 0  0 0.00296319 2
1388511758.510872771 1.82696 1.53098 0 59.284 0 0  0 0.00244704 2
