0.723201 -0.468486 0.713 1.3865e+09
0.736497 -0.470593 0.711656 1.3865e+09
0.755675 -0.473065 0.710386 1.3865e+09
0.779835 -0.475207 0.709173 1.3865e+09
0.808195 -0.47637 0.708008 1.3865e+09
0.840041 -0.476001 0.706882 1.3865e+09
0.87472 -0.473655 0.705788 1.3865e+09
0.911628 -0.468989 0.704721 1.3865e+09
0.950211 -0.461753 0.703677 1.3865e+09
0.962088 -0.455516 0.702239 1.3865e+09
0.979008 -0.446242 0.700856 1.3865e+09
1.00038 -0.434901 0.699526 1.3865e+09
1.02561 -0.422033 0.698245 1.3865e+09
1.05413 -0.407996 0.69701 1.3865e+09
1.08544 -0.393029 0.695816 1.3865e+09
1.1191 -0.377292 0.694658 1.3865e+09
1.15473 -0.360898 0.693533 1.3865e+09
1.192 -0.343929 0.692436 1.3865e+09
1.23064 -0.326454 0.691364 1.3865e+09
1.27041 -0.308525 0.690314 1.3865e+09
1.31113 -0.29019 0.689283 1.3865e+09
1.35262 -0.271488 0.68827 1.3865e+09
1.39475 -0.252454 0.687271 1.3865e+09
1.43742 -0.23312 0.686286 1.3865e+09
1.48051 -0.213513 0.685313 1.3865e+09
1.52397 -0.193658 0.68435 1.3865e+09
1.56771 -0.173579 0.683396 1.3865e+09
1.61169 -0.153293 0.68245 1.3865e+09
1.65586 -0.13282 0.681512 1.3865e+09
1.70019 -0.112174 0.68058 1.3865e+09
1.74463 -0.0913716 0.679654 1.3865e+09
1.78918 -0.0704241 0.678734 1.3865e+09
1.8338 -0.0493434 0.677818 1.3865e+09
1.87847 -0.0281399 0.676907 1.3865e+09
1.92319 -0.00682288 0.676 1.3865e+09
1.96795 0.0145993 0.675096 1.3865e+09
2.01272 0.0361191 0.674196 1.3865e+09
2.05751 0.0577296 0.673298 1.3865e+09
2.1023 0.0794246 0.672404 1.3865e+09
2.1471 0.101199 0.671512 1.3865e+09
2.1919 0.123046 0.670623 1.3865e+09
2.23669 0.144963 0.669736 1.3865e+09
2.28147 0.166945 0.668851 1.3865e+09
2.32624 0.188987 0.667968 1.3865e+09
2.37101 0.211087 0.667086 1.3865e+09
2.41576 0.233241 0.666207 1.3865e+09
2.46049 0.255445 0.665329 1.3865e+09
2.50522 0.277698 0.664452 1.3865e+09
2.54992 0.299996 0.663577 1.3865e+09
2.59462 0.322337 0.662703 1.3865e+09
2.6393 0.344719 0.66183 1.3865e+09
2.68396 0.367139 0.660959 1.3865e+09
2.72862 0.389596 0.660088 1.3865e+09
2.77325 0.412087 0.659219 1.3865e+09
2.81788 0.434611 0.65835 1.3865e+09
2.86249 0.457167 0.657483 1.3865e+09
2.90708 0.479752 0.656616 1.3865e+09
2.95167 0.502365 0.65575 1.3865e+09
2.99624 0.525006 0.654885 1.3865e+09
3.0408 0.547672 0.65402 1.3865e+09
3.08535 0.570362 0.653156 1.3865e+09
3.12989 0.593075 0.652293 1.3865e+09
3.17442 0.61581 0.65143 1.3865e+09
3.21894 0.638566 0.650568 1.3865e+09
3.26345 0.661342 0.649707 1.3865e+09
3.30795 0.684137 0.648846 1.3865e+09
3.35244 0.706951 0.647985 1.3865e+09
3.39692 0.729781 0.647125 1.3865e+09
3.44139 0.752628 0.646265 1.3865e+09
3.48586 0.775491 0.645406 1.3865e+09
3.53032 0.798368 0.644547 1.3865e+09
3.57477 0.82126 0.643688 1.3865e+09
3.61921 0.844165 0.64283 1.3865e+09
3.66365 0.867084 0.641972 1.3865e+09
3.70808 0.890014 0.641115 1.3865e+09
3.71915 0.897424 0.640087 1.3865e+09
3.73517 0.908051 0.639232 1.3865e+09
3.75558 0.921009 0.638495 1.3865e+09
3.77992 0.93551 0.637838 1.3865e+09
3.80777 0.950882 0.637236 1.3865e+09
3.83876 0.966555 0.63667 1.3865e+09
3.87256 0.982047 0.636127 1.3865e+09
3.90887 0.996951 0.635599 1.3865e+09
3.94738 1.01093 0.63508 1.3865e+09
3.98784 1.02369 0.634565 1.3865e+09
4.02999 1.03499 0.63405 1.3865e+09
4.0736 1.04463 0.633534 1.3865e+09
4.11844 1.05246 0.633014 1.3865e+09
4.16431 1.05832 0.63249 1.3865e+09
4.211 1.06212 0.63196 1.3865e+09
4.25832 1.06377 0.631425 1.3865e+09
4.30609 1.0632 0.630883 1.3865e+09
4.35414 1.06035 0.630334 1.3865e+09
4.4023 1.05519 0.629779 1.3865e+09
4.41458 1.04983 0.628973 1.3865e+09
4.43246 1.04266 0.628414 1.3865e+09
4.45524 1.03458 0.628021 1.3865e+09
4.48229 1.02635 0.627743 1.3865e+09
4.51306 1.01854 0.627543 1.3865e+09
4.54703 1.01162 0.627395 1.3865e+09
4.5837 1.00592 0.627284 1.3865e+09
4.59711 1.00734 0.625989 1.3865e+09
4.61637 1.00896 0.624794 1.3865e+09
4.64056 1.01057 0.623676 1.3865e+09
4.6689 1.01205 0.62262 1.3865e+09
4.70072 1.01331 0.621612 1.3865e+09
4.73546 1.01434 0.620641 1.3865e+09
4.77266 1.01515 0.619699 1.3865e+09
4.81193 1.01577 0.61878 1.3865e+09
4.85291 1.01622 0.617877 1.3865e+09
4.89535 1.01654 0.616987 1.3865e+09
4.93901 1.01673 0.616106 1.3865e+09
4.98369 1.01683 0.615232 1.3865e+09
5.02922 1.01685 0.614361 1.3865e+09
5.07547 1.01681 0.613492 1.3865e+09
5.12233 1.01672 0.612624 1.3865e+09
5.16969 1.01659 0.611756 1.3865e+09
5.21747 1.01643 0.610886 1.3865e+09
5.26561 1.01625 0.610015 1.3865e+09
5.31405 1.01605 0.609141 1.3865e+09
5.36274 1.01584 0.608264 1.3865e+09
5.41165 1.01562 0.607384 1.3865e+09
5.46073 1.01539 0.6065 1.3865e+09
5.50995 1.01516 0.605613 1.3865e+09
5.5593 1.01492 0.604722 1.3865e+09
5.60876 1.01469 0.603828 1.3865e+09
5.6583 1.01446 0.60293 1.3865e+09
5.70792 1.01422 0.602029 1.3865e+09
5.7576 1.01399 0.601124 1.3865e+09
5.80732 1.01377 0.600216 1.3865e+09
5.8571 1.01355 0.599305 1.3865e+09
5.90691 1.01333 0.59839 1.3865e+09
5.95675 1.01311 0.597472 1.3865e+09
6.00661 1.0129 0.596552 1.3865e+09
6.0565 1.01269 0.595628 1.3865e+09
6.10641 1.01249 0.594702 1.3865e+09
6.15633 1.01229 0.593773 1.3865e+09
6.20626 1.01209 0.592842 1.3865e+09
6.2562 1.0119 0.591908 1.3865e+09
6.30616 1.01171 0.590972 1.3865e+09
6.35612 1.01153 0.590034 1.3865e+09
6.40608 1.01134 0.589094 1.3865e+09
6.45606 1.01117 0.588152 1.3865e+09
6.50603 1.01099 0.587208 1.3865e+09
6.55601 1.01082 0.586262 1.3865e+09
6.606 1.01065 0.585315 1.3865e+09
6.65598 1.01048 0.584366 1.3865e+09
6.70597 1.01032 0.583416 1.3865e+09
6.75596 1.01016 0.582464 1.3865e+09
6.80595 1.01 0.581511 1.3865e+09
6.85595 1.00984 0.580556 1.3865e+09
6.90594 1.00969 0.579601 1.3865e+09
6.95594 1.00954 0.578644 1.3865e+09
7.00593 1.00939 0.577686 1.3865e+09
7.05593 1.00924 0.576727 1.3865e+09
7.10592 1.00909 0.575767 1.3865e+09
7.15592 1.00895 0.574806 1.3865e+09
7.20592 1.00881 0.573845 1.3865e+09
7.25592 1.00866 0.572882 1.3865e+09
7.30592 1.00853 0.571919 1.3865e+09
7.35592 1.00839 0.570955 1.3865e+09
7.40591 1.00825 0.569991 1.3865e+09
7.45591 1.00812 0.569025 1.3865e+09
7.50591 1.00798 0.568059 1.3865e+09
7.55591 1.00785 0.567093 1.3865e+09
7.60591 1.00772 0.566126 1.3865e+09
7.65591 1.00759 0.565158 1.3865e+09
7.70591 1.00746 0.56419 1.3865e+09
7.75591 1.00733 0.563222 1.3865e+09
7.80591 1.00721 0.562253 1.3865e+09
7.85591 1.00708 0.561283 1.3865e+09
7.90591 1.00696 0.560314 1.3865e+09
7.95591 1.00683 0.559344 1.3865e+09
8.00591 1.00671 0.558373 1.3865e+09
8.05591 1.00659 0.557402 1.3865e+09
8.10591 1.00647 0.556431 1.3865e+09
8.15591 1.00634 0.55546 1.3865e+09
8.20591 1.00622 0.554488 1.3865e+09
8.25591 1.0061 0.553516 1.3865e+09
8.30591 1.00599 0.552544 1.3865e+09
8.35591 1.00587 0.551571 1.3865e+09
8.40591 1.00575 0.550599 1.3865e+09
8.45591 1.00563 0.549626 1.3865e+09
8.50591 1.00551 0.548653 1.3865e+09
8.55591 1.0054 0.547679 1.3865e+09
8.60591 1.00528 0.546706 1.3865e+09
8.65591 1.00517 0.545732 1.3865e+09
8.7059 1.00505 0.544758 1.3865e+09
8.7559 1.00494 0.543785 1.3865e+09
8.8059 1.00482 0.54281 1.3865e+09
8.8559 1.00471 0.541836 1.3865e+09
8.9059 1.0046 0.540862 1.3865e+09
8.9559 1.00448 0.539887 1.3865e+09
9.0059 1.00437 0.538913 1.3865e+09
9.0559 1.00426 0.537938 1.3865e+09
9.1059 1.00415 0.536963 1.3865e+09
9.1559 1.00403 0.535988 1.3865e+09
9.2059 1.00392 0.535013 1.3865e+09
9.2559 1.00381 0.534038 1.3865e+09
9.3059 1.0037 0.533063 1.3865e+09
9.3559 1.00359 0.532088 1.3865e+09
9.4059 1.00348 0.531113 1.3865e+09
9.4559 1.00337 0.530137 1.3865e+09
9.5059 1.00326 0.529162 1.3865e+09
9.5559 1.00315 0.528186 1.3865e+09
9.6059 1.00304 0.527211 1.3865e+09
9.6559 1.00293 0.526235 1.3865e+09
9.7059 1.00282 0.52526 1.3865e+09
9.7559 1.00271 0.524284 1.3865e+09
9.8059 1.0026 0.523308 1.3865e+09
9.8559 1.00249 0.522332 1.3865e+09
9.9059 1.00238 0.521357 1.3865e+09
9.9559 1.00227 0.520381 1.3865e+09
10.0059 1.00216 0.519405 1.3865e+09
10.0559 1.00205 0.518429 1.3865e+09
10.1059 1.00195 0.517453 1.3865e+09
10.1559 1.00184 0.516477 1.3865e+09
10.2059 1.00173 0.515501 1.3865e+09
10.2559 1.00162 0.514525 1.3865e+09
10.3059 1.00151 0.513549 1.3865e+09
10.3559 1.0014 0.512573 1.3865e+09
10.4059 1.0013 0.511596 1.3865e+09
10.4559 1.00119 0.51062 1.3865e+09
10.5059 1.00108 0.509644 1.3865e+09
10.5559 1.00097 0.508668 1.3865e+09
10.6059 1.00087 0.507692 1.3865e+09
10.6559 1.00076 0.506715 1.3865e+09
10.7059 1.00065 0.505739 1.3865e+09
10.7559 1.00054 0.504763 1.3865e+09
10.8059 1.00044 0.503787 1.3865e+09
10.8559 1.00033 0.50281 1.3865e+09
