1386132492.904788775 -1.26714e-28 -6.46078e-28 0 176.188 -3.25201e-29 -1.65811e-28  0 0.789191 6
1386132492.984307133 -1.27319e-28 -6.49075e-28 0 175.88 -7.60508e-30 -3.76891e-29  0 -0.0676019 6
1386132493.046688270 -1.27454e-28 -6.49727e-28 0 175.574 -2.16672e-30 -1.04463e-29  0 -0.0856141 6
1386132493.115868899 -1.27487e-28 -6.49887e-28 0 175.493 -4.83281e-31 -2.31264e-30  0 -0.0204374 6
1386132493.188135129 -1.27495e-28 -6.49925e-28 0 175.538 -1.09477e-31 -5.25669e-31  0 0.0108677 6
1386132493.259275102 -1.27497e-28 -6.49933e-28 0 175.559 -2.48653e-32 -1.19647e-31  0 0.00515487 6
1386132493.326934963 -1.27497e-28 -6.49935e-28 0 175.68 -5.59718e-33 -2.72447e-32  0 0.0312094 6
1386132493.396699942 -1.27497e-28 -6.49935e-28 0 175.737 -1.26698e-33 -6.20041e-33  0 0.0142616 6
1386132493.466838053 -1.27497e-28 -6.49935e-28 0 175.793 -2.86893e-34 -1.41128e-33  0 0.0139351 6
1386132493.535482160 -1.27497e-28 -6.49935e-28 0 175.821 -6.51233e-35 -3.21192e-34  0 0.00711918 6
1386132493.606527602 -1.27497e-28 -6.49935e-28 0 176.074 -1.44878e-35 -7.31369e-35  0 0.0621544 6
1386132493.679297181 -0.0266257 0.000846387 0.243 168.875 -0.36589 0.0116311  3.33931 -1.72663 6
1386132493.742642094 -0.0554496 0.000893761 0.251 168.898 -0.455031 0.000747872  0.126293 0.00633576 6
1386132493.808017553 -0.079352 -0.000838189 0.263 169.046 -0.365617 -0.0264924  0.183555 0.0395143 6
1386132493.872786171 -0.102112 -0.00318702 0.296 169.2 -0.35141 -0.036265  0.509506 0.0414964 6
1386132493.939877048 -0.125685 -0.0112867 0.333 169.318 -0.351357 -0.120727  0.551491 0.030696 6
1386132494.003292335 -0.144867 -0.0158926 0.386 169.444 -0.302487 -0.0726316  0.835761 0.0346799 6
1386132494.072896298 -0.160975 -0.0205172 0.454 169.475 -0.231422 -0.0664405  0.976956 0.00777476 6
1386132494.136297454 -0.169947 -0.0265811 0.52 169.51 -0.141499 -0.0956443  1.04099 0.00963173 6
1386132494.198602916 -0.179234 -0.0319862 0.591 169.596 -0.149069 -0.0867514  1.13955 0.0240903 6
1386132494.264384381 -0.190335 -0.0364196 0.634 169.559 -0.168753 -0.0673966  0.65368 -0.00981356 6
1386132494.329361200 -0.201668 -0.0361953 0.664 169.565 -0.17441 0.0034524  0.461703 0.00161076 6
1386132494.394154402 -0.210639 -0.0338236 0.688 169.556 -0.138462 0.0366036  0.370409 -0.00242505 6
1386132494.459180994 -0.215641 -0.0322465 0.697 169.646 -0.0769197 0.0242541  0.138405 0.0241552 6
1386132494.528013670 -0.218028 -0.0315924 0.698 169.716 -0.0346859 0.00950212  0.014528 0.0177511 6
1386132494.589751638 -0.218356 -0.031518 0.697 169.802 -0.00530115 0.00120479  -0.0161975 0.0243117 6
1386132494.655430924 -0.218193 -0.031877 0.687 169.815 0.00247355 -0.00546578  -0.152255 0.00345469 6
1386132494.720323123 -0.215974 -0.0327057 0.681 169.912 0.0342046 -0.0127698  -0.092461 0.026089 6
1386132494.785206437 -0.213659 -0.0334502 0.676 169.933 0.0356795 -0.0114738  -0.0770614 0.00564785 6
1386132494.850657340 -0.210596 -0.0345824 0.661 169.953 0.0468009 -0.0172989  -0.229179 0.00533439 6
1386132494.919005934 -0.207001 -0.0357984 0.657 169.949 0.0525921 -0.017792  -0.0585235 -0.00102087 6
1386132494.980795580 -0.204498 -0.0366746 0.652 169.886 0.0405052 -0.0141791  -0.0809197 -0.0177962 6
1386132495.046186604 -0.201543 -0.0366002 0.65 169.86 0.045191 0.00113755  -0.0305852 -0.00693983 6
1386132495.111240457 -0.198642 -0.0367028 0.655 169.854 0.0445982 -0.0015779  0.0768594 -0.00160886 6
1386132495.175340715 -0.195835 -0.0374739 0.653 169.823 0.0437923 -0.0120291  -0.0312011 -0.00844231 6
1386132495.241572684 -0.1939 -0.0383917 0.659 169.791 0.0292158 -0.013858  0.0905907 -0.00843195 6
1386132495.306467728 -0.193231 -0.0397809 0.659 169.749 0.010308 -0.0214061  0 -0.0112978 6
1386132495.371999467 -0.192837 -0.0405022 0.661 169.784 0.00600286 -0.0110065  0.0305196 0.00932265 6
1386132495.437507412 -0.192935 -0.0412102 0.667 169.806 -0.00149287 -0.0108088  0.0915919 0.00586231 6
1386132495.501535243 -0.193351 -0.0416093 0.669 169.949 -0.00650207 -0.00623351  0.0312364 0.0389817 6
1386132495.567745148 -0.193734 -0.0423381 0.675 169.988 -0.00578401 -0.0110074  0.0906209 0.010281 6
1386132495.632817806 -0.19438 -0.0426646 0.68 170.037 -0.00991699 -0.00501666  0.0768372 0.0131413 6
1386132495.698819785 -0.194669 -0.0418837 0.683 170.129 -0.00437835 0.0118313  0.0454532 0.0243268 6
1386132495.762121993 -0.194867 -0.0407166 0.686 170.145 -0.00312909 0.0184376  0.0473917 0.0044132 6
1386132495.828364119 -0.194362 -0.0393231 0.687 170.213 0.00761714 0.0210354  0.0150961 0.0179147 6
1386132495.895853448 -0.193467 -0.0383497 0.688 170.263 0.0132615 0.0144227  0.0148172 0.0129312 6
1386132495.958293347 -0.192532 -0.0380806 0.691 170.268 0.0149769 0.00431116  0.0480462 0.00139897 6
1386132496.023312914 -0.192254 -0.0377326 0.691 170.297 0.00427478 0.00535094  0 0.00778228 6
1386132496.088681025 -0.192383 -0.0378075 0.692 170.337 -0.00197023 -0.00114457  0.015298 0.0106823 6
1386132496.155079646 -0.192449 -0.0383231 0.693 170.29 -0.000990775 -0.00776623  0.0150606 -0.0123575 6
1386132496.219021433 -0.191545 -0.0384997 0.691 170.287 0.0141348 -0.00276175  -0.0312785 -0.000816336 6
1386132496.283855746 -0.191169 -0.0387342 0.693 170.306 0.00580526 -0.00361734  0.0308479 0.00511401 6
1386132496.349268671 -0.191166 -0.0400199 0.695 170.336 3.85822e-05 -0.0196545  0.030575 0.00800419 6
1386132496.415097767 -0.191476 -0.0404676 0.696 170.267 -0.0047075 -0.00680038  0.0151909 -0.0182941 6
1386132496.479541793 -0.191936 -0.0412077 0.696 170.259 -0.00714099 -0.011485  0 -0.00216544 6
1386132496.544779587 -0.192606 -0.0418494 0.694 170.26 -0.0102668 -0.00983601  -0.0306571 0.000265345 6
1386132496.610160859 -0.193805 -0.0434371 0.697 170.216 -0.0183339 -0.0242846  0.0458847 -0.0117433 6
1386132496.675125439 -0.194751 -0.0448486 0.698 170.184 -0.0145626 -0.0217257  0.015393 -0.00859645 4
1386132502.866123678 0.292655 0.0924955 0.726 -0.787003 0.0150394 0.0131652  0.0045227 -0.481991 4
1386132516.420506499 0.443817 0.432291 0.766 -1.05901 0.0111523 0.0250691  0.00295107 -0.000350245 4
1386132517.331399935 0.465908 0.468865 0.752 -0.882004 0.024252 0.0401514  -0.0153695 0.00339147 4
1386132517.984962498 1.23959 1.17996 0.639 -16.985 1.18379 1.08802  -0.172899 -0.430028 4
1386132518.700701646 1.23959 1.17996 0 -102.565 -0 0  -0.892783 -2.08687 0
1386132519.352908982 0.789613 0.920534 0 4.084 -0.689923 -0.397761  0 2.85396 0
1386132520.069440038 1.48549 0.590252 0 -37.064 0.971176 -0.460945  0 -1.00228 0
1386132520.720922030 1.8913 0.290635 0 -57.792 0.622907 -0.459901  0 -0.555306 0
1386132521.437731085 2.05082 0.36057 0 -69.732 0.22254 0.0975646  0 -0.290722 0
1386132522.154787213 2.24015 0.965768 0 -43.803 0.264036 0.844003  0 0.631117 0
1386132522.807261325 2.54847 1.29864 0 -47.765 0.472534 0.510163  0 -0.105981 0
1386132523.457507346 2.94727 1.61971 0 -52.14 0.613309 0.493774  0 -0.11743 0
1386132524.109137795 3.1522 1.56573 0 -72.938 0.314485 -0.0828359  0 -0.557054 0
1386132524.761025061 3.27888 1.43936 0 -123.972 0.194333 -0.193853  0 -1.36636 0
1386132525.477413804 3.32039 1.26413 0 -140.468 0.0579388 -0.244604  0 -0.40189 0
1386132526.129234922 3.47882 1.20588 0 -141.443 0.243063 -0.0893636  0 -0.0261068 0
1386132526.780877927 3.45776 0.668639 0 -162.177 -0.0323207 -0.824441  0 -0.555329 0
1386132527.368239194 3.33581 0.428649 0 173.168 -0.207621 -0.408589  0 9.96469 0
1386132527.432594127 3.32594 0.389687 0 172.491 -0.153379 -0.605437  0 -0.183605 0
