0.0546629 -1.18292 0.703 1.3865e+09
0.0679591 -1.1868 0.700303 1.3865e+09
0.0813121 -1.18799 0.697598 1.3865e+09
0.10054 -1.18759 0.695534 1.3865e+09
0.124648 -1.18595 0.693918 1.3865e+09
0.152839 -1.18335 0.692618 1.3865e+09
0.184457 -1.17996 0.691538 1.3865e+09
0.218949 -1.17595 0.69061 1.3865e+09
0.255854 -1.17142 0.689788 1.3865e+09
0.294782 -1.16645 0.689037 1.3865e+09
0.335407 -1.16111 0.688334 1.3865e+09
0.377455 -1.15546 0.687662 1.3865e+09
0.420696 -1.14954 0.687008 1.3865e+09
0.464939 -1.14339 0.686364 1.3865e+09
0.51002 -1.13704 0.685724 1.3865e+09
0.555804 -1.13053 0.685084 1.3865e+09
0.602178 -1.12387 0.68444 1.3865e+09
0.649047 -1.11709 0.683791 1.3865e+09
0.696329 -1.1102 0.683135 1.3865e+09
0.743959 -1.10321 0.682471 1.3865e+09
0.791879 -1.09615 0.681799 1.3865e+09
0.840043 -1.08901 0.681118 1.3865e+09
0.888411 -1.08181 0.680428 1.3865e+09
0.93695 -1.07456 0.679729 1.3865e+09
0.985632 -1.06727 0.679021 1.3865e+09
1.03443 -1.05993 0.678304 1.3865e+09
1.08334 -1.05255 0.677579 1.3865e+09
1.13232 -1.04514 0.676846 1.3865e+09
1.14541 -1.04914 0.674214 1.3865e+09
1.15861 -1.05 0.671655 1.3865e+09
1.17761 -1.04901 0.669782 1.3865e+09
1.20147 -1.04653 0.668385 1.3865e+09
1.22938 -1.04285 0.667317 1.3865e+09
1.26069 -1.03819 0.666474 1.3865e+09
1.29487 -1.03274 0.665784 1.3865e+09
1.33144 -1.02664 0.665195 1.3865e+09
1.37003 -1.02001 0.664671 1.3865e+09
1.41032 -1.01294 0.664187 1.3865e+09
1.45203 -1.00551 0.663725 1.3865e+09
1.49493 -0.99778 0.663272 1.3865e+09
1.53884 -0.989813 0.66282 1.3865e+09
1.58359 -0.981649 0.662362 1.3865e+09
1.62905 -0.973327 0.661895 1.3865e+09
1.67511 -0.964876 0.661416 1.3865e+09
1.72166 -0.956323 0.660923 1.3865e+09
1.76864 -0.947688 0.660415 1.3865e+09
1.81597 -0.938988 0.659891 1.3865e+09
1.8636 -0.930237 0.659351 1.3865e+09
1.91148 -0.921448 0.658796 1.3865e+09
1.95957 -0.91263 0.658225 1.3865e+09
2.00784 -0.90379 0.657639 1.3865e+09
2.05625 -0.894935 0.657039 1.3865e+09
2.1048 -0.886069 0.656424 1.3865e+09
2.15344 -0.877197 0.655795 1.3865e+09
2.16614 -0.876175 0.653583 1.3865e+09
2.18448 -0.872658 0.652142 1.3865e+09
2.2076 -0.867449 0.651224 1.3865e+09
2.23484 -0.861292 0.650659 1.3865e+09
2.26565 -0.854831 0.650332 1.3865e+09
2.29955 -0.848618 0.650167 1.3865e+09
2.3361 -0.843115 0.650109 1.3865e+09
2.37491 -0.838706 0.650122 1.3865e+09
2.41563 -0.835706 0.650183 1.3865e+09
2.4579 -0.83437 0.650273 1.3865e+09
2.47117 -0.836991 0.647768 1.3865e+09
2.49032 -0.838396 0.645965 1.3865e+09
2.51439 -0.838723 0.644648 1.3865e+09
2.54259 -0.838099 0.643666 1.3865e+09
2.57426 -0.836643 0.64291 1.3865e+09
2.60882 -0.834464 0.642308 1.3865e+09
2.64581 -0.83166 0.641805 1.3865e+09
2.68484 -0.828317 0.641365 1.3865e+09
2.72557 -0.824513 0.640962 1.3865e+09
2.73851 -0.829633 0.638438 1.3865e+09
2.75735 -0.834027 0.636584 1.3865e+09
2.77006 -0.832573 0.634589 1.3865e+09
2.78821 -0.827708 0.633453 1.3865e+09
2.811 -0.820701 0.632898 1.3865e+09
2.83774 -0.812212 0.632727 1.3865e+09
2.86785 -0.802698 0.632805 1.3865e+09
2.90085 -0.792463 0.633038 1.3865e+09
2.93629 -0.781718 0.633361 1.3865e+09
2.9738 -0.770611 0.633728 1.3865e+09
3.01305 -0.75925 0.634109 1.3865e+09
3.05379 -0.747716 0.634483 1.3865e+09
3.06669 -0.748246 0.632254 1.3865e+09
3.0852 -0.746259 0.630786 1.3865e+09
3.10837 -0.741901 0.62983 1.3865e+09
3.13534 -0.735285 0.629219 1.3865e+09
3.16541 -0.726511 0.628839 1.3865e+09
3.19796 -0.715658 0.62861 1.3865e+09
3.23246 -0.702789 0.628481 1.3865e+09
3.26845 -0.687952 0.628415 1.3865e+09
3.30555 -0.671178 0.628387 1.3865e+09
3.34338 -0.652493 0.628381 1.3865e+09
3.38165 -0.631913 0.628384 1.3865e+09
3.42007 -0.609455 0.628388 1.3865e+09
3.45839 -0.585136 0.628389 1.3865e+09
3.49638 -0.558973 0.628383 1.3865e+09
3.53382 -0.530992 0.628366 1.3865e+09
3.57054 -0.501222 0.628338 1.3865e+09
3.60635 -0.469701 0.628297 1.3865e+09
3.64109 -0.436471 0.628242 1.3865e+09
3.67462 -0.401583 0.628173 1.3865e+09
3.68388 -0.396019 0.626078 1.3865e+09
3.69685 -0.385103 0.624791 1.3865e+09
3.71268 -0.36953 0.624047 1.3865e+09
3.73066 -0.349858 0.62367 1.3865e+09
3.73789 -0.342744 0.621885 1.3865e+09
3.74809 -0.329774 0.621029 1.3865e+09
3.76079 -0.311962 0.620799 1.3865e+09
3.77565 -0.290144 0.620982 1.3865e+09
3.79236 -0.265002 0.621434 1.3865e+09
3.81067 -0.237094 0.622052 1.3865e+09
3.83035 -0.20688 0.622769 1.3865e+09
3.85118 -0.174742 0.623537 1.3865e+09
3.87299 -0.140997 0.624324 1.3865e+09
3.89564 -0.105912 0.625108 1.3865e+09
3.91899 -0.0697063 0.625875 1.3865e+09
3.94296 -0.0325662 0.626616 1.3865e+09
3.96743 0.00535347 0.627325 1.3865e+09
3.99234 0.0439233 0.628 1.3865e+09
4.01763 0.0830347 0.628638 1.3865e+09
4.04323 0.122597 0.629239 1.3865e+09
4.06911 0.162535 0.629804 1.3865e+09
4.09521 0.202784 0.630333 1.3865e+09
4.12152 0.243293 0.630827 1.3865e+09
4.148 0.284016 0.631288 1.3865e+09
4.17463 0.324916 0.631717 1.3865e+09
4.20138 0.365963 0.632115 1.3865e+09
4.22824 0.407131 0.632485 1.3865e+09
4.2552 0.448399 0.632826 1.3865e+09
4.26114 0.456089 0.630664 1.3865e+09
4.26953 0.469899 0.629287 1.3865e+09
4.28024 0.488658 0.628443 1.3865e+09
4.29327 0.511356 0.627957 1.3865e+09
4.30866 0.537117 0.627711 1.3865e+09
4.32644 0.565185 0.627626 1.3865e+09
4.34663 0.594902 0.627647 1.3865e+09
4.36921 0.625694 0.627737 1.3865e+09
4.39417 0.657065 0.62787 1.3865e+09
4.42146 0.688577 0.628029 1.3865e+09
4.451 0.719853 0.628203 1.3865e+09
4.48271 0.750562 0.628385 1.3865e+09
4.51649 0.780417 0.628567 1.3865e+09
4.55224 0.809166 0.628748 1.3865e+09
4.58983 0.836593 0.628925 1.3865e+09
4.62916 0.862508 0.629096 1.3865e+09
4.67008 0.886746 0.62926 1.3865e+09
4.71247 0.909164 0.629417 1.3865e+09
4.7562 0.929638 0.629566 1.3865e+09
4.80113 0.948061 0.629707 1.3865e+09
4.84712 0.964341 0.62984 1.3865e+09
4.89405 0.978401 0.629965 1.3865e+09
4.94176 0.990174 0.630082 1.3865e+09
4.99014 0.999606 0.630192 1.3865e+09
5.03903 1.00665 0.630293 1.3865e+09
5.05184 1.00157 0.627375 1.3865e+09
5.07045 0.997007 0.625031 1.3865e+09
5.09403 0.993102 0.623096 1.3865e+09
5.12185 0.989938 0.621455 1.3865e+09
5.15323 0.98751 0.620023 1.3865e+09
5.1876 0.985755 0.618742 1.3865e+09
5.22448 0.984587 0.617569 1.3865e+09
5.26347 0.983913 0.616474 1.3865e+09
5.30423 0.983645 0.615434 1.3865e+09
5.34647 0.983704 0.614434 1.3865e+09
5.38996 0.98402 0.613462 1.3865e+09
5.43449 0.984535 0.612509 1.3865e+09
5.47989 0.985201 0.611569 1.3865e+09
5.52604 0.985978 0.610638 1.3865e+09
5.5728 0.986833 0.609712 1.3865e+09
5.62008 0.987741 0.608789 1.3865e+09
5.66779 0.988679 0.607867 1.3865e+09
5.71587 0.989632 0.606943 1.3865e+09
5.76426 0.990587 0.606019 1.3865e+09
5.8129 0.991532 0.605091 1.3865e+09
5.86177 0.992461 0.604161 1.3865e+09
5.91081 0.993367 0.603228 1.3865e+09
5.96001 0.994246 0.602291 1.3865e+09
6.00934 0.995095 0.601351 1.3865e+09
6.05877 0.995911 0.600407 1.3865e+09
6.10829 0.996693 0.599459 1.3865e+09
6.15789 0.997441 0.598507 1.3865e+09
6.20756 0.998154 0.597552 1.3865e+09
6.25728 0.998832 0.596593 1.3865e+09
6.30704 0.999476 0.595631 1.3865e+09
6.35684 1.00009 0.594665 1.3865e+09
6.40667 1.00066 0.593696 1.3865e+09
6.45653 1.00121 0.592724 1.3865e+09
6.50641 1.00172 0.591748 1.3865e+09
6.55632 1.0022 0.59077 1.3865e+09
6.60623 1.00266 0.589789 1.3865e+09
6.65616 1.00308 0.588806 1.3865e+09
6.7061 1.00348 0.58782 1.3865e+09
6.75605 1.00385 0.586831 1.3865e+09
6.80601 1.0042 0.585841 1.3865e+09
6.85598 1.00452 0.584848 1.3865e+09
6.90595 1.00483 0.583852 1.3865e+09
6.95592 1.0051 0.582855 1.3865e+09
7.0059 1.00536 0.581857 1.3865e+09
7.05589 1.0056 0.580856 1.3865e+09
7.10587 1.00582 0.579854 1.3865e+09
7.15586 1.00602 0.57885 1.3865e+09
7.20585 1.0062 0.577844 1.3865e+09
7.25584 1.00637 0.576837 1.3865e+09
7.30583 1.00652 0.575829 1.3865e+09
7.35583 1.00665 0.57482 1.3865e+09
7.40582 1.00677 0.573809 1.3865e+09
7.45582 1.00688 0.572797 1.3865e+09
7.50581 1.00697 0.571784 1.3865e+09
7.55581 1.00705 0.57077 1.3865e+09
7.60581 1.00712 0.569755 1.3865e+09
7.65581 1.00718 0.568739 1.3865e+09
7.70581 1.00723 0.567722 1.3865e+09
7.7558 1.00726 0.566705 1.3865e+09
7.8058 1.00729 0.565686 1.3865e+09
7.8558 1.0073 0.564667 1.3865e+09
7.9058 1.00731 0.563647 1.3865e+09
7.9558 1.00731 0.562627 1.3865e+09
8.0058 1.0073 0.561606 1.3865e+09
8.0558 1.00728 0.560584 1.3865e+09
8.1058 1.00726 0.559562 1.3865e+09
8.1558 1.00722 0.558539 1.3865e+09
8.2058 1.00718 0.557516 1.3865e+09
8.2558 1.00714 0.556492 1.3865e+09
8.3058 1.00709 0.555468 1.3865e+09
8.3558 1.00703 0.554443 1.3865e+09
8.4058 1.00697 0.553418 1.3865e+09
8.4558 1.0069 0.552393 1.3865e+09
8.5058 1.00682 0.551367 1.3865e+09
8.5558 1.00674 0.550341 1.3865e+09
8.6058 1.00666 0.549315 1.3865e+09
8.6558 1.00657 0.548288 1.3865e+09
8.7058 1.00648 0.547261 1.3865e+09
8.7558 1.00638 0.546234 1.3865e+09
8.8058 1.00628 0.545206 1.3865e+09
8.8558 1.00618 0.544179 1.3865e+09
8.9058 1.00607 0.543151 1.3865e+09
8.9558 1.00596 0.542122 1.3865e+09
9.0058 1.00584 0.541094 1.3865e+09
9.0558 1.00572 0.540066 1.3865e+09
9.10579 1.0056 0.539037 1.3865e+09
9.15579 1.00548 0.538008 1.3865e+09
9.20579 1.00535 0.536979 1.3865e+09
9.25579 1.00523 0.53595 1.3865e+09
9.30579 1.00509 0.53492 1.3865e+09
9.35579 1.00496 0.533891 1.3865e+09
9.40579 1.00483 0.532861 1.3865e+09
9.45579 1.00469 0.531831 1.3865e+09
9.50579 1.00455 0.530802 1.3865e+09
9.55579 1.00441 0.529772 1.3865e+09
9.60579 1.00426 0.528742 1.3865e+09
9.65579 1.00412 0.527711 1.3865e+09
9.70579 1.00397 0.526681 1.3865e+09
9.75579 1.00382 0.525651 1.3865e+09
9.80579 1.00367 0.52462 1.3865e+09
9.85579 1.00352 0.52359 1.3865e+09
9.90579 1.00337 0.522559 1.3865e+09
9.95579 1.00322 0.521529 1.3865e+09
10.0058 1.00306 0.520498 1.3865e+09
10.0558 1.0029 0.519467 1.3865e+09
10.1058 1.00275 0.518436 1.3865e+09
10.1558 1.00259 0.517405 1.3865e+09
10.2058 1.00243 0.516374 1.3865e+09
10.2558 1.00227 0.515343 1.3865e+09
10.3058 1.00211 0.514312 1.3865e+09
10.3558 1.00194 0.513281 1.3865e+09
10.4058 1.00178 0.51225 1.3865e+09
10.4558 1.00162 0.511219 1.3865e+09
10.5058 1.00145 0.510188 1.3865e+09
10.5558 1.00128 0.509157 1.3865e+09
10.6058 1.00112 0.508125 1.3865e+09
10.6558 1.00095 0.507094 1.3865e+09
10.7058 1.00078 0.506063 1.3865e+09
10.7558 1.00061 0.505031 1.3865e+09
10.8058 1.00045 0.504 1.3865e+09
10.8558 1.00028 0.502969 1.3865e+09
