0.570733 -1.77203 1.16 1.38812e+09
0.579785 -1.77149 1.15998 1.38812e+09
0.595412 -1.77229 1.15994 1.38812e+09
0.616537 -1.77383 1.1599 1.38812e+09
0.642306 -1.77548 1.15984 1.38812e+09
0.671998 -1.77663 1.15977 1.38812e+09
0.704975 -1.77679 1.15968 1.38812e+09
0.740668 -1.77554 1.15957 1.38812e+09
0.778564 -1.77256 1.15944 1.38812e+09
0.818193 -1.76758 1.15929 1.38812e+09
0.859129 -1.76042 1.15912 1.38812e+09
0.900984 -1.75094 1.15892 1.38812e+09
0.943406 -1.73906 1.1587 1.38812e+09
0.986073 -1.72473 1.15845 1.38812e+09
0.992807 -1.71534 1.15853 1.38812e+09
1.00536 -1.7037 1.15862 1.38812e+09
1.02296 -1.69025 1.15871 1.38812e+09
1.04492 -1.67539 1.15879 1.38812e+09
1.07059 -1.65944 1.15885 1.38812e+09
1.09939 -1.6426 1.15888 1.38812e+09
1.13085 -1.62504 1.15887 1.38812e+09
1.16451 -1.60687 1.15883 1.38812e+09
1.20003 -1.58818 1.15874 1.38812e+09
1.2371 -1.56902 1.1586 1.38812e+09
1.27545 -1.54947 1.15841 1.38812e+09
1.31488 -1.52956 1.15818 1.38812e+09
1.35519 -1.50933 1.1579 1.38812e+09
1.39624 -1.48882 1.15758 1.38812e+09
1.43791 -1.46806 1.1572 1.38812e+09
1.48008 -1.44707 1.15679 1.38812e+09
1.52267 -1.42587 1.15632 1.38812e+09
1.5656 -1.40449 1.15582 1.38812e+09
1.60882 -1.38295 1.15527 1.38812e+09
1.65227 -1.36125 1.15468 1.38812e+09
1.69591 -1.33942 1.15406 1.38812e+09
1.7397 -1.31747 1.1534 1.38812e+09
1.78362 -1.2954 1.1527 1.38812e+09
1.82764 -1.27322 1.15197 1.38812e+09
1.87174 -1.25096 1.1512 1.38812e+09
1.91591 -1.22861 1.15041 1.38812e+09
1.96012 -1.20618 1.14958 1.38812e+09
2.00438 -1.18367 1.14873 1.38812e+09
2.04866 -1.1611 1.14785 1.38812e+09
2.09297 -1.13847 1.14694 1.38812e+09
2.13729 -1.11578 1.14601 1.38812e+09
2.18162 -1.09303 1.14506 1.38812e+09
2.22595 -1.07024 1.14409 1.38812e+09
2.27029 -1.0474 1.1431 1.38812e+09
2.31463 -1.02451 1.14208 1.38812e+09
2.35897 -1.00159 1.14105 1.38812e+09
2.40331 -0.978627 1.14 1.38812e+09
2.44763 -0.955629 1.13894 1.38812e+09
2.49196 -0.932597 1.13786 1.38812e+09
2.53627 -0.909534 1.13676 1.38812e+09
2.58058 -0.886441 1.13565 1.38812e+09
2.62488 -0.86332 1.13453 1.38812e+09
2.66917 -0.840172 1.13339 1.38812e+09
2.71345 -0.816999 1.13224 1.38812e+09
2.75772 -0.793802 1.13108 1.38812e+09
2.80199 -0.770583 1.12992 1.38812e+09
2.84624 -0.747342 1.12874 1.38812e+09
2.89049 -0.724082 1.12755 1.38812e+09
2.93473 -0.700801 1.12635 1.38812e+09
2.97896 -0.677503 1.12514 1.38812e+09
3.02319 -0.654187 1.12393 1.38812e+09
3.0674 -0.630855 1.12271 1.38812e+09
3.11161 -0.607507 1.12148 1.38812e+09
3.15581 -0.584145 1.12024 1.38812e+09
3.20001 -0.560768 1.119 1.38812e+09
3.2442 -0.537377 1.11775 1.38812e+09
3.28838 -0.513974 1.11649 1.38812e+09
3.33255 -0.490558 1.11523 1.38812e+09
3.37673 -0.467131 1.11397 1.38812e+09
3.42089 -0.443693 1.1127 1.38812e+09
3.46505 -0.420244 1.11143 1.38812e+09
3.5092 -0.396785 1.11015 1.38812e+09
3.55335 -0.373316 1.10886 1.38812e+09
3.5975 -0.349838 1.10758 1.38812e+09
3.60606 -0.342554 1.10704 1.38812e+09
3.62079 -0.333436 1.10631 1.38812e+09
3.6405 -0.322515 1.10547 1.38812e+09
3.66421 -0.309707 1.10456 1.38812e+09
3.69105 -0.294894 1.10359 1.38812e+09
3.72027 -0.27797 1.10259 1.38812e+09
3.75122 -0.258847 1.10157 1.38812e+09
3.78332 -0.237469 1.10053 1.38812e+09
3.81608 -0.213813 1.09949 1.38812e+09
3.84907 -0.187884 1.09843 1.38812e+09
3.88188 -0.159716 1.09737 1.38812e+09
3.9142 -0.129364 1.09631 1.38812e+09
3.94572 -0.0969039 1.09524 1.38812e+09
3.97618 -0.0624277 1.09417 1.38812e+09
4.00538 -0.0260383 1.09309 1.38812e+09
4.0331 0.0121515 1.09201 1.38812e+09
4.05918 0.0520217 1.09092 1.38812e+09
4.08347 0.0934473 1.08983 1.38812e+09
4.10584 0.136299 1.08874 1.38812e+09
4.12618 0.180445 1.08763 1.38812e+09
4.14439 0.225752 1.08653 1.38812e+09
4.1604 0.272085 1.08541 1.38812e+09
4.17412 0.319308 1.08429 1.38812e+09
4.1855 0.367285 1.08317 1.38812e+09
4.1945 0.415879 1.08204 1.38812e+09
4.20108 0.464954 1.0809 1.38812e+09
4.2052 0.514374 1.07976 1.38812e+09
4.19845 0.528689 1.07904 1.38812e+09
4.19016 0.548027 1.07809 1.38812e+09
4.18211 0.572113 1.077 1.38812e+09
4.17509 0.600403 1.07582 1.38812e+09
4.1696 0.632306 1.07459 1.38812e+09
4.16594 0.66724 1.07333 1.38812e+09
4.16426 0.704668 1.07206 1.38812e+09
4.16466 0.744114 1.07079 1.38812e+09
4.16717 0.78516 1.07047 1.38812e+09
4.17182 0.827442 1.07047 1.38812e+09
4.17861 0.870639 1.07067 1.38812e+09
4.18755 0.914466 1.07099 1.38812e+09
4.19862 0.958672 1.0714 1.38812e+09
4.21184 1.00303 1.07186 1.38812e+09
4.22718 1.04732 1.07233 1.38812e+09
4.24464 1.09136 1.07282 1.38812e+09
4.2642 1.13497 1.0733 1.38812e+09
4.28583 1.17799 1.07377 1.38812e+09
4.30951 1.22026 1.07422 1.38812e+09
4.3352 1.26163 1.07466 1.38812e+09
4.36285 1.30196 1.07507 1.38812e+09
4.39243 1.34113 1.07546 1.38812e+09
4.42388 1.379 1.07583 1.38812e+09
4.45713 1.41547 1.07618 1.38812e+09
4.49212 1.45043 1.07651 1.38812e+09
4.52877 1.48375 1.07681 1.38812e+09
4.56702 1.51536 1.07709 1.38812e+09
4.60677 1.54515 1.07734 1.38812e+09
4.64795 1.57304 1.07758 1.38812e+09
4.69045 1.59895 1.07779 1.38812e+09
4.73418 1.62279 1.07798 1.38812e+09
4.77903 1.64451 1.07815 1.38812e+09
4.82492 1.66404 1.0783 1.38812e+09
4.87172 1.68132 1.07843 1.38812e+09
4.91932 1.69631 1.07854 1.38812e+09
4.96761 1.70894 1.07863 1.38812e+09
5.01648 1.7192 1.0787 1.38812e+09
5.06581 1.72704 1.07876 1.38812e+09
5.11547 1.73245 1.07879 1.38812e+09
5.16534 1.73539 1.07881 1.38812e+09
5.2153 1.73586 1.07881 1.38812e+09
5.22448 1.73681 1.07655 1.38812e+09
5.24025 1.73644 1.07358 1.38812e+09
5.26149 1.73503 1.07019 1.38812e+09
5.2873 1.73285 1.06656 1.38812e+09
5.31695 1.73007 1.06282 1.38812e+09
5.34982 1.72684 1.05906 1.38812e+09
5.38541 1.72325 1.05532 1.38812e+09
5.42326 1.71937 1.05164 1.38812e+09
5.46303 1.71525 1.04804 1.38812e+09
5.50439 1.71093 1.04453 1.38812e+09
5.5471 1.70645 1.04112 1.38812e+09
5.59094 1.70182 1.0378 1.38812e+09
5.63572 1.69707 1.03458 1.38812e+09
5.68129 1.69222 1.03145 1.38812e+09
5.72753 1.68728 1.02841 1.38812e+09
5.77433 1.68226 1.02545 1.38812e+09
5.82159 1.67719 1.02257 1.38812e+09
5.86925 1.67206 1.01976 1.38812e+09
5.91724 1.66688 1.01702 1.38812e+09
5.9655 1.66167 1.01435 1.38812e+09
6.014 1.65642 1.01174 1.38812e+09
6.06269 1.65114 1.00919 1.38812e+09
6.11154 1.64584 1.00669 1.38812e+09
6.16053 1.64051 1.00424 1.38812e+09
6.20964 1.63517 1.00184 1.38812e+09
6.25884 1.62981 0.99948 1.38812e+09
6.30812 1.62443 0.997166 1.38812e+09
6.35747 1.61905 0.994891 1.38812e+09
6.40688 1.61365 0.992653 1.38812e+09
6.45633 1.60824 0.99045 1.38812e+09
6.50582 1.60282 0.98828 1.38812e+09
6.55535 1.5974 0.986142 1.38812e+09
6.6049 1.59197 0.984032 1.38812e+09
6.65448 1.58653 0.98195 1.38812e+09
6.70408 1.58108 0.979893 1.38812e+09
6.75369 1.57563 0.977861 1.38812e+09
6.80332 1.57018 0.975852 1.38812e+09
6.85296 1.56472 0.973865 1.38812e+09
6.90261 1.55926 0.971899 1.38812e+09
6.95226 1.5538 0.969951 1.38812e+09
7.00193 1.54833 0.968022 1.38812e+09
7.0516 1.54286 0.96611 1.38812e+09
7.10127 1.53738 0.964215 1.38812e+09
7.15095 1.53191 0.962335 1.38812e+09
7.20063 1.52643 0.960469 1.38812e+09
7.25031 1.52094 0.958617 1.38812e+09
7.3 1.51546 0.956778 1.38812e+09
7.34968 1.50997 0.954951 1.38812e+09
7.39937 1.50449 0.953136 1.38812e+09
7.44906 1.499 0.951331 1.38812e+09
7.49875 1.49351 0.949537 1.38812e+09
7.54845 1.48801 0.947753 1.38812e+09
7.59814 1.48252 0.945977 1.38812e+09
7.64783 1.47702 0.944211 1.38812e+09
7.69753 1.47153 0.942452 1.38812e+09
7.74722 1.46603 0.940702 1.38812e+09
7.79691 1.46053 0.938958 1.38812e+09
7.84661 1.45503 0.937222 1.38812e+09
7.8963 1.44953 0.935492 1.38812e+09
7.946 1.44402 0.933769 1.38812e+09
7.99569 1.43852 0.932051 1.38812e+09
8.04539 1.43302 0.930339 1.38812e+09
8.09508 1.42751 0.928631 1.38812e+09
8.14478 1.422 0.926929 1.38812e+09
8.19447 1.4165 0.925232 1.38812e+09
8.24417 1.41099 0.923539 1.38812e+09
8.29387 1.40548 0.92185 1.38812e+09
8.34356 1.39997 0.920165 1.38812e+09
8.39326 1.39446 0.918483 1.38812e+09
8.44295 1.38895 0.916805 1.38812e+09
8.49265 1.38344 0.915131 1.38812e+09
8.54234 1.37793 0.913459 1.38812e+09
8.59204 1.37241 0.911791 1.38812e+09
8.64173 1.3669 0.910125 1.38812e+09
8.69143 1.36139 0.908462 1.38812e+09
8.74112 1.35587 0.906802 1.38812e+09
8.79082 1.35036 0.905144 1.38812e+09
8.84051 1.34484 0.903488 1.38812e+09
8.89021 1.33933 0.901834 1.38812e+09
8.9399 1.33381 0.900182 1.38812e+09
8.9896 1.3283 0.898532 1.38812e+09
9.03929 1.32278 0.896884 1.38812e+09
9.08898 1.31726 0.895238 1.38812e+09
9.13868 1.31175 0.893593 1.38812e+09
9.18837 1.30623 0.891949 1.38812e+09
9.23807 1.30071 0.890307 1.38812e+09
9.28776 1.29519 0.888667 1.38812e+09
9.33746 1.28968 0.887027 1.38812e+09
9.38715 1.28416 0.885389 1.38812e+09
9.43685 1.27864 0.883752 1.38812e+09
9.48654 1.27312 0.882116 1.38812e+09
9.53624 1.2676 0.880481 1.38812e+09
9.58593 1.26208 0.878847 1.38812e+09
9.63562 1.25656 0.877214 1.38812e+09
9.68532 1.25104 0.875582 1.38812e+09
9.73501 1.24552 0.873951 1.38812e+09
9.78471 1.24 0.87232 1.38812e+09
9.8344 1.23448 0.87069 1.38812e+09
9.8841 1.22896 0.869061 1.38812e+09
9.93379 1.22344 0.867432 1.38812e+09
9.98349 1.21792 0.865804 1.38812e+09
10.0332 1.2124 0.864177 1.38812e+09
10.0829 1.20688 0.86255 1.38812e+09
10.1326 1.20136 0.860923 1.38812e+09
10.1823 1.19584 0.859297 1.38812e+09
10.232 1.19032 0.857672 1.38812e+09
10.2817 1.18479 0.856047 1.38812e+09
10.3313 1.17927 0.854422 1.38812e+09
10.381 1.17375 0.852798 1.38812e+09
10.4307 1.16823 0.851174 1.38812e+09
10.4804 1.16271 0.849551 1.38812e+09
10.5301 1.15719 0.847927 1.38812e+09
10.5798 1.15166 0.846305 1.38812e+09
10.6295 1.14614 0.844682 1.38812e+09
10.6792 1.14062 0.84306 1.38812e+09
10.7289 1.1351 0.841438 1.38812e+09
10.7786 1.12958 0.839816 1.38812e+09
10.8283 1.12405 0.838194 1.38812e+09
10.878 1.11853 0.836573 1.38812e+09
10.9277 1.11301 0.834952 1.38812e+09
10.9774 1.10749 0.833331 1.38812e+09
11.0271 1.10196 0.83171 1.38812e+09
11.0768 1.09644 0.830089 1.38812e+09
11.1265 1.09092 0.828469 1.38812e+09
11.1761 1.0854 0.826849 1.38812e+09
11.2258 1.07987 0.825229 1.38812e+09
11.2755 1.07435 0.823609 1.38812e+09
11.3252 1.06883 0.821989 1.38812e+09
11.3749 1.0633 0.820369 1.38812e+09
11.4246 1.05778 0.818749 1.38812e+09
11.4743 1.05226 0.81713 1.38812e+09
11.524 1.04674 0.81551 1.38812e+09
11.5737 1.04121 0.813891 1.38812e+09
11.6234 1.03569 0.812272 1.38812e+09
11.6731 1.03017 0.810653 1.38812e+09
11.7228 1.02464 0.809034 1.38812e+09
11.7725 1.01912 0.807415 1.38812e+09
11.7813 1.01917 0.807355 1.38812e+09
11.7966 1.01742 0.807275 1.38812e+09
11.8173 1.01446 0.807182 1.38812e+09
11.8427 1.01085 0.807082 1.38812e+09
11.872 1.00716 0.806978 1.38812e+09
