1388545627.708020845 0 0 0 64.181 0 0  0 0.189559 2
1388545627.808000356 0 0 0 64.143 0 0  0 -0.00663396 2
1388545627.908054236 0 0 0 64.102 0 0  0 -0.00715206 2
1388545628.008009130 0 0 0 64.065 0 0  0 -0.00645975 2
1388545628.107986508 0 0 0 64.03 0 0  0 -0.00611067 2
1388545628.207955228 0 0 0 63.991 0 0  0 -0.0068085 2
1388545628.308026209 0 0 0 63.95 0 0  0 -0.00715084 2
1388545628.408112763 0 0 0 63.914 0 0  0 -0.00627763 2
1388545628.508128165 0 0 0 63.875 0 0  0 -0.00680599 2
1388545628.608032519 0 0 0 63.836 0 0  0 -0.00681356 2
1388545628.708005189 0 0 0 63.796 0 0  0 -0.00698272 2
1388545628.808092678 0 0 0 63.756 0 0  0 -0.00697537 2
1388545628.908006450 0 0 0 63.716 0 0  0 -0.0069875 2
1388545629.007975846 0 0 0 63.678 0 0  0 -0.00663397 2
1388545629.107999367 0 0 0 63.639 0 0  0 -0.00680544 2
1388545629.207997670 0 0 0 63.601 0 0  0 -0.00663205 2
1388545629.308040683 0 0 0 63.566 0 0  0 -0.006106 2
1388545629.408020524 0 0 0 63.523 0 0  0 -0.00750697 2
1388545629.508014939 0 0 0 63.482 0 0  0 -0.00715631 2
1388545629.608036302 0 0 0 63.443 0 0  0 -0.00680492 2
1388545629.708007726 0 0 0 63.402 0 0  0 -0.00715796 2
1388545629.807969427 0 0 0 63.365 0 0  0 -0.00645997 2
1388545629.907963944 0 0 0 63.328 0 0  0 -0.00645852 2
1388545630.008035474 0 0 0 63.291 0 0  0 -0.00645288 2
1388545630.108095523 0 0 0 63.248 0 0  0 -0.00750028 2
1388545630.208004479 0 0 0 63.206 0 0  0 -0.00733703 2
1388545630.308040262 0 0 0 63.165 0 0  0 -0.00715335 2
1388545630.408003867 0 0 0 63.124 0 0  0 -0.00715852 2
1388545630.508106564 0 0 0 63.084 0 0  0 -0.00697431 2
1388545630.608106064 0 0 0 63.042 0 0  0 -0.00733039 2
1388545630.707998965 0 0 0 63.003 0 0  0 -0.00681434 2
1388545630.808016311 0 0 0 62.965 0 0  0 -0.00663079 2
1388545630.908011344 0 0 0 62.926 0 0  0 -0.00680738 2
1388545631.008019460 0 0 0 62.886 0 0  0 -0.00698024 2
1388545631.108011128 0 0 0 62.847 0 0  0 -0.00680761 2
1388545631.208007106 0 0 0 62.804 0 0  0 -0.00750509 2
1388545631.307995376 0 0 0 62.761 0 0  0 -0.00750567 2
1388545631.408015443 0 0 0 62.723 0 0  0 -0.00663127 2
1388545631.508080089 0 0 0 62.683 0 0  0 -0.00697697 2
1388545631.607889451 0 0 0 62.642 0 0  0 -0.00716958 2
1388545631.708101980 0 0 0 62.606 0 0  0 -0.00626974 2
1388545631.808093218 0 0 0 62.569 0 0  0 -0.00645807 2
1388545631.907981441 0 0 0 62.529 0 0  0 -0.00698929 2
1388545632.008053757 0 0 0 62.49 0 0  0 -0.00680146 2
1388545632.108092201 0 0 0 62.45 0 0  0 -0.00697879 2
1388545632.208013883 0 0 0 62.412 0 0  0 -0.0066378 2
1388545632.308089652 0 0 0 62.373 0 0  0 -0.00680122 2
1388545632.408109347 0 0 0 62.333 0 0  0 -0.0069801 2
1388545632.508051179 0 0 0 62.292 0 0  0 -0.00716008 2
1388545632.608017723 0 0 0 62.254 0 0  0 -0.00663416 2
1388545632.708020737 0 0 0 62.212 0 0  0 -0.00733013 2
1388545632.808013823 0 0 0 62.173 0 0  0 -0.00680751 2
1388545632.908056013 0 0 0 62.133 0 0  0 -0.00697853 2
1388545633.008097154 0 0 0 62.094 0 0  0 -0.00680357 2
1388545633.107920365 0 0 0 62.056 0 0  0 -0.00664435 2
1388545633.207997396 0 0 0 62.018 0 0  0 -0.00662683 2
1388545633.307966640 0 0 0 61.977 0 0  0 -0.00715812 2
1388545633.408011915 0 0 0 61.936 0 0  0 -0.00715268 2
1388545633.508000923 0 0 0 61.892 0 0  0 -0.00768074 2
1388545633.608098758 0 0 0 61.852 0 0  0 -0.00697399 2
1388545633.708106929 0 0 0 61.81 0 0  0 -0.00732975 2
1388545633.807998750 0 0 0 61.769 0 0  0 -0.00716366 2
1388545633.908017850 0 0 0 61.729 0 0  0 -0.00698014 2
1388545634.008035434 0 0 0 61.687 0 0  0 -0.00732906 2
1388545634.108007238 0 0 0 61.648 0 0  0 -0.00680896 2
1388545634.208017044 0 0 0 61.61 0 0  0 -0.00663129 2
1388545634.308044855 0 0 0 61.571 0 0  0 -0.00680515 2
1388545634.407903050 0 0 0 61.529 0 0  0 -0.00734076 2
1388545634.508163270 0 0 0 61.493 0 0  0 -0.00626676 2
1388545634.608054629 0 0 0 61.454 0 0  0 -0.00681444 2
1388545634.708044924 0 0 0 61.413 0 0  0 -0.00715661 2
1388545634.807977498 0 0 0 61.373 0 0  0 -0.00698552 2
1388545634.908006943 0 0 0 61.333 0 0  0 -0.00697942 2
1388545635.008035475 0 0 0 61.295 0 0  0 -0.00663071 2
1388545635.108022849 0 0 0 61.259 0 0  0 -0.00628386 2
1388545635.208136366 0 0 0 61.22 0 0  0 -0.00679866 2
1388545635.307980047 0 0 0 61.176 0 0  0 -0.00769191 2
1388545635.408102601 0 0 0 61.135 0 0  0 -0.00714715 2
1388545635.508011640 0 0 0 61.093 0 0  0 -0.00733702 2
1388545635.608014794 0 0 0 61.052 0 0  0 -0.00715569 2
1388545635.708016661 0 0 0 61.015 0 0  0 -0.00645738 2
1388545635.808043350 0 0 0 60.975 0 0  0 -0.00697961 2
1388545635.908133152 0 0 0 60.938 0 0  0 -0.00645171 2
1388545636.008116065 0 0 0 60.898 0 0  0 -0.00698267 2
1388545636.108050925 0 0 0 60.86 0 0  0 -0.00663626 2
1388545636.208168911 0 0 0 60.818 0 0  0 -0.00732171 2
1388545636.308005626 0 0 0 60.778 0 0  0 -0.0069929 2
1388545636.407898869 0 0 0 60.738 0 0  0 -0.00698894 2
1388545636.508006114 0 0 0 60.698 0 0  0 -0.00697333 2
1388545636.608014604 0 0 0 60.659 0 0  0 -0.00680646 2
1388545636.708126458 0 0 0 60.619 0 0  0 -0.00697368 2
1388545636.808011639 0 0 0 60.581 0 0  0 -0.00663956 2
1388545636.908008536 0 0 0 60.542 0 0  0 -0.00680725 2
1388545637.008009499 0 0 0 60.504 0 0  0 -0.00663187 2
1388545637.108018649 0 0 0 60.459 0 0  0 -0.00785361 2
1388545637.208012191 0 0 0 60.422 0 0  0 -0.00645792 2
1388545637.308025380 0 0 0 60.382 0 0  0 -0.00698056 2
1388545637.408031346 0 0 0 60.339 0 0  0 -0.00750434 2
1388545637.508005560 0 0 0 60.298 0 0  0 -0.00715776 2
1388545637.608209131 0 0 0 60.257 0 0  0 -0.00714138 2
1388545637.708012184 0 0 0 60.218 0 0  0 -0.00682047 2
1388545637.808054649 0 0 0 60.178 0 0  0 -0.00697785 2
1388545637.908013377 0 0 0 60.136 0 0  0 -0.00733338 2
1388545638.008127347 0 0 0 60.094 0 0  0 -0.00732201 2
1388545638.108011629 0 0 0 60.054 0 0  0 -0.00698956 2
1388545638.208120207 0 0 0 60.013 0 0  0 -0.00714815 2
1388545638.307987380 0 0 0 59.976 0 0  0 -0.00646609 2
1388545638.407980647 0 0 0 59.937 0 0  0 -0.0068075 2
1388545638.507997655 0 0 0 59.896 0 0  0 -0.0071547 2
1388545638.607995306 0 0 0 59.853 0 0  0 -0.00750496 2
1388545638.708159122 0 0 0 59.815 0 0  0 -0.00662176 2
1388545638.808202391 0 0 0 59.775 0 0  0 -0.00697779 2
1388545638.908051415 0 0 0 59.734 0 0  0 -0.00716673 2
1388545639.008289338 0 0 0 59.697 0 0  0 -0.00644284 2
1388545639.108139636 0 0 0 59.657 0 0  0 -0.00699128 2
1388545639.208021367 0 0 0 59.617 0 0  0 -0.00698974 2
1388545639.308016761 0 0 0 59.579 0 0  0 -0.00663291 2
1388545639.408011307 0 0 0 59.54 0 0  0 -0.00680675 2
1388545639.508024996 0 0 0 59.502 0 0  0 -0.00663169 2
1388545639.608157284 0 0 0 59.464 0 0  0 -0.00662318 2
1388545639.708023403 0 0 0 59.423 0 0  0 -0.00716551 2
1388545639.808162226 0 0 0 59.381 0 0  0 -0.00732019 2
1388545639.908018987 0 0 0 59.34 0 0  0 -0.00716618 2
1388545640.008012491 0 0 0 59.298 0 0  0 -0.00733083 2
1388545640.108005302 0 0 0 59.256 0 0  0 -0.00733088 2
1388545640.208013493 0 0 0 59.216 0 0  0 -0.0069809 2
1388545640.308163868 0 0 0 59.177 0 0  0 -0.00679682 2
1388545640.408040380 0 0 0 59.138 0 0  0 -0.00681479 2
1388545640.508115384 0 0 0 59.095 0 0  0 -0.00749916 2
1388545640.608161717 0 0 0 59.052 0 0  0 -0.00750198 2
1388545640.707981409 0 0 0 59.011 0 0  0 -0.00716817 2
1388545640.808003336 0 0 0 58.97 0 0  0 -0.00715435 2
1388545640.908010906 0 0 0 58.928 0 0  0 -0.0073298 2
1388545641.007987897 0 0 0 58.889 0 0  0 -0.00680861 2
1388545641.108018073 0 0 0 58.851 0 0  0 -0.00662994 2
1388545641.208005216 0 0 0 58.806 0 0  0 -0.00785534 2
1388545641.308046848 0 0 0 58.766 0 0  0 -0.00697857 2
1388545641.408146874 0.000602596 0.00296305 0.014 58.729 0 0.0296009  0.13986 -0.00645105 7
1388545641.508043556 0.00204913 0.00977259 0.076 58.69 0.0144803 0.0681658  0.620641 -0.00681408 7
1388545641.608000633 0.00422179 0.0198557 0.174 58.652 0.0217358 0.100875  0.980421 -0.00663478 7
1388545641.708034713 0.00713243 0.0331487 0.318 58.61 0.0290965 0.132884  1.43951 -0.00732785 7
1388545641.808040928 0.010687 0.0489562 0.472 58.57 0.0355434 0.158065  1.5399 -0.00698104 7
1388545641.908143850 0.0149818 0.066887 0.651 58.587 0.0429039 0.179124  1.78816 0.00296438 7
1388545642.007996704 0.0195382 0.0866417 0.841 58.465 0.0456315 0.197838  1.9028 -0.0213247 7
1388545642.108131488 0.0244492 0.107864 1.032 58.441 0.0490434 0.211942  1.90743 -0.00418285 7
1388545642.208053137 0.0296615 0.130252 1.215 58.411 0.0521637 0.224056  1.83143 -0.00524055 7
1388545642.308020800 0.0351028 0.153439 1.373 58.355 0.0544306 0.231945  1.58051 -0.00977696 7
1388545642.408024367 0.0405851 0.177001 1.472 58.356 0.0548212 0.235609  0.989965 0.000174431 7
1388545642.508118498 0.0461495 0.200934 1.527 58.261 0.0555921 0.239103  0.549483 -0.0165646 7
1388545642.608050516 0.0518832 0.224746 1.524 58.233 0.0573754 0.238283  -0.0300204 -0.00489023 7
1388545642.708121655 0.0575443 0.248226 1.422 58.205 0.056571 0.234628  -1.01927 -0.00488343 7
1388545642.808169928 0.0632844 0.271687 1.346 58.161 0.0573734 0.234502  -0.759633 -0.00767619 7
1388545642.908010499 0.0691925 0.29476 1.192 58.127 0.0591753 0.231096  -1.54246 -0.00594366 7
1388545643.008026979 0.0753962 0.318151 1.048 58.1 0.0620269 0.233878  -1.43976 -0.00471169 7
1388545643.108118233 0.0816977 0.341893 0.911 58.036 0.0629574 0.237197  -1.36875 -0.0111598 7
1388545643.208013904 0.0879427 0.365596 0.724 58.004 0.0625154 0.237283  -1.87195 -0.00559048 7
1388545643.308172510 0.0942355 0.389653 0.525 58.005 0.0628285 0.240181  -1.98685 0.000174161 7
1388545643.407995959 0.100519 0.414533 0.385 57.982 0.0629445 0.249246  -1.40248 -0.00402182 7
1388545643.508116705 0.106938 0.440374 0.196 57.907 0.0641175 0.258101  -1.88772 -0.0130737 7
1388545643.608012386 0.113473 0.467965 0.206 57.855 0.0654146 0.276197  0.100104 -0.00908553 7
1388545643.708133248 0.120376 0.496219 0.091 57.725 0.0689472 0.282197  -1.14861 -0.0226621 7
1388545643.808128193 0.12659 0.526882 0.047 57.419 0.0621467 0.306642  -0.440022 -0.0534097 7
1388545643.908018894 0.13284 0.561014 0.002 57.056 0.0625642 0.341694  -0.450492 -0.0634246 7
1388545644.008115185 0.139199 0.598562 -0.009 56.495 0.0635308 0.375121  -0.109894 -0.0978189 7
1388545644.108123921 0.144557 0.63876 0.039 55.765 0.0535748 0.401944  0.479958 -0.127398 7
1388545644.208017769 0.149843 0.648212 0.057 55.101 0.0529194 0.0946169  0.180191 -0.116013 7
1388545644.307982001 0.157189 0.647014 0.072 55.025 0.0734863 -0.0119796  0.150054 -0.0132693 7
1388545644.408007334 0.172973 0.648704 0.086 55.567 0.157793 0.0168904  0.139965 0.0945729 7
1388545644.508011162 0.199497 0.641923 0.101 56.296 0.265229 -0.0678055  0.149994 0.12723 7
1388545644.608010242 0.22486 0.634076 0.118 56.802 0.253638 -0.0784694  0.170002 0.0883139 7
1388545644.708056869 0.243358 0.648344 0.133 122.366 0.184888 0.142615  0.14993 11.4377 7
1388545644.808120062 0.256841 0.662543 0.195 122.699 0.134745 0.141897  0.619608 0.0580828 7
1388545644.908052512 0.253603 0.660436 0.242 122.752 -0.0324014 -0.0210831  0.470318 0.00925674 7
1388545645.008116726 0.249903 0.657997 0.353 122.8 -0.0369762 -0.0243761  1.10929 0.00837293 7
1388545645.107992009 0.237342 0.650372 0.441 122.8 -0.125768 -0.0763445  0.881099 0 7
1388545645.208121372 0.227301 0.644444 0.594 122.817 -0.100282 -0.0592029  1.52802 0.00296293 7
1388545645.308008506 0.218728 0.642209 0.741 122.844 -0.0858266 -0.0223703  1.47166 0.00471779 7
1388545645.408019554 0.219317 0.644861 0.895 122.897 0 0.0265136  1.53983 0.00924947 7
1388545645.508249976 0.221387 0.64797 0.972 122.969 0.0206589 0.0310162  0.76823 0.0125372 7
1388545645.608024913 0.219683 0.64981 1.064 122.907 -0.0170838 0.0184473  0.922075 -0.0108462 7
1388545645.708050212 0.210625 0.648811 1.104 122.888 -0.090551 0  0.399899 -0.0033148 7
1388545645.808028566 0.196577 0.645325 1.132 122.904 -0.140516 -0.034871  0.280061 0.00279293 7
1388545645.908008451 0.183631 0.645465 1.124 122.887 -0.129483 0  -0.0800161 -0.00296736 7
1388545646.008010407 0.169617 0.64721 1.134 122.793 -0.140141 0.0174526  0.099998 -0.0164061 7
1388545646.108034057 0.156706 0.649674 1.097 122.694 -0.129083 0.024633  -0.369913 -0.0172745 7
1388545646.208023726 0.145233 0.653043 1.052 122.625 -0.114734 0.0336987  -0.450046 -0.0120441 7
1388545646.308129805 0.135281 0.657068 1.017 122.578 -0.0994147 0.0402087  -0.349629 -0.00819384 7
1388545646.408159264 0.127557 0.661567 0.99 122.522 -0.077222 0.0449767  -0.26992 -0.00977092 7
1388545646.507900774 0.12262 0.665749 0.976 122.52 -0.0495001 0.0419291  -0.140363 -0.000351113 7
1388545646.608043725 0.119205 0.669697 0.977 122.509 -0.0340963 0.0394208  0 -0.00191607 7
1388545646.708005827 0.115813 0.672799 0.977 122.541 -0.0339364 0.0310274  0 0.00558677 7
1388545646.808018886 0.112321 0.675843 0.981 122.584 -0.0349149 0.0304386  0.0399948 0.00750381 7
1388545646.908118699 0.108533 0.679041 0.986 122.603 -0.0378407 0.0319524  0.0499501 0.00331233 7
1388545647.008241351 0.103482 0.681316 0.99 122.599 -0.050447 0.0227177  0.039951 -0.000696893 7
1388545647.107996427 0.0980158 0.683245 0.989 122.606 -0.0547965 0.0193373  -0.0100246 0.00122539 7
1388545647.208008031 0.0909282 0.68423 0.986 122.554 -0.0708681 0  -0.0299965 -0.009075 7
1388545647.308028972 0.0841156 0.683892 0.982 122.454 -0.0681118 0  -0.0399916 -0.0174494 7
1388545647.408001351 0.077795 0.683736 0.98 122.362 -0.0632228 0  -0.0200055 -0.016062 7
1388545647.508014390 0.0719703 0.683064 0.98 122.295 -0.0582395 0  0 -0.0116924 7
1388545647.608086416 0.0653067 0.681562 0.981 122.201 -0.0665881 -0.015007  0 -0.0163946 7
1388545647.707918101 0.0598208 0.679891 0.979 122.107 -0.0549519 -0.016731  -0.0200337 -0.0164327 4
1388545648.808374775 8.17015 0.349948 0.954 -179.594 0.0567444 0.0356727  -0.0227178 -4.78499 4
1388545648.909125500 8.17708 0.353873 0.956 -179.524 0.0688573 0.0389553  0.019851 0.0121262 3
1388545649.009859807 8.1838 0.356637 0.952 -179.478 0.0666351 0.0274338  -0.0397084 0.00796958 3
1388545649.110480356 8.18977 0.360454 0.944 -179.443 0.0594136 0.0379375  -0.0795066 0.00607161 3
1388545649.211119969 8.19578 0.362771 0.936 -178.646 0.0596722 0.0230218  -0.0794916 0.138218 3
1388545649.311859627 8.19953 0.365208 0.929 -177.106 0.0371851 0.0241942  -0.069486 0.266807 3
1388545649.412591435 8.19808 0.364759 0.92 -175.608 -0.0143415 0  -0.0893462 0.259551 3
1388545649.513229463 8.19005 0.359983 0.909 -174.269 -0.0798484 -0.0474592  -0.109303 0.232217 3
1388545649.613575340 8.1719 0.352404 0.905 -173.198 -0.180834 -0.0755271  -0.0398621 0.18628 3
1388545649.713876980 8.13885 0.337681 0.906 -172.373 -0.329523 -0.146785  0 0.143556 3
1388545649.814330386 8.08904 0.313263 0.905 -171.843 -0.495848 -0.243081  0 0.0920874 3
1388545649.914999579 8.03277 0.279643 0.903 -171.503 -0.558909 -0.333959  -0.0198671 0.0589461 3
1388545650.015450274 7.97567 0.245434 0.9 -171.496 -0.568462 -0.340557  -0.0298654 0.00121426 3
1388545650.115883449 7.91832 0.210748 0.899 -171.579 -0.571021 -0.345362  0 -0.0144225 3
1388545650.216582228 7.86373 0.180089 0.897 -171.924 -0.542105 -0.304462  -0.0198612 -0.0597962 3
1388545650.317060348 7.80943 0.161316 0.891 -172.442 -0.54046 -0.186837  -0.0597145 -0.0899788 3
1388545650.417696827 7.76073 0.150315 0.879 -172.94 -0.483936 -0.109316  -0.119241 -0.0863652 3
1388545650.518489383 7.7101 0.14257 0.873 -173.321 -0.502287 -0.0768457  -0.0595282 -0.0659762 3
1388545650.619250822 7.66453 0.138908 0.857 -173.963 -0.452221 -0.0363407  -0.158791 -0.111203 3
1388545650.719961826 7.61974 0.136251 0.849 -174.408 -0.444763 -0.0263852  -0.0794352 -0.0771188 3
1388545650.820828493 7.56973 0.133709 0.843 -174.816 -0.495794 -0.0252021  -0.0594845 -0.0705971 3
1388545650.921429077 7.51966 0.132371 0.837 -175.156 -0.497757 -0.0132912  -0.0596418 -0.0589876 3
1388545651.022026093 7.4659 0.128777 0.833 -175.425 -0.534372 -0.0357346  -0.0397626 -0.0466702 3
1388545651.122516303 7.41021 0.123974 0.831 -175.686 -0.554205 -0.0477918  -0.0199024 -0.0453312 3
1388545651.223128357 7.35312 0.118878 0.83 -175.992 -0.567441 -0.050651  0 -0.0530821 3
1388545651.323788450 7.29507 0.114224 0.83 -176.279 -0.576677 -0.0462388  0 -0.0497616 3
1388545651.424546136 7.23653 0.110082 0.825 -176.546 -0.581006 -0.0411003  -0.049624 -0.0462509 3
1388545651.525396373 7.17809 0.105843 0.823 -176.814 -0.579459 -0.0420382  -0.0198314 -0.0463801 3
1388545651.625880597 7.1242 0.102718 0.826 -177.078 -0.536312 -0.031099  0.0298554 -0.0458546 3
1388545651.726454129 7.07324 0.101102 0.825 -177.292 -0.506679 -0.0160626  0 -0.0371365 3
1388545651.827277686 7.01934 0.100091 0.822 -177.44 -0.534635 -0.0100326  -0.029755 -0.0256203 3
1388545651.927974421 6.96363 0.0980542 0.82 -177.66 -0.553212 -0.0202262  -0.0198616 -0.0381318 3
1388545652.028571842 6.90996 0.096317 0.818 -177.82 -0.5335 -0.0172687  -0.0198812 -0.0277587 3
1388545652.129192627 6.8547 0.0931564 0.817 -177.955 -0.549211 -0.0314108  0 -0.0234169 3
1388545652.229911495 6.79815 0.0905956 0.819 -178.098 -0.561423 -0.0254251  0.0198573 -0.0247797 3
1388545652.330592290 6.74194 0.0875306 0.818 -178.279 -0.558302 -0.0304431  0 -0.0313768 3
1388545652.431163477 6.68632 0.0856533 0.817 -178.467 -0.553027 -0.0186665  0 -0.0326264 3
1388545652.531731973 6.6304 0.083478 0.814 -178.674 -0.556071 -0.0216297  -0.0298304 -0.0359242 3
1388545652.632369990 6.57766 0.0807841 0.812 -178.898 -0.524073 -0.0267682  -0.0198732 -0.0388474 3
1388545652.733018055 6.52313 0.079126 0.813 -179.163 -0.541774 -0.016474  0 -0.0459533 3
1388545652.833650991 6.4696 0.075248 0.82 -179.446 -0.531973 -0.0385366  0.0695597 -0.0490817 3
1388545652.934312548 6.41679 0.0699928 0.819 -179.687 -0.5246 -0.052207  0 -0.0417869 3
1388545653.034861386 6.36286 0.0648179 0.82 179.963 -0.536377 -0.0514664  0 62.4281 3
1388545653.135420730 6.31019 0.0550645 0.816 179.621 -0.523788 -0.0969907  -0.0397775 -0.0593587 3
1388545653.236029841 6.25811 0.0457901 0.816 179.312 -0.517644 -0.0921825  0 -0.0536038 3
1388545653.337052269 6.20269 0.0330379 0.81 178.985 -0.548559 -0.126232  -0.0593928 -0.0564939 3
1388545653.437890266 6.14529 0.0142445 0.83 178.639 -0.569231 -0.186372  0.198338 -0.0598867 3
1388545653.538606383 6.08691 -0.00562882 0.798 178.312 -0.579644 -0.197321  -0.317725 -0.0566671 3
1388545653.639218007 6.02572 -0.0235673 0.78 177.91 -0.608153 -0.178294  -0.178906 -0.0697358 3
1388545653.739896377 5.96633 -0.0377647 0.775 177.455 -0.589913 -0.141018  -0.0496631 -0.0788777 3
1388545653.840864279 5.90869 -0.0493317 0.773 176.956 -0.570896 -0.114561  -0.0198083 -0.0862558 3
1388545653.941445480 5.85313 -0.0514255 0.773 176.43 -0.552378 -0.0208174  0 -0.091274 3
1388545654.042212099 5.79749 -0.0451766 0.779 175.915 -0.552158 0.0620134  0.0595435 -0.0892005 3
1388545654.142693412 5.74256 -0.0413045 0.777 175.487 -0.546671 0.0385359  -0.0199042 -0.0743425 3
1388545654.243370768 5.68845 -0.0315302 0.772 175.142 -0.537473 0.0970852  -0.0496636 -0.059809 3
1388545654.344219762 5.63558 -0.0211155 0.765 174.896 -0.524234 0.10327  -0.0694107 -0.042574 3
1388545654.444864501 5.58401 -0.0104837 0.765 174.759 -0.512401 0.105637  0 -0.023758 3
1388545654.545710112 5.53364 0.000967943 0.755 174.716 -0.499447 0.113556  -0.0991615 -0.00744186 3
1388545654.646524040 5.48443 0.0119411 0.752 174.686 -0.48813 0.108845  -0.0297578 -0.0051935 3
1388545654.747191159 5.43697 0.0221651 0.747 174.717 -0.471507 0.101563  -0.0496687 0.00537436 3
1388545654.847821756 5.39313 0.0307839 0.751 174.774 -0.4356 0.085648  0.0397493 0.0098859 3
1388545654.948567129 5.35176 0.0387292 0.748 174.789 -0.410625 0.0788646  -0.029778 0.00259984 3
1388545655.049182882 5.30585 0.0458858 0.746 174.722 -0.456331 0.0711288  -0.0198776 -0.0116224 3
1388545655.149804054 5.2697 0.051224 0.745 174.42 -0.359231 0.0530517  0 -0.0523839 3
1388545655.250532320 5.22898 0.0557903 0.742 174.114 -0.40425 0.045333  -0.0297831 -0.0530209 3
1388545655.351298075 5.18305 0.0605797 0.746 173.66 -0.455822 0.0475307  0.039696 -0.0786362 3
1388545655.451984359 5.15044 0.0654181 0.745 173.209 -0.323933 0.048054  0 -0.0781772 3
1388545655.552817459 5.1097 0.0710594 0.736 172.836 -0.403971 0.0559463  -0.0892564 -0.0645631 3
1388545655.653521980 5.06465 0.078033 0.735 172.639 -0.447355 0.0692488  0 -0.0341422 3
1388545655.754208142 5.02531 0.0859951 0.734 172.466 -0.390733 0.0790779  0 -0.0299891 3
1388545655.854971254 4.98574 0.0911692 0.735 172.365 -0.392699 0.0513498  0 -0.017494 3
1388545655.955616298 4.9499 0.0937739 0.74 172.243 -0.356166 0.0258794  0.0496795 -0.0211568 3
1388545656.056236939 4.905 0.0948056 0.751 172.03 -0.446217 0.0102532  0.109322 -0.0369458 3
1388545656.156851869 4.85648 0.0930973 0.774 171.793 -0.482211 -0.0169783  0.228594 -0.0411114 3
1388545656.257502348 4.81207 0.0892883 0.771 171.562 -0.44123 -0.0378434  -0.0298061 -0.040057 3
1388545656.358056339 4.75932 0.0859488 0.775 171.243 -0.524567 -0.0332109  0.0397796 -0.0553693 3
1388545656.458649077 4.70619 0.0798572 0.753 170.84 -0.528214 -0.0605577  -0.218704 -0.0699223 3
1388545656.559394403 4.6529 0.072363 0.75 170.465 -0.528919 -0.0743873  -0.0297781 -0.0649656 3
1388545656.660217946 4.60088 0.0662668 0.747 169.973 -0.515927 -0.060464  -0.029755 -0.0851682 3
1388545656.760873943 4.54253 0.0609228 0.762 169.571 -0.579691 -0.0530917  0.149022 -0.069705 3
1388545656.861622573 4.48051 0.0557407 0.773 169.31 -0.615607 -0.0514358  0.109183 -0.0452149 3
1388545656.962215069 4.42086 0.04804 0.784 169.203 -0.592983 -0.0765535  0.109352 -0.0185654 3
1388545657.062790877 4.35148 0.0442455 0.788 169.01 -0.689848 -0.0377277  0.039771 -0.0334921 3
1388545657.163351274 4.28516 0.0377595 0.791 168.72 -0.65955 -0.0644984  0.0298328 -0.0503313 3
1388545657.263998193 4.22362 0.0312703 0.79 168.284 -0.61144 -0.0644754  0 -0.075608 3
1388545657.364929772 4.1641 0.0240299 0.788 167.878 -0.589644 -0.0717354  -0.0198154 -0.070206 3
1388545657.465684015 4.11039 0.0168803 0.778 167.587 -0.533098 -0.0709606  -0.0992514 -0.0504089 3
1388545657.566363358 4.06251 0.0103088 0.767 167.43 -0.475551 -0.0652717  -0.109258 -0.0272164 3
1388545657.667050439 4.03231 0.000862945 0.755 167.623 -0.30001 -0.0938141  -0.119181 0.0334551 3
1388545657.767637802 4.01238 -0.00937308 0.738 168.103 -0.198086 -0.101763  -0.169007 0.0832859 3
1388545657.868275380 3.99533 -0.0197259 0.77 168.468 -0.169436 -0.102872  0.317973 0.0633006 3
1388545657.968829850 3.97455 -0.030856 0.721 168.782 -0.206684 -0.110688  -0.487298 0.0545017 3
1388545658.069491883 3.93545 -0.0370996 0.7 168.942 -0.388428 -0.0620254  -0.208619 0.0277422 3
1388545658.170172362 3.87956 -0.0404744 0.677 169.221 -0.555058 -0.0335199  -0.228445 0.0483655 3
1388545658.270895678 3.8086 -0.0417276 0.667 169.699 -0.704551 -0.0124414  -0.0992819 0.0828271 3
1388545658.371661679 3.74383 -0.0469336 0.665 170.236 -0.642814 -0.0516645  -0.019848 0.0930122 3
1388545658.472368524 3.65545 -0.0505757 0.676 170.794 -0.877527 -0.0361649  0.109228 0.0967056 3
1388545658.573034951 3.59475 -0.0593494 0.689 171.303 -0.602973 -0.0871569  0.129139 0.0882496 3
1388545658.673619420 3.54503 -0.069658 0.704 171.633 -0.494311 -0.102487  0.149128 0.0572602 3
1388545658.774250189 3.50165 -0.0814647 0.714 171.894 -0.431113 -0.117327  0.0993732 0.0452678 3
1388545658.874706519 3.47312 -0.0909816 0.721 172.082 -0.283952 -0.0947364  0.069682 0.0326638 3
1388545658.975434942 3.46426 -0.10173 0.721 172.286 -0.0879863 -0.106706  0 0.0353463 3
1388545659.076164023 3.45245 -0.107349 0.726 172.467 -0.117235 -0.0557835  0.0496381 0.0313618 3
1388545659.176778669 3.43753 -0.113116 0.752 172.459 -0.14834 -0.0573209  0.258412 -0.00138697 3
1388545659.277485493 3.3975 -0.117387 0.719 172.347 -0.397488 -0.0424028  -0.327684 -0.0194104 3
1388545659.378016165 3.34438 -0.117282 0.692 172.184 -0.528388 0  -0.268575 -0.028299 3
1388545659.478665859 3.28162 -0.10219 0.683 172.286 -0.62353 0.149942  -0.089419 0.017687 3
1388545659.579446107 3.20724 -0.0772785 0.686 172.558 -0.738056 0.247188  0.0297677 0.047106 3
1388545659.680177546 3.12688 -0.0398543 0.7 172.583 -0.797746 0.371525  0.138983 0.0043319 3
1388545659.780928527 3.06265 -0.0103915 0.717 172.296 -0.637551 0.292431  0.168733 -0.049718 3
1388545659.881642399 3.01067 0.014166 0.735 171.953 -0.516056 0.243835  0.178724 -0.0594409 3
1388545659.982378149 2.97398 0.0341502 0.756 171.639 -0.364296 0.198382  0.208466 -0.0544023 3
1388545660.083127214 2.94261 0.0483655 0.779 171.367 -0.31136 0.141096  0.22829 -0.0471205 3
1388545660.183793653 2.93194 0.0559342 0.796 171.486 -0.105947 0.0751853  0.168875 0.0206325 3
1388545660.284521635 2.92472 0.0594426 0.813 171.831 -0.0717028 0.0348307  0.168771 0.0597789 3
1388545660.385265667 2.91691 0.0589348 0.821 172.354 -0.0775179 0  0.0794092 0.0906057 3
1388545660.485826554 2.90627 0.0546813 0.825 173.225 -0.10578 -0.0422979  0.0397769 0.151171 3
1388545660.586415682 2.89011 0.0492557 0.823 174.381 -0.160707 -0.0539376  -0.0198829 0.200578 3
1388545660.686972141 2.85991 0.0433804 0.83 175.515 -0.300331 -0.0584284  0.0696126 0.196826 3
1388545660.787651042 2.82042 0.0387949 0.834 175.983 -0.392171 -0.0455455  0.0397303 0.0811297 3
1388545660.888317790 2.76222 0.0349909 0.834 176.914 -0.578186 -0.0377881  0 0.161415 3
1388545660.988898101 2.69178 0.0313024 0.834 177.197 -0.700322 -0.0366726  0 0.0491073 3
1388545661.089358486 2.60833 0.0262246 0.829 177.291 -0.830677 -0.0505451  -0.0497709 0.0163312 3
1388545661.190026577 2.53712 0.0155624 0.824 177.192 -0.707365 -0.105915  -0.0496682 -0.0171639 3
1388545661.290683238 2.44787 0.00229659 0.816 177.108 -0.886687 -0.131792  -0.0794781 -0.0145664 3
1388545661.391400426 2.33998 -0.00569221 0.798 176.82 -1.07123 -0.0793192  -0.178718 -0.0499066 3
1388545661.492043155 2.25616 -0.00321192 0.778 176.499 -0.832873 0.0246445  -0.198723 -0.0556671 3
1388545661.592670681 2.18479 0.004707 0.755 176.033 -0.709167 0.0786954  -0.228566 -0.0808257 3
1388545661.693326394 2.11813 0.0200431 0.733 175.539 -0.662259 0.152362  -0.218567 -0.0856568 3
1388545661.793883470 2.05933 0.0334613 0.717 175.194 -0.584806 0.133439  -0.159114 -0.0598805 3
1388545661.894521154 2.01444 0.040908 0.696 174.863 -0.446048 0.0739951  -0.208669 -0.0574046 3
1388545661.995154837 1.95649 0.0635623 0.68 174.439 -0.575862 0.225117  -0.158992 -0.0735366 3
1388545662.095961520 1.90505 0.0855741 0.67 174.353 -0.510302 0.218356  -0.0991998 -0.0148895 3
1388545662.196857033 1.83975 0.111259 0.661 174.655 -0.647122 0.254573  -0.0892012 0.0522415 3
1388545662.297516559 1.76835 0.138671 0.652 175.34 -0.709335 0.27232  -0.0894103 0.118771 3
1388545662.398266572 1.67274 0.169803 0.643 176.267 -0.948996 0.309003  -0.08933 0.160588 3
1388545662.508922188 1.56558 0.199768 0.627 174.099 -0.968392 0.270798  -0.144593 -0.34195 8
1388545662.608812347 1.4718 0.238958 0.61 166.36 -0.938841 0.392331  -0.170187 -1.3522 8
1388545662.708853349 1.39827 0.303814 0.599 163.248 -0.735034 0.648286  -0.109955 -0.542924 8
1388545662.808843183 1.36059 0.358027 0.559 159.491 -0.37679 0.542187  -0.400041 -0.655788 8
1388545662.908961025 1.34833 0.416568 0.523 155.801 -0.122525 0.58472  -0.359576 -0.643269 8
1388545663.008844226 1.36372 0.494729 0.525 155.084 0.154073 0.78253  0.0200234 -0.125286 8
1388545663.108929016 1.40401 0.554606 0.522 155.819 0.402601 0.598264  -0.0299746 0.128173 8
1388545663.208866977 1.45237 0.593941 0.521 158.449 0.483862 0.393587  -0.0100062 0.459306 8
1388545663.308834396 1.48384 0.61188 0.534 161.887 0.314865 0.179453  0.130042 0.60024 8
1388545663.408914205 1.50397 0.634444 0.557 166.027 0.20108 0.225463  0.229817 0.72199 8
1388545663.508855626 1.51469 0.659828 0.579 171.743 0.107336 0.253983  0.220129 0.998214 8
1388545663.608924879 1.51469 0.659828 0 172.002 0 0  -5.78599 0.0451732 0
1388545663.708902922 1.51469 0.659828 0 174.05 0 0  0 0.357521 0
1388545663.808813951 1.51469 0.659828 0 173.696 0 0  0 -0.061839 0
1388545663.908875584 1.51469 0.659828 0 173.73 0 0  0 0.00592987 0
1388545664.008894755 1.51469 0.659828 0 173.679 0 0  0 -0.00889858 0
1388545664.108944592 1.51469 0.659828 0 173.655 0 0  0 -0.00418707 0
1388545664.208908544 1.51469 0.659828 0 173.61 0 0  0 -0.00785649 0
1388545664.308815595 1.51469 0.659828 0 173.574 0 0  0 -0.00628957 0
1388545664.408869610 1.51469 0.659828 0 173.555 0 0  0 -0.00331385 0
1388545664.508850368 1.51469 0.659828 0 173.498 0 0  0 -0.00995015 0
1388545664.608934567 1.51469 0.659828 0 173.458 0 0  0 -0.0069756 0
1388545664.708654632 1.51469 0.659828 0 173.417 0 0  0 -0.007176 0
1388545664.808913449 1.51469 0.659828 0 173.371 0 0  0 -0.0080087 0
1388545664.908855491 1.51469 0.659828 0 173.356 0 0  0 -0.00261941 0
1388545665.008879006 1.51469 0.659828 0 173.294 0 0  0 -0.0108179 0
1388545665.108895397 1.51469 0.659828 0 173.25 0 0  0 -0.00767797 0
1388545665.208885186 1.51469 0.659828 0 173.212 0 0  0 -0.00663328 0
1388545665.308656465 1.51469 0.659828 0 173.172 0 0  0 -0.00699748 0
1388545665.408874002 1.51469 0.659828 0 173.165 0 0  0 -0.00121841 0
1388545665.508875883 1.51469 0.659828 0 173.133 0 0  0 -0.00558588 0
1388545665.608897419 1.51469 0.659828 0 173.133 0 0  0 0 0
1388545665.708925170 1.51469 0.659828 0 173.074 0 0  0 -0.0102943 0
1388545665.809091450 1.51469 0.659828 0 172.979 0 0  0 -0.0165533 0
1388545665.908854294 1.51469 0.659828 0 172.945 0 0  0 -0.00594763 0
1388545666.008868699 1.51469 0.659828 0 172.9 0 0  0 -0.00785253 0
1388545666.108940935 1.51469 0.659828 0 172.855 0 0  0 -0.00784932 0
1388545666.208686025 1.51469 0.659828 0 172.822 0 0  0 -0.0057738 0
1388545666.308923802 1.51469 0.659828 0 172.788 0 0  0 -0.00592078 0
1388545666.408848535 1.51469 0.659828 0 172.751 0 0  0 -0.0064617 0
1388545666.508694987 1.51469 0.659828 0 172.705 0 0  0 -0.00804178 0
1388545666.608882873 1.51469 0.659828 0 172.664 0 0  0 -0.00714117 0
1388545666.708811614 1.51469 0.659828 0 172.618 0 0  0 -0.00803516 0
1388545666.808661965 1.51469 0.659828 0 172.58 0 0  0 -0.00664254 0
1388545666.909063591 1.51469 0.659828 0 172.55 0 0  0 -0.00521483 0
1388545667.008834965 1.51469 0.659828 0 172.506 0 0  0 -0.00769682 0
1388545667.108864288 1.51469 0.659828 0 172.451 0 0  0 -0.00959655 0
1388545667.208738452 1.51469 0.659828 0 172.418 0 0  0 -0.00576634 0
1388545667.308899414 1.51469 0.659828 0 172.385 0 0  0 -0.00575116 0
1388545667.408847530 1.51469 0.659828 0 172.35 0 0  0 -0.00611113 0
1388545667.508868093 1.51469 0.659828 0 172.295 0 0  0 -0.00959739 0
1388545667.608842182 1.51469 0.659828 0 172.246 0 0  0 -0.00855496 0
1388545667.708883270 1.51469 0.659828 0 172.194 0 0  0 -0.00907099 0
1388545667.809080719 1.51469 0.659828 0 172.18 0 0  0 -0.00243864 0
1388545667.908849644 1.51469 0.659828 0 172.14 0 0  0 -0.00699765 0
1388545668.008701446 1.51469 0.659828 0 172.089 0 0  0 -0.00891483 0
1388545668.108864697 1.51469 0.659828 0 172.043 0 0  0 -0.00801501 0
1388545668.208797953 1.51469 0.659828 0 172.011 0 0  0 -0.00558971 0
1388545668.308860187 1.51469 0.659828 0 171.951 0 0  0 -0.010465 0
1388545668.408834310 1.51469 0.659828 0 171.91 0 0  0 -0.00715777 0
1388545668.508834499 1.51469 0.659828 0 171.876 0 0  0 -0.00593351 0
1388545668.608665506 1.51469 0.659828 0 171.834 0 0  0 -0.00734276 0
1388545668.708714929 1.51469 0.659828 0 171.787 0 0  0 -0.00819982 0
1388545668.808861604 1.51469 0.659828 0 171.756 0 0  0 -0.00540229 0
1388545668.908879803 1.51469 0.659828 0 171.726 0 0  0 -0.00523482 0
1388545669.008877785 1.51469 0.659828 0 171.666 0 0  0 -0.0104718 0
1388545669.108889348 1.51469 0.659828 0 171.631 0 0  0 -0.00610859 0
1388545669.208872301 1.51469 0.659828 0 171.58 0 0  0 -0.00890313 0
1388545669.308860384 1.51469 0.659828 0 171.539 0 0  0 -0.00715543 0
1388545669.408872424 1.51469 0.659828 0 171.516 0 0  0 -0.00401423 0
1388545669.508880801 1.51469 0.659828 0 171.455 0 0  0 -0.0106464 0
1388545669.608878724 1.51469 0.659828 0 171.405 0 0  0 -0.00872603 0
1388545669.708886354 1.51469 0.659828 0 171.363 0 0  0 -0.00732979 0
1388545669.809093249 1.51469 0.659828 0 171.323 0 0  0 -0.00696706 0
1388545669.908849585 1.51469 0.659828 0 171.311 0 0  0 -0.00209969 0
1388545670.008817882 1.51469 0.659828 0 171.261 0 0  0 -0.00872995 0
1388545670.108881603 1.51469 0.659828 0 171.214 0 0  0 -0.00819731 0
1388545670.208837480 1.51469 0.659828 0 171.175 0 0  0 -0.00681004 0
1388545670.309126353 1.51469 0.659828 0 171.157 0 0  0 -0.00313215 0
1388545670.408836149 1.51469 0.659828 0 171.105 0 0  0 -0.00910247 0
1388545670.508954773 1.51469 0.659828 0 171.052 0 0  0 -0.00923953 0
1388545670.608702599 1.51469 0.659828 0 171.021 0 0  0 -0.00542389 0
1388545670.708770056 1.51469 0.659828 0 170.964 0 0  0 -0.00994153 0
1388545670.808798006 1.51469 0.659828 0 170.937 0 0  0 -0.00471115 0
1388545670.908823928 1.51469 0.659828 0 170.897 0 0  0 -0.00697967 0
1388545671.008668062 1.51469 0.659828 0 170.84 0 0  0 -0.00996377 0
1388545671.108872746 1.51469 0.659828 0 170.79 0 0  0 -0.00870802 0
1388545671.208904339 1.51469 0.659828 0 170.765 0 0  0 -0.00436221 0
1388545671.308819802 1.51469 0.659828 0 170.737 0 0  0 -0.00489104 0
1388545671.408910454 1.51469 0.659828 0 170.689 0 0  0 -0.00837072 0
1388545671.508852269 1.51469 0.659828 0 170.645 0 0  0 -0.0076837 0
1388545671.608878926 1.51469 0.659828 0 170.61 0 0  0 -0.00610633 0
1388545671.708667364 1.51469 0.659828 0 170.555 0 0  0 -0.00961972 0
1388545671.808824560 1.51469 0.659828 0 170.529 0 0  0 -0.0045309 0
1388545671.908804696 1.51469 0.659828 0 170.474 0 0  0 -0.00960127 0
1388545672.008832813 1.51469 0.659828 0 170.442 0 0  0 -0.00558308 0
1388545672.108876408 1.51469 0.659828 0 170.399 0 0  0 -0.00750285 0
1388545672.208659012 1.51469 0.659828 0 170.352 0 0  0 -0.00822041 0
1388545672.308870871 1.51469 0.659828 0 170.334 0 0  0 -0.00313456 0
1388545672.408884915 1.51469 0.659828 0 170.28 0 0  0 -0.0094236 0
1388545672.508842210 1.51469 0.659828 0 170.245 0 0  0 -0.0061119 0
1388545672.608880150 1.51469 0.659828 0 170.206 0 0  0 -0.00680313 0
1388545672.708867023 1.51469 0.659828 0 170.157 0 0  0 -0.00855386 0
1388545672.808867893 1.51469 0.659828 0 170.138 0 0  0 -0.00331561 0
1388545672.908893888 1.51469 0.659828 0 170.083 0 0  0 -0.00959687 0
1388545673.008839334 1.51469 0.659828 0 170.032 0 0  0 -0.00890647 0
1388545673.108815397 1.51469 0.659828 0 170.004 0 0  0 -0.00488807 0
1388545673.208718771 1.51469 0.659828 0 169.966 0 0  0 -0.00663902 0
1388545673.308873364 1.51469 0.659828 0 169.933 0 0  0 -0.0057502 0
1388545673.408890606 1.51469 0.659828 0 169.881 0 0  0 -0.00907449 0
1388545673.508861767 1.51469 0.659828 0 169.834 0 0  0 -0.0082049 0
1388545673.608790564 1.51469 0.659828 0 169.797 0 0  0 -0.00646277 0
1388545673.708669861 1.51469 0.659828 0 169.761 0 0  0 -0.00629132 0
1388545673.808933040 1.51469 0.659828 0 169.733 0 0  0 -0.00487407 0
1388545673.908871554 1.51469 0.659828 0 169.666 0 0  0 -0.0116998 0
1388545674.008719875 1.51469 0.659828 0 169.638 0 0  0 -0.00489432 0
1388545674.108802750 1.51469 0.659828 0 169.599 0 0  0 -0.0068014 0
1388545674.208919863 1.51469 0.659828 0 169.55 0 0  0 -0.00854274 0
1388545674.308834268 1.51469 0.659828 0 169.529 0 0  0 -0.00366765 0
1388545674.408852185 1.51469 0.659828 0 169.474 0 0  0 -0.00959764 0
1388545674.508841952 1.51469 0.659828 0 169.428 0 0  0 -0.00802892 0
1388545674.608706133 1.51469 0.659828 0 169.408 0 0  0 -0.00349615 0
1388545674.708797158 1.51469 0.659828 0 169.357 0 0  0 -0.00889352 0
1388545674.808872662 1.51469 0.659828 0 169.318 0 0  0 -0.00680057 0
1388545674.908701904 1.51469 0.659828 0 169.28 0 0  0 -0.00664395 0
1388545675.008678105 1.51469 0.659828 0 169.22 0 0  0 -0.010474 0
1388545675.108840486 1.51469 0.659828 0 169.187 0 0  0 -0.00575108 0
1388545675.208928869 1.51469 0.659828 0 169.144 0 0  0 -0.00749816 0
1388545675.308861785 1.51469 0.659828 0 169.115 0 0  0 -0.00506474 0
1388545675.408884108 1.51469 0.659828 0 169.077 0 0  0 -0.00663112 0
1388545675.508886137 1.51469 0.659828 0 169.033 0 0  0 -0.00767907 0
1388545675.608875355 1.51469 0.659828 0 168.99 0 0  0 -0.0075056 0
1388545675.708915173 1.51469 0.659828 0 168.942 0 0  0 -0.00837364 0
1388545675.808824235 1.51469 0.659828 0 168.928 0 0  0 -0.00244567 0
1388545675.908834034 1.51469 0.659828 0 168.867 0 0  0 -0.0106463 0
1388545676.008822350 1.51469 0.659828 0 168.835 0 0  0 -0.0055853 0
1388545676.108867896 1.51469 0.659828 0 168.779 0 0  0 -0.00976935 0
1388545676.208921450 1.51469 0.659828 0 168.743 0 0  0 -0.00628037 0
1388545676.308852802 1.51469 0.659828 0 168.719 0 0  0 -0.00419203 0
1388545676.408703653 1.51469 0.659828 0 168.664 0 0  0 -0.00961237 0
1388545676.508821120 1.51469 0.659828 0 168.625 0 0  0 -0.00679905 0
1388545676.608898225 1.51469 0.659828 0 168.585 0 0  0 -0.0069761 0
1388545676.708908964 1.51469 0.659828 0 168.531 0 0  0 -0.00942392 0
1388545676.808857986 1.51469 0.659828 0 168.51 0 0  0 -0.00366771 0
1388545676.908877844 1.51469 0.659828 0 168.453 0 0  0 -0.00994626 0
1388545677.008828479 1.51469 0.659828 0 168.413 0 0  0 -0.00698492 0
1388545677.108883662 1.51469 0.659828 0 168.377 0 0  0 -0.00627893 0
1388545677.209178164 1.51469 0.659828 0 168.326 0 0  0 -0.00887548 0
1388545677.308856757 1.51469 0.659828 0 168.312 0 0  0 -0.00245133 0
1388545677.408874594 1.51469 0.659828 0 168.225 0 0  0 -0.0151813 0
1388545677.508833199 1.51469 0.659828 0 168.248 0 0  0 0.00401638 0
1388545677.608866024 1.51469 0.659828 0 168.223 0 0  0 -0.00436216 0
1388545677.708810237 1.51469 0.659828 0 168.191 0 0  0 -0.0055891 0
1388545677.808873713 1.51469 0.659828 0 168.133 0 0  0 -0.0101163 0
1388545677.908866896 1.51469 0.659828 0 168.133 0 0  0 0 0
1388545678.008853433 1.51469 0.659828 0 168.079 0 0  0 -0.0094262 0
1388545678.108876777 1.51469 0.659828 0 168.058 0 0  0 -0.00366365 0
1388545678.208812365 1.51469 0.659828 0 167.96 0 0  0 -0.0171152 0
1388545678.308873346 1.51469 0.659828 0 167.92 0 0  0 -0.00697722 0
1388545678.408947016 1.51469 0.659828 0 167.818 0 0  0 -0.0177888 0
1388545678.508652117 1.51469 0.659828 0 167.795 0 0  0 -0.00402659 0
1388545678.608777070 1.51469 0.659828 0 167.747 0 0  0 -0.00836785 0
1388545678.708878014 1.51469 0.659828 0 167.725 0 0  0 -0.00383508 0
1388545678.808834466 1.51469 0.659828 0 167.678 0 0  0 -0.00820611 0
1388545678.908890345 1.51469 0.659828 0 167.627 0 0  0 -0.00889664 0
1388545679.008802755 1.51469 0.659828 0 167.58 0 0  0 -0.00821106 0
1388545679.108926081 1.51469 0.659828 0 167.542 0 0  0 -0.0066231 0
1388545679.208848423 1.51469 0.659828 0 167.519 0 0  0 -0.00401784 0
1388545679.308865109 1.51469 0.659828 0 167.466 0 0  0 -0.00924895 0
1388545679.409230029 1.51469 0.659828 0 167.416 0 0  0 -0.00869412 0
1388545679.508795540 1.51469 0.659828 0 167.379 0 0  0 -0.00648635 0
1388545679.608809348 1.51469 0.659828 0 167.339 0 0  0 -0.00698051 0
1388545679.708881035 1.51469 0.659828 0 167.315 0 0  0 -0.00418615 0
1388545679.808858618 1.51469 0.659828 0 167.265 0 0  0 -0.0087278 0
1388545679.908800268 1.51469 0.659828 0 167.224 0 0  0 -0.00716009 0
1388545680.008880016 1.51469 0.659828 0 167.181 0 0  0 -0.00749881 0
1388545680.108837223 1.51469 0.659828 0 167.141 0 0  0 -0.00698447 0
1388545680.208879801 1.51469 0.659828 0 167.116 0 0  0 -0.00436173 0
1388545680.308854717 1.51469 0.659828 0 167.066 0 0  0 -0.00872937 0
1388545680.408836153 1.51469 0.659828 0 167.02 0 0  0 -0.00802959 0
1388545680.508836356 1.51469 0.659828 0 166.979 0 0  0 -0.0071559 0
1388545680.608799327 1.51469 0.659828 0 166.937 0 0  0 -0.00733307 0
1388545680.708830207 1.51469 0.659828 0 166.91 0 0  0 -0.00471101 0
1388545680.808811155 1.51469 0.659828 0 166.859 0 0  0 -0.00890198 0
1388545680.908671957 1.51469 0.659828 0 166.814 0 0  0 -0.00786594 0
1388545681.008878129 1.51469 0.659828 0 166.774 0 0  0 -0.00696711 0
1388545681.108811291 1.51469 0.659828 0 166.731 0 0  0 -0.00750981 0
1388545681.208831869 1.51469 0.659828 0 166.705 0 0  0 -0.00453709 0
1388545681.308823018 1.51469 0.659828 0 166.656 0 0  0 -0.00855217 0
1388545681.408908877 1.51469 0.659828 0 166.611 0 0  0 -0.00784692 0
1388545681.508873641 1.51469 0.659828 0 166.572 0 0  0 -0.00680944 0
1388545681.608807574 1.51469 0.659828 0 166.529 0 0  0 -0.00750975 0
1388545681.708809805 1.51469 0.659828 0 166.502 0 0  0 -0.00471236 0
1388545681.808835141 1.51469 0.659828 0 166.449 0 0  0 -0.00924815 0
1388545681.908876118 1.51469 0.659828 0 166.405 0 0  0 -0.00767608 0
1388545682.008878501 1.51469 0.659828 0 166.366 0 0  0 -0.00680688 0
1388545682.108709296 1.51469 0.659828 0 166.32 0 0  0 -0.00804171 0
1388545682.208860209 1.51469 0.659828 0 166.294 0 0  0 -0.00453119 0
1388545682.308838984 1.51469 0.659828 0 166.244 0 0  0 -0.00872903 0
1388545682.408718365 1.51469 0.659828 0 166.2 0 0  0 -0.0076885 0
1388545682.508829237 1.51469 0.659828 0 166.166 0 0  0 -0.00592695 0
1388545682.608872217 1.51469 0.659828 0 166.125 0 0  0 -0.00715284 0
1388545682.708875207 1.51469 0.659828 0 166.094 0 0  0 -0.00541138 0
1388545682.808812337 1.51469 0.659828 0 166.045 0 0  0 -0.00855679 0
1388545682.908823922 1.51469 0.659828 0 166.004 0 0  0 -0.00715508 0
1388545683.008876139 1.51469 0.659828 0 165.965 0 0  0 -0.00680349 0
1388545683.108808296 1.51469 0.659828 0 165.925 0 0  0 -0.00698622 0
1388545683.208882988 1.51469 0.659828 0 165.892 0 0  0 -0.00575479 0
1388545683.308880025 1.51469 0.659828 0 165.844 0 0  0 -0.00837855 0
1388545683.408754082 1.51469 0.659828 0 165.801 0 0  0 -0.00751425 0
1388545683.508710439 1.51469 0.659828 0 165.76 0 0  0 -0.00715904 0
1388545683.608800978 1.51469 0.659828 0 165.724 0 0  0 -0.00627671 0
1388545683.708860761 1.51469 0.659828 0 165.693 0 0  0 -0.00540698 0
1388545683.808807091 1.51469 0.659828 0 165.64 0 0  0 -0.00925546 0
1388545683.908671983 1.51469 0.659828 0 165.601 0 0  0 -0.00681625 0
1388545684.008662417 1.51469 0.659828 0 165.562 0 0  0 -0.00680769 0
1388545684.108872477 1.51469 0.659828 0 165.543 0 0  0 -0.00330869 0
1388545684.208814254 1.51469 0.659828 0 165.509 0 0  0 -0.00593831 0
1388545684.508894784 1.51469 0.659828 0 165.5 0 0  0 -0.000523171 0
1388545684.608896712 1.51469 0.659828 0 165.492 0 0  0 -0.0013968 0
1388545684.708854784 1.51469 0.659828 0 165.349 0 0  0 -0.0249683 0
1388545684.808854362 1.51469 0.659828 0 165.256 0 0  0 -0.016232 0
1388545684.908779819 1.51469 0.659828 0 165.204 0 0  0 -0.00908282 0
1388545685.008814671 1.51469 0.659828 0 165.166 0 0  0 -0.00662896 0
1388545685.108852829 1.51469 0.659828 0 165.146 0 0  0 -0.00349007 0
1388545685.208858931 1.51469 0.659828 0 165.118 0 0  0 -0.0048866 0
1388545685.308823464 1.51469 0.659828 0 165.11 0 0  0 -0.00139599 0
1388545685.408867852 1.51469 0.659828 0 165.1 0 0  0 -0.00174493 0
1388545685.508880463 1.51469 0.659828 0 165 0 0  0 -0.0174508 0
1388545685.608878547 1.51469 0.659828 0 164.952 0 0  0 -0.00837847 0
1388545685.708862433 1.51469 0.659828 0 164.95 0 0  0 -0.00034893 0
1388545685.808874111 1.51469 0.659828 0 164.946 0 0  0 -0.000697667 0
1388545685.908877259 1.51469 0.659828 0 164.914 0 0  0 -0.00558447 0
1388545686.008865011 1.51469 0.659828 0 164.907 0 0  0 -0.00122254 0
1388545686.108840122 1.51469 0.659828 0 164.778 0 0  0 -0.02252 0
1388545686.208879399 1.51469 0.659828 0 164.721 0 0  0 -0.00994433 0
1388545686.308742498 1.51469 0.659828 0 164.671 0 0  0 -0.00873914 0
1388545686.408675759 1.51469 0.659828 0 164.619 0 0  0 -0.00908211 0
1388545686.508800753 1.51469 0.659828 0 164.593 0 0  0 -0.00453236 0
1388545686.608877611 1.51469 0.659828 0 164.555 0 0  0 -0.00662618 0
1388545686.708882337 1.51469 0.659828 0 164.98 0 0  0 0.0741722 0
1388545686.808890340 1.51469 0.659828 0 165.563 0 0  0 0.101745 0
1388545686.908790002 1.51469 0.659828 0 166.012 0 0  0 0.0784449 0
1388545687.008774442 1.51469 0.659828 0 166.045 0 0  0 0.00575998 0
1388545687.108873094 1.51469 0.659828 0 166.067 0 0  0 0.00383649 0
1388545687.208878608 1.51469 0.659828 0 164.083 0 0  0 -0.346254 0
1388545687.308803546 1.51469 0.659828 0 160.377 0 0  0 -0.647305 0
1388545687.408692918 1.51469 0.659828 0 155.544 0 0  0 -0.844452 0
1388545687.508698908 1.51469 0.659828 0 150.81 0 0  0 -0.82619 0
1388545687.608852984 1.51469 0.659828 0 149.128 0 0  0 -0.293113 0
1388545687.708803621 1.51469 0.659828 0 145.431 0 0  0 -0.645567 0
1388545687.808890791 1.51469 0.659828 0 142.201 0 0  0 -0.563251 0
1388545687.908848968 1.51469 0.659828 0 137.038 0 0  0 -0.901491 0
1388545688.008806681 1.51469 0.659828 0 132.042 0 0  0 -0.872334 0
1388545688.108865457 1.51469 0.659828 0 129.299 0 0  0 -0.478463 0
1388545688.208844824 1.51469 0.659828 0 123.89 0 0  0 -0.944243 0
1388545688.308854979 1.51469 0.659828 0 119.405 0 0  0 -0.782701 0
1388545688.408701690 1.51469 0.659828 0 114.745 0 0  0 -0.814572 0
1388545688.508804503 1.51469 0.659828 0 111.41 0 0  0 -0.58147 0
1388545688.608852007 1.51469 0.659828 0 112.543 0 0  0 0.197652 0
1388545688.708768754 1.51469 0.659828 0 111.772 0 0  0 -0.134677 0
1388545688.808789730 1.51469 0.659828 0 111.334 0 0  0 -0.0764293 0
1388545688.908804748 1.51469 0.659828 0 116.679 0 0  0 0.932738 0
1388545689.008878742 1.51469 0.659828 0 119.993 0 0  0 0.577974 0
1388545689.108874131 1.51469 0.659828 0 131.814 0 0  0 2.06325 0
1388545689.208883444 1.51469 0.659828 0 147.798 0 0  0 2.78947 0
1388545689.308793285 1.51469 0.659828 0 161.871 0 0  0 2.45842 0
1388545689.408869641 1.51469 0.659828 0 171.88 0 0  0 1.74557 0
1388545689.508803417 1.51469 0.659828 0 -176.634 0 0  0 -60.8675 0
1388545689.608868273 1.51469 0.659828 0 -167.064 0 0  0 1.6692 0
1388545689.708857447 1.51469 0.659828 0 -148.328 0 0  0 3.2704 0
1388545689.808788021 1.51469 0.659828 0 -136.366 0 0  0 2.08921 0
1388545689.908875102 1.51469 0.659828 0 -119.338 0 0  0 2.96936 0
1388545690.008807602 1.51469 0.659828 0 -105.856 0 0  0 2.35464 0
1388545690.108863667 1.51469 0.659828 0 -101.147 0 0  0 0.821415 0
1388545690.208882206 1.51469 0.659828 0 -100.6 0 0  0 0.0954513 0
1388545690.308873173 1.51469 0.659828 0 -100.061 0 0  0 0.094082 0
1388545690.408668762 1.51469 0.659828 0 -62.593 0 0  0 6.55279 0
1388545690.508877518 1.51469 0.659828 0 -52.849 0 0  0 1.69711 0
1388545690.608875866 1.51469 0.659828 0 -48.102 0 0  0 0.82852 0
1388545690.708882510 1.51469 0.659828 0 -47.312 0 0  0 0.137872 0
1388545690.808791487 1.51469 0.659828 0 -49.51 0 0  0 -0.383973 0
1388545690.908838766 1.51469 0.659828 0 -50.809 0 0  0 -0.226612 0
1388545691.008881480 1.51469 0.659828 0 -52.368 0 0  0 -0.27198 0
1388545691.108845036 1.51469 0.659828 0 -54.367 0 0  0 -0.349019 0
1388545691.208879632 1.51469 0.659828 0 -56.935 0 0  0 -0.448046 0
1388545691.308863218 1.51469 0.659828 0 -52.788 0 0  0 0.723907 0
1388545691.408860939 1.51469 0.659828 0 -46.869 0 0  0 1.03308 0
1388545691.508847348 1.51469 0.659828 0 -43.695 0 0  0 0.554043 0
1388545691.608892530 1.51469 0.659828 0 -35.76 0 0  0 1.38429 0
1388545691.708714386 1.51469 0.659828 0 -30.98 0 0  0 0.835756 0
1388545691.808848908 1.51469 0.659828 0 -31.51 0 0  0 -0.092378 0
1388545691.908824919 1.51469 0.659828 0 -31.529 0 0  0 -0.00331643 0
1388545692.008885531 1.51469 0.659828 0 -29.116 0 0  0 0.420892 0
1388545692.108826891 1.51469 0.659828 0 -26.449 0 0  0 0.465752 0
1388545692.208896371 1.51469 0.659828 0 -24.031 0 0  0 0.421727 0
1388545692.308769424 1.51469 0.659828 0 -18.519 0 0  0 0.963248 0
1388545692.408863583 1.51469 0.659828 0 -6.003 0 0  0 2.1824 0
1388545692.508858820 1.51469 0.659828 0 3.22 0 0  0 1.60979 0
1388545692.608883749 1.51469 0.659828 0 18.12 0 0  0 2.59989 0
1388545692.708843869 1.51469 0.659828 0 29.174 0 0  0 1.93006 0
1388545692.808826438 1.51469 0.659828 0 37.884 0 0  0 1.52045 0
1388545692.908806062 1.51469 0.659828 0 44.732 0 0  0 1.19545 0
1388545693.008811675 1.51469 0.659828 0 46.477 0 0  0 0.304543 0
1388545693.108808636 1.51469 0.659828 0 47.522 0 0  0 0.182392 0
1388545693.208847437 1.51469 0.659828 0 50.779 0 0  0 0.568233 0
1388545693.308787469 1.51469 0.659828 0 54.559 0 0  0 0.66013 0
1388545693.408877169 1.51469 0.659828 0 56.984 0 0  0 0.422863 0
1388545693.508884658 1.51469 0.659828 0 58.883 0 0  0 0.331413 0
1388545693.608880487 1.51469 0.659828 0 65.667 0 0  0 1.18408 0
1388545693.708850431 1.51469 0.659828 0 73.163 0 0  0 1.30869 0
1388545693.808773339 1.51469 0.659828 0 83.425 0 0  0 1.79244 0
1388545693.908779575 1.51469 0.659828 0 92.983 0 0  0 1.66808 0
1388545694.008874919 1.51469 0.659828 0 95.094 0 0  0 0.368088 0
1388545694.108823616 1.51469 0.659828 0 94.432 0 0  0 -0.1156 0
1388545694.208890771 1.51469 0.659828 0 97.201 0 0  0 0.482957 0
1388545694.308708636 1.51469 0.659828 0 102.028 0 0  0 0.844008 0
1388545694.408666947 1.51469 0.659828 0 104.847 0 0  0 0.492214 0
1388545694.508852753 1.51469 0.659828 0 105.068 0 0  0 0.0385004 0
1388545694.608880583 1.51469 0.659828 0 104.559 0 0  0 -0.0888123 0
1388545694.708794360 1.51469 0.659828 0 106.762 0 0  0 0.384828 0
1388545694.808808963 1.51469 0.659828 0 112.344 0 0  0 0.974101 0
1388545694.908799532 1.51469 0.659828 0 121.129 0 0  0 1.53342 0
1388545695.008876795 1.51469 0.659828 0 126.222 0 0  0 0.88821 0
1388545695.108819888 1.51469 0.659828 0 133.302 0 0  0 1.2364 0
1388545695.208847278 1.51469 0.659828 0 135.393 0 0  0 0.364849 0
1388545695.308880943 1.51469 0.659828 0 132.913 0 0  0 -0.432697 0
1388545695.408762272 1.51469 0.659828 0 130.094 0 0  0 -0.492593 0
1388545695.508843884 1.51469 0.659828 0 129.39 0 0  0 -0.12277 0
1388545695.608873795 1.51469 0.659828 0 129.947 0 0  0 0.0971856 0
1388545695.708726622 1.51469 0.659828 0 128.726 0 0  0 -0.213419 0
1388545695.808850767 1.51469 0.659828 0 126.68 0 0  0 -0.356651 0
1388545695.908652582 1.51469 0.659828 0 127.587 0 0  0 0.158615 0
1388545696.008812621 1.51469 0.659828 0 131.533 0 0  0 0.687606 0
1388545696.108841881 1.51469 0.659828 0 142.011 0 0  0 1.82822 0
1388545696.208907163 1.51469 0.659828 0 147.84 0 0  0 1.01669 0
1388545696.308677284 1.51469 0.659828 0 148.866 0 0  0 0.179484 0
1388545696.408811314 1.51469 0.659828 0 148.6 0 0  0 -0.0463634 0
1388545696.508831438 1.51469 0.659828 0 148.113 0 0  0 -0.0849803 0
1388545696.608869406 1.51469 0.659828 0 146.926 0 0  0 -0.207093 0
1388545696.708818713 1.51469 0.659828 0 144.738 0 0  0 -0.382071 0
1388545696.808775504 1.51469 0.659828 0 142.931 0 0  0 -0.315517 0
1388545696.908871033 1.51469 0.659828 0 142.079 0 0  0 -0.148561 0
1388545697.009023977 1.51469 0.659828 0 142.035 0 0  0 -0.0076675 0
1388545697.108838590 1.51469 0.659828 0 142.326 0 0  0 0.0508835 0
1388545697.208795285 1.51469 0.659828 0 142.532 0 0  0 0.0359696 0
1388545697.308778895 1.51469 0.659828 0 142.626 0 0  0 0.0164091 0
1388545697.408714988 1.51469 0.659828 0 142.613 0 0  0 -0.00227046 0
1388545697.508834701 1.51469 0.659828 0 142.572 0 0  0 -0.00714736 0
1388545697.608814814 1.51469 0.659828 0 142.519 0 0  0 -0.00925233 0
1388545697.708711163 1.51469 0.659828 0 142.466 0 0  0 -0.00926009 0
1388545697.808814990 1.51469 0.659828 0 142.422 0 0  0 -0.00767126 0
1388545697.908891852 1.51469 0.659828 0 142.381 0 0  0 -0.00715042 0
1388545698.008883415 1.51469 0.659828 0 142.343 0 0  0 -0.00663316 0
1388545698.108849422 1.51469 0.659828 0 142.284 0 0  0 -0.0103006 0
1388545698.208787312 1.51469 0.659828 0 142.236 0 0  0 -0.00838218 0
1388545698.308681538 1.51469 0.659828 0 142.2 0 0  0 -0.00629038 0
1388545698.408838906 1.51469 0.659828 0 142.144 0 0  0 -0.00975844 0
1388545698.508881344 1.51469 0.659828 0 142.105 0 0  0 -0.00680415 0
1388545698.608811368 1.51469 0.659828 0 142.051 0 0  0 -0.00943153 0
1388545698.708815436 1.51469 0.659828 0 142.002 0 0  0 -0.00855106 0
1388545698.808817112 1.51469 0.659828 0 141.952 0 0  0 -0.00872703 0
1388545698.908807127 1.51469 0.659828 0 141.907 0 0  0 -0.00785445 0
1388545699.008884238 1.51469 0.659828 0 141.875 0 0  0 -0.00558035 0
1388545699.108808874 1.51469 0.659828 0 141.819 0 0  0 -0.00978117 0
1388545699.208821883 1.51469 0.659828 0 141.775 0 0  0 -0.00767823 0
1388545699.308726440 1.51469 0.659828 0 141.728 0 0  0 -0.00821171 0
1388545699.408768542 1.51469 0.659828 0 141.684 0 0  0 -0.00767599 0
1388545699.508877050 1.51469 0.659828 0 141.647 0 0  0 -0.00645117 0
1388545699.608826083 1.51469 0.659828 0 141.586 0 0  0 -0.0106514 0
1388545699.708821389 1.51469 0.659828 0 141.54 0 0  0 -0.00802848 0
1388545699.808813254 1.51469 0.659828 0 141.494 0 0  0 -0.00803008 0
1388545699.908897432 1.51469 0.659828 0 141.452 0 0  0 -0.00732419 0
1388545700.008868343 1.51469 0.659828 0 141.414 0 0  0 -0.0066332 0
1388545700.108890094 1.51469 0.659828 0 141.36 0 0  0 -0.00942288 0
1388545700.208835565 1.51469 0.659828 0 141.316 0 0  0 -0.00768475 0
1388545700.308881458 1.51469 0.659828 0 141.27 0 0  0 -0.00802442 0
1388545700.408809637 1.51469 0.659828 0 141.221 0 0  0 -0.00855756 0
1388545700.508831327 1.51469 0.659828 0 141.182 0 0  0 -0.00680556 0
1388545700.608897968 1.51469 0.659828 0 141.126 0 0  0 -0.00976729 0
1388545700.708880189 1.51469 0.659828 0 141.081 0 0  0 -0.00785506 0
1388545700.808701459 1.51469 0.659828 0 141.034 0 0  0 -0.00821856 0
1388545700.908866022 1.51469 0.659828 0 141.009 0 0  0 -0.00435642 0
1388545701.008670194 1.51469 0.659828 0 140.946 0 0  0 -0.0110164 0
1388545701.108831425 1.51469 0.659828 0 140.892 0 0  0 -0.00940976 0
1388545701.208879209 1.51469 0.659828 0 140.846 0 0  0 -0.00802426 0
1388545701.308657816 1.51469 0.659828 0 140.801 0 0  0 -0.00787242 0
1388545701.408870981 1.51469 0.659828 0 140.769 0 0  0 -0.00557277 0
1388545701.508883607 1.51469 0.659828 0 140.709 0 0  0 -0.0104702 0
1388545701.608816727 1.51469 0.659828 0 140.653 0 0  0 -0.00978034 0
1388545701.708745357 1.51469 0.659828 0 140.607 0 0  0 -0.00803517 0
1388545701.808776679 1.51469 0.659828 0 140.562 0 0  0 -0.0078512 0
1388545701.908860286 1.51469 0.659828 0 140.533 0 0  0 -0.00505711 0
1388545702.008821495 1.51469 0.659828 0 140.474 0 0  0 -0.0103011 0
1388545702.108892584 1.51469 0.659828 0 140.424 0 0  0 -0.00872098 0
1388545702.208662702 1.51469 0.659828 0 140.375 0 0  0 -0.00857111 0
1388545702.308688860 1.51469 0.659828 0 140.327 0 0  0 -0.00837611 0
1388545702.408873058 1.51469 0.659828 0 140.296 0 0  0 -0.00540026 0
1388545702.508862889 1.51469 0.659828 0 140.235 0 0  0 -0.0106471 0
1388545702.608787018 1.51469 0.659828 0 140.179 0 0  0 -0.00978122 0
1388545702.708820415 1.51469 0.659828 0 140.132 0 0  0 -0.00820113 0
1388545702.808665439 1.51469 0.659828 0 140.089 0 0  0 -0.00751644 0
1388545702.908829047 1.51469 0.659828 0 140.058 0 0  0 -0.00540137 0
1388545703.008862455 1.51469 0.659828 0 139.997 0 0  0 -0.0106438 0
1388545703.108891508 1.51469 0.659828 0 139.945 0 0  0 -0.00907209 0
1388545703.208826159 1.51469 0.659828 0 139.895 0 0  0 -0.00873289 0
1388545703.308839196 1.51469 0.659828 0 139.855 0 0  0 -0.00698057 0
1388545703.408883443 1.51469 0.659828 0 139.815 0 0  0 -0.00697839 0
1388545703.508838484 1.51469 0.659828 0 139.756 0 0  0 -0.0103017 0
1388545703.608749324 1.51469 0.659828 0 139.709 0 0  0 -0.00820986 0
1388545703.708827789 1.51469 0.659828 0 139.656 0 0  0 -0.00924324 0
1388545703.808840014 1.51469 0.659828 0 139.615 0 0  0 -0.00715504 0
1388545703.908876624 1.51469 0.659828 0 139.578 0 0  0 -0.0064558 0
1388545704.008879810 1.51469 0.659828 0 139.542 0 0  0 -0.0062822 0
1388545704.108874225 1.51469 0.659828 0 139.486 0 0  0 -0.00977435 0
1388545704.208849743 1.51469 0.659828 0 139.459 0 0  0 -0.00471362 0
1388545704.308846828 1.51469 0.659828 0 139.377 0 0  0 -0.0143122 0
1388545704.408874670 1.51469 0.659828 0 139.356 0 0  0 -0.00366482 0
1388545704.608867851 1.51469 0.659828 0 139.32 0 0  0 -0.00314131 0
1388545704.708884609 1.51469 0.659828 0 139.23 0 0  0 -0.015706 0
1388545704.808827637 1.51469 0.659828 0 139.194 0 0  0 -0.00628598 0
1388545704.908882886 1.51469 0.659828 0 139.109 0 0  0 -0.0148269 0
1388545705.008882052 1.51469 0.659828 0 139.104 0 0  0 -0.000873524 0
1388545705.108867712 1.51469 0.659828 0 139.019 0 0  0 -0.0148373 0
1388545705.208896374 1.51469 0.659828 0 139.015 0 0  0 -0.000697548 0
1388545705.308892870 1.51469 0.659828 0 138.943 0 0  0 -0.0125666 0
1388545705.408895498 1.51469 0.659828 0 138.935 0 0  0 -0.00139679 0
1388545705.508886967 1.51469 0.659828 0 138.908 0 0  0 -0.00471287 0
1388545705.708877801 1.51469 0.659828 0 138.834 0 0  0 -0.0064578 0
1388545705.908862736 1.51469 0.659828 0 138.812 0 0  0 -0.00192028 0
1388545706.108895401 1.51469 0.659828 0 138.638 0 0  0 -0.0151815 0
1388545706.208778173 1.51469 0.659828 0 138.478 0 0  0 -0.0279587 0
1388545706.308831317 1.51469 0.659828 0 138.476 0 0  0 -0.000348689 0
1388545706.408831299 1.51469 0.659828 0 138.419 0 0  0 -0.00994824 0
1388545706.508854194 1.51469 0.659828 0 138.411 0 0  0 -0.00139651 0
1388545706.608876618 1.51469 0.659828 0 138.409 0 0  0 -0.000348796 0
1388545706.708902739 1.51469 0.659828 0 138.341 0 0  0 -0.0118653 0
1388545706.808855054 1.51469 0.659828 0 138.249 0 0  0 -0.0160639 0
1388545706.908833767 1.51469 0.659828 0 138.153 0 0  0 -0.0167588 0
1388545707.008701315 1.51469 0.659828 0 138.099 0 0  0 -0.00943743 0
1388545707.108800719 1.51469 0.659828 0 138.048 0 0  0 -0.00889278 0
1388545707.208787638 1.51469 0.659828 0 138.003 0 0  0 -0.00785469 0
1388545707.308812826 1.51469 0.659828 0 137.956 0 0  0 -0.00820047 0
1388545707.408879501 1.51469 0.659828 0 137.92 0 0  0 -0.00627954 0
1388545707.508865812 1.51469 0.659828 0 137.865 0 0  0 -0.00960068 0
1388545707.608703775 1.51469 0.659828 0 137.819 0 0  0 -0.00804113 0
1388545707.708900219 1.51469 0.659828 0 137.772 0 0  0 -0.00818778 0
1388545707.808838212 1.51469 0.659828 0 137.744 0 0  0 -0.00488993 0
1388545707.908882676 1.51469 0.659828 0 137.686 0 0  0 -0.0101182 0
1388545708.008844616 1.51469 0.659828 0 137.633 0 0  0 -0.00925401 0
1388545708.108809710 1.51469 0.659828 0 137.589 0 0  0 -0.00768191 0
1388545708.208919069 1.51469 0.659828 0 137.542 0 0  0 -0.00819358 0
1388545708.308871901 1.51469 0.659828 0 137.509 0 0  0 -0.00576314 0
1388545708.408856644 1.51469 0.659828 0 137.45 0 0  0 -0.0102987 0
1388545708.508794060 1.51469 0.659828 0 137.392 0 0  0 -0.010129 0
1388545708.608808360 1.51469 0.659828 0 137.341 0 0  0 -0.00890034 0
1388545708.708804795 1.51469 0.659828 0 137.293 0 0  0 -0.00837727 0
1388545708.808874633 1.51469 0.659828 0 137.267 0 0  0 -0.00453486 0
1388545708.908850079 1.51469 0.659828 0 137.206 0 0  0 -0.0106486 0
1388545709.008855537 1.51469 0.659828 0 137.151 0 0  0 -0.00959884 0
1388545709.108807717 1.51469 0.659828 0 137.101 0 0  0 -0.00873135 0
1388545709.208704289 1.51469 0.659828 0 137.051 0 0  0 -0.00873621 0
1388545709.308852662 1.51469 0.659828 0 137.026 0 0  0 -0.0043558 0
1388545709.408830191 1.51469 0.659828 0 136.967 0 0  0 -0.0103008 0
1388545709.508896884 1.51469 0.659828 0 136.916 0 0  0 -0.00889435 0
1388545709.608807695 1.51469 0.659828 0 136.864 0 0  0 -0.00908416 0
1388545709.708664750 1.51469 0.659828 0 136.816 0 0  0 -0.0083903 0
1388545709.808843887 1.51469 0.659828 0 136.789 0 0  0 -0.00470271 0
1388545709.908879475 1.51469 0.659828 0 136.728 0 0  0 -0.0106435 0
1388545710.008768596 1.51469 0.659828 0 136.676 0 0  0 -0.00908613 0
1388545710.108856975 1.51469 0.659828 0 136.627 0 0  0 -0.00854386 0
1388545710.208787410 1.51469 0.659828 0 136.58 0 0  0 -0.00820958 0
1388545710.308884644 1.51469 0.659828 0 136.548 0 0  0 -0.00557922 0
1388545710.408861277 1.51469 0.659828 0 136.488 0 0  0 -0.010474 0
1388545710.508892956 1.51469 0.659828 0 136.439 0 0  0 -0.00855003 0
1388545710.608886892 1.51469 0.659828 0 136.389 0 0  0 -0.00872638 0
1388545710.708807007 1.51469 0.659828 0 136.343 0 0  0 -0.00803585 0
1388545710.808864365 1.51469 0.659828 0 136.308 0 0  0 -0.00610446 0
1388545710.908806420 1.51469 0.659828 0 136.247 0 0  0 -0.0106535 0
1388545711.008890670 1.51469 0.659828 0 136.195 0 0  0 -0.00906708 0
1388545711.108873585 1.51469 0.659828 0 136.158 0 0  0 -0.00645927 0
1388545711.208713666 1.51469 0.659828 0 136.114 0 0  0 -0.00769153 0
1388545711.308794260 1.51469 0.659828 0 136.089 0 0  0 -0.00436008 0
1388545711.408879476 1.51469 0.659828 0 135.97 0 0  0 -0.020751 0
1388545711.508894622 1.51469 0.659828 0 135.725 0 0  0 -0.0427546 0
1388545711.608755071 1.51469 0.659828 0 135.147 0 0  0 -0.101022 0
1388545711.708808472 1.51469 0.659828 0 132.835 0 0  0 -0.403304 0
1388545711.808877819 1.51469 0.659828 0 132.228 0 0  0 -0.105868 0
1388545711.908834477 1.51469 0.659828 0 135.901 0 0  0 0.641338 0
1388545712.008706156 1.51469 0.659828 0 139.465 0 0  0 0.622834 0
1388545712.108791861 1.51469 0.659828 0 141.534 0 0  0 0.360799 0
1388545712.208831694 1.51469 0.659828 0 143.344 0 0  0 0.315778 0
1388545712.308850904 1.51469 0.659828 0 144.629 0 0  0 0.224232 0
1388545712.408667047 1.51469 0.659828 0 143.216 0 0  0 -0.24707 0
1388545712.508793545 1.51469 0.659828 0 142.698 0 0  0 -0.0902934 0
1388545712.608878369 1.51469 0.659828 0 143.897 0 0  0 0.209087 0
1388545712.708847376 1.51469 0.659828 0 143.634 0 0  0 -0.0459165 0
1388545712.808805074 1.51469 0.659828 0 140.371 0 0  0 -0.569742 0
1388545712.908854654 1.51469 0.659828 0 132.418 0 0  0 -1.38737 0
1388545713.008871282 1.51469 0.659828 0 127.89 0 0  0 -0.790154 0
1388545713.108851823 1.51469 0.659828 0 124.976 0 0  0 -0.508688 0
1388545713.208863477 1.51469 0.659828 0 121.482 0 0  0 -0.609747 0
1388545713.308794748 1.51469 0.659828 0 117.66 0 0  0 -0.667524 0
1388545713.408769085 1.51469 0.659828 0 109.955 0 0  0 -1.34512 0
1388545713.508700854 1.51469 0.659828 0 105.308 0 0  0 -0.811608 0
1388545713.608840926 1.51469 0.659828 0 103.912 0 0  0 -0.243307 0
1388545713.708817847 1.51469 0.659828 0 103.893 0 0  0 -0.00331707 0
1388545713.808853565 1.51469 0.659828 0 102.874 0 0  0 -0.177786 0
1388545713.908706608 1.51469 0.659828 0 100.092 0 0  0 -0.486265 0
1388545714.008877164 1.51469 0.659828 0 97.911 0 0  0 -0.380008 0
1388545714.108729349 1.51469 0.659828 0 93.529 0 0  0 -0.765935 0
1388545714.208761377 1.51469 0.659828 0 87.114 0 0  0 -1.11927 0
1388545714.308833132 1.51469 0.659828 0 80.366 0 0  0 -1.1769 0
1388545714.408915672 1.51469 0.659828 0 70.785 0 0  0 -1.67082 0
1388545714.508672776 1.51469 0.659828 0 65.172 0 0  0 -0.982039 0
1388545714.608681151 1.51469 0.659828 0 58.957 0 0  0 -1.08463 0
1388545714.708861497 1.51469 0.659828 0 54.549 0 0  0 -0.767956 0
1388545714.808826761 1.51469 0.659828 0 53.353 0 0  0 -0.208814 0
1388545714.908829250 1.51469 0.659828 0 56.991 0 0  0 0.634935 0
1388545715.008808931 1.51469 0.659828 0 64 0 0  0 1.22355 0
1388545715.108876928 1.51469 0.659828 0 70.543 0 0  0 1.14119 0
1388545715.208875878 1.51469 0.659828 0 74.893 0 0  0 0.759226 0
1388545715.308875790 1.51469 0.659828 0 76.188 0 0  0 0.22602 0
1388545715.408716116 1.51469 0.659828 0 73.202 0 0  0 -0.521989 0
1388545715.508861488 1.51469 0.659828 0 70.587 0 0  0 -0.455741 0
1388545715.608807900 1.51469 0.659828 0 68.014 0 0  0 -0.449314 0
1388545715.708870232 1.51469 0.659828 0 66.516 0 0  0 -0.261287 0
1388545715.808859425 1.51469 0.659828 0 63.642 0 0  0 -0.501662 0
1388545715.908820665 1.51469 0.659828 0 64.841 0 0  0 0.209346 0
1388545716.008892623 1.51469 0.659828 0 66.371 0 0  0 0.266843 0
1388545716.108790768 1.51469 0.659828 0 71.348 0 0  0 0.869536 0
1388545716.208876465 1.51469 0.659828 0 74.316 0 0  0 0.51757 0
1388545716.308857309 1.51469 0.659828 0 78.247 0 0  0 0.68622 0
1388545716.408793043 1.51469 0.659828 0 77.871 0 0  0 -0.0656665 0
1388545716.508791512 1.51469 0.659828 0 75.759 0 0  0 -0.368619 0
1388545716.608667990 1.51469 0.659828 0 71.803 0 0  0 -0.691306 0
1388545716.708872590 1.51469 0.659828 0 68.527 0 0  0 -0.570602 0
1388545716.808833344 1.51469 0.659828 0 67.68 0 0  0 -0.147887 0
1388545716.908817516 1.51469 0.659828 0 71.866 0 0  0 0.73071 0
1388545717.008711675 1.51469 0.659828 0 81.212 0 0  0 1.63291 0
1388545717.108855333 1.51469 0.659828 0 92.029 0 0  0 1.88521 0
1388545717.208834934 1.51469 0.659828 0 97.468 0 0  0 0.949478 0
1388545717.308835466 1.51469 0.659828 0 107.284 0 0  0 1.71321 0
1388545717.408855159 1.51469 0.659828 0 114.601 0 0  0 1.27681 0
1388545717.508748082 1.51469 0.659828 0 120.23 0 0  0 0.983499 0
1388545717.608860734 1.51469 0.659828 0 125.773 0 0  0 0.966347 0
1388545717.708827420 1.51469 0.659828 0 128.486 0 0  0 0.473667 0
1388545717.808830794 1.51469 0.659828 0 133.076 0 0  0 0.801078 0
1388545717.908707877 1.51469 0.659828 0 137.447 0 0  0 0.763823 0
1388545718.008691423 1.51469 0.659828 0 142.865 0 0  0 0.945775 0
1388545718.108835895 1.51469 0.659828 0 147.838 0 0  0 0.8667 0
1388545718.208823624 1.51469 0.659828 0 151.877 0 0  0 0.705025 0
1388545718.308810501 1.51469 0.659828 0 155.542 0 0  0 0.639747 0
1388545718.408885433 1.51469 0.659828 0 158.517 0 0  0 0.518846 0
1388545718.508792887 1.51469 0.659828 0 159.589 0 0  0 0.187272 0
1388545718.608883745 1.51469 0.659828 0 160.058 0 0  0 0.0817819 0
1388545718.708877152 1.51469 0.659828 0 154.992 0 0  0 -0.884242 0
1388545718.808866948 1.51469 0.659828 0 147.041 0 0  0 -1.38785 0
1388545718.908872515 1.51469 0.659828 0 147.57 0 0  0 0.0923227 0
1388545719.008835057 1.51469 0.659828 0 150.025 0 0  0 0.428639 0
1388545719.108872879 1.51469 0.659828 0 149.029 0 0  0 -0.173769 0
1388545719.208864780 1.51469 0.659828 0 147.311 0 0  0 -0.299872 0
1388545719.308814631 1.51469 0.659828 0 148.472 0 0  0 0.202735 0
1388545719.408890050 1.51469 0.659828 0 148.405 0 0  0 -0.0116851 0
1388545719.508854244 1.51469 0.659828 0 148.538 0 0  0 0.0232204 0
1388545719.608875478 1.51469 0.659828 0 148.507 0 0  0 -0.00540906 0
1388545719.708858122 1.51469 0.659828 0 148.777 0 0  0 0.0471328 0
1388545719.808808032 1.51469 0.659828 0 149.214 0 0  0 0.0763085 0
1388545719.908886482 1.51469 0.659828 0 149.091 0 0  0 -0.0214509 0
1388545720.008813629 1.51469 0.659828 0 148.879 0 0  0 -0.0370276 0
1388545720.108841173 1.51469 0.659828 0 148.725 0 0  0 -0.0268706 0
1388545720.208867553 1.51469 0.659828 0 148.533 0 0  0 -0.0335017 0
1388545720.308797201 1.51469 0.659828 0 148.279 0 0  0 -0.0443622 0
1388545720.408730399 1.51469 0.659828 0 148.335 0 0  0 0.00978033 0
1388545720.508759236 1.51469 0.659828 0 148.33 0 0  0 -0.000873265 0
1388545720.608759002 1.51469 0.659828 0 148.258 0 0  0 -0.0125662 0
1388545720.708805628 1.51469 0.659828 0 148.251 0 0  0 -0.00122049 0
1388545720.808840597 1.51469 0.659828 0 148.242 0 0  0 -0.00157072 0
1388545720.908904288 1.51469 0.659828 0 148.262 0 0  0 0.00348918 0
1388545721.008869637 1.51469 0.659828 0 148.233 0 0  0 -0.00506442 0
1388545721.108889075 1.51469 0.659828 0 148.122 0 0  0 -0.0193694 0
1388545721.208871155 1.51469 0.659828 0 148.015 0 0  0 -0.0186774 0
1388545721.308856101 1.51469 0.659828 0 147.953 0 0  0 -0.0108234 0
1388545721.408879055 1.51469 0.659828 0 147.997 0 0  0 0.00767746 0
1388545721.508761635 1.51469 0.659828 0 147.925 0 0  0 -0.0125809 0
1388545721.608879403 1.51469 0.659828 0 147.878 0 0  0 -0.00819289 0
1388545721.708879638 1.51469 0.659828 0 147.955 0 0  0 0.0134383 0
