1388038008.021154938 0.0204775 -0.0580556 0.908 -175.072 0 0  0.153439 -0.516351 7
1388038008.121160381 0.0206068 -0.0597736 0.915 -175.156 0 -0.0171789  0.0699962 -0.0146599 7
1388038008.221140063 0.0185222 -0.0615149 0.925 -175.176 -0.0208503 -0.0174169  0.10002 -0.00348945 7
1388038008.321138681 0.016119 -0.0629637 0.936 -175.109 -0.0240324 -0.0144875  0.110002 0.0116941 7
1388038008.421140667 0.0132604 -0.0649834 0.948 -175.091 -0.0285857 -0.0201967  0.119998 0.0031398 7
1388038008.521150224 0.00908932 -0.0681913 0.955 -175.023 -0.0417064 -0.032076  0.0699933 0.0118686 7
1388038008.621140598 0.00500189 -0.0696885 0.958 -174.961 -0.0408783 -0.0149735  0.0300029 0.0108215 7
1388038008.721149806 0.000971909 -0.0702292 0.96 -174.803 -0.0402961 0  0.0199982 0.0275745 7
1388038008.821141604 -0.00389403 -0.0678271 0.954 -174.731 -0.0486634 0.0240227  -0.0600049 0.0125658 7
1388038008.921132561 -0.00837172 -0.0652716 0.953 -174.661 -0.0447809 0.0255582  -0.0100009 0.0122197 7
1388038009.021141837 -0.0133732 -0.0630085 0.952 -174.61 -0.0500103 0.0226281  0 0.00889946 7
1388038009.121149686 -0.0183031 -0.0602089 0.952 -174.49 -0.049295 0.027994  0 0.0209415 7
1388038009.221138994 -0.0246568 -0.0584224 0.95 -174.494 -0.0635438 0.0178675  -0.0200021 -0.000697823 7
1388038009.321150459 -0.0317658 -0.0568537 0.949 -174.404 -0.0710819 0.0156847  0 0.0157055 7
1388038009.421141144 -0.0376727 -0.0557482 0.953 -174.358 -0.0590746 0.0110559  0.0400037 0.00803018 4
1388038009.521184797 -0.0420762 -0.0545533 0.949 -174.265 -0.0440159 0.011944  -0.0399825 0.0162249 4
1388038009.621134790 -0.0450782 -0.0540262 0.952 -174.121 -0.0300342 0  0.030015 0.0251448 4
1388038009.721141855 -0.0466306 -0.0529422 0.946 -173.953 -0.0155235 0.0108397  -0.0599958 0.0293193 4
1388038009.821136354 -0.0465685 -0.0514817 0.951 -173.798 0 0.0146051  0.0500028 0.0270539 4
1388038009.921150766 -0.0455466 -0.0485258 0.95 -173.639 0.0102178 0.029555  0 0.0277461 4
1388038010.021140483 -0.042524 -0.0459375 0.953 -173.509 0.0302294 0.0258859  0.0300031 0.0226925 4
1388038010.121209607 0.0332282 0.0450666 0.965 0.0720062 -0.0382743 -0.0537989  0.119917 30.2747 4
1388038010.221171819 0.0278587 0.0383602 0.979 0.119003 -0.0537152 -0.0670892  0.140053 0.00820564 4
1388038010.321179359 0.0215439 0.0304779 0.972 0.130005 -0.063143 -0.0788177  -0.0699947 0.00191999 4
1388038010.421166465 0.0139364 0.0215917 0.968 0.111008 -0.0760846 -0.0888726  -0.0400052 -0.00331606 4
1388038010.521203046 0.00507775 0.0117462 0.967 0.048996 -0.0885544 -0.0984196  0 -0.0108191 4
1388038010.621187214 -0.000910756 0.00258498 0.969 0.0149994 -0.0598945 -0.0916266  0.0200032 -0.00593446 4
1388038010.721163173 -0.00599494 -0.00626395 0.967 -0.0509949 -0.0508541 -0.0885106  -0.0200048 -0.0115209 4
1388038010.821218501 -0.0103347 -0.0152515 0.967 -0.171997 -0.0433737 -0.0898259  0 -0.0211072 4
1388038010.921204959 -0.0151063 -0.0240757 0.97 -0.418991 -0.0477222 -0.0882537  0.0300041 -0.0431144 4
1388038011.021196379 -0.0200263 -0.0320015 0.97 -0.613998 -0.0492045 -0.0792652  0 -0.0340381 4
1388038011.121197415 -0.0251842 -0.0390666 0.974 -0.806 -0.0515781 -0.0706502  0.0399996 -0.0335102 4
1388038011.221196299 -0.0319473 -0.044544 0.975 -0.966003 -0.0676319 -0.0547745  0.0100001 -0.0279262 4
1388038011.321217237 -0.0373375 -0.048548 0.973 -1.15599 -0.0538911 -0.0400313  -0.0199958 -0.0331521 4
1388038011.421180761 -0.0432593 -0.0508339 0.975 -1.31599 -0.0592396 -0.0228674  0.0200073 -0.0279361 4
1388038011.621567731 -0.0578038 -0.0437479 0.976 -1.47699 -0.0725818 0.0353613  0 -0.0140224 3
1388038011.721973944 -0.0631818 -0.0385342 0.982 -1.545 -0.0535624 0.0519262  0.0597573 -0.0118217 3
1388038011.822326663 -0.067264 -0.0316327 0.979 -1.556 -0.0406788 0.0687722  -0.0298946 -0.00191339 3
1388038011.922660841 -0.0712768 -0.0238387 0.956 -1.368 -0.0399945 0.0776809  -0.229234 0.0327035 3
1388038012.023000030 -0.0728833 -0.012074 0.968 -0.998993 -0.0160106 0.117249  0.119594 0.0641855 3
1388038012.123351315 -0.0672807 0.0014354 0.972 -0.692993 0.0558297 0.134621  0.03986 0.0532201 3
1388038012.223691986 -0.0542395 0.0161083 0.976 -0.649002 0.129969 0.146231  0.0398642 0.00765183 3
1388038012.324055307 -0.0327057 0.0307691 0.977 -0.873001 0.214559 0.146077  0 -0.0389537 3
1388038012.424399761 0.00683053 0.0459794 0.983 -1.48399 0.394005 0.15158  0.059794 -0.106272 3
1388038012.524738877 0.0587098 0.0597681 0.979 -2.33099 0.517039 0.137421  -0.0398648 -0.14733 3
1388038012.625076279 0.124898 0.0717481 0.992 -3.604 0.659655 0.119397  0.129563 -0.221435 3
1388038012.725409323 0.1991 0.0789412 1.002 -5.3 0.739561 0.0716921  0.0996681 -0.295025 3
1388038012.825768093 0.275873 0.0803591 1.01 -7.54199 0.764979 0.0141284  0.079714 -0.389902 3
1388038012.926087720 0.347762 0.074937 1.016 -10.15 0.716607 -0.0540479  0.0598088 -0.453732 3
1388038013.026416662 0.41414 0.0638844 1.015 -12.856 0.661604 -0.110165  0 -0.470739 3
1388038013.126728992 0.467162 0.0469892 1.011 -16.075 0.528565 -0.168426  -0.0398755 -0.560071 3
1388038013.227044047 0.51364 0.0235937 1.005 -18.98 0.463322 -0.23322  -0.0598116 -0.505426 3
1388038013.327364211 0.550652 -0.00415842 0.994 -21.925 0.368941 -0.276635  -0.109649 -0.51236 3
1388038013.427811085 0.581458 -0.0366902 0.991 -24.444 0.306686 -0.32387  -0.0298665 -0.437692 3
1388038013.528133118 0.609439 -0.0735368 0.99 -26.29 0.278917 -0.367284  0 -0.321152 3
1388038013.628452630 0.636646 -0.110244 0.979 -27.808 0.271203 -0.365904  -0.10965 -0.264098 3
1388038013.728764822 0.664861 -0.145068 0.968 -29.192 0.281264 -0.347152  -0.109658 -0.240802 3
1388038013.829084334 0.694823 -0.178352 0.961 -30.337 0.298672 -0.331779  -0.0697771 -0.199202 3
1388038013.929411970 0.727409 -0.207423 0.962 -31.306 0.324798 -0.289766  0 -0.168572 3
1388038014.029736750 0.762617 -0.23306 0.966 -32.085 0.350936 -0.255543  0.0398705 -0.13552 3
1388038014.130054201 0.800346 -0.255991 0.971 -32.811 0.376097 -0.228582  0.0498418 -0.126312 3
1388038014.230368090 0.83937 -0.278194 0.977 -33.281 0.389015 -0.221336  0.0598123 -0.0817714 3
1388038014.330710752 0.880328 -0.30003 0.984 -34.139 0.408188 -0.217609  0.069761 -0.149238 3
1388038014.431024191 0.920121 -0.323502 0.99 -34.718 0.396679 -0.23399  0.0598125 -0.100741 3
1388038014.531348208 0.957918 -0.346997 0.992 -35.442 0.376752 -0.234195  0.0199354 -0.125954 3
1388038014.631671439 0.993668 -0.372281 1 -35.985 0.356347 -0.252025  0.0797422 -0.0944659 3
1388038014.731975647 1.02623 -0.398717 1.01 -36.431 0.32464 -0.263552  0.0996967 -0.0776055 3
1388038014.832311523 1.05634 -0.42623 1.013 -36.75 0.300123 -0.274212  0.0298996 -0.0554897 3
1388038014.932648175 1.08708 -0.457276 1.023 -36.936 0.306375 -0.309419  0.0996645 -0.032355 3
1388038015.032971845 1.11846 -0.480846 1.025 -36.987 0.312721 -0.234937  0.0199355 -0.00887157 3
1388038015.133308361 1.15231 -0.504281 1.023 -36.936 0.337344 -0.233567  -0.0199329 0.00887043 3
1388038015.233650413 1.18564 -0.527626 1.022 -36.9 0.332248 -0.232653  0 0.00626364 3
1388038015.333992399 1.22574 -0.552728 1.028 -36.856 0.399585 -0.250164  0.0597955 0.00765173 3
1388038015.434345226 1.26166 -0.586022 1.03 -36.687 0.357947 -0.331767  0.0199297 0.0293935 3
1388038015.534700825 1.30477 -0.61511 1.031 -36.604 0.429584 -0.289855  0 0.0144336 3
1388038015.635030672 1.34658 -0.649628 1.032 -36.542 0.416666 -0.344041  0 0.0107875 3
1388038015.735371121 1.39588 -0.687093 1.022 -36.549 0.491348 -0.373381  -0.0996607 -0.00121824 3
1388038015.835712555 1.44358 -0.720432 1.031 -36.484 0.475353 -0.332249  0.0896938 0.0113065 3
1388038015.936048262 1.4809 -0.75653 1.035 -36.286 0.371989 -0.359774  0.0398662 0.0344416 3
1388038016.036383149 1.52458 -0.8133 1.037 -36.046 0.435368 -0.565813  0.0199332 0.041749 3
1388038016.136719119 1.56937 -0.860183 1.037 -35.711 0.446358 -0.467251  0 0.0582713 3
1388038016.237054798 1.61246 -0.90405 1.02 -35.267 0.429527 -0.437203  -0.169431 0.0772334 3
1388038016.337378849 1.65705 -0.947033 1.023 -34.792 0.444389 -0.428447  0.0299031 0.0826364 3
1388038016.437704253 1.70125 -0.985796 1.03 -34.255 0.440623 -0.386368  0.069773 0.093418 3
1388038016.538048201 1.74087 -1.02068 1.039 -33.743 0.394768 -0.347611  0.0896915 0.0890561 3
1388038016.638406601 1.78115 -1.05543 1.048 -33.263 0.401415 -0.346254  0.0896786 0.0834759 3
1388038016.738737945 1.82442 -1.09668 1.06 -32.773 0.431298 -0.4112  0.119604 0.0852397 3
1388038016.839066371 1.86462 -1.13356 1.071 -32.237 0.400687 -0.367552  0.10964 0.0932426 3
1388038016.939405048 1.9039 -1.16812 1.076 -31.671 0.391449 -0.34448  0.0498312 0.0984539 3
1388038017.039743341 1.95102 -1.20723 1.08 -31.086 0.469566 -0.389738  0.0398651 0.101756 3
1388038017.140069508 1.9985 -1.24188 1.081 -30.477 0.47326 -0.345433  0 0.105947 3
1388038017.240384984 2.04592 -1.27069 1.08 -29.933 0.472762 -0.287179  0 0.0946458 3
1388038017.340676448 2.09137 -1.2938 1.075 -29.396 0.453187 -0.230399  -0.0498547 0.0934522 3
1388038017.440996208 2.14011 -1.30778 1.077 -28.933 0.485857 -0.139334  0.0199363 0.0805507 3
1388038017.541309059 2.19281 -1.31444 1.07 -28.563 0.52531 -0.0664166  -0.0697817 0.0643749 3
1388038017.641615971 2.25195 -1.32643 1.068 -28.408 0.589611 -0.119493  -0.0199388 0.0269696 3
1388038017.741925727 2.31992 -1.33691 1.059 -28.457 0.677573 -0.104557  -0.0897221 -0.008525 3
1388038017.842239194 2.38376 -1.34792 1.054 -28.689 0.636453 -0.109722  -0.0498438 -0.0403642 3
1388038017.942545255 2.46071 -1.36302 1.053 -29.152 0.767122 -0.150562  0 -0.0805617 3
1388038018.042867070 2.54551 -1.38209 1.052 -29.612 0.845226 -0.190063  0 -0.0800288 3
1388038018.143183991 2.61715 -1.4001 1.046 -30.433 0.714166 -0.179551  -0.0598104 -0.142839 3
1388038018.243494627 2.66553 -1.41828 1.039 -31.302 0.482362 -0.181245  -0.0697832 -0.1512 3
1388038018.343809750 2.70297 -1.44738 1.035 -31.992 0.373204 -0.290083  -0.0398743 -0.12005 3
1388038018.444135206 2.71111 -1.46673 1.025 -32.709 0.0811421 -0.192801  -0.0996756 -0.124733 3
1388038018.544455708 2.71669 -1.48404 1.003 -33.175 0.0555704 -0.172606  -0.219297 -0.0810731 3
1388038018.644771180 2.7349 -1.48227 1 -33.455 0.181563 0.0176373  -0.0299057 -0.0487153 3
1388038018.745087455 2.76234 -1.47843 0.996 -33.715 0.273483 0.0383352  -0.0398739 -0.0452345 3
1388038018.845402550 2.78603 -1.48213 0.997 -33.907 0.236236 -0.0368856  0 -0.0334053 3
1388038018.945720388 2.82573 -1.50263 1.003 -33.996 0.39568 -0.204379  0.0598099 -0.015485 3
1388038019.046048682 2.87229 -1.53315 1.009 -34.008 0.464137 -0.304154  0.0598037 -0.0020864 3
1388038019.146365133 2.94974 -1.56946 1.018 -33.99 0.77198 -0.361978  0.0897161 0.00313262 3
1388038019.246682943 2.99579 -1.57143 1.025 -33.939 0.459109 -0.0196372  0.0697782 0.00887209 3
1388038019.346992557 3.02694 -1.55518 1.029 -33.867 0.310513 0.16194  0.0398765 0.012526 3
1388038019.447311532 3.04887 -1.53375 1.033 -33.943 0.218626 0.213662  0.0398728 -0.0132204 3
1388038019.547630139 3.06948 -1.51444 1.038 -34.064 0.205416 0.192474  0.0498412 -0.0210518 3
1388038019.647933869 3.09254 -1.50152 1.045 -34.237 0.229937 0.128812  0.069788 -0.0301035 3
1388038019.748240635 3.12048 -1.49826 1.022 -34.512 0.278539 0.0325191  -0.229297 -0.0478487 3
1388038019.848551300 3.15691 -1.50959 1.042 -34.888 0.363109 -0.112975  0.199381 -0.0654224 3
1388038019.948863061 3.20016 -1.53319 1.048 -35.466 0.431205 -0.235259  0.0598135 -0.100567 3
1388038020.049189959 3.24784 -1.56597 1.045 -36.113 0.475233 -0.32671  -0.0299023 -0.112553 3
1388038020.149560020 3.29825 -1.60581 1.049 -36.825 0.502267 -0.396972  0.0398525 -0.12381 3
1388038020.249890490 3.34832 -1.64842 1.053 -37.479 0.499 -0.424707  0.0398682 -0.11377 3
1388038020.350220506 3.40275 -1.69685 1.05 -38.011 0.542509 -0.482699  -0.0299013 -0.0925457 3
1388038020.450546159 3.51371 -1.80227 1.043 -38.366 1.10606 -1.05075  -0.0697728 -0.0617573 3
1388038020.550872707 3.62675 -1.9121 1.031 -38.455 1.1267 -1.09475  -0.119609 -0.0154837 3
1388038020.651223938 3.7417 -2.01903 1.031 -38.332 1.14548 -1.06558  0 0.0213926 3
1388038020.751551651 3.84858 -2.11516 1.035 -38.062 1.06526 -0.958113  0.0398693 0.0469707 3
1388038020.851889321 3.93297 -2.19064 1.042 -37.558 0.841062 -0.752274  0.0697644 0.0876682 3
1388038020.952221965 3.98341 -2.24382 1.039 -37.074 0.502767 -0.530063  -0.0299005 0.0841954 3
1388038021.052553081 4.00316 -2.27885 1.035 -36.616 0.196867 -0.349139  -0.039868 0.079671 3
1388038021.152885887 3.99948 -2.29831 1.026 -36.258 -0.0367349 -0.193876  -0.0897015 0.0622758 3
1388038021.253219185 3.99556 -2.30999 1.014 -35.963 -0.0390763 -0.116471  -0.119601 0.0513159 3
1388038021.353548871 3.99658 -2.32118 0.992 -35.655 0.010236 -0.111524  -0.219277 0.0535793 3
1388038021.453883324 4.0019 -2.33223 0.982 -35.312 0.052959 -0.110154  -0.0996667 0.0596656 3
1388038021.554249147 4.0124 -2.34945 0.98 -34.978 0.104646 -0.171514  -0.0199271 0.0580815 3
1388038021.654591270 4.02469 -2.36691 0.988 -34.502 0.122455 -0.174056  0.0797272 0.0827941 3
1388038021.754916086 4.04525 -2.38669 1.006 -34.158 0.204933 -0.197097  0.179417 0.0598439 3
1388038021.855241233 4.07671 -2.41429 1.028 -33.775 0.313602 -0.275139  0.219287 0.0666314 3
1388038021.955559109 4.11463 -2.44779 1.044 -33.356 0.377954 -0.333909  0.159493 0.072896 3
1388038022.055887618 4.16938 -2.49075 1.054 -32.855 0.545709 -0.428247  0.0996726 0.0871559 3
1388038022.156218803 4.23249 -2.53818 1.066 -32.327 0.629029 -0.47272  0.119604 0.0918492 3
1388038022.256554984 4.28809 -2.58207 1.073 -31.775 0.554214 -0.437403  0.0697655 0.0960197 3
1388038022.356888555 4.35005 -2.62964 1.082 -31.03 0.617465 -0.474126  0.0897008 0.129594 3
1388038022.457219501 4.40796 -2.67209 1.081 -30.38 0.577182 -0.423155  0 0.113071 3
1388038022.557532809 4.46081 -2.7085 1.08 -29.693 0.526849 -0.362941  0 0.119532 3
1388038022.657863694 4.51544 -2.74026 1.076 -29.072 0.544579 -0.316591  -0.0398681 0.108028 3
1388038022.758214250 4.5532 -2.76293 1.069 -28.525 0.376263 -0.225844  -0.0697555 0.0951355 3
1388038022.858556588 4.58757 -2.78071 1.06 -28.096 0.342474 -0.177237  -0.0896929 0.0746193 3
1388038022.958951139 4.61781 -2.79524 1.051 -27.636 0.301219 -0.144675  -0.0896463 0.0799681 3
1388038023.059319036 4.63717 -2.80496 1.042 -27.372 0.192882 -0.0968483  -0.0896701 0.0459091 3
1388038023.159636266 4.66512 -2.81805 1.035 -27.133 0.278599 -0.130554  -0.0697786 0.0415812 3
1388038023.259950827 4.7071 -2.83558 1.028 -26.875 0.418552 -0.174737  -0.0697805 0.0448875 3
1388038023.360262747 4.74955 -2.85405 1.026 -26.678 0.423159 -0.184074  -0.0199378 0.0342772 3
1388038023.460568972 4.79503 -2.87346 1.022 -26.476 0.453444 -0.193525  -0.0398779 0.0351473 3
1388038023.560878005 4.86235 -2.89879 1.023 -26.287 0.671084 -0.252514  0 0.0328843 3
1388038023.661177563 4.9327 -2.92451 1.024 -26.152 0.701446 -0.256479  0 0.0234933 3
1388038023.761480553 4.99819 -2.94634 1.024 -25.999 0.652888 -0.217644  0 0.0266229 3
1388038023.861800461 5.06761 -2.96704 1.03 -26.006 0.692015 -0.206328  0.0598087 -0.00121849 3
1388038023.962268682 5.12938 -2.98419 1.039 -25.876 0.614806 -0.170684  0.0895806 0.0225844 3
1388038024.062594768 5.18483 -2.99773 1.033 -25.755 0.552645 -0.134943  -0.059805 0.0210476 3
1388038024.162919242 5.23126 -3.00637 1.033 -26.094 0.462857 -0.0861384  0 -0.0589734 3
1388038024.263254087 5.27653 -3.01222 1.032 -26.949 0.451152 -0.0582648  0 -0.148727 3
1388038024.363590378 5.31963 -3.02263 1.036 -28.281 0.429555 -0.103779  0.0398659 -0.231699 3
1388038024.463891026 5.36434 -3.02961 1.032 -30.028 0.4458 -0.0695824  -0.0398801 -0.303997 3
1388038024.564204328 5.4097 -3.04112 1.028 -32.059 0.452204 -0.114721  -0.0398751 -0.353368 3
1388038024.664499809 5.45369 -3.05797 1.031 -34.396 0.438516 -0.168025  0.0299116 -0.406683 3
1388038024.764833315 5.49905 -3.07357 1.035 -36.973 0.452123 -0.155455  0.039867 -0.448276 3
1388038024.865146206 5.54238 -3.09618 1.036 -39.795 0.43198 -0.225467  0 -0.490997 3
1388038024.965459272 5.57952 -3.12827 1.03 -42.779 0.370193 -0.319852  -0.0598127 -0.51918 3
1388038025.065773566 5.6114 -3.16494 1.028 -46.011 0.317827 -0.365597  -0.0199373 -0.562325 3
1388038025.166095735 5.63859 -3.20378 1.023 -49.139 0.271031 -0.387098  -0.0498394 -0.544184 3
1388038025.266439634 5.65907 -3.24583 1.017 -52.162 0.204078 -0.419084  -0.0597944 -0.525807 3
1388038025.366763064 5.67344 -3.29057 1.013 -55.017 0.143218 -0.445974  -0.039871 -0.496684 3
1388038025.467075633 5.68278 -3.33684 1.008 -57.784 0.0931184 -0.461264  -0.0498442 -0.481428 3
1388038025.567392231 5.68734 -3.38331 1.003 -60.355 0.0454964 -0.463181  -0.0498422 -0.447308 3
1388038025.667705586 5.68747 -3.43078 1 -62.793 0 -0.473201  -0.0299063 -0.424183 3
1388038025.768000019 5.68453 -3.48198 0.989 -65.105 -0.0293587 -0.510503  -0.109677 -0.402335 3
1388038025.868306177 5.67889 -3.52958 0.974 -67.128 -0.0562144 -0.474556  -0.149542 -0.352003 3
1388038025.968611059 5.67051 -3.57743 0.967 -69.097 -0.0834896 -0.477036  -0.0697872 -0.342611 3
1388038026.068922388 5.65955 -3.62623 0.962 -70.861 -0.109354 -0.486541  -0.0498448 -0.306921 3
1388038026.169242687 5.64564 -3.66473 0.958 -72.39 -0.138592 -0.383733  -0.0398723 -0.266009 3
1388038026.269560249 5.62589 -3.71285 0.958 -73.796 -0.196843 -0.479723  0 -0.244616 3
1388038026.369875803 5.6067 -3.76231 0.959 -74.846 -0.191393 -0.493009  0 -0.182684 3
1388038026.470220806 5.58355 -3.82472 0.962 -75.96 -0.230647 -0.621918  0.0298969 -0.193761 3
1388038026.570526890 5.56068 -3.89903 0.97 -76.921 -0.227963 -0.740841  0.0797559 -0.167214 3
1388038026.670834902 5.54158 -3.96977 0.979 -77.909 -0.190488 -0.705229  0.0897236 -0.171909 3
1388038026.771148664 5.52998 -4.03539 0.979 -79.138 -0.115586 -0.654189  0 -0.213831 3
1388038026.871465021 5.52214 -4.10346 0.977 -80.558 -0.078149 -0.678577  -0.0199369 -0.247055 3
1388038026.971775610 5.51698 -4.17162 0.978 -82.585 -0.0514842 -0.679432  0 -0.352683 3
1388038027.072106340 5.51271 -4.22517 0.985 -84.966 -0.0425103 -0.533725  0.0697693 -0.414192 3
1388038027.172426726 5.50794 -4.28243 0.984 -87.784 -0.0475412 -0.570755  0 -0.490263 3
1388038027.272772911 5.49874 -4.34233 0.982 -90.858 -0.0917022 -0.596993  -0.019931 -0.534663 3
1388038027.373131755 5.48508 -4.38793 0.983 -94.332 -0.136089 -0.454342  0 -0.604161 3
1388038027.473482241 5.46632 -4.42666 0.99 -97.64 -0.187035 -0.385996  0.0697555 -0.575338 3
1388038027.573829703 5.44165 -4.46576 0.989 -101.123 -0.245767 -0.389598  0 -0.605794 3
1388038027.674187910 5.41194 -4.50145 0.993 -104.693 -0.296021 -0.355634  0.0398572 -0.620859 3
1388038027.774519590 5.37671 -4.53352 0.988 -107.998 -0.351174 -0.319667  -0.0498347 -0.574924 3
1388038027.874840987 5.33923 -4.56561 0.99 -110.958 -0.373606 -0.3198  0.0199359 -0.514962 3
1388038027.975169318 5.29424 -4.59255 0.994 -114.036 -0.44846 -0.268558  0.0398691 -0.535453 3
1388038028.075477921 5.24549 -4.618 1.009 -116.862 -0.485981 -0.253691  0.149539 -0.491713 3
1388038028.175786646 5.1956 -4.64571 1.01 -119.609 -0.497374 -0.276299  0 -0.477965 3
1388038028.276100490 5.14357 -4.67566 1.006 -122.336 -0.518653 -0.298578  -0.0398749 -0.474463 3
1388038028.376423981 5.09008 -4.70959 1.01 -125.101 -0.533135 -0.338131  0.039871 -0.481027 3
1388038028.476757568 5.03649 -4.73773 1.012 -128.031 -0.534194 -0.280456  0.0199335 -0.509681 3
1388038028.577347553 4.98654 -4.76289 1.01 -131.517 -0.496584 -0.250154  -0.0198827 -0.604853 3
1388038028.677686639 4.93714 -4.7853 1.01 -135.795 -0.492314 -0.223379  0 -0.744129 3
1388038028.778037148 4.89377 -4.79612 1.016 -140.473 -0.432184 -0.107797  0.0597904 -0.813613 3
1388038028.878399262 4.85527 -4.79342 1.015 -145.318 -0.38358 0.0268698  0 -0.842561 3
1388038028.978761748 4.82509 -4.77776 1.017 -149.384 -0.300751 0.156051  0.0199278 -0.707088 3
1388038029.079128407 4.80909 -4.74624 1.023 -154.693 -0.159404 0.3141  0.0597808 -0.92321 3
1388038029.179478502 4.79733 -4.69636 1.015 -159.189 -0.117198 0.496971  -0.0797209 -0.781962 3
1388038029.279851610 4.78941 -4.63652 1.008 -163.634 -0.0788481 0.596257  -0.0697398 -0.772915 3
1388038029.380202123 4.78104 -4.57268 0.999 -168.056 -0.0834377 0.636137  -0.0896856 -0.769089 3
1388038029.480552207 4.77569 -4.51242 1.005 -172.691 -0.0532984 0.600479  0.0597907 -0.806138 3
1388038029.580899906 4.76847 -4.44017 0.985 -177.208 -0.0719297 0.720014  -0.199307 -0.785634 3
1388038029.681237861 4.76882 -4.36239 0.968 178.314 0 0.775136  -0.169427 61.8413 3
1388038029.781580520 4.77298 -4.28332 0.961 173.752 0.0414173 0.788069  -0.069761 -0.7935 3
1388038029.881920202 4.77776 -4.20486 0.956 171.457 0.0477132 0.78189  -0.0498307 -0.399197 3
1388038029.982289823 4.78326 -4.12555 0.953 169.89 0.0547852 0.790168  -0.0298895 -0.272486 3
1388038030.082664986 4.78915 -4.04635 0.952 169.184 0.0586225 0.789078  0 -0.12276 3
1388038030.183064281 4.79767 -3.9685 0.938 165.515 0.0848734 0.77541  -0.139443 -0.637815 3
1388038030.283424729 4.80676 -3.89109 0.939 165.059 0.0906053 0.771331  0 -0.0793011 3
1388038030.383764206 4.82173 -3.81913 0.934 153.975 0.149139 0.717159  -0.0498308 -1.92798 3
1388038030.484097365 4.8258 -3.74224 0.93 144.209 0.0406062 0.766344  -0.0398672 -1.69883 3
1388038030.584441264 4.82896 -3.67881 0.929 138.78 0.0315335 0.632106  0 -0.944292 3
1388038030.684797381 4.83861 -3.61501 0.925 132.554 0.0961225 0.635741  -0.0398581 -1.08279 3
1388038030.785257441 4.85674 -3.55096 0.921 127.284 0.180454 0.637541  -0.0398168 -0.915576 3
1388038030.885624128 4.88699 -3.48683 0.922 122.325 0.30142 0.638969  0 -0.862347 3
1388038030.985976593 4.91719 -3.42732 0.925 117.555 0.300917 0.59304  0.0298946 -0.829598 3
1388038031.086359692 4.95619 -3.36925 0.926 113.48 0.388502 0.578519  0 -0.708508 3
1388038031.186731480 4.99669 -3.31142 0.921 109.218 0.40354 0.576085  -0.0498148 -0.741104 3
1388038031.287112337 5.03954 -3.25505 0.919 105.476 0.426834 0.561554  -0.0199241 -0.650624 3
1388038031.387513563 5.08182 -3.19871 0.919 101.974 0.421172 0.561157  0 -0.608773 3
1388038031.487910369 5.12432 -3.14431 0.919 99.539 0.423245 0.541913  0 -0.423308 3
1388038031.588276233 5.16577 -3.08746 0.919 98.89 0.413068 0.566432  0 -0.112859 3
1388038031.688637788 5.20675 -3.02968 0.919 98.564 0.408266 0.575715  0 -0.0566921 3
1388038031.789003157 5.24617 -2.97285 0.918 97.168 0.392808 0.566204  0 -0.242762 3
1388038031.989689688 5.31403 -2.85225 0.913 88.128 0.338101 0.60093  -0.0249145 -0.78619 3
1388038032.090037010 5.3437 -2.78998 0.908 85.055 0.295676 0.620538  -0.0498269 -0.534484 3
1388038032.290710429 5.39814 -2.68367 0.9 80.538 0.271322 0.529788  -0.0398658 -0.39286 3
1388038032.391076745 5.42337 -2.6494 0.881 72.542 0.251359 0.341445  -0.189307 -1.39047 3
1388038032.491457165 5.44891 -2.62347 0.87 68.804 0.254406 0.258246  -0.109583 -0.649931 3
1388038032.591824152 5.47573 -2.60172 0.865 66.579 0.26723 0.216732  -0.0498172 -0.386916 3
1388038032.692190535 5.50347 -2.58505 0.86 64.619 0.276408 0.166144  -0.0498175 -0.340836 3
1388038032.792578609 5.53359 -2.56457 0.851 63.379 0.300055 0.20401  -0.0896521 -0.215584 3
1388038032.892960053 5.56567 -2.54081 0.846 62.22 0.319525 0.236617  -0.04981 -0.201516 3
1388038032.993336174 5.59975 -2.51258 0.847 60.955 0.339551 0.281284  0 -0.219957 3
1388038033.093713185 5.63525 -2.47119 0.852 59.98 0.353626 0.412379  0.0498122 -0.16953 3
1388038033.194120806 5.66934 -2.44279 0.855 59.065 0.339565 0.282806  0.0298782 -0.159049 3
1388038033.294506615 5.70237 -2.39558 0.857 57.813 0.329055 0.470323  0.0199231 -0.217675 3
1388038033.394865605 5.73261 -2.34055 0.859 56.822 0.301246 0.548348  0.0199285 -0.172343 3
1388038033.495220928 5.76289 -2.28901 0.852 55.817 0.301754 0.513535  -0.0697522 -0.174785 3
1388038033.595614499 5.79018 -2.24382 0.85 54.618 0.27186 0.450101  -0.0199216 -0.208444 3
1388038033.695904577 5.81506 -2.20123 0.85 53.427 0.248013 0.424742  0 -0.207268 3
1388038033.796212806 5.84078 -2.15376 0.847 52.245 0.256422 0.473154  -0.0299078 -0.205664 3
1388038033.896521778 5.85582 -2.11771 0.842 51.167 0.149976 0.359414  -0.049846 -0.187567 3
1388038033.996830009 5.84584 -2.10368 0.835 49.9 -0.0994689 0.13984  -0.0697849 -0.220453 3
1388038034.097137756 5.83452 -2.09186 0.827 48.742 -0.112913 0.117867  -0.0797546 -0.201489 3
1388038034.197439903 5.82433 -2.08104 0.82 47.761 -0.10152 0.107905  -0.0697891 -0.170702 3
1388038034.297744910 5.81497 -2.06775 0.815 46.812 -0.093407 0.132453  -0.049848 -0.165128 3
1388038034.398045730 5.80681 -2.05278 0.817 45.896 -0.0813289 0.149275  0.01994 -0.159393 3
1388038034.498354563 5.8046 -2.03543 0.82 45.049 -0.0220226 0.172989  0.0299076 -0.147376 3
1388038034.598672706 5.79919 -2.01634 0.815 44.17 -0.0538775 0.190279  -0.0498414 -0.152928 3
1388038034.698972729 5.78876 -1.99891 0.807 43.238 -0.104016 0.173779  -0.0797607 -0.162177 3
1388038034.799271661 5.79024 -1.97589 0.804 42.264 0.0147932 0.229554  -0.0299106 -0.169488 3
1388038034.899577416 5.79486 -1.95546 0.799 41.432 0.0460177 0.203621  -0.0498476 -0.144769 3
1388038034.999884999 5.79867 -1.93643 0.789 40.6 0.0380093 0.189773  -0.0996934 -0.144766 3
1388038035.100187992 5.79961 -1.91913 0.779 39.903 0 0.172434  -0.0996979 -0.121283 3
1388038035.200484638 5.81113 -1.90311 0.766 39.231 0.114867 0.159749  -0.129616 -0.116939 3
1388038035.300806129 5.82385 -1.88659 0.756 38.596 0.126755 0.164673  -0.0996795 -0.110472 3
1388038035.401114925 5.84305 -1.86797 0.745 37.938 0.191359 0.18561  -0.109661 -0.11449 3
1388038035.501422521 5.84669 -1.8448 0.738 37.214 0.0362881 0.230937  -0.0697853 -0.125974 3
1388038035.601732989 5.85727 -1.82158 0.727 36.449 0.105514 0.231528  -0.10966 -0.133104 3
1388038035.702021152 5.87422 -1.79877 0.721 35.975 0.169008 0.227476  -0.0598276 -0.0824907 3
1388038035.802377591 5.90582 -1.77804 0.708 34.987 0.314904 0.20651  -0.129538 -0.171827 3
1388038035.902665796 5.9466 -1.75873 0.701 34.277 0.406575 0.192559  -0.0697988 -0.123561 3
1388038036.002971480 5.99543 -1.74075 0.685 33.694 0.486822 0.179265  -0.159512 -0.101444 3
1388038036.103296171 6.05367 -1.72433 0.681 33.199 0.580488 0.163675  -0.0398705 -0.0861133 3
1388038036.203625463 6.11785 -1.70839 0.683 32.864 0.639767 0.158887  0.0199344 -0.0582778 3
1388038036.303946495 6.18454 -1.69174 0.689 32.648 0.664711 0.165972  0.059808 -0.0375764 3
1388038036.404266189 6.22802 -1.67552 0.675 32.554 0.433433 0.161613  -0.139554 -0.0163554 3
1388038036.504581279 6.29372 -1.67626 0.674 32.578 0.654945 0  0 0.00417599 3
1388038036.604923149 6.36113 -1.67686 0.68 32.721 0.671779 0  0.0597956 0.0248741 3
1388038036.705236753 6.54347 -1.68708 0.687 33.063 1.81775 -0.101897  0.0697812 0.0595028 3
1388038036.805666649 6.76222 -1.69924 0.692 33.774 2.17808 -0.121122  0.049786 0.123561 3
1388038036.906410365 6.98865 -1.70341 0.706 35.468 2.24758 -0.0413819  0.138966 0.293476 3
1388038037.006718483 7.18887 -1.69506 0.73 37.945 1.99608 0.0832865  0.239263 0.430991 3
1388038037.107025581 7.35598 -1.68122 0.746 40.431 1.66601 0.137996  0.15951 0.432559 3
1388038037.207350455 7.48878 -1.66483 0.781 42.524 1.32364 0.163362  0.348867 0.364115 3
1388038037.307640412 7.59941 -1.64215 0.797 44.447 1.10312 0.226094  0.159537 0.334657 3
1388038037.407935569 7.68316 -1.61957 0.8 46.164 0.835067 0.225212  0.0299117 0.29879 3
1388038037.508243650 7.74253 -1.59612 0.794 47.542 0.591904 0.233746  -0.0598157 0.239767 3
1388038037.608555470 7.78384 -1.57063 0.779 48.741 0.411814 0.254099  -0.149534 0.208615 3
1388038037.708866247 7.81028 -1.54271 0.764 49.9 0.263508 0.278356  -0.149535 0.201656 3
1388038037.809198229 7.82687 -1.51107 0.748 50.93 0.165427 0.31528  -0.159471 0.179174 3
1388038037.909491553 7.83633 -1.47345 0.735 51.758 0.0942989 0.375156  -0.12962 0.144091 3
1388038038.009802133 7.83784 -1.42967 0.722 52.404 0.0150162 0.436392  -0.129597 0.112399 3
1388038038.110128122 7.83692 -1.38059 0.721 52.834 0 0.489264  0 0.0748054 3
1388038038.210436472 7.83608 -1.32327 0.721 53.188 0 0.571404  0 0.0615954 3
1388038038.310758638 7.83259 -1.25775 0.702 53.249 -0.0348142 0.653161  -0.18939 0.0106118 3
1388038038.411064384 7.82778 -1.18695 0.719 53.081 -0.0479442 0.705788  0.169482 -0.029232 3
1388038038.511360473 7.82151 -1.11836 0.726 52.593 -0.0624619 0.683875  0.0697933 -0.0849204 3
1388038038.611669401 7.81645 -1.05622 0.735 51.894 -0.0504643 0.61948  0.0897228 -0.121622 3
1388038038.711967721 7.81059 -0.99294 0.733 50.648 -0.0584595 0.630934  -0.0199405 -0.216822 3
1388038038.812275724 7.80611 -0.930149 0.726 49.23 -0.044606 0.625983  -0.0697851 -0.246728 3
1388038038.912563480 7.80328 -0.861877 0.72 47.606 -0.0282684 0.680758  -0.0598278 -0.282628 3
1388038039.012871385 7.80269 -0.798826 0.686 45.738 0 0.628573  -0.338956 -0.325027 3
1388038039.113170096 7.8082 -0.742034 0.701 43.614 0.0549314 0.566232  0.149553 -0.369604 3
1388038039.213483488 7.81646 -0.692373 0.714 41.29 0.0822961 0.495055  0.129594 -0.404346 3
1388038039.313787603 7.83026 -0.641553 0.714 38.81 0.137633 0.506657  0 -0.431531 3
1388038039.414099766 7.85627 -0.591689 0.711 36.571 0.259237 0.497096  -0.0299066 -0.389563 3
1388038039.514437700 7.88696 -0.544552 0.707 34.592 0.305931 0.46978  -0.0398653 -0.344238 3
1388038039.614750021 7.91726 -0.502403 0.707 32.837 0.302051 0.420179  0 -0.30535 3
1388038039.715059904 7.95841 -0.47086 0.701 31.398 0.410223 0.314453  -0.0598146 -0.250376 3
1388038039.815369439 8.00487 -0.441868 0.696 30.092 0.463121 0.289021  -0.0498457 -0.227239 3
1388038039.915679275 8.04921 -0.415997 0.687 28.86 0.442027 0.257913  -0.089722 -0.214359 3
1388038040.015987549 8.0869 -0.39519 0.677 27.74 0.375704 0.207426  -0.0996927 -0.194875 3
1388038040.116304419 8.13334 -0.372835 0.666 26.574 0.463004 0.222845  -0.109653 -0.202863 3
1388038040.216613394 8.17767 -0.349069 0.641 25.446 0.441872 0.236933  -0.24923 -0.196268 3
1388038040.316903460 8.22331 -0.32664 0.636 24.409 0.455136 0.223638  -0.0498554 -0.180468 3
1388038040.417213628 8.2704 -0.306426 0.632 23.572 0.469402 0.201521  -0.0398763 -0.145631 3
1388038040.517539726 8.31609 -0.289791 0.629 22.871 0.455461 0.165804  -0.0299025 -0.121951 3
1388038040.617851720 8.36676 -0.273567 0.626 22.271 0.505109 0.161734  -0.0299067 -0.104395 3
1388038040.718200800 8.4163 -0.260971 0.626 21.765 0.493698 0.125522  0 -0.0880059 3
1388038040.818510981 8.46177 -0.250467 0.625 21.566 0.453275 0.104723  0 -0.0346229 3
1388038040.918820713 8.51107 -0.241579 0.633 21.136 0.491432 0.0885988  0.079753 -0.0748188 3
1388038041.019132245 8.5479 -0.238556 0.638 20.966 0.367238 0.0301349  0.0498447 -0.0295781 3
1388038041.119441451 8.59141 -0.236192 0.645 20.979 0.433732 0.0235674  0.0697842 0.00226202 3
1388038041.219749565 8.64025 -0.232691 0.656 21.171 0.486877 0.0349041  0.109662 0.0334076 3
1388038041.320058557 8.66928 -0.232712 0.668 21.449 0.289456 0  0.11963 0.0483707 3
1388038041.420362977 8.70505 -0.231837 0.68 21.717 0.356551 0  0.119636 0.0466311 3
1388038041.520657762 8.74741 -0.22664 0.693 22.041 0.422377 0.0518078  0.129618 0.0563834 3
1388038041.620975940 8.77127 -0.223615 0.704 22.321 0.237792 0.0301631  0.109651 0.048714 3
1388038041.721280530 8.80344 -0.216609 0.717 22.642 0.320757 0.0698435  0.129605 0.0558548 3
1388038041.821589097 8.83511 -0.205299 0.725 22.932 0.31578 0.112753  0.0797539 0.0504603 3
1388038041.921900306 8.86763 -0.190437 0.727 23.223 0.324189 0.148157  0.019938 0.0506316 3
1388038042.022207185 8.90008 -0.168345 0.717 23.592 0.323427 0.220241  -0.0996941 0.0642035 3
1388038042.122504792 8.93482 -0.135609 0.712 23.95 0.346392 0.326397  -0.0498516 0.0622977 3
1388038042.222812548 8.97368 -0.0961713 0.697 24.309 0.387472 0.393163  -0.14954 0.0624666 3
1388038042.323121406 9.01375 -0.0534284 0.696 24.601 0.399415 0.426113  0 0.0508053 3
1388038042.423430126 9.05274 -0.0109056 0.68 24.801 0.388753 0.423919  -0.159508 0.0348013 3
1388038042.523729072 9.09245 0.0305021 0.677 24.889 0.395882 0.412843  -0.0299106 0.0153127 3
1388038042.624035054 9.13364 0.0711316 0.659 24.927 0.410668 0.405056  -0.179451 0.00661104 3
1388038042.724344405 9.17493 0.111641 0.643 24.889 0.411566 0.40384  -0.159507 -0.00661082 3
1388038042.824647690 9.22022 0.139822 0.624 24.797 0.45153 0.280958  -0.189426 -0.0160103 3
1388038042.924948776 9.26654 0.164513 0.61 24.7 0.461832 0.246176  -0.13958 -0.0168789 3
1388038043.025254386 9.31154 0.188918 0.598 24.625 0.448655 0.243304  -0.119634 -0.0130496 3
1388038043.125565294 9.3583 0.212192 0.583 24.621 0.466136 0.232015  -0.149535 -0.000695586 3
1388038043.225855794 9.40553 0.235425 0.576 24.719 0.470889 0.231658  -0.0697972 0.0170559 3
1388038043.326215051 9.4504 0.257569 0.563 24.901 0.447166 0.220645  -0.129535 0.0316498 3
1388038043.426515291 9.49695 0.282628 0.554 25.164 0.464101 0.249847  -0.0897306 0.0457648 3
1388038043.526826892 9.54721 0.311676 0.549 25.402 0.501043 0.289576  -0.0498447 0.0414109 3
1388038043.627134389 9.59857 0.342822 0.546 25.556 0.511964 0.310508  -0.029908 0.0267942 3
1388038043.727450447 9.64454 0.372361 0.541 25.589 0.458237 0.294455  -0.0498425 0.00574227 3
1388038043.928006555 9.73565 0.431514 0.545 25.529 0.454328 0.294944  0.0199445 -0.00522126 3
1388038044.128558669 9.8287 0.493954 0.545 25.522 0.463948 0.311341  0 -0.000609513 3
1388038044.228844964 9.88554 0.53832 0.554 24.33 0.566825 0.44239  0.0897431 -0.20745 3
1388038044.529630432 10.0609 0.682101 0.553 24.091 0.583001 0.478018  0 -0.0138681 3
1388038044.730191958 10.1806 0.774288 0.542 23.633 0.597002 0.459644  -0.054846 -0.0398568 3
1388038044.830465195 10.2411 0.818413 0.534 23.362 0.603106 0.440046  -0.079782 -0.0471689 3
1388038044.930763219 10.2961 0.858851 0.533 23.32 0.5485 0.403187  0 -0.00730724 3
1388038045.031070796 10.3525 0.899978 0.532 23.29 0.562362 0.410002  0 -0.00521972 3
1388038045.131364654 10.408 0.939042 0.532 23.277 0.55318 0.389502  0 -0.00226237 3
1388038045.331905859 10.5189 0.976444 0.526 22.24 0.553035 0.186506  -0.029919 -0.0902513 3
1388038045.432327563 10.5718 0.989502 0.517 21.169 0.526691 0.130028  -0.0896221 -0.18614 3
1388038045.532630517 10.6254 0.999567 0.514 20.416 0.534148 0.100344  -0.0299094 -0.131027 3
1388038045.632928466 10.6713 1.00466 0.506 19.124 0.457817 0.0507412  -0.0797623 -0.224825 3
1388038045.733206226 10.7089 1.00353 0.499 17.747 0.374427 -0.0112325  -0.0698061 -0.239666 3
1388038045.833500623 10.7432 1.00121 0.498 17.534 0.342697 -0.0231075  0 -0.0370686 3
1388038045.933798095 10.7593 0.990601 0.495 15.643 0.160473 -0.105799  -0.029911 -0.329061 3
1388038046.034100058 10.767 0.980973 0.495 13.589 0.0770063 -0.09599  0 -0.357412 3
1388038046.134407268 10.7753 0.973303 0.505 11.079 0.0820553 -0.0764605  0.0996937 -0.436735 3
1388038046.234715406 10.7872 0.968541 0.513 10.74 0.118659 -0.0474748  0.0797542 -0.0589857 3
1388038046.335076717 10.8075 0.967502 0.515 11.075 0.202003 -0.0103544  0.019928 0.0582566 3
1388038046.435391619 10.8267 0.967409 0.517 11.27 0.191821 0  0.0199372 0.0339284 3
1388038046.635958391 10.8603 0.966149 0.519 11.367 0.167765 0  0 0.00844094 3
1388038046.736255850 10.8906 0.970878 0.518 11.741 0.302004 0.0471448  0 0.0650805 3
1388038046.836546327 10.9398 0.981573 0.524 11.997 0.490454 0.106644  0.0598262 0.0445531 3
1388038046.921414907 10.9807 0.997433 0.513 11.691 0.481809 0.186875  -0.129612 -0.0629291 3
1388038047.021432787 11.0334 1.01589 0.505 11.242 0.526296 0.184498  -0.0799857 -0.0783522 8
1388038047.121418030 11.087 1.0414 0.507 10.517 0.536133 0.255166  0.020003 -0.126556 8
1388038047.221429916 11.1311 1.06184 0.508 10.048 0.441119 0.204357  0 -0.0818452 8
1388038047.321425481 11.1642 1.0773 0.512 9.836 0.331674 0.154616  0.0400018 -0.0370036 8
1388038047.421462901 11.1838 1.09387 0.508 9.668 0.195992 0.165622  -0.039985 -0.0293104 8
1388038047.521488655 11.1965 1.10604 0.499 9.61501 0.126339 0.121659  -0.0899768 -0.00924678 4
1388038047.621469831 11.2001 1.11123 0.49 9.47101 0.0359114 0.0519385  -0.0900169 -0.025137 4
1388038047.721462520 11.2005 1.11497 0.47 9.293 0 0.0374305  -0.200015 -0.0310707 9
1388038047.821459506 11.203 1.12088 0.423 9.205 0.0254292 0.0590767  -0.470014 -0.0153589 9
1388038047.921509172 11.2098 1.13029 0.371 8.858 0.0680414 0.094105  -0.519742 -0.0605329 9
1388038048.021426868 11.2235 1.1422 0.302 8.34401 0.137207 0.119178  -0.690568 -0.0897825 9
1388038048.121491237 11.2467 1.16132 0.226 7.81601 0.231771 0.19105  -0.759511 -0.0920941 9
1388038048.221447883 11.2769 1.17784 0.147 7.438 0.301818 0.165328  -0.790343 -0.0660031 9
1388038048.321496461 11.3005 1.19006 0.079 7.151 0.235861 0.122138  -0.67967 -0.0500671 9
1388038048.421455364 11.3025 1.19632 0.032 7.01201 0.0205951 0.0625342  -0.470193 -0.0242687 9
1388038048.521423702 11.3062 1.21045 0.02 7.05101 0.0366713 0.14141  -0.120038 0.0068092 9
1388038048.621432255 11.3062 1.21045 0 7.258 0 0  -0.199983 0.0361227 2
1388038048.721477001 11.3062 1.21045 0 7.31601 0 0  0 0.0101208 2
1388038048.821421656 11.3062 1.21045 0 7.311 0 0  0 -0.000874001 2
1388038048.921423446 11.3062 1.21045 0 7.31601 0 0  0 0.000873501 2
1388038049.021493564 11.3062 1.21045 0 7.326 0 0  0 0.00174315 2
1388038049.121478791 11.3062 1.21045 0 7.325 0 0  0 -0.000175795 2
1388038049.221425633 11.3062 1.21045 0 7.327 0 0  0 0.00034906 2
1388038049.321453334 11.3062 1.21045 0 7.32901 0 0  0 0.00035144 2
1388038049.421430776 11.3062 1.21045 0 7.334 0 0  0 0.00087105 2
1388038049.521434929 11.3062 1.21045 0 7.33501 0 0  0 0.000175761 2
1388038049.621465605 11.3062 1.21045 0 7.338 0 0  0 0.00052182 2
1388038049.721494070 11.3062 1.21045 0 7.339 0 0  0 0.000175719 2
1388038049.821458574 11.3062 1.21045 0 7.341 0 0  0 0.000348998 2
1388038049.921457634 11.3062 1.21045 0 7.343 0 0  0 0.000348877 2
1388038050.021431716 11.3062 1.21045 0 7.34801 0 0  0 0.000873743 2
1388038050.121448758 11.3062 1.21045 0 7.351 0 0  0 0.000521891 2
1388038050.221486315 11.3062 1.21045 0 7.354 0 0  0 0.000524446 2
1388038050.321494459 11.3062 1.21045 0 7.35701 0 0  0 0.0005246 2
1388038050.421430501 11.3062 1.21045 0 7.36101 0 0  0 0.000698195 2
1388038050.521461362 11.3062 1.21045 0 7.364 0 0  0 0.000521819 2
1388038050.621424225 11.3062 1.21045 0 7.367 0 0  0 0.000524838 2
1388038050.721431435 11.3062 1.21045 0 7.373 0 0  0 0.00104655 2
1388038050.821504150 11.3062 1.21045 0 7.37601 0 0  0 0.000524262 2
1388038050.921425178 11.3062 1.21045 0 7.379 0 0  0 0.000522392 2
1388038051.021465848 11.3062 1.21045 0 7.383 0 0  0 0.000697465 2
1388038051.121485228 11.3062 1.21045 0 7.38701 0 0  0 0.000700276 2
1388038051.221530003 11.3062 1.21045 0 7.38901 0 0  0 0.000348718 2
1388038051.321440740 11.3062 1.21045 0 7.39301 0 0  0 0.000698372 2
1388038051.421482618 11.3062 1.21045 0 7.396 0 0  0 0.000521761 2
1388038051.521479039 11.3062 1.21045 0 7.399 0 0  0 0.000524662 2
1388038051.621441199 11.3062 1.21045 0 7.40001 0 0  0 0.000175835 2
1388038051.721495546 11.3062 1.21045 0 7.405 0 0  0 0.000870381 2
1388038051.821433665 11.3062 1.21045 0 7.411 0 0  0 0.00104727 2
1388038051.921485404 11.3062 1.21045 0 7.416 0 0  0 0.000873065 2
1388038052.021477212 11.3062 1.21045 0 7.42101 0 0  0 0.000873588 2
1388038052.121432545 11.3062 1.21045 0 7.42601 0 0  0 0.000873907 2
1388038052.221453496 11.3062 1.21045 0 7.427 0 0  0 0.000173069 2
1388038052.321497570 11.3062 1.21045 0 7.42801 0 0  0 0.000175691 2
1388038052.421483805 11.3062 1.21045 0 7.429 0 0  0 0.000173129 2
1388038052.521471949 11.3062 1.21045 0 7.43401 0 0  0 0.00087362 2
1388038052.621484783 11.3062 1.21045 0 7.433 0 0  0 -0.000175746 2
1388038052.721488325 11.3062 1.21045 0 7.436 0 0  0 0.000524624 2
1388038052.821457852 11.3062 1.21045 0 7.437 0 0  0 0.000173158 2
1388038052.921492642 11.3062 1.21045 0 7.44101 0 0  0 0.000700168 2
1388038053.021462082 11.3062 1.21045 0 7.444 0 0  0 0.000522139 2
1388038053.121483805 11.3062 1.21045 0 7.446 0 0  0 0.000348798 2
1388038053.221451179 11.3062 1.21045 0 7.448 0 0  0 0.000348988 2
1388038053.321488365 11.3062 1.21045 0 7.452 0 0  0 0.000697489 2
1388038053.421463484 11.3062 1.21045 0 7.452 0 0  0 0 2
1388038053.521413703 11.3062 1.21045 0 7.453 0 0  0 0.000175856 2
1388038053.621433019 11.3062 1.21045 0 7.453 0 0  0 0 2
1388038053.721434591 11.3062 1.21045 0 7.45401 0 0  0 0.000175766 2
1388038053.821430499 11.3062 1.21045 0 7.45601 0 0  0 0.000348888 2
1388038053.921463416 11.3062 1.21045 0 7.46001 0 0  0 0.000697519 2
1388038054.021461630 11.3062 1.21045 0 7.463 0 0  0 0.000521989 2
1388038054.121466105 11.3062 1.21045 0 7.466 0 0  0 0.000524619 2
1388038054.221460384 11.3062 1.21045 0 7.46901 0 0  0 0.000524673 2
1388038054.321486788 11.3062 1.21045 0 7.47 0 0  0 0.00017306 2
1388038054.421456937 11.3062 1.21045 0 7.474 0 0  0 0.000697957 2
1388038054.521457662 11.3062 1.21045 0 7.47701 0 0  0 0.000524639 2
1388038054.621458837 11.3062 1.21045 0 7.481 0 0  0 0.00069774 2
1388038054.721423082 11.3062 1.21045 0 7.483 0 0  0 0.000348999 2
1388038054.821449599 11.3062 1.21045 0 7.485 0 0  0 0.000348782 2
1388038054.921431216 11.3062 1.21045 0 7.489 0 0  0 0.000697876 2
1388038055.021431220 11.3062 1.21045 0 7.494 0 0  0 0.000873517 2
1388038055.121437385 11.3062 1.21045 0 7.49701 0 0  0 0.00052461 2
1388038055.221435423 11.3062 1.21045 0 7.50101 0 0  0 0.000697762 2
1388038055.321428516 11.3062 1.21045 0 7.505 0 0  0 0.000697796 2
1388038055.421465568 11.3062 1.21045 0 7.507 0 0  0 0.000348745 2
1388038055.521490769 11.3062 1.21045 0 7.51001 0 0  0 0.000524511 2
1388038055.621458862 11.3062 1.21045 0 7.51401 0 0  0 0.000697971 2
1388038055.721488920 11.3062 1.21045 0 7.519 0 0  0 0.000870592 2
1388038055.821489660 11.3062 1.21045 0 7.521 0 0  0 0.000348872 2
1388038055.921480549 11.3062 1.21045 0 7.524 0 0  0 0.000524691 2
1388038056.021426892 11.3062 1.21045 0 7.526 0 0  0 0.000349061 2
1388038056.121464853 11.3062 1.21045 0 7.528 0 0  0 0.000348742 2
1388038056.221484249 11.3062 1.21045 0 7.53101 0 0  0 0.000524541 2
1388038056.321482857 11.3062 1.21045 0 7.535 0 0  0 0.000697758 2
1388038056.421425799 11.3062 1.21045 0 7.539 0 0  0 0.000698147 2
1388038056.521465085 11.3062 1.21045 0 7.54201 0 0  0 0.000524437 2
1388038056.621433380 11.3062 1.21045 0 7.547 0 0  0 0.00087113 2
1388038056.721463353 11.3062 1.21045 0 7.552 0 0  0 0.000873255 2
1388038056.821482271 11.3062 1.21045 0 7.55701 0 0  0 0.000873352 2
1388038056.921439685 11.3062 1.21045 0 7.56 0 0  0 0.000522202 2
1388038057.021444497 11.3062 1.21045 0 7.565 0 0  0 0.000873475 2
1388038057.121425752 11.3062 1.21045 0 7.569 0 0  0 0.000697879 2
1388038057.221493859 11.3062 1.21045 0 7.571 0 0  0 0.000348637 2
1388038057.321423856 11.3062 1.21045 0 7.573 0 0  0 0.000349118 2
1388038057.421465556 11.3062 1.21045 0 7.576 0 0  0 0.000524424 2
1388038057.521489252 11.3062 1.21045 0 7.578 0 0  0 0.000348791 2
1388038057.621493702 11.3062 1.21045 0 7.58101 0 0  0 0.000524619 2
1388038057.721483595 11.3062 1.21045 0 7.58501 0 0  0 0.000697819 2
1388038057.821464513 11.3062 1.21045 0 7.588 0 0  0 0.000522079 2
1388038057.921444386 11.3062 1.21045 0 7.588 0 0  0 0 2
1388038058.021458490 11.3062 1.21045 0 7.593 0 0  0 0.000873394 2
1388038058.121424998 11.3062 1.21045 0 7.595 0 0  0 0.000348991 2
1388038058.221488371 11.3062 1.21045 0 7.59601 0 0  0 0.000175657 2
1388038058.321477008 11.3062 1.21045 0 7.599 0 0  0 0.000522039 2
1388038058.421456078 11.3062 1.21045 0 7.604 0 0  0 0.0008737 2
1388038058.521483859 11.3062 1.21045 0 7.604 0 0  0 0 2
1388038058.621480266 11.3062 1.21045 0 7.608 0 0  0 0.000697773 2
1388038058.721482585 11.3062 1.21045 0 7.616 0 0  0 0.00139546 2
1388038058.821423739 11.3062 1.21045 0 7.62 0 0  0 0.000698159 2
1388038058.921511623 11.3062 1.21045 0 7.62401 0 0  0 0.000699796 2
1388038059.021491105 11.3062 1.21045 0 7.625 0 0  0 0.000173141 2
1388038059.121490316 11.3062 1.21045 0 7.62601 0 0  0 0.00017577 2
1388038059.221496960 11.3062 1.21045 0 7.629 0 0  0 0.000521945 2
1388038059.321425961 11.3062 1.21045 0 7.631 0 0  0 0.000349122 2
1388038059.421462552 11.3062 1.21045 0 7.634 0 0  0 0.000524451 2
1388038059.521480272 11.3062 1.21045 0 7.63701 0 0  0 0.00052455 2
1388038059.621416202 11.3062 1.21045 0 7.64101 0 0  0 0.000698196 2
1388038059.721460951 11.3062 1.21045 0 7.64301 0 0  0 0.000348718 2
1388038059.821457155 11.3062 1.21045 0 7.64301 0 0  0 0 2
1388038059.921456546 11.3062 1.21045 0 7.647 0 0  0 0.000697752 2
1388038060.021462102 11.3062 1.21045 0 7.65201 0 0  0 0.000873468 2
1388038060.121453220 11.3062 1.21045 0 7.653 0 0  0 0.000173121 2
1388038060.221464528 11.3062 1.21045 0 7.658 0 0  0 0.000873418 2
1388038060.321421510 11.3062 1.21045 0 7.658 0 0  0 0 2
1388038060.421428743 11.3062 1.21045 0 7.66301 0 0  0 0.000873454 2
1388038060.521511288 11.3062 1.21045 0 7.66301 0 0  0 0 2
1388038060.621426257 11.3062 1.21045 0 7.67 0 0  0 0.00122077 2
1388038060.721424335 11.3062 1.21045 0 7.679 0 0  0 0.0015713 2
1388038060.821497695 11.3062 1.21045 0 7.68001 0 0  0 0.00017564 2
1388038060.921471989 11.3062 1.21045 0 7.68201 0 0  0 0.000348964 2
1388038061.021464339 11.3062 1.21045 0 7.683 0 0  0 0.000173119 2
1388038061.121419860 11.3062 1.21045 0 7.685 0 0  0 0.000349029 2
1388038061.221487311 11.3062 1.21045 0 7.689 0 0  0 0.000697278 2
1388038061.321425222 11.3062 1.21045 0 7.694 0 0  0 0.00087406 2
1388038061.421424760 11.3062 1.21045 0 7.696 0 0  0 0.000348876 2
1388038061.521417158 11.3062 1.21045 0 7.698 0 0  0 0.000348901 2
1388038061.621429519 11.3062 1.21045 0 7.70601 0 0  0 0.00139799 2
1388038061.721475783 11.3062 1.21045 0 7.709 0 0  0 0.000521738 2
1388038061.821415087 11.3062 1.21045 0 7.713 0 0  0 0.000698172 2
1388038061.921439610 11.3062 1.21045 0 7.715 0 0  0 0.000348789 2
1388038062.021441620 11.3062 1.21045 0 7.714 0 0  0 -0.000173102 2
1388038062.121472934 11.3062 1.21045 0 7.716 0 0  0 0.000348765 2
1388038062.221443185 11.3062 1.21045 0 7.716 0 0  0 0 2
1388038062.321473609 11.3062 1.21045 0 7.71901 0 0  0 0.000524483 2
1388038062.421425991 11.3062 1.21045 0 7.722 0 0  0 0.000522228 2
1388038062.521492396 11.3062 1.21045 0 7.72701 0 0  0 0.000872937 2
1388038062.621483531 11.3062 1.21045 0 7.73 0 0  0 0.000522026 2
1388038062.721430920 11.3062 1.21045 0 7.731 0 0  0 0.000175861 2
1388038062.821476539 11.3062 1.21045 0 7.735 0 0  0 0.00069743 2
1388038062.921416966 11.3062 1.21045 0 7.73601 0 0  0 0.000175873 2
1388038063.021440502 11.3062 1.21045 0 7.739 0 0  0 0.000521857 2
1388038063.121476149 11.3062 1.21045 0 7.73801 0 0  0 -0.000173044 2
1388038063.221422281 11.3062 1.21045 0 7.75101 0 0  0 0.00227024 2
1388038063.321431343 11.3062 1.21045 0 7.75101 0 0  0 0 2
1388038063.421463497 11.3062 1.21045 0 7.755 0 0  0 0.000697524 2
1388038063.521430391 11.3062 1.21045 0 7.755 0 0  0 0 2
1388038063.621462524 11.3062 1.21045 0 7.755 0 0  0 0 2
1388038063.721452307 11.3062 1.21045 0 7.756 0 0  0 0.000173123 2
1388038063.821452487 11.3062 1.21045 0 7.76001 0 0  0 0.00070041 2
1388038063.921424713 11.3062 1.21045 0 7.763 0 0  0 0.000522125 2
1388038064.021434000 11.3062 1.21045 0 7.76401 0 0  0 0.000175752 2
1388038064.121433005 11.3062 1.21045 0 7.765 0 0  0 0.000173107 2
1388038064.221454722 11.3062 1.21045 0 7.76601 0 0  0 0.00017573 2
1388038064.321459280 11.3062 1.21045 0 7.76801 0 0  0 0.000348858 2
1388038064.421437782 11.3062 1.21045 0 7.771 0 0  0 0.000522092 2
1388038064.521460012 11.3062 1.21045 0 7.77301 0 0  0 0.000351459 2
1388038064.621452288 11.3062 1.21045 0 7.77501 0 0  0 0.000348901 2
1388038064.721438863 11.3062 1.21045 0 7.774 0 0  0 -0.000175792 2
1388038064.821448712 11.3062 1.21045 0 7.77501 0 0  0 0.000175751 2
1388038064.921436940 11.3062 1.21045 0 7.77701 0 0  0 0.000348915 2
1388038065.021435285 11.3062 1.21045 0 7.778 0 0  0 0.000173108 2
1388038065.121443148 11.3062 1.21045 0 7.782 0 0  0 0.000697693 2
1388038065.221501693 11.3062 1.21045 0 7.786 0 0  0 0.00069734 2
1388038065.321447216 11.3062 1.21045 0 7.789 0 0  0 0.000524929 2
1388038065.421463328 11.3062 1.21045 0 7.791 0 0  0 0.000348818 2
1388038065.521441887 11.3062 1.21045 0 7.79401 0 0  0 0.000524755 2
1388038065.621440692 11.3062 1.21045 0 7.798 0 0  0 0.000697757 2
1388038065.721457311 11.3062 1.21045 0 7.80101 0 0  0 0.000524556 2
1388038065.821461389 11.3062 1.21045 0 7.80501 0 0  0 0.00069772 2
1388038065.921438779 11.3062 1.21045 0 7.808 0 0  0 0.000522098 2
1388038066.021444093 11.3062 1.21045 0 7.812 0 0  0 0.000697711 2
1388038066.121441176 11.3062 1.21045 0 7.813 0 0  0 0.000175774 2
1388038066.221464126 11.3062 1.21045 0 7.814 0 0  0 0.000173066 2
1388038066.321464767 11.3062 1.21045 0 7.819 0 0  0 0.000873511 2
1388038066.421427753 11.3062 1.21045 0 7.82401 0 0  0 0.00087384 2
1388038066.521437383 11.3062 1.21045 0 7.82901 0 0  0 0.000873433 2
1388038066.621460739 11.3062 1.21045 0 7.832 0 0  0 0.000521858 2
1388038066.721433503 11.3062 1.21045 0 7.834 0 0  0 0.000348969 2
1388038066.821446934 11.3062 1.21045 0 7.838 0 0  0 0.000697655 2
1388038066.921433145 11.3062 1.21045 0 7.839 0 0  0 0.000175793 2
1388038067.021441858 11.3062 1.21045 0 7.842 0 0  0 0.000521934 2
1388038067.121474648 11.3062 1.21045 0 7.842 0 0  0 0 2
