14.8536 -1.14065 0.84 32.8
14.8915 -1.14297 0.839341 32.9
14.9313 -1.14654 0.839136 33
14.9729 -1.14897 0.83923 33.1
15.0158 -1.1491 0.839519 33.2
15.0597 -1.14642 0.839933 33.3
15.1043 -1.14075 0.840424 33.4
15.1493 -1.13207 0.840961 33.5
15.1942 -1.12045 0.84152 33.6
15.2299 -1.1067 0.840578 33.7
15.2671 -1.09168 0.839992 33.8
15.3062 -1.07704 0.839643 33.9
15.3442 -1.07182 0.839099 34
15.3841 -1.06652 0.839038 34.1
15.4254 -1.06057 0.839287 34.2
15.468 -1.05382 0.839725 34.3
15.5115 -1.04626 0.840268 34.4
15.5558 -1.03796 0.840861 34.5
15.6008 -1.02904 0.841465 34.6
15.6463 -1.01957 0.842055 34.7
15.6924 -1.00965 0.842614 34.8
15.7388 -0.999366 0.84313 34.9
15.7856 -0.988774 0.843599 35
15.8326 -0.977932 0.844016 35.1
15.8799 -0.966887 0.84438 35.2
15.9274 -0.955676 0.84469 35.3
15.975 -0.944332 0.844948 35.4
16.0228 -0.932879 0.845155 35.5
16.0707 -0.921339 0.845312 35.6
16.1187 -0.909731 0.845421 35.7
16.1668 -0.898067 0.845484 35.8
16.215 -0.886361 0.845503 35.9
16.2632 -0.87462 0.845481 36
16.3115 -0.862854 0.84542 36.1
16.3598 -0.851068 0.845321 36.2
16.4082 -0.839267 0.845186 36.3
16.4566 -0.827456 0.845017 36.4
16.505 -0.815638 0.844817 36.5
16.5535 -0.803815 0.844586 36.6
16.602 -0.79199 0.844326 36.7
16.6505 -0.780165 0.844039 36.8
16.699 -0.76834 0.843727 36.9
16.7475 -0.756517 0.84339 37
16.796 -0.744697 0.84303 37.1
16.8446 -0.73288 0.842648 37.2
16.8931 -0.721067 0.842246 37.3
16.9417 -0.709257 0.841824 37.4
16.9902 -0.697452 0.841384 37.5
17.0388 -0.685651 0.840926 37.6
17.0874 -0.673855 0.840452 37.7
17.1359 -0.662063 0.839963 37.8
17.1845 -0.650276 0.839458 37.9
17.2331 -0.638493 0.83894 38
17.2817 -0.626714 0.838409 38.1
17.3303 -0.61494 0.837865 38.2
17.3788 -0.60317 0.83731 38.3
17.4274 -0.591403 0.836743 38.4
17.476 -0.579641 0.836166 38.5
17.5246 -0.567882 0.835579 38.6
17.5732 -0.556127 0.834983 38.7
17.6218 -0.544376 0.834378 38.8
17.6704 -0.532628 0.833764 38.9
17.719 -0.520883 0.833142 39
17.7676 -0.509141 0.832513 39.1
17.8162 -0.497402 0.831877 39.2
17.8648 -0.485666 0.831235 39.3
17.9134 -0.473933 0.830586 39.4
17.962 -0.462202 0.829931 39.5
18.0106 -0.450474 0.82927 39.6
18.0592 -0.438749 0.828604 39.7
18.1078 -0.427025 0.827933 39.8
18.1564 -0.415304 0.827257 39.9
18.205 -0.403585 0.826577 40
18.2537 -0.391867 0.825893 40.1
18.3023 -0.380152 0.825204 40.2
18.3509 -0.368439 0.824512 40.3
18.3995 -0.356727 0.823816 40.4
18.4481 -0.345017 0.823116 40.5
18.4967 -0.333308 0.822414 40.6
18.5453 -0.321601 0.821708 40.7
18.5939 -0.309896 0.821 40.8
18.6425 -0.298192 0.820289 40.9
18.6911 -0.286489 0.819575 41
18.7398 -0.274787 0.818859 41.1
18.7884 -0.263087 0.818141 41.2
18.837 -0.251387 0.81742 41.3
18.8856 -0.239689 0.816698 41.4
18.9342 -0.227992 0.815973 41.5
18.9828 -0.216296 0.815247 41.6
19.0314 -0.204601 0.814519 41.7
19.08 -0.192906 0.813789 41.8
19.1287 -0.181213 0.813058 41.9
19.1773 -0.16952 0.812325 42
19.2259 -0.157828 0.811591 42.1
19.2745 -0.146137 0.810856 42.2
19.3231 -0.134447 0.810119 42.3
19.3717 -0.122757 0.809382 42.4
19.4203 -0.111068 0.808643 42.5
19.469 -0.0993795 0.807903 42.6
19.5176 -0.0876917 0.807162 42.7
19.5662 -0.0760044 0.80642 42.8
19.6148 -0.0643176 0.805678 42.9
19.6634 -0.0526313 0.804934 43
19.7001 -0.0415318 0.803605 43.1
19.7386 -0.0300956 0.802508 43.2
19.7791 -0.0195018 0.80157 43.3
19.8212 -0.0104055 0.800739 43.4
19.8648 -0.0031797 0.79998 43.5
