1385974530.093614315 -2.46078e-24 6.81189e-25 0 -147.023 -6.93911e-25 1.92087e-25  0 -0.723591 6
1385974530.136421304 -2.46269e-24 6.81701e-25 0 -146.605 -4.44787e-26 1.19628e-26  0 0.170427 6
1385974530.200505055 -2.46341e-24 6.81897e-25 0 -146.727 -1.12432e-26 3.0496e-27  0 -0.0332294 6
1385974530.260571925 -2.46358e-24 6.81944e-25 0 -147.076 -2.839e-27 7.88523e-28  0 -0.101407 6
1385974530.329579393 -2.46363e-24 6.81958e-25 0 -147.55 -7.16405e-28 2.05337e-28  0 -0.119883 6
1385974530.394199548 -2.46364e-24 6.81962e-25 0 -147.937 -1.80862e-28 5.31449e-29  0 -0.104523 6
1385974530.457352162 -2.46364e-24 6.81963e-25 0 -148.193 -4.56871e-29 1.36471e-29  0 -0.070749 6
1385974530.522804641 -2.46364e-24 6.81963e-25 0 -148.601 -1.1531e-29 3.53232e-30  0 -0.108797 6
1385974530.588103409 -2.46364e-24 6.81963e-25 0 -148.725 -2.91474e-30 8.99486e-31  0 -0.0331454 6
1385974530.653279369 -2.46364e-24 6.81963e-25 0 -148.553 -7.3794e-31 2.25192e-31  0 0.0460627 6
1385974530.718520619 -2.46364e-24 6.81963e-25 0 -148.365 -1.86869e-31 5.62879e-32  0 0.0502905 6
1385974530.786326874 -2.46364e-24 6.81963e-25 0 -148.082 -4.73517e-32 1.39794e-32  0 0.0728453 6
1385974530.848974061 -2.46364e-24 6.81963e-25 0 -147.726 -1.19962e-32 3.46019e-33  0 0.0991812 6
1385974530.915288711 -2.46364e-24 6.81963e-25 0 -147.405 -3.03742e-33 8.59589e-34  0 0.0844835 6
1385974530.978983078 -2.46364e-24 6.81963e-25 0 -147.072 -7.69346e-34 2.13376e-34  0 0.0912454 6
1385974531.044484499 -2.46364e-24 6.81963e-25 0 -146.773 -1.94869e-34 5.30341e-35  0 0.0796735 6
1385974531.109882873 -2.46364e-24 6.81963e-25 0 -146.613 -4.93222e-35 1.32796e-35  0 0.0426972 6
1385974531.179334669 -2.46364e-24 6.81963e-25 0 -146.461 -1.24844e-35 3.32761e-36  0 0.0381997 6
1385974531.240075434 -0.00266232 0.000447313 0.247 171.994 -0.0438309 0.00736429  4.06646 91.5051 6
1385974531.305428353 -0.00582816 0.000552388 0.256 172.031 -0.0484421 0.00160782  0.137714 0.00988198 6
1385974531.370243556 -0.00731585 -0.0014846 0.276 172.258 -0.0229528 -0.0314276  0.30857 0.0611233 6
1385974531.436394843 -0.00771023 -0.00529863 0.305 172.475 -0.00596184 -0.0576563  0.438389 0.0572558 6
1385974531.501112478 -0.00734792 -0.0107327 0.355 172.559 0.00559833 -0.0839657  0.772587 0.0226533 6
1385974531.568073780 -0.0075117 -0.015211 0.409 172.471 -0.00244587 -0.066879  0.806436 -0.0229403 6
1385974531.631693960 -0.00785422 -0.0185215 0.471 172.313 -0.00538385 -0.0520347  0.974534 -0.0433422 6
1385974531.696651167 -0.00875621 -0.0226905 0.54 172.121 -0.0138859 -0.0641812  1.06224 -0.0515887 6
1385974531.765045937 -0.00922661 -0.0272139 0.595 171.944 -0.00687766 -0.0661364  0.804155 -0.0451682 6
1385974531.833060558 -0.0102481 -0.0327661 0.642 171.829 -0.015018 -0.0816327  0.691028 -0.0295117 6
1385974531.892284106 -0.0110053 -0.0412311 0.676 171.677 -0.012786 -0.142934  0.574096 -0.0447926 6
1385974531.957189293 -0.012313 -0.0530891 0.693 171.557 -0.0201477 -0.182696  0.261921 -0.0322672 6
1385974532.023883470 -0.0134014 -0.0656137 0.705 171.459 -0.0163195 -0.187792  0.179926 -0.0256476 6
1385974532.087906697 -0.0141284 -0.0756865 0.71 171.435 -0.0113553 -0.157329  0.0780967 -0.00654318 6
1385974532.155346688 -0.0144963 -0.086689 0.706 171.427 -0.00545528 -0.163145  -0.059312 -0.00206924 6
1385974532.218264713 -0.0148105 -0.0944794 0.704 171.408 -0.00499348 -0.123818  -0.0317874 -0.00526977 6
1385974532.284499428 -0.0151794 -0.100715 0.696 171.42 -0.00556939 -0.0941416  -0.120783 0.00316034 6
1385974532.352055941 -0.0173175 -0.105463 0.686 171.409 -0.0316493 -0.0702814  -0.148024 -0.00284227 6
1385974532.412999810 -0.0192525 -0.109409 0.681 171.447 -0.0317511 -0.0647462  -0.0820427 0.0108853 6
1385974532.479725224 -0.0218112 -0.11316 0.672 171.523 -0.0383464 -0.0562137  -0.134881 0.0198763 6
1385974532.544456653 -0.0250473 -0.117479 0.67 171.571 -0.0499927 -0.0667325  -0.0308969 0.0129432 6
1385974532.609353512 -0.027752 -0.121297 0.665 171.563 -0.0416776 -0.0588337  -0.0770453 -0.00215033 6
1385974532.674766113 -0.0311876 -0.125148 0.665 171.589 -0.0525217 -0.0588673  0 0.00693754 6
1385974532.741769979 -0.0346082 -0.129124 0.668 171.653 -0.0510505 -0.059335  0.0447735 0.0166696 6
1385974532.804906688 -0.0379708 -0.133084 0.67 171.741 -0.0532593 -0.0627214  0.0316773 0.0243257 6
1385974532.870701060 -0.0408846 -0.136826 0.671 171.763 -0.0442863 -0.0568739  0.0151989 0.00583679 6
1385974532.935082715 -0.043764 -0.140835 0.674 171.783 -0.0447233 -0.0622754  0.0465971 0.00542298 6
1385974533.008753528 -0.0472842 -0.145514 0.675 171.802 -0.0477827 -0.0635051  0.0135739 0.00450061 6
1385974533.067826241 -0.0502502 -0.1487 0.676 171.841 -0.0502103 -0.0539405  0.0169283 0.0115232 6
1385974533.130556900 -0.053609 -0.152578 0.677 171.907 -0.0535436 -0.0618272  0.0159412 0.0183613 6
1385974533.197019311 -0.0575353 -0.156875 0.678 171.997 -0.0590751 -0.0646532  0.0150461 0.0236334 6
1385974533.261139074 -0.061703 -0.160981 0.682 172.051 -0.0649991 -0.0640248  0.0623833 0.0146989 6
1385974533.329075016 -0.0667449 -0.165607 0.683 172.063 -0.0742155 -0.0680952  0.0147197 0.00308512 6
1385974533.393231761 -0.0716123 -0.170461 0.685 172.142 -0.0758671 -0.0756671  0.0311737 0.0214898 6
1385974533.456871677 -0.0762448 -0.17453 0.691 172.196 -0.0727923 -0.0639333  0.0942805 0.0148098 6
1385974533.521877750 -0.0804693 -0.178856 0.693 172.278 -0.064986 -0.0665413  0.0307664 0.0220161 6
1385974533.586961759 -0.0836407 -0.183254 0.696 172.332 -0.0487274 -0.0675837  0.0460943 0.0144812 6
1385974533.652813108 -0.0868545 -0.187541 0.695 172.344 -0.0488035 -0.0650898  -0.0151857 0.00317874 6
1385974533.719392524 -0.0902113 -0.191865 0.696 172.381 -0.0504182 -0.0649551  0.0150197 0.00969994 6
1385974533.782104455 -0.0928657 -0.195551 0.697 172.41 -0.0423279 -0.0587786  0.0159459 0.0080729 6
1385974533.847296314 -0.0953978 -0.199831 0.699 172.472 -0.0388406 -0.0656451  0.0306787 0.0165978 6
1385974533.915583097 -0.097942 -0.204584 0.7 172.504 -0.0372569 -0.0696122  0.0146441 0.00817823 6
1385974533.978644965 -0.100229 -0.208417 0.701 172.562 -0.0362715 -0.0607737  0.0158574 0.016052 6
1385974534.043944432 -0.102706 -0.211475 0.704 172.608 -0.0379211 -0.0468363  0.0459422 0.0122963 6
1385974534.110649784 -0.105105 -0.214197 0.704 172.673 -0.0359642 -0.0408039  0 0.0170077 6
1385974534.172882969 -0.107277 -0.216458 0.705 172.742 -0.0349081 -0.0363333  0.0160686 0.0193511 6
1385974534.240821695 -0.11052 -0.218778 0.707 172.764 -0.0477404 -0.0341401  0.0294383 0.00565256 4
1385974534.304475626 0.140166 0.205141 0.706 0.0649872 0.0466554 0.0318284  -0.0157099 -47.3524 3
1385974534.435310002 0.140705 0.211305 0.709 0.178986 0.00411572 0.0471155  0.0229298 0.0152074 3
1385974534.502058306 0.142273 0.215424 0.706 0.176987 0.0234881 0.0617088  -0.044945 -0.000522671 3
1385974534.630666099 0.147016 0.227016 0.704 0.0919952 0.0368848 0.0901342  -0.0155512 -0.0115341 3
1385974534.696269299 0.149345 0.235039 0.703 0.151993 0.0354935 0.122295  -0.0152432 0.0159619 3
1385974534.826681603 0.159816 0.2576 0.698 0.262985 0.0802941 0.172996  -0.0383399 0.0148543 3
1385974534.891187539 0.167335 0.269556 0.695 0.280991 0.116563 0.185357  -0.0465073 0.00487169 3
1385974535.026352128 0.207099 0.29415 0.692 0.206985 0.294186 0.181955  -0.0221952 -0.009556 3
1385974535.089536736 0.229669 0.304294 0.696 0.144989 0.357209 0.160543  0.0633066 -0.0171251 3
1385974535.217359919 0.293714 0.316488 0.692 -0.0830078 0.501042 0.0954001  -0.0312932 -0.0311312 3
1385974535.347800191 0.370189 0.322382 0.692 -0.310013 0.586285 0.0451859  0 -0.0303739 3
1385974535.412949213 0.408456 0.323796 0.695 -0.414001 0.587384 0.0216984  0.0460483 -0.0278584 3
1385974535.543452966 0.48452 0.323009 0.703 -0.564011 0.582843 -0.00603133  0.0613009 -0.0200619 3
1385974535.608702376 0.522899 0.321799 0.708 -0.570007 0.588188 -0.018536  0.076629 -0.00160403 3
1385974535.738980014 0.596301 0.319113 0.715 -0.507004 0.563434 -0.0206179  0.0537314 0.00844058 3
1385974535.804344121 0.632327 0.317981 0.717 -0.469009 0.551148 -0.0173278  0.0305978 0.0101451 3
1385974535.934918013 0.697511 0.316717 0.721 -0.291 0.499218 -0.00967816  0.030634 0.0237938 3
1385974535.999987637 0.729957 0.315689 0.721 -0.229004 0.498631 -0.0157998  0 0.016629 3
1385974536.130465459 0.785585 0.312871 0.72 0.0039978 0.426336 -0.0215955  -0.00766414 0.0311673 3
1385974536.195534594 0.812055 0.310945 0.722 0.068985 0.406803 -0.0296066  0.0307365 0.0174313 3
1385974536.326093680 0.864532 0.306311 0.726 0.17099 0.401944 -0.0354949  0.0306375 0.0136361 3
1385974536.391150071 0.89296 0.303804 0.729 0.221985 0.436977 -0.0385292  0.0461138 0.0136809 3
1385974536.521721866 0.953871 0.296654 0.733 0.442993 0.466492 -0.0547578  0.0306345 0.0295418 3
1385974536.586730253 0.98667 0.292522 0.735 0.48999 0.504537 -0.0635603  0.0307653 0.0126177 3
1385974536.716997401 1.05813 0.282346 0.739 0.758987 0.548584 -0.078121  0.0307061 0.0360405 3
1385974536.847531557 1.13597 0.268683 0.743 1.198 0.596305 -0.104664  0.0306433 0.0586987 3
1385974536.912766773 1.17435 0.26221 0.746 1.45 0.588371 -0.0992253  0.0459874 0.0674208 3
1385974537.042890102 1.25135 0.248591 0.746 1.99199 0.591733 -0.104662  0 0.0726968 3
1385974537.109699219 1.29084 0.241058 0.748 2.33699 0.591108 -0.112757  0.029936 0.0901285 3
1385974537.239029774 1.36563 0.229441 0.746 2.903 0.578279 -0.0898289  -0.0154642 0.0763836 3
1385974537.303858028 1.40327 0.223349 0.749 3.254 0.580594 -0.0939614  0.0462761 0.0944969 3
1385974537.434141410 1.47688 0.213612 0.749 3.911 0.565001 -0.0747383  0 0.0880141 3
1385974537.499715857 1.51193 0.208839 0.745 4.27599 0.534518 -0.0727888  -0.0609994 0.0971458 3
1385974537.632125499 1.57879 0.199036 0.737 5.101 0.504937 -0.0740318  -0.0604186 0.108747 3
1385974537.694690631 1.60973 0.193703 0.732 5.55399 0.494513 -0.0852401  -0.0799167 0.126366 3
1385974537.825241986 1.6708 0.182921 0.732 6.55899 0.467824 -0.0825935  0 0.134358 3
1385974537.955902135 1.73186 0.174991 0.734 7.54799 0.467287 -0.0606886  0.0153069 0.132108 3
1385974538.021422753 1.7639 0.172904 0.733 8.01199 0.488979 -0.0318537  -0.0152624 0.123601 3
1385974538.151891720 1.82742 0.174343 0.737 8.89499 0.486832 0.0110325  0.0306586 0.118121 3
1385974538.218937681 1.85864 0.177092 0.742 9.33199 0.465679 0.0409902  0.0745757 0.113758 3
1385974538.347077099 1.92203 0.187446 0.758 10.15 0.494751 0.0808049  0.124864 0.111417 3
1385974538.414445337 1.95359 0.194377 0.763 10.546 0.468421 0.102881  0.074219 0.102592 3
1385974538.542695940 2.01967 0.21307 0.767 11.168 0.515246 0.145756  0.0311889 0.0846476 3
1385974538.609630369 2.05406 0.223795 0.768 11.483 0.513805 0.160222  0.01494 0.0821336 3
1385974538.738403287 2.12059 0.245368 0.778 11.792 0.516643 0.167528  0.0776561 0.0418812 3
1385974538.806175969 2.1576 0.257005 0.78 11.993 0.546055 0.17171  0.0295104 0.051764 3
1385974538.933471628 2.22487 0.276707 0.776 12.311 0.528439 0.154779  -0.0314229 0.0435995 3
1385974539.002069972 2.26043 0.286847 0.777 12.493 0.518464 0.14781  0.0145776 0.0463075 3
1385974539.129637234 2.32509 0.302706 0.775 12.701 0.506831 0.124318  -0.015678 0.0284568 3
1385974539.259941166 2.38519 0.318287 0.77 12.928 0.461223 0.119573  -0.0383718 0.0304057 3
1385974539.325454161 2.41512 0.325757 0.769 13.07 0.456868 0.114024  -0.0152641 0.0378297 3
1385974539.455603782 2.46416 0.33953 0.758 13.331 0.376779 0.105826  -0.0845181 0.0350008 3
1385974539.520608515 2.48883 0.346575 0.756 13.434 0.379626 0.108375  -0.030767 0.0276539 3
1385974539.651577192 2.5393 0.364123 0.749 13.531 0.385299 0.133985  -0.0534479 0.0129265 3
1385974539.716113826 2.5665 0.373066 0.747 13.568 0.421501 0.138584  -0.0309902 0.010007 3
1385974539.847894441 2.62273 0.392214 0.746 13.425 0.426703 0.145298  -0.00758837 -0.0189399 3
1385974539.918387179 2.65465 0.402443 0.746 13.333 0.45286 0.145111  0 -0.0227771 3
1385974540.042309426 2.72207 0.418389 0.745 13.045 0.543992 0.128675  -0.00806958 -0.0405613 3
1385974540.107413279 2.75655 0.42597 0.745 12.952 0.529677 0.11644  0 -0.0249324 3
1385974540.236381561 2.82521 0.437482 0.745 12.638 0.532398 0.0892673  0 -0.0424951 3
1385974540.303761152 2.86389 0.442681 0.746 12.449 0.574061 0.0771573  0.0148413 -0.0489553 3
1385974540.431615171 2.93135 0.448597 0.746 12.149 0.527649 0.0462691  0 -0.0409533 3
1385974540.498955852 2.96592 0.45119 0.745 12.012 0.513329 0.0385059  -0.0148499 -0.0355058 3
1385974540.629162166 3.02704 0.454218 0.742 11.71 0.469381 0.0232576  -0.0230404 -0.0404814 3
1385974540.759945198 3.08256 0.458399 0.735 11.439 0.424562 0.0319684  -0.0535238 -0.036165 3
1385974540.824832216 3.10958 0.46029 0.732 11.169 0.416424 0.0291488  -0.0462342 -0.0726257 3
1385974540.955714583 3.16143 0.466996 0.726 10.246 0.396126 0.0512354  -0.0458427 -0.123084 3
1385974541.020463659 3.18715 0.470825 0.722 9.769 0.397195 0.0591379  -0.0617769 -0.128574 3
1385974541.150316853 3.24175 0.479715 0.712 8.80699 0.420451 0.0684619  -0.07701 -0.129301 3
1385974541.216137695 3.27221 0.483377 0.704 8.446 0.462791 0.0556254  -0.121542 -0.0957221 3
1385974541.348872153 3.34041 0.485092 0.694 8.03 0.51386 0.0129256  -0.0753384 -0.0547 3
1385974541.411444985 3.37411 0.483826 0.691 7.92099 0.538526 -0.0202401  -0.0479441 -0.0304056 3
1385974541.544523035 3.44619 0.470606 0.691 7.86099 0.541611 -0.0993389  0 -0.00786873 3
1385974541.606381465 3.48168 0.461807 0.694 7.976 0.573756 -0.142247  0.0484978 0.0324487 3
1385974541.739177853 3.55815 0.439723 0.692 8.56799 0.575821 -0.166297  -0.0150607 0.0778053 3
1385974541.800873221 3.59344 0.427692 0.694 9.028 0.571999 -0.195002  0.0324173 0.130133 3
1385974541.933167935 3.66795 0.403011 0.693 10.192 0.563266 -0.186567  -0.00755888 0.153562 3
1385974542.063547062 3.74347 0.384774 0.694 11.569 0.579254 -0.13987  0.00766994 0.184333 3
1385974542.131020855 3.78093 0.377404 0.694 12.382 0.555147 -0.109238  0 0.210298 3
1385974542.259688951 3.85025 0.376777 0.7 13.932 0.538694 -0.00487083  0.0466316 0.210251 3
1385974542.327811508 3.88596 0.379281 0.699 14.77 0.524269 0.0367492  -0.0146794 0.214699 3
1385974542.454572230 3.95202 0.395732 0.704 16.27 0.52113 0.129782  0.0394444 0.20653 3
1385974542.522854389 3.98704 0.407796 0.701 16.857 0.51295 0.176688  -0.0439353 0.150042 3
1385974542.650150333 4.04964 0.441636 0.699 17.766 0.491734 0.265832  -0.0157114 0.124631 3
1385974542.720173126 4.08264 0.461989 0.697 18.17 0.471214 0.290671  -0.0285621 0.100699 3
1385974542.845802228 4.13871 0.507394 0.687 18.474 0.446335 0.361416  -0.0795994 0.042234 3
1385974542.913830520 4.16766 0.53263 0.686 18.495 0.425559 0.370963  -0.0146998 0.00538674 3
1385974543.041550298 4.22278 0.580972 0.677 18.391 0.431552 0.378502  -0.0704668 -0.0142124 3
1385974543.109615728 4.25246 0.605877 0.671 18.186 0.436109 0.365905  -0.0881505 -0.0525664 3
1385974543.237157444 4.30749 0.648132 0.662 17.624 0.43149 0.331298  -0.0705651 -0.0769057 3
1385974543.367528616 4.36752 0.687511 0.655 16.814 0.460415 0.302054  -0.0536929 -0.108438 3
1385974543.433389002 4.39851 0.70547 0.649 16.339 0.470636 0.272694  -0.0911018 -0.125879 3
1385974543.563506500 4.46483 0.734675 0.635 15.296 0.509685 0.224448  -0.107595 -0.139903 3
1385974543.628579149 4.49723 0.748416 0.629 14.725 0.497803 0.211169  -0.0922046 -0.153149 3
1385974543.758751436 4.55888 0.773655 0.617 13.622 0.473614 0.193889  -0.0921855 -0.147888 3
1385974543.824364664 4.59022 0.785219 0.613 13.033 0.477754 0.176236  -0.0609633 -0.156677 3
1385974543.954289809 4.65249 0.806254 0.606 11.987 0.479251 0.161905  -0.0538772 -0.140511 3
1385974544.020121102 4.68472 0.816498 0.602 11.537 0.489508 0.155599  -0.0607614 -0.119308 3
1385974544.149953764 4.75043 0.837285 0.588 10.305 0.506118 0.160107  -0.107831 -0.165616 3
1385974544.215045969 4.78386 0.847844 0.586 9.756 0.513674 0.162218  -0.0307256 -0.147203 3
1385974544.344962250 4.84982 0.861748 0.578 8.293 0.507668 0.107024  -0.0615781 -0.196543 3
1385974544.410468676 4.881 0.866714 0.579 7.60899 0.476064 0.0758173  0.0152657 -0.182244 3
1385974544.541070739 4.93562 0.863586 0.584 6.547 0.418176 -0.0239508  0.0382842 -0.141922 3
1385974544.606198725 4.96289 0.859115 0.59 6.04099 0.418771 -0.0686507  0.0921263 -0.135603 3
1385974544.736642063 5.00786 0.830762 0.605 5.53499 0.344725 -0.217363  0.114992 -0.0677023 3
1385974544.865957831 5.0548 0.795671 0.622 5.65199 0.362999 -0.27136  0.131461 0.0157917 3
1385974544.932316140 5.08036 0.776355 0.63 5.94199 0.385133 -0.29108  0.120558 0.0762729 3
1385974545.063922520 5.14356 0.739753 0.645 6.94199 0.480278 -0.278114  0.113976 0.132617 3
1385974545.128224996 5.1774 0.72346 0.65 7.59999 0.526205 -0.253395  0.0777575 0.178599 3
1385974545.260380192 5.25493 0.707872 0.66 9.237 0.586646 -0.117947  0.0756686 0.216194 3
1385974545.323653625 5.29504 0.707597 0.663 10.156 0.633866 -0.00435279  0.0474133 0.253494 3
1385974545.456361257 5.37245 0.727435 0.674 11.731 0.583373 0.149486  0.082889 0.207139 3
1385974545.519282897 5.41047 0.741186 0.671 12.491 0.604219 0.218539  -0.0476784 0.210813 3
1385974545.651702859 5.48458 0.786566 0.668 13.462 0.559608 0.342701  -0.0226552 0.127979 3
1385974545.714152350 5.51796 0.809977 0.666 13.738 0.534657 0.374877  -0.0320259 0.0771363 3
1385974545.851207375 5.58746 0.860997 0.662 13.949 0.507045 0.372263  -0.0291854 0.0268696 3
1385974545.910536442 5.6154 0.881872 0.661 13.958 0.470949 0.351846  -0.0168551 0.00264839 3
1385974546.040697842 5.67788 0.912955 0.658 13.676 0.480022 0.238804  -0.0230483 -0.037813 3
1385974546.172957965 5.73815 0.93367 0.651 13.148 0.455729 0.15662  -0.052926 -0.0696758 3
1385974546.236948866 5.76771 0.940881 0.646 12.794 0.461948 0.112693  -0.0781361 -0.0965533 3
1385974546.367018461 5.82872 0.951137 0.639 12.136 0.469024 0.0788498  -0.0538173 -0.0882939 3
1385974546.433365860 5.85954 0.95374 0.635 11.863 0.464582 0.0392356  -0.0602887 -0.0718138 3
1385974546.562215677 5.92528 0.957357 0.631 11.405 0.510204 0.0280731  -0.0310439 -0.0620372 3
1385974546.629865825 5.96079 0.95812 0.628 11.237 0.524886 0.0112664  -0.0443458 -0.0433427 3
1385974546.757956269 6.02913 0.956599 0.623 11.042 0.53352 -0.0118708  -0.0390349 -0.0265712 3
1385974546.823736365 6.06591 0.954037 0.621 11.081 0.559158 -0.0389518  -0.0304043 0.0103482 3
1385974546.953534759 6.13933 0.949674 0.619 11.171 0.565612 -0.0336095  -0.0154085 0.0121013 3
1385974547.018281874 6.17648 0.947438 0.617 11.227 0.573816 -0.034538  -0.0308894 0.0150953 3
1385974547.148941530 6.24769 0.945662 0.611 11.277 0.54502 -0.0135949  -0.0459208 0.00667932 3
1385974547.213731038 6.28347 0.944995 0.611 11.41 0.552249 -0.0102843  0 0.035827 3
1385974547.344796940 6.35089 0.945617 0.594 11.973 0.51439 0.00474208  -0.129706 0.0749719 3
1385974547.475338435 6.41469 0.952545 0.574 12.444 0.48874 0.0530686  -0.153208 0.0629714 3
1385974547.540386430 6.44425 0.957071 0.566 12.731 0.45438 0.069588  -0.122986 0.0770068 3
1385974547.670669131 6.50457 0.97582 0.553 14.104 0.463003 0.143909  -0.099783 0.183934 3
1385974547.738162763 6.53402 0.988703 0.548 14.651 0.43634 0.190881  -0.0740811 0.141449 3
1385974547.866358953 6.58165 1.02063 0.545 14.669 0.371507 0.249056  -0.0234016 0.00245134 3
1385974547.931574345 6.60352 1.03804 0.543 14.355 0.335467 0.266966  -0.0306676 -0.0840331 3
1385974548.063066196 6.64192 1.06238 0.552 12.831 0.292027 0.185131  0.0684453 -0.202285 3
1385974548.127098771 6.66341 1.07096 0.569 11.993 0.335493 0.133856  0.26549 -0.228412 3
1385974548.256937006 6.7073 1.07707 0.602 10.013 0.338045 0.0470505  0.254162 -0.26616 3
1385974548.323661291 6.73384 1.08045 0.622 9 0.397808 0.050731  0.299741 -0.26497 3
1385974548.454648735 6.78644 1.08218 0.657 7.24699 0.401597 0.0132218  0.267201 -0.233578 3
1385974548.518385157 6.81717 1.08218 0.675 6.39999 0.482041 -2.66963e-05  0.282413 -0.231939 3
1385974548.648554888 6.88633 1.07844 0.697 4.41399 0.531345 -0.0287015  0.16901 -0.266286 3
1385974548.778984929 6.96114 1.07021 0.706 2.51599 0.573556 -0.0631032  0.0690025 -0.253977 3
1385974548.845159094 7.00026 1.06512 0.706 1.69099 0.591106 -0.0770329  0 -0.217591 3
1385974548.913796467 7.04107 1.05927 0.7 1.043 0.594629 -0.08522  -0.0874159 -0.164774 3
1385974549.040655100 7.11743 1.04663 0.686 -0.0770111 0.601883 -0.0996264  -0.110359 -0.154092 3
1385974549.104983170 7.15468 1.04011 0.673 -0.594009 0.579165 -0.101311  -0.202089 -0.14027 3
1385974549.236475257 7.22624 1.02636 0.646 -1.576 0.544203 -0.104607  -0.205336 -0.130343 3
1385974549.367930612 7.298 1.01143 0.617 -2.35201 0.545895 -0.113543  -0.220607 -0.103029 3
1385974549.447287744 7.33668 1.00182 0.602 -2.66301 0.487362 -0.12112  -0.189019 -0.0684003 3
1385974549.564300855 7.39434 0.987657 0.571 -3.21001 0.492778 -0.121027  -0.264928 -0.0815883 3
1385974549.626768881 7.42363 0.98007 0.556 -3.39401 0.468945 -0.121457  -0.240123 -0.0514104 3
1385974549.773324605 7.49573 0.961961 0.531 -3.731 0.491914 -0.123563  -0.170584 -0.0401321 3
1385974549.822439627 7.52062 0.956228 0.52 -3.86801 0.50678 -0.116731  -0.223964 -0.0486868 3
1385974549.957278547 7.59258 0.942594 0.501 -3.938 0.533738 -0.101111  -0.140909 -0.00905964 3
1385974550.083954403 7.66302 0.929263 0.488 -3.96901 0.556062 -0.105235  -0.102624 -0.00427196 3
1385974550.150203902 7.70136 0.921711 0.485 -4.007 0.578596 -0.113995  -0.0452834 -0.0100095 3
1385974550.278702292 7.78189 0.907625 0.481 -3.98401 0.626718 -0.109618  -0.0311288 0.00312329 3
1385974550.344442688 7.82351 0.899737 0.483 -3.98601 0.633175 -0.119988  0.0304227 -0.000530685 3
1385974550.473983470 7.90579 0.883263 0.483 -3.87401 0.63513 -0.127177  0 0.0150899 3
1385974550.541016948 7.9478 0.87474 0.484 -3.78201 0.62678 -0.127139  0.0149179 0.0239525 3
1385974550.669768817 8.02182 0.860837 0.488 -3.68001 0.574858 -0.107985  0.0310675 0.0138276 3
1385974550.737300295 8.06001 0.854398 0.491 -3.61501 0.565616 -0.0953449  0.0444237 0.0167997 3
1385974550.865315130 8.12753 0.845489 0.498 -3.49301 0.527387 -0.0695915  0.0546812 0.0166324 3
1385974550.932404762 8.16068 0.841725 0.502 -3.395 0.494184 -0.0561078  0.0596217 0.0254965 3
1385974551.062356541 8.22038 0.837267 0.509 -3.29901 0.459374 -0.0343029  0.0538661 0.0128924 3
1385974551.126119846 8.24891 0.835252 0.512 -3.30801 0.447442 -0.0316077  0.047049 -0.00246422 3
1385974551.256984914 8.30064 0.832565 0.52 -3.24101 0.395269 -0.0205326  0.0611317 0.00893588 3
1385974551.385706233 8.35098 0.830494 0.52 -3.20801 0.391091 -0.0160878  0 0.00447511 3
1385974551.453474125 8.37723 0.829081 0.523 -3.19801 0.387338 -0.0208584  0.0442688 0.00257404 3
1385974551.582413810 8.43021 0.82516 0.528 -3.31601 0.410873 -0.0304064  0.0387778 -0.015972 3
1385974551.647731704 8.45847 0.82308 0.528 -3.49701 0.432719 -0.0318475  0 -0.0483641 3
1385974551.776794056 8.51809 0.815127 0.528 -3.77301 0.46193 -0.0616194  0 -0.037324 3
1385974551.843148207 8.54908 0.809932 0.529 -3.92201 0.467047 -0.0782851  0.0150706 -0.0391924 3
1385974551.981055434 8.6145 0.792071 0.532 -4.12201 0.474364 -0.12952  0.0217538 -0.0253113 3
1385974552.039389588 8.6422 0.782841 0.537 -4.04701 0.474923 -0.158222  0.0857131 0.0224387 3
1385974552.169759244 8.70053 0.759986 0.55 -3.87001 0.447399 -0.175308  0.0997165 0.0236962 3
1385974552.234511184 8.73138 0.746419 0.555 -3.71901 0.476439 -0.209528  0.0772178 0.0407009 3
1385974552.364878558 8.79394 0.720266 0.558 -3.373 0.479893 -0.200612  0.0230119 0.0463228 3
1385974552.432687739 8.82631 0.707326 0.562 -3.09001 0.477373 -0.190825  0.0589891 0.0728382 3
1385974552.560519486 8.88926 0.685566 0.564 -2.38301 0.492426 -0.170222  0.0156456 0.0965292 3
1385974552.690505744 8.95713 0.669573 0.567 -1.481 0.522115 -0.123038  0.0230794 0.121113 3
1385974552.755824119 8.9913 0.663975 0.568 -0.959015 0.52315 -0.0856926  0.0153096 0.139477 3
1385974552.886014718 9.05804 0.659187 0.573 0.0019989 0.512649 -0.0367829  0.0384052 0.128833 3
1385974552.953337310 9.09435 0.65816 0.57 0.334991 0.539318 -0.0152445  -0.0445616 0.0863279 3
1385974553.081753164 9.16081 0.662392 0.569 0.773987 0.517576 0.0329491  -0.0077872 0.0596649 3
1385974553.147201731 9.19271 0.664852 0.567 0.93399 0.487326 0.0375875  -0.0305583 0.0426685 3
1385974553.280966640 9.25678 0.66958 0.564 1.03 0.478982 0.0353482  -0.0224274 0.0125269 3
1385974553.342848948 9.28621 0.671703 0.561 1.10799 0.475665 0.0343159  -0.0484791 0.0219957 3
1385974553.476779400 9.34912 0.673125 0.554 1.13199 0.469721 0.0106144  -0.0522659 0.00312786 3
1385974553.539085434 9.37853 0.673294 0.551 1.16499 0.471958 0.00270532  -0.0481494 0.00924536 3
1385974553.668331899 9.44196 0.669184 0.541 1.28899 0.490748 -0.0318005  -0.0773716 0.0167439 3
1385974553.734208177 9.47566 0.666807 0.541 1.40999 0.51164 -0.0360716  0 0.0320584 3
1385974553.884541645 9.558 0.657405 0.53 1.67099 0.547677 -0.0625451  -0.0731707 0.0303015 3
1385974553.929641367 9.58195 0.654273 0.525 1.82899 0.531249 -0.0694302  -0.110865 0.0611468 3
1385974554.063664063 9.65486 0.644422 0.516 2.23399 0.543949 -0.0735032  -0.0671528 0.0527415 3
1385974554.190367600 9.72146 0.637121 0.507 2.797 0.525701 -0.0576215  -0.071032 0.0775532 3
1385974554.255852169 9.75597 0.634016 0.503 2.98399 0.526975 -0.0474162  -0.0610831 0.0498393 3
1385974554.394040731 9.82349 0.63462 0.499 3.13899 0.488586 0.00436502  -0.028946 0.0195764 3
1385974554.455849092 9.85449 0.636097 0.496 3.189 0.501569 0.0239041  -0.0485371 0.0141197 3
1385974554.592786739 9.92157 0.642165 0.492 2.72099 0.489864 0.0443128  -0.0292104 -0.0596489 3
1385974554.646456315 9.94799 0.644803 0.489 2.491 0.492271 0.0491406  -0.0558976 -0.0747944 7
1385974554.712105520 9.98049 0.648226 0.487 2.61299 0.495028 0.0521465  -0.030465 0.0324329 7
1385974554.777559315 10.0129 0.652117 0.487 2.76999 0.49448 0.0594429  0 0.0418635 7
1385974554.866629422 10.0522 0.658669 0.484 2.95599 0.441819 0.0735691  -0.0336813 0.0364476 7
1385974554.908056191 10.0686 0.661343 0.481 3.159 0.395378 0.0645338  -0.0724169 0.0855261 7
1385974554.972911215 10.0922 0.665524 0.478 3.306 0.363639 0.0644721  -0.046257 0.0395604 7
1385974555.045888350 10.1152 0.669987 0.477 3.504 0.316083 0.0611533  -0.0137029 0.0473534 7
1385974555.103280404 10.13 0.673018 0.476 3.76299 0.258031 0.0528188  -0.017424 0.0787597 7
1385974555.168457206 10.1438 0.675128 0.475 4.02899 0.211752 0.0323731  -0.0153429 0.0712322 7
1385974555.233635445 10.1542 0.676969 0.472 4.20799 0.158055 0.0282361  -0.0460276 0.0479325 4
1385974555.298962810 10.1632 0.677893 0.466 4.241 0.138071 0.0141449  -0.0918451 0.00881777 8
1385974555.363956451 10.1687 0.679023 0.44 4.17999 0.085747 0.0173961  -0.400039 -0.0163821 8
1385974555.445154127 10.1727 0.679647 0.415 4.049 0.0484956 0.00768171  -0.307891 -0.0281575 8
1385974555.494333701 10.174 0.679785 0.375 3.933 0.0265078 0.0027921  -0.813346 -0.0411662 8
1385974555.559588489 10.1749 0.680072 0.343 3.89 0.0133457 0.00439998  -0.490385 -0.0115007 8
1385974555.627343272 10.1756 0.68036 0.306 3.87299 0.010814 0.00425396  -0.546087 -0.00438261 8
1385974555.690071394 10.1788 0.680336 0.262 3.896 0.0512387 -0.000379769  -0.70144 0.00640231 8
1385974555.755168936 10.1818 0.681575 0.232 3.849 0.0454023 0.0190402  -0.460847 -0.0126004 8
1385974555.819778592 10.1886 0.681911 0.212 3.73599 0.10602 0.00520003  -0.309551 -0.030527 8
1385974555.885518408 10.2028 0.681802 0.184 3.737 0.21638 -0.00167049  -0.425921 0.00026737 8
1385974555.950757117 10.2296 0.682165 0.159 3.657 0.409843 0.00557197  -0.383208 -0.0214029 8
1385974556.020597794 10.2315 0.690185 0 3.422 0.0279966 0.114824  -2.27661 -0.058727 2
1385974556.082126508 10.2369 0.704704 0 3.952 0.0880283 0.235976  0 0.15034 2
1385974556.145668519 10.2474 0.719668 0 4.127 0.165133 0.235498  0 0.0480687 2
1385974556.211446039 10.2549 0.731542 0 4.14999 0.113267 0.180517  0 0.00610145 2
1385974556.276563921 10.2567 0.734589 0 4.125 0.0272903 0.0467968  0 -0.00669902 2
1385974556.342037051 10.2572 0.735564 0 4.125 0.0086412 0.0148965  0 0 2
1385974556.409192980 10.2566 0.736136 0 4.125 -0.00888931 0.00851119  0 0 2
1385974556.472545706 10.2554 0.736733 0 4.125 -0.0189301 0.00941722  0 0 2
1385974556.537670504 10.2545 0.737039 0 4.12599 -0.0140467 0.00470964  0 0.000265806 2
1385974556.604156074 10.2524 0.73789 0 4.129 -0.0319503 0.0127995  0 0.000789108 2
1385974556.667745892 10.2518 0.738258 0 4.129 -0.00925047 0.00577473  0 0 2
1385974556.733204047 10.2518 0.738261 0 4.12999 -0.000651953 5.76938e-05  0 0.000264452 2
1385974556.800863039 10.2518 0.738239 0 4.13199 0.00113126 -0.000332727  0 0.000515636 2
1385974556.863561248 10.2518 0.738252 0 4.13499 1.80287e-05 0.000204407  0 0.000836775 2
1385974556.928765222 10.2519 0.738259 0 4.13699 0.000757512 0.000111332  0 0.00053505 2
1385974556.998534515 10.2519 0.738291 0 4.13699 -0.000112808 0.000466535  0 0 2
1385974557.060353819 10.252 0.738285 0 4.13899 0.00150616 -0.000100907  0 0.000564345 2
1385974557.123994162 10.252 0.738271 0 4.14 0.00107593 -0.000218461  0 0.000276191 2
1385974557.189328502 10.2521 0.738286 0 4.13799 0.00103284 0.000220524  0 -0.000538059 2
1385974557.254324985 10.2522 0.738268 0 4.14 0.000843781 -0.00027945  0 0.000540856 2
1385974557.320013926 10.2522 0.738243 0 4.14099 0.000725093 -0.000378106  0 0.000263523 2
1385974557.387484525 10.2523 0.738244 0 4.142 0.000833297 2.56161e-05  0 0.000260511 2
1385974557.450320682 10.2523 0.738229 0 4.142 0.000523711 -0.000249756  0 0 2
1385974557.515350739 10.2523 0.738229 0 4.14299 0.000546138 4.06105e-06  0 0.000266193 2
1385974557.582277811 10.2524 0.73819 0 4.144 0.000717114 -0.000580256  0 0.000262627 2
1385974557.645003955 10.2524 0.738165 0 4.142 0.000742676 -0.000405492  0 -0.000556186 2
1385974557.712257771 10.2524 0.738155 0 4.14099 6.12444e-06 -0.000146334  0 -0.000261351 2
1385974557.778148479 10.2525 0.738147 0 4.14 0.00108353 -0.000114997  0 -0.000262716 2
1385974557.841051228 10.2525 0.738158 0 4.14099 0.000635847 0.000163986  0 0.000275195 2
1385974557.906828193 10.2526 0.738117 0 4.14299 0.00048796 -0.000616968  0 0.000530389 2
1385974557.971384843 10.2526 0.738056 0 4.144 0.000525185 -0.000947907  0 0.00027227 2
1385974558.037070357 10.2526 0.738039 0 4.14499 0.000487574 -0.000256089  0 0.000263537 2
1385974558.102222329 10.2527 0.738039 0 4.146 0.000445152 -5.28135e-06  0 0.000269783 2
1385974558.168405157 10.2527 0.738039 0 4.146 0.000904001 4.10588e-06  0 0 2
1385974558.233323899 10.2528 0.738033 0 4.14699 0.000632075 -9.68783e-05  0 0.000266649 2
1385974558.297839658 10.2528 0.73798 0 4.146 0.000675445 -0.000819487  0 -0.000268315 2
1385974558.366062836 10.2528 0.738008 0 4.14499 0.000371384 0.000417227  0 -0.000257638 2
1385974558.427273361 10.2529 0.737986 0 4.14699 0.000661181 -0.00036054  0 0.000569958 2
1385974558.492633235 10.2529 0.737988 0 4.14699 0.000494315 3.03543e-05  0 0 2
1385974558.559235348 10.253 0.737983 0 4.14799 0.000599147 -7.09212e-05  0 0.000263908 2
1385974558.623885568 10.253 0.738009 0 4.146 0.000681035 0.000389831  0 -0.000539633 2
1385974558.689055462 10.253 0.737973 0 4.14699 0.000802918 -0.000546053  0 0.000265622 2
1385974558.758897095 10.2531 0.737989 0 4.14899 0.00127386 0.000223675  0 0.000499522 2
1385974558.820019974 10.2532 0.738028 0 4.14799 0.000941696 0.000647124  0 -0.000283209 2
1385974558.884762196 10.2532 0.738099 0 4.14799 0.000223145 0.00109743  0 0 2
1385974558.950629566 10.2533 0.738101 0 4.14699 0.00133942 2.5708e-05  0 -0.000266852 2
1385974559.015192500 10.2534 0.738072 0 4.14699 0.00125289 -0.000450613  0 0 2
1385974559.080421363 10.2534 0.738098 0 4.14799 0.000629472 0.000395383  0 0.000269465 2
1385974559.145236088 10.2535 0.738043 0 4.14999 0.000707949 -0.000842766  0 0.000538264 2
1385974559.209583048 10.2535 0.738014 0 4.14999 0.000332511 -0.000444292  0 0 2
1385974559.276153654 10.2535 0.738001 0 4.15099 0.000634945 -0.000208989  0 0.000260033 2
1385974559.343561180 10.2536 0.737975 0 4.15099 0.000435445 -0.000386213  0 0 2
1385974559.406357038 10.2536 0.737953 0 4.15199 0.000986617 -0.00033534  0 0.000279905 2
1385974559.472095944 10.2537 0.737929 0 4.15399 0.000995679 -0.000377131  0 0.000530697 2
1385974559.536649992 10.2537 0.737888 0 4.155 -0.000187219 -0.000623368  0 0.000272281 2
1385974559.601963858 10.2537 0.737861 0 4.157 0.000399847 -0.000425428  0 0.00053415 2
1385974559.668009772 10.2538 0.737828 0 4.157 0.00104396 -0.00049598  0 0 2
1385974559.734484520 10.2538 0.737805 0 4.159 0.000877661 -0.000336831  0 0.000524822 2
1385974559.797800500 10.2539 0.737768 0 4.159 0.000540871 -0.000587198  0 0 2
1385974559.862684903 10.2539 0.737731 0 4.15999 0.00112439 -0.000570967  0 0.000266791 2
1385974559.927023592 10.254 0.737725 0 4.16199 0.000865535 -9.81759e-05  0 0.000542246 2
1385974559.993241023 10.254 0.737697 0 4.16299 0.000335701 -0.000421728  0 0.000265442 2
1385974560.058230853 10.2541 0.737718 0 4.16299 0.00100536 0.000325383  0 0 2
1385974560.125791720 10.2542 0.737687 0 4.16399 0.00110824 -0.000459563  0 0.000256222 2
1385974560.187390555 10.2542 0.737682 0 4.16499 0.000702533 -8.95519e-05  0 0.000285344 2
1385974560.256307896 10.2543 0.737742 0 4.16499 0.00109625 0.000874014  0 0 2
1385974560.319219847 10.2543 0.737721 0 4.16599 0.000311719 -0.000324009  0 0.000275155 2
1385974560.384268860 10.2543 0.737727 0 4.168 -4.1604e-05 8.37016e-05  0 0.000540419 2
1385974560.449565264 10.2543 0.73771 0 4.16899 0.000803694 -0.00026178  0 0.000265107 2
1385974560.514428160 10.2544 0.737685 0 4.16899 0.00107992 -0.000386991  0 0 2
1385974560.579795680 10.2545 0.737646 0 4.17099 0.000911564 -0.000586515  0 0.000533712 2
1385974560.645887641 10.2545 0.737647 0 4.17 0.000431157 1.31166e-05  0 -0.000261916 2
1385974560.715232980 10.2545 0.737624 0 4.168 0.000704717 -0.000340545  0 -0.000503097 2
1385974560.775472925 10.2546 0.737606 0 4.16899 0.000795636 -0.000298727  0 0.00028736 2
1385974560.840656853 10.2546 0.737557 0 4.17 0.000490934 -0.000742682  0 0.00026965 2
1385974560.905436724 10.2547 0.737509 0 4.16899 0.00129433 -0.000749289  0 -0.000271332 2
1385974560.972272257 10.2547 0.737474 0 4.168 0.000321805 -0.000521522  0 -0.000259002 2
1385974561.036388824 10.2547 0.737463 0 4.16899 -0.000116783 -0.000165806  0 0.000269986 2
1385974561.103729327 10.2548 0.737486 0 4.17 0.000493918 0.000341052  0 0.000261015 2
1385974561.166780324 10.2548 0.737423 0 4.16899 0.000909592 -0.00100299  0 -0.000278772 2
1385974561.232545887 10.2549 0.737381 0 4.16899 0.00110455 -0.000630478  0 0 2
1385974561.296787501 10.2549 0.737343 0 4.16899 0.000745011 -0.000594006  0 0 2
1385974561.362429818 10.255 0.737325 0 4.16899 0.000743822 -0.000280556  0 0 2
1385974561.428800508 10.2551 0.737314 0 4.16899 0.00113649 -0.000156565  0 0 2
1385974561.494462848 10.2551 0.737295 0 4.168 0.000739171 -0.000302446  0 -0.00026363 2
1385974561.558208554 10.2552 0.737285 0 4.16899 0.00142257 -0.000153734  0 0.000271556 2
1385974561.623263822 10.2553 0.737278 0 4.16899 0.000807105 -9.87776e-05  0 0 2
1385974561.691330432 10.2553 0.737313 0 4.17 0.000727045 0.000514489  0 0.00025823 2
1385974561.757299807 10.2553 0.737288 0 4.17099 0.000521905 -0.000391658  0 0.000262403 2
1385974561.818889999 10.2554 0.737263 0 4.172 0.00114015 -0.000395322  0 0.000285384 2
1385974561.884146040 10.2555 0.73724 0 4.172 0.000809753 -0.000355164  0 0 2
1385974561.949162734 10.2555 0.737214 0 4.17499 0.000405173 -0.000407533  0 0.000802839 2
1385974562.014387741 10.2556 0.73721 0 4.17599 0.00136135 -5.72288e-05  0 0.00026948 2
1385974562.079542833 10.2556 0.737153 0 4.17599 0.000703056 -0.000879043  0 0 2
1385974562.145004660 10.2556 0.73711 0 4.17499 -5.37963e-05 -0.000654051  0 -0.000268506 2
1385974562.209951209 10.2556 0.737105 0 4.17599 0.000166001 -7.59928e-05  0 0.000270636 2
1385974562.275057485 10.2556 0.737131 0 4.17599 2.45428e-05 0.000402478  0 0 2
1385974562.340592112 10.2557 0.737141 0 4.17599 0.000472324 0.000158289  0 0 2
1385974562.405943172 10.2557 0.737132 0 4.17899 0.00077376 -0.000135959  0 0.000798732 2
1385974562.470742158 10.2557 0.737149 0 4.17999 0.000340268 0.000259675  0 0.000271252 2
1385974562.535958122 10.2557 0.737132 0 4.17899 0.000207961 -0.000272109  0 -0.000269518 2
1385974562.602150497 10.2559 0.737078 0 4.181 0.001651 -0.000803562  0 0.000531084 2
1385974562.668125562 10.2559 0.737095 0 4.17999 0.000864387 0.0002449  0 -0.000266417 2
1385974562.731742352 10.2559 0.737079 0 4.181 0.000536578 -0.000239391  0 0.000276293 2
1385974562.796748398 10.256 0.73705 0 4.18199 0.000869557 -0.000453194  0 0.000266291 2
1385974562.862410403 10.256 0.737018 0 4.18399 0.000538248 -0.000483676  0 0.000531318 2
1385974562.926988341 10.2561 0.737012 0 4.185 0.000540464 -9.39308e-05  0 0.000272181 2
1385974562.992973758 10.2561 0.737028 0 4.185 0.00036099 0.000243935  0 0 2
1385974563.057056046 10.2561 0.737045 0 4.18599 0.000443491 0.000260835  0 0.00027013 2
1385974563.122913792 10.2562 0.736997 0 4.18999 0.000376957 -0.00072725  0 0.00105948 2
1385974563.188279389 10.2562 0.736958 0 4.19099 0.000254906 -0.000595874  0 0.000268901 2
1385974563.255592276 10.2562 0.73694 0 4.19099 0.000868199 -0.000266581  0 0 2
1385974563.321725391 10.2563 0.736937 0 4.19199 0.0006318 -4.02337e-05  0 0.000261753 2
1385974563.386116303 10.2563 0.736898 0 4.19398 0.00096491 -0.000611528  0 0.000541806 2
1385974563.450978778 10.2564 0.736859 0 4.19499 0.00146883 -0.00060611  0 0.000270987 2
1385974563.514082740 10.2564 0.736864 0 4.196 0.000187216 7.98903e-05  0 0.000278538 2
1385974563.582079565 10.2565 0.736878 0 4.19699 0.000449624 0.000204318  0 0.000254579 2
1385974563.647224339 10.2565 0.73686 0 4.196 -1.95244e-06 -0.000272579  0 -0.000265724 2
1385974563.709690389 10.2566 0.736903 0 4.19398 0.00142014 0.000698016  0 -0.000562765 2
1385974563.777807282 10.2567 0.73692 0 4.19299 0.001476 0.000244217  0 -0.00025413 2
1385974563.839665664 10.2567 0.736896 0 4.19398 0.00139467 -0.000391775  0 0.000279842 2
1385974563.905025980 10.2568 0.736897 0 4.19499 0.0011644 1.22955e-05  0 0.000268923 2
1385974563.970609718 10.2569 0.73685 0 4.19499 0.000973612 -0.000705289  0 0 2
1385974564.059095827 10.257 0.736812 0 4.19499 0.000838722 -0.000428849  0 0 2
1385974564.124716945 10.257 0.736824 0 4.196 0.00114928 0.000178921  0 0.000267854 2
1385974564.166302080 10.2571 0.736799 0 4.19499 0.0011779 -0.000595144  0 -0.000422672 2
1385974564.237702838 10.2571 0.736749 0 4.19499 0.000925241 -0.000712559  0 0 2
1385974564.301643710 10.2572 0.736763 0 4.19398 0.00130833 0.000228178  0 -0.000274892 2
1385974564.361778360 10.2573 0.736739 0 4.19499 0.00102602 -0.000400708  0 0.000292292 2
1385974564.434740507 10.2574 0.736753 0 4.19499 0.00117077 0.000191347  0 0 2
1385974564.493306949 10.2574 0.736763 0 4.196 0.00083727 0.000170318  0 0.000300118 2
1385974564.558694452 10.2575 0.736761 0 4.19899 0.00114305 -3.43791e-05  0 0.000798286 2
1385974564.628385992 10.2576 0.73674 0 4.19899 0.00133664 -0.000303293  0 0 2
1385974564.687952968 10.2577 0.736707 0 4.198 0.00115506 -0.000550325  0 -0.000290606 2
1385974564.752915957 10.2577 0.736665 0 4.2 0.00123238 -0.000648795  0 0.000537035 2
1385974564.821088216 10.2578 0.736679 0 4.198 0.000648176 0.000211905  0 -0.000511754 2
1385974564.882815014 10.2579 0.736624 0 4.2 0.00134252 -0.000897048  0 0.000565191 2
1385974564.949516123 10.258 0.736577 0 4.2 0.00192178 -0.000705241  0 0 2
1385974565.017794153 10.2581 0.736544 0 4.20099 0.00167097 -0.000482117  0 0.00025353 2
1385974565.081075901 10.2582 0.736492 0 4.202 0.0011551 -0.000811128  0 0.000277756 2
1385974565.146352152 10.2583 0.736437 0 4.20099 0.00171285 -0.000851975  0 -0.000269269 2
1385974565.212439097 10.2583 0.736402 0 4.202 0.000608665 -0.000533073  0 0.000265966 2
1385974565.274568892 10.2584 0.736366 0 4.20299 0.000903785 -0.000569748  0 0.000278619 2
1385974565.339773101 10.2586 0.736299 0 4.202 0.002769 -0.00103187  0 -0.000265482 2
1385974565.407515608 10.2587 0.736303 0 4.20399 0.00218035 6.0944e-05  0 0.000515 2
1385974565.469104851 10.2588 0.736288 0 4.20399 0.00188845 -0.000237645  0 0 2
1385974565.536742223 10.2588 0.73638 0 4.20499 -0.00127496 0.00135639  0 0.000255932 2
1385974565.606367868 10.2587 0.736382 0 4.209 -0.00104188 3.20623e-05  0 0.00100597 2
1385974565.665842058 10.2587 0.736393 0 4.20999 0.000417707 0.000179856  0 0.00029106 2
1385974565.739351803 10.2589 0.736354 0 4.21199 0.0023133 -0.00052875  0 0.000474596 2
1385974565.800570219 10.259 0.73632 0 4.215 0.00246436 -0.000558795  0 0.000857001 2
1385974565.873124774 10.2591 0.736286 0 4.21599 0.00155296 -0.000473014  0 0.000238587 2
1385974565.926830308 10.2595 0.736185 0 4.215 0.00738534 -0.00187228  0 -0.000322323 2
1385974565.994697786 10.26 0.736027 0 4.215 0.00683146 -0.00232384  0 0 2
1385974566.057649783 10.2597 0.736104 0 4.21399 -0.00410186 0.0012231  0 -0.000279211 2
1385974566.122313717 10.2596 0.736086 0 4.21599 -0.00220938 -0.000284423  0 0.000539519 2
1385974566.189610850 10.2596 0.735997 0 4.21599 0.000268576 -0.00132686  0 0 2
1385974566.251463894 10.2598 0.735912 0 4.21599 0.00238745 -0.00137038  0 0 2
1385974566.320204787 10.2599 0.735836 0 4.217 0.00211096 -0.00110071  0 0.000255697 2
1385974566.383282658 10.2601 0.735756 0 4.21599 0.00315451 -0.00127561  0 -0.000278653 2
1385974566.448905022 10.2603 0.73556 0 4.21599 0.00274395 -0.00299154  0 0 2
1385974566.514367038 10.2605 0.735377 0 4.21799 0.00357594 -0.00278215  0 0.000532941 2
1385974566.584090888 10.2606 0.735327 0 4.21999 0.000713931 -0.000722756  0 0.000500366 2
1385974566.643756752 10.2607 0.735265 0 4.21999 0.00232532 -0.00103497  0 0 2
1385974566.708895781 10.2609 0.735204 0 4.22099 0.0024517 -0.000943399  0 0.000269836 2
1385974566.773970795 10.261 0.735156 0 4.21899 0.00174419 -0.000734643  0 -0.000536111 2
1385974566.839510705 10.2611 0.735098 0 4.21899 0.00109908 -0.000879933  0 0 2
1385974566.904545530 10.2605 0.734712 0 4.155 -0.00808628 -0.0059373  0 -0.0171743 2
1385974566.977491923 10.2578 0.734543 0 4.14899 -0.0370044 -0.00232006  0 -0.00143843 2
1385974567.040971492 10.2502 0.735055 0 4.13199 -0.120506 0.00806019  0 -0.00467357 2
1385974567.104781139 10.2469 0.734195 0 4.20499 -0.0519047 -0.0134677  0 0.0199665 2
1385974567.182426051 10.2577 0.726315 0 4.62299 0.139545 -0.101491  0 0.0939593 2
1385974567.238679373 10.2577 0.712041 0 7.282 0.000200385 -0.253742  0 0.824991 2
1385974567.301513136 10.2582 0.706742 0 11.623 0.00827553 -0.0843351  0 1.20579 2
1385974567.367987633 10.2612 0.707451 0 14.852 0.0448308 0.0106594  0 0.847795 2
1385974567.434321649 10.2697 0.709112 0 16.048 0.128148 0.0250388  0 0.314682 2
1385974567.504814745 10.2719 0.712818 0 15.579 0.0307182 0.0525806  0 -0.116118 2
1385974567.562417478 10.2713 0.718442 0 14.316 -0.0100005 0.0976231  0 -0.382682 2
1385974567.634263882 10.2692 0.727314 0 12.579 -0.0290005 0.12349  0 -0.421961 2
1385974567.695985492 10.2551 0.726967 0 11.184 -0.229185 -0.00562005  0 -0.394472 2
1385974567.764260708 10.2267 0.689559 0 9.70099 -0.415715 -0.547905  0 -0.379102 2
1385974567.828615783 10.1872 0.642316 0 9.54799 -0.614005 -0.734088  0 -0.041494 2
1385974567.887368679 10.1576 0.601708 0 10.739 -0.503314 -0.691172  0 0.353804 2
1385974567.954166070 10.1149 0.56635 0 14.059 -0.639971 -0.529328  0 0.867471 2
1385974568.021231081 10.07 0.512334 0 19.744 -0.66925 -0.805424  0 1.47949 2
1385974568.082938152 10.0449 0.462326 0 27.183 -0.405988 -0.810417  0 2.10406 2
1385974568.149278329 10.0061 0.431217 0 36.219 -0.585277 -0.468923  0 2.37726 2
1385974568.213613473 9.95949 0.420609 0 47.678 -0.724506 -0.1649  0 3.10868 2
1385974568.281305135 9.87877 0.416152 0 60.461 -1.19247 -0.065841  0 3.29591 2
1385974568.345072141 9.76843 0.386247 0 71.5 -1.73032 -0.468973  0 3.02142 2
1385974568.411691823 9.6798 0.377557 0 79.637 -1.33035 -0.130444  0 2.13176 2
1385974568.475417343 9.63214 0.416678 0 86.914 -0.74785 0.613909  0 1.99304 2
1385974568.540586117 9.5905 0.451727 0 93.839 -0.639082 0.537812  0 1.85463 2
1385974568.605679124 9.5473 0.478891 0 101.366 -0.663654 0.41731  0 2.0182 2
1385974568.670412228 9.49462 0.497814 0 109.367 -0.813793 0.292327  0 2.15722 2
1385974568.736004892 9.44048 0.529669 0 118.409 -0.825322 0.485647  0 2.40595 2
1385974568.804149750 9.36908 0.578728 0 128.107 -1.04782 0.719922  0 2.48386 2
1385974568.867749040 9.29723 0.622524 0 137.233 -1.1297 0.688622  0 2.50441 2
1385974568.930902254 9.24219 0.661706 0 144.55 -0.871547 0.620433  0 2.02216 2
1385974568.996798878 9.19321 0.686986 0 150.433 -0.743236 0.383637  0 1.55816 2
1385974569.062618835 9.15641 0.691213 0 155.889 -0.559174 0.0642181  0 1.44675 2
1385974569.127477808 9.1472 0.664576 0 161.776 -0.142027 -0.410691  0 1.58417 2
1385974569.200952244 9.11842 0.590366 0 167.545 -0.39162 -1.01002  0 1.37038 2
1385974569.258801045 9.0997 0.531323 0 172.451 -0.323577 -1.02065  0 1.48017 2
1385974569.325682215 9.1046 0.450304 0 175.963 0.073206 -1.21139  0 0.916491 2
1385974569.388257846 9.09407 0.417733 0 178.308 -0.168232 -0.520495  0 0.654056 2
1385974569.451825220 9.13451 0.397182 0 -178.044 0.636063 -0.323305  0 -97.8413 2
1385974569.517384720 9.12851 0.380426 0 -173.729 -0.0914271 -0.255577  0 1.14874 2
1385974569.586523848 9.10191 0.331688 0 -170.391 -0.384721 -0.704927  0 0.842636 2
1385974569.652646151 9.07828 0.287732 0 -168.569 -0.357402 -0.664762  0 0.480926 2
1385974569.713310751 9.05772 0.250102 0 -168.94 -0.338988 -0.620301  0 -0.106737 2
1385974569.778621606 9.03533 0.213078 0 -171.415 -0.342718 -0.566885  0 -0.661405 2
1385974569.847010954 9.01144 0.177857 0 -174.404 -0.349309 -0.515019  0 -0.762807 2
1385974569.909777152 8.96813 0.155109 0 -176.915 -0.690123 -0.362411  0 -0.69823 2
1385974569.974183975 8.95028 0.108853 0 -179.171 -0.277094 -0.71819  0 -0.611343 2
1385974570.041147579 8.9254 0.0678728 0 179.625 -0.371567 -0.611978  0 93.516 2
1385974570.105382084 8.90316 0.0309974 0 179.767 -0.346199 -0.574074  0 0.0385832 2
1385974570.169957275 8.89322 -0.0106344 0 -179.214 -0.154006 -0.644704  0 -97.0249 2
1385974570.240184173 8.89206 -0.0730302 0 -179.057 -0.0164701 -0.888489  0 0.0390187 2
1385974570.299474084 8.89002 -0.122394 0 179.643 -0.0343453 -0.83259  0 105.591 2
1385974570.365372586 8.89567 -0.202566 0 176.625 0.0857474 -1.21659  0 -0.799321 2
1385974570.442777841 8.89156 -0.356899 0 171.613 -0.0531733 -1.99383  0 -1.1301 2
1385974570.495718052 8.87934 -0.419185 0 166.913 -0.230787 -1.17655  0 -1.54949 2
1385974570.560992427 8.87299 -0.454763 0 165.096 -0.0972366 -0.545044  0 -0.485836 2
1385974570.635848293 8.87679 -0.469567 0 166.675 0.0506682 -0.197777  0 0.368157 2
1385974570.692234368 8.878 -0.474855 0 170.194 0.0215473 -0.093771  0 1.08924 2
1385974570.758804751 8.88067 -0.462091 0 174.033 0.040073 0.191732  0 1.0065 2
1385974570.823454374 8.85907 -0.426234 0 178.454 -0.334102 0.554636  0 1.19353 2
1385974570.885807466 8.84853 -0.370808 0 -177.95 -0.169033 0.888907  0 -99.7613 2
1385974570.954911608 8.84378 -0.320437 0 -175.511 -0.0687657 0.728911  0 0.616006 2
1385974571.016990610 8.84101 -0.292474 0 -173.585 -0.0445009 0.45044  0 0.541488 2
1385974571.083557172 8.84028 -0.280335 0 -172.428 -0.0110932 0.182361  0 0.303357 2
1385974571.147448727 8.84659 -0.279106 0 -171.432 0.0987534 0.0192443  0 0.272078 2
1385974571.211913214 8.85544 -0.281105 0 -170.105 0.13732 -0.0310087  0 0.359276 2
1385974571.277661721 8.87681 -0.285823 0 -168.088 0.325036 -0.0717663  0 0.535423 2
1385974571.343020802 8.88649 -0.30379 0 -165.23 0.148181 -0.274892  0 0.763192 2
1385974571.416941800 8.88184 -0.332604 0 -162.181 -0.0629065 -0.389793  0 0.719891 2
1385974571.473618405 8.86351 -0.355365 0 -159.251 -0.323482 -0.401606  0 0.902279 2
1385974571.541124734 8.84952 -0.395931 0 -156.358 -0.207163 -0.600916  0 0.747965 2
1385974571.606765252 8.82808 -0.413919 0 -153.433 -0.326707 -0.274046  0 0.777734 2
1385974571.671395393 8.80913 -0.417884 0 -151.048 -0.293217 -0.0613404  0 0.644066 2
1385974571.733282908 8.79495 -0.432175 0 -149.39 -0.229159 -0.230914  0 0.467583 2
1385974571.802197982 8.77362 -0.454463 0 -148.241 -0.309466 -0.323421  0 0.290993 2
1385974571.866671019 8.73664 -0.469751 0 -147.405 -0.573575 -0.237113  0 0.226311 2
1385974571.930126649 8.69844 -0.475009 0 -147.881 -0.601984 -0.0828755  0 -0.130922 2
1385974572.001366572 8.6669 -0.489784 0 -148.986 -0.442731 -0.207394  0 -0.270717 2
1385974572.061172629 8.63977 -0.511853 0 -150.328 -0.45358 -0.369015  0 -0.391638 2
1385974572.126937006 8.61373 -0.543109 0 -151.251 -0.396003 -0.475273  0 -0.244956 2
1385974572.190711052 8.59547 -0.584398 0 -152.005 -0.28626 -0.647418  0 -0.20635 2
1385974572.257876463 8.56826 -0.604869 0 -151.783 -0.405126 -0.304791  0 0.0576879 2
1385974572.321498003 8.56432 -0.613048 0 -149.442 -0.0620262 -0.128549  0 0.642206 2
1385974572.388530823 8.578 -0.611939 0 -147.135 0.204116 0.0165375  0 0.600672 2
1385974572.451658604 8.58567 -0.611563 0 -145.407 0.121493 0.005962  0 0.47775 2
1385974572.519373440 8.61074 -0.654076 0 -143.763 0.370238 -0.627827  0 0.423736 2
1385974572.582419457 8.62793 -0.683202 0 -142.218 0.272613 -0.461976  0 0.427709 2
1385974572.647309822 8.64503 -0.691262 0 -140.801 0.263522 -0.124216  0 0.381125 2
1385974572.713659519 8.65695 -0.687474 0 -139.369 0.179691 0.0570933  0 0.376688 2
1385974572.780041912 8.65026 -0.708173 0 -138.527 -0.100798 -0.311817  0 0.221379 2
1385974572.842595184 8.64787 -0.712332 0 -139.004 -0.0381107 -0.0664762  0 -0.13309 2
1385974572.907978720 8.64248 -0.699304 0 -140.732 -0.0824417 0.199249  0 -0.461266 2
1385974572.973000375 8.64961 -0.663412 0 -142.612 0.109556 0.552002  0 -0.504635 2
1385974573.038519320 8.64152 -0.648251 0 -144.946 -0.123387 0.2314  0 -0.621744 2
1385974573.105094346 8.61446 -0.63742 0 -148.623 -0.406509 0.162685  0 -0.963961 2
1385974573.170109497 8.60206 -0.635225 0 -152.379 -0.190715 0.0337656  0 -1.0083 2
1385974573.235790264 8.59003 -0.646397 0 -153.891 -0.183115 -0.170097  0 -0.401783 2
1385974573.299115529 8.57084 -0.636205 0 -153.976 -0.303081 0.160951  0 -0.0234269 2
1385974573.369338460 8.55728 -0.620735 0 -152.718 -0.193117 0.220295  0 0.312665 2
1385974573.429573032 8.5565 -0.608864 0 -150.529 -0.0129338 0.197078  0 0.634275 2
1385974573.494760180 8.58075 -0.598564 0 -147.491 0.372003 0.158003  0 0.813398 2
1385974573.562692890 8.5834 -0.597018 0 -142.866 0.0390324 0.0227565  0 1.18826 2
1385974573.625204838 8.58672 -0.577737 0 -137.886 0.0530855 0.308435  0 1.39041 2
1385974573.690291766 8.59783 -0.56152 0 -132.382 0.17071 0.249167  0 1.47592 2
1385974573.755338049 8.65335 -0.524231 0 -127.305 0.853538 0.573263  0 1.36227 2
1385974573.821881836 8.66706 -0.514955 0 -124.212 0.206063 0.139401  0 0.81124 2
1385974573.886112086 8.66693 -0.517684 0 -123.38 -0.00205039 -0.0424948  0 0.22608 2
1385974573.952448683 8.6669 -0.518397 0 -123.388 -0.000494774 -0.0107388  0 -0.00210466 2
1385974574.016508386 8.67187 -0.497495 0 -123.576 0.0775307 0.326281  0 -0.0512212 2
1385974574.082241155 8.66045 -0.440609 0 -123.656 -0.173634 0.865417  0 -0.021241 2
1385974574.148888915 8.64888 -0.417601 0 -123.099 -0.173599 0.345223  0 0.145863 2
1385974574.212114009 8.62651 -0.417666 0 -122.214 -0.35388 -0.00103656  0 0.244304 2
1385974574.277652895 8.62842 -0.43709 0 -120.843 0.0291101 -0.296366  0 0.365104 2
1385974574.344380618 8.64421 -0.436117 0 -119.295 0.236664 0.0145714  0 0.404895 2
1385974574.408514978 8.67281 -0.427356 0 -117.595 0.445919 0.136606  0 0.462631 2
1385974574.472961460 8.69948 -0.40643 0 -114.471 0.413909 0.324709  0 0.846037 2
1385974574.538967454 8.72347 -0.382593 0 -109.775 0.363479 0.361141  0 1.24172 2
1385974574.603508692 8.73491 -0.370425 0 -104.241 0.177126 0.188531  0 1.49651 2
1385974574.669384358 8.73784 -0.366639 0 -97.727 0.0444992 0.0574646  0 1.72584 2
1385974574.733371764 8.75109 -0.356233 0 -91.6 0.207165 0.162624  0 1.67121 2
1385974574.800169298 8.75428 -0.353138 0 -85.529 0.0477034 0.0463359  0 1.58627 2
1385974574.864296236 8.73682 -0.347452 0 -80.088 -0.272234 0.0886678  0 1.48087 2
1385974574.931253890 8.74836 -0.350108 0 -77.832 0.172372 -0.039668  0 0.588052 2
1385974574.994449563 8.75115 -0.350603 0 -74.921 0.0441443 -0.00782602  0 0.803957 2
1385974575.059858069 8.75197 -0.350704 0 -71.914 0.0124665 -0.00154662  0 0.802372 2
1385974575.130630729 8.7528 -0.350796 0 -71.09 0.0116868 -0.00129671  0 0.203208 2
1385974575.188478902 8.75343 -0.350859 0 -70.333 0.0109646 -0.00109261  0 0.228392 2
1385974575.255504113 8.75412 -0.350913 0 -69.175 0.0102713 -0.000804579  0 0.301541 2
1385974575.320762803 8.78834 -0.356323 0 -67.073 0.524437 -0.0829046  0 0.562177 2
1385974575.386143250 8.90181 -0.351094 0 -63.166 1.73556 0.0799807  0 1.04297 2
1385974575.450809227 9.01926 -0.345915 0 -56.976 1.81613 0.080084  0 1.67068 2
1385974575.515847235 9.05105 -0.358466 0 -47.887 0.488838 -0.192982  0 2.43908 2
1385974575.581217011 9.03861 -0.394662 0 -36.986 -0.190296 -0.553701  0 2.91049 2
1385974575.646624797 9.01209 -0.456436 0 -25.371 -0.405437 -0.944448  0 3.09933 2
1385974575.710997276 8.99284 -0.519878 0 -13.914 -0.299097 -0.985555  0 3.10633 2
1385974575.775195140 8.98442 -0.578232 0 -3.901 -0.131158 -0.908959  0 2.72221 2
1385974575.842149045 8.99641 -0.63296 0 4.41399 0.179139 -0.817404  0 2.16752 2
1385974575.907045521 9.02353 -0.645151 0 11.635 0.417941 -0.187859  0 1.94202 2
1385974575.972460966 9.08553 -0.651017 0 17.039 0.947739 -0.0896675  0 1.44182 2
1385974576.037662606 9.1254 -0.670182 0 20.895 0.611438 -0.293937  0 1.03218 2
1385974576.107670194 9.10916 -0.710856 0 22.844 -0.2319 -0.580988  0 0.485898 2
1385974576.168599537 9.06736 -0.746944 0 24.02 -0.686133 -0.592301  0 0.336865 2
1385974576.233368979 9.01318 -0.77933 0 26.122 -0.836395 -0.50001  0 0.566423 2
1385974576.300797054 8.95013 -0.808637 0 27.815 -0.935074 -0.434643  0 0.43822 2
1385974576.364024748 8.8872 -0.835735 0 27.95 -0.995407 -0.428583  0 0.0372679 2
1385974576.429020427 8.82405 -0.858714 0 27.586 -0.97158 -0.353543  0 -0.0977445 2
1385974576.493816680 8.76364 -0.880533 0 27.981 -0.932247 -0.33674  0 0.106393 2
1385974576.559486851 8.73408 -0.880766 0 29.424 -0.450098 -0.00353935  0 0.383511 2
1385974576.624706268 8.70575 -0.881116 0 31.536 -0.434408 -0.00536886  0 0.56519 2
1385974576.691579873 8.66821 -0.889813 0 33.601 -0.561358 -0.130056  0 0.538943 2
1385974576.755156787 8.6326 -0.898914 0 35.781 -0.560127 -0.143147  0 0.598457 2
1385974576.820239923 8.60145 -0.905104 0 36.9 -0.47869 -0.0951008  0 0.300082 2
1385974576.887636415 8.57423 -0.911621 0 37.154 -0.40385 -0.0966958  0 0.0657764 2
1385974576.951866097 8.5533 -0.921378 0 37.516 -0.325855 -0.15192  0 0.098367 2
1385974577.015970044 8.53508 -0.935234 0 38.13 -0.284158 -0.216145  0 0.167171 2
1385974577.082690663 8.514 -0.954991 0 39.278 -0.315935 -0.296119  0 0.300305 2
1385974577.148850715 8.48899 -0.975153 0 39.586 -0.378067 -0.304736  0 0.0812513 2
1385974577.213652348 8.46032 -1.00088 0 38.896 -0.442492 -0.397095  0 -0.185841 2
1385974577.276231879 8.42592 -1.0271 0 37.713 -0.549595 -0.418855  0 -0.329936 2
1385974577.342458861 8.38113 -1.05283 0 35.703 -0.676326 -0.388528  0 -0.529713 2
1385974577.407173551 8.33405 -1.0744 0 32.964 -0.727515 -0.333317  0 -0.738697 2
1385974577.472403410 8.28871 -1.0935 0 30.635 -0.695054 -0.292863  0 -0.62316 2
1385974577.537574877 8.24555 -1.10948 0 28.91 -0.662237 -0.245139  0 -0.461967 2
1385974577.602565207 8.21069 -1.12011 0 28.104 -0.536408 -0.163562  0 -0.216453 2
1385974577.670065453 8.18169 -1.13269 0 28.276 -0.429742 -0.186462  0 0.0444727 2
1385974577.733057244 8.15916 -1.14386 0 29.193 -0.357545 -0.177316  0 0.254078 2
1385974577.797627352 8.14326 -1.15103 0 29.519 -0.246325 -0.110983  0 0.0881189 2
1385974577.863638388 8.1315 -1.1566 0 29.112 -0.178087 -0.0843777  0 -0.10761 2
1385974577.928736012 8.12439 -1.1598 0 28.473 -0.109264 -0.049117  0 -0.171324 2
1385974577.993757011 8.12063 -1.16102 0 28.131 -0.0578467 -0.0187454  0 -0.0918002 2
1385974578.058709632 8.11929 -1.16145 0 28.17 -0.0205459 -0.00671381  0 0.01048 2
1385974578.124135907 8.12011 -1.16186 0 27.995 0.0125055 -0.00627781  0 -0.0466843 2
1385974578.189023013 8.12252 -1.16225 0 27.851 0.037078 -0.00597369  0 -0.0387323 2
1385974578.256918580 8.12778 -1.164 0 27.466 0.077553 -0.0257686  0 -0.0989709 2
1385974578.319833274 8.13322 -1.16968 0 26.685 0.0864777 -0.090313  0 -0.216656 2
1385974578.384887506 8.14198 -1.17932 0 25.502 0.134596 -0.148194  0 -0.317385 2
1385974578.451810607 8.15508 -1.19462 0 24.598 0.195684 -0.228554  0 -0.235762 2
1385974578.516829906 8.17059 -1.21149 0 24.189 0.238552 -0.259425  0 -0.109788 2
1385974578.580767367 8.18132 -1.22689 0 23.799 0.167902 -0.240976  0 -0.10646 2
1385974578.646642642 8.19263 -1.23586 0 23.823 0.171668 -0.136079  0 0.00635922 2
1385974578.711317601 8.20748 -1.23928 0 24.137 0.229656 -0.0529064  0 0.0847353 2
1385974578.780079580 8.23024 -1.23788 0 25.21 0.330914 0.0203184  0 0.27235 2
1385974578.844504680 8.26264 -1.22726 0 26.422 0.503034 0.164796  0 0.328342 2
1385974578.906683759 8.29633 -1.21349 0 26.813 0.541719 0.221551  0 0.109749 2
1385974578.972239898 8.31339 -1.20801 0 26.337 0.260268 0.0836001  0 -0.126727 2
1385974579.037041759 8.31936 -1.20489 0 25.825 0.0920716 0.0480636  0 -0.137897 2
1385974579.103271734 8.32114 -1.20546 0 25.861 0.0269258 -0.00857395  0 0.00948573 2
1385974579.168846421 8.31997 -1.20552 0 25.89 -0.0178984 -0.000903284  0 0.00772046 2
1385974579.232353618 8.3196 -1.20441 0 25.889 -0.00582307 0.0175048  0 -0.00027677 2
1385974579.297974157 8.31797 -1.20493 0 25.83 -0.0247617 -0.0078845  0 -0.0156939 2
1385974579.363879223 8.317 -1.20553 0 25.808 -0.0147485 -0.00915688  0 -0.00582294 2
1385974579.428015559 8.31654 -1.20423 0 25.829 -0.00721452 0.0202399  0 0.00571362 2
1385974579.493707535 8.31588 -1.20364 0 25.833 -0.00994216 0.00895993  0 0.00106215 2
1385974579.558645762 8.31471 -1.20348 0 25.792 -0.0180125 0.00258687  0 -0.0110196 2
1385974579.624005280 8.31233 -1.20404 0 25.626 -0.0364799 -0.0085762  0 -0.0443279 2
1385974579.689071297 8.30235 -1.2 0 25.364 -0.153433 0.0620508  0 -0.070277 2
1385974579.754569378 8.28362 -1.19442 0 25.13 -0.285927 0.0851678  0 -0.0623564 2
1385974579.819573114 8.25083 -1.17957 0 24.674 -0.504391 0.228382  0 -0.122433 2
1385974579.884656132 8.20777 -1.15738 0 24.141 -0.661651 0.340964  0 -0.142936 2
1385974579.949742019 8.16567 -1.13129 0 23.622 -0.646812 0.400945  0 -0.139173 2
1385974580.017235182 8.14903 -1.12166 0 23.635 -0.246524 0.142714  0 0.00336184 2
1385974580.080266715 8.14547 -1.11937 0 23.722 -0.0564869 0.0362289  0 0.0240874 2
1385974580.145538320 8.14508 -1.11846 0 23.745 -0.00606183 0.0140081  0 0.00615282 2
1385974580.210482205 8.14528 -1.11814 0 23.779 0.0031685 0.0048603  0 0.00913638 2
1385974580.275964035 8.14527 -1.11822 0 23.794 -0.00024635 -0.00113017  0 0.00399788 2
1385974580.341135499 8.14523 -1.11842 0 23.83 -0.000549247 -0.00309363  0 0.0096398 2
1385974580.408289949 8.1454 -1.11836 0 23.839 0.00251531 0.000807075  0 0.00233978 2
1385974580.471515452 8.14522 -1.11851 0 23.835 -0.00277377 -0.00228182  0 -0.00110359 2
1385974580.537149132 8.14518 -1.11864 0 23.847 -0.000697888 -0.00195294  0 0.00318928 2
1385974580.601261600 8.14541 -1.11852 0 23.842 0.00358542 0.00181037  0 -0.00135832 2
1385974580.667209782 8.14579 -1.11832 0 23.863 0.00573874 0.0029879  0 0.00555665 2
1385974580.732322569 8.14615 -1.11816 0 23.866 0.00556132 0.00242464  0 0.000805745 2
1385974580.797692748 8.14687 -1.11724 0 23.923 0.0110394 0.0141964  0 0.0152163 2
1385974580.862878967 8.14692 -1.11706 0 23.913 0.000830685 0.0027187  0 -0.00267598 2
1385974580.928068621 8.14702 -1.11693 0 23.957 0.00139986 0.00202293  0 0.0117778 2
1385974580.995212244 8.14703 -1.11668 0 23.946 0.000194074 0.00366076  0 -0.00285578 2
1385974581.059826387 8.14722 -1.11648 0 23.993 0.00288712 0.00307368  0 0.0126946 2
1385974581.123625529 8.14765 -1.11586 0 24.02 0.00683964 0.00982951  0 0.00738432 2
1385974581.190348990 8.14769 -1.11576 0 24.036 0.000508704 0.00141214  0 0.00418692 2
1385974581.253979759 8.14777 -1.11558 0 24.048 0.00125249 0.00285103  0 0.00328967 2
1385974581.319292133 8.14753 -1.11565 0 24.036 -0.00355589 -0.00101465  0 -0.00320497 2
1385974581.384321841 8.14753 -1.11558 0 24.064 -0.000111517 0.00103197  0 0.00751487 2
1385974581.449594664 8.14772 -1.1154 0 24.066 0.00301288 0.00276718  0 0.000534486 2
1385974581.514804787 8.14783 -1.11532 0 24.063 0.00162765 0.00121339  0 -0.000804542 2
1385974581.579385503 8.14796 -1.11521 0 24.058 0.00196084 0.00172372  0 -0.00134847 2
1385974581.645245498 8.14957 -1.11267 0 24.184 0.0244574 0.038503  0 0.0333886 2
1385974581.710470832 8.15286 -1.1085 0 24.322 0.0504807 0.0640016  0 0.0369268 2
1385974581.775613080 8.15436 -1.1064 0 24.4 0.0230597 0.032281  0 0.020899 2
1385974581.840018365 8.15517 -1.10499 0 24.446 0.0124961 0.0218731  0 0.012467 2
1385974581.905994865 8.15509 -1.1047 0 24.413 -0.00116936 0.00441842  0 -0.00873101 2
1385974581.970838904 8.15478 -1.10483 0 24.355 -0.00478158 -0.00215073  0 -0.0156108 2
1385974582.037582084 8.15466 -1.10536 0 24.312 -0.00174768 -0.00780469  0 -0.0112443 2
1385974582.101723746 8.15442 -1.10557 0 24.328 -0.00383973 -0.00340267  0 0.00435129 2
1385974582.166398713 8.15443 -1.10564 0 24.33 0.000190412 -0.000970558  0 0.000539427 2
1385974582.232028026 8.15441 -1.10573 0 24.334 -0.000312043 -0.00141166  0 0.00106722 2
1385974582.297102802 8.15439 -1.10576 0 24.337 -0.000338234 -0.000535393  0 0.000802123 2
1385974582.362038534 8.15437 -1.10581 0 24.339 -0.000269034 -0.000702014  0 0.000537261 2
1385974582.427787457 8.15434 -1.10581 0 24.342 -0.000357195 6.13177e-07  0 0.000797949 2
1385974582.492691549 8.15435 -1.10583 0 24.346 2.54998e-05 -0.000336623  0 0.00107505 2
1385974582.558726701 8.15411 -1.10527 0 24.391 -0.00361128 0.008432  0 0.0118932 2
1385974582.623367650 8.15422 -1.10507 0 24.375 0.00173255 0.00322431  0 -0.00431769 2
1385974582.688359949 8.15423 -1.10496 0 24.378 0.00020365 0.00167545  0 0.000803141 2
1385974582.754302769 8.15423 -1.10487 0 24.371 -6.319e-06 0.00132881  0 -0.00185371 2
1385974582.818755652 8.15447 -1.1038 0 24.365 0.00360876 0.0165225  0 -0.00162386 2
1385974582.883956744 8.15433 -1.10338 0 24.38 -0.00214099 0.00647094  0 0.0040151 2
1385974582.949421592 8.15433 -1.1033 0 24.391 0.000144987 0.00133288  0 0.00293308 2
1385974583.014491335 8.15432 -1.10316 0 24.391 -0.000165692 0.0020418  0 0 2
1385974583.081132061 8.15439 -1.10321 0 24.396 0.000924917 -0.000695421  0 0.00131079 2
1385974583.145277093 8.15437 -1.10322 0 24.396 -0.000193928 -0.000245098  0 0 2
1385974583.210110306 8.15433 -1.10319 0 24.398 -0.000632241 0.000603838  0 0.00053811 2
1385974583.275369047 8.15448 -1.10317 0 24.398 0.00220158 0.000203568  0 0 2
1385974583.339953865 8.15447 -1.10316 0 24.401 -4.1792e-05 0.000133954  0 0.000808208 2
1385974583.405722404 8.15441 -1.10317 0 24.403 -0.00103259 -0.000152582  0 0.000534507 2
1385974583.470953361 8.1544 -1.10312 0 24.404 -0.000154036 0.000770574  0 0.000265373 2
1385974583.535406060 8.15428 -1.10323 0 24.406 -0.00172334 -0.00166427  0 0.000541287 2
1385974583.601332468 8.15428 -1.10319 0 24.409 -6.35582e-05 0.000584142  0 0.000795801 2
1385974583.670628548 8.15426 -1.10323 0 24.411 -0.000330349 -0.000576684  0 0.000503454 2
1385974583.731644909 8.15423 -1.10325 0 24.411 -0.000431459 -0.000238222  0 0 2
1385974583.795859689 8.15412 -1.10324 0 24.413 -0.00176676 0.000179638  0 0.000543293 2
1385974583.862023757 8.15414 -1.10323 0 24.416 0.00027574 9.18878e-05  0 0.000788917 2
1385974583.929719192 8.15409 -1.10328 0 24.421 -0.00060999 -0.000748569  0 0.00129036 2
1385974583.992443567 8.1541 -1.1033 0 24.425 9.74292e-05 -0.000332829  0 0.0011124 2
1385974584.057689280 8.15413 -1.10333 0 24.427 0.000456997 -0.000452473  0 0.000534708 2
1385974584.124813388 8.15404 -1.1034 0 24.431 -0.00129995 -0.000995873  0 0.00104346 2
1385974584.188199171 8.15395 -1.1035 0 24.433 -0.00147903 -0.00166124  0 0.000550398 2
1385974584.253423897 8.15379 -1.10363 0 24.436 -0.00247939 -0.00190183  0 0.000800279 2
1385974584.320111612 8.15375 -1.10363 0 24.44 -0.000608268 -5.34081e-05  0 0.00104629 2
1385974584.383621174 8.1537 -1.10362 0 24.443 -0.000679944 0.00021378  0 0.000826085 2
1385974584.448785944 8.15367 -1.10364 0 24.444 -0.000575295 -0.000410179  0 0.000265643 2
1385974584.513896385 8.15368 -1.10364 0 24.447 0.000282973 5.11948e-05  0 0.000805774 2
1385974584.577386968 8.15373 -1.10364 0 24.451 0.000758046 -4.3733e-05  0 0.00109898 2
1385974584.644319717 8.15381 -1.10363 0 24.453 0.00120591 0.00011466  0 0.000521231 2
1385974584.709888248 8.15386 -1.1036 0 24.457 0.000742927 0.000537962  0 0.00106415 2
1385974584.772996467 8.15388 -1.10358 0 24.46 0.000269835 0.000238386  0 0.000831338 2
1385974584.839129318 8.15388 -1.10357 0 24.462 4.24745e-05 0.000287166  0 0.000527535 2
1385974584.905031730 8.15385 -1.10352 0 24.465 -0.000442322 0.000699781  0 0.00079609 2
1385974584.970343248 8.15388 -1.10349 0 24.466 0.000450966 0.000446948  0 0.000265046 2
1385974585.035701685 8.15401 -1.1034 0 24.47 0.00201413 0.00142738  0 0.00106757 2
1385974585.100945265 8.15407 -1.10337 0 24.471 0.00081331 0.000405999  0 0.000269404 2
1385974585.165964785 8.15412 -1.10336 0 24.473 0.000770305 0.000175459  0 0.000536568 2
1385974585.232881880 8.15414 -1.10331 0 24.476 0.000398385 0.000803015  0 0.000784019 2
1385974585.296417179 8.15414 -1.10323 0 24.478 -0.000103665 0.00118217  0 0.000549103 2
1385974585.361651120 8.15415 -1.10318 0 24.479 0.000180829 0.000705237  0 0.000265361 2
1385974585.426932401 8.15414 -1.10322 0 24.48 -0.000170077 -0.000614485  0 0.000269248 2
1385974585.491718828 8.15418 -1.10316 0 24.481 0.000679326 0.00104494  0 0.000267194 2
1385974585.557518175 8.15414 -1.1031 0 24.483 -0.00058933 0.000884773  0 0.000530209 2
1385974585.624782361 8.15413 -1.10313 0 24.487 -0.000139183 -0.000481553  0 0.00104128 2
1385974585.687723235 8.15408 -1.10306 0 24.491 -0.000812093 0.00115076  0 0.00110858 2
1385974585.753033756 8.1541 -1.103 0 24.494 0.00030536 0.000838058  0 0.000799227 2
1385974585.818586683 8.15413 -1.10304 0 24.494 0.000383583 -0.00058167  0 0 2
1385974585.885236813 8.1541 -1.10306 0 24.497 -0.000392126 -0.000314471  0 0.000787159 2
1385974585.948544267 8.1541 -1.10311 0 24.5 -3.81013e-05 -0.000788121  0 0.000828722 2
1385974586.013791746 8.15409 -1.10313 0 24.504 -0.000155987 -0.000251561  0 0.00106939 2
1385974586.081153582 8.15408 -1.10314 0 24.508 -0.000101185 -0.000220225  0 0.00103582 2
1385974586.144078960 8.15413 -1.10316 0 24.511 0.000686815 -0.000241638  0 0.000829522 2
1385974586.209692077 8.15421 -1.10315 0 24.513 0.00122313 0.000152318  0 0.000531714 2
1385974586.273451815 8.15421 -1.10315 0 24.515 -1.20123e-05 5.49827e-05  0 0.000551347 2
1385974586.339712664 8.15422 -1.10311 0 24.516 0.000166908 0.000551238  0 0.000261248 2
1385974586.404836394 8.15416 -1.10311 0 24.517 -0.000792199 4.67112e-05  0 0.0002699 2
1385974586.469706526 8.15406 -1.10312 0 24.519 -0.00163671 -0.000153173  0 0.000537804 2
1385974586.535563305 8.15418 -1.10308 0 24.523 0.00190798 0.000570678  0 0.00105949 2
1385974586.600440383 8.15425 -1.10304 0 24.525 0.00107839 0.000660969  0 0.000537746 2
1385974586.665701169 8.15432 -1.10303 0 24.527 0.00105418 0.000149586  0 0.000534585 2
1385974586.729959464 8.15422 -1.10303 0 24.53 -0.00156708 -1.03243e-05  0 0.000816459 2
1385974586.795070705 8.15426 -1.10303 0 24.533 0.000613838 -4.5688e-05  0 0.000801674 2
1385974586.863142916 8.1543 -1.10301 0 24.536 0.000627763 0.000354705  0 0.000770715 2
1385974586.929766928 8.15434 -1.10299 0 24.538 0.000603968 0.000283854  0 0.000523646 2
1385974586.992084996 8.15435 -1.10298 0 24.54 0.000128294 0.000109429  0 0.000559828 2
1385974587.056095042 8.15442 -1.10305 0 24.542 0.0010699 -0.00103842  0 0.00054503 2
1385974587.121978893 8.15439 -1.10301 0 24.545 -0.000543398 0.000567853  0 0.000796315 2
1385974587.188194704 8.15445 -1.103 0 24.547 0.00104384 0.000105507  0 0.000526874 2
1385974587.252011222 8.15444 -1.103 0 24.55 -0.000240439 2.77918e-05  0 0.000817938 2
1385974587.317783492 8.15452 -1.10295 0 24.552 0.00126354 0.000821671  0 0.000530427 2
1385974587.382722222 8.15452 -1.10293 0 24.555 -2.41433e-05 0.00029503  0 0.000807904 2
1385974587.450142458 8.1545 -1.10286 0 24.556 -0.000291739 0.00101343  0 0.000260706 2
1385974587.511913595 8.15452 -1.10286 0 24.56 0.000239355 -4.90419e-05  0 0.00112957 2
1385974587.578627645 8.15443 -1.10279 0 24.563 -0.00127442 0.00110795  0 0.000782413 2
1385974587.643841030 8.15449 -1.10278 0 24.566 0.000932036 0.000133876  0 0.000804502 2
1385974587.709063720 8.15448 -1.10279 0 24.568 -0.000132677 -0.000106413  0 0.000534897 2
1385974587.774466858 8.15456 -1.10278 0 24.573 0.0011435 0.00015265  0 0.00133559 2
1385974587.838812331 8.15452 -1.10278 0 24.575 -0.000544579 -0.000126091  0 0.000542189 2
1385974587.904658601 8.15454 -1.10276 0 24.576 0.000277792 0.000415639  0 0.000262893 2
