-0.456382 0.137774 1.379 1.38806e+09
-0.448906 0.129518 1.37802 1.38806e+09
-0.434426 0.123492 1.37673 1.38806e+09
-0.414155 0.119714 1.37524 1.38806e+09
-0.389106 0.118183 1.37362 1.38806e+09
-0.360139 0.118889 1.37193 1.38806e+09
-0.327983 0.121815 1.37019 1.38806e+09
-0.293263 0.126939 1.36842 1.38806e+09
-0.256512 0.134239 1.36663 1.38806e+09
-0.218193 0.143691 1.36483 1.38806e+09
-0.178706 0.155275 1.36302 1.38806e+09
-0.138403 0.168973 1.3612 1.38806e+09
-0.0975954 0.184766 1.35938 1.38806e+09
-0.0565597 0.202635 1.35755 1.38806e+09
-0.0155455 0.222559 1.35571 1.38806e+09
0.0252216 0.244515 1.35386 1.38806e+09
0.0655356 0.268474 1.35201 1.38806e+09
0.105208 0.294403 1.35015 1.38806e+09
0.144064 0.322263 1.34828 1.38806e+09
0.181943 0.35201 1.3464 1.38806e+09
0.218695 0.383591 1.34451 1.38806e+09
0.254183 0.416951 1.34262 1.38806e+09
0.288276 0.452024 1.34071 1.38806e+09
0.320853 0.488743 1.3388 1.38806e+09
0.351804 0.527031 1.33688 1.38806e+09
0.381024 0.566809 1.33495 1.38806e+09
0.381477 0.568595 1.33485 1.38806e+09
0.385522 0.577283 1.33473 1.38806e+09
0.392665 0.591695 1.33459 1.38806e+09
0.402722 0.61074 1.33444 1.38806e+09
0.415618 0.633443 1.33427 1.38806e+09
0.431305 0.658954 1.3341 1.38806e+09
0.449735 0.686533 1.33393 1.38806e+09
0.470846 0.715536 1.33375 1.38806e+09
0.494566 0.745406 1.33356 1.38806e+09
0.520806 0.77566 1.33337 1.38806e+09
0.549465 0.805878 1.33318 1.38806e+09
0.580431 0.835697 1.33299 1.38806e+09
0.613583 0.864802 1.33279 1.38806e+09
0.648795 0.89292 1.33259 1.38806e+09
0.685934 0.919814 1.33238 1.38806e+09
0.724866 0.945281 1.33217 1.38806e+09
0.765451 0.969142 1.33195 1.38806e+09
0.807551 0.991245 1.33173 1.38806e+09
0.851026 1.01146 1.3315 1.38806e+09
0.895736 1.02966 1.33127 1.38806e+09
0.941539 1.04576 1.33104 1.38806e+09
0.988297 1.05968 1.3308 1.38806e+09
1.03587 1.07134 1.33056 1.38806e+09
1.08412 1.08068 1.33031 1.38806e+09
1.1329 1.08766 1.33006 1.38806e+09
1.13896 1.07789 1.32809 1.38806e+09
1.15174 1.06972 1.3255 1.38806e+09
1.17039 1.06296 1.32253 1.38806e+09
1.19407 1.05753 1.31936 1.38806e+09
1.22198 1.05332 1.31608 1.38806e+09
1.25345 1.0502 1.31276 1.38806e+09
1.2879 1.04801 1.30944 1.38806e+09
1.32484 1.0466 1.30616 1.38806e+09
1.36388 1.04583 1.30292 1.38806e+09
1.40468 1.04557 1.29974 1.38806e+09
1.44695 1.04573 1.29661 1.38806e+09
1.49046 1.0462 1.29354 1.38806e+09
1.535 1.04691 1.29053 1.38806e+09
1.58042 1.04781 1.28756 1.38806e+09
1.62657 1.04883 1.28465 1.38806e+09
1.67333 1.04994 1.28178 1.38806e+09
1.72061 1.05111 1.27895 1.38806e+09
1.76833 1.0523 1.27616 1.38806e+09
1.81641 1.0535 1.27341 1.38806e+09
1.8648 1.05469 1.27069 1.38806e+09
1.91344 1.05586 1.26799 1.38806e+09
1.9623 1.057 1.26533 1.38806e+09
2.01134 1.0581 1.26269 1.38806e+09
2.06054 1.05915 1.26007 1.38806e+09
2.10986 1.06016 1.25747 1.38806e+09
2.1593 1.06112 1.2549 1.38806e+09
2.20882 1.06203 1.25234 1.38806e+09
2.25842 1.06289 1.24979 1.38806e+09
2.30808 1.0637 1.24727 1.38806e+09
2.3578 1.06445 1.24476 1.38806e+09
2.40756 1.06516 1.24226 1.38806e+09
2.45736 1.06582 1.23977 1.38806e+09
2.5072 1.06643 1.2373 1.38806e+09
2.55706 1.06699 1.23483 1.38806e+09
2.60694 1.06751 1.23238 1.38806e+09
2.65684 1.06798 1.22993 1.38806e+09
2.70676 1.06841 1.2275 1.38806e+09
2.75669 1.0688 1.22507 1.38806e+09
2.80663 1.06916 1.22266 1.38806e+09
2.85658 1.06947 1.22024 1.38806e+09
2.90654 1.06975 1.21784 1.38806e+09
2.95651 1.07 1.21544 1.38806e+09
3.00648 1.07022 1.21305 1.38806e+09
3.05645 1.0704 1.21067 1.38806e+09
3.10643 1.07055 1.20829 1.38806e+09
3.15642 1.07068 1.20591 1.38806e+09
3.2064 1.07077 1.20354 1.38806e+09
3.25639 1.07084 1.20118 1.38806e+09
3.30638 1.07089 1.19882 1.38806e+09
3.35637 1.07091 1.19646 1.38806e+09
3.40636 1.07091 1.19411 1.38806e+09
3.45636 1.07089 1.19176 1.38806e+09
3.50635 1.07085 1.18941 1.38806e+09
3.55635 1.07079 1.18707 1.38806e+09
3.60635 1.07071 1.18473 1.38806e+09
3.65634 1.07061 1.1824 1.38806e+09
3.70634 1.0705 1.18006 1.38806e+09
3.75634 1.07036 1.17773 1.38806e+09
3.80634 1.07022 1.1754 1.38806e+09
3.85633 1.07005 1.17308 1.38806e+09
3.90633 1.06988 1.17075 1.38806e+09
3.95633 1.06969 1.16843 1.38806e+09
4.00633 1.06948 1.16611 1.38806e+09
4.05633 1.06927 1.16379 1.38806e+09
4.10633 1.06904 1.16148 1.38806e+09
4.15633 1.0688 1.15916 1.38806e+09
4.20633 1.06856 1.15685 1.38806e+09
4.25633 1.0683 1.15454 1.38806e+09
4.30632 1.06803 1.15223 1.38806e+09
4.35632 1.06775 1.14992 1.38806e+09
4.40632 1.06746 1.14761 1.38806e+09
4.45632 1.06717 1.14531 1.38806e+09
4.50632 1.06687 1.143 1.38806e+09
4.55632 1.06656 1.1407 1.38806e+09
4.60632 1.06624 1.13839 1.38806e+09
4.65632 1.06591 1.13609 1.38806e+09
4.70632 1.06558 1.13379 1.38806e+09
4.75631 1.06524 1.13149 1.38806e+09
4.80631 1.0649 1.12919 1.38806e+09
4.85631 1.06455 1.12689 1.38806e+09
4.90631 1.06419 1.12459 1.38806e+09
4.95631 1.06383 1.12229 1.38806e+09
5.00631 1.06347 1.12 1.38806e+09
5.05631 1.0631 1.1177 1.38806e+09
5.10631 1.06272 1.1154 1.38806e+09
5.1563 1.06234 1.11311 1.38806e+09
5.2063 1.06196 1.11081 1.38806e+09
5.2563 1.06157 1.10852 1.38806e+09
5.3063 1.06118 1.10622 1.38806e+09
5.3563 1.06078 1.10393 1.38806e+09
5.4063 1.06038 1.10164 1.38806e+09
5.45629 1.05998 1.09934 1.38806e+09
5.50629 1.05958 1.09705 1.38806e+09
5.55629 1.05917 1.09476 1.38806e+09
5.60629 1.05876 1.09247 1.38806e+09
5.65629 1.05835 1.09018 1.38806e+09
5.70629 1.05793 1.08789 1.38806e+09
5.75628 1.05751 1.08559 1.38806e+09
5.80628 1.05709 1.0833 1.38806e+09
5.85628 1.05667 1.08101 1.38806e+09
5.90628 1.05624 1.07872 1.38806e+09
5.95628 1.05582 1.07643 1.38806e+09
6.00628 1.05539 1.07414 1.38806e+09
6.05627 1.05496 1.07185 1.38806e+09
6.10627 1.05452 1.06956 1.38806e+09
6.15627 1.05409 1.06728 1.38806e+09
6.20627 1.05365 1.06499 1.38806e+09
6.25627 1.05322 1.0627 1.38806e+09
6.30626 1.05278 1.06041 1.38806e+09
6.35626 1.05234 1.05812 1.38806e+09
6.40626 1.05189 1.05583 1.38806e+09
6.45626 1.05145 1.05354 1.38806e+09
6.50626 1.05101 1.05125 1.38806e+09
6.55625 1.05056 1.04897 1.38806e+09
6.60625 1.05012 1.04668 1.38806e+09
6.65625 1.04967 1.04439 1.38806e+09
6.70625 1.04922 1.0421 1.38806e+09
6.75625 1.04877 1.03981 1.38806e+09
6.80624 1.04832 1.03753 1.38806e+09
6.85624 1.04787 1.03524 1.38806e+09
6.90624 1.04742 1.03295 1.38806e+09
6.95624 1.04696 1.03066 1.38806e+09
7.00624 1.04651 1.02838 1.38806e+09
7.05623 1.04606 1.02609 1.38806e+09
7.10623 1.0456 1.0238 1.38806e+09
7.15623 1.04514 1.02151 1.38806e+09
7.20623 1.04469 1.01923 1.38806e+09
7.25623 1.04423 1.01694 1.38806e+09
7.30622 1.04377 1.01465 1.38806e+09
7.35622 1.04332 1.01237 1.38806e+09
7.40622 1.04286 1.01008 1.38806e+09
7.45622 1.0424 1.00779 1.38806e+09
7.50621 1.04194 1.0055 1.38806e+09
7.55621 1.04148 1.00322 1.38806e+09
7.60621 1.04102 1.00093 1.38806e+09
7.65621 1.04056 0.998644 1.38806e+09
7.70621 1.0401 0.996357 1.38806e+09
7.7562 1.03963 0.99407 1.38806e+09
7.8062 1.03917 0.991784 1.38806e+09
7.8562 1.03871 0.989497 1.38806e+09
7.9062 1.03825 0.98721 1.38806e+09
7.9562 1.03778 0.984923 1.38806e+09
8.00619 1.03732 0.982637 1.38806e+09
8.05619 1.03686 0.98035 1.38806e+09
8.10619 1.03639 0.978063 1.38806e+09
8.15619 1.03593 0.975777 1.38806e+09
8.20618 1.03546 0.97349 1.38806e+09
8.25618 1.035 0.971204 1.38806e+09
8.30618 1.03454 0.968917 1.38806e+09
8.35618 1.03407 0.96663 1.38806e+09
8.40618 1.03361 0.964344 1.38806e+09
8.45617 1.03314 0.962057 1.38806e+09
8.50617 1.03267 0.959771 1.38806e+09
8.55617 1.03221 0.957484 1.38806e+09
8.60617 1.03174 0.955198 1.38806e+09
8.65617 1.03128 0.952911 1.38806e+09
8.70616 1.03081 0.950625 1.38806e+09
8.75616 1.03034 0.948338 1.38806e+09
8.80616 1.02988 0.946052 1.38806e+09
8.85616 1.02941 0.943765 1.38806e+09
8.90615 1.02894 0.941479 1.38806e+09
8.95615 1.02848 0.939192 1.38806e+09
9.00615 1.02801 0.936906 1.38806e+09
9.05615 1.02754 0.93462 1.38806e+09
9.10615 1.02708 0.932333 1.38806e+09
9.15614 1.02661 0.930047 1.38806e+09
9.20614 1.02614 0.92776 1.38806e+09
9.25614 1.02567 0.925474 1.38806e+09
9.30614 1.02521 0.923188 1.38806e+09
9.35613 1.02474 0.920901 1.38806e+09
9.40613 1.02427 0.918615 1.38806e+09
9.45613 1.0238 0.916328 1.38806e+09
9.50613 1.02334 0.914042 1.38806e+09
9.55613 1.02287 0.911756 1.38806e+09
9.60612 1.0224 0.909469 1.38806e+09
9.65612 1.02193 0.907183 1.38806e+09
9.70612 1.02146 0.904896 1.38806e+09
9.75612 1.021 0.90261 1.38806e+09
9.80612 1.02053 0.900324 1.38806e+09
9.85611 1.02006 0.898037 1.38806e+09
9.90611 1.01959 0.895751 1.38806e+09
9.95611 1.01912 0.893465 1.38806e+09
10.0061 1.01865 0.891178 1.38806e+09
10.0561 1.01819 0.888892 1.38806e+09
10.1061 1.01772 0.886606 1.38806e+09
10.1561 1.01725 0.884319 1.38806e+09
10.2061 1.01678 0.882033 1.38806e+09
10.2561 1.01631 0.879746 1.38806e+09
10.3061 1.01584 0.87746 1.38806e+09
10.3561 1.01537 0.875174 1.38806e+09
10.4061 1.01491 0.872887 1.38806e+09
10.4561 1.01444 0.870601 1.38806e+09
10.5061 1.01397 0.868315 1.38806e+09
10.5561 1.0135 0.866028 1.38806e+09
10.6061 1.01303 0.863742 1.38806e+09
10.6561 1.01256 0.861456 1.38806e+09
10.7061 1.01209 0.859169 1.38806e+09
10.7561 1.01162 0.856883 1.38806e+09
10.8061 1.01115 0.854597 1.38806e+09
10.8561 1.01069 0.85231 1.38806e+09
10.9061 1.01022 0.850024 1.38806e+09
10.9561 1.00975 0.847738 1.38806e+09
11.0061 1.00928 0.845451 1.38806e+09
11.0561 1.00881 0.843165 1.38806e+09
11.1061 1.00834 0.840879 1.38806e+09
11.1561 1.00787 0.838592 1.38806e+09
11.2061 1.0074 0.836306 1.38806e+09
11.2561 1.00693 0.83402 1.38806e+09
11.306 1.00646 0.831733 1.38806e+09
11.356 1.006 0.829447 1.38806e+09
11.406 1.00553 0.827161 1.38806e+09
11.456 1.00506 0.824874 1.38806e+09
11.506 1.00459 0.822588 1.38806e+09
11.556 1.00412 0.820302 1.38806e+09
11.606 1.00365 0.818015 1.38806e+09
11.656 1.00318 0.815729 1.38806e+09
11.706 1.00271 0.813443 1.38806e+09
11.756 1.00224 0.811156 1.38806e+09
11.806 1.00177 0.80887 1.38806e+09
11.856 1.0013 0.806584 1.38806e+09
