0.317753 -1.16026 0.594 5.97564
0.354614 -1.18948 0.569141 6.07564
0.394121 -1.2115 0.55647 6.17564
0.435038 -1.22915 0.552018 6.27564
0.476869 -1.24443 0.55306 6.37564
0.519356 -1.25877 0.557718 6.47564
0.562296 -1.27321 0.564705 6.57564
0.605479 -1.28853 0.57314 6.67564
0.648668 -1.30532 0.58242 6.77564
0.691601 -1.32402 0.592136 6.87564
0.733997 -1.34492 0.602016 6.97564
0.775563 -1.36824 0.611876 7.07564
0.813832 -1.39797 0.584701 7.17564
0.856504 -1.41666 0.568626 7.27564
0.901641 -1.42543 0.560009 7.37564
0.94775 -1.4268 0.556421 7.47564
0.994191 -1.42371 0.556238 7.57564
1.04078 -1.41767 0.558372 7.67564
1.08746 -1.4095 0.562084 7.77564
1.1342 -1.3997 0.566875 7.87564
1.18096 -1.38851 0.572403 7.97564
1.2277 -1.37607 0.578432 8.07564
1.27436 -1.36244 0.584797 8.17564
1.32088 -1.34762 0.591381 8.27564
1.36718 -1.33158 0.598101 8.37564
1.41318 -1.31427 0.604895 8.47564
1.44401 -1.35059 0.582848 8.57564
1.47701 -1.37936 0.573949 8.67564
1.51258 -1.4009 0.573817 8.77564
1.55037 -1.41599 0.579427 8.87564
1.58992 -1.42553 0.588704 8.97564
1.63083 -1.43044 0.600225 9.07564
1.67279 -1.43154 0.613025 9.17564
1.71561 -1.42954 0.626451 9.27564
1.75912 -1.42507 0.640066 9.37564
1.80323 -1.41863 0.653582 9.47564
1.84786 -1.41066 0.666811 9.57564
1.89295 -1.4015 0.679635 9.67564
1.93846 -1.39144 0.691983 9.77564
1.98434 -1.38072 0.703816 9.87564
2.03057 -1.36952 0.715116 9.97564
2.07711 -1.35802 0.725879 10.0756
2.12393 -1.34632 0.736111 10.1756
2.17101 -1.33453 0.745823 10.2756
2.21833 -1.32274 0.755031 10.3756
2.26586 -1.31099 0.763753 10.4756
2.31359 -1.29935 0.772006 10.5756
2.36149 -1.28784 0.779812 10.6756
2.40955 -1.27651 0.78719 10.7756
2.45776 -1.26536 0.794158 10.8756
2.5061 -1.25441 0.800737 10.9756
2.55456 -1.24368 0.806945 11.0756
2.60313 -1.23316 0.8128 11.1756
2.65179 -1.22287 0.818318 11.2756
2.70055 -1.2128 0.823518 11.3756
2.74938 -1.20295 0.828415 11.4756
2.79829 -1.19331 0.833024 11.5756
2.84726 -1.18389 0.83736 11.6756
2.8963 -1.17468 0.841436 11.7756
2.94539 -1.16567 0.845267 11.8756
2.99453 -1.15686 0.848866 11.9756
3.04371 -1.14824 0.852243 12.0756
3.09294 -1.1398 0.855411 12.1756
3.14221 -1.13154 0.858381 12.2756
3.19151 -1.12344 0.861163 12.3756
3.24084 -1.11552 0.863768 12.4756
3.29021 -1.10774 0.866204 12.5756
3.3396 -1.10012 0.86848 12.6756
3.38902 -1.09264 0.870606 12.7756
3.43846 -1.0853 0.872589 12.8756
3.48793 -1.0781 0.874437 12.9756
3.53741 -1.07102 0.876158 13.0756
3.58692 -1.06405 0.877757 13.1756
3.63644 -1.05721 0.879242 13.2756
3.68597 -1.05047 0.880618 13.3756
3.73553 -1.04385 0.881892 13.4756
3.78509 -1.03732 0.88307 13.5756
3.83468 -1.03088 0.884156 13.6756
3.88427 -1.02454 0.885155 13.7756
3.93387 -1.01829 0.886072 13.8756
3.98349 -1.01212 0.886912 13.9756
4.03311 -1.00603 0.887679 14.0756
4.08275 -1.00002 0.888376 14.1756
4.13239 -0.994081 0.889008 14.2756
4.18205 -0.98821 0.889578 14.3756
4.23171 -0.982406 0.89009 14.4756
4.28138 -0.976665 0.890546 14.5756
4.33105 -0.970984 0.890951 14.6756
4.38073 -0.965361 0.891305 14.7756
4.43042 -0.959793 0.891613 14.8756
4.48012 -0.954277 0.891877 14.9756
4.52982 -0.948812 0.892099 15.0756
4.57952 -0.943394 0.892282 15.1756
4.62923 -0.938021 0.892427 15.2756
4.67895 -0.932693 0.892537 15.3756
4.72867 -0.927405 0.892614 15.4756
4.77839 -0.922157 0.892659 15.5756
4.82812 -0.916947 0.892675 15.6756
4.87785 -0.911773 0.892662 15.7756
4.92759 -0.906633 0.892623 15.8756
4.97732 -0.901526 0.892559 15.9756
5.02707 -0.89645 0.892471 16.0756
5.07681 -0.891404 0.89236 16.1756
5.12656 -0.886386 0.892229 16.2756
5.17631 -0.881396 0.892077 16.3756
5.22606 -0.876431 0.891906 16.4756
5.27582 -0.871492 0.891717 16.5756
5.32557 -0.866575 0.891512 16.6756
5.37533 -0.861681 0.89129 16.7756
5.4251 -0.856809 0.891054 16.8756
5.47486 -0.851957 0.890803 16.9756
5.52463 -0.847124 0.890538 17.0756
5.57439 -0.84231 0.890261 17.1756
5.62416 -0.837514 0.889972 17.2756
5.67393 -0.832735 0.889671 17.3756
5.72371 -0.827972 0.88936 17.4756
5.77348 -0.823224 0.889038 17.5756
5.82326 -0.818491 0.888707 17.6756
5.87303 -0.813772 0.888366 17.7756
5.92281 -0.809066 0.888017 17.8756
5.97259 -0.804373 0.88766 17.9756
6.02237 -0.799693 0.887295 18.0756
6.07215 -0.795024 0.886923 18.1756
6.12193 -0.790365 0.886545 18.2756
6.17172 -0.785718 0.886159 18.3756
6.2215 -0.781081 0.885768 18.4756
6.27129 -0.776453 0.88537 18.5756
6.32107 -0.771834 0.884968 18.6756
6.37086 -0.767224 0.88456 18.7756
6.42065 -0.762623 0.884147 18.8756
6.47044 -0.758029 0.883729 18.9756
6.52023 -0.753443 0.883308 19.0756
6.57002 -0.748864 0.882882 19.1756
6.61981 -0.744292 0.882452 19.2756
6.6696 -0.739727 0.882019 19.3756
6.71939 -0.735168 0.881582 19.4756
6.76918 -0.730615 0.881141 19.5756
6.81898 -0.726067 0.880698 19.6756
6.86877 -0.721526 0.880252 19.7756
6.91856 -0.716989 0.879803 19.8756
6.96836 -0.712457 0.879351 19.9756
7.01815 -0.70793 0.878897 20.0756
7.06795 -0.703408 0.87844 20.1756
7.11774 -0.69889 0.877981 20.2756
7.16754 -0.694376 0.87752 20.3756
7.21733 -0.689866 0.877058 20.4756
7.26713 -0.685359 0.876593 20.5756
7.31693 -0.680856 0.876126 20.6756
7.36672 -0.676357 0.875658 20.7756
7.41652 -0.671861 0.875189 20.8756
7.46632 -0.667368 0.874717 20.9756
7.51612 -0.662877 0.874245 21.0756
7.56592 -0.65839 0.873771 21.1756
7.61571 -0.653906 0.873296 21.2756
7.66551 -0.649423 0.872819 21.3756
7.71531 -0.644944 0.872342 21.4756
7.76511 -0.640467 0.871863 21.5756
7.81491 -0.635991 0.871384 21.6756
7.86471 -0.631519 0.870903 21.7756
7.91451 -0.627048 0.870422 21.8756
7.96431 -0.622579 0.869939 21.9756
8.01411 -0.618111 0.869456 22.0756
8.06391 -0.613646 0.868972 22.1756
8.11371 -0.609182 0.868488 22.2756
8.16351 -0.60472 0.868003 22.3756
8.21331 -0.60026 0.867517 22.4756
8.26311 -0.5958 0.86703 22.5756
8.31291 -0.591343 0.866543 22.6756
8.36271 -0.586886 0.866056 22.7756
8.41251 -0.582431 0.865568 22.8756
8.46232 -0.577977 0.865079 22.9756
8.51212 -0.573524 0.86459 23.0756
8.56192 -0.569072 0.864101 23.1756
8.61172 -0.564622 0.863611 23.2756
8.66152 -0.560172 0.86312 23.3756
8.71132 -0.555723 0.86263 23.4756
8.76113 -0.551276 0.862139 23.5756
8.81093 -0.546829 0.861648 23.6756
8.86073 -0.542382 0.861156 23.7756
8.91053 -0.537937 0.860664 23.8756
8.96033 -0.533492 0.860172 23.9756
9.01014 -0.529049 0.85968 24.0756
9.05994 -0.524605 0.859187 24.1756
9.10974 -0.520163 0.858694 24.2756
9.15954 -0.515721 0.858201 24.3756
9.20934 -0.51128 0.857708 24.4756
9.25915 -0.506839 0.857214 24.5756
9.30895 -0.502398 0.85672 24.6756
9.35875 -0.497959 0.856226 24.7756
9.40855 -0.49352 0.855732 24.8756
9.45836 -0.489081 0.855238 24.9756
9.50816 -0.484642 0.854744 25.0756
9.55796 -0.480205 0.854249 25.1756
9.60776 -0.475767 0.853755 25.2756
9.65757 -0.47133 0.85326 25.3756
9.70737 -0.466893 0.852765 25.4756
9.75717 -0.462457 0.85227 25.5756
9.80698 -0.458021 0.851775 25.6756
9.85678 -0.453585 0.85128 25.7756
9.90658 -0.44915 0.850785 25.8756
9.95638 -0.444715 0.850289 25.9756
10.0062 -0.44028 0.849794 26.0756
10.056 -0.435845 0.849299 26.1756
10.1058 -0.431411 0.848803 26.2756
10.1556 -0.426977 0.848307 26.3756
10.2054 -0.422543 0.847812 26.4756
10.2552 -0.418109 0.847316 26.5756
10.305 -0.413676 0.84682 26.6756
10.3548 -0.409243 0.846324 26.7756
10.4046 -0.40481 0.845828 26.8756
10.4544 -0.400377 0.845332 26.9756
10.5042 -0.395944 0.844836 27.0756
10.554 -0.391512 0.84434 27.1756
10.6038 -0.387079 0.843844 27.2756
10.6536 -0.382647 0.843348 27.3756
10.7034 -0.378215 0.842851 27.4756
10.7532 -0.373783 0.842355 27.5756
10.803 -0.369351 0.841859 27.6756
10.8528 -0.36492 0.841363 27.7756
10.9026 -0.360488 0.840866 27.8756
10.9524 -0.356057 0.84037 27.9756
11.0022 -0.351625 0.839873 28.0756
11.0521 -0.347194 0.839377 28.1756
11.1019 -0.342763 0.838881 28.2756
11.1517 -0.338332 0.838384 28.3756
11.2015 -0.333901 0.837888 28.4756
11.2513 -0.32947 0.837391 28.5756
11.3011 -0.325039 0.836895 28.6756
11.3509 -0.320609 0.836398 28.7756
11.4007 -0.316178 0.835901 28.8756
11.4505 -0.311747 0.835405 28.9756
11.5003 -0.307317 0.834908 29.0756
11.5501 -0.302887 0.834412 29.1756
11.5999 -0.298456 0.833915 29.2756
11.6497 -0.294026 0.833418 29.3756
11.6995 -0.289596 0.832922 29.4756
11.7493 -0.285165 0.832425 29.5756
11.7991 -0.280735 0.831928 29.6756
11.8489 -0.276305 0.831432 29.7756
11.8987 -0.271875 0.830935 29.8756
11.9485 -0.267445 0.830438 29.9756
11.9983 -0.263015 0.829942 30.0756
12.0481 -0.258585 0.829445 30.1756
12.0979 -0.254155 0.828948 30.2756
12.1477 -0.249726 0.828451 30.3756
12.1975 -0.245296 0.827955 30.4756
12.2473 -0.240866 0.827458 30.5756
12.2971 -0.236436 0.826961 30.6756
12.3469 -0.232007 0.826464 30.7756
12.3967 -0.227577 0.825968 30.8756
12.4465 -0.223147 0.825471 30.9756
12.4964 -0.218718 0.824974 31.0756
12.5462 -0.214288 0.824477 31.1756
12.596 -0.209858 0.82398 31.2756
12.6458 -0.205429 0.823484 31.3756
12.6956 -0.200999 0.822987 31.4756
12.7454 -0.19657 0.82249 31.5756
12.7952 -0.19214 0.821993 31.6756
12.845 -0.187711 0.821496 31.7756
12.8948 -0.183281 0.821 31.8756
12.9446 -0.178852 0.820503 31.9756
12.9944 -0.174422 0.820006 32.0756
13.0442 -0.169993 0.819509 32.1756
13.094 -0.165564 0.819012 32.2756
13.1438 -0.161134 0.818516 32.3756
13.1936 -0.156705 0.818019 32.4756
13.2434 -0.152276 0.817522 32.5756
13.2932 -0.147846 0.817025 32.6756
13.343 -0.143417 0.816528 32.7756
13.3928 -0.138988 0.816031 32.8756
13.4426 -0.134558 0.815535 32.9756
13.4924 -0.130129 0.815038 33.0756
13.5422 -0.1257 0.814541 33.1756
13.592 -0.12127 0.814044 33.2756
13.6418 -0.116841 0.813547 33.3756
13.6916 -0.112412 0.81305 33.4756
13.7414 -0.107983 0.812553 33.5756
13.7912 -0.103553 0.812057 33.6756
13.841 -0.0991242 0.81156 33.7756
13.8908 -0.0946949 0.811063 33.8756
13.9406 -0.0902657 0.810566 33.9756
13.9905 -0.0858365 0.810069 34.0756
14.0403 -0.0814073 0.809572 34.1756
14.0901 -0.0769781 0.809076 34.2756
14.1399 -0.0725489 0.808579 34.3756
14.1897 -0.0681197 0.808082 34.4756
14.2395 -0.0636905 0.807585 34.5756
14.2893 -0.0592613 0.807088 34.6756
14.3391 -0.0548321 0.806591 34.7756
14.3889 -0.050403 0.806094 34.8756
14.4387 -0.0459738 0.805598 34.9756
14.4885 -0.0415446 0.805101 35.0756
14.5383 -0.0371155 0.804604 35.1756
14.5881 -0.0326863 0.804107 35.2756
14.6379 -0.0282571 0.80361 35.3756
14.6877 -0.023828 0.803113 35.4756
14.7375 -0.0193988 0.802616 35.5756
14.7873 -0.0149697 0.80212 35.6756
14.8235 -0.0459949 0.771887 35.7756
14.8628 -0.0681642 0.751956 35.8756
14.9042 -0.0835204 0.739026 35.9756
