1388550098.661952100 -0.384172 0.520379 1.003 -166.146 -0.0322685 0.0437092  0.084247 -0.243568 7
1388550098.761925773 -0.385751 0.525474 0.998 -166.133 -0.0157917 0.0509631  -0.0500132 0.00226961 7
1388550098.861910485 -0.386549 0.530112 0.997 -166.132 0 0.0463869  -0.0100015 0.000173132 7
1388550098.961909867 -0.387532 0.534188 0.997 -166.113 0 0.0407633  0 0.00331566 7
1388550099.061909519 -0.387417 0.537506 0.998 -166.1 0 0.0331786  0.01 0.00226902 7
1388550099.161901846 -0.387446 0.539795 1.002 -166.066 0 0.0228923  0.0400031 0.00593664 7
1388550099.261916662 -0.387837 0.541331 1.005 -166.079 0 0.0153565  0.0299956 -0.00226868 7
1388550099.361915199 -0.388263 0.543908 1.01 -166.072 0 0.0257733  0.0500007 0.00121975 7
1388550099.461896700 -0.388317 0.544565 1.011 -166.123 0 0  0.0100019 -0.00890193 4
1388550099.561980513 -0.387523 0.545925 1.009 -166.19 0 0.0135853  -0.0199833 -0.0116841 4
1388550099.661904466 -0.386634 0.547187 1.008 -166.183 0 0.0126345  -0.0100076 0.00122332 4
1388550099.761916906 -0.385978 0.547817 1.006 -166.287 0 0  -0.0199975 -0.0181498 4
1388550099.861887090 -0.384222 0.547497 1.004 -166.384 0.0175718 0  -0.020006 -0.0169348 4
1388550099.961909936 -0.382284 0.545682 1.004 -166.454 0.0193708 -0.0181479  0 -0.0122131 4
1388550100.065062578 -0.379702 0.539726 1.001 -166.472 0.0250332 -0.057744  -0.0290831 -0.00304649 4
1388550100.161922590 -0.375961 0.536998 1.005 -166.47 0.0386211 -0.0281666  0.0412967 0.000360184 4
1388550100.261913590 -0.370729 0.531215 1.01 -166.48 0.0523238 -0.0578277  0.0500045 -0.00174453 4
1388550100.361891103 -0.364091 0.52256 1.013 -166.419 0.0663965 -0.0865677  0.0300067 0.010647 4
1388550100.461890347 -0.356362 0.514229 1.006 -166.33 0.0772917 -0.0833112  -0.0700005 0.0155343 4
1388550100.561901946 -0.348599 0.506519 1.005 -166.304 0.0776181 -0.0770951  0 0.0045375 4
1388550100.661917177 -0.345515 0.504393 1.001 -166.132 0.0308369 -0.0212536  -0.0399939 0.0300146 4
1388550100.761906150 -0.342775 0.501878 1.002 -166.092 0.0274021 -0.0251576  0.0100011 0.00698358 4
1388550100.861912516 -0.341425 0.500366 1.012 -165.784 0.0134986 -0.0151212  0.0999936 0.0537525 4
1388550100.961905327 -0.339588 0.500953 1.013 -165.736 0.0183742 0  0.0100007 0.00837891 4
1388550101.061911265 -0.338595 0.499662 1.016 -165.496 0 -0.0129074  0.0299982 0.0418837 4
1388550101.161913792 -0.337975 0.499703 1.016 -165.482 0 0  0 0.00244472 4
1388550101.261919242 -0.335768 0.501591 1.021 -165.331 0.0220682 0.0188758  0.0499973 0.0263532 4
1388550101.361911289 -0.3333 0.502895 1.023 -165.324 0.0246821 0.0130351  0.0200016 0.00121982 4
1388550101.461910459 -0.332031 0.505345 1.024 -165.321 0.0126865 0.0245086  0.0100001 0.000524647 4
1388550101.561918076 -0.329932 0.507239 1.025 -165.348 0.02099 0.0189336  0 -0.00471344 4
1388550101.661970607 -0.325122 0.507006 1.029 -165.36 0.0480735 0  0.039979 -0.00209215 4
1388550101.761913061 -0.320098 0.507634 1.03 -165.363 0.0502715 0  0.0100058 -0.000524945 4
1388550101.861902593 -0.315825 0.506383 1.032 -165.355 0.0427271 -0.0125041  0.0200021 0.00139831 4
1388550101.961916080 -0.309813 0.503323 1.03 -165.349 0.0601173 -0.0306013  -0.0199973 0.00104648 4
1388550102.061907358 -0.302632 0.500469 1.023 -165.318 0.0718198 -0.0285386  -0.0700061 0.00541202 4
1388550102.161911279 -0.294558 0.495411 1.02 -165.274 0.0807313 -0.0505763  -0.0299988 0.00767759 4
1388550102.261908276 -0.285689 0.490025 1.02 -165.221 0.0886956 -0.0538597  0 0.0092521 4
1388550102.361916596 -0.27892 0.488593 1.008 -165.064 0.0676798 -0.0143192  -0.11999 0.027399 4
1388550102.461907314 -0.273009 0.485562 1.008 -164.996 0.0591206 -0.0303128  0 0.0118681 4
1388550102.561910049 -0.268858 0.486486 1.007 -165.009 0.0415048 0  0 -0.00226895 4
1388550102.661893989 -0.267644 0.487787 1.013 -164.98 0.0121473 0.0130063  0.0600096 0.00506348 4
1388550102.761906779 -0.268366 0.490235 1.013 -165.003 0 0.0244748  0 -0.00401553 4
1388550102.861890161 -0.269431 0.495937 1.014 -165.074 -0.0106546 0.0570354  0.0100017 -0.0123937 4
1388550102.961909724 -0.269698 0.501218 1.018 -165.17 0 0.052801  0.0399922 -0.0167507 4
1388550103.061914973 -0.269984 0.505475 1.019 -165.212 0 0.0425644  0 -0.0073313 4
1388550103.161892840 -0.269592 0.510649 1.019 -165.162 0 0.0517556  0 0.00872911 4
1388550103.261908348 -0.268942 0.515933 1.02 -165.15 0 0.0528257  0 0.00209558 4
1388550103.361907375 -0.268215 0.521553 1.03 -165.037 0 0.0561999  0.100001 0.0197209 4
1388550103.461888669 -0.266699 0.525518 1.029 -165.027 0.0151664 0.0396571  -0.0100019 0.00174736 4
1388550103.561915565 -0.265592 0.529879 1.028 -165.034 0.0110624 0.0435971  0 -0.00122206 4
1388550103.661918295 -0.263224 0.533428 1.022 -165.126 0.0236879 0.0354924  -0.0599984 -0.0160584 4
1388550103.761931569 -0.260562 0.537193 1.021 -165.154 0.0266153 0.0376507  0 -0.00488625 4
1388550103.861918168 -0.256891 0.543734 1.022 -165.307 0.036709 0.0654149  0.0100013 -0.0267071 4
1388550103.961926840 -0.254199 0.550053 1.021 -165.3 0.0269204 0.0631837  0 0.00122228 4
1388550104.061993682 -0.251403 0.555458 1.019 -165.541 0.0279368 0.0540168  -0.0199866 -0.0420339 4
1388550104.161906389 -0.248934 0.561217 1.017 -165.651 0.0247143 0.0576368  -0.0200175 -0.0192155 4
1388550104.261904301 -0.247718 0.566878 1.018 -165.88 0.0121616 0.0566126  0.0100002 -0.0399696 4
1388550104.361945930 -0.24806 0.570941 1.018 -166.033 0 0.0406163  0 -0.0266924 4
1388550104.461907248 -0.247836 0.574329 1.023 -166.033 0 0.0338849  0.0500193 0 4
1388550105.061908966 -0.242109 0.595226 1.023 -166.05 0 0.0348297  0 -0.000494459 4
1388550105.561924714 -0.229552 0.573786 1.035 -165.954 0.0251136 -0.042879  0.0239992 0.00335122 4
1388550105.661896018 -0.229075 0.565274 0.996 -165.264 0 -0.0851443  -0.390112 0.12046 4
1388550105.761902375 -0.2291 0.560462 0.996 -165.007 0 -0.0481206  0 0.0448528 4
1388550105.861895194 -0.229315 0.558916 0.997 -164.887 0 -0.0154579  0.0100007 0.0209473 4
1388550105.961914896 -0.231375 0.556673 0.998 -164.865 -0.0205929 -0.0224277  0 0.00383686 4
1388550106.061888710 -0.234131 0.558216 0.995 -164.804 -0.0275695 0.0154346  -0.0300079 0.0106501 4
1388550106.161910435 -0.236814 0.555165 0.993 -164.813 -0.026822 -0.0305077  -0.0199957 -0.00157092 4
1388550106.261909748 -0.239005 0.554294 0.993 -164.798 -0.0219053 0  0 0.00261791 4
1388550106.361960318 -0.241656 0.55613 0.998 -164.821 -0.0265052 0.0183487  0.0499747 -0.00401136 4
1388550106.461921073 -0.24524 0.555448 0.999 -164.824 -0.0358473 0  0.0100039 -0.000524849 4
1388550106.561921712 -0.24822 0.556775 1.001 -164.766 -0.0298048 0.0132688  0.0199999 0.0101226 4
1388550106.662027525 0.387227 -0.476228 1.002 0.0720062 0.0142865 -0.0423644  0 28.7393 4
1388550107.261960452 0.39313 -0.479902 1.019 -0.398987 0 0  0.0283365 -0.0137022 4
1388550107.362017660 0.39393 -0.481175 1.02 -0.383987 0 -0.0127212  0 0.00261639 4
1388550107.461965424 0.394509 -0.479111 1.014 -0.344986 0 0.0206452  -0.0600314 0.0068106 4
1388550107.562046306 0.397841 -0.474312 1.014 -0.355988 0.0333005 0.0479589  0 -0.00191859 4
1388550107.661974935 0.401241 -0.469072 1.015 -0.35199 0.0340228 0.0524301  0.0100071 0.000698247 4
1388550107.761959230 0.402841 -0.461986 1.017 -0.378998 0.0159977 0.0708707  0.0200031 -0.00471454 4
1388550107.861974741 0.402887 -0.458857 1.021 -0.450989 0 0.0312889  0.0399938 -0.0125628 4
1388550108.062631475 0.404282 -0.463228 1.018 -0.493988 0 -0.0217823  -0.0149509 -0.00374011 3
1388550108.263455053 0.405366 -0.465698 1.018 -0.459 0 -0.0122976  0 0.00304079 3
1388550108.363860351 0.406677 -0.466817 1.015 -0.574997 0.0130506 -0.0111518  -0.0298789 -0.0201636 3
1388550108.564574491 0.408491 -0.471533 1.013 -0.585999 0 -0.0234934  0 -0.000956654 3
1388550108.664988312 0.421698 -0.471383 1.013 -8.939 0.131529 0  0 -1.45186 3
1388550108.765408270 0.441307 -0.48022 1.019 -11.181 0.195264 -0.0879959  0.0597491 -0.389667 3
1388550108.865882292 0.46606 -0.492084 1.019 -11.569 0.246363 -0.118087  0 -0.0673994 3
1388550108.966279136 0.511576 -0.514855 1.023 -14.013 0.453363 -0.226801  0.0398419 -0.424872 3
1388550109.066700425 0.57025 -0.542568 1.019 -15.128 0.584273 -0.275973  -0.0398322 -0.193786 3
1388550109.468078840 0.802315 -0.655899 1.007 -19.083 0.57817 -0.282353  -0.029897 -0.171977 3
1388550109.568490002 0.856149 -0.681659 1.006 -20.066 0.536143 -0.256546  0 -0.170864 3
1388550109.668874557 0.904383 -0.706963 0.999 -20.918 0.48049 -0.252077  -0.0697318 -0.148133 3
1388550109.869625715 0.980528 -0.748406 0.98 -22.279 0.379298 -0.206439  -0.0946445 -0.118325 3
1388550109.970033591 1.01756 -0.768134 0.981 -22.813 0.368861 -0.196481  0 -0.0928214 3
1388550110.070426739 1.05249 -0.787538 0.976 -23.119 0.347902 -0.19328  -0.0498042 -0.0531979 3
1388550110.170804096 1.08996 -0.806571 0.966 -23.898 0.373288 -0.189614  -0.0996241 -0.135451 3
1388550110.371538421 1.17261 -0.84983 0.967 -24.705 0.411743 -0.215504  0 -0.0701657 3
1388550110.471935689 1.21635 -0.873657 0.969 -25.156 0.435683 -0.23732  0.0199209 -0.0784036 3
1388550110.572348037 1.26318 -0.899466 0.971 -25.271 0.466341 -0.257035  0.0199179 -0.0199898 3
1388550110.672760947 1.31965 -0.930448 0.982 -25.815 0.562429 -0.308546  0.109548 -0.0945539 3
1388550110.773191035 1.37716 -0.961233 0.986 -26.019 0.572547 -0.306535  0.0398287 -0.035454 3
1388550110.873615816 1.43434 -0.994087 0.993 -26.438 0.569401 -0.327147  0.0697039 -0.0728184 3
1388550111.074362784 1.5474 -1.05857 0.995 -26.503 0.56322 -0.321228  0 -0.00565143 3
1388550111.174764169 1.59678 -1.09133 0.998 -27.079 0.491841 -0.326294  0.0298801 -0.10013 3
1388550111.275181619 1.64232 -1.12308 0.995 -27.225 0.453497 -0.316191  -0.0298753 -0.0253752 3
1388550111.375643905 1.68408 -1.15652 0.993 -27.241 0.415611 -0.332785  -0.019908 -0.0027808 3
1388550111.476099202 1.71934 -1.18572 1.006 -27.121 0.351071 -0.290725  0.129411 0.0208508 3
1388550111.576500031 1.7539 -1.21473 1.002 -27.1 0.344205 -0.288956  -0.0398403 0.00364988 3
1388550111.777439341 1.82296 -1.27118 0.992 -26.706 0.343689 -0.280938  -0.0497663 0.034222 3
1388550111.877911544 1.85752 -1.29895 0.992 -26.548 0.343925 -0.276346  0 0.0274474 3
1388550112.178966164 1.99464 -1.37299 1.008 -25.533 0.455479 -0.245927  0.0531465 0.0588434 3
1388550112.279387877 2.04255 -1.39736 1.007 -25.145 0.47705 -0.242701  0 0.0674345 3
1388550112.379828580 2.09373 -1.4201 1.011 -24.898 0.509565 -0.226439  0.0398245 0.0429194 3
1388550112.480232690 2.14679 -1.44166 1.017 -24.528 0.528467 -0.214666  0.0597585 0.0643164 3
1388550112.580729130 2.20357 -1.4579 1.012 -24.207 0.565003 -0.161595  -0.049753 0.0557482 3
1388550112.681153843 2.25899 -1.47234 1.01 -24.054 0.551813 -0.143787  -0.0199154 0.0265906 3
1388550112.781592450 2.315 -1.48058 1.006 -24.002 0.557701 -0.0820497  -0.0398253 0.00903642 3
1388550112.882064583 2.37196 -1.4858 1.002 -24.025 0.566914 -0.0520323  -0.039812 -0.00399452 3
1388550112.982543495 2.42967 -1.48875 1 -24.16 0.574379 -0.0293597  -0.0199047 -0.0234487 3
1388550113.082928536 2.4868 -1.49204 0.997 -24.32 0.569104 -0.0326946  -0.0298849 -0.0278188 3
1388550113.183305613 2.53926 -1.49571 0.995 -24.635 0.522661 -0.0365945  -0.0199249 -0.0547718 3
1388550113.283720831 2.58767 -1.50337 0.992 -25.159 0.482064 -0.0762822  -0.0298759 -0.0910774 3
1388550113.384130663 2.63636 -1.51276 0.989 -25.446 0.484896 -0.0935654  -0.0298776 -0.0498869 3
1388550113.484541764 2.68516 -1.52723 0.99 -25.952 0.486029 -0.144109  0 -0.0879515 3
1388550113.585133738 2.73377 -1.54499 0.99 -26.358 0.483268 -0.176521  0 -0.0704417 3
1388550113.685550557 2.78174 -1.56456 0.986 -27.131 0.477688 -0.194827  -0.039834 -0.134356 3
1388550113.785948175 2.83006 -1.58318 0.987 -27.433 0.481309 -0.185506  0 -0.0525005 3
1388550113.886338523 2.87944 -1.60285 0.986 -27.965 0.491784 -0.195939  0 -0.0924901 3
1388550113.986717072 2.93039 -1.62423 0.983 -28.299 0.507644 -0.212953  -0.0298869 -0.0580741 3
1388550114.087174607 2.98092 -1.64474 0.985 -28.686 0.502996 -0.204158  0.0199089 -0.0672355 3
1388550114.187575362 3.03466 -1.6646 0.98 -29.077 0.53519 -0.197906  -0.0498004 -0.0679711 3
1388550114.287970181 3.09082 -1.6838 0.977 -29.194 0.55947 -0.191165  -0.029882 -0.0203408 3
1388550114.388372825 3.14319 -1.70446 0.976 -29.626 0.521588 -0.205759  0 -0.0750944 3
1388550114.488807173 3.19209 -1.72565 0.975 -29.875 0.486853 -0.210983  0 -0.0432722 3
1388550114.589241457 3.23719 -1.74521 0.973 -29.927 0.449073 -0.194768  -0.0199135 -0.00903416 3
1388550116.194597695 3.58444 -2.31579 0.926 -32.523 0.216309 -0.355425  -0.029277 -0.0282236 3
1388550116.295247854 3.6055 -2.35083 0.926 -32.564 0.209178 -0.348153  0 -0.00710969 3
1388550116.395632269 3.62648 -2.38575 0.926 -32.584 0.209018 -0.347796  0 -0.00347803 3
1388550116.496038824 3.64463 -2.42869 0.922 -28.755 0.180754 -0.427678  -0.039838 0.665582 3
1388550117.098788654 3.74953 -2.6904 0.922 -28.405 0.174041 -0.434204  0 0.0101344 3
1388550117.199176074 3.80555 -2.68202 0.947 -16.179 0.557974 0.0835267  0.249035 2.1256 3
1388550117.299551405 3.87121 -2.66405 0.948 -12.737 0.65415 0.179016  0 0.598496 3
1388550117.399940778 3.94034 -2.63629 0.95 -9.66899 0.688694 0.27653  0.0199224 0.533392 3
1388550117.500363394 4.01202 -2.60343 0.954 -8.405 0.713761 0.327172  0.0398317 0.21968 3
1388550117.600763591 4.0833 -2.55603 0.955 -6.782 0.709981 0.472118  0 0.282138 3
1388550117.701195986 4.15285 -2.51685 0.958 -5.29599 0.69245 0.390121  0.0298708 0.258241 3
1388550117.801620838 4.22871 -2.49073 0.959 -4.76799 0.755392 0.260096  0 0.0917635 3
1388550117.902021729 4.30026 -2.4719 0.958 -4.43399 0.712666 0.187555  0 0.0580612 3
1388550118.002431778 4.35803 -2.46788 0.957 -3.64899 0.575296 0.0400758  0 0.136449 3
1388550118.102913826 4.41793 -2.46866 0.952 -3.05299 0.596137 0  -0.0497601 0.103521 3
1388550118.203367036 4.4775 -2.47309 0.949 -2.157 0.593058 -0.0441439  -0.0298647 0.155675 3
1388550118.303774847 4.53487 -2.47419 0.946 -0.774994 0.571307 -0.0109587  -0.0298782 0.240225 3
1388550118.404193412 4.59502 -2.47472 0.945 0.26001 0.599026 0  0 0.179889 3
1388550118.504597313 4.65335 -2.47471 0.944 0.511002 0.580998 0  0 0.0436301 3
1388550118.705365372 4.76888 -2.46104 0.944 3.57701 0.575438 0.0681115  0 0.266536 3
1388550118.805784145 4.82461 -2.45367 0.948 4.20601 0.554982 0.0733855  0.0398332 0.109323 3
1388550118.906324792 4.87863 -2.44463 0.949 5.502 0.537289 0.0899068  0 0.224977 3
1388550119.006739379 4.92977 -2.42553 0.948 6.30301 0.50922 0.190188  0 0.139225 3
1388550119.107145095 4.97699 -2.40183 0.949 6.653 0.47035 0.236067  0 0.0608381 3
1388550120.211055307 5.39047 -2.48401 0.981 10.238 0.37456 -0.0744454  0.0289879 0.0566805 3
1388550120.311444677 5.42733 -2.49255 0.98 10.381 0.367128 -0.0850826  0 0.0248623 3
1388550120.612521440 5.56496 -2.5058 0.968 13.811 0.45714 -0.0440042  -0.0398569 0.198835 3
1388550120.712977721 5.6151 -2.50463 0.965 14.63 0.499061 0.0116698  -0.0298637 0.142293 3
1388550125.833150477 5.33753 4.19986 0.786 28.735 -0.0542095 1.30943  -0.0349598 0.0480801 3
1388550125.933560028 5.32529 4.34763 0.801 28.682 -0.121945 1.47167  0.149388 -0.00921143 3
1388550126.033999756 5.31025 4.5085 0.802 25.434 -0.149701 1.60164  0 -0.564401 3
1388550126.134390948 5.29889 4.66588 0.817 20.261 -0.113189 1.56769  0.149415 -0.899341 3
1388550126.234793519 5.29012 4.8145 0.824 16.547 -0.0874096 1.48024  0.0697193 -0.645614 3
1388550126.335188899 5.28463 4.941 0.832 12.565 -0.0546351 1.25994  0.0796849 -0.692255 3
1388550126.535914840 5.29053 5.05003 0.841 0.682007 0.0293832 0.543183  0.0448373 -1.03324 3
1388550126.636307285 5.29761 5.08825 0.844 -3.825 0.0705645 0.380715  0.0298827 -0.783546 3
1388550126.736732282 5.30631 5.10045 0.845 -8.29199 0.0866346 0.121481  0 -0.776338 3
1388550126.837185137 5.31808 5.08962 0.842 -13.391 0.117142 -0.107796  -0.0298648 -0.885931 3
1388550126.937606565 5.33752 5.06531 0.841 -17.081 0.193637 -0.242056  0 -0.641324 3
1388550127.038031418 5.36447 5.03059 0.84 -22.349 0.268356 -0.345756  0 -0.915551 3
1388550127.138442371 5.39698 4.98959 0.845 -24.226 0.323732 -0.408344  0.0497954 -0.326257 3
1388550127.238852066 5.43017 4.90991 0.84 -29.716 0.330569 -0.793468  -0.049796 -0.954274 3
1388550127.339276639 5.46954 4.81561 0.846 -33.437 0.392051 -0.939103  0.0597463 -0.646693 3
1388550127.439777752 5.51044 4.71815 0.854 -36.569 0.406904 -0.969678  0.0796011 -0.543912 3
1388550127.540254989 5.55815 4.61215 0.858 -38.142 0.474873 -1.05497  0.03981 -0.273236 3
1388550127.741249473 5.67407 4.41146 0.873 -43.2 0.576702 -0.9985  0.0746289 -0.43921 3
1388550127.841744305 5.73785 4.31939 0.874 -45.501 0.634646 -0.916118  0 -0.399622 3
1388550127.942216999 5.80086 4.22748 0.88 -47.195 0.627211 -0.91484  0.0597177 -0.294268 3
1388550128.042630117 5.8593 4.13696 0.882 -48.759 0.581934 -0.901445  0.0199177 -0.271846 3
1388550128.143045675 5.90884 4.04987 0.885 -50.297 0.493357 -0.867296  0.0298758 -0.267322 3
1388550128.243439730 5.94997 3.97009 0.885 -51.767 0.409673 -0.794695  0 -0.255557 3
1388550128.343884557 5.98104 3.90555 0.888 -52.628 0.30932 -0.64253  0.0298671 -0.149606 3
1388550128.444294881 6.00842 3.83485 0.887 -53.186 0.272711 -0.704058  0 -0.0969912 3
1388550128.544714985 6.03207 3.77711 0.891 -54.267 0.235497 -0.57499  0.0398327 -0.187882 3
1388550128.645149683 6.05078 3.71393 0.89 -55.055 0.186363 -0.629053  0 -0.136936 3
1388550128.745535844 6.07039 3.65179 0.881 -55.881 0.195329 -0.619038  -0.0896538 -0.14361 3
1388550128.845944627 6.09085 3.59011 0.872 -56.773 0.203687 -0.614287  -0.0896336 -0.155049 3
1388550128.946373460 6.11121 3.52843 0.872 -56.798 0.202771 -0.614211  0 -0.00434363 3
1388550129.046727915 6.1352 3.4598 0.872 -58.047 0.239032 -0.683868  0 -0.217223 3
1388550129.147147806 6.15953 3.39163 0.872 -58.204 0.242356 -0.678874  0 -0.0272867 3
1388550129.247624342 6.18368 3.32496 0.872 -59.719 0.240266 -0.663476  0 -0.263163 3
1388550129.348031730 6.20894 3.25301 0.871 -60.128 0.25157 -0.71658  0 -0.0710937 3
1388550129.448430604 6.22831 3.18739 0.868 -60.879 0.192992 -0.653585  -0.0298808 -0.130555 3
1388550129.649181899 6.22664 3.06683 0.862 -61.779 0 -0.600545  -0.0298877 -0.0782454 3
1388550129.749647539 6.222 3.00758 0.863 -62.142 -0.0462127 -0.589731  0 -0.063063 3
1388550129.850096554 6.21763 2.95669 0.859 -62.478 -0.0435265 -0.506644  -0.0398212 -0.0583807 3
1388550129.950546969 6.21653 2.92246 0.853 -63.151 -0.0109231 -0.34076  -0.059731 -0.116935 3
1388550130.050934664 6.21438 2.88889 0.85 -63.385 -0.0214251 -0.334456  -0.0298841 -0.0406819 3
1388550130.151352737 6.20113 2.8642 0.841 -64.123 -0.131935 -0.245836  -0.0896253 -0.12827 3
1388550130.161925593 6.19981 2.8619 0.841 -64.166 -0.12534 -0.217548  0 -0.0709817 3
1388550130.261953189 6.18476 2.83843 0.841 -64.566 -0.150459 -0.234674  0 -0.0697928 8
1388550130.361944954 6.16998 2.81301 0.842 -64.742 -0.147793 -0.254226  0.0100008 -0.0307194 8
1388550130.461944962 6.15979 2.79698 0.844 -64.885 -0.101866 -0.160265  0.02 -0.0249591 4
1388550130.561982404 6.15105 2.78825 0.852 -65.015 -0.087413 -0.0873076  0.0799701 -0.0226816 4
1388550130.662021587 6.14189 2.77943 0.854 -65.039 -0.0915539 -0.0881491  0.0199922 -0.00418485 4
1388550130.762029347 6.1315 2.77101 0.822 -64.998 -0.103882 -0.0841464  -0.319975 0.0071527 9
1388550130.861959656 6.122 2.76321 0.801 -64.955 -0.0950433 -0.0780544  -0.210146 0.00751269 9
1388550130.961967345 6.11676 2.75951 0.695 -65.162 -0.0524034 -0.0369813  -1.05992 -0.0361257 9
1388550131.061958902 6.11193 2.75588 0.658 -65.319 -0.0482704 -0.0363254  -0.370031 -0.0274062 9
1388550131.161953391 6.10897 2.75525 0.529 -66.076 -0.0296416 0  -1.29007 -0.132127 9
1388550131.261959195 6.10601 2.75481 0.507 -66.201 -0.0295816 0  -0.219987 -0.0218153 9
1388550131.361968278 6.10354 2.75551 0.374 -66.844 -0.0247173 0  -1.32988 -0.112215 9
1388550131.461958371 6.10113 2.7566 0.327 -66.851 -0.0240873 0.0108678  -0.470047 -0.00122251 9
1388550131.561937566 6.10221 2.75379 0.221 -66.619 0.0107772 -0.0280549  -1.06022 0.0405018 9
1388550131.661957828 6.10754 2.74834 0.219 -66.57 0.0532855 -0.0544925  -0.0199959 0.00854968 9
1388550131.762003091 6.09701 2.74568 0.144 -65.359 -0.105232 -0.026665  -0.749661 0.211263 9
1388550131.861961682 6.09701 2.74568 0 -65.014 0 0  -1.4406 0.060239 2
1388550131.961969929 6.09701 2.74568 0 -65.032 0 0  0 -0.00314227 2
1388550132.061963930 6.09701 2.74568 0 -65.024 0 0  0 0.00139824 2
1388550132.225631665 6.09701 2.74568 0 -65.014 0 0  0 0.0010658 2
1388550132.405038148 6.09701 2.74568 0 -65.014 0 0  0 0 2
1388550132.500911648 6.09701 2.74568 0 -65.008 0 0  0 0.00109167 2
1388550132.600924926 6.09701 2.74568 0 -64.997 0 0  0 0.00191988 2
1388550132.700929051 6.09701 2.74568 0 -64.989 0 0  0 0.00139544 2
1388550132.800926755 6.09701 2.74568 0 -64.985 0 0  0 0.000697764 2
1388550132.900926272 6.09701 2.74568 0 -64.976 0 0  0 0.00157127 2
1388550133.001139924 6.09701 2.74568 0 -64.97 0 0  0 0.00104705 2
1388550133.100922513 6.09701 2.74568 0 -64.965 0 0  0 0.000872751 2
1388550133.201150832 6.09701 2.74568 0 -64.957 0 0  0 0.00139232 2
1388550133.301143295 6.09701 2.74568 0 -64.954 0 0  0 0.000524682 2
1388550133.401150151 6.09701 2.74568 0 -64.941 0 0  0 0.00226886 2
1388550133.500924077 6.09701 2.74568 0 -64.937 0 0  0 0.000699329 2
1388550133.600928412 6.09701 2.74568 0 -64.926 0 0  0 0.00192006 2
1388550133.701142209 6.09701 2.74568 0 -64.923 0 0  0 0.000523523 2
1388550133.800902240 6.09701 2.74568 0 -64.914 0 0  0 0.00157504 2
1388550133.900927041 6.09701 2.74568 0 -64.913 0 0  0 0.000173063 2
1388550134.001152987 6.09701 2.74568 0 -64.9 0 0  0 0.0022639 2
1388550134.101137414 6.09701 2.74568 0 -64.894 0 0  0 0.00104679 2
1388550134.201037903 6.09701 2.74568 0 -64.886 0 0  0 0.00139955 2
1388550134.301141060 6.09701 2.74568 0 -64.88 0 0  0 0.00104554 2
1388550134.400928957 6.09701 2.74568 0 -64.87 0 0  0 0.00174808 2
1388550134.501141776 6.09701 2.74568 0 -64.865 0 0  0 0.000871662 2
1388550134.600923527 6.09701 2.74568 0 -64.858 0 0  0 0.00122506 2
1388550134.700928074 6.09701 2.74568 0 -64.849 0 0  0 0.00156853 2
1388550134.800903359 6.09701 2.74568 0 -64.839 0 0  0 0.00174747 2
1388550135.000921733 6.09701 2.74568 0 -64.826 0 0  0 0.0011344 2
1388550135.100922581 6.09701 2.74568 0 -64.817 0 0  0 0.00157125 2
1388550135.201193090 6.09701 2.74568 0 -64.812 0 0  0 0.000868504 2
1388550135.301141831 6.09701 2.74568 0 -64.806 0 0  0 0.00104716 2
1388550135.400922539 6.09701 2.74568 0 -64.805 0 0  0 0.000176155 2
1388550135.500922614 6.09701 2.74568 0 -64.79 0 0  0 0.00261789 2
1388550135.601094916 6.09701 2.74568 0 -64.787 0 0  0 0.00052374 2
1388550135.700925911 6.09701 2.74568 0 -64.775 0 0  0 0.00209679 2
1388550135.801143125 6.09701 2.74568 0 -64.773 0 0  0 0.000348118 2
1388550135.900902596 6.09701 2.74568 0 -64.758 0 0  0 0.0026242 2
1388550136.001185394 6.09701 2.74568 0 -64.757 0 0  0 0.000175273 2
1388550136.100918883 6.09701 2.74568 0 -64.745 0 0  0 0.00209884 2
1388550136.200915679 6.09701 2.74568 0 -64.742 0 0  0 0.00052466 2
1388550136.300916596 6.09701 2.74568 0 -64.728 0 0  0 0.0024421 2
1388550136.401202251 6.09701 2.74568 0 -64.722 0 0  0 0.00104364 2
1388550136.500928479 6.09701 2.74568 0 -64.714 0 0  0 0.001402 2
1388550136.600925273 6.09701 2.74568 0 -64.703 0 0  0 0.0019202 2
1388550136.701467110 6.09701 2.74568 0 -64.698 0 0  0 0.00086616 2
1388550136.801143473 6.09701 2.74568 0 -64.688 0 0  0 0.00175271 2
1388550136.901136635 6.09701 2.74568 0 -64.684 0 0  0 0.000697796 2
1388550137.001143905 6.09701 2.74568 0 -64.672 0 0  0 0.00209309 2
1388550137.101042919 6.09701 2.74568 0 -64.667 0 0  0 0.0008744 2
1388550137.200909252 6.09701 2.74568 0 -64.659 0 0  0 0.00139736 2
1388550137.601015229 6.09701 2.74568 0 -64.629 0 0  0 0.0013086 2
1388550137.701140676 6.09701 2.74568 0 -64.622 0 0  0 0.00122086 2
1388550137.800925917 6.09701 2.74568 0 -64.614 0 0  0 0.0013985 2
1388550137.901140336 6.09701 2.74568 0 -64.603 0 0  0 0.00191603 2
1388550138.000929002 6.09701 2.74568 0 -64.594 0 0  0 0.00157459 2
1388550138.100918255 6.09701 2.74568 0 -64.586 0 0  0 0.00139565 2
1388550138.200927133 6.09701 2.74568 0 -64.581 0 0  0 0.000873439 2
1388550138.301143087 6.09701 2.74568 0 -64.575 0 0  0 0.00104437 2
1388550138.400920859 6.09701 2.74568 0 -64.574 0 0  0 0.00017616 2
1388550138.500924777 6.09701 2.74568 0 -64.568 0 0  0 0.00104658 2
1388550138.600923526 6.09701 2.74568 0 -64.562 0 0  0 0.00104664 2
1388550138.701145634 6.09701 2.74568 0 -64.55 0 0  0 0.00209126 2
1388550138.801176996 6.09701 2.74568 0 -64.537 0 0  0 0.0022683 2
1388550138.901139777 6.09701 2.74568 0 -64.536 0 0  0 0.00017317 2
1388550139.001147468 6.09701 2.74568 0 -64.522 0 0  0 0.00244459 2
1388550139.100924121 6.09701 2.74568 0 -64.517 0 0  0 0.000872803 2
1388550139.301005645 6.09701 2.74568 0 -64.502 0 0  0 0.00130841 2
1388550139.400989790 6.09701 2.74568 0 -64.494 0 0  0 0.00139838 2
1388550139.501149529 6.09701 2.74568 0 -64.488 0 0  0 0.00104495 2
1388550139.601050639 6.09701 2.74568 0 -64.479 0 0  0 0.00157282 2
1388550139.700918646 6.09701 2.74568 0 -64.471 0 0  0 0.00139734 2
1388550139.800908038 6.09701 2.74568 0 -64.461 0 0  0 0.00174456 2
1388550139.900992551 6.09701 2.74568 0 -64.458 0 0  0 0.0005242 2
1388550140.000918666 6.09701 2.74568 0 -64.447 0 0  0 0.00192156 2
1388550140.100923144 6.09701 2.74568 0 -64.436 0 0  0 0.00192005 2
1388550140.200905689 6.09701 2.74568 0 -64.428 0 0  0 0.00139574 2
1388550140.301140508 6.09701 2.74568 0 -64.423 0 0  0 0.00087147 2
1388550140.500910669 6.09701 2.74568 0 -64.422 0 0  0 8.66523e-05 2
1388550140.601154983 6.09701 2.74568 0 -64.394 0 0  0 0.00487499 2
1388550140.701161346 6.09701 2.74568 0 -64.388 0 0  0 0.00104656 2
1388550140.800914815 6.09701 2.74568 0 -64.382 0 0  0 0.00105188 2
1388550140.901141736 6.09701 2.74568 0 -64.373 0 0  0 0.00156505 2
1388550141.200914491 6.09701 2.74568 0 -64.351 0 0  0 0.00128106 2
1388550141.301184085 6.09701 2.74568 0 -64.338 0 0  0 0.00226291 2
1388550141.401146168 6.09701 2.74568 0 -64.331 0 0  0 0.00122285 2
1388550141.501146107 6.09701 2.74568 0 -64.326 0 0  0 0.000873517 2
1388550141.600921640 6.09701 2.74568 0 -64.321 0 0  0 0.000872813 2
1388550141.701222106 6.09701 2.74568 0 -64.312 0 0  0 0.00156656 2
1388550141.800928012 6.09701 2.74568 0 -64.303 0 0  0 0.0015759 2
1388550141.900924949 6.09701 2.74568 0 -64.298 0 0  0 0.000873544 2
1388550142.001187836 6.09701 2.74568 0 -64.285 0 0  0 0.00226306 2
1388550142.100918672 6.09701 2.74568 0 -64.28 0 0  0 0.000873204 2
1388550142.200926500 6.09701 2.74568 0 -64.274 0 0  0 0.0010492 2
1388550142.400925331 6.09701 2.74568 0 -64.258 0 0  0 0.0013955 2
1388550142.501144433 6.09701 2.74568 0 -64.249 0 0  0 0.00156783 2
1388550142.600927928 6.09701 2.74568 0 -64.242 0 0  0 0.00122504 2
1388550142.701147443 6.09701 2.74568 0 -64.239 0 0  0 0.000520836 2
1388550142.801151852 6.09701 2.74568 0 -64.233 0 0  0 0.00104924 2
1388550142.900924945 6.09701 2.74568 0 -64.227 0 0  0 0.001049 2
1388550143.000912455 6.09701 2.74568 0 -64.219 0 0  0 0.00139567 2
1388550143.100923632 6.09701 2.74568 0 -64.217 0 0  0 0.000348835 2
1388550143.401144982 6.09701 2.74568 0 -64.216 0 0  0 5.85463e-05 2
1388550146.300914286 6.09701 2.74568 0 -63.973 0 0  0 0.00146256 2
1388550146.400915553 6.09701 2.74568 0 -63.971 0 0  0 0.00034887 2
1388550146.701144580 6.09701 2.74568 0 -63.944 0 0  0 0.00156918 2
1388550146.900914259 6.09701 2.74568 0 -63.936 0 0  0 0.000699886 2
1388550147.001141255 6.09701 2.74568 0 -63.924 0 0  0 0.0020885 2
1388550147.101137210 6.09701 2.74568 0 -63.92 0 0  0 0.000697776 2
1388550147.200926363 6.09701 2.74568 0 -63.916 0 0  0 0.000699222 2
1388550148.501145685 6.09701 2.74568 0 -63.815 0 0  0 0.00135593 2
1388550148.600909421 6.09701 2.74568 0 -63.801 0 0  0 0.0024479 2
1388550148.701142213 6.09701 2.74568 0 -63.792 0 0  0 0.00156762 2
1388550148.800912580 6.09701 2.74568 0 -63.791 0 0  0 0.000173504 2
1388550148.900909374 6.09701 2.74568 0 -63.774 0 0  0 0.00296952 2
1388550149.001190560 6.09701 2.74568 0 -63.774 0 0  0 0 2
1388550149.100908548 6.09701 2.74568 0 -63.773 0 0  0 0.000173595 2
1388550149.201141408 6.09701 2.74568 0 -63.751 0 0  0 0.00383136 2
1388550149.300914497 6.09701 2.74568 0 -63.747 0 0  0 0.000699335 2
1388550149.400926937 6.09701 2.74568 0 -63.74 0 0  0 0.00122224 2
1388550149.500955715 6.09701 2.74568 0 -63.736 0 0  0 0.000697547 2
1388550149.601139063 6.09701 2.74568 0 -63.728 0 0  0 0.00139294 2
1388550149.700926748 6.09701 2.74568 0 -63.716 0 0  0 0.00210037 2
1388550150.000967974 6.09701 2.74568 0 -63.696 0 0  0 0.00116275 2
1388550150.100920910 6.09701 2.74568 0 -63.686 0 0  0 0.00174786 2
1388550150.201147341 6.09701 2.74568 0 -63.678 0 0  0 0.00139234 2
1388550150.400904864 6.09701 2.74568 0 -63.668 0 0  0 0.000873244 2
1388550150.501140729 6.09701 2.74568 0 -63.661 0 0  0 0.00121951 2
1388550150.600954821 6.09701 2.74568 0 -63.655 0 0  0 0.00104857 2
1388550150.700928631 6.09701 2.74568 0 -63.645 0 0  0 0.00174749 2
1388550150.901135171 6.09701 2.74568 0 -63.644 0 0  0 8.64634e-05 2
1388550151.400912899 6.09701 2.74568 0 -63.632 0 0  0 0.000419368 2
1388550151.501025772 6.09701 2.74568 0 -63.588 0 0  0 0.00766924 2
1388550151.600902576 6.09701 2.74568 0 -63.582 0 0  0 0.00104791 2
1388550151.701039891 6.09701 2.74568 0 -63.574 0 0  0 0.00139624 2
1388550151.801139698 6.09701 2.74568 0 -63.572 0 0  0 0.000348526 2
1388550152.100919936 6.09701 2.74568 0 -63.57 0 0  0 0.000116377 2
1388550152.201031685 6.09701 2.74568 0 -63.534 0 0  0 0.00627538 2
1388550152.300928675 6.09701 2.74568 0 -63.525 0 0  0 0.00157289 2
1388550152.439734807 6.09701 2.74568 0 -63.516 0 0  0 0.00113199 2
1388550152.500925544 6.09701 2.74568 0 -63.512 0 0  0 0.00114028 2
1388550152.600925272 6.09701 2.74568 0 -63.503 0 0  0 0.00157127 2
1388550152.701199544 6.09701 2.74568 0 -63.493 0 0  0 0.0017396 2
1388550152.803708955 6.09701 2.74568 0 -63.489 0 0  0 0.000680667 2
1388550152.900908115 6.09701 2.74568 0 -63.477 0 0  0 0.0021563 2
1388550153.001189234 6.09701 2.74568 0 -63.472 0 0  0 0.000868412 2
1388550153.200921890 6.09701 2.74568 0 -63.461 0 0  0 0.000961355 2
1388550153.300926995 6.09701 2.74568 0 -63.458 0 0  0 0.000524616 2
1388550153.400997340 6.09701 2.74568 0 -63.451 0 0  0 0.00122153 2
1388550153.501143526 6.09701 2.74568 0 -63.444 0 0  0 0.00121795 2
1388550153.600926326 6.09701 2.74568 0 -63.439 0 0  0 0.000875418 2
1388550153.701140464 6.09701 2.74568 0 -63.427 0 0  0 0.00209143 2
1388550157.500912762 6.09701 2.74568 0 -63.22 0 0  0 0.000950805 2
1388550157.600908446 6.09701 2.74568 0 -63.121 0 0  0 0.0172793 2
1388550158.101147127 6.09701 2.74568 0 -63.075 0 0  0 0.00160459 2
1388550158.700901607 6.09701 2.74568 0 -63.023 0 0  0 0.00151329 2
1388550158.801143615 6.09701 2.74568 0 -63.021 0 0  0 0.000348032 2
1388550158.900928508 6.09701 2.74568 0 -63.013 0 0  0 0.0013985 2
1388550159.000927393 6.09701 2.74568 0 -63.008 0 0  0 0.000873527 2
1388550159.100920215 6.09701 2.74568 0 -62.998 0 0  0 0.0017445 2
1388550159.600915710 6.09701 2.74568 0 -62.998 0 0  0 0 2
1388550162.700928215 6.09701 2.74568 0 -62.73 0 0  0 0.00150889 2
1388550164.501144008 6.09701 2.74568 0 -34.597 0 0  0 0.272753 2
1388550164.700924447 6.09701 2.74568 0 26.414 0 0  0 5.33007 2
1388550164.901158428 6.09701 2.74568 0 41.415 0 0  0 1.30756 2
1388550165.000916783 6.09701 2.74568 0 51.569 0 0  0 1.7765 2
1388550166.100905543 6.09701 2.74568 0 56.898 0 0  0 0.0845542 2
1388550166.200905414 6.09701 2.74568 0 44.81 0 0  0 -2.10976 2
1388550166.501135349 6.09701 2.74568 0 39.252 0 0  0 -0.323104 2
1388550166.600922202 6.09701 2.74568 0 25.239 0 0  0 -2.45095 2
1388550166.800921445 6.09701 2.74568 0 20.981 0 0  0 -0.371583 2
1388550167.000915242 6.09701 2.74568 0 18.079 0 0  0 -0.253255 2
1388550167.100928103 6.09701 2.74568 0 18.087 0 0  0 0.00139532 2
1388550167.200916377 6.09701 2.74568 0 13.563 0 0  0 -0.78968 2
1388550167.300915550 6.09701 2.74568 0 13.134 0 0  0 -0.0748754 2
1388550167.400958998 6.09701 2.74568 0 6.617 0 0  0 -1.13694 2
1388550167.501141640 6.09701 2.74568 0 3.48801 0 0  0 -0.545118 2
1388550167.600923600 6.09701 2.74568 0 2.87201 0 0  0 -0.107747 2
1388550167.700913619 6.09701 2.74568 0 3.315 0 0  0 0.0773246 2
1388550167.800921591 6.09701 2.74568 0 5.28101 0 0  0 0.343105 2
1388550167.900926273 6.09701 2.74568 0 6.27301 0 0  0 0.173129 2
1388550168.001197613 6.09701 2.74568 0 8.002 0 0  0 0.300949 2
1388550168.100903169 6.09701 2.74568 0 9.23601 0 0  0 0.216011 2
1388550168.200917074 6.09701 2.74568 0 9.304 0 0  0 0.0118654 2
1388550168.300913452 6.09701 2.74568 0 8.347 0 0  0 -0.167034 2
1388550168.401140585 6.09701 2.74568 0 8.08301 0 0  0 -0.0459709 2
1388550168.500928619 6.09701 2.74568 0 5.71201 0 0  0 -0.414697 2
1388550168.600916265 6.09701 2.74568 0 3.10101 0 0  0 -0.45576 2
1388550168.700927936 6.09701 2.74568 0 2.60201 0 0  0 -0.0870832 2
1388550169.300925395 6.09701 2.74568 0 2.48001 0 0  0 -0.00354868 2
1388550169.401298287 6.09701 2.74568 0 8.85101 0 0  0 1.10782 2
1388550169.500900755 6.09701 2.74568 0 7.548 0 0  0 -0.228326 2
1388550169.601145417 6.09701 2.74568 0 7.056 0 0  0 -0.0856614 2
1388550169.700921718 6.09701 2.74568 0 5.153 0 0  0 -0.332881 2
1388550169.800926966 6.09701 2.74568 0 4.81001 0 0  0 -0.0598594 2
1388550169.900904202 6.09701 2.74568 0 7.589 0 0  0 0.485136 2
1388550170.001164444 6.09701 2.74568 0 7.97701 0 0  0 0.0675431 2
1388550170.100925449 6.09701 2.74568 0 7.63501 0 0  0 -0.0598324 2
1388550170.200902477 6.09701 2.74568 0 7.31001 0 0  0 -0.0567357 2
1388550170.301159505 6.09701 2.74568 0 4.82301 0 0  0 -0.43295 2
1388550170.400911221 6.09701 2.74568 0 4.05501 0 0  0 -0.134376 2
1388550170.500919122 6.09701 2.74568 0 3.68901 0 0  0 -0.0638735 2
1388550170.601215470 6.09701 2.74568 0 3.76801 0 0  0 0.0137464 2
1388550170.700926609 6.09701 2.74568 0 3.58601 0 0  0 -0.0318555 2
1388550171.000917135 6.09701 2.74568 0 1.67001 0 0  0 -0.111472 2
1388550171.100926987 6.09701 2.74568 0 1.718 0 0  0 0.00837482 2
1388550171.200928248 6.09701 2.74568 0 1.73201 0 0  0 0.00244475 2
1388550171.300923373 6.09701 2.74568 0 1.742 0 0  0 0.00174446 2
1388550171.400922820 6.09701 2.74568 0 1.737 0 0  0 -0.000873522 2
1388550171.500919193 6.09701 2.74568 0 1.71901 0 0  0 -0.00313998 2
1388550171.600922832 6.09701 2.74568 0 1.722 0 0  0 0.000521961 2
1388550171.700994356 6.09701 2.74568 0 1.72501 0 0  0 0.000524268 2
1388550171.800920957 6.09701 2.74568 0 1.729 0 0  0 0.000698261 2
1388550171.901159054 6.09701 2.74568 0 1.73001 0 0  0 0.000175351 2
1388550172.000925654 6.09701 2.74568 0 1.73201 0 0  0 0.00034969 2
1388550172.200901988 6.09701 2.74568 0 1.74501 0 0  0 0.00113464 2
1388550172.300925323 6.09701 2.74568 0 1.74901 0 0  0 0.000697585 2
1388550172.400916323 6.09701 2.74568 0 1.75301 0 0  0 0.000697811 2
1388550172.500917864 6.09701 2.74568 0 1.75801 0 0  0 0.000873503 2
1388550172.600926115 6.09701 2.74568 0 1.75801 0 0  0 0 2
1388550172.701142905 6.09701 2.74568 0 1.759 0 0  0 0.000172731 2
1388550172.800925288 6.09701 2.74568 0 1.76701 0 0  0 0.00140121 2
1388550173.001035862 6.09701 2.74568 0 1.78401 0 0  0 0.00148256 2
1388550173.101173459 6.09701 2.74568 0 1.78801 0 0  0 0.000696789 2
1388550173.200927831 6.09701 2.74568 0 1.798 0 0  0 0.00174867 2
1388550173.300918200 6.09701 2.74568 0 1.80301 0 0  0 0.000873601 2
1388550173.401035891 6.09701 2.74568 0 1.80801 0 0  0 0.00087249 2
1388550173.500923518 6.09701 2.74568 0 1.813 0 0  0 0.000871833 2
1388550173.600924575 6.09701 2.74568 0 1.819 0 0  0 0.00104661 2
1388550173.700927101 6.09701 2.74568 0 1.82201 0 0  0 0.000524629 2
1388550173.800981441 6.09701 2.74568 0 1.82901 0 0  0 0.00122173 2
1388550173.900902251 6.09701 2.74568 0 1.83701 0 0  0 0.0013966 2
1388550174.001278281 6.09701 2.74568 0 1.839 0 0  0 0.000347567 2
1388550174.100922516 6.09701 2.74568 0 1.841 0 0  0 0.00035012 2
1388550174.200920220 6.09701 2.74568 0 1.841 0 0  0 0 2
1388550174.300902552 6.09701 2.74568 0 1.854 0 0  0 0.00226941 2
1388550174.400917647 6.09701 2.74568 0 1.858 0 0  0 0.000697643 2
1388550174.500922198 6.09701 2.74568 0 1.86 0 0  0 0.000348858 2
1388550174.600921922 6.09701 2.74568 0 1.871 0 0  0 0.00192014 2
1388550174.700919209 6.09701 2.74568 0 1.873 0 0  0 0.000348884 2
1388550174.900911816 6.09701 2.74568 0 1.87601 0 0  0 0.000262331 2
1388550175.000921743 6.09701 2.74568 0 1.895 0 0  0 0.00331531 2
1388550175.100924957 6.09701 2.74568 0 1.901 0 0  0 0.00104659 2
1388550175.200922941 6.09701 2.74568 0 1.90501 0 0  0 0.000700425 2
1388550175.301148260 6.09701 2.74568 0 1.912 0 0  0 0.00121699 2
1388550175.400915694 6.09701 2.74568 0 1.91501 0 0  0 0.000525866 2
1388550175.500928061 6.09701 2.74568 0 1.927 0 0  0 0.00209299 2
1388550175.600925277 6.09701 2.74568 0 1.92801 0 0  0 0.000175774 2
1388550175.701184325 6.09701 2.74568 0 1.93501 0 0  0 0.00121923 2
1388550175.800926684 6.09701 2.74568 0 1.94101 0 0  0 0.00104933 2
1388550175.900923410 6.09701 2.74568 0 1.944 0 0  0 0.000521997 2
1388550176.000925445 6.09701 2.74568 0 1.951 0 0  0 0.00122237 2
1388550176.100926703 6.09701 2.74568 0 1.957 0 0  0 0.00104661 2
1388550176.200923644 6.09701 2.74568 0 1.95601 0 0  0 -0.000173111 2
1388550176.600919267 6.09701 2.74568 0 1.979 0 0  0 0.00100336 2
1388550176.700925842 6.09701 2.74568 0 1.98201 0 0  0 0.000524608 2
1388550176.800927939 6.09701 2.74568 0 1.98801 0 0  0 0.0010466 2
1388550177.000918596 6.09701 2.74568 0 2.00101 0 0  0 0.00113456 2
1388550177.101137906 6.09701 2.74568 0 2.007 0 0  0 0.00104433 2
1388550177.301134220 6.09701 2.74568 0 2.01901 0 0  0 0.00104797 2
1388550177.401593083 6.09701 2.74568 0 2.024 0 0  0 0.000866876 2
1388550177.500910462 6.09701 2.74568 0 2.02901 0 0  0 0.000879521 2
1388550177.600924854 6.09701 2.74568 0 2.03101 0 0  0 0.000348824 2
1388550177.800908950 6.09701 2.74568 0 2.03201 0 0  0 8.78913e-05 2
1388550177.900915798 6.09701 2.74568 0 2.05101 0 0  0 0.00331541 2
1388550178.001179664 6.09701 2.74568 0 2.05901 0 0  0 0.00139182 2
1388550178.100927404 6.09701 2.74568 0 2.06401 0 0  0 0.000875726 2
