2.95283 -0.341066 1.011 1.38795e+09
3.0085 -0.350401 1.00952 1.38795e+09
3.06346 -0.35716 1.00888 1.38795e+09
3.11783 -0.36025 1.00882 1.38795e+09
3.17152 -0.359433 1.00913 1.38795e+09
3.22439 -0.35484 1.00968 1.38795e+09
3.27632 -0.34673 1.01039 1.38795e+09
3.3272 -0.335382 1.0112 1.38795e+09
3.37697 -0.321053 1.01206 1.38795e+09
3.42554 -0.303963 1.01296 1.38795e+09
3.47286 -0.284296 1.01387 1.38795e+09
3.51888 -0.262206 1.01477 1.38795e+09
3.56353 -0.237821 1.01568 1.38795e+09
3.60675 -0.211254 1.01657 1.38795e+09
3.64848 -0.182605 1.01744 1.38795e+09
3.68864 -0.151966 1.0183 1.38795e+09
3.72717 -0.119424 1.01913 1.38795e+09
3.76399 -0.085065 1.01995 1.38795e+09
3.79904 -0.0489747 1.02075 1.38795e+09
3.83223 -0.0112399 1.02153 1.38795e+09
3.8635 0.02805 1.02229 1.38795e+09
3.89277 0.0688031 1.02303 1.38795e+09
3.91999 0.110924 1.02375 1.38795e+09
3.94509 0.154315 1.02445 1.38795e+09
3.96801 0.198874 1.02513 1.38795e+09
3.98869 0.244495 1.02579 1.38795e+09
4.00708 0.29107 1.02644 1.38795e+09
4.02313 0.338488 1.02707 1.38795e+09
4.03681 0.386634 1.02768 1.38795e+09
4.04808 0.435393 1.02827 1.38795e+09
4.05691 0.484645 1.02885 1.38795e+09
4.06327 0.53427 1.02941 1.38795e+09
4.06715 0.584145 1.02996 1.38795e+09
4.06854 0.634148 1.03049 1.38795e+09
4.06742 0.684154 1.03101 1.38795e+09
4.0638 0.734038 1.03151 1.38795e+09
4.05769 0.783677 1.03199 1.38795e+09
4.04911 0.832944 1.03247 1.38795e+09
4.03806 0.881718 1.03293 1.38795e+09
4.02458 0.929874 1.03337 1.38795e+09
4.00869 0.977291 1.03381 1.38795e+09
3.99045 1.02385 1.03423 1.38795e+09
3.96989 1.06943 1.03464 1.38795e+09
3.94706 1.11392 1.03504 1.38795e+09
3.92202 1.1572 1.03542 1.38795e+09
3.95804 1.16499 1.03194 1.38795e+09
3.98168 1.18 1.02863 1.38795e+09
3.99455 1.19944 1.02544 1.38795e+09
3.9985 1.22161 1.02234 1.38795e+09
3.99529 1.2457 1.01931 1.38795e+09
3.98652 1.27139 1.01634 1.38795e+09
3.97357 1.29867 1.01342 1.38795e+09
3.95763 1.32765 1.01054 1.38795e+09
3.93974 1.35846 1.00771 1.38795e+09
3.92077 1.39121 1.00492 1.38795e+09
3.90147 1.42598 1.00217 1.38795e+09
3.88249 1.46276 0.99946 1.38795e+09
3.86438 1.50149 0.996784 1.38795e+09
3.84761 1.54208 0.994142 1.38795e+09
3.83254 1.58437 0.991534 1.38795e+09
3.81951 1.62818 0.988958 1.38795e+09
3.80875 1.67331 0.986411 1.38795e+09
3.80046 1.71955 0.983893 1.38795e+09
3.79478 1.76667 0.981402 1.38795e+09
3.79185 1.81445 0.98223 1.38795e+09
3.7917 1.86267 0.984123 1.38795e+09
3.79437 1.91109 0.986682 1.38795e+09
3.79987 1.95952 0.989639 1.38795e+09
3.80818 2.00776 0.992811 1.38795e+09
3.81927 2.0556 0.996077 1.38795e+09
3.8331 2.10288 0.999356 1.38795e+09
3.84963 2.1494 1.0026 1.38795e+09
3.86878 2.19502 1.00576 1.38795e+09
3.89048 2.23958 1.00883 1.38795e+09
3.91465 2.28293 1.01179 1.38795e+09
3.9412 2.32493 1.01463 1.38795e+09
3.97003 2.36546 1.01736 1.38795e+09
4.00106 2.40439 1.01996 1.38795e+09
4.03417 2.44161 1.02244 1.38795e+09
4.06925 2.47702 1.0248 1.38795e+09
4.10621 2.51051 1.02704 1.38795e+09
4.14491 2.542 1.02917 1.38795e+09
4.18524 2.57139 1.03118 1.38795e+09
4.22709 2.59862 1.03309 1.38795e+09
4.27032 2.6236 1.03489 1.38795e+09
4.31482 2.64629 1.03659 1.38795e+09
4.36046 2.66661 1.03818 1.38795e+09
4.4071 2.68452 1.03968 1.38795e+09
4.45462 2.69997 1.04109 1.38795e+09
4.50288 2.71293 1.0424 1.38795e+09
4.55176 2.72336 1.04363 1.38795e+09
4.60111 2.73125 1.04477 1.38795e+09
4.65081 2.73657 1.04582 1.38795e+09
4.70072 2.73932 1.04679 1.38795e+09
4.75071 2.73949 1.04768 1.38795e+09
4.80064 2.73709 1.0485 1.38795e+09
4.85039 2.73212 1.04924 1.38795e+09
4.89981 2.7246 1.04991 1.38795e+09
4.94879 2.71455 1.05051 1.38795e+09
4.99718 2.702 1.05103 1.38795e+09
5.04487 2.68699 1.0515 1.38795e+09
5.10014 2.67592 1.04395 1.38795e+09
5.1541 2.66367 1.03532 1.38795e+09
5.20702 2.65075 1.02606 1.38795e+09
5.25908 2.63744 1.01649 1.38795e+09
5.31046 2.62388 1.00681 1.38795e+09
5.36127 2.61014 0.997181 1.38795e+09
5.4116 2.59629 0.987682 1.38795e+09
5.46155 2.58234 0.978376 1.38795e+09
5.51116 2.56834 0.969299 1.38795e+09
5.5605 2.55429 0.960469 1.38795e+09
5.60961 2.5402 0.951898 1.38795e+09
5.65854 2.52609 0.943586 1.38795e+09
5.7073 2.51197 0.935531 1.38795e+09
5.75593 2.49782 0.927726 1.38795e+09
5.80445 2.48367 0.920163 1.38795e+09
5.85288 2.46952 0.912832 1.38795e+09
5.90123 2.45536 0.905723 1.38795e+09
5.94952 2.4412 0.898827 1.38795e+09
5.99775 2.42704 0.892132 1.38795e+09
6.04594 2.41288 0.885628 1.38795e+09
6.09409 2.39873 0.879307 1.38795e+09
6.14221 2.38457 0.873157 1.38795e+09
6.1903 2.37042 0.867169 1.38795e+09
6.23837 2.35627 0.861336 1.38795e+09
6.28643 2.34212 0.855649 1.38795e+09
6.33447 2.32798 0.850099 1.38795e+09
6.38249 2.31384 0.84468 1.38795e+09
6.43051 2.2997 0.839383 1.38795e+09
6.47852 2.28556 0.834203 1.38795e+09
6.52652 2.27143 0.829133 1.38795e+09
6.57452 2.2573 0.824167 1.38795e+09
6.62251 2.24317 0.819298 1.38795e+09
6.6705 2.22905 0.814523 1.38795e+09
6.71848 2.21492 0.809835 1.38795e+09
6.76646 2.2008 0.805229 1.38795e+09
6.81444 2.18669 0.800702 1.38795e+09
6.86242 2.17257 0.796249 1.38795e+09
6.9104 2.15846 0.791865 1.38795e+09
6.95837 2.14434 0.787547 1.38795e+09
7.00635 2.13023 0.783292 1.38795e+09
7.05432 2.11612 0.779095 1.38795e+09
7.10229 2.10202 0.774954 1.38795e+09
7.15027 2.08791 0.770865 1.38795e+09
7.19824 2.07381 0.766826 1.38795e+09
7.24621 2.0597 0.762834 1.38795e+09
7.29419 2.0456 0.758886 1.38795e+09
7.34216 2.0315 0.75498 1.38795e+09
7.39013 2.0174 0.751113 1.38795e+09
7.4381 2.00331 0.747284 1.38795e+09
7.48608 1.98921 0.74349 1.38795e+09
7.53405 1.97511 0.739729 1.38795e+09
7.58202 1.96102 0.736 1.38795e+09
7.63 1.94692 0.7323 1.38795e+09
7.67797 1.93283 0.728628 1.38795e+09
7.72594 1.91874 0.724984 1.38795e+09
7.77392 1.90465 0.721364 1.38795e+09
7.82189 1.89056 0.717768 1.38795e+09
7.86986 1.87647 0.714194 1.38795e+09
7.91784 1.86238 0.710641 1.38795e+09
7.96581 1.84829 0.707109 1.38795e+09
8.01379 1.8342 0.703595 1.38795e+09
8.06176 1.82011 0.700099 1.38795e+09
8.10974 1.80603 0.69662 1.38795e+09
8.15771 1.79194 0.693157 1.38795e+09
8.20569 1.77785 0.689709 1.38795e+09
8.25366 1.76377 0.686275 1.38795e+09
8.30164 1.74968 0.682855 1.38795e+09
8.34961 1.7356 0.679447 1.38795e+09
8.39759 1.72152 0.676051 1.38795e+09
8.44556 1.70743 0.672667 1.38795e+09
8.49354 1.69335 0.669293 1.38795e+09
8.54151 1.67927 0.66593 1.38795e+09
8.58949 1.66518 0.662576 1.38795e+09
8.63747 1.6511 0.659231 1.38795e+09
8.68544 1.63702 0.655894 1.38795e+09
8.73342 1.62294 0.652566 1.38795e+09
8.7814 1.60886 0.649245 1.38795e+09
8.82937 1.59478 0.645932 1.38795e+09
8.87735 1.5807 0.642625 1.38795e+09
8.92532 1.56661 0.639325 1.38795e+09
8.9733 1.55253 0.63603 1.38795e+09
9.02128 1.53845 0.632742 1.38795e+09
9.06925 1.52438 0.629459 1.38795e+09
9.11723 1.5103 0.626181 1.38795e+09
9.16521 1.49622 0.622908 1.38795e+09
9.21318 1.48214 0.61964 1.38795e+09
9.26116 1.46806 0.616375 1.38795e+09
9.30914 1.45398 0.613115 1.38795e+09
9.35712 1.4399 0.609859 1.38795e+09
9.40509 1.42582 0.606607 1.38795e+09
9.45307 1.41174 0.603357 1.38795e+09
9.50105 1.39767 0.600112 1.38795e+09
9.54902 1.38359 0.596869 1.38795e+09
9.597 1.36951 0.593629 1.38795e+09
9.64498 1.35543 0.590392 1.38795e+09
9.69296 1.34135 0.587157 1.38795e+09
9.74093 1.32728 0.583925 1.38795e+09
9.78891 1.3132 0.580696 1.38795e+09
9.83689 1.29912 0.577468 1.38795e+09
9.88487 1.28505 0.574242 1.38795e+09
9.93284 1.27097 0.571019 1.38795e+09
9.98082 1.25689 0.567797 1.38795e+09
10.0288 1.24281 0.564577 1.38795e+09
10.0768 1.22874 0.561359 1.38795e+09
10.1248 1.21466 0.558142 1.38795e+09
10.1727 1.20058 0.554927 1.38795e+09
10.2207 1.18651 0.551713 1.38795e+09
10.2687 1.17243 0.548501 1.38795e+09
10.3167 1.15835 0.545289 1.38795e+09
10.3646 1.14428 0.542079 1.38795e+09
10.4126 1.1302 0.53887 1.38795e+09
10.4606 1.11613 0.535662 1.38795e+09
10.5086 1.10205 0.532455 1.38795e+09
10.5566 1.08797 0.529249 1.38795e+09
10.6045 1.0739 0.526044 1.38795e+09
10.6589 1.05997 0.523893 1.38795e+09
10.7123 1.04579 0.522377 1.38795e+09
10.7651 1.03308 0.521295 1.38795e+09
10.8177 1.02264 0.520506 1.38795e+09
10.8702 1.01483 0.519918 1.38795e+09
