1388129803.123291341 -0.0221188 0.65669 1.253 -173.721 0 0.109359  0.208664 -0.504923 7
1388129803.223266954 -0.0236831 0.664224 1.223 -173.876 -0.0156472 0.0753529  -0.300073 -0.0270617 7
1388129803.323271898 -0.0248104 0.6668 1.206 -174.069 -0.0112724 0.0257594  -0.169992 -0.033682 7
1388129803.423274918 -0.0256238 0.66697 1.199 -174.217 0 0  -0.0699979 -0.0258292 7
1388129803.523289857 -0.0272319 0.666015 1.197 -174.333 -0.0160792 0  -0.019997 -0.0202423 7
1388129803.623271305 -0.028969 0.665412 1.215 -174.414 -0.0173742 0  0.180033 -0.0141413 7
1388129803.723276336 -0.0300447 0.667673 1.225 -174.502 -0.0107567 0.0226156  0.099995 -0.0153577 7
1388129803.823276278 -0.0311649 0.671469 1.234 -174.517 -0.0112015 0.0379541  0.0900001 -0.00261789 7
1388129803.923284586 -0.0320509 0.675619 1.241 -174.48 0 0.0414995  0.0699942 0.00645763 7
1388129804.023274479 -0.0325806 0.681039 1.24 -174.402 0 0.0542063  -0.010001 0.0136155 7
1388129804.123286417 -0.0341137 0.686583 1.238 -174.355 -0.0153296 0.0554305  -0.0199976 0.00820156 7
1388129804.223276459 -0.0358194 0.6922 1.233 -174.3 -0.0170587 0.0561806  -0.050005 0.00959899 7
1388129804.323273621 -0.0373564 0.697628 1.232 -174.185 -0.0153705 0.0542767  -0.0100003 0.0200728 7
1388129804.423274242 -0.0386956 0.702365 1.227 -174.084 -0.0133921 0.0473737  -0.0499997 0.0176274 4
1388129804.523329796 -0.040049 0.706549 1.222 -173.95 -0.0135258 0.0418133  -0.0499722 0.0233749 4
1388129804.623267279 -0.0403773 0.70851 1.22 -173.857 0 0.0196204  -0.0200125 0.0162421 4
1388129804.723285551 -0.0415295 0.709927 1.213 -173.792 -0.0115208 0.0141714  -0.0699872 0.0113403 4
1388129804.823272961 -0.0420557 0.709863 1.21 -173.734 0 0  -0.0300038 0.0101266 4
1388129804.923277505 -0.0418906 0.70853 1.209 -173.682 0 -0.01333  0 0.00907298 4
1388129805.023271028 -0.0436971 0.706611 1.204 -173.703 -0.0180661 -0.0191883  -0.0500032 -0.00366475 4
1388129805.123278048 -0.0457597 0.703144 1.203 -173.631 -0.0206248 -0.0346643  0 0.0125666 4
1388129805.223271380 -0.0483058 0.69834 1.201 -173.571 -0.0254626 -0.048042  -0.0200013 0.0104722 4
1388129805.323287434 -0.0521702 0.691357 1.199 -173.573 -0.0386385 -0.069819  -0.0199968 -0.000348818 4
1388129805.423279177 -0.0542675 0.683501 1.196 -173.57 -0.0209741 -0.0785724  -0.0300025 0.000522023 4
1388129805.523279062 -0.0563431 0.674972 1.19 -173.605 -0.0207559 -0.0852916  -0.0600001 -0.00610664 4
1388129805.623272829 -0.0600794 0.668529 1.189 -173.662 -0.0373656 -0.0644268  -0.0100006 -0.00995019 4
1388129805.723283206 -0.0629127 0.662391 1.195 -173.655 -0.0283303 -0.0613749  0.0599938 0.00122226 4
1388129805.823272655 -0.0659783 0.656146 1.19 -173.678 -0.0306586 -0.0624553  -0.0500053 -0.00401381 4
1388129805.923291690 -0.0706636 0.649143 1.186 -173.7 -0.0468441 -0.0700236  -0.0399924 -0.00383955 4
1388129806.023279371 -0.074922 0.641245 1.181 -173.712 -0.0425892 -0.078989  -0.0500062 -0.00209617 4
1388129806.123276472 -0.0799188 0.634424 1.179 -173.738 -0.0499701 -0.0682059  -0.0200006 -0.00453816 4
1388129806.223280285 -0.0842392 0.628765 1.177 -173.77 -0.0432017 -0.0565893  -0.0199992 -0.00558444 4
1388129806.323273666 -0.0885179 0.622942 1.175 -173.839 -0.0427903 -0.0582395  -0.0200013 -0.0120436 4
1388129806.423276586 -0.0913418 0.618263 1.173 -173.896 -0.0282383 -0.0467814  -0.0199994 -0.00994662 4
1388129806.523288855 -0.0942394 0.614419 1.173 -173.928 -0.0289726 -0.0384402  0 -0.00558396 4
1388129806.623274000 -0.0972185 0.612393 1.176 -173.978 -0.0297954 -0.0202625  0.0300045 -0.00872848 4
1388129806.723275431 -0.100623 0.609369 1.18 -173.998 -0.0340484 -0.0302348  0.0399994 -0.00349135 4
1388129806.823273741 -0.103461 0.604828 1.185 -174.067 -0.0283729 -0.0454161  0.0500008 -0.012043 4
1388129806.923280642 -0.107773 0.601056 1.19 -174.081 -0.0431215 -0.0377203  0.0499965 -0.00244195 4
1388129807.023277637 -0.11231 0.596429 1.201 -174.144 -0.0453656 -0.0462643  0.110003 -0.0109965 4
1388129807.123286249 -0.115745 0.592291 1.206 -174.216 -0.0343485 -0.0413778  0.0499957 -0.0125664 4
1388129807.223275228 -0.119079 0.588247 1.208 -174.288 -0.0333432 -0.0404494  0.0200022 -0.0125662 4
1388129807.323272902 -0.121984 0.585242 1.211 -174.321 -0.0290581 -0.0300431  0.0300007 -0.00576055 4
1388129807.423281689 -0.124627 0.582134 1.215 -174.343 -0.0264255 -0.0310857  0.0399965 -0.00383994 4
1388129807.523286648 -0.127171 0.579368 1.219 -174.365 -0.0254322 -0.027652  0.039998 -0.00384009 4
1388129807.623273099 -0.129941 0.577286 1.219 -174.372 -0.027712 -0.0208234  0 -0.00121989 4
1388129807.723284449 -0.13271 0.576228 1.22 -174.328 -0.02768 -0.0105767  0 0.00767702 4
1388129807.823275729 -0.135529 0.575294 1.217 -174.281 -0.0281994 0  -0.0300026 0.00820325 4
1388129807.923286497 -0.138012 0.574101 1.22 -174.241 -0.0248211 -0.0119331  0.0299968 0.00698206 4
1388129808.023277752 -0.14131 0.572716 1.218 -174.267 -0.0329903 -0.0138553  -0.0200017 -0.00453842 4
1388129808.123274388 -0.144493 0.570454 1.216 -174.263 -0.0318245 -0.0226147  -0.0200007 0.000697772 4
1388129808.223278520 -0.149071 0.567626 1.222 -174.239 -0.0457826 -0.0282764  0.0599975 0.00418898 4
1388129808.323288167 -0.151722 0.565877 1.223 -174.208 -0.0265013 -0.0174887  0 0.00541102 4
1388129808.423279144 -0.154275 0.564436 1.222 -174.127 -0.0255366 -0.0144111  -0.0100009 0.0141373 4
1388129808.523276648 -0.158613 0.563517 1.218 -174.021 -0.0433763 0  -0.040001 0.0185014 4
1388129808.623274237 -0.163262 0.563818 1.219 -173.965 -0.0464975 0  0.0100002 0.00977404 4
1388129808.723274440 -0.165276 0.563371 1.226 -173.889 -0.0201379 0  0.0699999 0.0132625 4
1388129808.823272638 -0.16839 0.562092 1.221 -173.874 -0.0311447 -0.0127878  -0.0500009 0.0026206 4
1388129808.923284916 -0.169996 0.562244 1.225 -173.916 -0.0160579 0  0.0399951 -0.00733078 4
1388129809.023290072 -0.171169 0.561059 1.225 -173.885 -0.0117242 -0.0118519  0 0.00541126 4
1388129809.123290187 -0.173376 0.559135 1.228 -173.918 -0.0220758 -0.0192393  0.03 -0.00576041 4
1388129809.223285304 -0.176579 0.557243 1.225 -173.886 -0.0320301 -0.0189254  -0.0300015 0.00558492 4
1388129809.323274653 -0.18018 0.555133 1.223 -173.882 -0.0360079 -0.0210998  -0.0200021 0.000697823 4
1388129809.423275107 -0.182424 0.551623 1.224 -174.013 -0.0224469 -0.0350942  0 -0.0228631 4
1388129809.523283924 -0.184137 0.54893 1.224 -174.06 -0.0171262 -0.0269365  0 -0.00820181 4
1388129809.623267229 -0.186766 0.545851 1.226 -174.164 -0.0262919 -0.0307893  0.0200033 -0.0181551 4
1388129809.723276309 -0.18824 0.543925 1.224 -174.254 -0.0147395 -0.0192594  -0.0199982 -0.0157059 4
1388129809.823284541 -0.188665 0.542619 1.224 -174.286 0 -0.0130555  0 -0.00558419 4
1388129809.923294953 -0.188387 0.542634 1.222 -174.326 0 0  -0.0199979 -0.00698208 4
1388129810.023277923 -0.188975 0.543306 1.219 -174.325 0 0  -0.0300051 0.000175799 4
1388129810.123278259 -0.18885 0.543588 1.215 -174.341 0 0  -0.0399999 -0.00279365 4
1388129810.223273005 -0.188401 0.545173 1.221 -174.385 0 0.0158562  0.0600032 -0.0076783 4
1388129810.323267606 -0.187744 0.546371 1.22 -174.401 0 0.0119768  -0.0100005 -0.00279381 4
1388129810.423274139 -0.187617 0.545964 1.218 -174.451 0 0  -0.0199987 -0.00872661 4
1388129810.523288111 -0.18665 0.544269 1.217 -174.467 0 -0.0169409  0 -0.0027906 4
1388129810.623267300 -0.185718 0.54165 1.217 -174.522 0 -0.0261928  0 -0.00960269 4
1388129810.723273592 -0.184383 0.539223 1.215 -174.53 0.0133514 -0.0242694  -0.0199987 -0.00139541 4
1388129810.823273911 -0.18375 0.536904 1.222 -174.598 0 -0.0231899  0.0699998 -0.0118697 4
1388129810.923280234 -0.183715 0.534169 1.219 -174.611 0 -0.0273525  -0.0299981 -0.00226621 4
1388129811.023277939 -0.183348 0.532177 1.213 -174.667 0 -0.0199237  -0.0600014 -0.00977669 4
1388129811.123276339 -0.184045 0.530034 1.208 -174.703 0 -0.0214244  -0.0500008 -0.0062825 4
1388129811.223285271 -0.183392 0.526817 1.208 -174.727 0 -0.0321704  0 -0.00418878 4
1388129811.323275998 -0.183759 0.523634 1.205 -174.722 0 -0.0318282  -0.0300028 0.000873598 4
1388129811.423277848 -0.184302 0.52028 1.206 -174.722 0 -0.0335449  0 0 4
1388129811.523277895 -0.184738 0.517832 1.201 -174.713 0 -0.0244825  -0.05 0.00157126 4
1388129811.623274007 -0.186448 0.515357 1.199 -174.662 -0.0171075 -0.0247479  -0.0200008 0.00890063 4
1388129811.723275253 -0.187945 0.513087 1.198 -174.671 -0.014967 -0.0226947  0 -0.00157125 4
1388129811.823271146 -0.189472 0.511124 1.197 -174.65 -0.0152659 -0.0196362  -0.0100004 0.00366732 4
1388129811.923280910 -0.190359 0.508849 1.2 -174.729 0 -0.0227444  0.0299971 -0.0137885 4
1388129812.023275857 -0.190602 0.506433 1.194 -174.787 0 -0.0241638  -0.060003 -0.0101232 4
1388129812.123284600 -0.189133 0.506261 1.196 -174.887 0.0146948 0  0.0199983 -0.0174502 4
1388129812.223280239 -0.187961 0.504041 1.195 -174.956 0.0117206 -0.0222  -0.0100004 -0.0120433 4
1388129812.323280955 -0.185679 0.502067 1.197 -174.993 0.0228212 -0.0197368  0.0199999 -0.00645812 4
1388129812.423282340 -0.182738 0.499329 1.196 -174.997 0.029407 -0.0273815  0 -0.000697739 4
1388129812.523283841 -0.179746 0.498056 1.196 -175.014 0.0299172 -0.0127283  0 -0.00296938 4
1388129812.623280657 -0.175195 0.495298 1.2 -175.103 0.0455155 -0.0275837  0.0400013 -0.0155321 4
1388129812.723279145 -0.17125 0.492532 1.204 -175.164 0.0394478 -0.0276617  0.0400006 -0.0106475 4
1388129812.823287335 -0.167831 0.489987 1.209 -175.215 0.0341891 -0.0254442  0.0499959 -0.00889956 4
1388129812.923291272 -0.164376 0.486381 1.214 -175.228 0.0345432 -0.0360647  0.049998 -0.00226892 4
1388129813.023283758 -0.161017 0.481928 1.216 -175.294 0.0335959 -0.0445305  0.0200015 -0.0115217 4
1388129813.123272829 -0.158465 0.477676 1.217 -175.31 0.0255212 -0.0425274  0.0100011 -0.0027913 4
1388129813.223279640 -0.156744 0.474498 1.22 -175.329 0.0172136 -0.0317732  0.029998 -0.00331541 4
1388129813.323277928 -0.15644 0.472376 1.222 -175.35 0 -0.021225  0.0200003 -0.00366724 4
1388129813.423274932 -0.157088 0.470695 1.225 -175.417 0 -0.0168093  0.0300009 -0.0116943 4
1388129813.523285258 -0.157434 0.470354 1.223 -175.488 0 0  -0.0199979 -0.0123904 4
1388129813.623287164 -0.157212 0.470851 1.226 -175.545 0 0  0.0299994 -0.00994672 4
1388129813.723273799 -0.156541 0.472888 1.226 -175.515 0 0.0203737  0 0.00523647 4
1388129813.823280455 -0.156141 0.475873 1.223 -175.461 0 0.0298431  -0.029998 0.0094243 4
1388129813.923281458 -0.155375 0.479237 1.218 -175.364 0 0.0336437  -0.0499995 0.0169295 4
1388129814.023284130 -0.154373 0.481153 1.213 -175.298 0.0100162 0.0191532  -0.0499987 0.0115179 4
1388129814.123282674 -0.152568 0.485163 1.212 -175.205 0.0180482 0.0401066  -0.0100001 0.0162322 4
1388129814.223280355 -0.14989 0.48865 1.21 -175.199 0.0267783 0.0348648  -0.0200005 0.00104665 4
1388129814.323278178 -0.147373 0.493177 1.21 -175.144 0.0251704 0.0452742  0 0.0096009 4
1388129814.423282395 -0.145156 0.497964 1.207 -175.116 0.0221769 0.0478736  -0.0299987 0.00488669 4
1388129814.523284463 -0.142936 0.502578 1.205 -175.093 0.022198 0.0461388  -0.0199996 0.0040133 4
1388129814.623273332 -0.142166 0.50647 1.205 -175.107 0 0.0389239  0 -0.00244239 4
1388129814.723278814 -0.141159 0.508561 1.207 -175.152 0.0100748 0.0209094  0.0199989 -0.00785323 4
1388129814.823275324 -0.141052 0.509086 1.207 -175.204 0 0  0 -0.00907637 4
1388129814.923273998 -0.140424 0.50942 1.209 -175.237 0 0  0.0200003 -0.00576049 4
1388129815.023281534 -0.141128 0.506987 1.214 -175.323 0 -0.0243246  0.0499962 -0.0150084 4
1388129815.123289859 -0.142418 0.505258 1.217 -175.317 -0.0128994 -0.0172923  0.0299975 0.00104654 4
1388129815.223279883 -0.143965 0.502231 1.218 -175.353 -0.0154752 -0.0302736  0.010001 -0.00628302 4
1388129815.323279045 -0.146476 0.50171 1.216 -175.295 -0.0251087 0  -0.0200002 0.0101228 4
1388129815.423273876 -0.147909 0.50009 1.219 -175.241 -0.014336 -0.0162063  0.0300016 0.00942541 4
1388129815.523273002 -0.149192 0.500115 1.221 -175.196 -0.0128267 0  0.0200002 0.00785373 4
1388129815.623274552 -0.148569 0.499572 1.223 -175.196 0 0  0.0199997 0 4
1388129815.723280273 -0.148095 0.497586 1.223 -175.188 0 -0.0198645  0 0.00139542 4
1388129815.823277095 -0.147232 0.495977 1.228 -175.21 0 -0.0160918  0.0500016 -0.0038404 4
1388129815.923279652 -0.147283 0.494043 1.226 -175.255 0 -0.0193306  -0.0199995 -0.00785346 4
1388129816.023285204 -0.146684 0.492838 1.227 -175.266 0 -0.0120559  0 -0.00192003 4
1388129816.123275160 -0.146865 0.491623 1.226 -175.341 0 -0.0121523  -0.010001 -0.0130908 4
1388129816.223279536 -0.146991 0.490161 1.227 -175.362 0 -0.0146176  0 -0.00366435 4
1388129816.323279759 -0.147278 0.489735 1.226 -175.358 0 0  0 0.000697747 4
1388129816.423272937 -0.147928 0.490112 1.234 -175.36 0 0  0.0800055 -0.000348898 4
1388129816.523286084 -0.14853 0.490051 1.232 -175.329 0 0  -0.0199974 0.00541083 4
1388129816.623280581 -0.149474 0.49175 1.228 -175.29 0 0.0169943  -0.0400022 0.00680741 4
1388129816.723278477 -0.149131 0.490962 1.222 -175.284 0 0  -0.0600013 0.00104664 4
1388129816.823278902 -0.147863 0.491527 1.222 -175.246 0.0126813 0  0 0.00663124 4
1388129816.923278982 -0.145805 0.492486 1.219 -175.161 0.0205795 0  -0.03 0.0148365 4
1388129817.023281325 -0.143756 0.492321 1.216 -175.081 0.0204812 0  -0.0299993 0.0139626 4
1388129817.123280971 -0.141338 0.492709 1.215 -174.989 0.0241893 0  -0.01 0.0160563 4
1388129817.223281112 -0.139275 0.491637 1.212 -174.95 0.0206286 -0.0107144  -0.03 0.00680703 4
1388129817.323286282 -0.137315 0.490831 1.212 -174.864 0.0195923 0  0 0.0150088 4
1388129817.423279256 -0.134977 0.489499 1.215 -174.782 0.0233839 -0.01332  0.0300021 0.0143128 4
1388129817.523295384 -0.132913 0.488302 1.22 -174.673 0.0206399 -0.0119754  0.0499919 0.0190199 4
1388129817.623273324 -0.131948 0.486812 1.219 -174.527 0 -0.0149001  -0.0100022 0.0254894 4
1388129817.723271604 -0.130397 0.486851 1.219 -174.424 0.0155053 0  0 0.0179766 4
1388129817.823288243 -0.130696 0.486841 1.217 -174.284 0 0  -0.0199967 0.0244304 4
1388129817.923280626 -0.133223 0.487828 1.217 -174.212 -0.0252807 0  0 0.0125658 4
1388129818.023282247 -0.135102 0.487422 1.219 -174.104 -0.0187801 0  0.0199997 0.0188495 4
1388129818.123277683 -0.136463 0.486241 1.219 -173.983 -0.0136174 -0.0118116  0 0.0211198 4
1388129818.223281724 -0.137885 0.485927 1.222 -173.814 -0.0142203 0  0.0299988 0.029496 4
1388129818.323277618 -0.138887 0.484019 1.225 -173.708 -0.0100161 -0.0190838  0.0300012 0.0185017 4
1388129818.423274713 -0.139613 0.482505 1.228 -173.623 0 -0.0151352  0.0300009 0.0148342 4
1388129818.523283422 -0.140925 0.480743 1.24 -173.493 -0.0131165 -0.0176265  0.11999 0.0226882 4
1388129818.623278469 -0.140951 0.479871 1.23 -173.406 0 0  -0.100005 0.0151834 4
1388129818.723280139 -0.140825 0.479844 1.217 -173.371 0 0  -0.129998 0.00610919 4
1388129818.823279891 -0.139749 0.479492 1.214 -173.337 0.0107538 0  -0.0300001 0.00593354 4
1388129818.923276286 -0.139388 0.480191 1.21 -173.309 0 0  -0.0400014 0.00488708 4
1388129819.023280621 -0.138016 0.481348 1.207 -173.277 0.0137222 0.0115712  -0.0299987 0.00558707 4
1388129819.123270129 -0.136695 0.48254 1.204 -173.244 0.0132067 0.0119227  -0.0300031 0.00575836 4
1388129819.223278135 -0.135762 0.484027 1.199 -173.168 0 0.0148617  -0.049996 0.0132641 4
1388129819.323279094 -0.135897 0.486301 1.203 -173.043 0 0.0227435  0.0399996 0.0218164 4
1388129819.423280044 -0.136618 0.489541 1.204 -172.913 0 0.0323966  0 0.0226899 4
1388129819.523287031 -0.136945 0.492487 1.205 -172.759 0 0.0294616  0 0.0268747 4
1388129819.623283256 -0.138609 0.494976 1.207 -172.596 -0.0166453 0.0248883  0.0200008 0.0284516 4
1388129819.723279739 -0.140745 0.496525 1.211 -172.444 -0.0213619 0.0154906  0.0400014 0.0265287 4
1388129819.823272308 -0.142732 0.4963 1.212 -172.296 -0.0198652 0  0.0100007 0.0258319 4
1388129819.923291957 -0.142858 0.493894 1.208 -172.28 0 -0.0240576  -0.0399921 0.00279311 4
1388129820.023282918 -0.143299 0.490458 1.206 -172.279 0 -0.0343546  -0.0200018 0.000173121 4
1388129820.123281919 -0.143414 0.485598 1.206 -172.302 0 -0.0486015  0 -0.00401342 4
1388129820.223279907 -0.142534 0.481713 1.203 -172.327 0 -0.0388571  -0.0300006 -0.00436235 4
1388129820.323278570 -0.142142 0.478881 1.204 -172.317 0 -0.0283218  0.0100001 0.00174439 4
1388129820.423279475 -0.14242 0.475816 1.203 -172.311 0 -0.0306436  0 0.00104661 4
1388129820.523286853 -0.142753 0.474059 1.204 -172.305 0 -0.0175673  0 0.00104921 4
1388129820.623272197 -0.142492 0.473079 1.207 -172.311 0 0  0.0300044 -0.00104944 4
1388129820.723278074 -0.142022 0.470886 1.209 -172.319 0 -0.0219271  0.0199988 -0.00139541 4
1388129820.823270268 -0.141476 0.468988 1.217 -172.315 0 -0.0189869  0.0800062 0.000697803 4
1388129820.923280498 -0.142025 0.467378 1.225 -172.299 0 -0.0160981  0.0799918 0.00279337 4
1388129821.023285181 -0.143477 0.46658 1.223 -172.223 -0.0145167 0  -0.0199991 0.0132619 4
1388129821.123279420 -0.143484 0.466392 1.218 -172.202 0 0  -0.0500029 0.00366738 4
1388129821.223279869 -0.142384 0.466409 1.215 -172.194 0.0109991 0  -0.0299999 0.00139549 4
1388129821.323273999 -0.141166 0.465569 1.213 -172.156 0.0121795 0  -0.0200012 0.00663166 4
1388129821.423278911 -0.140206 0.465297 1.216 -172.115 0 0  0.0299985 0.00715556 4
1388129821.523284846 -0.138244 0.464793 1.221 -172.133 0.019617 0  0.049997 -0.00313968 4
1388129821.623320536 -0.137842 0.465384 1.218 -171.418 0 0  -0.0299893 0.124746 3
1388129821.723272161 -0.13816 0.467329 1.21 -168.65 0 0.0194592  -0.0800387 0.483342 3
1388129821.823335015 -0.141171 0.469678 1.19 -164.52 -0.0300856 0.0234712  -0.199874 0.720366 3
1388129821.923281877 -0.145633 0.469819 1.171 -161.581 -0.0446491 0  -0.190101 0.513227 4
1388129822.023317814 -0.147901 0.468117 1.146 -159.686 -0.0226687 -0.0170046  -0.24991 0.330619 4
1388129822.123276005 -0.148238 0.465258 1.123 -158.38 0 -0.0286051  -0.230096 0.228035 9
1388129822.223278480 -0.149191 0.460016 1.06 -157.4 0 -0.0524203  -0.629984 0.17104 9
1388129822.323270634 -0.148389 0.455495 0.995 -156.833 0 -0.0452153  -0.650051 0.0989682 9
1388129822.423280938 -0.14387 0.452557 0.921 -156.473 0.0451928 -0.0293786  -0.739924 0.0628228 9
1388129822.523275667 -0.134811 0.452173 0.851 -156.227 0.0905896 0  -0.700037 0.0429377 9
1388129822.623273394 -0.121138 0.454407 0.777 -156.148 0.136732 0.0223432  -0.740017 0.0137902 9
1388129822.723274594 -0.104582 0.457651 0.69 -156.2 0.165557 0.0324423  -0.86999 -0.00907594 9
1388129822.823295051 -0.0856792 0.46227 0.613 -156.344 0.188993 0.0461827  -0.769843 -0.0251271 9
1388129822.923289118 -0.06661 0.467144 0.537 -156.467 0.190704 0.0487437  -0.760045 -0.021469 9
1388129823.023282675 -0.0476565 0.472054 0.459 -156.588 0.189547 0.0491006  -0.78005 -0.0211202 9
1388129823.123288775 -0.0299231 0.477053 0.388 -156.736 0.177323 0.0499872  -0.709957 -0.0258284 9
1388129823.223276848 -0.0112568 0.482527 0.315 -156.866 0.186685 0.0547435  -0.730087 -0.0226928 9
1388129823.323278445 0.00674592 0.48809 0.241 -156.944 0.180025 0.0556262  -0.739988 -0.0136139 9
1388129823.423272884 0.0213798 0.493439 0.169 -157.064 0.146347 0.0534933  -0.72004 -0.0209443 9
1388129823.523283702 0.0190699 0.497865 0.121 -157.271 -0.0230973 0.0442568  -0.479948 -0.0361245 9
1388129823.623281373 -0.00507072 0.499588 0.087 -157.472 -0.241411 0.0172375  -0.340008 -0.0350826 9
1388129823.723280151 -0.0168711 0.511356 0.074 -157.743 -0.118005 0.117673  -0.130002 -0.0472983 9
1388129823.823270942 -0.0168711 0.511356 0 -158.072 0 0  -0.740068 -0.0574284 2
1388129823.923280434 -0.0168711 0.511356 0 -158.073 0 0  0 -0.000173089 2
1388129824.023280683 -0.0168711 0.511356 0 -158.076 0 0  0 -0.000524641 2
1388129824.123279495 -0.0168711 0.511356 0 -158.077 0 0  0 -0.000173108 2
1388129824.223271445 -0.0168711 0.511356 0 -158.074 0 0  0 0.000522022 2
1388129824.323275316 -0.0168711 0.511356 0 -158.075 0 0  0 -0.000173099 2
1388129824.423273382 -0.0168711 0.511356 0 -158.075 0 0  0 0 2
1388129824.523276594 -0.0168711 0.511356 0 -158.073 0 0  0 0.000348863 2
1388129824.623279674 -0.0168711 0.511356 0 -158.072 0 0  0 0.0001731 2
1388129824.723275136 -0.0168711 0.511356 0 -158.069 0 0  0 0.000524667 2
1388129824.823284569 -0.0168711 0.511356 0 -158.069 0 0  0 0 2
1388129824.923274789 -0.0168711 0.511356 0 -158.067 0 0  0 0.000348908 2
1388129825.023270123 -0.0168711 0.511356 0 -158.063 0 0  0 0.000697781 2
1388129825.123280925 -0.0168711 0.511356 0 -158.063 0 0  0 0 2
1388129825.223281178 -0.0168711 0.511356 0 -158.065 0 0  0 -0.000348873 2
1388129825.323268404 -0.0168711 0.511356 0 -158.063 0 0  0 0.000348919 2
1388129825.423280781 -0.0168711 0.511356 0 -158.061 0 0  0 0.000348831 2
1388129825.523286697 -0.0168711 0.511356 0 -158.061 0 0  0 0 2
1388129825.623281290 -0.0168711 0.511356 0 -158.06 0 0  0 0.000175778 2
1388129825.723280685 -0.0168711 0.511356 0 -158.057 0 0  0 0.000521983 2
1388129825.823278079 -0.0168711 0.511356 0 -158.056 0 0  0 0.000175773 2
1388129825.923281002 -0.0168711 0.511356 0 -158.053 0 0  0 0.000524627 2
1388129826.023284895 -0.0168711 0.511356 0 -158.053 0 0  0 0 2
1388129826.123282235 -0.0168711 0.511356 0 -158.052 0 0  0 0.00017311 2
1388129826.223284576 -0.0168711 0.511356 0 -158.055 0 0  0 -0.000521967 2
1388129826.323282505 -0.0168711 0.511356 0 -158.052 0 0  0 0.00052199 2
1388129826.423282931 -0.0168711 0.511356 0 -158.053 0 0  0 -0.000173105 2
1388129826.523287274 -0.0168711 0.511356 0 -158.052 0 0  0 0.000173098 2
1388129826.623276583 -0.0168711 0.511356 0 -158.051 0 0  0 0.000175787 2
1388129826.723283505 -0.0168711 0.511356 0 -158.051 0 0  0 0 2
1388129826.823317525 -0.0168711 0.511356 0 -158.045 0 0  0 0.00104627 2
1388129826.923283843 -0.0168711 0.511356 0 -158.042 0 0  0 0.000522155 2
1388129827.023282029 -0.0168711 0.511356 0 -158.042 0 0  0 0 2
1388129827.123283077 -0.0168711 0.511356 0 -158.039 0 0  0 0.000524637 2
1388129827.223281118 -0.0168711 0.511356 0 -158.035 0 0  0 0.000697762 2
1388129827.323273622 -0.0168711 0.511356 0 -158.032 0 0  0 0.000524682 2
1388129827.423279782 -0.0168711 0.511356 0 -158.03 0 0  0 0.000348853 2
1388129827.523283454 -0.0168711 0.511356 0 -158.027 0 0  0 0.000524623 2
1388129827.623291319 -0.0168711 0.511356 0 -158.026 0 0  0 0.000173092 2
