2.08774 2.0969 1.027 1.38804e+09
2.11543 2.11225 1.02771 1.38804e+09
2.12961 2.13131 1.02692 1.38804e+09
2.13221 2.1522 1.02512 1.38804e+09
2.12509 2.17368 1.02267 1.38804e+09
2.10997 2.19498 1.01983 1.38804e+09
2.08845 2.21572 1.01678 1.38804e+09
2.06194 2.23573 1.01365 1.38804e+09
2.03166 2.25503 1.01054 1.38804e+09
1.99869 2.27375 1.00751 1.38804e+09
1.96593 2.29547 1.00459 1.38804e+09
1.93477 2.32136 1.00181 1.38804e+09
1.90613 2.35162 0.999158 1.38804e+09
1.88071 2.38595 0.996643 1.38804e+09
1.85899 2.42387 0.99398 1.38804e+09
1.84131 2.46478 0.991354 1.38804e+09
1.82787 2.5081 0.988794 1.38804e+09
1.81878 2.55323 0.986312 1.38804e+09
1.81404 2.59962 0.983916 1.38804e+09
1.81359 2.64676 0.981609 1.38804e+09
1.8173 2.69421 0.97939 1.38804e+09
1.82501 2.74155 0.977257 1.38804e+09
1.83655 2.78843 0.975207 1.38804e+09
1.85172 2.83456 0.973236 1.38804e+09
1.87031 2.87966 0.97134 1.38804e+09
1.89213 2.92352 0.969516 1.38804e+09
1.91696 2.96593 0.96776 1.38804e+09
1.94462 3.00672 0.966068 1.38804e+09
1.9749 3.04574 0.964437 1.38804e+09
2.00764 3.08287 0.962864 1.38804e+09
2.04264 3.11797 0.961346 1.38804e+09
2.07974 3.15096 0.959881 1.38804e+09
2.11876 3.18174 0.958466 1.38804e+09
2.15954 3.21023 0.957099 1.38804e+09
2.20193 3.23636 0.955779 1.38804e+09
2.24575 3.26007 0.954502 1.38804e+09
2.29086 3.28129 0.953267 1.38804e+09
2.3371 3.29999 0.952074 1.38804e+09
2.38431 3.31612 0.950919 1.38804e+09
2.43235 3.32966 0.949802 1.38804e+09
2.48107 3.34057 0.948721 1.38804e+09
2.53032 3.34884 0.947676 1.38804e+09
2.57995 3.35446 0.946664 1.38804e+09
2.62982 3.35742 0.945685 1.38804e+09
2.67978 3.35772 0.944737 1.38804e+09
2.7297 3.35538 0.94382 1.38804e+09
2.77942 3.35042 0.942933 1.38804e+09
2.82882 3.34284 0.942074 1.38804e+09
2.87776 3.33268 0.941243 1.38804e+09
2.92611 3.31998 0.940439 1.38804e+09
2.97372 3.30477 0.939661 1.38804e+09
3.02049 3.28711 0.938908 1.38804e+09
3.06627 3.26704 0.93818 1.38804e+09
3.11096 3.24462 0.937476 1.38804e+09
3.15443 3.21992 0.936795 1.38804e+09
3.19656 3.19301 0.936136 1.38804e+09
3.23725 3.16397 0.935499 1.38804e+09
3.27639 3.13286 0.934883 1.38804e+09
3.31388 3.09978 0.934288 1.38804e+09
3.34963 3.06482 0.933712 1.38804e+09
3.38353 3.02808 0.933156 1.38804e+09
3.4155 2.98964 0.932619 1.38804e+09
3.44547 2.94961 0.932101 1.38804e+09
3.47335 2.90811 0.9316 1.38804e+09
3.49906 2.86523 0.931116 1.38804e+09
3.52256 2.8211 0.930649 1.38804e+09
3.54377 2.77582 0.930199 1.38804e+09
3.56264 2.72952 0.929764 1.38804e+09
3.57913 2.68232 0.929345 1.38804e+09
3.59319 2.63433 0.928941 1.38804e+09
3.60479 2.5857 0.928552 1.38804e+09
3.6139 2.53653 0.928177 1.38804e+09
3.65327 2.52535 0.930518 1.38804e+09
3.68542 2.50547 0.931919 1.38804e+09
3.71123 2.4794 0.932681 1.38804e+09
3.73163 2.44874 0.933011 1.38804e+09
3.74749 2.41454 0.933054 1.38804e+09
3.75959 2.37756 0.932911 1.38804e+09
3.76859 2.33838 0.932649 1.38804e+09
3.77506 2.29741 0.932316 1.38804e+09
3.77949 2.25499 0.931945 1.38804e+09
3.78228 2.21136 0.931558 1.38804e+09
3.78378 2.16674 0.931169 1.38804e+09
3.78426 2.12129 0.930788 1.38804e+09
3.78395 2.07513 0.930422 1.38804e+09
3.78304 2.02839 0.930074 1.38804e+09
3.78169 1.98115 0.929747 1.38804e+09
3.78003 1.93349 0.929442 1.38804e+09
3.77815 1.88547 0.92916 1.38804e+09
3.77614 1.83715 0.928901 1.38804e+09
3.77405 1.78857 0.928663 1.38804e+09
3.77195 1.73977 0.928447 1.38804e+09
3.76986 1.69079 0.928252 1.38804e+09
3.76783 1.64164 0.928077 1.38804e+09
3.76587 1.59237 0.927921 1.38804e+09
3.764 1.54298 0.927783 1.38804e+09
3.76224 1.49349 0.927663 1.38804e+09
3.76059 1.44393 0.927559 1.38804e+09
3.75907 1.39429 0.927471 1.38804e+09
3.75767 1.3446 0.927398 1.38804e+09
3.75639 1.29485 0.927339 1.38804e+09
3.75524 1.24507 0.927294 1.38804e+09
3.75422 1.19525 0.927262 1.38804e+09
3.75332 1.1454 0.927241 1.38804e+09
3.75254 1.09552 0.927232 1.38804e+09
3.75188 1.04563 0.927234 1.38804e+09
3.75133 0.995716 0.927247 1.38804e+09
3.7509 0.945789 0.927269 1.38804e+09
3.75057 0.895849 0.9273 1.38804e+09
3.75035 0.845899 0.927339 1.38804e+09
3.75022 0.795941 0.927387 1.38804e+09
3.7502 0.745976 0.927443 1.38804e+09
3.75026 0.696005 0.927506 1.38804e+09
3.75041 0.64603 0.927577 1.38804e+09
3.75065 0.596051 0.927653 1.38804e+09
3.75097 0.54607 0.927736 1.38804e+09
3.75137 0.496086 0.927825 1.38804e+09
3.75184 0.4461 0.92792 1.38804e+09
3.75239 0.396114 0.928019 1.38804e+09
3.753 0.346126 0.928124 1.38804e+09
3.75367 0.296138 0.928233 1.38804e+09
3.75441 0.246149 0.928347 1.38804e+09
3.75521 0.196161 0.928465 1.38804e+09
3.75606 0.146172 0.928587 1.38804e+09
3.75697 0.0961842 0.928713 1.38804e+09
3.75793 0.0461965 0.928842 1.38804e+09
3.75894 -0.00379083 0.928974 1.38804e+09
3.75999 -0.0537776 0.92911 1.38804e+09
3.76109 -0.103764 0.929249 1.38804e+09
3.76223 -0.153749 0.929391 1.38804e+09
3.76342 -0.203734 0.929535 1.38804e+09
3.76464 -0.253718 0.929682 1.38804e+09
3.7659 -0.303701 0.929831 1.38804e+09
3.76719 -0.353684 0.929982 1.38804e+09
3.76852 -0.403665 0.930136 1.38804e+09
3.76988 -0.453646 0.930292 1.38804e+09
3.77128 -0.503626 0.930449 1.38804e+09
3.7727 -0.553606 0.930609 1.38804e+09
3.77415 -0.603584 0.93077 1.38804e+09
3.77562 -0.653562 0.930932 1.38804e+09
3.77712 -0.70354 0.931096 1.38804e+09
3.77865 -0.753516 0.931262 1.38804e+09
3.7802 -0.803492 0.931429 1.38804e+09
3.78177 -0.853467 0.931597 1.38804e+09
3.78336 -0.903442 0.931767 1.38804e+09
3.78497 -0.953416 0.931937 1.38804e+09
3.7866 -1.00339 0.932109 1.38804e+09
3.78825 -1.05336 0.932282 1.38804e+09
3.78992 -1.10333 0.932455 1.38804e+09
3.79161 -1.15331 0.93263 1.38804e+09
3.7933 -1.20328 0.932805 1.38804e+09
3.79502 -1.25325 0.932982 1.38804e+09
3.79675 -1.30322 0.933159 1.38804e+09
3.79849 -1.35319 0.933337 1.38804e+09
3.80025 -1.40316 0.933515 1.38804e+09
3.80202 -1.45312 0.933694 1.38804e+09
3.8038 -1.50309 0.933874 1.38804e+09
3.80559 -1.55306 0.934054 1.38804e+09
3.80739 -1.60303 0.934235 1.38804e+09
3.80921 -1.653 0.934417 1.38804e+09
3.81103 -1.70296 0.934598 1.38804e+09
3.81286 -1.75293 0.934781 1.38804e+09
3.8147 -1.80289 0.934964 1.38804e+09
3.81655 -1.85286 0.935147 1.38804e+09
3.81841 -1.90283 0.93533 1.38804e+09
3.82028 -1.95279 0.935514 1.38804e+09
3.82215 -2.00276 0.935699 1.38804e+09
3.82403 -2.05272 0.935883 1.38804e+09
3.82592 -2.10268 0.936068 1.38804e+09
3.82782 -2.15265 0.936254 1.38804e+09
3.82972 -2.20261 0.936439 1.38804e+09
3.83162 -2.25258 0.936625 1.38804e+09
3.83353 -2.30254 0.936811 1.38804e+09
3.83545 -2.3525 0.936997 1.38804e+09
3.83737 -2.40247 0.937184 1.38804e+09
3.8393 -2.45243 0.93737 1.38804e+09
3.84123 -2.50239 0.937557 1.38804e+09
3.84317 -2.55235 0.937744 1.38804e+09
3.84511 -2.60232 0.937932 1.38804e+09
3.84706 -2.65228 0.938119 1.38804e+09
3.849 -2.70224 0.938307 1.38804e+09
3.85096 -2.7522 0.938495 1.38804e+09
3.85291 -2.80216 0.938682 1.38804e+09
3.85487 -2.85213 0.938871 1.38804e+09
3.85683 -2.90209 0.939059 1.38804e+09
3.8588 -2.95205 0.939247 1.38804e+09
3.86077 -3.00201 0.939435 1.38804e+09
3.86274 -3.05197 0.939624 1.38804e+09
3.86471 -3.10193 0.939812 1.38804e+09
3.86669 -3.15189 0.940001 1.38804e+09
3.86867 -3.20185 0.94019 1.38804e+09
3.87065 -3.25181 0.940379 1.38804e+09
3.87263 -3.30178 0.940568 1.38804e+09
3.91084 -3.31074 0.943078 1.38804e+09
3.94053 -3.32831 0.944732 1.38804e+09
3.96273 -3.35222 0.945803 1.38804e+09
3.97882 -3.38075 0.946478 1.38804e+09
3.99029 -3.41277 0.946884 1.38804e+09
3.99856 -3.44752 0.947098 1.38804e+09
4.00487 -3.48454 0.947186 1.38804e+09
4.01028 -3.52345 0.94719 1.38804e+09
4.04913 -3.5284 0.950045 1.38804e+09
4.08019 -3.54081 0.952152 1.38804e+09
4.10465 -3.55958 0.953735 1.38804e+09
4.12383 -3.58342 0.954943 1.38804e+09
4.13908 -3.61132 0.955874 1.38804e+09
4.15171 -3.64249 0.956593 1.38804e+09
4.1629 -3.67635 0.957144 1.38804e+09
4.17366 -3.7124 0.957556 1.38804e+09
4.18483 -3.7502 0.957849 1.38804e+09
4.19712 -3.78932 0.958037 1.38804e+09
4.21105 -3.82934 0.958129 1.38804e+09
4.22706 -3.86986 0.958135 1.38804e+09
4.24544 -3.91046 0.958059 1.38804e+09
4.2664 -3.95077 0.957906 1.38804e+09
4.29005 -3.99041 0.957682 1.38804e+09
4.31643 -4.02902 0.957388 1.38804e+09
4.34553 -4.0663 0.95703 1.38804e+09
4.37727 -4.10193 0.95661 1.38804e+09
4.41152 -4.13567 0.95613 1.38804e+09
4.44815 -4.16729 0.955594 1.38804e+09
4.48699 -4.19659 0.955004 1.38804e+09
4.52783 -4.22341 0.954362 1.38804e+09
4.57049 -4.24762 0.953671 1.38804e+09
4.61476 -4.2691 0.952932 1.38804e+09
4.66041 -4.28776 0.952147 1.38804e+09
4.70726 -4.30356 0.951319 1.38804e+09
4.75508 -4.31643 0.950448 1.38804e+09
4.80368 -4.32636 0.949536 1.38804e+09
4.85285 -4.33333 0.948586 1.38804e+09
4.90241 -4.33735 0.947598 1.38804e+09
4.95216 -4.33842 0.946573 1.38804e+09
5.00193 -4.33657 0.945513 1.38804e+09
5.05153 -4.33183 0.94442 1.38804e+09
5.10081 -4.32425 0.943293 1.38804e+09
5.1496 -4.31387 0.942134 1.38804e+09
5.19775 -4.30074 0.940945 1.38804e+09
5.2451 -4.28494 0.939726 1.38804e+09
5.2915 -4.26652 0.938477 1.38804e+09
5.33684 -4.24557 0.937201 1.38804e+09
5.38096 -4.22215 0.935897 1.38804e+09
5.42375 -4.19637 0.934566 1.38804e+09
5.46508 -4.16829 0.93321 1.38804e+09
5.50484 -4.13803 0.931828 1.38804e+09
5.55125 -4.11838 0.931069 1.38804e+09
5.59471 -4.09369 0.92836 1.38804e+09
5.63599 -4.06587 0.924375 1.38804e+09
5.67564 -4.03593 0.91958 1.38804e+09
5.71406 -4.00449 0.914296 1.38804e+09
5.75153 -3.97191 0.908739 1.38804e+09
5.78825 -3.93846 0.903059 1.38804e+09
5.82438 -3.90433 0.897356 1.38804e+09
5.86004 -3.86967 0.891694 1.38804e+09
5.89534 -3.8346 0.886117 1.38804e+09
5.93035 -3.79919 0.88065 1.38804e+09
5.96514 -3.76352 0.87531 1.38804e+09
5.99975 -3.72765 0.870104 1.38804e+09
6.03424 -3.69163 0.865036 1.38804e+09
6.06862 -3.65548 0.860105 1.38804e+09
6.10294 -3.61925 0.855309 1.38804e+09
6.13721 -3.58295 0.850642 1.38804e+09
6.17145 -3.5466 0.846102 1.38804e+09
6.20567 -3.51022 0.841682 1.38804e+09
6.23988 -3.47382 0.837377 1.38804e+09
6.27409 -3.43741 0.833181 1.38804e+09
6.30831 -3.401 0.829089 1.38804e+09
6.34254 -3.3646 0.825096 1.38804e+09
6.37679 -3.3282 0.821196 1.38804e+09
6.41105 -3.29182 0.817385 1.38804e+09
6.44534 -3.25545 0.813657 1.38804e+09
6.47965 -3.21909 0.810008 1.38804e+09
6.51398 -3.18276 0.806433 1.38804e+09
6.54833 -3.14644 0.80293 1.38804e+09
6.58271 -3.11015 0.799493 1.38804e+09
6.61711 -3.07387 0.796119 1.38804e+09
6.65153 -3.03761 0.792805 1.38804e+09
6.68597 -3.00138 0.789548 1.38804e+09
6.72044 -2.96516 0.786343 1.38804e+09
6.75493 -2.92897 0.783189 1.38804e+09
6.78944 -2.89279 0.780083 1.38804e+09
6.82397 -2.85663 0.777022 1.38804e+09
6.85852 -2.82049 0.774002 1.38804e+09
6.89308 -2.78437 0.771024 1.38804e+09
6.92767 -2.74826 0.768083 1.38804e+09
6.96227 -2.71217 0.765177 1.38804e+09
6.99689 -2.67609 0.762306 1.38804e+09
7.03152 -2.64003 0.759467 1.38804e+09
7.06617 -2.60398 0.756658 1.38804e+09
7.10084 -2.56795 0.753877 1.38804e+09
7.13552 -2.53193 0.751123 1.38804e+09
7.17021 -2.49593 0.748395 1.38804e+09
7.20491 -2.45993 0.745691 1.38804e+09
7.23963 -2.42395 0.74301 1.38804e+09
7.27435 -2.38798 0.74035 1.38804e+09
7.30909 -2.35202 0.737711 1.38804e+09
7.34384 -2.31606 0.735091 1.38804e+09
7.3786 -2.28012 0.732489 1.38804e+09
7.41337 -2.24419 0.729904 1.38804e+09
7.44815 -2.20827 0.727335 1.38804e+09
7.48293 -2.17235 0.724782 1.38804e+09
7.51773 -2.13644 0.722243 1.38804e+09
7.55253 -2.10054 0.719718 1.38804e+09
7.58734 -2.06465 0.717206 1.38804e+09
7.62216 -2.02877 0.714706 1.38804e+09
7.65698 -1.99289 0.712217 1.38804e+09
7.69181 -1.95702 0.709739 1.38804e+09
7.72665 -1.92115 0.707272 1.38804e+09
7.76149 -1.88529 0.704815 1.38804e+09
7.79634 -1.84944 0.702366 1.38804e+09
7.8312 -1.81359 0.699927 1.38804e+09
7.86606 -1.77774 0.697495 1.38804e+09
7.90092 -1.7419 0.695071 1.38804e+09
7.93579 -1.70607 0.692655 1.38804e+09
7.97066 -1.67024 0.690246 1.38804e+09
8.00554 -1.63441 0.687843 1.38804e+09
8.04042 -1.59859 0.685446 1.38804e+09
8.07531 -1.56277 0.683056 1.38804e+09
8.1102 -1.52696 0.68067 1.38804e+09
8.14509 -1.49114 0.67829 1.38804e+09
8.17999 -1.45534 0.675915 1.38804e+09
8.21489 -1.41953 0.673545 1.38804e+09
8.24979 -1.38373 0.671179 1.38804e+09
8.2847 -1.34793 0.668817 1.38804e+09
8.31961 -1.31213 0.666459 1.38804e+09
8.35452 -1.27634 0.664105 1.38804e+09
8.38943 -1.24055 0.661754 1.38804e+09
8.42435 -1.20476 0.659407 1.38804e+09
8.45927 -1.16897 0.657063 1.38804e+09
8.49419 -1.13319 0.654721 1.38804e+09
8.52911 -1.0974 0.652383 1.38804e+09
8.56404 -1.06162 0.650047 1.38804e+09
8.59896 -1.02585 0.647714 1.38804e+09
8.63389 -0.990069 0.645383 1.38804e+09
8.66882 -0.954293 0.643054 1.38804e+09
8.70375 -0.91852 0.640728 1.38804e+09
8.73869 -0.882748 0.638403 1.38804e+09
8.77362 -0.846977 0.636081 1.38804e+09
8.80856 -0.811208 0.63376 1.38804e+09
8.8435 -0.77544 0.63144 1.38804e+09
8.87844 -0.739674 0.629123 1.38804e+09
8.91338 -0.703909 0.626807 1.38804e+09
8.94832 -0.668144 0.624492 1.38804e+09
8.98326 -0.632381 0.622179 1.38804e+09
9.01821 -0.59662 0.619867 1.38804e+09
9.05315 -0.560859 0.617556 1.38804e+09
9.0881 -0.525099 0.615246 1.38804e+09
9.12304 -0.48934 0.612937 1.38804e+09
9.15799 -0.453582 0.61063 1.38804e+09
9.19294 -0.417824 0.608323 1.38804e+09
9.22789 -0.382068 0.606017 1.38804e+09
9.26284 -0.346312 0.603712 1.38804e+09
9.29779 -0.310557 0.601408 1.38804e+09
9.33274 -0.274803 0.599105 1.38804e+09
9.3677 -0.239049 0.596802 1.38804e+09
9.40265 -0.203296 0.5945 1.38804e+09
9.4376 -0.167544 0.592199 1.38804e+09
9.47256 -0.131792 0.589898 1.38804e+09
9.50751 -0.0960405 0.587598 1.38804e+09
9.54247 -0.0602897 0.585299 1.38804e+09
9.57742 -0.0245395 0.583 1.38804e+09
9.61238 0.0112103 0.580701 1.38804e+09
9.64734 0.0469596 0.578403 1.38804e+09
9.68229 0.0827086 0.576105 1.38804e+09
9.71725 0.118457 0.573808 1.38804e+09
9.75221 0.154205 0.571511 1.38804e+09
9.78717 0.189953 0.569215 1.38804e+09
9.82213 0.2257 0.566918 1.38804e+09
9.85709 0.261447 0.564623 1.38804e+09
9.89205 0.297194 0.562327 1.38804e+09
9.92701 0.33294 0.560032 1.38804e+09
9.96197 0.368686 0.557737 1.38804e+09
9.99693 0.404432 0.555442 1.38804e+09
10.0319 0.440178 0.553148 1.38804e+09
10.0668 0.475923 0.550853 1.38804e+09
10.1018 0.511668 0.548559 1.38804e+09
10.1368 0.547413 0.546266 1.38804e+09
10.1717 0.583157 0.543972 1.38804e+09
10.2067 0.618902 0.541679 1.38804e+09
10.253 0.636562 0.543485 1.38804e+09
10.2964 0.658787 0.544167 1.38804e+09
10.3379 0.683796 0.544073 1.38804e+09
10.3784 0.710315 0.54344 1.38804e+09
10.4186 0.737418 0.542433 1.38804e+09
10.459 0.764411 0.541164 1.38804e+09
10.5 0.790753 0.539712 1.38804e+09
10.5419 0.816017 0.53813 1.38804e+09
10.5848 0.839855 0.536454 1.38804e+09
10.6287 0.861983 0.534712 1.38804e+09
10.6737 0.882168 0.532921 1.38804e+09
10.7197 0.900219 0.531092 1.38804e+09
10.7667 0.91598 0.529235 1.38804e+09
10.8144 0.929328 0.527357 1.38804e+09
10.8629 0.940163 0.52546 1.38804e+09
10.9119 0.948413 0.523549 1.38804e+09
