1388127250.292475102 -0.0427824 0.492318 0.975 -168.555 0 0.083362  0.165093 -0.498129 7
1388127250.392456853 -0.0452966 0.498445 0.971 -168.522 -0.0251466 0.0612904  -0.0400073 0.00575881 7
1388127250.492458966 -0.0472337 0.501887 0.968 -168.494 -0.0193704 0.0344138  -0.0299994 0.0048868 7
1388127250.592456578 -0.049256 0.507544 0.97 -168.499 -0.0202239 0.056577  0.0200005 -0.000870874 7
1388127250.692453621 -0.0520356 0.513012 0.974 -168.467 -0.0277972 0.0546799  0.0400012 0.00558481 7
1388127250.792457995 -0.0543596 0.518679 0.981 -168.452 -0.0232385 0.0566661  0.0699969 0.00261777 7
1388127250.892462673 -0.0571905 0.523644 0.983 -168.52 -0.0283077 0.0496432  0.0199991 -0.0118692 7
1388127250.992458703 -0.060189 0.527853 0.985 -168.552 -0.0299866 0.0420966  0.0200008 -0.00558487 7
1388127251.092459370 -0.0627891 0.532619 0.987 -168.599 -0.0260006 0.0476589  0.0199999 -0.00820248 7
1388127251.192454580 -0.0658318 0.53875 0.99 -168.685 -0.0304285 0.0613121  0.0300014 -0.0150103 7
1388127251.292442703 -0.0686566 0.544996 0.988 -168.742 -0.028251 0.0624654  -0.0200024 -0.00995075 7
1388127251.392455012 -0.0706874 0.549705 0.983 -168.768 -0.0203056 0.0470854  -0.0499938 -0.00453747 7
1388127251.492464901 -0.0711545 0.553256 0.979 -168.818 0 0.0355056  -0.039996 -0.00872365 7
1388127251.592457296 -0.072371 0.557808 0.979 -168.864 -0.0121659 0.045522  0 -0.00803004 7
1388127251.692448361 -0.0726692 0.563572 0.978 -168.898 0 0.0576519  -0.0100009 -0.00593405 4
1388127251.792494618 -0.0733641 0.567822 0.979 -169.005 0 0.0424738  0 -0.0186681 4
1388127251.892448835 -0.0736173 0.573221 0.979 -169.012 0 0.0540211  0 -0.00122029 4
1388127251.992459679 -0.0732279 0.578175 0.976 -169.093 0 0.0495303  -0.0299967 -0.0141372 4
1388127252.092463131 -0.0723542 0.581969 0.967 -169.095 0 0.0379426  -0.0899969 -0.000348862 4
1388127252.192462108 -0.0722825 0.586184 0.966 -169.09 0 0.0421463  -0.0100001 0.000873526 4
1388127252.292531265 0.181094 -1.17439 0.961 -0.0130005 0 -0.0287806  -0.0499654 29.4891 4
1388127252.392507320 0.180814 -1.17565 0.96 0.026001 0 -0.0125852  -0.0100024 0.00680867 4
1388127252.492517565 0.181699 -1.17627 0.958 0.0059967 0 0  -0.019998 -0.00349105 4
1388127252.592531505 0.181364 -1.17708 0.959 -0.0630035 0 0  0 -0.0120411 4
1388127252.692540257 0.181989 -1.17694 0.958 -0.076004 0 0  0 -0.00226881 4
1388127252.792503146 0.183235 -1.17724 0.958 -0.151001 0.0124613 0  0 -0.0130943 4
1388127252.892540459 0.184504 -1.17627 0.956 -0.19101 0.0126893 0  -0.0199925 -0.0069802 4
1388127252.992545033 0.186961 -1.17463 0.958 -0.246002 0.0245629 0.0163914  0.0199991 -0.00959759 4
1388127253.092472077 0.189527 -1.17146 0.954 -0.263 0.0256775 0.0317488  -0.0400292 -0.00296893 4
1388127253.192547973 0.194653 -1.16823 0.956 -0.27301 0.0512196 0.0323079  0.0199848 -0.00174571 4
1388127253.292513743 0.200331 -1.1578 0.964 -0.314011 0.0568009 0.104285  0.0800274 -0.00715836 4
1388127253.392511799 0.206104 -1.15118 0.972 -0.432007 0.0577368 0.066231  0.0800016 -0.0205946 4
1388127253.492500075 0.211841 -1.14451 0.983 -0.602997 0.0573745 0.0666703  0.110013 -0.0298469 4
1388127253.693043122 0.218839 -1.13749 0.994 -0.94101 0.0348956 0.0349857  0.0548511 -0.0294173 3
1388127253.793417704 0.223254 -1.13561 0.993 -1.017 0.0439819 0.0188072  0 -0.013213 3
1388127253.893728372 0.226452 -1.13547 0.99 -1.056 0.0318873 0  -0.0299071 -0.00678596 3
1388127253.994009803 0.229229 -1.13711 0.988 -1.27301 0.0276919 -0.0163607  -0.0199439 -0.0377692 3
1388127254.094279742 0.234575 -1.14159 0.982 -1.763 0.0533156 -0.044631  -0.0598385 -0.0852892 3
1388127254.194524393 0.24284 -1.14786 0.977 -2.293 0.0824489 -0.0625404  -0.049878 -0.0922765 3
1388127254.294793168 0.256734 -1.15325 0.97 -2.761 0.13856 -0.0537611  -0.0698124 -0.0814629 3
1388127254.395053131 0.283993 -1.16132 0.965 -2.90601 0.271884 -0.0804948  -0.0498704 -0.0252424 3
1388127254.495321216 0.326692 -1.16965 0.963 -2.87601 0.425845 -0.0830547  -0.0199465 0.00522178 3
1388127254.595593166 0.38249 -1.17808 0.963 -2.358 0.556467 -0.0841477  0 0.0901638 3
1388127254.692513444 0.447668 -1.18705 0.962 -1.68401 0.672492 -0.092464  -0.0103178 0.121372 3
1388127254.792483365 0.514842 -1.19529 0.967 -0.834 0.671945 -0.082459  0.050015 0.148399 3
1388127254.892518223 0.571362 -1.2025 0.968 0.125 0.565003 -0.0720676  0 0.167319 3
1388127254.992482683 0.634378 -1.20979 0.964 1.11 0.630386 -0.0729192  -0.0400142 0.171976 3
1388127255.092488585 0.693007 -1.21532 0.971 2.29199 0.586252 -0.0553506  0.0699959 0.206284 3
1388127255.192517079 0.752605 -1.21931 0.963 3.52299 0.595813 -0.0398255  -0.0799772 0.214789 3
1388127255.292507657 0.809784 -1.22132 0.945 4.823 0.571847 -0.0201396  -0.180017 0.226915 3
1388127255.392480376 0.864969 -1.21975 0.946 6.24199 0.551998 0.015739  0.0100027 0.247728 3
1388127255.492488214 0.917455 -1.21849 0.942 7.73599 0.524815 0.0125961  -0.0399969 0.260732 3
1388127255.592519798 0.969626 -1.2122 0.938 9.27699 0.521547 0.0628471  -0.0399874 0.26887 3
1388127255.692526409 1.021 -1.20365 0.934 10.734 0.513695 0.0855411  -0.0399974 0.254278 3
1388127255.892798560 1.12164 -1.17216 0.933 14.104 0.502529 0.157205  0 0.293689 3
1388127255.993102344 1.17032 -1.15373 0.941 16.022 0.48527 0.183746  0.0797577 0.33374 3
1388127256.093384909 1.21849 -1.13264 0.941 17.594 0.480373 0.210362  0 0.273591 3
1388127256.193657370 1.26302 -1.11025 0.941 18.787 0.444059 0.223265  0 0.207653 3
1388127256.293925123 1.30592 -1.08639 0.935 19.808 0.427862 0.23798  -0.0598398 0.177722 3
1388127256.394192608 1.34718 -1.06028 0.939 20.534 0.411526 0.260351  0.0398933 0.126373 3
1388127256.494453016 1.38424 -1.03215 0.937 21.095 0.369695 0.280594  -0.0199481 0.0976595 3
1388127256.594709545 1.42114 -0.991766 0.933 21.486 0.367977 0.402802  -0.0398977 0.0680662 3
1388127256.694994672 1.46587 -0.94483 0.931 21.638 0.446086 0.46802  -0.0199431 0.026455 3
1388127256.795259560 1.51784 -0.899946 0.928 21.646 0.518287 0.447657  -0.0299207 0.00139181 3
1388127256.892491574 1.56828 -0.857586 0.933 21.541 0.51882 0.435654  0.0514234 -0.0188469 3
1388127256.992506667 1.62482 -0.820811 0.935 21.43 0.565242 0.367695  0.019997 -0.0193716 3
1388127257.092504706 1.67965 -0.790267 0.935 21.302 0.548342 0.305445  0 -0.022339 3
1388127257.192548271 1.73719 -0.765404 0.934 21.285 0.575157 0.248531  0 -0.00296547 3
1388127257.292508027 1.78875 -0.746469 0.932 21.28 0.515788 0.189424  -0.0200081 -0.000873869 3
1388127257.392538108 1.84659 -0.730709 0.933 21.279 0.578236 0.157553  0 -0.000175716 3
1388127257.492500359 1.9045 -0.719601 0.93 21.22 0.579326 0.11112  -0.0300113 -0.0102997 3
1388127257.592480558 1.96305 -0.712204 0.928 21.136 0.585591 0.0739829  -0.020004 -0.0146636 3
1388127257.692473560 2.0138 -0.707723 0.928 21.072 0.50759 0.0448149  0 -0.0111727 3
1388127257.792486435 2.06154 -0.708391 0.925 20.979 0.477286 0  -0.0299961 -0.0162272 3
1388127257.892529005 2.10589 -0.711054 0.924 20.831 0.443299 -0.0266188  0 -0.0258217 3
1388127258.092807213 2.19861 -0.726801 0.926 20.636 0.462985 -0.078623  0 -0.0169926 3
1388127258.193082146 2.24821 -0.739794 0.929 20.317 0.494627 -0.129575  0.0299177 -0.0555234 3
1388127258.293397855 2.29854 -0.753799 0.925 20.368 0.501711 -0.13961  -0.0398741 0.00887227 3
1388127258.393651419 2.35773 -0.764861 0.922 20.579 0.590337 -0.110343  -0.0299241 0.036733 3
1388127258.493925554 2.42249 -0.765649 0.916 20.973 0.645891 0  -0.059836 0.0685775 3
1388127258.594208878 2.47438 -0.752437 0.915 21.481 0.517462 0.131738  0 0.0884141 3
1388127258.694453806 2.53341 -0.727574 0.913 22.107 0.58879 0.248024  -0.0199511 0.108989 3
1388127258.794744513 2.59161 -0.692992 0.912 22.611 0.580325 0.344824  0 0.0877092 3
1388127258.895002570 2.64984 -0.651387 0.912 22.983 0.580815 0.414975  0 0.0647607 3
1388127258.995258292 2.70627 -0.599983 0.902 23.209 0.562815 0.512726  -0.0997449 0.0393435 3
1388127259.092503213 2.75791 -0.543719 0.901 23.222 0.531081 0.57858  -0.0102833 0.0023333 3
1388127259.192543851 2.8081 -0.484504 0.898 23.182 0.501654 0.591915  -0.0299878 -0.00697997 3
1388127259.292504434 2.86114 -0.422381 0.893 23.139 0.530656 0.621468  -0.0500197 -0.00750775 3
1388127259.392532433 2.90981 -0.362261 0.887 23.014 0.486582 0.601032  -0.0599832 -0.0218105 3
1388127259.492485283 2.95909 -0.300908 0.888 22.976 0.493008 0.613826  0.0100047 -0.0066344 3
1388127259.592544723 2.99786 -0.237172 0.891 22.91 0.387466 0.636981  0.0299822 -0.0115113 3
1388127259.692529411 3.03408 -0.172868 0.893 22.877 0.362287 0.643131  0.0200031 -0.0057613 3
1388127259.792453086 3.0667 -0.103682 0.893 22.723 0.326436 0.692392  0 -0.0268998 3
1388127259.892486188 3.09329 -0.0417582 0.891 22.388 0.265827 0.619034  -0.0199934 -0.0584477 3
1388127259.992503332 3.11626 0.017471 0.892 21.947 0.229583 0.592191  0 -0.0769575 3
1388127260.092493663 3.13867 0.0753218 0.888 21.604 0.224214 0.578564  -0.0400039 -0.0598683 3
1388127260.292795128 3.17006 0.189367 0.88 19.883 0.156699 0.569366  -0.0399398 -0.14996 3
1388127260.393063636 3.18577 0.245577 0.881 17.048 0.15665 0.560593  0 -0.493477 3
1388127260.493404878 3.19919 0.29799 0.882 13.892 0.133733 0.522352  0 -0.548951 3
1388127260.593660054 3.21135 0.325921 0.885 10.867 0.121326 0.278604  0.0299236 -0.52662 3
1388127260.693922376 3.22813 0.334575 0.894 8.03099 0.16739 0.0863099  0.0897645 -0.49368 3
1388127260.794196972 3.26439 0.330999 0.906 5.68199 0.36155 -0.0356646  0.119671 -0.408855 3
1388127260.894463576 3.30625 0.318701 0.912 2.98199 0.417469 -0.122653  0.0598405 -0.469985 3
1388127260.994755933 3.36161 0.299094 0.918 0.813004 0.551996 -0.195497  0.0598251 -0.377457 3
1388127261.095013079 3.42858 0.260551 0.914 -0.886002 0.667981 -0.384441  -0.0398974 -0.295772 3
1388127261.195275209 3.50073 0.213633 0.911 -2.158 0.719623 -0.467956  -0.0299216 -0.221426 3
1388127261.292523423 3.57201 0.15718 0.913 -3.16301 0.73294 -0.580507  0.0205659 -0.18037 3
1388127261.392493799 3.65612 0.0868885 0.915 -4.263 0.841387 -0.703119  0.0200059 -0.192042 3
1388127261.492512797 3.74905 0.00922463 0.904 -5.28801 0.929091 -0.776491  -0.109979 -0.178864 3
1388127261.592507675 3.83945 -0.0639892 0.897 -6.34 0.9041 -0.732175  -0.0700036 -0.183616 3
1388127261.692530295 3.94185 -0.147369 0.9 -7.29001 1.02376 -0.833607  0.0299932 -0.165771 3
1388127261.792475324 4.03573 -0.233888 0.887 -8.106 0.939332 -0.865668  -0.130072 -0.142496 3
1388127261.892505761 4.13472 -0.336231 0.884 -8.73001 0.989595 -1.02312  -0.0299909 -0.108877 3
1388127261.992504165 4.23519 -0.445521 0.871 -9.41 1.00474 -1.09292  -0.130002 -0.118683 3
1388127262.092478549 4.33427 -0.552637 0.86 -10.402 0.991006 -1.07144  -0.110028 -0.173182 3
1388127262.192501473 4.43291 -0.653276 0.852 -11.494 0.986184 -1.00615  -0.0799817 -0.190545 3
1388127262.292505934 4.52985 -0.748762 0.85 -12.379 0.96935 -0.954822  -0.0199991 -0.154454 3
1388127262.492804319 4.70804 -0.940001 0.851 -12.863 0.889621 -0.954769  0 -0.0421748 3
1388127262.593085164 4.79378 -1.04265 0.851 -9.21901 0.854956 -1.02359  0 0.634216 3
1388127262.693341193 4.86482 -1.15192 0.849 -5.367 0.708623 -1.08995  -0.0199489 0.670585 3
1388127262.793595430 4.91949 -1.2424 0.855 0.572998 0.545307 -0.902486  0.0598478 1.0341 3
1388127262.893858742 4.95433 -1.30463 0.86 5.491 0.347452 -0.62066  0.0498687 0.856099 3
1388127262.994120648 4.96613 -1.34525 0.863 9.991 0.117732 -0.405117  0.0299216 0.783347 3
1388127263.094377578 4.96647 -1.35696 0.862 14.218 0 -0.116838  0 0.735861 3
1388127263.194672187 4.96438 -1.35131 0.856 18.141 -0.020895 0.0563711  -0.0598238 0.682679 3
1388127263.294960640 4.96182 -1.32822 0.857 21.917 -0.0255365 0.230179  0 0.657141 3
1388127263.395222465 4.94754 -1.28086 0.858 25.694 -0.142427 0.472411  0 0.657491 3
1388127263.492498558 4.92796 -1.21813 0.865 29.466 -0.201301 0.644821  0.0719601 0.676773 3
1388127263.592540811 4.90941 -1.14248 0.873 33.106 -0.185416 0.756237  0.0799662 0.635031 3
1388127263.692531914 4.89681 -1.05618 0.883 36.967 -0.12598 0.863014  0.100009 0.67393 3
1388127263.792489175 4.89389 -0.954206 0.889 40.824 -0.0292368 1.02019  0.0600257 0.67346 3
1388127263.892488315 4.8842 -0.829425 0.9 44.58 -0.0968809 1.24782  0.110001 0.655552 3
1388127263.992483121 4.88416 -0.679947 0.903 48.362 0 1.49486  0.0300016 0.660119 3
1388127264.092514217 4.87713 -0.508812 0.904 51.972 -0.0702197 1.71081  0 0.629868 3
1388127264.192470682 4.85753 -0.323155 0.912 55.562 -0.196103 1.85738  0.0800348 0.626845 3
1388127264.292491090 4.83438 -0.138844 0.911 58.543 -0.231436 1.84274  0 0.520177 3
1388127264.392551633 4.7954 0.0423928 0.903 62.429 -0.389612 1.81127  -0.0799516 0.677824 3
1388127264.492490845 4.75742 0.212749 0.899 65.891 -0.379997 1.70459  -0.0400243 0.604601 3
1388127264.692956927 4.64193 0.633423 0.885 71.841 -0.576102 2.09848  -0.0698373 0.518028 3
1388127264.793331112 4.57031 0.863165 0.881 69.78 -0.713586 2.28885  -0.0398509 -0.358371 3
1388127264.893749090 4.4923 1.08728 0.883 66.632 -0.776839 2.23181  0.0199168 -0.547143 3
1388127264.993996021 4.41404 1.31356 0.882 66.001 -0.780702 2.25721  0 -0.109858 3
1388127265.094322877 4.34307 1.50331 0.896 58.103 -0.70731 1.89139  0.139544 -1.37397 3
1388127265.194572665 4.28466 1.64172 0.91 51.961 -0.582737 1.38057  0.139651 -1.06931 3
1388127265.294910947 4.23904 1.74407 0.916 47.15 -0.454604 1.02014  0.0597977 -0.836848 3
1388127265.395171838 4.20226 1.80621 0.922 42.782 -0.366831 0.619747  0.0598439 -0.760375 3
1388127265.495431312 4.17095 1.84584 0.899 38.443 -0.312313 0.395252  -0.229405 -0.755339 3
1388127265.595690363 4.15233 1.86081 0.879 34.478 -0.185683 0.149371  -0.199483 -0.690234 3
1388127265.692487002 4.14919 1.85297 0.86 30.787 -0.0324648 -0.0810887  -0.196288 -0.665519 3
1388127265.792510870 4.16057 1.8325 0.856 26.89 0.113713 -0.204561  -0.0399905 -0.679993 3
1388127265.892497603 4.18355 1.79559 0.853 22.787 0.229883 -0.369221  -0.030004 -0.716203 3
1388127265.992535118 4.22945 1.72843 0.854 18.437 0.458864 -0.671327  0 -0.758935 3
1388127266.092491489 4.30095 1.64703 0.856 14.032 0.715307 -0.814371  0.0200087 -0.769153 3
1388127266.192474071 4.38383 1.55399 0.859 9.661 0.828867 -0.930565  0.0300052 -0.763017 3
1388127266.292486761 4.47286 1.44531 0.86 5.271 0.890237 -1.08662  0 -0.766102 3
1388127266.392531140 4.57529 1.33711 0.865 1.106 1.02384 -1.08151  0.0499778 -0.726606 3
1388127266.492508062 4.68989 1.20729 0.862 -3.23601 1.14625 -1.29854  -0.0300069 -0.757999 3
1388127266.592546021 4.79777 1.06992 0.857 -7.662 1.07844 -1.37319  -0.049981 -0.772189 3
1388127266.692500391 4.89915 0.931211 0.846 -11.568 1.01424 -1.3877  -0.11005 -0.682038 3
1388127266.892911380 5.12607 0.593791 0.826 -18.841 1.13228 -1.68364  -0.0997949 -0.633387 3
1388127266.993276432 5.24751 0.409103 0.816 -19.957 1.20993 -1.84017  -0.0996363 -0.19407 3
1388127267.093618981 5.36788 0.209183 0.785 -18.416 1.19963 -1.99237  -0.308942 0.268037 3
1388127267.193963064 5.49214 0.0176599 0.78 -14.977 1.2383 -1.90867  -0.0498285 0.59816 3
1388127267.294295562 5.61552 -0.151339 0.778 -10.637 1.22973 -1.68439  -0.0199337 0.754962 3
1388127267.394624782 5.72806 -0.300315 0.782 -5.213 1.12169 -1.48488  0.0398687 0.943562 3
1388127267.494963502 5.81825 -0.421307 0.806 -0.572998 0.898877 -1.20584  0.23919 0.807099 3
1388127267.596985648 5.88696 -0.509364 0.828 3.592 0.673448 -0.863108  0.215639 0.71252 3
1388127267.697286749 5.94184 -0.559197 0.845 7.702 0.547158 -0.496835  0.16949 0.715177 3
1388127267.797632420 5.98603 -0.578285 0.853 11.928 0.440422 -0.19023  0.0797244 0.735035 3
1388127267.892478556 6.01991 -0.574604 0.854 16.106 0.357244 0.0388149  0.0105434 0.768824 3
1388127267.992510361 6.05149 -0.549717 0.867 20.775 0.315659 0.248791  0.129959 0.814634 3
1388127268.092474128 6.07223 -0.499622 0.875 25.567 0.207443 0.501132  0.080029 0.836666 3
1388127268.192470933 6.07478 -0.425772 0.872 30.474 0.0254996 0.738525  -0.030001 0.85646 3
1388127268.292500535 6.07772 -0.328752 0.88 35.415 0.0293817 0.969914  0.0799763 0.862111 3
1388127268.392488043 6.07794 -0.214369 0.896 40.138 0 1.14396  0.16002 0.824423 3
1388127268.492475833 6.06653 -0.093685 0.904 45.336 -0.114087 1.20699  0.0800098 0.907333 3
1388127268.592481023 6.05428 0.0334685 0.916 49.936 -0.122534 1.27147  0.119994 0.80281 3
1388127268.692468553 6.01855 0.165163 0.925 55.01 -0.357381 1.31711  0.0900112 0.88569 3
1388127268.792467988 5.95914 0.298508 0.936 59.769 -0.594031 1.33345  0.110001 0.830607 3
1388127268.892505192 5.9124 0.439054 0.941 64.387 -0.467235 1.40494  0.0499814 0.805693 3
1388127269.092902740 5.84203 0.760063 0.929 71.64 -0.351188 1.60186  -0.059881 0.631689 3
1388127269.193186287 5.79202 0.920255 0.924 70.185 -0.498652 1.59739  -0.0498586 -0.253228 3
1388127269.293505779 5.74751 1.05372 0.92 66.576 -0.443725 1.33039  -0.0398726 -0.627883 3
1388127269.393750731 5.71504 1.15806 0.917 61.782 -0.323863 1.04084  -0.0299267 -0.834666 3
1388127269.494008939 5.6998 1.22508 0.914 56.759 -0.152035 0.668488  -0.0299227 -0.874422 3
1388127269.594257765 5.67478 1.25617 0.917 52.108 -0.249505 0.310141  0.0299255 -0.809738 3
1388127269.694507226 5.65094 1.28439 0.923 47.846 -0.237863 0.281478  0.0598507 -0.742008 3
1388127269.794776884 5.64032 1.30324 0.925 43.892 -0.105874 0.188007  0.0199462 -0.688246 3
1388127269.895043701 5.64787 1.3209 0.903 40.07 0.0752912 0.176093  -0.219415 -0.665291 3
1388127269.995312392 5.67563 1.33052 0.892 35.871 0.276837 0.0960094  -0.109705 -0.730898 3
1388127270.092514325 5.72005 1.33396 0.888 31.375 0.457036 0.0353789  -0.0411514 -0.807289 3
1388127270.192543707 5.77406 1.33757 0.884 26.663 0.539849 0.0360661  -0.0399883 -0.822159 3
1388127270.292505548 5.84086 1.33928 0.879 22.018 0.668294 0.017153  -0.0500191 -0.811016 3
1388127270.392473600 5.86856 1.3601 0.874 17.617 0.277107 0.20825  -0.050016 -0.768365 3
1388127270.492498177 5.8671 1.39872 0.867 12.972 -0.0146554 0.386101  -0.0699828 -0.810504 3
1388127270.592516807 5.84706 1.44105 0.86 8.494 -0.200282 0.42324  -0.069987 -0.781412 3
1388127270.692595387 5.79604 1.48765 0.855 4.136 -0.509838 0.465599  -0.0499607 -0.760018 3
1388127270.792475296 5.74979 1.53151 0.848 -0.375 -0.463024 0.439128  -0.0700842 -0.788265 3
1388127270.892522137 5.7161 1.5803 0.84 -4.528 -0.336812 0.487647  -0.0799625 -0.724496 3
1388127270.992505922 5.69761 1.62537 0.828 -8.91101 -0.184854 0.45078  -0.120019 -0.765104 3
1388127271.092476552 5.68061 1.6588 0.817 -13.191 -0.170079 0.334429  -0.110032 -0.74722 3
1388127271.292793476 5.64356 1.68084 0.792 -20.743 -0.184984 0.110008  -0.124802 -0.657992 3
1388127271.393099044 5.62209 1.6814 0.777 -22.742 -0.213999 0  -0.149543 -0.34783 3
1388127271.493380949 5.60025 1.67175 0.769 -24.052 -0.217783 -0.096197  -0.0797751 -0.227995 3
1388127271.593640819 5.57944 1.65196 0.755 -25.23 -0.207523 -0.197363  -0.139637 -0.205068 3
1388127271.693896147 5.56043 1.62133 0.75 -26.421 -0.189621 -0.305557  -0.0498727 -0.207338 3
1388127271.794154638 5.54229 1.58069 0.748 -27.658 -0.180936 -0.405316  -0.0199484 -0.215341 3
1388127271.894428132 5.52564 1.53176 0.739 -28.793 -0.166085 -0.488034  -0.0897545 -0.197554 3
1388127271.994684183 5.51095 1.47831 0.738 -29.728 -0.146491 -0.533105  0 -0.162771 3
1388127272.094968768 5.49986 1.42074 0.751 -30.463 -0.110638 -0.574091  0.129631 -0.127918 3
1388127272.195231458 5.4927 1.35806 0.745 -31.182 -0.0713415 -0.62507  -0.0598428 -0.125162 3
1388127272.292488968 5.49062 1.29208 0.758 -31.715 -0.0214297 -0.678464  0.133666 -0.0956473 3
1388127272.392511593 5.49422 1.21859 0.77 -32.269 0.0360267 -0.734762  0.119973 -0.0966695 3
1388127272.492478107 5.50413 1.13899 0.785 -32.853 0.0990955 -0.796204  0.15005 -0.101961 3
1388127272.592541790 5.52196 1.05404 0.796 -33.237 0.178226 -0.848942  0.10993 -0.0669785 3
1388127272.692509000 5.54864 0.963723 0.804 -33.52 0.26685 -0.903507  0.0800262 -0.0494099 3
1388127272.792487629 5.58306 0.869002 0.803 -33.952 0.344221 -0.947411  -0.0100021 -0.0754155 3
1388127272.892521427 5.62529 0.771165 0.81 -34.359 0.42219 -0.978035  0.0699763 -0.0710105 3
1388127272.992508108 5.67394 0.670579 0.812 -34.979 0.486619 -1.00599  0.0200027 -0.108224 3
1388127273.092510782 5.72766 0.566363 0.821 -35.649 0.537112 -1.04213  0.0899976 -0.116934 3
1388127273.192506342 5.78499 0.457851 0.821 -36.34 0.57334 -1.08517  0 -0.120607 3
1388127273.292506251 5.84583 0.344437 0.83 -37.125 0.608446 -1.13414  0.0900001 -0.137009 3
1388127273.392510505 5.90972 0.230077 0.797 -37.782 0.638831 -1.14355  -0.329986 -0.114663 3
1388127273.492511791 5.97566 0.11425 0.807 -38.386 0.659375 -1.15826  0.0999987 -0.105417 3
1388127273.592547723 6.04432 -0.0019786 0.82 -38.926 0.686428 -1.16186  0.129953 -0.0942154 3
1388127273.692536615 6.11758 -0.117521 0.845 -39.455 0.732673 -1.15555  0.250028 -0.0923367 3
1388127273.792532664 6.1932 -0.234472 0.868 -39.978 0.756247 -1.16956  0.230009 -0.0912835 3
1388127273.892510481 6.27039 -0.355179 0.893 -40.542 0.77207 -1.20734  0.250055 -0.0984603 3
1388127273.992508744 6.34856 -0.484504 0.946 -41.917 0.781681 -1.29328  0.530009 -0.239987 3
1388127274.092512912 6.427 -0.617297 0.963 -42.284 0.784356 -1.32787  0.169993 -0.064049 3
1388127274.192524215 6.50608 -0.754448 0.981 -42.855 0.790663 -1.37136  0.17998 -0.0996496 3
1388127274.292478052 6.58646 -0.897514 0.994 -43.959 0.804229 -1.43132  0.13006 -0.192771 3
1388127274.392523163 6.66545 -1.04384 0.987 -45.081 0.789567 -1.46265  -0.0699684 -0.195739 3
1388127274.593062143 6.82254 -1.34143 0.975 -46.899 0.783327 -1.48395  -0.0598387 -0.158223 3
1388127274.693435274 6.90111 -1.4899 0.97 -46.802 0.782772 -1.47911  -0.0498141 0.0168668 3
