-0.072051 0.151539 0.95 1.00003
-0.0786418 0.162571 0.949676 1.10003
-0.0898225 0.17076 0.949252 1.20003
-0.104953 0.174953 0.948769 1.30003
-0.124005 0.174901 0.948252 1.40003
-0.146472 0.170453 0.947718 1.50003
-0.17166 0.1617 0.947175 1.60003
-0.198908 0.148934 0.946632 1.70003
-0.227672 0.132539 0.94609 1.80003
-0.257517 0.112918 0.945553 1.90003
-0.288093 0.0904403 0.94502 2.00003
-0.319112 0.065429 0.944492 2.10003
-0.350325 0.0381511 0.94397 2.20003
-0.381511 0.00882331 0.943454 2.30003
-0.412467 -0.022381 0.942943 2.40003
-0.443003 -0.0553229 0.942438 2.50003
-0.47294 -0.0898902 0.941939 2.60003
-0.502108 -0.125989 0.941446 2.70003
-0.530349 -0.163538 0.940959 2.80003
-0.557511 -0.202463 0.940479 2.90003
-0.583453 -0.242695 0.940005 3.00003
-0.608042 -0.284163 0.939538 3.10003
-0.631155 -0.326797 0.939078 3.20003
-0.652679 -0.370523 0.938626 3.30003
-0.672507 -0.415265 0.93818 3.40003
-0.690542 -0.460941 0.937742 3.50003
-0.706697 -0.507466 0.937312 3.60003
-0.720893 -0.554752 0.936889 3.70003
-0.733056 -0.602704 0.936473 3.80003
-0.743124 -0.651225 0.936065 3.90003
-0.751042 -0.700216 0.935665 4.00003
-0.75676 -0.749571 0.935272 4.10003
-0.76024 -0.799185 0.934887 4.20003
-0.761448 -0.848948 0.934509 4.30003
-0.760359 -0.89875 0.934139 4.40003
-0.756954 -0.948477 0.933857 4.50003
-0.751223 -0.998014 0.933609 4.60003
-0.743163 -1.04725 0.933384 4.70003
-0.732776 -1.09606 0.933177 4.80003
-0.720072 -1.14434 0.932982 4.90003
-0.70507 -1.19197 0.932797 5.00003
-0.687793 -1.23883 0.932619 5.10003
-0.668271 -1.28481 0.932447 5.20003
-0.646542 -1.3298 0.932279 5.30003
-0.622649 -1.37368 0.932116 5.40003
-0.596643 -1.41635 0.931956 5.50003
-0.568579 -1.45771 0.931799 5.60003
-0.538519 -1.49764 0.931646 5.70003
-0.529861 -1.50515 0.93112 5.80003
-0.516529 -1.51676 0.930431 5.90003
-0.499426 -1.53193 0.929645 6.00003
-0.479268 -1.55021 0.928805 6.10003
-0.456616 -1.57119 0.927943 6.20003
-0.43191 -1.59447 0.927079 6.30003
-0.405498 -1.6197 0.926224 6.40003
-0.377661 -1.64658 0.925387 6.50003
-0.348628 -1.67483 0.924574 6.60003
-0.318588 -1.70423 0.923787 6.70003
-0.287698 -1.7346 0.923026 6.80003
-0.256089 -1.76577 0.922294 6.90003
-0.223871 -1.79761 0.921588 7.00003
-0.191138 -1.83 0.92091 7.10003
-0.157968 -1.86286 0.920256 7.20003
-0.124425 -1.89609 0.919627 7.30003
-0.0905656 -1.92965 0.919022 7.40003
-0.0564368 -1.96346 0.918438 7.50003
-0.0220783 -1.99749 0.917876 7.60003
0.0124766 -2.03169 0.917333 7.70003
0.0471993 -2.06605 0.916809 7.80003
0.0820658 -2.10052 0.916302 7.90003
0.117056 -2.13508 0.915812 8.00003
0.152152 -2.16973 0.915338 8.10003
0.18734 -2.20444 0.914879 8.20003
0.222607 -2.2392 0.914433 8.30003
0.257942 -2.27401 0.914001 8.40003
0.293337 -2.30884 0.913582 8.50003
0.328783 -2.3437 0.913174 8.60003
0.364275 -2.37858 0.912777 8.70003
0.37033 -2.38841 0.912656 8.80003
0.380487 -2.40288 0.912497 8.90003
0.394414 -2.42099 0.912311 9.00003
0.411862 -2.44185 0.912108 9.10003
0.432608 -2.46469 0.911894 9.20003
0.456438 -2.48883 0.911672 9.30003
0.483145 -2.51371 0.911444 9.40003
0.512532 -2.53884 0.911213 9.50003
0.544405 -2.5638 0.910979 9.60003
0.578577 -2.58824 0.910742 9.70003
0.614869 -2.61185 0.910502 9.80003
0.653105 -2.63437 0.91026 9.90003
0.693116 -2.65556 0.910016 10
0.734735 -2.67524 0.909769 10.1
0.7778 -2.69323 0.909521 10.2
0.822154 -2.70939 0.909269 10.3
0.867641 -2.7236 0.909015 10.4
0.914108 -2.73576 0.908759 10.5
0.961407 -2.74578 0.9085 10.6
1.00939 -2.75359 0.908238 10.7
1.05791 -2.75912 0.907974 10.8
1.10683 -2.76234 0.907708 10.9
1.156 -2.7632 0.907438 11
1.20529 -2.76168 0.907167 11.1
1.25456 -2.75777 0.906892 11.2
1.26522 -2.7543 0.906603 11.3
1.28196 -2.7495 0.906222 11.4
1.30385 -2.74371 0.905786 11.5
1.33008 -2.73722 0.905316 11.6
1.35998 -2.73023 0.904829 11.7
1.39298 -2.72287 0.904335 11.8
1.42857 -2.71522 0.90384 11.9
1.46635 -2.70733 0.903348 12
1.50596 -2.69924 0.902862 12.1
1.54711 -2.69098 0.902382 12.2
1.58954 -2.68257 0.901909 12.3
1.63306 -2.67403 0.901444 12.4
1.67748 -2.66537 0.900986 12.5
1.72265 -2.65661 0.900534 12.6
1.76846 -2.64775 0.900088 12.7
1.8148 -2.63881 0.899649 12.8
1.86159 -2.6298 0.899214 12.9
1.90875 -2.62071 0.898785 13
1.95622 -2.61157 0.89836 13.1
2.00395 -2.60237 0.89794 13.2
2.0519 -2.59312 0.897523 13.3
2.10003 -2.58382 0.897109 13.4
2.14832 -2.57448 0.896699 13.5
2.19673 -2.5651 0.896292 13.6
2.24524 -2.55569 0.895887 13.7
2.29385 -2.54624 0.895485 13.8
2.34253 -2.53677 0.895085 13.9
2.39127 -2.52727 0.894687 14
2.44006 -2.51774 0.894291 14.1
2.4889 -2.50819 0.893897 14.2
2.53777 -2.49862 0.893505 14.3
2.58666 -2.48903 0.893114 14.4
2.63559 -2.47942 0.892725 14.5
2.68453 -2.46979 0.892337 14.6
2.73349 -2.46015 0.89195 14.7
2.78246 -2.45049 0.891565 14.8
2.83145 -2.44082 0.891181 14.9
2.88044 -2.43114 0.890797 15
2.92944 -2.42144 0.890415 15.1
2.97845 -2.41173 0.890034 15.2
3.02746 -2.40201 0.889653 15.3
3.07647 -2.39228 0.889274 15.4
3.12549 -2.38254 0.888895 15.5
3.17451 -2.37279 0.888516 15.6
3.22353 -2.36303 0.888139 15.7
3.27255 -2.35326 0.887762 15.8
3.32157 -2.34349 0.887386 15.9
3.37059 -2.3337 0.88701 16
3.41962 -2.32391 0.886635 16.1
3.46864 -2.31412 0.88626 16.2
3.51767 -2.30431 0.885886 16.3
3.56669 -2.2945 0.885512 16.4
3.61571 -2.28469 0.885139 16.5
3.66473 -2.27487 0.884766 16.6
3.71376 -2.26504 0.884394 16.7
3.76278 -2.25521 0.884021 16.8
3.8118 -2.24538 0.88365 16.9
3.86082 -2.23554 0.883278 17
3.90984 -2.22569 0.882907 17.1
3.95886 -2.21585 0.882536 17.2
4.00788 -2.20599 0.882165 17.3
4.05689 -2.19614 0.881795 17.4
4.10591 -2.18628 0.881425 17.5
4.15493 -2.17641 0.881055 17.6
4.20395 -2.16655 0.880685 17.7
4.25296 -2.15668 0.880316 17.8
4.30198 -2.14681 0.879946 17.9
4.35099 -2.13693 0.879577 18
4.40001 -2.12705 0.879208 18.1
4.44902 -2.11717 0.878839 18.2
4.49803 -2.10729 0.878471 18.3
4.54705 -2.09741 0.878102 18.4
4.59606 -2.08752 0.877734 18.5
4.64507 -2.07763 0.877366 18.6
4.69408 -2.06774 0.876997 18.7
4.74309 -2.05784 0.876629 18.8
4.79211 -2.04795 0.876262 18.9
4.84112 -2.03805 0.875894 19
4.89013 -2.02815 0.875526 19.1
4.93914 -2.01825 0.875158 19.2
4.98815 -2.00835 0.874791 19.3
5.03716 -1.99845 0.874423 19.4
5.08616 -1.98855 0.874056 19.5
5.13517 -1.97864 0.873689 19.6
5.18418 -1.96873 0.873322 19.7
5.23319 -1.95882 0.872954 19.8
5.2822 -1.94892 0.872587 19.9
5.33121 -1.93901 0.87222 20
5.38021 -1.92909 0.871853 20.1
5.42922 -1.91918 0.871486 20.2
5.47823 -1.90927 0.871119 20.3
5.52724 -1.89935 0.870753 20.4
5.57624 -1.88944 0.870386 20.5
5.62525 -1.87952 0.870019 20.6
5.67426 -1.86961 0.869652 20.7
5.72326 -1.85969 0.869286 20.8
5.77227 -1.84977 0.868919 20.9
5.82128 -1.83985 0.868552 21
5.87028 -1.82993 0.868186 21.1
5.91929 -1.82001 0.867819 21.2
5.9683 -1.81009 0.867453 21.3
6.0173 -1.80017 0.867086 21.4
6.06631 -1.79025 0.86672 21.5
6.11531 -1.78033 0.866353 21.6
6.16432 -1.7704 0.865987 21.7
6.21332 -1.76048 0.86562 21.8
6.26233 -1.75056 0.865254 21.9
6.31133 -1.74063 0.864888 22
6.36034 -1.73071 0.864521 22.1
6.40934 -1.72078 0.864155 22.2
6.45835 -1.71086 0.863789 22.3
6.50735 -1.70093 0.863422 22.4
6.55636 -1.69101 0.863056 22.5
6.60536 -1.68108 0.86269 22.6
6.65437 -1.67115 0.862324 22.7
6.70337 -1.66123 0.861957 22.8
6.75238 -1.6513 0.861591 22.9
6.80138 -1.64137 0.861225 23
6.85039 -1.63145 0.860859 23.1
6.89939 -1.62152 0.860492 23.2
6.9484 -1.61159 0.860126 23.3
6.9974 -1.60166 0.85976 23.4
7.0464 -1.59173 0.859394 23.5
7.09541 -1.5818 0.859028 23.6
7.14441 -1.57188 0.858661 23.7
7.19342 -1.56195 0.858295 23.8
7.24242 -1.55202 0.857929 23.9
7.29143 -1.54209 0.857563 24
7.34043 -1.53216 0.857197 24.1
7.38943 -1.52223 0.856831 24.2
7.43844 -1.5123 0.856465 24.3
7.48744 -1.50237 0.856098 24.4
7.53645 -1.49244 0.855732 24.5
7.58545 -1.48251 0.855366 24.6
7.63445 -1.47258 0.855 24.7
7.68346 -1.46265 0.854634 24.8
7.73246 -1.45272 0.854268 24.9
7.78147 -1.44279 0.853902 25
7.83047 -1.43285 0.853536 25.1
7.87947 -1.42292 0.85317 25.2
7.92848 -1.41299 0.852804 25.3
7.97748 -1.40306 0.852437 25.4
8.02648 -1.39313 0.852071 25.5
8.07549 -1.3832 0.851705 25.6
8.12449 -1.37327 0.851339 25.7
8.1735 -1.36334 0.850973 25.8
8.2225 -1.35341 0.850607 25.9
8.2715 -1.34347 0.850241 26
8.32051 -1.33354 0.849875 26.1
8.36951 -1.32361 0.849509 26.2
8.41851 -1.31368 0.849143 26.3
8.46752 -1.30375 0.848777 26.4
8.51652 -1.29382 0.848411 26.5
8.56553 -1.28388 0.848044 26.6
8.61453 -1.27395 0.847678 26.7
8.66353 -1.26402 0.847312 26.8
8.71254 -1.25409 0.846946 26.9
8.76154 -1.24416 0.84658 27
8.81054 -1.23422 0.846214 27.1
8.85955 -1.22429 0.845848 27.2
8.90855 -1.21436 0.845482 27.3
8.95755 -1.20443 0.845116 27.4
9.00656 -1.1945 0.84475 27.5
9.05556 -1.18456 0.844384 27.6
9.10457 -1.17463 0.844018 27.7
9.15357 -1.1647 0.843652 27.8
9.20257 -1.15477 0.843286 27.9
9.25158 -1.14483 0.84292 28
9.30058 -1.1349 0.842554 28.1
9.34958 -1.12497 0.842188 28.2
9.39859 -1.11504 0.841821 28.3
9.44759 -1.10511 0.841455 28.4
9.49659 -1.09517 0.841089 28.5
9.5456 -1.08524 0.840723 28.6
9.5946 -1.07531 0.840357 28.7
9.6436 -1.06538 0.839991 28.8
9.69261 -1.05544 0.839625 28.9
9.74161 -1.04551 0.839259 29
9.79061 -1.03558 0.838893 29.1
9.83962 -1.02565 0.838527 29.2
9.88862 -1.01571 0.838161 29.3
9.93763 -1.00578 0.837795 29.4
9.98663 -0.995848 0.837429 29.5
10.0356 -0.985916 0.837063 29.6
10.0846 -0.975983 0.836697 29.7
10.1336 -0.966051 0.836331 29.8
10.1826 -0.956118 0.835965 29.9
10.2316 -0.946185 0.835599 30
10.2806 -0.936253 0.835233 30.1
10.3297 -0.92632 0.834867 30.2
10.3787 -0.916387 0.834501 30.3
10.4277 -0.906455 0.834134 30.4
10.4767 -0.896522 0.833768 30.5
10.5257 -0.88659 0.833402 30.6
10.5747 -0.876657 0.833036 30.7
10.6237 -0.866724 0.83267 30.8
10.6727 -0.856792 0.832304 30.9
10.7217 -0.846859 0.831938 31
10.7707 -0.836926 0.831572 31.1
10.8197 -0.826994 0.831206 31.2
10.8687 -0.817061 0.83084 31.3
10.9177 -0.807128 0.830474 31.4
10.9667 -0.797195 0.830108 31.5
11.0157 -0.787263 0.829742 31.6
11.0647 -0.77733 0.829376 31.7
11.1137 -0.767397 0.82901 31.8
11.1627 -0.757465 0.828644 31.9
11.2117 -0.747532 0.828278 32
11.2607 -0.737599 0.827912 32.1
11.3097 -0.727666 0.827546 32.2
11.3587 -0.717734 0.82718 32.3
11.4077 -0.707801 0.826814 32.4
11.4567 -0.697868 0.826448 32.5
11.5057 -0.687935 0.826081 32.6
11.5547 -0.678003 0.825715 32.7
11.6037 -0.66807 0.825349 32.8
11.6527 -0.658137 0.824983 32.9
11.7018 -0.648204 0.824617 33
11.7508 -0.638272 0.824251 33.1
11.7998 -0.628339 0.823885 33.2
11.8488 -0.618406 0.823519 33.3
11.8978 -0.608473 0.823153 33.4
11.9468 -0.598541 0.822787 33.5
11.9958 -0.588608 0.822421 33.6
12.0448 -0.578675 0.822055 33.7
12.0938 -0.568742 0.821689 33.8
12.1428 -0.55881 0.821323 33.9
12.1918 -0.548877 0.820957 34
12.2408 -0.538944 0.820591 34.1
12.2898 -0.529011 0.820225 34.2
12.3388 -0.519078 0.819859 34.3
12.3878 -0.509146 0.819493 34.4
12.4368 -0.499213 0.819127 34.5
12.4858 -0.48928 0.818761 34.6
12.5348 -0.479347 0.818395 34.7
12.5838 -0.469415 0.818028 34.8
12.6328 -0.459482 0.817662 34.9
12.6818 -0.449549 0.817296 35
12.7308 -0.439616 0.81693 35.1
12.7798 -0.429683 0.816564 35.2
12.8288 -0.419751 0.816198 35.3
12.8778 -0.409818 0.815832 35.4
12.9268 -0.399885 0.815466 35.5
12.9758 -0.389952 0.8151 35.6
13.0248 -0.38002 0.814734 35.7
13.0738 -0.370087 0.814368 35.8
13.1229 -0.360154 0.814002 35.9
13.1719 -0.350221 0.813636 36
13.2209 -0.340288 0.81327 36.1
13.2699 -0.330356 0.812904 36.2
13.3189 -0.320423 0.812538 36.3
13.3679 -0.31049 0.812172 36.4
13.4169 -0.300557 0.811806 36.5
13.4659 -0.290624 0.81144 36.6
13.5149 -0.280692 0.811074 36.7
13.5639 -0.270759 0.810708 36.8
13.6129 -0.260826 0.810342 36.9
13.6619 -0.250893 0.809976 37
13.7109 -0.24096 0.809609 37.1
13.7599 -0.231028 0.809243 37.2
13.8089 -0.221095 0.808877 37.3
13.8579 -0.211162 0.808511 37.4
13.9069 -0.201229 0.808145 37.5
13.9559 -0.191296 0.807779 37.6
14.0049 -0.181364 0.807413 37.7
14.0539 -0.171431 0.807047 37.8
14.1029 -0.161498 0.806681 37.9
14.1519 -0.151565 0.806315 38
14.2009 -0.141633 0.805949 38.1
14.2499 -0.1317 0.805583 38.2
14.2989 -0.121767 0.805217 38.3
14.3479 -0.111834 0.804851 38.4
14.3969 -0.101901 0.804485 38.5
14.4459 -0.0919685 0.804119 38.6
14.4949 -0.0820357 0.803753 38.7
14.544 -0.0721029 0.803387 38.8
14.593 -0.0621701 0.803021 38.9
14.642 -0.0522373 0.802655 39
14.691 -0.0423045 0.802289 39.1
14.7014 -0.0381564 0.802125 39.2
14.7179 -0.0323747 0.801908 39.3
14.7395 -0.0255979 0.801656 39.4
14.7656 -0.0184322 0.801381 39.5
14.7955 -0.0114065 0.801093 39.6
14.8287 -0.00496861 0.800795 39.7
14.8648 0.00050798 0.800492 39.8
