1386142580.945266200 -1.01852e-29 3.75395e-30 0 -159.075 -2.54033e-30 9.36284e-31  0 -0.692466 6
1386142581.016404820 -1.02264e-29 3.76923e-30 0 -159.24 -5.7793e-31 2.14819e-31  0 -0.0404835 6
1386142581.081460505 -1.02359e-29 3.77276e-30 0 -159.221 -1.46178e-31 5.42166e-32  0 0.00510071 6
1386142581.219293614 -1.0237e-29 3.77318e-30 0 -159.177 -8.40169e-33 3.11156e-33  0 0.00557043 6
1386142581.286888719 -1.02372e-29 3.77323e-30 0 -159.004 -1.9125e-33 7.0347e-34  0 0.0446703 6
1386142581.417391924 -1.02372e-29 3.77324e-30 0 -158.357 -1.228e-34 4.37201e-35  0 0.0865292 6
1386142581.482385430 3.87378e-12 -6.3886e-14 0 179.032 5.96025e-11 -9.8296e-13  0 90.6021 6
1386142581.612188434 -0.0268057 -0.000783103 0.257 179.23 -0.206511 -0.00603301  1.97992 0.0266228 6
1386142581.677939801 -0.0334968 -0.00209206 0.274 179.292 -0.101764 -0.0199076  0.25855 0.0164606 6
1386142581.807745276 -0.0393197 -0.0114434 0.351 179.335 -0.0448585 -0.0720415  0.593195 0.00578157 6
1386142581.938809930 -0.0447404 -0.0170282 0.47 179.313 -0.0413587 -0.0426107  0.907949 -0.00293006 6
1386142582.003648720 -0.047333 -0.0201498 0.544 179.315 -0.039986 -0.0481439  1.14129 0.000538064 6
1386142582.136676525 -0.0623572 -0.0357955 0.648 179.166 -0.11294 -0.117613  0.781791 -0.0195491 6
1386142582.199233526 -0.0678803 -0.0438407 0.675 179.133 -0.0882898 -0.128606  0.431606 -0.00920827 6
1386142582.330095075 -0.078575 -0.0593005 0.699 179.096 -0.0817249 -0.118138  0.1834 -0.00493511 6
1386142582.393922002 -0.082222 -0.0664046 0.696 179.097 -0.0571399 -0.111303  -0.0470021 0.000275383 6
1386142582.530171214 -0.086307 -0.0816656 0.683 179.095 -0.0299816 -0.112009  -0.0954134 -0.000256056 6
1386142582.591260715 -0.0883615 -0.0878083 0.67 179.063 -0.0336305 -0.100552  -0.212803 -0.00914175 6
1386142582.723164798 -0.0914958 -0.0978375 0.657 179.08 -0.0237624 -0.0760338  -0.0985565 0.00224918 6
1386142582.786750696 -0.0926724 -0.103529 0.65 179.067 -0.0185037 -0.0895146  -0.110087 -0.00356842 6
1386142582.917508582 -0.0945284 -0.115081 0.646 179.066 -0.0141943 -0.0883435  -0.0305909 -0.000134423 6
1386142583.046983766 -0.0964371 -0.129557 0.65 179.147 -0.0147414 -0.111808  0.030894 0.01092 6
1386142583.115390759 -0.0977118 -0.137283 0.654 179.166 -0.0186339 -0.112943  0.0584736 0.00484692 6
1386142583.243058387 -0.10047 -0.151838 0.662 179.159 -0.0216062 -0.114006  0.0626627 -0.000957479 6
1386142583.309676966 -0.101841 -0.159474 0.669 179.139 -0.0205727 -0.114615  0.105076 -0.00523689 6
1386142583.438042797 -0.1062 -0.171052 0.673 179.105 -0.0339572 -0.0901947  0.0311609 -0.00462443 6
1386142583.502982948 -0.10807 -0.177699 0.674 179.121 -0.0287971 -0.102365  0.0153988 0.00430189 6
1386142583.633627279 -0.110738 -0.191221 0.679 179.195 -0.020424 -0.103504  0.0382718 0.00988664 6
1386142583.698762809 -0.112081 -0.196502 0.682 179.225 -0.0206212 -0.0810669  0.0460578 0.00803828 6
1386142583.832640199 -0.115981 -0.201291 0.683 179.278 -0.0291322 -0.0357709  0.00746952 0.00690868 6
1386142583.894525363 -0.117549 -0.202923 0.683 179.244 -0.0253321 -0.0263726  0 -0.00958796 6
1386142584.025150025 -0.11891 -0.206362 0.683 179.264 -0.0104198 -0.0263302  0 0.00267285 6
1386142584.089939421 -0.119486 -0.20782 0.683 179.211 -0.00889306 -0.0224956  0 -0.0142798 6
1386142584.220523326 -0.11978 -0.211889 0.686 179.074 -0.00224615 -0.0311667  0.0229737 -0.01831 6
1386142584.287471265 -0.119803 -0.214272 0.686 178.972 -0.000356861 -0.0355863  0 -0.0265927 6
1386142584.416831143 -0.120257 -0.219691 0.685 178.844 -0.00350843 -0.0418925  -0.00773037 -0.0172706 6
1386142584.546470144 -0.120143 -0.224082 0.681 178.749 0.000880272 -0.0338696  -0.0308549 -0.01279 4
1386142584.611547292 0.734394 0.223658 0.677 -0.0449982 -0.00327346 0.0346075  -0.0614655 -47.9515 4
1386142584.679497268 0.733017 0.228334 0.671 -0.112 -0.0202688 0.0688153  -0.0883003 -0.0172096 4
1386142584.806827065 0.72968 0.233028 0.659 -0.156998 -0.0262058 0.0368692  -0.0942435 -0.00616797 3
1386142584.937394260 0.725895 0.236628 0.645 -0.274994 -0.0289858 0.0275737  -0.107224 -0.0157729 3
1386142585.002606917 0.724988 0.240628 0.641 -0.339996 -0.0139145 0.0613275  -0.0613378 -0.017397 3
1386142585.132886412 0.726053 0.255544 0.634 -0.496994 0.00817871 0.114498  -0.0537306 -0.0210327 3
1386142585.198066731 0.727524 0.264989 0.634 -0.78299 0.0225674 0.144903  0 -0.0765808 3
1386142585.328412773 0.737181 0.286793 0.637 -1.461 0.0740823 0.167275  0.0230157 -0.0907852 3
1386142585.393731781 0.744519 0.297915 0.64 -1.77199 0.11235 0.170273  0.0459284 -0.0830966 3
1386142585.522916433 0.78129 0.31846 0.645 -2.41699 0.284635 0.159035  0.0387043 -0.0871423 3
1386142585.589227164 0.804628 0.32611 0.652 -2.81299 0.351954 0.115374  0.105564 -0.104228 3
1386142585.719644312 0.875666 0.335959 0.667 -3.52299 0.544695 0.0755132  0.115016 -0.0950178 3
1386142585.787466700 0.915384 0.338739 0.675 -3.93999 0.585627 0.0409881  0.117955 -0.107308 3
1386142585.915723107 0.994078 0.332411 0.695 -4.48299 0.613565 -0.0493385  0.155938 -0.073892 3
1386142586.047821598 1.07735 0.319043 0.715 -4.681 0.630356 -0.101197  0.151402 -0.0261622 3
1386142586.112294759 1.11951 0.310954 0.726 -4.696 0.653972 -0.125463  0.170614 -0.00406043 3
1386142586.243006224 1.20585 0.28949 0.747 -4.45499 0.66051 -0.164203  0.160659 0.0321813 3
1386142586.305715891 1.24416 0.280193 0.756 -4.26799 0.610891 -0.148258  0.143519 0.0520447 3
1386142586.371472337 1.2822 0.27124 0.764 -3.95699 0.578615 -0.13615  0.121661 0.0825479 3
1386142586.501919806 1.35186 0.254226 0.779 -3.34 0.534006 -0.130431  0.114989 0.0825504 3
1386142586.632142071 1.41205 0.238829 0.789 -2.674 0.46221 -0.118233  0.0767918 0.089262 3
1386142586.697203029 1.43909 0.232246 0.792 -2.364 0.415549 -0.101194  0.0461106 0.0831601 3
1386142586.830059645 1.48841 0.22481 0.795 -1.68399 0.371261 -0.0559665  0.0225807 0.0893322 3
1386142586.892988568 1.51257 0.221981 0.798 -1.377 0.383852 -0.0449612  0.0476728 0.0851439 3
1386142587.025742788 1.56666 0.217726 0.795 -0.735992 0.407456 -0.0320521  -0.0225982 0.0842736 3
1386142587.153973082 1.62429 0.213665 0.794 -0.0410004 0.449404 -0.0316629  -0.00779847 0.0945947 3
1386142587.221725785 1.65726 0.211651 0.794 0.240005 0.48659 -0.029738  0 0.0723879 3
1386142587.349764885 1.73045 0.203924 0.79 1.00301 0.571684 -0.0603467  -0.0312405 0.104006 3
1386142587.414496118 1.76888 0.19934 0.789 1.429 0.593711 -0.0708095  -0.0154485 0.11486 3
1386142587.544877737 1.84779 0.186387 0.786 2.397 0.605204 -0.0993518  -0.0230094 0.12958 3
1386142587.610056050 1.88741 0.179699 0.784 2.983 0.607906 -0.102601  -0.0306851 0.156917 3
1386142587.749558862 1.96852 0.165035 0.781 4.34401 0.581387 -0.10512  -0.0215049 0.170277 3
1386142587.805560854 2.00027 0.157839 0.777 5.09801 0.566904 -0.128496  -0.071426 0.234987 3
1386142587.935817537 2.0664 0.141629 0.772 6.619 0.507729 -0.124446  -0.0383857 0.203801 3
1386142588.000234260 2.0988 0.13413 0.77 7.35001 0.502916 -0.116415  -0.0310478 0.19806 3
1386142588.131380336 2.15311 0.128919 0.764 8.88701 0.414115 -0.0397308  -0.0457505 0.204549 3
1386142588.196561381 2.17939 0.1287 0.762 9.589 0.403231 -0.00336792  -0.0306838 0.187971 3
1386142588.326987367 2.23141 0.141403 0.761 10.918 0.39883 0.0973959  -0.00766718 0.177845 3
1386142588.457405774 2.28566 0.163897 0.751 12.127 0.415962 0.172477  -0.0766763 0.161795 3
1386142588.522644430 2.31575 0.176616 0.747 12.772 0.461281 0.194968  -0.0613133 0.172554 3
1386142588.651383760 2.3809 0.204576 0.746 13.682 0.506017 0.217181  -0.00776763 0.12337 3
1386142588.718543628 2.41763 0.219177 0.745 14.043 0.54703 0.217411  -0.0148898 0.0938175 3
1386142588.848002007 2.49559 0.2423 0.749 14.536 0.602162 0.178615  0.030898 0.0664647 3
1386142588.913755976 2.5363 0.253759 0.752 14.757 0.619187 0.17426  0.0456246 0.0586589 3
1386142589.044295688 2.61672 0.271479 0.76 15.031 0.616024 0.135744  0.061284 0.0366344 3
1386142589.109350889 2.6563 0.280509 0.765 15.033 0.608395 0.138805  0.0768578 0.000536274 3
1386142589.239378321 2.73464 0.296783 0.773 15.073 0.60249 0.125159  0.0615255 0.00537026 3
1386142589.304901786 2.77262 0.30493 0.777 15.079 0.579694 0.12434  0.0610468 0.00159732 3
1386142589.435339800 2.84217 0.320972 0.782 15.109 0.533158 0.122989  0.0383324 0.00401399 3
1386142589.500432119 2.8762 0.329064 0.783 15.217 0.522902 0.124312  0.0153628 0.0289586 3
1386142589.634292241 2.9427 0.345019 0.783 15.344 0.496799 0.119189  0 0.0165587 3
1386142589.761257207 3.00226 0.358908 0.786 15.384 0.469042 0.10939  0.0236286 0.00549769 3
1386142589.826400231 3.03456 0.365281 0.787 15.354 0.495869 0.0978427  0.0153508 -0.00803735 3
1386142589.891555640 3.06726 0.371303 0.791 15.299 0.501902 0.0924129  0.0613917 -0.014731 3
1386142590.022503643 3.13242 0.382942 0.794 15.223 0.497608 0.0888868  0.0229099 -0.0101301 3
1386142590.154767367 3.19452 0.394379 0.794 15.233 0.469481 0.0864702  0 0.00131886 3
1386142590.217386143 3.22304 0.400076 0.793 15.182 0.455536 0.0909791  -0.0159697 -0.0142134 3
1386142590.352093884 3.28398 0.416158 0.788 14.93 0.452382 0.11938  -0.0371174 -0.03265 3
1386142590.413755326 3.3111 0.424022 0.786 14.755 0.439755 0.127547  -0.0324352 -0.0495347 3
1386142590.545392421 3.3702 0.447416 0.774 14.329 0.449015 0.177714  -0.0911597 -0.0564811 3
1386142590.608199372 3.39843 0.459065 0.773 14.113 0.449375 0.185473  -0.0159218 -0.0600247 3
1386142590.738829853 3.46087 0.489412 0.756 13.593 0.477993 0.232312  -0.130138 -0.0694768 3
1386142590.804175486 3.49337 0.50208 0.747 13.316 0.497353 0.193854  -0.137729 -0.0739825 3
1386142590.936873330 3.5583 0.525541 0.728 12.738 0.489334 0.176802  -0.143182 -0.0760227 3
1386142591.065049923 3.61864 0.542705 0.711 12.042 0.47073 0.13391  -0.13263 -0.0947714 3
1386142591.129774242 3.64905 0.549626 0.704 11.711 0.46988 0.106932  -0.108151 -0.0892544 3
1386142591.260862688 3.71045 0.559197 0.692 10.999 0.468375 0.0730149  -0.0915412 -0.0947974 3
1386142591.324884288 3.73967 0.562734 0.687 10.575 0.456383 0.055234  -0.0780986 -0.115588 3
1386142591.455867516 3.79976 0.566149 0.676 9.692 0.458744 0.0260768  -0.0839802 -0.11766 3
1386142591.519965580 3.8281 0.568079 0.67 9.291 0.442152 0.0301151  -0.0936066 -0.109189 3
1386142591.651787572 3.88357 0.569865 0.662 8.70401 0.420858 0.0135472  -0.0606879 -0.0777178 3
1386142591.717319219 3.91047 0.570741 0.662 8.44101 0.410349 0.013357  0 -0.0700459 3
1386142591.846902740 3.96264 0.570007 0.655 8.03101 0.402618 -0.00565785  -0.0540192 -0.0552224 3
1386142591.912643331 3.99107 0.569036 0.653 7.90901 0.432559 -0.0147809  -0.0304226 -0.0323879 3
1386142592.042664739 4.04747 0.566674 0.65 7.76401 0.433717 -0.0181662  -0.0230731 -0.0194645 3
1386142592.109806244 4.07912 0.565497 0.649 7.72501 0.4714 -0.0175279  -0.0148939 -0.0101383 3
1386142592.238175687 4.14717 0.567976 0.649 7.80301 0.530141 0.0193146  0 0.0106054 3
1386142592.368803528 4.22355 0.576026 0.651 8.10201 0.584669 0.0616213  0.0153107 0.0399491 3
1386142592.433686627 4.26278 0.580763 0.653 8.29201 0.60464 0.0730201  0.0308247 0.0511099 3
1386142592.564047817 4.34363 0.593696 0.652 8.68901 0.620235 0.0992083  -0.00767099 0.0531524 3
1386142592.638842900 4.3897 0.602255 0.653 8.832 0.615968 0.114422  0.0133699 0.0333665 3
1386142592.758852637 4.4591 0.61867 0.656 9.17101 0.578303 0.136788  0.024998 0.0493022 3
1386142592.824272496 4.49538 0.62838 0.658 9.35201 0.554459 0.14842  0.0305718 0.0482887 3
1386142592.955128170 4.56018 0.644216 0.663 9.634 0.495212 0.121016  0.03821 0.0376123 3
1386142593.020447686 4.59191 0.65113 0.665 9.746 0.485798 0.105859  0.0306187 0.0299261 3
1386142593.149906767 4.64987 0.661946 0.672 9.97301 0.447683 0.0835467  0.0540711 0.0306041 3
1386142593.216029381 4.67827 0.666109 0.673 10.12 0.429579 0.0629605  0.0151234 0.038802 3
1386142593.347058645 4.73407 0.672627 0.676 10.408 0.425855 0.0497384  0.0228956 0.0383613 3
1386142593.411874565 4.76219 0.676401 0.678 10.574 0.433887 0.0582382  0.0308566 0.0446997 3
1386142593.542055803 4.82083 0.684154 0.681 10.907 0.450406 0.0595556  0.0230448 0.0446461 3
1386142593.672838004 4.88046 0.691224 0.685 11.208 0.455966 0.0540581  0.0305852 0.0401687 3
1386142593.738122604 4.91151 0.696024 0.683 11.284 0.475591 0.0735141  -0.0306351 0.020319 3
1386142593.870178686 4.97663 0.706688 0.684 11.505 0.493104 0.0807606  0.00757254 0.0292077 3
1386142593.933283652 5.00811 0.712349 0.682 11.566 0.498893 0.0896934  -0.0316932 0.0168724 3
1386142594.067948728 5.07555 0.726828 0.681 11.562 0.500834 0.107519  -0.00742583 -0.000518136 3
1386142594.128808921 5.10717 0.734277 0.679 11.49 0.519452 0.122406  -0.0328622 -0.0206497 3
1386142594.260103268 5.17463 0.758252 0.67 11.185 0.513831 0.1826  -0.0685483 -0.0405435 3
1386142594.324176136 5.20777 0.76997 0.668 11.083 0.517225 0.182897  -0.0312145 -0.0277859 3
1386142594.456648537 5.27488 0.798953 0.66 10.988 0.506614 0.218779  -0.0603899 -0.0125164 3
1386142594.519595142 5.30673 0.812544 0.657 10.949 0.505867 0.215916  -0.0476594 -0.010814 3
1386142594.652059792 5.37274 0.836188 0.652 10.683 0.498313 0.178495  -0.0377459 -0.0350465 3
1386142594.713447904 5.40504 0.8467 0.652 10.42 0.526287 0.171236  0 -0.0747738 3
1386142594.845550514 5.48397 0.85909 0.649 9.688 0.597458 0.0937927  -0.0227096 -0.0967126 3
1386142594.976000378 5.56998 0.860079 0.648 8.57401 0.659369 0.00758411  -0.00766578 -0.149045 3
1386142595.041276016 5.61191 0.857632 0.65 7.86601 0.642265 -0.0374892  0.0306393 -0.189302 3
1386142595.171360865 5.6894 0.827253 0.653 6.76501 0.595726 -0.233539  0.0230619 -0.147719 3
1386142595.236555658 5.72503 0.805629 0.655 6.18001 0.546405 -0.331678  0.0306773 -0.156612 3
1386142595.367344906 5.78312 0.765989 0.66 5.91701 0.444155 -0.303082  0.0382294 -0.0350963 3
1386142595.431869133 5.81082 0.740812 0.667 6.035 0.429379 -0.390191  0.108486 0.031917 3
1386142595.562454891 5.86282 0.695394 0.681 6.81801 0.398175 -0.347803  0.107209 0.104652 3
1386142595.630015774 5.8902 0.674151 0.692 7.356 0.405314 -0.31443  0.162816 0.138982 3
1386142595.758326455 5.93393 0.661559 0.714 9.08601 0.34079 -0.0981336  0.171459 0.235322 3
1386142595.822994375 5.95722 0.659706 0.718 10.15 0.360157 -0.0286556  0.0618545 0.287163 3
1386142595.953762929 6.0109 0.675614 0.727 12.539 0.410532 0.121648  0.0688239 0.318852 3
1386142596.019039521 6.03762 0.689046 0.733 13.816 0.409351 0.205767  0.0919166 0.341439 3
1386142596.149447655 6.09717 0.727341 0.743 16.175 0.456582 0.293659  0.0766823 0.315718 3
1386142596.279812623 6.15859 0.769779 0.749 18.12 0.471182 0.325526  0.0460246 0.260398 3
1386142596.346430952 6.18991 0.790846 0.754 18.804 0.470062 0.316246  0.0750544 0.179198 3
1386142596.475295025 6.25198 0.829718 0.758 19.542 0.481712 0.301652  0.0310405 0.0999553 3
1386142596.540581480 6.28227 0.848948 0.758 19.846 0.463962 0.294547  0 0.0812698 3
1386142596.670839951 6.33767 0.887265 0.742 20.048 0.425253 0.294155  -0.122833 0.0270654 3
1386142596.735932552 6.36341 0.907739 0.731 20.15 0.395549 0.314547  -0.16899 0.0273506 3
1386142596.866415629 6.40747 0.948724 0.698 20.001 0.337673 0.314101  -0.252906 -0.0199304 3
1386142596.931457379 6.42742 0.968639 0.68 19.901 0.306751 0.306193  -0.276745 -0.0268356 3
1386142597.063537293 6.46751 1.00925 0.639 19.585 0.303504 0.307465  -0.310418 -0.0417561 3
1386142597.126921773 6.48759 1.02762 0.62 19.345 0.316844 0.289889  -0.299758 -0.0660869 3
1386142597.257393667 6.53768 1.06158 0.582 18.689 0.383865 0.260244  -0.29125 -0.0877522 3
1386142597.322508891 6.56553 1.07536 0.566 18.295 0.427658 0.211725  -0.245718 -0.105606 3
1386142597.452855138 6.63586 1.09351 0.541 17.343 0.539595 0.139239  -0.191797 -0.127474 3
1386142597.585040612 6.72456 1.10547 0.521 16.077 0.67103 0.0904815  -0.151303 -0.167157 3
1386142597.648488087 6.7703 1.11095 0.516 15.363 0.720847 0.0863043  -0.0788053 -0.19641 3
1386142597.785332880 6.87513 1.12082 0.505 13.757 0.766049 0.0721578  -0.080383 -0.204831 3
1386142597.843967536 6.91732 1.12313 0.502 12.876 0.719624 0.0393723  -0.0511643 -0.262239 3
1386142597.977167730 7.00375 1.13362 0.5 11.188 0.648879 0.0787648  -0.015015 -0.22118 3
1386142598.039694953 7.04174 1.1389 0.498 10.197 0.607547 0.0843343  -0.0319861 -0.276618 3
1386142598.171911686 7.10676 1.14714 0.502 7.56401 0.491745 0.0623185  0.0302534 -0.347569 3
1386142598.235243405 7.13446 1.14928 0.503 6.311 0.437477 0.0338363  0.0157899 -0.34531 3
1386142598.368733910 7.18149 1.14542 0.515 4.27 0.352254 -0.0288896  0.089894 -0.266852 3
1386142598.430888731 7.20224 1.14181 0.523 3.371 0.333982 -0.0581696  0.128711 -0.252443 3
1386142598.563294493 7.24391 1.13353 0.542 2.08301 0.314712 -0.0625564  0.143498 -0.169779 3
1386142598.627475256 7.26493 1.12967 0.553 1.69101 0.327511 -0.0600322  0.171391 -0.1066 3
1386142598.758567678 7.31553 1.12581 0.578 1.35001 0.385957 -0.0294723  0.190705 -0.0454003 3
1386142598.887047445 7.37267 1.12244 0.607 1.244 0.44473 -0.0262105  0.225716 -0.0143999 3
1386142598.952732926 7.40336 1.12052 0.624 1.36 0.467244 -0.029193  0.258809 0.0308217 3
1386142599.086732113 7.46805 1.11971 0.651 1.313 0.482742 -0.00608028  0.201494 -0.00612133 3
1386142599.157714888 7.50461 1.11963 0.664 1.15401 0.515077 -0.00109014  0.183143 -0.0390942 3
1386142599.278322888 7.57341 1.12201 0.681 0.450012 0.570419 0.0197087  0.140953 -0.101876 3
1386142599.343328689 7.6124 1.12448 0.683 -0.0149994 0.599792 0.0380437  0.0307665 -0.12485 3
1386142599.473780692 7.69509 1.12675 0.683 -1.12799 0.633902 0.0173589  0 -0.148908 3
1386142599.539861504 7.73659 1.12694 0.677 -1.75299 0.62806 0.00287871  -0.0907979 -0.165075 3
1386142599.669279510 7.81826 1.11632 0.662 -3.006 0.631012 -0.0820605  -0.115904 -0.16898 3
1386142599.735352523 7.85642 1.10866 0.651 -3.616 0.577563 -0.115929  -0.166482 -0.161133 3
1386142599.864707297 7.92845 1.07662 0.628 -4.51399 0.55684 -0.247646  -0.177806 -0.121163 3
1386142599.934930987 7.96483 1.05433 0.617 -4.827 0.518112 -0.317495  -0.156642 -0.0777934 3
1386142600.060217185 8.02081 1.00065 0.593 -5.241 0.44681 -0.428444  -0.191561 -0.0576735 3
1386142600.194090221 8.07484 0.939421 0.568 -5.20999 0.403612 -0.457359  -0.186744 0.0040423 3
1386142600.258750956 8.10215 0.913656 0.556 -5.04599 0.422369 -0.398458  -0.185584 0.0442674 3
1386142600.386302236 8.15077 0.86387 0.534 -4.27399 0.381133 -0.390328  -0.17248 0.105636 3
1386142600.451394743 8.17612 0.842009 0.523 -3.81699 0.389477 -0.33584  -0.16899 0.122536 3
1386142600.581878705 8.23099 0.808416 0.51 -2.67299 0.420525 -0.257449  -0.0996291 0.153019 3
1386142600.647187926 8.26085 0.794784 0.505 -2.11899 0.457257 -0.208731  -0.0765589 0.148052 3
1386142600.777552460 8.31784 0.782589 0.502 -0.891998 0.437141 -0.0935402  -0.0230124 0.16427 3
1386142600.843056811 8.34907 0.778734 0.501 -0.23999 0.476795 -0.0588534  -0.0152662 0.173724 3
1386142600.973032266 8.41247 0.777757 0.507 0.860001 0.487776 -0.00752304  0.0461626 0.147708 3
1386142601.038357137 8.44529 0.777018 0.509 1.369 0.502373 -0.0113104  0.0306162 0.135994 3
1386142601.168630929 8.51107 0.775354 0.515 2.112 0.504952 -0.012767  0.0460568 0.0995421 3
1386142601.236644506 8.54475 0.773366 0.52 2.47701 0.495101 -0.0292401  0.0735147 0.0936658 3
1386142601.364250967 8.60837 0.767388 0.527 3.039 0.498571 -0.0468464  0.0548562 0.0768667 3
1386142601.496506231 8.67523 0.762416 0.53 3.53801 0.505585 -0.0375913  0.0226834 0.0658525 3
1386142601.558012021 8.70561 0.759779 0.534 3.759 0.493883 -0.0428772  0.0650345 0.0627105 3
1386142601.695311465 8.77423 0.758859 0.527 4.123 0.499811 -0.00669996  -0.0509835 0.0462709 3
1386142601.755332823 8.80412 0.759235 0.529 4.26801 0.497907 0.00626496  0.0333215 0.042165 3
1386142601.887625454 8.86997 0.766146 0.534 4.48901 0.497781 0.0522415  0.037795 0.0291575 3
1386142601.952940915 8.90176 0.771119 0.538 4.60701 0.486749 0.0761321  0.0612412 0.0315304 3
1386142602.081349096 8.96599 0.782556 0.536 4.67101 0.50019 0.0890686  -0.0155753 0.00869828 3
1386142602.145919132 8.99892 0.788641 0.539 4.66801 0.509998 0.0942389  0.0464612 -0.000808393 3
1386142602.278295136 9.06731 0.797697 0.543 4.65501 0.5166 0.0684082  0.030217 -0.00171407 3
1386142602.348084740 9.10514 0.801569 0.546 4.63301 0.542062 0.0554905  0.0429863 -0.00550265 3
1386142602.472243324 9.17436 0.806629 0.555 4.44801 0.557553 0.0407502  0.0724879 -0.0260056 3
1386142602.537466825 9.2105 0.807962 0.557 4.29001 0.554086 0.0204349  0.0306638 -0.0422808 3
1386142602.672188986 9.28777 0.809529 0.56 3.96501 0.573557 0.011631  0.0222681 -0.0421034 3
1386142602.799842461 9.35793 0.808213 0.563 3.53801 0.549607 -0.0103023  0.0235011 -0.0583814 3
1386142602.864215836 9.39393 0.806457 0.562 3.27901 0.559185 -0.0272795  -0.0155344 -0.0702223 3
1386142602.993840990 9.46581 0.798687 0.563 2.77 0.554549 -0.0599478  0.00771455 -0.0685343 3
1386142603.058654160 9.50129 0.793728 0.564 2.53101 0.547388 -0.076512  0.015429 -0.064359 3
1386142603.189440622 9.56993 0.779412 0.559 2.10201 0.524785 -0.109456  -0.0382303 -0.0572496 3
1386142603.260632131 9.6066 0.770201 0.556 1.91 0.515171 -0.129384  -0.0421399 -0.047071 3
1386142603.386426471 9.66892 0.751211 0.551 1.66101 0.495373 -0.150962  -0.0397474 -0.0345464 3
1386142603.450064279 9.69882 0.741722 0.548 1.57101 0.469925 -0.149113  -0.0471418 -0.0246824 3
1386142603.580536027 9.75973 0.723018 0.545 1.50101 0.466826 -0.143352  -0.0229935 -0.00936493 3
1386142603.645714593 9.7896 0.715132 0.544 1.53801 0.45827 -0.120994  -0.0153425 0.00990842 3
1386142603.777166129 9.84968 0.70428 0.542 1.71101 0.457039 -0.0825564  -0.0152147 0.0229704 3
1386142603.906426726 9.91218 0.697314 0.54 2.022 0.483575 -0.0538917  -0.0154726 0.0419911 3
1386142603.971630417 9.94406 0.694668 0.538 2.145 0.488927 -0.0405765  -0.0306731 0.0329241 3
1386142604.103234099 10.0104 0.690501 0.539 2.48801 0.503728 -0.0316616  0.00759857 0.045489 3
1386142604.167167402 10.0442 0.688408 0.539 2.72701 0.529457 -0.0327453  0 0.0652447 3
1386142604.297574577 10.1158 0.682377 0.538 3.10901 0.548709 -0.0462469  -0.00766829 0.0511262 3
1386142604.362768071 10.1518 0.6789 0.538 3.33701 0.552766 -0.0533335  0 0.0610382 3
1386142604.493074778 10.2233 0.670413 0.539 3.638 0.548881 -0.0651322  0.0076742 0.0403153 3
1386142604.560526136 10.2602 0.665954 0.539 3.776 0.546681 -0.0660998  0 0.0357081 3
1386142604.688927533 10.3283 0.658569 0.537 3.91701 0.530442 -0.0575161  -0.0155762 0.0191667 3
1386142604.754196208 10.361 0.655164 0.535 3.95401 0.500505 -0.0521739  -0.0306426 0.00989474 3
1386142604.884343847 10.4234 0.652761 0.533 3.869 0.47944 -0.0184661  -0.0153672 -0.0113997 3
1386142604.949431518 10.4525 0.652952 0.531 3.79601 0.447527 0.00294609  -0.0307278 -0.0195745 3
1386142605.081802549 10.5062 0.656347 0.526 3.59801 0.405418 0.0256468  -0.0377726 -0.0261063 3
1386142605.145554061 10.5312 0.658043 0.521 3.429 0.393315 0.0265961  -0.0784295 -0.046269 3
1386142605.275389161 10.5803 0.661684 0.511 3.16501 0.378092 0.028047  -0.0770208 -0.0354876 3
1386142605.405357798 10.6328 0.664969 0.504 2.83801 0.403844 0.0252764  -0.0538591 -0.0439118 3
1386142605.471557923 10.6611 0.666362 0.501 2.71901 0.426647 0.02104  -0.0453171 -0.0313746 3
1386142605.606894525 10.7263 0.665784 0.495 2.50801 0.482259 -0.0042699  -0.0443339 -0.0272108 3
1386142605.667730277 10.7589 0.665105 0.495 2.442 0.535776 -0.0111705  0 -0.0189376 3
1386142605.731825353 10.7939 0.662496 0.497 2.45401 0.545491 -0.0406954  0.0312036 0.00327 3
1386142605.862069197 10.8692 0.654303 0.501 2.48901 0.578517 -0.0629087  0.0307116 0.00469066 3
1386142605.994207146 10.9467 0.646451 0.51 1.66301 0.586521 -0.059421  0.0681106 -0.109102 3
1386142606.132230116 11.0303 0.636206 0.516 1.91501 0.6058 -0.0742254  0.043471 0.0318658 7
1386142606.187505222 11.0627 0.632741 0.52 2.36501 0.585049 -0.0626979  0.0723653 0.142088 7
1386142606.318357586 11.1238 0.628829 0.528 3.397 0.466889 -0.029892  0.0611376 0.137649 7
1386142606.386299611 11.1521 0.62858 0.53 3.84001 0.416358 -0.00366298  0.0294369 0.113802 7
1386142606.513800290 11.1843 0.637769 0.532 4.23201 0.25248 0.0720654  0.0156862 0.0536598 7
1386142606.644171208 11.2036 0.656565 0.529 4.06401 0.148555 0.144173  -0.0230113 -0.0224908 7
1386142606.709339363 11.2081 0.667635 0.526 3.944 0.0689255 0.169868  -0.0460348 -0.0321411 4
1386142606.839791795 11.2102 0.689647 0.507 3.522 0.0161928 0.16874  -0.145647 -0.0564592 8
1386142606.910989991 11.2106 0.701337 0.482 3.21701 0.00543031 0.164184  -0.351132 -0.0747649 8
1386142607.035308980 11.21 0.710184 0.414 2.67601 -0.00532171 0.0711676  -0.54698 -0.0759517 8
1386142607.100659937 11.2092 0.712842 0.379 2.5 -0.0116527 0.0406622  -0.53557 -0.0470071 8
1386142607.229595193 11.2074 0.71719 0.293 2.38701 -0.0140726 0.0337255  -0.667001 -0.015295 8
1386142607.296513427 11.2062 0.719025 0.241 2.41501 -0.0177534 0.0274168  -0.777068 0.00730279 8
1386142607.426704056 11.2224 0.723601 0.149 2.733 0.124355 0.035147  -0.706656 0.04263 8
1386142607.496653886 11.2282 0.72463 0.108 2.89601 0.0828722 0.014718  -0.586134 0.0406728 8
1386142607.622055882 11.2601 0.696269 0 3.27301 0.254397 -0.226165  -0.86123 0.0524702 2
1386142607.687498155 11.2757 0.682438 0 3.40201 0.238883 -0.211334  0 0.0344034 2
1386142607.817663039 11.2837 0.686875 0 3.43501 0.060996 0.0340852  0 0.00442548 2
1386142607.884101785 11.2845 0.687743 0 3.438 0.012136 0.0130632  0 0.000785655 2
1386142608.013334061 11.2844 0.687816 0 3.438 -0.000288012 0.000566482  0 0 2
1386142608.078341354 11.2852 0.688733 0 3.438 0.0113332 0.0140956  0 0 2
1386142608.217897755 11.2895 0.691355 0 3.436 0.0311574 0.0187887  0 -0.000249988 2
1386142608.273999541 11.2881 0.691974 0 3.436 -0.0254491 0.0110332  0 0 2
1386142608.407119665 11.2852 0.693823 0 3.43401 -0.0213918 0.0138953  0 -0.000262075 2
1386142608.469776847 11.2849 0.694523 0 3.43301 -0.00531771 0.0111743  0 -0.000276274 2
1386142608.640166224 11.2844 0.69646 0 3.43201 -0.00303495 0.0113678  0 -0.000103157 2
1386142608.665011306 11.2844 0.696732 0 3.43001 -0.000169846 0.0109349  0 -0.0014042 2
1386142608.814432142 11.2847 0.698115 0 3.431 0.00225954 0.00925823  0 0.000115851 2
1386142608.860568308 11.2847 0.698625 0 3.43301 -0.000424444 0.0110333  0 0.000761956 2
1386142609.015800994 11.2848 0.700156 0 3.43401 0.000595209 0.00986779  0 0.000111514 2
1386142609.056234918 11.2848 0.70064 0 3.43401 -0.00038432 0.0119525  0 0 2
1386142609.316907624 11.2849 0.703434 0 3.44 0.000387171 0.0107201  0 0.000401508 2
1386142609.433282468 11.2847 0.704807 0 3.44101 -0.00121727 0.0117972  0 0.000151037 2
1386142609.512104150 11.2847 0.705612 0 3.44 -0.000133324 0.0102118  0 -0.000222995 2
1386142609.708114340 11.2847 0.707848 0 3.43901 -0.000136521 0.0114088  0 -8.83145e-05 2
1386142610.139347970 11.2844 0.712568 0 3.44 -0.000682091 0.0109459  0 4.01419e-05 2
1386142610.322354070 11.2842 0.714471 0 3.438 -0.000903689 0.0103983  0 -0.000190635 2
1386142610.430674789 11.2843 0.715535 0 3.43901 0.000412648 0.00981667  0 0.000162267 2
1386142610.497357469 11.2843 0.716346 0 3.44 -0.00030211 0.0121695  0 0.000259596 2
1386142610.620775355 11.2842 0.717631 0 3.44 -0.000515537 0.0104109  0 0 2
1386142610.685732104 11.2842 0.718334 0 3.44101 0.000608537 0.0108158  0 0.000270593 2
1386142610.818557789 11.2843 0.719714 0 3.44 0.000128314 0.0103925  0 -0.00013233 2
1386142610.946742039 11.2843 0.721069 0 3.44 0.000532997 0.0105703  0 0 2
1386142611.011684144 11.2843 0.721813 0 3.438 -6.21932e-05 0.0114534  0 -0.000537208 2
1386142611.142497706 11.2843 0.723207 0 3.438 -0.00026684 0.0106569  0 0 2
1386142611.207468469 11.2842 0.723841 0 3.43701 -0.000716426 0.00976709  0 -0.000266436 2
1386142611.337401312 11.2844 0.725248 0 3.43701 0.00144899 0.0108272  0 0 2
1386142611.402679435 11.2844 0.725914 0 3.43701 9.27691e-05 0.0101996  0 0 2
1386142611.533054941 11.2844 0.727427 0 3.438 4.30158e-05 0.0116026  0 0.000132775 2
1386142611.598181557 11.2844 0.728184 0 3.438 0.000133118 0.0116264  0 0 2
1386142611.728519397 11.2845 0.729493 0 3.438 0.000288776 0.0100417  0 0 2
1386142611.793410219 11.2844 0.730207 0 3.438 -0.000881045 0.0110054  0 0 2
1386142611.924035022 11.2845 0.731857 0 3.438 0.000639363 0.0126338  0 0 2
1386142611.989395346 11.2845 0.732522 0 3.438 -0.00035155 0.010165  0 0 2
1386142612.119842758 11.2845 0.73402 0 3.43701 -0.000166129 0.0114867  0 -0.000132701 2
1386142612.185180877 11.2845 0.734823 0 3.43901 -0.000147059 0.0122951  0 0.000533952 2
1386142612.313531066 11.2844 0.736447 0 3.438 -0.000644633 0.0126531  0 -0.000136945 2
1386142612.446306828 11.2844 0.737914 0 3.436 -8.35436e-05 0.0110461  0 -0.000262754 2
1386142612.510925337 11.2844 0.738582 0 3.43501 -7.67334e-05 0.0103329  0 -0.000267888 2
1386142612.641242304 11.2845 0.739836 0 3.43301 0.00119765 0.0096218  0 -0.000267712 2
1386142612.706654044 11.2845 0.740501 0 3.43301 0.00019096 0.0101746  0 0 2
1386142612.836483830 11.2846 0.741698 0 3.431 0.000769151 0.00921596  0 -0.000270768 2
1386142612.902423976 11.2846 0.74238 0 3.429 -0.000120173 0.010352  0 -0.000529077 2
1386142613.032373864 11.2846 0.743914 0 3.42801 -0.000122906 0.0118022  0 -0.000133209 2
1386142613.097473338 11.2846 0.744589 0 3.42801 1.3424e-05 0.0103667  0 0 2
1386142613.230330777 11.2846 0.745995 0 3.429 -6.82469e-05 0.010588  0 0.000130294 2
1386142613.293119106 11.2846 0.746714 0 3.431 -3.23582e-05 0.0114508  0 0.000555635 2
1386142613.439849920 11.2846 0.748183 0 3.431 -0.000189691 0.0100076  0 0 2
1386142613.488698187 11.2845 0.748735 0 3.429 -0.000295857 0.0113023  0 -0.0007142 2
1386142613.619056471 11.2845 0.750067 0 3.42801 -7.76235e-05 0.0102198  0 -0.000132792 2
1386142613.683941631 11.2846 0.750672 0 3.429 0.000283548 0.00932129  0 0.000266787 2
1386142613.814560700 11.2846 0.75209 0 3.42801 0.00052803 0.0108529  0 -0.000132527 2
1386142613.944981681 11.2848 0.753448 0 3.429 0.00098182 0.0104139  0 0.000132728 2
1386142614.009455997 11.2848 0.754087 0 3.425 0.000550722 0.0099115  0 -0.00108221 2
1386142614.141229642 11.2849 0.755619 0 3.42401 0.00072519 0.0116284  0 -0.000131366 2
1386142614.205751047 11.2849 0.756273 0 3.423 0.000617363 0.0101286  0 -0.000272419 2
1386142614.336337330 11.2848 0.757963 0 3.423 -0.000825526 0.0129464  0 0 2
1386142614.411211023 11.2848 0.758825 0 3.423 -3.76106e-05 0.0115109  0 0 2
1386142614.531832049 11.2847 0.76021 0 3.42001 -0.000975125 0.011483  0 -0.000432743 2
1386142614.596885575 11.2847 0.760822 0 3.41901 -0.000488264 0.00940222  0 -0.000270191 2
1386142614.728468864 11.2847 0.762151 0 3.41901 0.000154062 0.0100997  0 0 2
1386142614.792692721 11.2846 0.762906 0 3.41801 -0.00132835 0.0117515  0 -0.000269535 2
1386142614.922894874 11.2845 0.764267 0 3.41701 -0.000479299 0.0104587  0 -0.000134997 2
1386142614.986699482 11.2845 0.765026 0 3.41801 -0.000229625 0.0118947  0 0.00027548 2
1386142615.124760564 11.2844 0.766685 0 3.41701 -0.000711314 0.0120117  0 -0.000127312 2
1386142615.183640767 11.2844 0.76737 0 3.416 -0.000805347 0.0116438  0 -0.000298519 2
1386142615.317426704 11.2847 0.768865 0 3.41701 0.00217326 0.0111717  0 0.00013138 2
1386142615.444314213 11.2847 0.770089 0 3.416 0.000567713 0.00965002  0 -0.000138523 2
1386142615.509514868 11.2847 0.770833 0 3.41501 -0.000447163 0.0114141  0 -0.000265497 2
1386142615.638179210 11.2847 0.772163 0 3.416 -7.99447e-05 0.0103311  0 0.00013454 2
1386142615.705953865 11.2846 0.772867 0 3.41501 -0.00170041 0.0103907  0 -0.000255413 2
1386142615.835571379 11.2849 0.774204 0 3.41501 0.00271749 0.0103178  0 0 2
1386142615.900592027 11.2847 0.774896 0 3.416 -0.00317234 0.0106459  0 0.000266232 2
1386142616.029280375 11.2847 0.776298 0 3.416 -0.000118676 0.0108889  0 0 2
1386142616.096118645 11.2847 0.776994 0 3.41501 -0.000123234 0.0104196  0 -0.000258992 2
1386142616.226503450 11.2845 0.778504 0 3.41101 -0.00127409 0.0115792  0 -0.000535145 2
1386142616.291710781 11.2845 0.779223 0 3.412 -0.000692094 0.0110351  0 0.000265469 2
1386142616.422040327 11.2844 0.780676 0 3.412 -0.000973341 0.0111413  0 0 2
1386142616.487222344 11.2844 0.781341 0 3.414 0.000949622 0.0102046  0 0.000535231 2
1386142616.617856427 11.2845 0.78256 0 3.416 0.000328428 0.00933187  0 0.000267062 2
1386142616.683387374 11.2848 0.783096 0 3.41701 0.0053171 0.00818402  0 0.000268222 2
1386142616.813731725 11.2851 0.78431 0 3.416 0.00210554 0.00931008  0 -0.000134849 2
1386142616.944884123 11.2844 0.785786 0 3.41501 -0.00498231 0.0112585  0 -0.000131988 2
1386142617.008827655 11.2842 0.786569 0 3.41301 -0.00439577 0.0122364  0 -0.000545597 2
1386142617.139165762 11.2839 0.78814 0 3.412 -0.00201792 0.0120534  0 -0.000134856 2
1386142617.204417845 11.2838 0.788898 0 3.41101 -0.00202321 0.0116173  0 -0.000265287 2
1386142617.340920981 11.2841 0.790354 0 3.414 0.00266706 0.0106665  0 0.000382394 2
1386142617.401007317 11.2841 0.791077 0 3.412 -0.000842992 0.0120364  0 -0.000580621 2
1386142617.531612382 11.2843 0.792463 0 3.41501 0.00151259 0.0106123  0 0.000401702 2
1386142617.595552323 11.2841 0.793196 0 3.416 -0.00204053 0.0114644  0 0.000270731 2
1386142617.726530477 11.2841 0.794777 0 3.41501 -8.5268e-05 0.0120711  0 -0.000132164 2
1386142617.791069102 11.284 0.795497 0 3.41801 -0.00139044 0.0111553  0 0.000812913 2
1386142617.921636722 11.2839 0.796859 0 3.41301 -0.000810833 0.0104298  0 -0.000669015 2
1386142617.987563579 11.2838 0.797622 0 3.41301 -0.00148495 0.0115731  0 0 2
1386142618.116989365 11.2838 0.798969 0 3.416 -0.000691452 0.0104102  0 0.000403304 2
1386142618.182135912 11.2837 0.799672 0 3.41701 -0.000270672 0.0107926  0 0.000269805 2
1386142618.312947093 11.2839 0.800942 0 3.41501 0.00103372 0.0097069  0 -0.000266701 2
1386142618.442983532 11.2841 0.802312 0 3.416 0.0013755 0.0105366  0 0.000133121 2
1386142618.508001686 11.2841 0.802994 0 3.41301 0.000864607 0.0104855  0 -0.000802821 2
1386142618.638590640 11.2842 0.804389 0 3.41301 0.000777286 0.0106871  0 0 2
1386142618.703603053 11.2843 0.805051 0 3.414 0.00177834 0.0101744  0 0.000266265 2
1386142618.833941734 11.2842 0.806366 0 3.412 -0.00105042 0.0100898  0 -0.000267667 2
1386142618.899095942 11.2842 0.807097 0 3.41 7.39036e-05 0.0112179  0 -0.000535459 2
1386142619.029491494 11.2841 0.808275 0 3.412 -0.000748736 0.00903293  0 0.000267551 2
1386142619.094749366 11.284 0.808981 0 3.41101 -0.00102067 0.0108187  0 -0.000265264 2
1386142619.225226417 11.2841 0.810257 0 3.41101 0.000550064 0.00977757  0 0 2
1386142619.293670574 11.2841 0.811092 0 3.408 0.0004551 0.0122  0 -0.000766527 2
1386142619.420674693 11.2841 0.81241 0 3.40901 -0.000514562 0.0103833  0 0.000138396 2
1386142619.486362300 11.284 0.813112 0 3.40901 -0.000747924 0.0106863  0 0 2
1386142619.616398950 11.2841 0.814544 0 3.40901 0.000650772 0.0110118  0 0 2
1386142619.746654837 11.284 0.816005 0 3.408 -0.00101956 0.011215  0 -0.000134941 2
1386142619.811932799 11.2839 0.816705 0 3.40901 -0.00128326 0.0107287  0 0.000269262 2
1386142619.941298531 11.2838 0.81801 0 3.40701 -0.000439578 0.0100829  0 -0.00026968 2
1386142620.007699371 11.2838 0.818676 0 3.408 -0.00106862 0.0100315  0 0.000260698 2
1386142620.137825458 11.2836 0.819962 0 3.41101 -0.00129848 0.00988521  0 0.00040318 2
1386142620.208618663 11.2835 0.820754 0 3.412 -0.00161009 0.0111844  0 0.000244523 2
1386142620.333337816 11.2831 0.822244 0 3.41501 -0.002621 0.0119516  0 0.000420659 2
1386142620.399449034 11.2833 0.822934 0 3.41501 0.00203438 0.0104352  0 0 2
1386142620.529015712 11.2832 0.824355 0 3.41301 -0.000513236 0.0109675  0 -0.000269262 2
1386142620.594001485 11.2831 0.825087 0 3.41301 -0.00117966 0.0112511  0 0 2
1386142620.724290319 11.2833 0.826591 0 3.414 0.00161611 0.0115443  0 0.000132863 2
1386142620.789680714 11.2832 0.827224 0 3.41301 -0.0020817 0.00969261  0 -0.000264726 2
1386142620.920001580 11.2835 0.828701 0 3.414 0.00198247 0.0113329  0 0.00013283 2
1386142620.985501933 11.2836 0.829412 0 3.416 0.00150581 0.010849  0 0.000532629 2
1386142621.115503371 11.284 0.8306 0 3.416 0.00308051 0.00913743  0 0 2
1386142621.180702522 11.284 0.83128 0 3.41501 -7.06303e-05 0.0104382  0 -0.000265503 2
1386142621.311094722 11.2837 0.832494 0 3.41501 -0.00193818 0.00931057  0 0 2
1386142621.440044947 11.2837 0.833874 0 3.41701 -0.000196961 0.0106992  0 0.000270549 2
1386142621.506727159 11.2838 0.834585 0 3.41801 0.00149435 0.0106555  0 0.000263591 2
1386142621.636267142 11.2838 0.836032 0 3.41901 -0.000159149 0.011173  0 0.000133631 2
1386142621.702354547 11.2838 0.836776 0 3.42001 0.000342902 0.0112519  0 0.000265964 2
1386142621.833876260 11.2841 0.838266 0 3.42101 0.00263378 0.0113355  0 0.000131617 2
1386142621.898088656 11.2841 0.838968 0 3.42001 -0.000329736 0.01092  0 -0.000269583 2
1386142622.028198937 11.2843 0.840245 0 3.42101 0.00134175 0.00981569  0 0.000133045 2
1386142622.093557191 11.2843 0.840948 0 3.42001 -1.36324e-05 0.0107569  0 -0.000264856 2
1386142622.226288337 11.2844 0.842292 0 3.41801 0.00102208 0.0101287  0 -0.000262843 2
1386142622.289086136 11.2845 0.842955 0 3.41801 0.000711405 0.0105602  0 0 2
1386142622.419401227 11.2846 0.844494 0 3.41701 0.000858049 0.0118102  0 -0.00013488 2
1386142622.484564238 11.2846 0.845252 0 3.41501 -0.00028314 0.0116323  0 -0.000535387 2
1386142622.615086563 11.2845 0.846667 0 3.41301 -0.000190439 0.0108376  0 -0.000267291 2
1386142622.745242425 11.2847 0.848086 0 3.412 0.000888593 0.0108992  0 -0.000135045 2
1386142622.810411465 11.2847 0.84874 0 3.41301 0.000692426 0.0100383  0 0.000269712 2
1386142622.941232511 11.2849 0.850171 0 3.41301 0.00149661 0.0109391  0 0 2
1386142623.005907927 11.2849 0.850903 0 3.41301 0.000759311 0.0113281  0 0 2
1386142623.136527268 11.2852 0.852363 0 3.412 0.00197851 0.0111716  0 -0.000134566 2
1386142623.200072568 11.2852 0.853021 0 3.41101 0.000305307 0.0103587  0 -0.000272413 2
1386142623.331383556 11.2854 0.854363 0 3.41 0.00113352 0.0102185  0 -0.000133857 2
1386142623.396175116 11.2854 0.855084 0 3.40901 0.00103312 0.0111362  0 -0.000267173 2
1386142623.528759426 11.2855 0.85651 0 3.408 0.000724184 0.0107545  0 -0.000132571 2
1386142623.591461176 11.2855 0.857165 0 3.408 -0.000688016 0.0104492  0 0 2
1386142623.722477624 11.2853 0.858505 0 3.408 -0.00123783 0.0102278  0 0 2
1386142623.788431392 11.2852 0.859335 0 3.40601 -0.00141037 0.012577  0 -0.000528968 2
1386142623.918731151 11.2851 0.860491 0 3.40501 -0.000924501 0.00887666  0 -0.000132852 2
1386142623.984462851 11.2851 0.861092 0 3.40401 -0.000798606 0.00913055  0 -0.000267403 2
1386142624.114280470 11.2848 0.862505 0 3.40201 -0.00216167 0.0108891  0 -0.000268742 2
1386142624.244612080 11.2852 0.863965 0 3.40201 0.00292844 0.0111993  0 0 2
1386142624.309877703 11.2852 0.864731 0 3.401 0.000334402 0.0117449  0 -0.000269313 2
1386142624.440973642 11.2854 0.866051 0 3.40201 0.00165183 0.0100653  0 0.000134076 2
1386142624.506918195 11.2855 0.866741 0 3.40401 0.000780352 0.010466  0 0.000529042 2
1386142624.634421988 11.2854 0.868132 0 3.40601 -3.41124e-05 0.0109068  0 0.000273619 2
1386142624.701910292 11.2855 0.868834 0 3.40601 9.79172e-05 0.0104086  0 0 2
1386142624.831852838 11.2855 0.870208 0 3.40601 0.000478469 0.0105735  0 0 2
1386142624.896509085 11.2855 0.871015 0 3.40701 0.000413732 0.0124782  0 0.000271851 2
1386142625.028155437 11.2855 0.872388 0 3.40601 -0.000287328 0.0104261  0 -0.000133516 2
1386142625.098336692 11.2855 0.873064 0 3.40601 9.98619e-05 0.00963979  0 0 2
1386142625.223582504 11.2855 0.874546 0 3.40601 0.0002377 0.0118322  0 0 2
1386142625.287645118 11.2856 0.875238 0 3.40401 0.000784709 0.0107975  0 -0.000544583 2
1386142625.419049695 11.2856 0.87681 0 3.40201 0.000254953 0.0119675  0 -0.000265496 2
1386142625.483156203 11.2856 0.877549 0 3.403 -0.00109077 0.0115265  0 0.000270028 2
1386142625.613435546 11.286 0.879208 0 3.403 0.00371605 0.0127288  0 0 2
1386142625.745882938 11.2867 0.880899 0 3.40401 0.00489862 0.0127744  0 0.000132708 2
1386142625.809255009 11.2869 0.881755 0 3.40401 0.00274084 0.0134987  0 0 2
1386142625.940443673 11.2873 0.88319 0 3.403 0.00318459 0.0109426  0 -0.000133982 2
1386142626.005677091 11.2875 0.883937 0 3.403 0.0029826 0.0114519  0 0 2
1386142626.141666433 11.2874 0.885226 0 3.403 -0.000374178 0.00947282  0 0 2
1386142626.200185886 11.2874 0.885876 0 3.40201 0.000141039 0.0111103  0 -0.000295808 2
1386142626.331943715 11.2872 0.887656 0 3.40201 -0.00137774 0.0135093  0 0 2
1386142626.395943048 11.2872 0.888425 0 3.403 -0.00090051 0.0120231  0 0.00027048 2
1386142626.529792614 11.2872 0.889828 0 3.40201 -0.000147564 0.0104813  0 -0.000129328 2
1386142626.591455040 11.2872 0.890574 0 3.40201 0.000127145 0.0120897  0 0 2
1386142626.722922997 11.2871 0.892045 0 3.403 -0.000607355 0.0111925  0 0.000131671 2
1386142626.787192279 11.2871 0.892696 0 3.403 0.000547926 0.0101242  0 0 2
1386142626.917422140 11.2873 0.894191 0 3.40401 0.0013555 0.0114777  0 0.000134968 2
1386142626.982490637 11.2874 0.89499 0 3.40201 0.000758063 0.0122891  0 -0.000536164 2
1386142627.115530486 11.2879 0.89659 0 3.399 0.00388235 0.0120242  0 -0.00039435 2
1386142627.243578438 11.2875 0.897985 0 3.40001 -0.0026504 0.0108988  0 0.000137268 2
1386142627.308621510 11.2875 0.898733 0 3.39801 2.53226e-06 0.011494  0 -0.000536374 2
1386142627.438838546 11.2877 0.900074 0 3.39801 0.00117278 0.0102942  0 0 2
1386142627.503884760 11.2877 0.900811 0 3.39801 -0.000159843 0.0113327  0 0 2
1386142627.634409240 11.2878 0.902483 0 3.39601 0.000813608 0.0128106  0 -0.000267286 2
1386142627.699653315 11.2878 0.903237 0 3.39301 0.000621102 0.0115537  0 -0.000804123 2
1386142627.830897326 11.2877 0.904841 0 3.39101 -0.000672948 0.0122216  0 -0.000265821 2
1386142627.895397731 11.2878 0.905527 0 3.39201 0.000549278 0.0106441  0 0.000272508 2
1386142628.025783745 11.2878 0.906979 0 3.39101 0.000344147 0.0111328  0 -0.000134806 2
1386142628.090725062 11.2879 0.907778 0 3.39101 0.000554293 0.0123121  0 0 2
1386142628.221330061 11.2879 0.90927 0 3.39201 0.000385707 0.0114254  0 0.00013458 2
1386142628.286580502 11.288 0.910036 0 3.39201 0.000925586 0.011738  0 0 2
1386142628.416974912 11.288 0.911474 0 3.39401 0.000459944 0.0110278  0 0.000267553 2
1386142628.482089568 11.2881 0.912225 0 3.39401 0.000575385 0.0115343  0 0 2
1386142628.612480725 11.288 0.913588 0 3.39201 -0.000726464 0.0104479  0 -0.00026756 2
1386142628.743340593 11.288 0.914776 0 3.39201 0.000415726 0.00907769  0 0 2
1386142628.808395390 11.288 0.915414 0 3.39101 -0.000163232 0.00981025  0 -0.000270186 2
1386142628.939135169 11.2883 0.91678 0 3.38901 0.001953 0.0104492  0 -0.000266846 2
1386142629.004453216 11.2883 0.917345 0 3.39001 0.000733284 0.0086584  0 0.000269097 2
1386142629.133788631 11.2883 0.918761 0 3.39001 -0.000445284 0.0109428  0 0 2
1386142629.200206758 11.2882 0.919525 0 3.39201 -0.000645108 0.0115026  0 0.000525269 2
1386142629.331185623 11.2878 0.920901 0 3.47801 -0.00349564 0.0105063  0 0.0114595 2
1386142629.397055613 11.2864 0.921435 0 3.44801 -0.0210561 0.00811263  0 -0.00794865 2
1386142629.524882939 11.2572 0.939805 0 4.56601 -0.227819 0.143705  0 0.152649 2
1386142629.589899242 11.2058 0.943356 0 6.63101 -0.792003 0.0546281  0 0.554339 2
1386142629.720319756 11.1484 0.977207 0 11.262 -0.439695 0.259551  0 0.619735 2
1386142629.785539033 11.1367 0.986647 0 14.793 -0.179628 0.144739  0 0.94493 2
1386142629.915976532 11.1212 0.986764 0 22.235 -0.118813 0.000895727  0 0.995781 2
1386142630.046185370 11.1099 0.981253 0 29.744 -0.0869274 -0.0423252  0 1.00651 2
1386142630.117641089 11.0981 0.975296 0 34.666 -0.1654 -0.0833542  0 1.20221 2
1386142630.242739024 11.0655 0.960911 0 46.733 -0.26059 -0.114993  0 1.68355 2
1386142630.306973249 11.0456 0.953208 0 51.368 -0.308754 -0.119914  0 1.25939 2
1386142630.371996205 11.0272 0.946197 0 54.632 -0.283141 -0.10783  0 0.876112 2
1386142630.502520089 10.9962 0.930756 0 59.685 -0.237996 -0.118299  0 0.675673 2
1386142630.633216936 10.9885 0.880371 0 59.934 -0.0585251 -0.38551  0 0.0332516 2
1386142630.703458470 10.9386 0.845256 0 58.801 -0.711014 -0.499915  0 -0.281522 2
1386142630.831023101 10.8982 0.857552 0 54.244 -0.31638 0.09639  0 -0.623486 2
1386142630.893772101 10.8887 0.881608 0 50.398 -0.150972 0.383369  0 -1.06974 2
1386142631.023727805 10.8807 0.927836 0 38.703 -0.0614387 0.355718  0 -1.57066 2
1386142631.092480415 10.8794 0.951029 0 32.249 -0.0197079 0.337336  0 -1.63839 2
1386142631.219715332 10.8834 0.988579 0 22.821 0.031356 0.295123  0 -1.29327 2
1386142631.285064139 10.886 1.00663 0 20.663 0.0394021 0.276164  0 -0.576358 2
1386142631.415250702 10.8923 1.03808 0 17.086 0.0490953 0.241575  0 -0.479545 2
1386142631.480559272 10.8962 1.05267 0 13.858 0.0586679 0.223413  0 -0.862665 2
1386142631.612006785 10.9217 1.06655 0 8.884 0.194477 0.105632  0 -0.660436 2
1386142631.741217846 11.0382 1.06018 0 4.18001 0.900962 -0.0493176  0 -0.635396 2
1386142631.806485808 11.0187 1.04887 0 1.651 -0.297767 -0.173298  0 -0.676281 2
1386142631.936681803 10.8471 1.04056 0 -3.155 -1.31818 -0.0637964  0 -0.644263 2
1386142632.002107862 10.7593 1.04443 0 -6.03899 -1.342 0.0591688  0 -0.769343 2
1386142632.132251935 10.5924 1.07321 0 -12.589 -1.28255 0.221091  0 -0.878404 2
1386142632.197380584 10.5148 1.09026 0 -15.04 -1.19162 0.261907  0 -0.656824 2
1386142632.327562457 10.4326 1.18869 0 -15.307 -0.631487 0.756065  0 -0.0357961 2
1386142632.392944119 10.3737 1.2101 0 -14.169 -0.899874 0.327379  0 0.303783 2
1386142632.523523581 10.2418 1.21073 0 -11.853 -1.01044 0.00489282  0 0.309557 2
1386142632.588457333 10.1831 1.20619 0 -11.149 -0.903803 -0.0699143  0 0.189228 2
1386142632.718642487 10.072 1.17879 0 -9.79999 -0.853172 -0.210506  0 0.180854 2
1386142632.784096749 10.0585 1.17154 0 -9.931 -0.206332 -0.110686  0 -0.0349342 2
1386142632.914495166 9.98316 1.11252 0 -10.395 -0.577934 -0.452677  0 -0.0621031 2
1386142633.044571193 9.84438 1.05676 0 -9.722 -1.06691 -0.428635  0 0.0903001 2
1386142633.110204382 9.7734 1.03174 0 -9.974 -1.08145 -0.381168  0 -0.067012 2
1386142633.242206927 9.64678 0.989092 0 -10.197 -0.959241 -0.323112  0 -0.0294839 2
1386142633.305147846 9.59074 0.968503 0 -8.54599 -0.890323 -0.327116  0 0.457817 2
1386142633.436069088 9.52942 0.987076 0 -1.84 -0.468416 0.141866  0 0.893985 2
1386142633.501285227 9.48644 0.960867 0 2.403 -0.659044 -0.401894  0 1.13552 2
1386142633.630645846 9.41449 0.891764 0 9.89801 -0.556176 -0.534185  0 1.01122 2
1386142633.698058268 9.38248 0.849639 0 13.446 -0.474897 -0.624881  0 0.91859 2
1386142633.827256882 9.40691 0.826373 0 20.651 0.189121 -0.18008  0 0.973313 2
1386142633.892599305 9.45253 0.824096 0 23.581 0.698213 -0.0348463  0 0.78262 2
1386142634.021715728 9.36008 0.735791 0 27.005 -0.716083 -0.683916  0 0.462838 2
1386142634.088031107 9.29515 0.686527 0 28.703 -0.979067 -0.742879  0 0.44689 2
1386142634.217209985 9.15682 0.617522 0 27.838 -1.07082 -0.534183  0 -0.116868 2
1386142634.283467956 9.08951 0.585498 0 26.755 -1.01594 -0.483323  0 -0.28528 2
1386142634.414596196 9.061 0.62953 0 27.81 -0.217357 0.335791  0 0.140423 2
1386142634.542691022 8.96253 0.584869 0 31.13 -0.768779 -0.348652  0 0.452359 2
1386142634.607927528 8.90883 0.554641 0 32.981 -0.823153 -0.463356  0 0.495214 2
1386142634.739434643 8.81156 0.481858 0 36.414 -0.739619 -0.553454  0 0.455619 2
1386142634.804870878 8.7678 0.446325 0 38.297 -0.66884 -0.543016  0 0.502241 2
1386142634.934161781 8.75442 0.383153 0 39.557 -0.103435 -0.488602  0 0.17009 2
1386142634.998941131 8.71794 0.334366 0 39.465 -0.563165 -0.753127  0 -0.024786 2
1386142635.132040254 8.54307 0.232059 0 38.64 -1.31386 -0.768657  0 -0.108182 2
1386142635.196048046 8.45382 0.191252 0 36.3 -1.39431 -0.637525  0 -0.638061 2
1386142635.326452167 8.3032 0.139837 0 30.378 -1.15505 -0.394277  0 -0.7926 2
1386142635.391551017 8.23434 0.116744 0 29.685 -1.05778 -0.354741  0 -0.185795 2
1386142635.522622694 8.10598 0.0652339 0 31.89 -0.979285 -0.392991  0 0.293614 2
1386142635.587416974 8.04623 0.0411663 0 33.872 -0.922139 -0.371445  0 0.533879 2
1386142635.717671537 7.93042 -0.0156723 0 35.709 -0.889146 -0.436366  0 0.246145 2
1386142635.782955771 7.87768 -0.0455015 0 36.931 -0.807794 -0.456912  0 0.326693 2
1386142635.921511248 7.85033 -0.0896807 0 38.578 -0.197421 -0.318855  0 0.207467 2
1386142636.043650255 7.74877 -0.163953 0 37.16 -0.831472 -0.608093  0 -0.202628 2
1386142636.108798052 7.67847 -0.212969 0 36.715 -1.07905 -0.752384  0 -0.119215 2
1386142636.239215805 7.51432 -0.29657 0 35.235 -1.25867 -0.641023  0 -0.198064 2
1386142636.304369284 7.43693 -0.334512 0 33.367 -1.18788 -0.58235  0 -0.500398 2
1386142636.434787209 7.30888 -0.401939 0 32.432 -0.981847 -0.51701  0 -0.125127 2
1386142636.501247190 7.2496 -0.43064 0 33.202 -0.891861 -0.431847  0 0.202214 2
1386142636.630326579 7.15066 -0.480296 0 37.003 -0.766511 -0.384696  0 0.513946 2
1386142636.696165257 7.1002 -0.503901 0 38.732 -0.766491 -0.358529  0 0.458345 2
1386142636.826213029 7.01321 -0.553756 0 40.743 -0.668884 -0.38336  0 0.26989 2
1386142636.891027008 6.97693 -0.560826 0 41.854 -0.55975 -0.109077  0 0.299171 2
1386142637.021573895 6.87977 -0.627339 0 44.461 -0.744261 -0.509498  0 0.348541 2
1386142637.086609795 6.82425 -0.666582 0 44.766 -0.853718 -0.603398  0 0.081849 2
1386142637.217085924 6.70786 -0.749943 0 44.208 -0.892051 -0.638902  0 -0.0746413 2
1386142637.282196739 6.64624 -0.789274 0 43.151 -0.946327 -0.604062  0 -0.283336 2
1386142637.412473297 6.52287 -0.858579 0 38.33 -0.946967 -0.531982  0 -0.645875 2
1386142637.543059317 6.40953 -0.92 0 36.885 -0.867925 -0.470352  0 -0.193128 2
1386142637.608052509 6.3593 -0.944957 0 37.528 -0.77287 -0.383996  0 0.172669 2
1386142637.738568216 6.2821 -0.990878 0 41.834 -0.591552 -0.351837  0 0.575822 2
1386142637.803737299 6.24878 -1.01029 0 43.068 -0.511266 -0.297929  0 0.330487 2
1386142637.934078328 6.19868 -1.05619 0 43.039 -0.38432 -0.352142  0 -0.00388417 2
1386142637.999297675 6.17448 -1.08286 0 43.291 -0.371123 -0.408843  0 0.0674372 2
1386142638.130936332 6.12947 -1.13962 0 43.835 -0.341885 -0.431173  0 0.072127 2
1386142638.194890070 6.10421 -1.17088 0 44.018 -0.394997 -0.488805  0 0.0499412 2
1386142638.325272184 6.02191 -1.24588 0 41.892 -0.631216 -0.575249  0 -0.284591 2
1386142638.390535244 5.9774 -1.27934 0 39.278 -0.682025 -0.512742  0 -0.699065 2
1386142638.520902956 5.90357 -1.31345 0 34.775 -0.56634 -0.261641  0 -0.602849 2
1386142638.586146230 5.87234 -1.31979 0 33.911 -0.478643 -0.0972287  0 -0.231129 2
1386142638.716400477 5.84064 -1.31715 0 32.989 -0.243386 0.0203123  0 -0.123542 2
1386142638.846789507 5.83208 -1.31492 0 30.94 -0.0656411 0.01712  0 -0.274271 2
1386142638.912265496 5.82644 -1.31139 0 29.508 -0.0861215 0.0538467  0 -0.381712 2
1386142639.042310878 5.81172 -1.2834 0 27.524 -0.113215 0.215235  0 -0.266272 2
1386142639.107649033 5.80239 -1.26557 0 26.596 -0.142715 0.272962  0 -0.247888 2
1386142639.237843204 5.80928 -1.24699 0 25.385 0.0528679 0.142644  0 -0.162341 2
1386142639.303251710 5.82108 -1.23687 0 24.932 0.180365 0.154756  0 -0.120877 2
1386142639.432407534 5.83805 -1.23283 0 25.345 0.131427 0.0313318  0 0.0558094 2
1386142639.498502732 5.8462 -1.23094 0 25.128 0.123345 0.0285949  0 -0.0573004 2
1386142639.628917715 5.85376 -1.2264 0 25.229 0.057967 0.0348064  0 0.0135164 2
1386142639.693389417 5.85281 -1.22745 0 25.255 -0.0147986 -0.016344  0 0.00703879 2
1386142639.824386463 5.8524 -1.2285 0 25.352 -0.00307885 -0.00800129  0 0.0129237 2
1386142639.894402001 5.85243 -1.22906 0 25.354 0.00034473 -0.00797166  0 0.000498281 2
1386142640.020050278 5.85963 -1.21716 0 25.712 0.0573194 0.0946825  0 0.0497286 2
1386142640.085353032 5.86526 -1.20888 0 26.019 0.0862689 0.126717  0 0.0820529 2
1386142640.215981872 5.87283 -1.19565 0 26.398 0.0579275 0.101297  0 0.0506378 2
1386142640.346401348 5.87268 -1.19462 0 26.337 -0.00112878 0.00793115  0 -0.0081639 2
1386142640.411505152 5.87224 -1.19486 0 26.322 -0.00686221 -0.003786  0 -0.0040211 2
1386142640.541788217 5.87177 -1.19535 0 26.325 -0.00357704 -0.00369584  0 0.000402694 2
1386142640.607267726 5.87184 -1.19521 0 26.334 0.00104061 0.00213938  0 0.00239556 2
1386142640.737313288 5.87228 -1.19495 0 26.386 0.00339847 0.00193288  0 0.00697913 2
1386142640.802512354 5.87236 -1.19499 0 26.387 0.00113473 -0.000575517  0 0.000269588 2
1386142640.932896247 5.87233 -1.19515 0 26.39 -0.000199386 -0.00121347  0 0.000402383 2
1386142640.998011241 5.87237 -1.19521 0 26.404 0.00067676 -0.000857109  0 0.00375047 2
1386142641.128487553 5.87319 -1.19499 0 26.438 0.00622672 0.00163892  0 0.00454759 2
1386142641.193657917 5.87334 -1.19499 0 26.438 0.00230742 -4.56884e-07  0 0 2
1386142641.323931901 5.8807 -1.18549 0 26.746 0.0565592 0.0729126  0 0.0412637 2
1386142641.388690768 5.88612 -1.17768 0 27.001 0.0835892 0.120582  0 0.0687269 2
1386142641.519521607 5.88611 -1.17632 0 26.959 -8.03683e-05 0.0104496  0 -0.00560394 2
1386142641.584606166 5.886 -1.17612 0 26.946 -0.0017234 0.00308377  0 -0.00348216 2
1386142641.714937411 5.88594 -1.17603 0 26.954 -0.000386699 0.000632281  0 0.00107073 2
1386142641.780235258 5.88589 -1.17601 0 26.952 -0.000888531 0.000406551  0 -0.000534281 2
1386142641.910869724 5.88579 -1.17601 0 26.953 -0.000758392 -1.60704e-05  0 0.000132511 2
1386142642.040703652 5.88594 -1.17596 0 26.946 0.00118609 0.000408772  0 -0.000939452 2
1386142642.106215359 5.88513 -1.17808 0 26.998 -0.0123902 -0.0324181  0 0.01385 2
1386142642.236602381 5.88492 -1.17318 0 26.977 -0.00159167 0.037587  0 -0.00281049 2
1386142642.889000797 5.88461 -1.17319 0 26.978 -0.000472853 -1.68825e-05  0 2.69419e-05 2
1386142643.020088808 5.8845 -1.17326 0 26.978 -0.000871629 -0.000505176  0 0 2
1386142643.084248314 5.88453 -1.17326 0 26.979 0.000419534 -1.52141e-05  0 0.000269805 2
1386142643.344227817 5.88457 -1.17323 0 26.98 0.000165068 0.000107097  0 6.76086e-05 2
1386142643.475634120 5.88449 -1.17325 0 26.981 -0.000584201 -0.000178098  0 0.000131733 2
1386142643.539051332 5.88451 -1.17324 0 26.983 0.000212882 0.000164308  0 0.000550125 2
1386142643.670262022 5.88434 -1.1733 0 26.984 -0.00127745 -0.000456466  0 0.000133959 2
1386142643.736069439 5.88438 -1.17329 0 26.986 0.000664983 0.0002607  0 0.000530144 2
1386142643.866552528 5.88448 -1.17318 0 26.99 0.000715435 0.000808692  0 0.000534742 2
1386142643.996150452 5.88441 -1.17307 0 26.992 -0.000540245 0.000880489  0 0.000269197 2
1386142644.061901641 5.88439 -1.17299 0 26.994 -0.000307384 0.00109023  0 0.000530597 2
1386142644.192251968 5.88444 -1.1729 0 26.995 0.00041075 0.000712388  0 0.000134843 2
1386142644.257494966 5.8845 -1.17288 0 26.996 0.000907188 0.000388484  0 0.000265324 2
1386142644.387886308 5.88455 -1.17288 0 27.004 0.000393424 -5.37285e-05  0 0.00107228 2
1386142644.453712796 5.88443 -1.1732 0 27.018 -0.00177555 -0.00487934  0 0.00370993 2
1386142644.582380087 5.88432 -1.1735 0 27.027 -0.000839218 -0.00228623  0 0.00122118 2
1386142644.650226177 5.88441 -1.17381 0 27.059 0.0011966 -0.00459639  0 0.00823135 2
1386142644.779142663 5.88489 -1.1741 0 27.109 0.00373104 -0.00224489  0 0.00676964 2
1386142644.844499450 5.88512 -1.17431 0 27.13 0.00354952 -0.00318281  0 0.00560693 2
1386142644.988808909 5.88454 -1.1745 0 27.189 -0.00401656 -0.00132248  0 0.00713636 2
1386142645.049288310 5.87841 -1.1746 0 27.452 -0.101413 -0.00163692  0 0.0758973 2
1386142645.170956883 5.86232 -1.17409 0 27.927 -0.132202 0.00420919  0 0.0681372 2
1386142645.236383731 5.85963 -1.17398 0 27.848 -0.0411708 0.00168127  0 -0.0210727 2
1386142645.376803252 5.85877 -1.17349 0 27.843 -0.00611726 0.00343814  0 -0.000622076 2
1386142645.495096938 5.85881 -1.17285 0 27.85 0.000365835 0.00540331  0 0.00103335 2
1386142645.561701130 5.85885 -1.17277 0 27.857 0.000585594 0.00129782  0 0.00183531 2
1386142645.691930106 5.85877 -1.17272 0 27.864 -0.000628476 0.000342418  0 0.000938647 2
1386142645.765724665 5.85861 -1.17279 0 27.867 -0.0021259 -0.000878854  0 0.000707342 2
1386142645.887410500 5.85891 -1.17295 0 27.91 0.00248434 -0.00135549  0 0.00616735 2
1386142645.952534156 5.85932 -1.17298 0 27.964 0.00624105 -0.000470582  0 0.0144724 2
1386142646.016343784 5.85971 -1.17297 0 27.966 0.00613385 0.000253189  0 0.000546742 2
1386142646.151463510 5.86029 -1.17283 0 27.969 0.00430273 0.000981195  0 0.00038828 2
1386142646.279640339 5.86046 -1.17279 0 27.977 0.00128681 0.000344248  0 0.00108873 2
1386142646.343688216 5.86106 -1.171 0 28.068 0.00940724 0.0279449  0 0.0247988 2
1386142646.474041423 5.86082 -1.1704 0 28.059 -0.00182089 0.00462368  0 -0.00120539 2
1386142646.539748865 5.86013 -1.17048 0 28.011 -0.010546 -0.00123537  0 -0.0127509 2
1386142646.669658460 5.86119 -1.17013 0 28.077 0.0081258 0.00269432  0 0.00886835 2
1386142646.734798421 5.86133 -1.16993 0 28.072 0.00224459 0.0031231  0 -0.00134098 2
1386142646.865163593 5.86181 -1.16969 0 28.096 0.0036456 0.0018111  0 0.0032134 2
1386142646.995821722 5.86384 -1.16568 0 28.176 0.0155228 0.0306612  0 0.0106866 2
1386142647.060903782 5.86405 -1.16524 0 28.198 0.00330653 0.00682686  0 0.00590067 2
1386142647.193727769 5.86534 -1.16242 0 28.295 0.00969613 0.0212253  0 0.012746 2
1386142647.256531710 5.86536 -1.16201 0 28.283 0.00036308 0.00650726  0 -0.00333722 2
1386142647.386813647 5.86484 -1.16183 0 28.258 -0.0039878 0.00141585  0 -0.00334832 2
1386142647.454332406 5.86482 -1.16169 0 28.224 -0.00026219 0.0020724  0 -0.00878796 2
1386142647.582574421 5.86474 -1.16154 0 28.215 -0.000695272 0.00114555  0 -0.00122523 2
1386142647.647801365 5.86482 -1.16158 0 28.219 0.00122853 -0.000638892  0 0.00106972 2
1386142647.777105286 5.86374 -1.16172 0 28.199 -0.00829831 -0.00110356  0 -0.00270015 2
1386142647.843174597 5.86366 -1.16093 0 28.188 -0.00118716 0.0119953  0 -0.00290625 2
1386142647.973962818 5.86347 -1.16076 0 28.192 -0.00146082 0.00131716  0 0.000533495 2
1386142648.038867815 5.86352 -1.16073 0 28.194 0.000792058 0.000411305  0 0.000537515 2
1386142648.169234022 5.86344 -1.16065 0 28.197 -0.000622694 0.000596155  0 0.000402438 2
1386142648.234631780 5.86339 -1.16071 0 28.199 -0.000770337 -0.000849955  0 0.000533465 2
1386142648.365618562 5.86348 -1.16067 0 28.202 0.000700963 0.000343105  0 0.000400531 2
1386142648.495062651 5.86348 -1.16062 0 28.206 -7.27672e-05 0.000314027  0 0.000539034 2
1386142648.565892541 5.86349 -1.16057 0 28.206 0.000260618 0.000791171  0 0 2
1386142648.690741211 5.86355 -1.16053 0 28.209 0.000438344 0.000294198  0 0.00041809 2
1386142648.783520237 5.86357 -1.16052 0 28.211 0.000239786 0.000181926  0 0.000378897 2
1386142648.825527417 5.86364 -1.16047 0 28.212 0.00166304 0.000962689  0 0.000412085 2
1386142648.951427608 5.86367 -1.16028 0 28.215 0.00025215 0.00150937  0 0.000416713 2
1386142649.083313284 5.86384 -1.1601 0 28.216 0.00125431 0.0014268  0 0.000131254 2
1386142649.151318616 5.8638 -1.16007 0 28.216 -0.000552406 0.000379458  0 0 2
1386142649.281507511 5.86363 -1.16024 0 28.218 -0.00131396 -0.0013016  0 0.000267975 2
1386142649.341181473 5.8636 -1.16025 0 28.218 -0.00053988 -0.000121241  0 0 2
1386142649.406623882 5.86367 -1.1602 0 28.218 0.00109298 0.00078899  0 0 2
1386142649.548926450 5.8634 -1.16028 0 28.22 -0.0018706 -0.000561578  0 0.000245164 2
1386142649.675676099 5.86345 -1.16041 0 28.22 0.000377999 -0.00106812  0 0 2
1386142649.742054753 5.86349 -1.1605 0 28.223 0.000649782 -0.00127715  0 0.000790379 2
1386142649.864072087 5.86347 -1.16042 0 28.226 -0.00021345 0.000595833  0 0.000429974 2
1386142649.943543767 5.86346 -1.16029 0 28.227 -5.74356e-05 0.00161802  0 0.00021782 2
1386142650.060555023 5.86352 -1.16024 0 28.229 0.000494291 0.000472587  0 0.000298154 2
1386142650.189649876 5.86354 -1.16019 0 28.229 0.000180378 0.000397592  0 0 2
1386142650.257710617 5.86355 -1.16015 0 28.233 0.000132634 0.000593035  0 0.00102518 2
1386142650.321537715 5.86353 -1.16018 0 28.234 -0.000338927 -0.000493738  0 0.000275382 2
1386142650.451301515 5.86349 -1.16015 0 28.238 -0.000285685 0.000212625  0 0.000537706 2
1386142650.581183690 5.86343 -1.1601 0 28.239 -0.000498747 0.000382576  0 0.000135329 2
1386142650.646113527 5.86339 -1.1601 0 28.24 -0.000637705 5.42936e-05  0 0.000266604 2
1386142650.776870893 5.86323 -1.15999 0 28.238 -0.00122713 0.000833421  0 -0.00026681 2
1386142650.841885613 5.86319 -1.15994 0 28.239 -0.000533408 0.000725544  0 0.000270352 2
1386142650.972326706 5.86327 -1.15993 0 28.239 0.000607407 6.15391e-05  0 0 2
1386142651.037509941 5.86325 -1.15994 0 28.239 -0.000292099 -3.72908e-05  0 0 2
1386142651.169026681 5.86331 -1.15997 0 28.242 0.000467637 -0.000278453  0 0.000396892 2
1386142651.233906432 5.86336 -1.15997 0 28.244 0.000702949 -1.59181e-05  0 0.000537724 2
1386142651.363404394 5.86345 -1.15992 0 28.247 0.000672639 0.000429006  0 0.000405136 2
1386142651.494441672 5.86342 -1.15994 0 28.251 -0.000203947 -0.000189267  0 0.000532481 2
1386142651.559028881 5.86337 -1.15993 0 28.251 -0.000758486 0.000276958  0 0 2
1386142651.691750037 5.86333 -1.15992 0 28.254 -0.000279522 5.44571e-05  0 0.000395297 2
1386142651.754652994 5.8634 -1.15983 0 28.256 0.000973741 0.00136789  0 0.000554623 2
1386142651.884464379 5.8636 -1.15991 0 28.257 0.00156616 -0.000592987  0 0.000133352 2
1386142651.949846194 5.86357 -1.15984 0 28.259 -0.000473822 0.00103367  0 0.000533595 2
1386142652.080647746 5.86366 -1.15971 0 28.265 0.000690428 0.00104336  0 0.000802196 2
1386142652.145818090 5.86367 -1.15971 0 28.267 0.000166119 -9.94232e-05  0 0.000535326 2
1386142652.275797092 5.86379 -1.15939 0 28.273 0.00089728 0.00245775  0 0.000805224 2
1386142652.340942821 5.86383 -1.15929 0 28.275 0.000636492 0.00155857  0 0.000535529 2
1386142652.471772865 5.86373 -1.15933 0 28.275 -0.00071472 -0.000262336  0 0 2
1386142652.536981407 5.86375 -1.15931 0 28.276 0.000314249 0.000201024  0 0.000265464 2
1386142652.672910064 5.8639 -1.1591 0 28.279 0.00105051 0.00157645  0 0.000385969 2
1386142652.733074318 5.86392 -1.15904 0 28.279 0.000360399 0.001038  0 0 2
1386142652.875093319 5.864 -1.15888 0 28.281 0.000543288 0.00110887  0 0.000245653 2
1386142652.928026936 5.864 -1.15884 0 28.283 6.16423e-05 0.000807227  0 0.000659079 2
1386142653.067672054 5.86405 -1.15885 0 28.287 0.00038866 -0.000136351  0 0.000499658 2
1386142653.188830493 5.86399 -1.15884 0 28.289 -0.000540047 9.21745e-05  0 0.000287949 2
1386142653.253304448 5.86403 -1.15882 0 28.292 0.000656518 0.000424502  0 0.000813728 2
1386142653.384551211 5.86409 -1.15888 0 28.293 0.000473154 -0.000485323  0 0.000133922 2
