1386491567.597487759 -3.58964e-29 -3.59218e-29 0 -149.976 -9.09506e-30 -9.10149e-30  0 -0.663213 6
1386491567.727856771 -3.59896e-29 -3.60139e-29 0 -150.319 -7.14871e-31 -7.06015e-31  0 -0.0459198 6
1386491567.792980550 -3.60048e-29 -3.60288e-29 0 -150.402 -2.32621e-31 -2.291e-31  0 -0.0222422 6
1386491567.923320017 -3.60065e-29 -3.60305e-29 0 -150.456 -1.33606e-32 -1.3152e-32  0 -0.00723106 6
1386491568.053562440 -3.60066e-29 -3.60306e-29 0 -150.322 -8.50885e-34 -8.42059e-34  0 0.0179551 6
1386491568.118779380 -3.60067e-29 -3.60306e-29 0 -150.24 -2.14867e-34 -2.13234e-34  0 0.021945 6
1386491568.249055853 -0.0116125 0.00227252 0.242 166.648 -0.0891376 0.0174438  1.85759 42.4539 6
1386491568.323476338 -0.0303018 0.00533612 0.249 166.794 -0.251131 0.0411661  0.0940601 0.034243 6
1386491568.444600436 -0.0469829 0.00422447 0.296 167.05 -0.137719 -0.00917775  0.388032 0.0368877 6
1386491568.509897035 -0.0551536 0.0028638 0.336 167.119 -0.125132 -0.0208383  0.612589 0.0184432 6
1386491568.639910432 -0.0631031 -0.00227006 0.458 167.093 -0.0611436 -0.0394872  0.938365 -0.00349043 6
1386491568.705382020 -0.0673148 -0.0046877 0.519 167.061 -0.0643283 -0.0369266  0.931702 -0.00852988 6
1386491568.840574715 -0.0844822 -0.0117264 0.634 166.989 -0.126985 -0.0520643  0.850638 -0.00929596 6
1386491568.900424472 -0.0971836 -0.0188476 0.668 166.923 -0.21222 -0.118984  0.568089 -0.0192451 6
1386491569.031090226 -0.124025 -0.0383268 0.689 166.929 -0.205421 -0.149077  0.160715 0.000800992 6
1386491569.096311956 -0.135102 -0.0482656 0.695 167.012 -0.169836 -0.152384  0.0919939 0.0222088 6
1386491569.226842291 -0.147707 -0.0676158 0.684 167.21 -0.0965689 -0.148243  -0.0842716 0.0264765 6
1386491569.291673556 -0.152668 -0.0763967 0.678 167.348 -0.0765121 -0.135442  -0.0925479 0.0371513 6
1386491569.422082380 -0.157145 -0.0848635 0.665 167.612 -0.0343321 -0.064925  -0.0996865 0.0353315 6
1386491569.552527852 -0.15759 -0.0906677 0.654 167.767 -0.00341546 -0.0444954  -0.0843264 0.0207385 6
1386491569.617609563 -0.158036 -0.0930133 0.657 167.887 -0.00684676 -0.0360408  0.0460959 0.0321797 6
1386491569.748307195 -0.158671 -0.0995992 0.658 168.159 -0.00486037 -0.0503904  0.00765125 0.0363232 6
1386491569.813106202 -0.158797 -0.102697 0.662 168.225 -0.00194648 -0.047806  0.0617293 0.0177793 6
1386491569.943340923 -0.158034 -0.10878 0.671 168.287 0.00585939 -0.0467111  0.069106 0.0083084 6
1386491570.008592968 -0.157732 -0.111802 0.677 168.299 0.00462596 -0.0463031  0.0919511 0.00320794 6
1386491570.138814179 -0.156897 -0.118859 0.685 168.377 0.00641319 -0.0541978  0.0614339 0.0104546 6
1386491570.204002042 -0.156606 -0.122255 0.688 168.369 0.00446648 -0.052094  0.0460208 -0.00214073 6
1386491570.336364778 -0.156738 -0.128737 0.689 168.318 -0.00099548 -0.0489703  0.007555 -0.00672617 6
1386491570.399579632 -0.156634 -0.131168 0.689 168.289 0.00163589 -0.0384454  0 -0.00800446 6
1386491570.529777221 -0.159142 -0.134566 0.689 168.116 -0.019258 -0.0261002  0 -0.0231916 6
1386491570.595504073 -0.160293 -0.13614 0.689 168.043 -0.0175141 -0.0239484  0 -0.0193841 6
1386491570.725223411 -0.162727 -0.138465 0.692 167.913 -0.0187653 -0.0179269  0.0231269 -0.0174917 6
1386491570.790592905 -0.164375 -0.139635 0.693 167.782 -0.0252076 -0.0178886  0.0152977 -0.0349754 6
1386491570.920791246 -0.170342 -0.140657 0.692 167.632 -0.0458315 -0.00784917  -0.00768059 -0.0201069 6
1386491571.051038721 -0.176657 -0.141555 0.695 167.517 -0.0484841 -0.00689634  0.0230331 -0.0154109 6
1386491571.117641972 -0.179754 -0.142013 0.696 167.44 -0.0464903 -0.00688345  0.0150143 -0.0201767 6
1386491571.246406330 -0.186079 -0.140847 0.695 167.37 -0.0491228 0.00905587  -0.00776612 -0.0094891 4
1386491571.311013382 0.825227 0.0968271 0.692 -0.0189972 0.0503734 0.00116108  -0.0464346 -45.2194 4
1386491571.442121072 0.830051 0.0966064 0.686 -0.0749969 0.0367917 -0.00168327  -0.0457639 -0.00745479 4
1386491571.507081786 0.83211 0.0965338 0.68 -0.127991 0.0316938 -0.00111755  -0.0923635 -0.0142381 3
1386491572.940683851 1.0355 0.319901 0.71 1.00601 0.141871 0.155808  0.0209263 0.0138058 3
1386491573.005923313 1.0448 0.331238 0.715 1.03401 0.142662 0.173776  0.0766407 0.00749071 3
1386491573.136113643 1.06529 0.349062 0.727 0.686005 0.157342 0.136906  0.0921727 -0.0466538 3
1386491573.201383037 1.08032 0.355384 0.735 0.513 0.230317 0.0968691  0.122569 -0.046262 3
1386491573.331696284 1.1234 0.363104 0.744 0.315002 0.330608 0.0592388  0.0690644 -0.0265185 3
1386491573.397034039 1.14929 0.365648 0.749 0.223007 0.396274 0.0389367  0.0765254 -0.0245742 3
1386491573.527362052 1.22367 0.365107 0.756 0.279007 0.570643 -0.00414735  0.0537106 0.00749939 3
1386491573.657535522 1.32149 0.364401 0.768 0.299011 0.751515 -0.00542391  0.0921847 0.00268212 3
1386491573.722699095 1.37328 0.363443 0.774 0.358002 0.794799 -0.0147035  0.092076 0.0157999 3
1386491573.852974567 1.4977 0.360306 0.784 0.475998 0.95499 -0.024085  0.0767604 0.0158082 3
1386491573.918208594 1.56576 0.359795 0.788 0.480011 1.04341 -0.00782037  0.0613177 0.00107369 3
1386491574.048603110 1.70313 0.356081 0.792 0.602005 1.05348 -0.0284861  0.0306761 0.0163289 3
1386491574.113739546 1.7707 0.353534 0.795 0.731003 1.03731 -0.039099  0.0460572 0.0345649 3
1386491574.244510443 1.89348 0.34416 0.797 1.22101 0.938921 -0.0716825  0.0152939 0.0653984 3
1386491574.309191590 1.95009 0.338172 0.794 1.52 0.875253 -0.0925763  -0.0463814 0.0806798 3
1386491574.439799768 2.04891 0.324968 0.786 2.08501 0.756632 -0.101101  -0.0612519 0.0755018 3
1386491574.504764706 2.09392 0.318367 0.784 2.358 0.692773 -0.1016  -0.0307858 0.073342 3
1386491574.635085813 2.175 0.308303 0.78 2.841 0.622177 -0.0772271  -0.0306934 0.0646861 3
1386491574.700225938 2.21683 0.304492 0.779 3.061 0.642039 -0.0585082  -0.0153515 0.0589459 3
1386491574.830608617 2.29353 0.300519 0.775 3.54601 0.588329 -0.0304683  -0.0306789 0.0649232 3
1386491574.961042441 2.37187 0.30111 0.773 4.061 0.600542 0.00453093  -0.0153334 0.0689118 3
1386491575.026063213 2.4101 0.302385 0.769 4.33501 0.588073 0.0196121  -0.0615188 0.0735494 3
1386491575.156375026 2.48744 0.305074 0.761 4.79001 0.593511 0.0206295  -0.0613912 0.0609406 3
1386491575.221557075 2.52682 0.306416 0.756 5.05901 0.604064 0.0205896  -0.0767082 0.0720273 3
1386491575.351913307 2.60659 0.308872 0.751 5.52701 0.611964 0.0188467  -0.0383564 0.0626605 3
1386491575.416856153 2.64552 0.309889 0.752 5.77501 0.599383 0.0156447  0.0153982 0.0666499 3
1386491575.547033746 2.71988 0.313055 0.748 6.32501 0.571221 0.0243249  -0.0307273 0.0737405 3
1386491575.612605976 2.75578 0.315424 0.746 6.61801 0.5475 0.0361316  -0.0305007 0.0779873 3
1386491575.742872261 2.82095 0.321661 0.748 7.12801 0.500292 0.0478777  0.0153532 0.0683299 3
1386491575.808213314 2.85365 0.323989 0.75 7.401 0.500531 0.0356206  0.0306086 0.0729199 3
1386491575.938581371 2.91237 0.327813 0.751 7.91301 0.450376 0.0293371  0.00767059 0.0685462 3
1386491576.004790752 2.94504 0.329795 0.751 8.19901 0.493499 0.0299355  0 0.0753906 3
1386491576.133921654 3.01079 0.334482 0.76 8.72801 0.509148 0.036294  0.0696967 0.0715004 3
1386491576.264082423 3.07959 0.340378 0.763 9.15601 0.528547 0.0452975  0.0230484 0.0573898 3
1386491576.329453429 3.11511 0.343825 0.766 9.341 0.54347 0.0527262  0.0458919 0.0493922 3
1386491576.459584405 3.18695 0.353059 0.767 9.686 0.552015 0.0709609  0.00768457 0.0462719 3
1386491576.528690995 3.22519 0.35923 0.767 9.85701 0.553423 0.089292  0 0.0431884 3
1386491576.655337071 3.29295 0.373267 0.765 10.267 0.535005 0.11084  -0.015792 0.0565011 3
1386491576.720326630 3.3271 0.381084 0.763 10.444 0.525503 0.120281  -0.0307742 0.0475348 3
1386491576.850861680 3.39121 0.398138 0.759 10.756 0.491099 0.130647  -0.0306431 0.0417178 3
1386491576.916107368 3.42341 0.40719 0.759 10.909 0.493592 0.138741  0 0.0409276 3
1386491577.046568550 3.48229 0.424169 0.753 11.161 0.451283 0.130143  -0.0459907 0.0337128 3
1386491577.111959521 3.51132 0.432282 0.751 11.317 0.443936 0.124075  -0.0305853 0.0416349 3
1386491577.242131487 3.56649 0.445453 0.743 11.487 0.423873 0.101182  -0.0614572 0.0227931 3
1386491577.306929545 3.5962 0.45153 0.743 11.562 0.458416 0.0937808  0 0.0202045 3
1386491577.437255504 3.66189 0.463047 0.736 11.631 0.504105 0.0883693  -0.0537115 0.00924053 3
1386491577.567744620 3.73099 0.474055 0.729 11.626 0.529541 0.0843638  -0.0536443 -0.000669417 3
1386491577.633820048 3.76665 0.479944 0.727 11.649 0.539603 0.0891211  -0.0302684 0.00607394 3
1386491577.763801542 3.83953 0.492029 0.728 11.64 0.560697 0.0929751  0.0076934 -0.00120884 3
1386491577.828379394 3.87592 0.498106 0.724 11.632 0.563522 0.0941041  -0.0619407 -0.00216095 3
1386491577.958687554 3.94764 0.50989 0.716 11.624 0.550376 0.0904267  -0.0613929 -0.00107092 3
1386491578.023893001 3.98258 0.515784 0.711 11.615 0.535825 0.0903909  -0.0766807 -0.00240971 3
1386491578.154259786 4.04853 0.528729 0.707 11.61 0.505941 0.0993002  -0.0306827 -0.000670046 3
1386491578.219515215 4.08138 0.536034 0.701 11.575 0.503382 0.111942  -0.0919464 -0.00935804 3
1386491578.348933958 4.14317 0.552631 0.689 11.41 0.477386 0.128246  -0.0927223 -0.0222529 3
1386491578.414591513 4.17413 0.561744 0.683 11.232 0.47156 0.138793  -0.0913832 -0.0473149 3
1386491578.544919763 4.23643 0.579958 0.672 10.649 0.478069 0.139756  -0.0844023 -0.0780752 3
1386491578.610092201 4.26771 0.587915 0.667 10.25 0.479909 0.122094  -0.0767195 -0.106853 3
1386491578.740527170 4.33614 0.599196 0.66 9.528 0.524596 0.0864839  -0.0536666 -0.0966097 3
1386491578.805417499 4.37094 0.603374 0.659 9.233 0.536429 0.0643927  -0.0154106 -0.0793445 3
1386491578.938850974 4.44787 0.606584 0.658 8.81201 0.57653 0.0240551  -0.00749437 -0.0550661 3
1386491579.066187687 4.52273 0.608269 0.657 8.57401 0.58787 0.0132292  -0.00785319 -0.0326222 3
1386491579.131658837 4.56026 0.609007 0.658 8.59601 0.573254 0.0112807  0.0152739 0.0058656 3
1386491579.263487552 4.63503 0.610687 0.661 8.85701 0.567128 0.0127386  0.0227568 0.034555 3
1386491579.327113160 4.6699 0.612416 0.664 9.037 0.548051 0.0271812  0.0471508 0.0493742 3
1386491579.457507125 4.73605 0.616448 0.664 9.423 0.507353 0.0309225  0 0.0516665 3
1386491579.522638049 4.76704 0.618132 0.662 9.612 0.475834 0.0258519  -0.0307074 0.0506455 3
1386491579.653158359 4.8258 0.62102 0.662 10.019 0.450174 0.0221273  0 0.0544261 3
1386491579.718196372 4.85298 0.621814 0.664 10.215 0.417922 0.0122051  0.0307512 0.0525974 3
1386491579.848375637 4.90801 0.622929 0.664 10.576 0.42274 0.00856917  0 0.0483987 3
1386491579.913673496 4.93582 0.623343 0.665 10.775 0.425912 0.00633351  0.0153144 0.0531916 3
1386491580.044109627 4.99071 0.623892 0.666 11.194 0.420771 0.00421267  0.00766659 0.056064 3
1386491580.174267361 5.054 0.62515 0.665 11.757 0.486314 0.00965969  -0.00768299 0.0754951 3
1386491580.239379001 5.08692 0.625897 0.665 12.061 0.505541 0.0114729  0 0.081488 3
1386491580.369585679 5.15521 0.630392 0.667 12.763 0.5245 0.0345283  0.0153602 0.0940976 3
1386491580.434834909 5.18991 0.633491 0.666 13.119 0.531787 0.047484  -0.0153259 0.095226 3
1386491580.564843687 5.26149 0.643126 0.671 13.772 0.550543 0.0741097  0.0384589 0.0876633 3
1386491580.630262953 5.29634 0.648554 0.671 14.179 0.532719 0.0829798  0 0.108583 3
1386491580.760322273 5.36224 0.661943 0.672 14.728 0.506681 0.102942  0.0076888 0.0736745 3
1386491580.825751180 5.39441 0.669452 0.67 14.97 0.491773 0.114774  -0.0305675 0.0645511 3
1386491580.955974679 5.45555 0.687621 0.67 15.301 0.469463 0.13952  0 0.0443637 3
1386491581.021406734 5.48536 0.69741 0.669 15.499 0.455543 0.149598  -0.015283 0.0528138 3
1386491581.151566940 5.54456 0.718595 0.664 15.849 0.454824 0.162765  -0.0384142 0.0469306 3
1386491581.216951513 5.57473 0.729924 0.66 15.884 0.461469 0.173267  -0.0611765 0.00934363 3
1386491581.347100598 5.63378 0.754365 0.655 15.859 0.453751 0.187789  -0.0384175 -0.00335174 3
1386491581.478107981 5.69403 0.780103 0.645 15.466 0.45987 0.196463  -0.0763316 -0.0523576 3
1386491581.542519706 5.72382 0.794833 0.644 15.103 0.462553 0.228684  -0.0155251 -0.0983578 3
1386491581.672877141 5.78095 0.835879 0.636 14.213 0.438244 0.314874  -0.0613697 -0.119162 3
1386491581.737670136 5.80917 0.857665 0.632 13.75 0.435446 0.336245  -0.0617351 -0.124718 3
1386491581.868532598 5.85961 0.90145 0.632 12.755 0.385455 0.334586  0 -0.132704 3
1386491581.933737472 5.88531 0.922665 0.633 12.125 0.394186 0.325366  0.0153363 -0.168632 3
1386491582.064203748 5.93933 0.951055 0.639 10.636 0.414021 0.217604  0.0459889 -0.199193 3
1386491582.129124450 5.9678 0.96008 0.642 9.8 0.438566 0.139004  0.0462102 -0.22475 3
1386491582.259622424 6.03046 0.96585 0.656 8.08 0.480183 0.044218  0.107281 -0.230039 3
1386491582.324944387 6.06334 0.962632 0.663 7.395 0.503313 -0.0492615  0.107162 -0.183024 3
1386491582.454933440 6.13856 0.936527 0.675 6.72101 0.578707 -0.200822  0.0923155 -0.0904957 3
1386491582.521210823 6.17811 0.917752 0.685 6.55 0.59668 -0.28328  0.150881 -0.045032 3
1386491582.650156010 6.25271 0.895138 0.697 6.69101 0.578517 -0.175379  0.0930628 0.0190858 3
1386491582.717609373 6.29641 0.880312 0.704 5.84401 0.647883 -0.219791  0.103775 -0.219158 3
1386491582.845888811 6.29845 0.935848 0.706 4.78401 0.0158949 0.432927  0.015591 -0.14422 3
1386491582.976130755 6.29463 1.00247 0.696 5.76401 -0.0293363 0.511558  -0.0767802 0.131326 3
1386491583.041513688 6.29248 1.03475 0.69 6.35501 -0.0328261 0.493673  -0.0917671 0.157762 3
1386491583.172371615 6.29507 1.08569 0.669 7.64301 0.0197838 0.389294  -0.160479 0.171787 3
1386491583.236793045 6.30429 1.10462 0.657 8.39401 0.143121 0.293759  -0.186273 0.203466 3
1386491583.301410837 6.32187 1.11978 0.648 8.79601 0.272027 0.234605  -0.139281 0.108578 3
1386491583.432325843 6.39359 1.11838 0.634 14.192 0.547844 -0.0106599  -0.10694 0.719382 3
1386491583.499074616 6.43403 1.12706 0.625 19.425 0.605799 0.130009  -0.134834 1.36831 7
1386491583.627478177 6.51709 1.12895 0.62 25.901 0.646868 0.0146792  -0.0389397 0.880252 7
1386491583.694661152 6.55493 1.15507 0.613 28.211 0.563324 0.388833  -0.104193 0.600108 7
1386491583.826618702 6.52367 1.16841 0.603 31.827 -0.236919 0.101142  -0.0757819 0.47827 7
1386491583.889239882 6.40648 1.12143 0.595 33.271 -1.87141 -0.750361  -0.127752 0.402461 7
1386491584.022062814 6.39566 1.07436 0.577 28.383 -0.0814793 -0.354319  -0.135519 -0.642296 7
1386491584.150475964 6.45625 1.12039 0.558 16.284 0.471853 0.358379  -0.14796 -1.64444 7
1386491584.214251968 6.48556 1.14053 0.544 14.538 0.459615 0.315792  -0.219518 -0.477821 7
1386491584.344833603 6.54968 1.18282 0.527 16.513 0.491037 0.323901  -0.130187 0.263974 7
1386491584.409768662 6.5802 1.20308 0.52 19.072 0.47006 0.311985  -0.1078 0.687811 7
1386491584.540013799 6.63789 1.24718 0.503 24.704 0.442915 0.33863  -0.130523 0.754708 8
1386491584.604772201 6.66558 1.26631 0.478 27.514 0.427571 0.29539  -0.38605 0.757334 8
1386491584.735809054 6.69159 1.30428 0.405 31.47 0.198458 0.289717  -0.557095 0.526914 8
1386491584.800694765 6.70025 1.32101 0.37 32.861 0.133479 0.257843  -0.53941 0.37416 8
1386491584.930859780 6.70778 1.34467 0.288 34.581 0.057906 0.1818  -0.62997 0.230628 8
1386491584.996232761 6.70968 1.35359 0.25 35.084 0.0289459 0.13648  -0.58128 0.134289 8
1386491585.126699282 6.72351 1.36368 0.193 35.889 0.106022 0.0773385  -0.436894 0.107691 8
1386491585.191840840 6.74039 1.37278 0.165 36.123 0.259199 0.139604  -0.429833 0.0626936 8
1386491585.322188548 6.74369 1.40529 0 37.656 0.025288 0.249419  -1.26585 0.205266 2
1386491585.387334306 6.7568 1.44733 0 37.744 0.201238 0.645388  0 0.0235755 2
1386491585.516779950 6.75798 1.4525 0 37.688 0.00912774 0.0398964  0 -0.00755051 2
1386491585.647690800 6.75702 1.45212 0 37.692 -0.0073091 -0.00287379  0 0.000532995 2
1386491585.713110660 6.75682 1.45165 0 37.691 -0.00315455 -0.00725091  0 -0.000264607 2
1386491585.842835341 6.75656 1.45132 0 37.686 -0.00201054 -0.00251055  0 -0.000673362 2
1386491585.909002763 6.75636 1.45119 0 37.689 -0.00301158 -0.00193884  0 0.000792902 2
1386491586.041033470 6.75542 1.4504 0 37.681 -0.00707002 -0.00598987  0 -0.00105897 2
1386491586.104218937 6.75496 1.44995 0 37.682 -0.00728692 -0.00713568  0 0.000278179 2
1386491586.239007425 6.7552 1.45014 0 37.68 0.00175569 0.00136806  0 -0.000258831 2
1386491586.306663135 6.75532 1.45017 0 37.681 0.00174714 0.000512414  0 0.000255862 2
1386491586.432557508 6.75538 1.45016 0 37.681 0.000479411 -8.37187e-05  0 0 2
1386491586.500294500 6.75546 1.45019 0 37.681 0.00121603 0.000425188  0 0 2
1386491586.624527240 6.75551 1.45012 0 37.679 0.000403623 -0.000562486  0 -0.000280823 2
1386491586.690510843 6.75557 1.45008 0 37.678 0.000854946 -0.000507018  0 -0.000262346 2
1386491586.823446876 6.75567 1.4501 0 37.677 0.000769997 0.0001257  0 -0.00013222 2
1386491586.951178561 6.75574 1.45016 0 37.675 0.000520876 0.000472767  0 -0.00027313 2
1386491587.038337369 6.75578 1.45019 0 37.674 0.000453502 0.000362435  0 -0.000198609 2
1386491587.146607362 6.75585 1.45025 0 37.672 0.000723377 0.000553613  0 -0.000322226 2
1386491587.211812785 6.75588 1.45026 0 37.671 0.000361737 4.74608e-05  0 -0.000269561 2
1386491587.351124594 6.75596 1.45031 0 37.668 0.000599395 0.000360905  0 -0.000376596 2
1386491587.414598368 6.75597 1.45033 0 37.667 0.000145886 0.000411969  0 -0.00027272 2
1386491587.538688414 6.75602 1.45035 0 37.667 0.000396196 0.000122617  0 0 2
1386491587.602505215 6.75608 1.45034 0 37.666 0.000867682 -0.000150955  0 -0.000275427 2
1386491587.737818264 6.75615 1.45032 0 37.664 0.000572498 -0.00012671  0 -0.000257827 2
1386491587.800566100 6.75621 1.45034 0 37.662 0.000855735 0.000268859  0 -0.000555994 2
1386491587.929333024 6.75628 1.45041 0 37.66 0.000535234 0.000580178  0 -0.000270935 2
1386491587.996034865 6.7563 1.45043 0 37.659 0.000295631 0.000322758  0 -0.000259521 2
1386491588.124136574 6.75634 1.45047 0 37.657 0.000339649 0.000251356  0 -0.00027442 2
1386491588.192236965 6.75637 1.45048 0 37.656 0.000452717 0.000257479  0 -0.000254192 2
1386491588.320397029 6.75648 1.4505 0 37.656 0.000826526 9.78847e-05  0 0 2
1386491588.448617341 6.75657 1.45054 0 37.656 0.000715178 0.000355063  0 0 2
1386491588.522171257 6.75663 1.45056 0 37.655 0.000846913 0.00028496  0 -0.000238966 2
1386491588.643776036 6.75666 1.45055 0 37.653 0.000250574 -0.000148107  0 -0.000286892 2
1386491588.710356628 6.75672 1.45057 0 37.651 0.000885938 0.000295902  0 -0.000523988 2
1386491588.842640766 6.75682 1.45061 0 37.652 0.000733302 0.000331265  0 0.000132872 2
1386491588.908696744 6.75687 1.45065 0 37.653 0.000826619 0.000560704  0 0.000262059 2
1386491589.036732352 6.75699 1.45072 0 37.656 0.000943207 0.000569169  0 0.000409763 2
1386491589.106132049 6.75705 1.45074 0 37.657 0.000835261 0.000287423  0 0.000249433 2
1386491589.231178742 6.75709 1.45079 0 37.655 0.000292046 0.000398129  0 -0.000278995 2
1386491589.299155633 6.75714 1.45078 0 37.656 0.000726069 -6.83442e-05  0 0.000258571 2
1386491589.432080448 6.75721 1.45073 0 37.653 0.000539984 -0.000398114  0 -0.000394691 2
1386491589.495986774 6.75725 1.45073 0 37.652 0.000641988 -3.30881e-05  0 -0.000270874 2
1386491589.624973605 6.75735 1.45074 0 37.65 0.000824027 7.84446e-05  0 -0.000270473 2
1386491589.688769290 6.75742 1.45074 0 37.65 0.000950537 5.53735e-05  0 0 2
1386491589.819275319 6.75751 1.45078 0 37.649 0.000734194 0.00031351  0 -0.000134682 2
1386491589.949602382 6.75766 1.45078 0 37.65 0.00116119 -5.67369e-05  0 0.000134867 2
1386491590.015777484 6.75769 1.45079 0 37.65 0.000372294 0.000218541  0 0 2
1386491590.144000419 6.7578 1.45082 0 37.648 0.000860868 0.0002565  0 -0.000272084 2
1386491590.209078555 6.75784 1.45085 0 37.648 0.000664475 0.00035227  0 0 2
1386491590.348203163 6.7579 1.45092 0 37.647 0.000419095 0.000520273  0 -0.000126339 2
1386491590.405484109 6.75794 1.45094 0 37.648 0.000687482 0.000443336  0 0.000306854 2
1386491590.537174068 6.75808 1.45106 0 37.648 0.00105754 0.000850055  0 0 2
1386491590.601304230 6.75816 1.45108 0 37.647 0.00122053 0.000414027  0 -0.000274081 2
1386491590.734090259 6.75821 1.45114 0 37.644 0.000413088 0.000426791  0 -0.000393098 2
1386491590.796566072 6.75825 1.45117 0 37.642 0.000623911 0.000497041  0 -0.000562677 2
1386491590.927357407 6.75826 1.45115 0 37.641 0.000110192 -0.000122394  0 -0.000132352 2
1386491590.990887180 6.75837 1.4512 0 37.641 0.00174177 0.000718359  0 0 2
1386491591.124583213 6.75855 1.45131 0 37.641 0.00132622 0.000817546  0 0 2
1386491591.251536444 6.75897 1.45168 0 37.637 0.00331941 0.00289722  0 -0.00054961 2
1386491591.317613491 6.75916 1.45178 0 37.634 0.00278094 0.00157164  0 -0.000793986 2
1386491591.448658795 6.75893 1.45186 0 37.637 -0.00172791 0.00056533  0 0.000400352 2
1386491591.516869849 6.75875 1.45179 0 37.638 -0.00260186 -0.000959912  0 0.000253779 2
1386491591.643298632 6.75826 1.45138 0 37.639 -0.00394126 -0.00324557  0 0.000139026 2
1386491591.707780022 6.75811 1.45131 0 37.64 -0.00225073 -0.00113872  0 0.000268458 2
1386491591.839267724 6.75722 1.45043 0 37.639 -0.00678353 -0.00665817  0 -0.000131651 2
1386491591.904719825 6.75702 1.45023 0 37.64 -0.00295095 -0.00304542  0 0.000264477 2
1386491592.034376488 6.7571 1.45032 0 37.638 0.000613617 0.000676022  0 -0.000269075 2
1386491592.098991449 6.75718 1.45034 0 37.637 0.00124759 0.000264983  0 -0.000267903 2
1386491592.229145088 6.75811 1.45115 0 37.638 0.0070998 0.00627563  0 0.000133001 2
1386491592.294478339 6.75839 1.45141 0 37.637 0.00422933 0.00397962  0 -0.000264958 2
1386491592.425545852 6.75866 1.45142 0 37.635 0.00211269 8.68357e-05  0 -0.000266179 2
1386491592.553978708 6.75789 1.4495 0 37.634 -0.00600033 -0.0149477  0 -0.000136856 2
1386491592.620421042 6.75788 1.4494 0 37.631 -0.000172615 -0.00161685  0 -0.000785613 2
1386491592.689988052 6.75803 1.44953 0 37.633 0.00215001 0.00197387  0 0.000501494 2
1386491592.815419944 6.75852 1.45001 0 37.632 0.00392095 0.00378523  0 -0.000140131 2
1386491592.945813992 6.73876 1.44152 0 37.639 -0.151564 -0.0651289  0 0.000937459 2
1386491593.011280385 6.74468 1.44558 0 38.162 0.0903978 0.0620208  0 0.13943 2
1386491593.141176664 6.73083 1.43455 0 44.637 -0.106575 -0.0849224  0 0.870003 2
1386491593.206782880 6.71949 1.41563 0 51.605 -0.172966 -0.288274  0 1.85371 2
1386491593.341385923 6.71726 1.40018 0 70.492 -0.0165484 -0.114808  0 2.44898 2
1386491593.408427054 6.71225 1.41249 0 80.83 -0.0746824 0.183646  0 2.69136 2
1386491593.534298637 6.66722 1.46491 0 101.385 -0.357772 0.416462  0 2.85015 2
1386491593.597700539 6.62733 1.48373 0 112.129 -0.62907 0.29683  0 2.95761 2
1386491593.751242315 6.50757 1.48797 0 129.051 -0.78003 0.0275995  0 1.92355 2
1386491593.804651938 6.46143 1.48401 0 135.032 -0.863776 -0.0741815  0 1.95448 2
1386491593.923316820 6.34954 1.46325 0 147.956 -0.942966 -0.174961  0 1.90087 2
1386491594.006167455 6.25873 1.44469 0 156.194 -1.09601 -0.223943  0 1.73541 2
1386491594.118829780 6.22645 1.43324 0 173.258 -0.286551 -0.101655  0 2.6435 2
1386491594.248775130 6.141 1.42372 0 -165.699 -0.657527 -0.0732803  0 -45.5262 2
1386491594.314437611 6.11875 1.41193 0 -152.882 -0.338862 -0.179436  0 3.4068 2
1386491594.444388678 6.08293 1.32232 0 -124.262 -0.275672 -0.689587  0 3.84386 2
1386491594.509496296 6.08628 1.27492 0 -110.67 0.0515119 -0.728093  0 3.64358 2
1386491594.647144809 6.12823 1.23509 0 -88.548 0.304711 -0.289315  0 2.80498 2
1386491594.703834487 6.15382 1.22049 0 -79.124 0.451437 -0.257651  0 2.90141 2
1386491594.835608862 6.19264 1.20488 0 -63.882 0.294611 -0.118435  0 2.01878 2
1386491594.900793201 6.19491 1.20071 0 -58.467 0.0348092 -0.0640478  0 1.44988 2
1386491595.030789595 6.17184 1.18936 0 -49.881 -0.177474 -0.0872955  0 1.15275 2
1386491595.095614053 6.15728 1.18323 0 -45.809 -0.224576 -0.0945927  0 1.09634 2
1386491595.233161801 6.12091 1.16699 0 -38.765 -0.264402 -0.11804  0 0.893806 2
1386491595.291855416 6.10541 1.16031 0 -36.297 -0.264123 -0.113809  0 0.733892 2
1386491595.423103411 6.06928 1.14807 0 -35.234 -0.275269 -0.0932484  0 0.141358 2
1386491595.552316670 6.03261 1.14238 0 -39.169 -0.283787 -0.0440825  0 -0.531514 2
1386491595.637564518 6.00926 1.13976 0 -41.785 -0.273979 -0.0306978  0 -0.53559 2
1386491595.747771600 5.97748 1.13695 0 -45.71 -0.288307 -0.0254601  0 -0.621594 2
1386491595.813218229 5.95931 1.13584 0 -47.092 -0.277667 -0.0170362  0 -0.368552 2
1386491595.943274473 5.92141 1.13086 0 -47.015 -0.291436 -0.038269  0 0.0103337 2
1386491596.008100043 5.90381 1.12652 0 -45.32 -0.27146 -0.0669313  0 0.456353 2
1386491596.138803940 5.87274 1.11521 0 -41.2 -0.237739 -0.0865267  0 0.550156 2
1386491596.204498164 5.85818 1.10928 0 -39.916 -0.221595 -0.0903414  0 0.341127 2
1386491596.334711241 5.8289 1.09676 0 -38.696 -0.224853 -0.0960948  0 0.163524 2
1386491596.399643083 5.81231 1.0905 0 -39.063 -0.255572 -0.0964232  0 -0.0986445 2
1386491596.529920386 5.77327 1.07972 0 -42.067 -0.299661 -0.0827802  0 -0.402448 2
1386491596.595040827 5.7539 1.07505 0 -44.633 -0.297379 -0.071759  0 -0.687728 2
1386491596.725424370 5.64967 1.0898 0 -50.676 -0.799404 0.113128  0 -0.808923 2
1386491596.790594563 5.62728 1.09645 0 -52.86 -0.343638 0.10211  0 -0.584899 2
1386491596.923929949 5.60064 1.09546 0 -53.449 -0.199805 -0.00743975  0 -0.0770993 2
1386491597.052369163 5.56942 1.08648 0 -49.251 -0.243054 -0.0698952  0 0.570457 2
1386491597.116407006 5.55563 1.0819 0 -47.424 -0.215329 -0.0716147  0 0.497941 2
1386491597.253598152 5.52754 1.07008 0 -45.18 -0.204727 -0.0861046  0 0.285479 2
1386491597.311795373 5.51271 1.06383 0 -45.103 -0.254881 -0.107431  0 0.023091 2
1386491597.442112668 5.48008 1.0493 0 -47.637 -0.250375 -0.111517  0 -0.339376 2
1386491597.507330714 5.46308 1.04293 0 -50.428 -0.260727 -0.0976186  0 -0.746912 2
1386491597.637933533 5.42423 1.03312 0 -57.296 -0.297438 -0.0751597  0 -0.917815 2
1386491597.703304434 5.40378 1.02853 0 -59.819 -0.312805 -0.0701832  0 -0.673611 2
1386491597.836191059 5.36268 1.01273 0 -61.895 -0.309307 -0.118857  0 -0.272662 2
1386491597.901341325 5.34375 1.00307 0 -61.026 -0.290531 -0.148268  0 0.2328 2
1386491598.028684936 5.31885 0.982988 0 -53.573 -0.195583 -0.157722  0 1.02148 2
1386491598.096444840 5.30752 0.9725 0 -48.981 -0.167082 -0.154783  0 1.18279 2
1386491598.236904148 5.28852 0.952005 0 -40.054 -0.135332 -0.145916  0 1.10926 2
1386491598.289596596 5.28252 0.944541 0 -35.078 -0.113752 -0.141653  0 1.6482 2
1386491598.424488632 5.26682 0.924514 0 -29.746 -0.116403 -0.148467  0 0.68989 2
1386491598.485002142 5.25856 0.914884 0 -30.601 -0.136534 -0.159128  0 -0.246598 2
1386491598.615067828 5.23378 0.890603 0 -32.328 -0.190465 -0.186683  0 -0.231742 2
1386491598.692625900 5.22835 0.884936 0 -31.226 -0.0701216 -0.0730766  0 0.247986 2
1386491598.810139593 5.18054 0.790759 0 -26.586 -0.406785 -0.80141  0 0.689139 2
1386491598.944012880 5.14448 0.647104 0 -17.283 -0.269346 -1.07307  0 1.21285 2
1386491599.004604476 5.13572 0.584181 0 -11.045 -0.144656 -1.03848  0 1.79684 2
1386491599.141093503 5.14331 0.458036 0 0.378006 0.0556192 -0.924214  0 1.4607 2
1386491599.201568762 5.15072 0.406239 0 5.076 0.122472 -0.856495  0 1.35585 2
1386491599.331691433 5.16105 0.360058 0 9.06601 0.0793672 -0.354902  0 0.535178 2
1386491599.397117018 5.16153 0.341355 0 9.69 0.00741316 -0.285869  0 0.16646 2
1386491599.528016209 5.15372 0.330075 0 9.25101 -0.0596903 -0.0861748  0 -0.0585329 2
1386491599.592593661 5.15075 0.326446 0 8.673 -0.0459109 -0.0561926  0 -0.156216 2
1386491599.723863308 5.14226 0.325962 0 9.58501 -0.0646908 -0.00368811  0 0.121258 2
1386491599.853094861 5.13322 0.328601 0 10.841 -0.0699816 0.0204254  0 0.169628 2
1386491599.918556337 5.12974 0.330246 0 11.575 -0.0530889 0.0251159  0 0.195701 2
1386491600.048765381 5.11977 0.330024 0 12.381 -0.0765989 -0.00170523  0 0.108037 2
1386491600.113665676 5.11301 0.327311 0 11.167 -0.104159 -0.0417943  0 -0.326476 2
1386491600.244225597 5.08787 0.323345 0 9.53101 -0.192547 -0.0303792  0 -0.218701 2
1386491600.309314629 5.07075 0.31994 0 10.101 -0.263063 -0.0523132  0 0.15284 2
1386491600.439661473 5.05062 0.305057 0 12.004 -0.154385 -0.114176  0 0.254809 2
1386491600.507701440 5.05278 0.288235 0 12.752 0.0317421 -0.247249  0 0.191874 2
1386491600.635184511 5.06228 0.290851 0 13.433 0.0744682 0.0205235  0 0.0932335 2
1386491600.700479209 5.07058 0.29258 0 13.344 0.127231 0.0264767  0 -0.0237869 2
1386491600.830657365 5.09647 0.293589 0 13.225 0.198847 0.00775192  0 -0.0159551 2
1386491600.897704073 5.10228 0.292729 0 13.1 0.0866201 -0.0128196  0 -0.0325394 2
1386491601.026250582 5.09485 0.287624 0 12.932 -0.0577782 -0.0397189  0 -0.02281 2
1386491601.094459156 5.08806 0.282753 0 12.765 -0.0995579 -0.0714007  0 -0.0427341 2
1386491601.221770500 5.08747 0.282623 0 12.927 -0.00463443 -0.0010268  0 0.0222092 2
1386491601.286440062 5.0881 0.282673 0 12.957 0.0097167 0.00077402  0 0.0080962 2
1386491601.417254712 5.0896 0.283148 0 12.939 0.0115162 0.0036289  0 -0.00240024 2
1386491601.547705264 5.08931 0.283033 0 12.944 -0.00225917 -0.000875476  0 0.000667574 2
1386491601.612761247 5.08938 0.28284 0 12.988 0.0010774 -0.00296592  0 0.0118061 2
1386491601.744868954 5.08994 0.28308 0 12.981 0.0042615 0.00181474  0 -0.000925299 2
1386491601.814636314 5.09002 0.283245 0 12.964 0.0011651 0.00236304  0 -0.00425236 2
1386491601.940037780 5.09134 0.284432 0 13.002 0.0105143 0.0094663  0 0.00528803 2
1386491602.003776162 5.09151 0.284712 0 12.986 0.00271267 0.0043987  0 -0.00437883 2
1386491602.134111494 5.09155 0.284696 0 12.999 0.000244448 -0.000124889  0 0.0017409 2
1386491602.199235135 5.09172 0.284838 0 12.999 0.00268179 0.00217778  0 0 2
1386491602.339141880 5.09243 0.285701 0 13.011 0.0050881 0.0061703  0 0.00149617 2
1386491602.396651094 5.09239 0.28582 0 12.993 -0.000666032 0.00206427  0 -0.00545976 2
1386491602.524925759 5.09283 0.285947 0 13.02 0.00340033 0.000992387  0 0.00367269 2
1386491602.591197587 5.09315 0.286627 0 13.073 0.00488955 0.0102509  0 0.0139564 2
1386491602.722567037 5.09453 0.287854 0 13.11 0.0104833 0.0093398  0 0.00491603 2
1386491602.786554336 5.0946 0.288011 0 13.116 0.00106902 0.00246261  0 0.00163567 2
1386491602.915914630 5.09544 0.288889 0 13.176 0.00649209 0.00678832  0 0.00809693 2
1386491603.045067749 5.09614 0.289432 0 13.226 0.00544266 0.00420137  0 0.00675517 2
1386491603.110673062 5.09664 0.289986 0 13.25 0.00763805 0.00844532  0 0.00638539 2
1386491603.240379322 5.09975 0.293948 0 13.447 0.0239479 0.0305466  0 0.0265092 2
1386491603.307037659 5.10023 0.29476 0 13.404 0.00721239 0.0121824  0 -0.0112586 2
1386491603.437076078 5.10019 0.294328 0 13.195 -0.000321612 -0.00332172  0 -0.0280512 2
1386491603.502596651 5.10015 0.294255 0 13.228 -0.000517197 -0.00112181  0 0.00879177 2
1386491603.632493125 5.10046 0.294847 0 13.278 0.00235614 0.00455797  0 0.00671651 2
1386491603.698533859 5.10043 0.294928 0 13.278 -0.000480813 0.00123613  0 0 2
1386491603.830595161 5.10058 0.295038 0 13.278 0.00117791 0.000831567  0 0 2
1386491603.893782080 5.10057 0.295037 0 13.278 -0.000253136 -2.39968e-05  0 0 2
1386491604.024810877 5.10045 0.294906 0 13.274 -0.000892339 -0.000998125  0 -0.000532515 2
1386491604.154421776 5.10077 0.29514 0 13.273 0.00244556 0.00180389  0 -0.000133558 2
1386491604.219037643 5.10072 0.295066 0 13.272 -0.000802846 -0.00114483  0 -0.000272021 2
1386491604.349697743 5.10089 0.295291 0 13.273 0.00133019 0.00172478  0 0.000134524 2
1386491604.414704745 5.1012 0.295503 0 13.274 0.00476379 0.003253  0 0.000266287 2
1386491604.545179309 5.10142 0.295689 0 13.273 0.0016789 0.00143181  0 -0.000132674 2
1386491604.610106126 5.10148 0.295783 0 13.273 0.000931865 0.0014429  0 0 2
1386491604.740650848 5.1018 0.295879 0 13.275 0.00246115 0.000737398  0 0.000267245 2
1386491604.805495179 5.10194 0.295936 0 13.277 0.00214818 0.000871347  0 0.000538018 2
1386491604.870916200 5.10204 0.295992 0 13.276 0.00147495 0.000856025  0 -0.000268673 2
1386491605.001656566 5.10229 0.296112 0 13.277 0.00196551 0.000922527  0 0.000134441 2
1386491605.154394083 5.10232 0.296175 0 13.279 0.000196264 0.000408072  0 0.000228414 2
1386491605.203763761 5.10221 0.296177 0 13.28 -0.00222325 4.05219e-05  0 0.000350631 2
1386491605.328545929 5.10252 0.296251 0 13.281 0.0024373 0.000596921  0 0.00014086 2
1386491605.393028153 5.10252 0.296315 0 13.283 4.92792e-05 0.000982601  0 0.000541039 2
1386491605.522711496 5.10246 0.296272 0 13.281 -0.000467207 -0.000325873  0 -0.00026902 2
1386491605.652542611 5.10244 0.296332 0 13.28 -0.000159752 0.000463359  0 -0.000135383 2
1386491605.726333768 5.10246 0.296498 0 13.281 0.000304282 0.0022477  0 0.000238197 2
1386491605.849002946 5.10261 0.296662 0 13.284 0.00120088 0.00133804  0 0.000427689 2
1386491605.922882092 5.10266 0.29672 0 13.287 0.00063469 0.000774295  0 0.000706532 2
1386491605.978792058 5.10266 0.29676 0 13.287 7.98434e-05 0.000715365  0 0 2
1386491606.129499201 5.10286 0.296972 0 13.288 0.00129194 0.00141018  0 0.000116629 2
1386491606.238741293 5.10301 0.296961 0 13.286 0.00143299 -0.000102732  0 -0.000319359 2
1386491606.304584258 5.10302 0.296997 0 13.285 0.000150632 0.000541716  0 -0.000266951 2
1386491606.434932113 5.10302 0.296994 0 13.288 -5.6457e-05 -1.75681e-05  0 0.000402494 2
1386491606.500155479 5.10309 0.297062 0 13.287 0.00116817 0.00103511  0 -0.000269487 2
1386491606.630492253 5.10322 0.29707 0 13.285 0.000952252 5.96548e-05  0 -0.000267671 2
1386491606.697190980 5.10315 0.296971 0 13.283 -0.000987557 -0.00147801  0 -0.00052306 2
1386491606.827102518 5.103 0.296845 0 13.283 -0.00117627 -0.000972792  0 0 2
1386491606.891570210 5.10292 0.29687 0 13.283 -0.00116951 0.000394879  0 0 2
1386491607.026273932 5.10291 0.296913 0 13.281 -8.19305e-05 0.000317469  0 -0.000258994 2
1386491607.086608723 5.10289 0.296915 0 13.282 -0.000296134 3.77678e-05  0 0.000286908 2
1386491607.221848234 5.10272 0.296676 0 13.282 -0.00127181 -0.00177088  0 0 2
1386491607.347268578 5.10287 0.296713 0 13.281 0.00121251 0.000300446  0 -0.00013802 2
1386491607.412422387 5.10291 0.296726 0 13.282 0.000635839 0.000188483  0 0.000265687 2
1386491607.542724151 5.10302 0.296651 0 13.286 0.000817964 -0.000569639  0 0.00053753 2
1386491607.618461970 5.10304 0.296683 0 13.284 0.000295888 0.000419277  0 -0.000460634 2
1386491607.738242862 5.10307 0.296698 0 13.283 0.000222994 0.000123974  0 -0.000146742 2
1386491607.803566866 5.10306 0.296631 0 13.281 -9.2788e-05 -0.00101935  0 -0.000534067 2
1386491607.933729421 5.10309 0.296622 0 13.286 0.000230304 -7.10381e-05  0 0.000671097 2
1386491607.998817880 5.10314 0.29659 0 13.285 0.000638773 -0.000489695  0 -0.000270046 2
1386491608.129267714 5.10299 0.296593 0 13.284 -0.00109855 1.92168e-05  0 -0.000132699 2
1386491608.210296588 5.10309 0.296586 0 13.284 0.00118002 -7.98461e-05  0 0 2
1386491608.325061577 5.1032 0.296683 0 13.288 0.000985011 0.000846215  0 0.00060798 2
1386491608.391211508 5.10318 0.296706 0 13.288 -0.000345072 0.00034536  0 0 2
1386491608.535714223 5.10338 0.296672 0 13.287 0.00142124 -0.000237434  0 -0.000121637 2
1386491608.596558055 5.10351 0.296724 0 13.285 0.00201855 0.000858915  0 -0.000573393 2
