1388038377.396561973 0 0 0 20.534 0 0  0 0.0518619 2
1388038377.496650332 0 0 0 20.542 0 0  0 0.00139493 2
1388038377.596712286 0 0 0 20.552 0 0  0 0.00174429 2
1388038377.696679678 0 0 0 20.553 0 0  0 0.000174494 2
1388038377.996660282 0 0 0 20.554 0 0  0 5.82604e-05 2
1388038378.096585208 0 0 0 20.586 0 0  0 0.00558918 2
1388038378.196565313 0 0 0 20.593 0 0  0 0.00122197 2
1388038378.296564413 0 0 0 20.599 0 0  0 0.0010473 2
1388038378.396596755 0 0 0 20.599 0 0  0 0 2
1388038378.496604305 0 0 0 20.608 0 0  0 0.00157048 2
1388038378.596573024 0 0 0 20.609 0 0  0 0.000174492 2
1388038378.696640775 0 0 0 20.62 0 0  0 0.00191884 2
1388038378.796598460 0 0 0 20.621 0 0  0 0.000174511 2
1388038378.896588270 0 0 0 20.628 0 0  0 0.00122185 2
1388038378.996609439 0 0 0 20.641 0 0  0 0.00226853 2
1388038379.096687876 0 0 0 20.649 0 0  0 0.00139507 2
1388038379.196578584 0 0 0 20.656 0 0  0 0.00122306 2
1388038379.296630692 0 0 0 20.66 0 0  0 0.000697718 2
1388038379.396637957 0 0 0 20.671 0 0  0 0.00191967 2
1388038379.496558279 0 0 0 20.68 0 0  0 0.00157218 2
1388038379.596695174 0 0 0 20.685 0 0  0 0.000871325 2
1388038379.696586720 0 0 0 20.692 0 0  0 0.00122305 2
1388038379.796592941 0 0 0 20.706 0 0  0 0.0024433 2
1388038379.896582054 0 0 0 20.713 0 0  0 0.00122186 2
1388038379.996594423 0 0 0 20.72 0 0  0 0.00122157 2
1388038380.096567610 0 0 0 20.729 0 0  0 0.00157135 2
1388038380.196595203 0 0 0 20.732 0 0  0 0.0005235 2
1388038380.296670775 0 0 0 20.739 0 0  0 0.0012208 2
1388038380.396968100 0 0 0 20.745 0 0  0 0.00104418 2
1388038380.496681406 0 0 0 20.753 0 0  0 0.00140018 2
1388038380.596590833 0 0 0 20.761 0 0  0 0.00139743 2
1388038380.696566256 0 0 0 20.766 0 0  0 0.000873066 2
1388038380.796679055 0 0 0 20.769 0 0  0 0.000522722 2
1388038380.896669073 0 0 0 20.775 0 0  0 0.00104739 2
1388038380.996651414 0 0 0 20.784 0 0  0 0.00157121 2
1388038381.096610284 0 0 0 20.789 0 0  0 0.000872877 2
1388038381.196690260 0 0 0 20.797 0 0  0 0.00139538 2
1388038381.296567903 0 0 0 20.798 0 0  0 0.000174651 2
1388038381.396671134 0 0 0 20.813 0 0  0 0.00261519 2
1388038381.496566730 0 0 0 20.814 0 0  0 0.000174619 2
1388038381.596670240 0 0 0 20.826 0 0  0 0.00209241 2
1388038381.696642874 0 0 0 20.827 0 0  0 0.000174485 2
1388038381.796586098 0 0 0 20.837 0 0  0 0.00174636 2
1388038381.896592531 0 0 0 20.841 0 0  0 0.000698036 2
1388038381.996640864 0 0 0 20.843 0 0  0 0.000349038 2
1388038382.096685431 0 0 0 20.85 0 0  0 0.00122118 2
1388038382.196700878 0 0 0 20.86 0 0  0 0.0017451 2
1388038382.296712057 0 0 0 20.863 0 0  0 0.000523586 2
1388038382.396752500 0 0 0 20.873 0 0  0 0.00174433 2
1388038382.496587754 0 0 0 20.883 0 0  0 0.00174825 2
1388038382.596840789 0 0 0 20.887 0 0  0 0.000696319 2
1388038382.696666896 0 0 0 20.9 0 0  0 0.00227297 2
1388038382.796690090 0 0 0 20.904 0 0  0 0.000697919 2
1388038382.896569972 0 0 0 20.918 0 0  0 0.00244639 2
1388038382.996598892 0 0 0 20.92 0 0  0 0.000349106 2
1388038383.096567749 0 0 0 20.925 0 0  0 0.00087279 2
1388038383.196608755 0 0 0 20.932 0 0  0 0.00122122 2
1388038383.296570554 0 0 0 20.938 0 0  0 0.00104769 2
1388038383.396611163 0 0 0 20.941 0 0  0 0.000523431 2
1388038383.496724434 0 0 0 20.953 0 0  0 0.00209187 2
1388038383.596608383 0 0 0 20.955 0 0  0 0.000349613 2
1388038383.696574494 0 0 0 20.968 0 0  0 0.00226978 2
1388038383.796599139 0 0 0 20.972 0 0  0 0.000697909 2
1388038383.896568926 0 0 0 20.982 0 0  0 0.0017459 2
1388038383.996610854 0 0 0 20.986 0 0  0 0.000697789 2
1388038384.096611121 0 0 0 20.992 0 0  0 0.00104729 2
1388038384.196679921 0 0 0 21.001 0 0  0 0.00156952 2
1388038384.296593596 0 0 0 21.01 0 0  0 0.00157229 2
1388038384.396610025 0 0 0 21.014 0 0  0 0.000697966 2
1388038384.496596967 0 0 0 21.021 0 0  0 0.00122188 2
1388038384.596661583 0 0 0 21.029 0 0  0 0.00139526 2
1388038384.696684692 0 0 0 21.04 0 0  0 0.0019197 2
1388038384.796594829 0 0 0 21.047 0 0  0 0.00122282 2
1388038384.896674657 0 0 0 21.052 0 0  0 0.000871822 2
1388038384.996668385 0 0 0 21.056 0 0  0 0.000698125 2
1388038385.096568096 0 0 0 21.065 0 0  0 0.00157251 2
1388038385.196700384 0 0 0 21.074 0 0  0 0.00156852 2
1388038385.296716246 0 0 0 21.083 0 0  0 0.00157068 2
1388038385.396572797 0 0 0 21.092 0 0  0 0.00157286 2
1388038385.496570431 0 0 0 21.1 0 0  0 0.00139653 2
1388038385.596675958 0 0 0 21.103 0 0  0 0.000523092 2
1388038385.696627991 0 0 0 21.105 0 0  0 0.000349042 2
1388038385.796593991 0 0 0 21.122 0 0  0 0.0029681 2
1388038385.896615296 0 0 0 21.13 0 0  0 0.00139586 2
1388038385.996682075 0 0 0 21.135 0 0  0 0.000872269 2
1388038386.296578869 -0.00511156 -0.0163082 0.261 21.158 -0.0170444 -0.0543795  0.870299 0.00133859 7
1388038386.396574261 -0.00721108 -0.0229095 0.407 21.171 -0.0209962 -0.0660159  1.46007 0.00226878 7
1388038386.496531527 -0.00945712 -0.0305847 0.591 21.198 -0.02247 -0.0767849  1.84079 0.00471448 7
1388038386.596587691 -0.0120047 -0.0394457 0.79 21.125 -0.0254611 -0.0885597  1.98888 -0.0127337 7
1388038386.696636100 -0.0146732 -0.0489256 0.946 21.209 -0.0266724 -0.0947531  1.55925 0.0146536 7
1388038386.896700575 -0.0204924 -0.0698646 1.287 21.197 -0.0290868 -0.104662  1.70445 -0.00104678 7
1388038386.996599232 -0.0235318 -0.080571 1.391 21.184 -0.0304243 -0.107172  1.04106 -0.00227132 7
1388038388.696628759 -0.0815263 -0.268045 0.688 21.304 -0.0341139 -0.110277  -0.413522 0.00123198 7
1388038388.796596515 -0.0746517 -0.244872 -0.02 21.785 0.0687685 0.231805  -7.08228 0.0839772 7
1388038389.196571315 -0.126598 -0.265131 0.15 12.99 -0.129875 -0.0506509  0.425027 -0.383778 7
1388038390.896753863 -0.0740943 -0.286195 0.972 11.397 0.0308814 -0.0123889  0.483477 -0.016353 7
1388038390.996674534 -0.0685974 -0.292094 0.972 11.918 0.0550127 -0.0590412  0 0.0910038 7
1388038391.196602959 -0.0573078 -0.303765 0.972 11.913 0.0564681 -0.0583761  0 -0.000436499 7
1388038391.296699540 -0.0516847 -0.309123 0.97 12.165 0.0561764 -0.0535251  -0.0199807 0.0439398 7
1388038391.596683925 -0.0331529 -0.314624 0.97 11.839 0.0617759 -0.0183362  0 -0.0189669 7
1388038395.896555374 0.0763302 -0.0407367 0.984 12.15 0.0254619 0.0636965  0 0.00126236 4
1388038396.396608557 10.3964 -0.00580559 0.975 -179.746 -0.0135601 -0.0591227  -0.0179981 -6.69772 4
1388038396.596636161 10.3924 -0.015231 0.968 -179.34 -0.0201082 -0.0471207  -0.0349952 0.0354253 4
1388038396.696879704 10.3913 -0.0210511 0.969 -179.176 -0.0112613 -0.0580592  0 0.0285538 4
1388038396.796664606 10.3878 -0.02552 0.973 -178.944 -0.0352614 -0.0447857  0.0400862 0.040579 4
1388038400.896794718 10.4933 0.175244 0.941 -178.527 0.0257317 0.0489653  0 0.00177507 4
1388038400.996982110 10.491 0.176024 1.002 -179.736 -0.0229224 0  0.608859 -0.210616 4
1388038401.196677339 10.4831 0.175846 1.009 179.97 -0.0393949 0  0.0350534 31.4382 4
1388038401.296706744 10.4788 0.178892 1.002 -179.96 -0.042601 0.0304493  -0.0699794 -62.8012 4
1388038401.396611001 10.4754 0.179386 1.002 -179.969 -0.0343102 0  0 -0.00157227 4
1388038401.496822142 10.4724 0.178112 0.999 179.98 -0.0295848 -0.0127117  -0.0299368 62.6906 4
1388038401.596778005 10.4708 0.17402 0.996 179.715 -0.016872 -0.0409359  -0.0300132 -0.0462717 4
1388038401.696711454 10.4698 0.165305 0.99 179.406 0 -0.0872096  -0.06004 -0.0539666 4
1388038401.796776831 10.4709 0.15322 0.99 179.074 0.0112359 -0.120768  0 -0.057907 4
1388038401.896750583 10.475 0.138911 0.976 178.499 0.0409455 -0.143131  -0.140037 -0.100383 4
1388038401.996643871 10.4811 0.124395 0.964 178.099 0.0607948 -0.145317  -0.120128 -0.0698878 4
1388038402.096644020 10.4907 0.111218 0.953 177.642 0.0955924 -0.131768  -0.11 -0.0797614 4
1388038402.196665255 10.4979 0.102361 0.948 177.283 0.0721131 -0.088552  -0.0499894 -0.0626441 4
1388038402.296641027 10.506 0.096911 0.947 177.004 0.0813359 -0.0545136  -0.0100024 -0.0487064 4
1388038402.396834700 10.514 0.0913691 0.948 176.855 0.0801582 -0.055312  0 -0.0259552 4
1388038402.496652565 10.5183 0.086075 0.948 176.583 0.0426352 -0.0530372  0 -0.0475596 4
1388038402.596641815 10.5216 0.0805454 0.953 176.427 0.0327367 -0.0553024  0.0500054 -0.0272301 4
1388038402.696835217 10.5238 0.0768835 0.952 176.405 0.0223618 -0.0365487  0 -0.0038322 4
1388038402.896710348 10.5273 0.071181 0.952 176.393 0.0176356 -0.0285302  0 -0.00104786 4
1388038402.996622985 10.5255 0.0695056 0.964 176.365 -0.0179634 -0.0167683  0.120105 -0.00489117 4
1388038403.096654218 10.5224 0.0700313 0.975 176.505 -0.0313789 0  0.109966 0.0244269 4
1388038403.196837907 10.5199 0.0694189 0.975 176.524 -0.0251254 0  0 0.00331005 4
1388038403.396840359 10.5144 0.0688898 0.976 176.554 -0.0275937 0  0 0.00261802 4
1388038403.496715631 10.5162 0.0684069 0.974 176.757 0.0180053 0  -0.020025 0.0354743 4
1388038403.596674571 10.5176 0.0677927 0.974 176.758 0.014088 0  0 0.000174675 4
1388038403.696830958 10.5206 0.066767 0.973 176.876 0.0300251 -0.010241  0 0.0205627 4
1388038403.796775788 10.5231 0.0663951 0.967 177.02 0.0248304 0  -0.0600331 0.0251466 4
1388038403.896840330 10.5224 0.0668839 0.965 177.207 0 0  -0.0199871 0.0326167 4
1388038403.996886217 10.5229 0.0689337 0.968 177.34 0 0.0204888  0.0299862 0.0232021 4
1388038404.096689410 10.5229 0.0726905 0.969 177.474 0 0.0376422  0.0100197 0.0234335 4
1388038404.196766247 10.5239 0.0791068 0.976 177.678 0 0.0641143  0.0699463 0.0355775 4
1388038404.296848243 10.5245 0.085806 0.975 177.749 0 0.0669366  0 0.0123817 4
1388038404.496842251 10.5237 0.10212 0.981 178.041 0 0.0815703  0.0300009 0.0254826 4
1388038404.596687422 10.5219 0.111081 0.989 178.317 -0.0171 0.0897563  0.0801241 0.0482458 4
1388038404.696759154 10.5184 0.125831 0.995 178.526 -0.0356544 0.147387  0.059957 0.0364512 4
1388038404.896845910 10.5112 0.154624 0.995 178.538 -0.0359053 0.143904  0 0.00104675 4
1388038404.996694294 10.507 0.165832 0.996 179.211 -0.0423349 0.112255  0.0100152 0.117639 4
1388038405.096607700 10.5004 0.179875 0.999 179.497 -0.0654521 0.140549  0.030026 0.0499597 4
1388038405.496679177 10.4815 0.21079 0.982 179.966 -0.047276 0.0772723  -0.0424924 0.0204603 4
1388038405.596958200 10.4776 0.218032 0.983 -179.985 -0.0386544 0.0722265  0 -62.6485 4
1388038406.296644868 10.4974 0.208116 0.981 -178.154 0.0282485 -0.0141721  0 0.0456733 4
1388038406.396660169 10.4999 0.206663 0.971 -177.953 0.0247847 -0.0145286  -0.0999847 0.0350756 4
1388038406.496671212 10.5016 0.205432 0.963 -177.81 0.0169172 -0.0123146  -0.0799912 0.0249556 4
1388038406.596870687 10.5034 0.20489 0.976 -177.8 0.018044 0  0.129741 0.00174189 4
1388038406.696640915 10.5062 0.203778 0.963 -177.81 0.028418 -0.0111457  -0.130299 -0.00174939 4
1388038406.796764472 10.508 0.204038 0.957 -177.858 0.0174432 0  -0.059926 -0.0083673 4
1388038406.896607125 10.5099 0.204869 0.953 -177.87 0.0194219 0  -0.040063 -0.00209771 4
1388038406.996706592 10.5118 0.204407 0.952 -177.915 0.019335 0  0 -0.00784619 4
1388038407.096849979 10.5141 0.20479 0.951 -177.953 0.0227584 0  0 -0.00662277 4
1388038407.196686068 10.5161 0.203102 0.95 -178.01 0.0194815 -0.0169109  -0.0100164 -0.00996457 4
1388038407.296773237 10.5163 0.203353 0.949 -178.096 0 0  0 -0.0149968 4
1388038407.396684333 10.5193 0.204225 0.95 -178.121 0.0300972 0  0.0100089 -0.00436714 4
1388038407.499465147 10.5216 0.205241 0.953 -178.268 0.0227193 0  0.0291883 -0.0249622 4
1388038407.596747977 10.5236 0.207841 0.954 -178.269 0.0202976 0.026725  0.0102793 -0.00017948 4
1388038407.696722976 10.5273 0.208207 0.961 -178.396 0.0368213 0  0.0700175 -0.0221712 4
1388038407.796835568 10.5307 0.207571 0.969 -178.48 0.0337027 0  0.07991 -0.0146442 4
1388038408.296696065 10.5426 0.195422 0.993 -178.927 0.0238104 -0.0243054  0.0480134 -0.0156076 4
1388038408.396668345 10.5467 0.193441 0.996 -179.026 0.0419319 -0.0198112  0.0300083 -0.0172835 4
1388038408.496813268 10.5502 0.190753 0.997 -179.135 0.0344654 -0.0268443  0 -0.0189964 4
1388038412.796984405 10.4977 0.424567 0.966 -179.287 -0.0122085 0.0543731  0 -0.000616931 4
1388038413.096861291 10.497 0.451295 0.952 -178.883 0 0.0891295  -0.0466858 0.0235134 4
1388038416.096649742 10.5175 0.525307 0.977 -179.354 0 0.0246724  0 -0.00274036 4
1388038416.196717359 10.5184 0.527626 0.974 -179.329 0 0.0231737  -0.0299797 0.00436047 4
1388038416.496720382 10.5222 0.534843 0.975 -179.179 0.0127582 0.0240585  0 0.00872654 4
1388038416.596811891 10.521 0.537186 0.977 -178.649 -0.011862 0.0234042  0.0199817 0.092418 4
1388038440.996823636 9.78166 -1.64872 0.916 175.622 -0.0303018 -0.0895861  0 0.25341 9
1388038441.096918145 9.77975 -1.65332 0.412 171.804 -0.019117 -0.0459704  -5.03524 -0.665737 9
1388038441.196604355 9.77921 -1.65573 0.243 171.076 0 -0.024249  -1.69532 -0.12746 9
1388038441.296777569 9.77923 -1.65746 0.159 170.748 0 -0.017259  -0.838548 -0.0571478 9
1388038441.396809144 9.77941 -1.65914 0.151 170.74 0 -0.016758  -0.0799747 -0.0013958 9
1388038441.596712499 9.79972 -1.65424 -0.046 170.356 0.10159 0.0245226  -0.985476 -0.0335265 9
1388038441.796703293 9.85211 -1.65914 -0.13 170.225 0.261964 -0.0245245  -0.420019 -0.0114324 9
1388038441.896651270 9.85211 -1.65914 0 170.684 0 0  1.30068 0.0801523 2
1388038441.996821757 9.85211 -1.65914 0 171.258 0 0  0 0.100011 2
1388038442.096840621 9.85211 -1.65914 0 171.278 0 0  0 0.00349 2
1388038442.196837484 9.85211 -1.65914 0 171.285 0 0  0 0.00122176 2
1388038442.296660794 9.85211 -1.65914 0 171.29 0 0  0 0.000874229 2
1388038442.396733088 9.85211 -1.65914 0 171.291 0 0  0 0.000174394 2
1388038442.496680853 9.85211 -1.65914 0 171.296 0 0  0 0.000873141 2
1388038442.596614371 9.85211 -1.65914 0 171.315 0 0  0 0.0033183 2
1388038442.696766003 9.85211 -1.65914 0 171.321 0 0  0 0.00104562 2
1388038442.796629819 9.85211 -1.65914 0 171.332 0 0  0 0.00192251 2
1388038442.896847584 9.85211 -1.65914 0 171.335 0 0  0 0.000522423 2
1388038442.996787810 9.85211 -1.65914 0 171.344 0 0  0 0.00157175 2
1388038443.096836644 9.85211 -1.65914 0 171.349 0 0  0 0.000872259 2
1388038443.196812198 9.85211 -1.65914 0 171.352 0 0  0 0.00052373 2
1388038443.296712465 9.85211 -1.65914 0 171.366 0 0  0 0.00244589 2
1388038443.396610798 9.85211 -1.65914 0 171.377 0 0  0 0.0019218 2
1388038443.496628678 9.85211 -1.65914 0 171.382 0 0  0 0.000872529 2
1388038443.596677505 9.85211 -1.65914 0 171.39 0 0  0 0.00139556 2
1388038443.696918047 9.85211 -1.65914 0 171.396 0 0  0 0.00104469 2
