1388532922.823784085 -0.386756 0.907402 1.293 172.059 -0.0666499 0.156373  0.222823 0.517508 7
1388532922.923774624 -0.396236 0.915572 1.286 172.147 -0.0948124 0.081715  -0.0700066 0.0153599 7
1388532923.023775424 -0.409886 0.916761 1.263 172.197 -0.136496 0.011888  -0.229998 0.00872711 7
1388532923.123767012 -0.411031 0.917613 1.239 172.247 -0.0114476 0  -0.24002 0.00872525 7
1388532923.223775393 -0.407142 0.91682 1.214 172.257 0.0388818 0  -0.249979 0.00174689 7
1388532923.323771516 -0.404744 0.928458 1.197 172.31 0.0239847 0.116387  -0.170007 0.00924952 7
1388532923.423779037 -0.398503 0.934807 1.182 172.322 0.0623974 0.0634873  -0.149989 0.00209575 7
1388532923.523781130 -0.392096 0.937477 1.176 172.314 0.0640735 0.0266975  -0.0599987 -0.00139813 7
1388532923.623773492 -0.385322 0.936821 1.176 172.305 0.0677483 0  0 -0.00157139 7
1388532923.723770946 -0.377555 0.935786 1.181 172.27 0.077664 -0.0103493  0.0500013 -0.00610678 7
1388532923.823769906 -0.371626 0.933962 1.189 172.184 0.0592972 -0.0182437  0.0800008 -0.0150097 7
1388532923.923771469 -0.367478 0.933329 1.199 172.17 0.0414766 0  0.0999984 -0.00244474 7
1388532924.023779994 -0.364719 0.931843 1.208 172.137 0.0275932 -0.0148618  0.0899923 -0.00575993 7
1388532924.123785713 -0.364394 0.929626 1.218 172.086 0 -0.0221603  0.0999943 -0.00889978 7
1388532924.223782143 -0.365574 0.927137 1.219 172.05 -0.0117984 -0.0248943  0.0100004 -0.00628262 7
1388532924.323771096 -0.369774 0.924759 1.224 172.092 -0.0420073 -0.0237842  0.0500055 0.00732983 7
1388532924.423773022 -0.372939 0.922553 1.229 172.091 -0.0316419 -0.0220632  0.049999 -0.000173102 7
1388532924.523777138 -0.376998 0.920295 1.229 172.147 -0.0405913 -0.0225745  0 0.0097734 4
1388532924.623814485 -0.379467 0.920253 1.227 172.184 -0.0246795 0  -0.0199925 0.00645575 4
1388532924.723770548 -0.381833 0.920602 1.225 172.143 -0.0236735 0  -0.0200088 -0.00715906 4
1388532924.823766726 -0.382399 0.920739 1.223 172.132 0 0  -0.0200008 -0.00192021 4
1388532924.923772850 -0.384785 0.922569 1.22 172.162 -0.0238615 0.0182986  -0.0299982 0.00523545 4
1388532925.023778263 -0.387341 0.923237 1.215 172.161 -0.025555 0  -0.0499973 -0.000175759 4
1388532925.123776692 -0.388749 0.923283 1.213 172.157 -0.0140816 0  -0.0200003 -0.000697759 4
1388532925.223776595 -0.389205 0.922185 1.209 172.145 0 -0.0109826  -0.04 -0.00209325 4
1388532925.323811472 -0.389849 0.923264 1.207 172.127 0 0.0107887  -0.019993 -0.00314143 4
1388532925.423791778 -0.391898 0.924759 1.206 172.106 -0.0204963 0.01495  -0.010002 -0.00366523 4
1388532925.523778728 -0.392585 0.924564 1.203 172.047 0 0  -0.0300039 -0.0102998 4
1388532925.623773027 -0.39266 0.926172 1.198 172.112 0 0.0160875  -0.0500029 0.0113457 4
1388532925.723765083 -0.39287 0.926186 1.196 172.099 0 0  -0.0200016 -0.00226919 4
1388532925.823779135 -0.394023 0.923067 1.193 172.156 -0.0115264 -0.0311829  -0.0299958 0.00994817 4
1388532925.923787197 -0.395844 0.923017 1.193 172.181 -0.0182167 0  0 0.00436191 4
1388532926.023780749 -0.397711 0.922111 1.191 172.235 -0.0186658 0  -0.0200013 0.00942553 4
1388532926.123771417 -0.399035 0.923079 1.194 172.239 -0.0132419 0  0.0300028 0.000697813 4
1388532926.223767479 -0.399093 0.922561 1.195 172.261 0 0  0.0100004 0.00384043 4
1388532926.323777659 -0.399195 0.923107 1.198 172.25 0 0  0.0299969 -0.00191994 4
1388532926.423778616 -0.399374 0.923764 1.198 172.184 0 0  0 -0.0115181 4
1388532926.523785397 -0.397636 0.923668 1.203 172.215 0.0173842 0  0.0499966 0.00540851 4
1388532926.623780260 -0.396182 0.921381 1.205 172.123 0.0145366 -0.0228646  0.020001 -0.016057 4
1388532926.723778078 -0.398105 0.92197 1.209 172.188 -0.0192262 0  0.0400009 0.0113453 4
1388532926.823770500 -0.397689 0.918346 1.21 172.14 0 -0.0362512  0.0100008 -0.00837894 4
1388532926.923777039 -0.39809 0.915079 1.209 172.111 0 -0.0326612  0 -0.00506234 4
1388532927.023768171 -0.398779 0.914573 1.21 172.07 0 0  0.0100009 -0.00715389 4
1388532927.123777131 -0.39952 0.913665 1.219 171.984 0 0  0.0899919 -0.0150109 4
1388532927.223774772 -0.400556 0.91394 1.221 171.987 -0.0103674 0  0.0200005 0.000524655 4
1388532927.323768172 -0.402707 0.9141 1.225 172.013 -0.0215106 0  0.0400026 0.00453833 4
1388532927.423775328 -0.406013 0.91474 1.229 172.049 -0.0330517 0  0.0399971 0.00628195 4
1388532927.523780879 -0.40837 0.912181 1.231 172.106 -0.0235714 -0.0255875  0.0199989 0.00994902 4
1388532927.623774273 -0.408204 0.911294 1.234 172.083 0 0  0.030002 -0.00401631 4
1388532927.723788697 -0.408535 0.911781 1.235 172.035 0 0  0 -0.00837443 4
1388532927.823781215 -0.407363 0.911802 1.235 171.943 0.0117234 0  0 -0.0160601 4
1388532927.923778761 -0.409464 0.912652 1.237 171.836 -0.0210107 0  0.0200005 -0.0186745 4
1388532928.023770307 -0.410479 0.913521 1.237 171.861 -0.0101475 0  0 0.00436263 4
1388532928.123777983 -0.412582 0.911025 1.239 171.798 -0.0210302 -0.0249518  0.0199985 -0.0109927 4
1388532928.223777451 -0.416503 0.90647 1.237 171.724 -0.0392134 -0.0455584  -0.0200001 -0.0129164 4
1388532928.323784671 -0.418636 0.90261 1.237 171.697 -0.021329 -0.0385951  0 -0.00471079 4
1388532928.423784115 -0.419664 0.900579 1.239 171.616 -0.0102744 -0.0203056  0.0200001 -0.0141388 4
1388532928.523770809 -0.418727 0.89739 1.236 171.568 0 -0.0318989  -0.030004 -0.00837942 4
1388532928.623778620 -0.416547 0.898421 1.242 171.536 0.021794 0.0103105  0.0599953 -0.00558421 4
1388532928.723776947 -0.414708 0.900961 1.242 171.511 0.0183913 0.0254063  0 -0.00436233 4
1388532928.823777615 -0.414064 0.901347 1.238 171.608 0 0  -0.0399997 0.0169296 4
1388532928.923774412 -0.413826 0.903154 1.246 171.562 0 0.0180641  0.0800026 -0.00802969 4
1388532929.023772542 -0.414044 0.903062 1.247 171.573 0 0  0.0100002 0.00192018 4
1388532929.123788282 -0.41397 0.903235 1.254 171.625 0 0  0.069989 0.00907462 4
1388532929.223778696 -0.414134 0.905999 1.254 171.672 0 0.0276461  0 0.00820332 4
1388532929.323777120 -0.41529 0.906168 1.257 171.762 -0.0115577 0  0.0300005 0.0157076 4
1388532929.423776772 -0.416172 0.906326 1.255 171.839 0 0  -0.0200001 0.013441 4
1388532929.523779451 -0.418322 0.906241 1.249 171.903 -0.0214979 0  -0.0599984 0.011169 4
1388532929.623779381 -0.419658 0.903178 1.245 172.016 -0.0133585 -0.0306277  -0.04 0.0197234 4
1388532929.723770829 -0.419987 0.902866 1.251 172.066 0 0  0.0600051 0.00872526 4
1388532929.823772645 -0.419388 0.904076 1.252 172.104 0 0.0121038  0 0.00663381 4
1388532929.923779141 -0.419597 0.905194 1.249 172.195 0 0.011183  -0.0299981 0.0158821 4
1388532930.023770203 -0.419591 0.90427 1.247 172.285 0 0  -0.0200018 0.0157087 4
1388532930.123764295 -0.419442 0.903284 1.249 172.325 0 0  0.0200012 0.00698056 4
1388532930.223768976 -0.417486 0.904645 1.245 172.382 0.019554 0.0136171  -0.0399981 0.0099491 4
1388532930.323772271 -0.416567 0.903238 1.244 172.337 0 -0.01407  0 -0.0078534 4
1388532930.423780348 -0.416542 0.905131 1.244 172.359 0 0.0189243  0 0.00383731 4
1388532930.523786471 -0.416068 0.90698 1.242 172.295 0 0.0184853  -0.0199988 -0.0111686 4
1388532930.623778631 -0.414837 0.91018 1.246 172.259 0.0123053 0.0320089  0.0400031 -0.00628289 4
1388532930.723771782 -0.414426 0.914476 1.244 172.26 0 0.0429571  -0.0200014 0.000173117 4
1388532930.823775063 -0.415152 0.91624 1.242 172.298 0 0.0176394  -0.0199993 0.00663372 4
1388532930.923793495 -0.416357 0.918626 1.243 172.261 -0.012049 0.0238641  0 -0.00645698 4
1388532931.023794994 -0.415672 0.918769 1.241 172.225 0 0  -0.0199997 -0.0062823 4
1388532931.123781375 -0.413374 0.9208 1.238 172.178 0.0229826 0.0203138  -0.0300041 -0.00820632 4
1388532931.223764355 -0.411362 0.922466 1.239 172.174 0.0201277 0.0166577  0.0100017 -0.000697867 4
1388532931.323777634 -0.410614 0.923711 1.237 172.106 0 0.0124512  -0.0199973 -0.0118655 4
1388532931.423770706 -0.411955 0.923989 1.229 172.013 -0.0134171 0  -0.0800055 -0.0162331 4
1388532931.523777676 -0.412245 0.924138 1.234 171.981 0 0  0.0499965 -0.00558426 4
1388532931.623772313 -0.413666 0.923887 1.232 171.964 -0.0142072 0  -0.0200011 -0.00296692 4
1388532931.723772430 -0.414113 0.921691 1.227 171.959 0 -0.0219555  -0.0499999 -0.000873516 3
1388532931.823793611 -0.414388 0.921132 1.222 171.962 0 0  -0.0499894 0.000524532 3
1388532931.923777624 -0.415827 0.920913 1.206 171.997 -0.0143959 0  -0.160026 0.0061076 4
1388532932.023812984 -0.418632 0.918147 1.185 171.932 -0.0280414 -0.0276554  -0.209926 -0.0113384 4
1388532932.123764891 -0.42158 0.910025 1.171 172.001 -0.0294906 -0.0812511  -0.140067 0.0120486 4
1388532932.223774115 -0.420816 0.908993 1.159 171.983 0 -0.0103183  -0.119989 -0.00314224 4
1388532932.323778242 -0.419561 0.91108 1.154 171.974 0.0125419 0.0208664  -0.0499979 -0.0015712 9
1388532932.423776325 -0.417192 0.909676 1.1 172.092 0.0236954 -0.0140402  -0.54001 0.0205946 9
1388532932.523778027 -0.414378 0.905146 1.039 172.117 0.028139 -0.0453034  -0.60999 0.00436485 9
1388532932.623776584 -0.412075 0.902811 0.983 172.131 0.0230264 -0.0233468  -0.560008 0.00244215 9
1388532932.723778816 -0.408209 0.90483 0.921 172.208 0.0386638 0.02019  -0.619986 0.013438 9
1388532932.823779794 -0.405462 0.909687 0.871 172.239 0.0274676 0.0485681  -0.499995 0.00541149 9
1388532932.923771902 -0.400903 0.915345 0.814 172.268 0.045598 0.0565875  -0.570045 0.00506307 9
1388532933.023779072 -0.394654 0.931549 0.739 172.272 0.0624864 0.162022  -0.749946 0.000697698 9
1388532933.123767012 -0.388812 0.949257 0.67 172.286 0.05842 0.177102  -0.690083 0.00244241 9
1388532933.223768304 -0.383375 0.966348 0.604 172.294 0.0543717 0.17091  -0.659991 0.00139814 9
1388532933.323772241 -0.378621 0.98203 0.541 172.254 0.0475424 0.15682  -0.629975 -0.00698253 9
1388532933.423765520 -0.376634 0.995802 0.472 172.256 0.0198652 0.137728  -0.690046 0.000348898 9
1388532933.523778539 -0.373481 1.01053 0.396 172.29 0.0315242 0.147224  -0.759901 0.00593275 9
1388532933.623768962 -0.369857 1.02562 0.324 172.377 0.0362456 0.150965  -0.720069 0.0151868 9
1388532933.723777684 -0.365715 1.03868 0.276 172.449 0.0414145 0.130592  -0.479958 0.0125664 9
1388532933.823777283 -0.359978 1.04886 0.204 172.601 0.0573756 0.10178  -0.720003 0.0265279 9
1388532933.923771402 -0.357049 1.05675 0.167 172.728 0.0292893 0.0789091  -0.370022 0.0221668 9
1388532934.023771222 -0.351108 1.07141 0.123 172.924 0.0594102 0.146564  -0.440001 0.0342084 9
1388532934.123779903 -0.353743 1.07732 0.079 173.125 -0.0263442 0.059156  -0.439962 0.0350788 9
1388532934.223775298 -0.353743 1.07732 0 173.112 0 0  -0.790036 -0.00226912 2
1388532934.323776311 -0.353743 1.07732 0 173.123 0 0  0 0.00192012 2
1388532934.423778034 -0.353743 1.07732 0 173.109 0 0  0 -0.00244474 2
1388532934.523777092 -0.353743 1.07732 0 173.101 0 0  0 -0.00139551 2
1388532934.623772071 -0.353743 1.07732 0 173.1 0 0  0 -0.000173114 2
1388532934.723779278 -0.353743 1.07732 0 173.098 0 0  0 -0.000348849 2
1388532934.823775872 -0.353743 1.07732 0 173.096 0 0  0 -0.000351549 2
1388532934.923781355 -0.353743 1.07732 0 173.09 0 0  0 -0.00104656 2
1388532935.023778221 -0.353743 1.07732 0 173.091 0 0  0 0.000175774 2
1388532935.123765520 -0.353743 1.07732 0 173.09 0 0  0 -0.000175791 2
1388532935.223777575 -0.353743 1.07732 0 173.087 0 0  0 -0.000521917 2
1388532935.323773114 -0.353743 1.07732 0 173.09 0 0  0 0.000522003 2
1388532935.423779451 -0.353743 1.07732 0 173.088 0 0  0 -0.000348852 2
1388532935.523773473 -0.353743 1.07732 0 173.087 0 0  0 -0.000173116 2
1388532935.623773117 -0.353743 1.07732 0 173.085 0 0  0 -0.000348875 2
1388532935.723776804 -0.353743 1.07732 0 173.084 0 0  0 -0.000175762 2
1388532935.823779505 -0.353743 1.07732 0 173.082 0 0  0 -0.000348865 2
1388532935.923774184 -0.353743 1.07732 0 173.083 0 0  0 0.000173115 2
1388532936.023778950 -0.353743 1.07732 0 173.082 0 0  0 -0.000173097 2
1388532936.123776435 -0.353743 1.07732 0 173.08 0 0  0 -0.000348883 2
1388532936.223776045 -0.353743 1.07732 0 173.082 0 0  0 0.000348875 2
1388532936.323770553 -0.353743 1.07732 0 173.081 0 0  0 -0.000175778 2
1388532936.423772762 -0.353743 1.07732 0 173.08 0 0  0 -0.000173102 2
1388532936.523776499 -0.353743 1.07732 0 173.079 0 0  0 -0.000175762 2
1388532936.623779560 -0.353743 1.07732 0 173.08 0 0  0 0.000175763 2
1388532936.723777114 -0.353743 1.07732 0 173.077 0 0  0 -0.000524656 2
1388532936.823777557 -0.353743 1.07732 0 173.071 0 0  0 -0.00104662 2
1388532936.923787615 -0.353743 1.07732 0 173.07 0 0  0 -0.000173088 2
1388532937.023779731 -0.353743 1.07732 0 173.071 0 0  0 0.000173119 2
1388532937.123776579 -0.353743 1.07732 0 173.07 0 0  0 -0.000173111 2
1388532937.223777346 -0.353743 1.07732 0 173.069 0 0  0 -0.000175767 2
1388532937.323777531 -0.353743 1.07732 0 173.069 0 0  0 0 2
1388532937.423772609 -0.353743 1.07732 0 173.069 0 0  0 0 2
1388532937.523778572 -0.353743 1.07732 0 173.069 0 0  0 0 2
1388532937.623777741 -0.353743 1.07732 0 173.069 0 0  0 0 2
1388532937.723777438 -0.353743 1.07732 0 173.068 0 0  0 -0.000175769 2
1388532937.823769548 -0.353743 1.07732 0 173.068 0 0  0 0 2
1388532937.923776843 -0.353743 1.07732 0 173.065 0 0  0 -0.000521941 2
1388532938.023778866 -0.353743 1.07732 0 173.063 0 0  0 -0.000348867 2
1388532938.123770965 -0.353743 1.07732 0 173.059 0 0  0 -0.000697803 2
1388532938.223785967 -0.353743 1.07732 0 173.058 0 0  0 -0.000175742 2
1388532938.323789413 -0.353743 1.07732 0 173.055 0 0  0 -0.000524625 2
1388532938.423780631 -0.353743 1.07732 0 173.058 0 0  0 0.000524689 2
1388532938.523780350 -0.353743 1.07732 0 173.059 0 0  0 0.000175769 2
1388532938.623777100 -0.353743 1.07732 0 173.054 0 0  0 -0.000873545 2
1388532938.723770613 -0.353743 1.07732 0 173.051 0 0  0 -0.000524677 2
1388532938.823778707 -0.353743 1.07732 0 173.049 0 0  0 -0.000348846 2
1388532938.923779679 -0.353743 1.07732 0 173.047 0 0  0 -0.000348871 2
1388532939.023773496 -0.353743 1.07732 0 173.043 0 0  0 -0.000697791 2
1388532939.123777199 -0.353743 1.07732 0 173.043 0 0  0 0 2
1388532939.223778742 -0.353743 1.07732 0 173.043 0 0  0 0 2
1388532939.323777820 -0.353743 1.07732 0 173.039 0 0  0 -0.000697755 2
1388532939.423772085 -0.353743 1.07732 0 173.038 0 0  0 -0.000175779 2
1388532939.523780801 -0.353743 1.07732 0 173.035 0 0  0 -0.000521934 2
1388532939.623771947 -0.353743 1.07732 0 173.034 0 0  0 -0.000175784 2
1388532939.723777850 -0.353743 1.07732 0 173.036 0 0  0 0.000348854 2
1388532939.823772550 -0.353743 1.07732 0 173.035 0 0  0 -0.000173115 2
1388532939.923771369 -0.353743 1.07732 0 173.034 0 0  0 -0.000175771 2
1388532940.023778779 -0.353743 1.07732 0 173.031 0 0  0 -0.000521941 2
1388532940.123778227 -0.353743 1.07732 0 173.031 0 0  0 0 2
1388532940.223780590 -0.353743 1.07732 0 173.03 0 0  0 -0.000175764 2
1388532940.323779283 -0.353743 1.07732 0 173.032 0 0  0 0.000348879 2
1388532940.423780816 -0.353743 1.07732 0 173.028 0 0  0 -0.000697738 2
1388532940.523769367 -0.353743 1.07732 0 173.027 0 0  0 -0.000175789 2
1388532940.623770260 -0.353743 1.07732 0 173.029 0 0  0 0.000351534 2
1388532940.723775214 -0.353743 1.07732 0 173.027 0 0  0 -0.00035152 2
1388532940.823788332 -0.353743 1.07732 0 173.026 0 0  0 -0.000173083 2
1388532940.923778529 -0.353743 1.07732 0 173.026 0 0  0 0 2
1388532941.023772850 -0.353743 1.07732 0 173.025 0 0  0 -0.000175779 2
1388532941.123777390 -0.353743 1.07732 0 173.025 0 0  0 0 2
1388532941.223773757 -0.353743 1.07732 0 173.023 0 0  0 -0.000348887 2
1388532941.323778462 -0.353743 1.07732 0 173.02 0 0  0 -0.000521955 2
1388532941.423779651 -0.353743 1.07732 0 173.019 0 0  0 -0.000175767 2
1388532941.523772440 -0.353743 1.07732 0 173.02 0 0  0 0.000175781 2
1388532941.623778701 -0.353743 1.07732 0 173.018 0 0  0 -0.000348852 2
1388532941.723779316 -0.353743 1.07732 0 173.019 0 0  0 0.000173104 2
1388532941.823776529 -0.353743 1.07732 0 173.014 0 0  0 -0.000870878 2
1388532941.923768688 -0.353743 1.07732 0 173.009 0 0  0 -0.000873585 2
1388532942.023767658 -0.353743 1.07732 0 173.003 0 0  0 -0.00104663 2
1388532942.123779531 -0.353743 1.07732 0 173.001 0 0  0 -0.000348833 2
1388532942.223776495 -0.353743 1.07732 0 173.001 0 0  0 0 2
1388532942.323770792 -0.353743 1.07732 0 173.001 0 0  0 0 2
1388532942.423780963 -0.353743 1.07732 0 172.998 0 0  0 -0.000524589 2
1388532942.523772847 -0.353743 1.07732 0 172.997 0 0  0 -0.000175783 2
1388532942.623777716 -0.353743 1.07732 0 172.997 0 0  0 0 2
1388532942.723770327 -0.353743 1.07732 0 172.996 0 0  0 -0.000173118 2
1388532942.823774039 -0.353743 1.07732 0 172.992 0 0  0 -0.000697722 2
1388532942.923771176 -0.353743 1.07732 0 172.988 0 0  0 -0.000697768 2
1388532943.023772059 -0.353743 1.07732 0 172.987 0 0  0 -0.000175767 2
1388532943.123776752 -0.353743 1.07732 0 172.982 0 0  0 -0.000873476 2
1388532943.223779297 -0.353743 1.07732 0 172.982 0 0  0 0 2
1388532943.323770693 -0.353743 1.07732 0 172.983 0 0  0 0.000175784 2
1388532943.423777062 -0.353743 1.07732 0 172.981 0 0  0 -0.000348852 2
1388532943.523777779 -0.353743 1.07732 0 172.979 0 0  0 -0.000348872 2
1388532943.623777118 -0.353743 1.07732 0 172.979 0 0  0 0 2
1388532943.723776919 -0.353743 1.07732 0 172.977 0 0  0 -0.000348875 2
1388532943.823777133 -0.353743 1.07732 0 172.978 0 0  0 0.000173105 2
1388532943.923778886 -0.353743 1.07732 0 172.977 0 0  0 -0.000173102 2
1388532944.023782841 -0.353743 1.07732 0 172.972 0 0  0 -0.000873482 2
1388532944.123780385 -0.353743 1.07732 0 172.968 0 0  0 -0.000697765 2
1388532944.223784319 -0.353743 1.07732 0 172.966 0 0  0 -0.00034886 2
1388532944.323782869 -0.353743 1.07732 0 172.968 0 0  0 0.000348879 2
1388532944.423780154 -0.353743 1.07732 0 172.966 0 0  0 -0.000348884 2
1388532944.523777892 -0.353743 1.07732 0 172.963 0 0  0 -0.000524655 2
1388532944.623770336 -0.353743 1.07732 0 172.96 0 0  0 -0.000522019 2
1388532944.723778550 -0.353743 1.07732 0 172.959 0 0  0 -0.000175754 2
1388532944.823778254 -0.353743 1.07732 0 172.96 0 0  0 0.000175769 2
1388532944.923770407 -0.353743 1.07732 0 172.958 0 0  0 -0.000351565 2
1388532945.023769805 -0.353743 1.07732 0 172.958 0 0  0 0 2
1388532945.123766596 -0.353743 1.07732 0 172.956 0 0  0 -0.000348885 2
1388532945.223771976 -0.353743 1.07732 0 172.954 0 0  0 -0.000348855 2
1388532945.323797228 -0.353743 1.07732 0 172.952 0 0  0 -0.000348786 2
1388532945.423773961 -0.353743 1.07732 0 172.95 0 0  0 -0.000348955 2
1388532945.523773984 -0.353743 1.07732 0 172.949 0 0  0 -0.000173105 2
1388532945.623763199 -0.353743 1.07732 0 172.948 0 0  0 -0.000175788 2
1388532945.723770429 -0.353743 1.07732 0 172.95 0 0  0 0.000348849 2
1388532945.823763276 -0.353743 1.07732 0 172.948 0 0  0 -0.000348899 2
1388532945.923746337 -0.353743 1.07732 0 172.948 0 0  0 0 2
1388532946.023771752 -0.353743 1.07732 0 172.946 0 0  0 -0.000348785 2
1388532946.123764927 -0.353743 1.07732 0 172.945 0 0  0 -0.000173117 2
1388532946.223771406 -0.353743 1.07732 0 172.945 0 0  0 0 2
1388532946.323771908 -0.353743 1.07732 0 172.944 0 0  0 -0.000175768 2
1388532946.423776063 -0.353743 1.07732 0 172.944 0 0  0 0 2
1388532946.523779085 -0.353743 1.07732 0 172.94 0 0  0 -0.000697727 2
1388532946.623787468 -0.353743 1.07732 0 172.94 0 0  0 0 2
1388532946.723779241 -0.353743 1.07732 0 172.938 0 0  0 -0.000348903 2
1388532946.823780070 -0.353743 1.07732 0 172.935 0 0  0 -0.000524638 2
1388532946.923778665 -0.353743 1.07732 0 172.935 0 0  0 0 2
1388532947.023771455 -0.353743 1.07732 0 172.934 0 0  0 -0.000173118 2
1388532947.123778090 -0.353743 1.07732 0 172.931 0 0  0 -0.000524608 2
1388532947.223778767 -0.353743 1.07732 0 172.929 0 0  0 -0.000348872 2
1388532947.323779194 -0.353743 1.07732 0 172.926 0 0  0 -0.00052464 2
1388532947.423778427 -0.353743 1.07732 0 172.925 0 0  0 -0.000173107 2
1388532947.523776961 -0.353743 1.07732 0 172.925 0 0  0 0 2
1388532947.623777223 -0.353743 1.07732 0 172.923 0 0  0 -0.000348873 2
1388532947.723773543 -0.353743 1.07732 0 172.922 0 0  0 -0.000175775 2
1388532947.823767359 -0.353743 1.07732 0 172.92 0 0  0 -0.000348896 2
1388532947.923772057 -0.353743 1.07732 0 172.92 0 0  0 0 2
1388532948.023765939 -0.353743 1.07732 0 172.916 0 0  0 -0.000697791 2
1388532948.123816866 -0.353743 1.07732 0 172.917 0 0  0 0.000175679 2
1388532948.223772638 -0.353743 1.07732 0 172.917 0 0  0 0 2
1388532948.323775238 -0.353743 1.07732 0 172.914 0 0  0 -0.000524629 2
1388532948.423780347 -0.353743 1.07732 0 172.913 0 0  0 -0.00017576 2
1388532948.523778427 -0.353743 1.07732 0 172.91 0 0  0 -0.00052199 2
1388532948.623774599 -0.353743 1.07732 0 172.909 0 0  0 -0.000175775 2
1388532948.723790327 -0.353743 1.07732 0 172.908 0 0  0 -0.000173078 2
1388532948.823781630 -0.353743 1.07732 0 172.909 0 0  0 0.000173121 2
1388532948.923778390 -0.353743 1.07732 0 172.908 0 0  0 -0.000173111 2
1388532949.023776853 -0.353743 1.07732 0 172.906 0 0  0 -0.000348879 2
1388532949.123765515 -0.353743 1.07732 0 172.905 0 0  0 -0.000175789 2
1388532949.223770132 -0.353743 1.07732 0 172.902 0 0  0 -0.000524619 2
1388532949.323777532 -0.353743 1.07732 0 172.901 0 0  0 -0.000173093 2
1388532949.423766723 -0.353743 1.07732 0 172.899 0 0  0 -0.000348912 2
1388532949.523777488 -0.353743 1.07732 0 172.897 0 0  0 -0.000348837 2
1388532949.623777550 -0.353743 1.07732 0 172.897 0 0  0 0 2
1388532949.723776834 -0.353743 1.07732 0 172.893 0 0  0 -0.000697753 2
1388532949.823772483 -0.353743 1.07732 0 172.891 0 0  0 -0.000348889 2
1388532949.923778926 -0.353743 1.07732 0 172.894 0 0  0 0.000521946 2
1388532950.023778778 -0.353743 1.07732 0 172.891 0 0  0 -0.00052198 2
1388532950.123771718 -0.353743 1.07732 0 172.889 0 0  0 -0.000348899 2
1388532950.223779847 -0.353743 1.07732 0 172.888 0 0  0 -0.000175754 2
1388532950.323773419 -0.353743 1.07732 0 172.89 0 0  0 0.000348897 2
1388532950.423781326 -0.353743 1.07732 0 172.891 0 0  0 0.000175755 2
1388532950.523781180 -0.353743 1.07732 0 172.889 0 0  0 -0.000348875 2
1388532950.623770301 -0.353743 1.07732 0 172.887 0 0  0 -0.000351576 2
1388532950.723781247 -0.353743 1.07732 0 172.884 0 0  0 -0.000521922 2
1388532950.823776331 -0.353743 1.07732 0 172.883 0 0  0 -0.000175777 2
1388532950.923778568 -0.353743 1.07732 0 172.883 0 0  0 0 2
1388532951.023778215 -0.353743 1.07732 0 172.884 0 0  0 0.000175769 2
1388532951.123770349 -0.353743 1.07732 0 172.885 0 0  0 0.000173119 2
1388532951.223769977 -0.353743 1.07732 0 172.883 0 0  0 -0.000348875 2
1388532951.323766384 -0.353743 1.07732 0 172.881 0 0  0 -0.000348887 2
1388532951.423777912 -0.353743 1.07732 0 172.882 0 0  0 0.000175748 2
1388532951.523777865 -0.353743 1.07732 0 172.885 0 0  0 0.00052198 2
1388532951.623791180 -0.353743 1.07732 0 172.881 0 0  0 -0.000697655 2
1388532951.723794631 -0.353743 1.07732 0 172.879 0 0  0 -0.000348862 2
