-0.136083 -0.26305 0.947 0.999996
-0.126887 -0.262727 0.947288 1.1
-0.111138 -0.261802 0.947668 1.2
-0.0898791 -0.260724 0.948106 1.3
-0.0639827 -0.259987 0.948577 1.4
-0.0342003 -0.260049 0.949066 1.5
-0.00119063 -0.261309 0.949561 1.6
0.0344617 -0.264103 0.950057 1.7
0.0722336 -0.268699 0.950548 1.8
0.111655 -0.275308 0.95103 1.9
0.152302 -0.284084 0.951502 2
0.193791 -0.295136 0.951963 2.1
0.235778 -0.308531 0.952412 2.2
0.27795 -0.324303 0.952849 2.3
0.320025 -0.342458 0.953273 2.4
0.361747 -0.362979 0.953685 2.5
0.402885 -0.385831 0.954084 2.6
0.443229 -0.410963 0.954472 2.7
0.482589 -0.438313 0.954848 2.8
0.520789 -0.467808 0.955212 2.9
0.557673 -0.499365 0.955566 3
0.561297 -0.510294 0.955628 3.1
0.56919 -0.525688 0.955709 3.2
0.580854 -0.544788 0.955797 3.3
0.595841 -0.566923 0.955886 3.4
0.613711 -0.591547 0.955969 3.5
0.634046 -0.618227 0.956045 3.6
0.656466 -0.646617 0.956109 3.7
0.680638 -0.676443 0.95616 3.8
0.706273 -0.707477 0.956197 3.9
0.733124 -0.739534 0.956218 4
0.760983 -0.772461 0.956224 4.1
0.789676 -0.806128 0.956215 4.2
0.819055 -0.840426 0.956189 4.3
0.849 -0.875265 0.956148 4.4
0.879407 -0.910568 0.956092 4.5
0.910193 -0.946268 0.95602 4.6
0.941287 -0.982309 0.955934 4.7
0.97263 -1.01865 0.955834 4.8
1.00417 -1.05524 0.955721 4.9
1.03588 -1.09205 0.955595 5
1.06771 -1.12905 0.955456 5.1
1.09965 -1.16621 0.955305 5.2
1.13166 -1.20352 0.955143 5.3
1.16374 -1.24096 0.954969 5.4
1.19586 -1.27851 0.954786 5.5
1.22801 -1.31615 0.954592 5.6
1.26018 -1.35388 0.954389 5.7
1.29237 -1.39168 0.954177 5.8
1.32457 -1.42955 0.953957 5.9
1.35677 -1.46748 0.953729 6
1.38897 -1.50546 0.953492 6.1
1.42116 -1.5435 0.953249 6.2
1.45335 -1.58157 0.952999 6.3
1.48552 -1.61968 0.952742 6.4
1.51769 -1.65783 0.952479 6.5
1.54984 -1.69601 0.95221 6.6
1.58198 -1.73422 0.951935 6.7
1.61411 -1.77245 0.951656 6.8
1.64622 -1.81071 0.951371 6.9
1.67831 -1.84899 0.951081 7
1.7104 -1.8873 0.950787 7.1
1.74247 -1.92562 0.950489 7.2
1.77452 -1.96396 0.950187 7.3
1.80656 -2.00232 0.949881 7.4
1.83859 -2.04069 0.949572 7.5
1.8706 -2.07908 0.949259 7.6
1.90261 -2.11748 0.948943 7.7
1.93459 -2.15589 0.948624 7.8
1.96657 -2.19432 0.948302 7.9
1.99854 -2.23276 0.947978 8
2.03049 -2.2712 0.94765 8.1
2.06244 -2.30966 0.947321 8.2
2.09437 -2.34813 0.946989 8.3
2.12629 -2.38661 0.946655 8.4
2.15821 -2.42509 0.946319 8.5
2.19011 -2.46359 0.945981 8.6
2.22201 -2.50209 0.945641 8.7
2.2539 -2.5406 0.9453 8.8
2.28578 -2.57912 0.944957 8.9
2.31765 -2.61764 0.944612 9
2.34952 -2.65617 0.944266 9.1
2.38137 -2.6947 0.943919 9.2
2.41322 -2.73324 0.94357 9.3
2.44507 -2.77179 0.94322 9.4
2.47691 -2.81034 0.942869 9.5
2.50874 -2.8489 0.942516 9.6
2.54057 -2.88746 0.942163 9.7
2.57239 -2.92603 0.941809 9.8
2.60421 -2.9646 0.941454 9.9
2.60731 -2.97609 0.941372 10
2.61446 -2.99233 0.941263 10.1
2.62539 -3.01234 0.941135 10.2
2.6399 -3.03524 0.940994 10.3
2.65779 -3.06025 0.940842 10.4
2.67883 -3.08672 0.940682 10.5
2.70284 -3.11409 0.940514 10.6
2.72961 -3.14187 0.94034 10.7
2.75895 -3.16966 0.940159 10.8
2.79069 -3.19709 0.939972 10.9
2.82464 -3.22387 0.939778 11
2.86064 -3.24972 0.939577 11.1
2.89853 -3.27443 0.93937 11.2
2.93816 -3.29778 0.939155 11.3
2.97938 -3.31961 0.938934 11.4
3.02204 -3.33976 0.938705 11.5
3.066 -3.3581 0.938469 11.6
3.11112 -3.37451 0.938226 11.7
3.15726 -3.3889 0.937976 11.8
3.20428 -3.40119 0.937719 11.9
3.25205 -3.41128 0.937454 12
3.30043 -3.41914 0.937183 12.1
3.34929 -3.4247 0.936904 12.2
3.39849 -3.42793 0.936619 12.3
3.4479 -3.42879 0.936327 12.4
3.49738 -3.42727 0.936029 12.5
3.54682 -3.42335 0.935724 12.6
3.59607 -3.41702 0.935412 12.7
3.64501 -3.4083 0.935094 12.8
3.65347 -3.40514 0.934676 12.9
3.66821 -3.39993 0.934127 13
3.68821 -3.39305 0.933497 13.1
3.71267 -3.38489 0.93282 13.2
3.7409 -3.37573 0.932118 13.3
3.7723 -3.36576 0.931406 13.4
3.80637 -3.35513 0.930693 13.5
3.84269 -3.34397 0.929984 13.6
3.88088 -3.33235 0.929283 13.7
3.92066 -3.32036 0.928591 13.8
3.96175 -3.30803 0.927909 13.9
4.00396 -3.29543 0.927237 14
4.04709 -3.2826 0.926574 14.1
4.09101 -3.26956 0.925921 14.2
4.13557 -3.25634 0.925276 14.3
4.18068 -3.24297 0.924639 14.4
4.22624 -3.22947 0.92401 14.5
4.27219 -3.21586 0.923387 14.6
4.31846 -3.20215 0.922769 14.7
4.36499 -3.18835 0.922157 14.8
4.41175 -3.17448 0.92155 14.9
4.4587 -3.16054 0.920948 15
4.5058 -3.14654 0.92035 15.1
4.55303 -3.1325 0.919755 15.2
4.60037 -3.1184 0.919164 15.3
4.64779 -3.10427 0.918575 15.4
4.6953 -3.09011 0.91799 15.5
4.74287 -3.07591 0.917407 15.6
4.79048 -3.06168 0.916827 15.7
4.83815 -3.04743 0.916249 15.8
4.88584 -3.03316 0.915673 15.9
4.93357 -3.01886 0.915099 16
4.98132 -3.00455 0.914526 16.1
5.02909 -2.99022 0.913955 16.2
5.07688 -2.97588 0.913386 16.3
5.12468 -2.96152 0.912818 16.4
5.1725 -2.94715 0.912252 16.5
5.22032 -2.93276 0.911687 16.6
5.26815 -2.91837 0.911123 16.7
5.31598 -2.90396 0.91056 16.8
5.36382 -2.88954 0.909998 16.9
5.41166 -2.87512 0.909437 17
5.45951 -2.86069 0.908877 17.1
5.50735 -2.84625 0.908318 17.2
5.5552 -2.8318 0.907759 17.3
5.60305 -2.81735 0.907202 17.4
5.6509 -2.80288 0.906645 17.5
5.69875 -2.78842 0.906088 17.6
5.7466 -2.77394 0.905533 17.7
5.79445 -2.75947 0.904978 17.8
5.8423 -2.74498 0.904423 17.9
5.89015 -2.73049 0.903869 18
5.938 -2.716 0.903316 18.1
5.98584 -2.7015 0.902763 18.2
6.03369 -2.687 0.90221 18.3
6.08154 -2.6725 0.901658 18.4
6.12939 -2.65799 0.901106 18.5
6.17723 -2.64347 0.900555 18.6
6.22508 -2.62896 0.900004 18.7
6.27292 -2.61444 0.899453 18.8
6.32076 -2.59992 0.898903 18.9
6.36861 -2.58539 0.898353 19
6.41645 -2.57086 0.897803 19.1
6.46429 -2.55633 0.897253 19.2
6.51213 -2.5418 0.896704 19.3
6.55997 -2.52726 0.896155 19.4
6.60781 -2.51273 0.895606 19.5
6.65565 -2.49819 0.895057 19.6
6.70349 -2.48364 0.894509 19.7
6.75132 -2.4691 0.893961 19.8
6.79916 -2.45455 0.893412 19.9
6.847 -2.44001 0.892865 20
6.89483 -2.42546 0.892317 20.1
6.94267 -2.4109 0.891769 20.2
6.99051 -2.39635 0.891222 20.3
7.03834 -2.3818 0.890674 20.4
7.08617 -2.36724 0.890127 20.5
7.13401 -2.35269 0.88958 20.6
7.18184 -2.33813 0.889033 20.7
7.22968 -2.32357 0.888486 20.8
7.27751 -2.30901 0.887939 20.9
7.32534 -2.29445 0.887393 21
7.37317 -2.27988 0.886846 21.1
7.42101 -2.26532 0.8863 21.2
7.46884 -2.25075 0.885753 21.3
7.51667 -2.23619 0.885207 21.4
7.5645 -2.22162 0.884661 21.5
7.61233 -2.20705 0.884114 21.6
7.66016 -2.19249 0.883568 21.7
7.70799 -2.17792 0.883022 21.8
7.75582 -2.16335 0.882476 21.9
7.80365 -2.14878 0.88193 22
7.85148 -2.13421 0.881384 22.1
7.89931 -2.11964 0.880838 22.2
7.94714 -2.10506 0.880293 22.3
7.99497 -2.09049 0.879747 22.4
8.0428 -2.07592 0.879201 22.5
8.09063 -2.06134 0.878655 22.6
8.13846 -2.04677 0.87811 22.7
8.18628 -2.03219 0.877564 22.8
8.23411 -2.01762 0.877019 22.9
8.28194 -2.00304 0.876473 23
8.32977 -1.98847 0.875927 23.1
8.3776 -1.97389 0.875382 23.2
8.42543 -1.95931 0.874836 23.3
8.47325 -1.94474 0.874291 23.4
8.52108 -1.93016 0.873746 23.5
8.56891 -1.91558 0.8732 23.6
8.61674 -1.901 0.872655 23.7
8.66456 -1.88642 0.872109 23.8
8.71239 -1.87184 0.871564 23.9
8.76022 -1.85727 0.871019 24
8.80805 -1.84269 0.870473 24.1
8.85587 -1.82811 0.869928 24.2
8.9037 -1.81353 0.869383 24.3
8.95153 -1.79895 0.868837 24.4
8.99935 -1.78437 0.868292 24.5
9.04718 -1.76979 0.867747 24.6
9.09501 -1.75521 0.867202 24.7
9.14283 -1.74062 0.866656 24.8
9.19066 -1.72604 0.866111 24.9
9.23849 -1.71146 0.865566 25
9.28631 -1.69688 0.865021 25.1
9.33414 -1.6823 0.864476 25.2
9.38197 -1.66772 0.86393 25.3
9.42979 -1.65314 0.863385 25.4
9.47762 -1.63855 0.86284 25.5
9.52545 -1.62397 0.862295 25.6
9.57327 -1.60939 0.86175 25.7
9.6211 -1.59481 0.861205 25.8
9.66893 -1.58022 0.860659 25.9
9.71675 -1.56564 0.860114 26
9.76458 -1.55106 0.859569 26.1
9.8124 -1.53648 0.859024 26.2
9.86023 -1.52189 0.858479 26.3
9.90806 -1.50731 0.857934 26.4
9.95588 -1.49273 0.857389 26.5
10.0037 -1.47815 0.856844 26.6
10.0515 -1.46356 0.856298 26.7
10.0994 -1.44898 0.855753 26.8
10.1472 -1.4344 0.855208 26.9
10.195 -1.41981 0.854663 27
10.2428 -1.40523 0.854118 27.1
10.2907 -1.39065 0.853573 27.2
10.3385 -1.37606 0.853028 27.3
10.3863 -1.36148 0.852483 27.4
10.4341 -1.34689 0.851938 27.5
10.482 -1.33231 0.851393 27.6
10.5298 -1.31773 0.850847 27.7
10.5776 -1.30314 0.850302 27.8
10.6254 -1.28856 0.849757 27.9
10.6733 -1.27398 0.849212 28
10.7211 -1.25939 0.848667 28.1
10.7689 -1.24481 0.848122 28.2
10.8167 -1.23022 0.847577 28.3
10.8646 -1.21564 0.847032 28.4
10.9124 -1.20106 0.846487 28.5
10.9602 -1.18647 0.845942 28.6
11.0081 -1.17189 0.845397 28.7
11.0559 -1.1573 0.844852 28.8
11.1037 -1.14272 0.844307 28.9
11.1515 -1.12814 0.843762 29
11.1994 -1.11355 0.843217 29.1
11.2472 -1.09897 0.842671 29.2
11.295 -1.08438 0.842126 29.3
11.3428 -1.0698 0.841581 29.4
11.3907 -1.05521 0.841036 29.5
11.4385 -1.04063 0.840491 29.6
11.4863 -1.02605 0.839946 29.7
11.5341 -1.01146 0.839401 29.8
11.582 -0.996877 0.838856 29.9
11.6298 -0.982293 0.838311 30
11.6776 -0.967708 0.837766 30.1
11.7254 -0.953124 0.837221 30.2
11.7733 -0.93854 0.836676 30.3
11.8211 -0.923955 0.836131 30.4
11.8689 -0.909371 0.835586 30.5
11.9167 -0.894786 0.835041 30.6
11.9646 -0.880202 0.834496 30.7
12.0124 -0.865617 0.833951 30.8
12.0602 -0.851033 0.833406 30.9
12.108 -0.836449 0.832861 31
12.1559 -0.821864 0.832315 31.1
12.2037 -0.80728 0.83177 31.2
12.2515 -0.792695 0.831225 31.3
12.2993 -0.778111 0.83068 31.4
12.3472 -0.763526 0.830135 31.5
12.395 -0.748941 0.82959 31.6
12.4428 -0.734357 0.829045 31.7
12.4906 -0.719772 0.8285 31.8
12.5385 -0.705188 0.827955 31.9
12.5863 -0.690603 0.82741 32
12.6341 -0.676019 0.826865 32.1
12.682 -0.661434 0.82632 32.2
12.7298 -0.64685 0.825775 32.3
12.7776 -0.632265 0.82523 32.4
12.8254 -0.61768 0.824685 32.5
12.8733 -0.603096 0.82414 32.6
12.9211 -0.588511 0.823595 32.7
12.9689 -0.573927 0.82305 32.8
13.0167 -0.559342 0.822505 32.9
13.0646 -0.544757 0.82196 33
13.1124 -0.530173 0.821415 33.1
13.1602 -0.515588 0.82087 33.2
13.208 -0.501004 0.820324 33.3
13.2559 -0.486419 0.819779 33.4
13.3037 -0.471834 0.819234 33.5
13.3515 -0.45725 0.818689 33.6
13.3993 -0.442665 0.818144 33.7
13.4472 -0.42808 0.817599 33.8
13.495 -0.413496 0.817054 33.9
13.5428 -0.398911 0.816509 34
13.5906 -0.384327 0.815964 34.1
13.6385 -0.369742 0.815419 34.2
13.6863 -0.355157 0.814874 34.3
13.7341 -0.340573 0.814329 34.4
13.7819 -0.325988 0.813784 34.5
13.8298 -0.311403 0.813239 34.6
13.8776 -0.296819 0.812694 34.7
13.9254 -0.282234 0.812149 34.8
13.9732 -0.267649 0.811604 34.9
14.0211 -0.253065 0.811059 35
14.0689 -0.23848 0.810514 35.1
14.1167 -0.223895 0.809969 35.2
14.1645 -0.209311 0.809424 35.3
14.2124 -0.194726 0.808879 35.4
14.2602 -0.180141 0.808334 35.5
14.308 -0.165557 0.807788 35.6
14.3558 -0.150972 0.807243 35.7
14.4037 -0.136387 0.806698 35.8
14.4515 -0.121803 0.806153 35.9
14.4993 -0.107218 0.805608 36
14.5471 -0.0926335 0.805063 36.1
14.595 -0.0780488 0.804518 36.2
14.6031 -0.0740656 0.804287 36.3
14.6173 -0.0676261 0.803982 36.4
14.6367 -0.0594271 0.803627 36.5
14.6608 -0.0501506 0.803241 36.6
14.6888 -0.0404057 0.802834 36.7
14.7202 -0.0307197 0.802415 36.8
14.7547 -0.0215414 0.801988 36.9
14.7918 -0.013249 0.801556 37
14.831 -0.00615844 0.80112 37.1
14.8722 -0.000530669 0.800682 37.2
