18.1405 -1.74806 0.88 39.4
18.2521 -1.82722 0.878445 39.5
18.3575 -1.87499 0.877386 39.6
18.4539 -1.89688 0.876659 39.7
18.5398 -1.89791 0.876155 39.8
18.6144 -1.88249 0.8758 39.9
18.6776 -1.85442 0.875545 40
18.73 -1.81694 0.875355 40.1
18.7724 -1.7727 0.875207 40.2
18.8058 -1.72387 0.875086 40.3
18.8315 -1.67218 0.874981 40.4
18.8505 -1.61899 0.874883 40.5
18.8644 -1.56534 0.874789 40.6
18.8741 -1.51203 0.874693 40.7
18.881 -1.45964 0.874593 40.8
18.8882 -1.40887 0.874488 40.9
18.8998 -1.36044 0.874376 41
18.9167 -1.31457 0.874257 41.1
18.9382 -1.27122 0.874131 41.2
18.9634 -1.23008 0.873999 41.3
18.9913 -1.19066 0.873861 41.4
19.0209 -1.15236 0.873719 41.5
19.0515 -1.11464 0.873572 41.6
19.0825 -1.07702 0.873422 41.7
19.1899 -1.15763 0.871589 41.8
19.2892 -1.20588 0.870132 41.9
19.3867 -1.29793 0.868255 42
19.4758 -1.3627 0.866807 42.1
19.5571 -1.40366 0.865666 42.2
19.6299 -1.42557 0.864746 42.3
19.694 -1.43278 0.863981 42.4
19.75 -1.42877 0.863327 42.5
19.7987 -1.41616 0.86275 42.6
19.8413 -1.39691 0.862229 42.7
19.8786 -1.37245 0.861747 42.8
19.9116 -1.34386 0.861292 42.9
19.9412 -1.31198 0.860856 43
19.9679 -1.27745 0.860433 43.1
19.9925 -1.24077 0.860019 43.2
20.0155 -1.20237 0.85961 43.3
20.0372 -1.16257 0.859205 43.4
20.058 -1.12165 0.858802 43.5
20.0783 -1.07983 0.858399 43.6
20.0983 -1.03732 0.857997 43.7
20.1181 -0.994273 0.857594 43.8
20.1381 -0.950831 0.85719 43.9
20.1582 -0.907114 0.856785 44
20.1786 -0.863223 0.856378 44.1
20.1994 -0.819247 0.85597 44.2
20.2207 -0.77526 0.85556 44.3
20.2425 -0.731327 0.855148 44.4
20.2649 -0.687503 0.854735 44.5
20.2878 -0.643833 0.85432 44.6
20.3113 -0.600357 0.853903 44.7
20.3354 -0.557107 0.853485 44.8
20.3601 -0.51411 0.853066 44.9
20.3855 -0.471388 0.852646 45
20.4114 -0.428958 0.852224 45.1
20.4379 -0.386832 0.851801 45.2
20.4649 -0.34502 0.851378 45.3
20.4925 -0.303529 0.850953 45.4
20.5206 -0.262363 0.850528 45.5
20.5493 -0.221523 0.850102 45.6
20.5784 -0.181009 0.849676 45.7
20.608 -0.140818 0.849249 45.8
20.638 -0.100947 0.848822 45.9
20.6685 -0.0613921 0.848395 46
20.6994 -0.0221466 0.847967 46.1
20.7307 0.0167958 0.84754 46.2
20.7624 0.055442 0.847112 46.3
20.7944 0.0937999 0.846684 46.4
20.9015 0.0172188 0.843413 46.5
20.9983 -0.0275083 0.84045 46.6
21.0823 -0.0469058 0.837823 46.7
21.1521 -0.0466968 0.835495 46.8
21.2077 -0.0317546 0.833411 46.9
21.2494 -0.00613242 0.83151 47
21.2784 0.0268756 0.829738 47.1
21.2967 0.0642246 0.828048 47.2
21.3073 0.103801 0.826399 47.3
21.3121 0.144691 0.824758 47.4
21.3125 0.186491 0.823098 47.5
21.3095 0.229009 0.821397 47.6
21.304 0.27215 0.819636 47.7
21.2966 0.315861 0.817798 47.8
21.2878 0.360115 0.815869 47.9
21.2781 0.404891 0.813836 48
21.2677 0.45017 0.81169 48.1
21.2571 0.495926 0.809421 48.2
21.2464 0.54213 0.807025 48.3
21.2356 0.588742 0.804496 48.4
21.225 0.635719 0.801833 48.5
21.2144 0.683008 0.799039 48.6
21.2039 0.730555 0.796115 48.7
21.1934 0.778302 0.793068 48.8
21.1827 0.826192 0.789904 48.9
21.1717 0.874164 0.786631 49
21.1603 0.922157 0.783258 49.1
21.1482 0.970108 0.779795 49.2
21.1355 1.01795 0.77625 49.3
21.1218 1.06562 0.772632 49.4
21.1071 1.11304 0.768951 49.5
21.0912 1.16014 0.765213 49.6
21.0741 1.20685 0.761427 49.7
21.0555 1.25306 0.757599 49.8
21.0356 1.29871 0.753735 49.9
21.0142 1.34371 0.749841 50
20.9912 1.38796 0.745921 50.1
20.9666 1.43137 0.74198 50.2
20.9404 1.47385 0.738021 50.3
20.9126 1.5153 0.734048 50.4
20.8832 1.55563 0.730065 50.5
20.8522 1.59475 0.726073 50.6
20.8195 1.63257 0.722074 50.7
20.7853 1.66898 0.718072 50.8
20.7496 1.70391 0.714067 50.9
20.7124 1.73726 0.710062 51
20.6738 1.76894 0.706057 51.1
20.6338 1.79888 0.702054 51.2
20.5924 1.82699 0.698053 51.3
20.5499 1.8532 0.694057 51.4
20.5062 1.87744 0.690065 51.5
20.4614 1.89963 0.686078 51.6
20.4156 1.91972 0.682096 51.7
20.3689 1.93764 0.678121 51.8
20.3215 1.95334 0.674153 51.9
20.2733 1.96678 0.670192 52
20.2246 1.97792 0.666238 52.1
20.1754 1.9867 0.662292 52.2
20.1258 1.99312 0.658353 52.3
20.0759 1.99713 0.654423 52.4
20.026 1.99872 0.6505 52.5
19.976 1.99789 0.646586 52.6
20.0236 1.98256 0.64268 52.7
20.0488 1.97464 0.638841 52.8
20.0625 1.97107 0.635086 52.9
20.0661 1.97002 0.631423 53
20.0612 1.97004 0.627852 53.1
20.0491 1.96999 0.624367 53.2
20.0309 1.96904 0.620959 53.3
20.0077 1.96656 0.617615 53.4
19.9806 1.96216 0.614324 53.5
19.9504 1.95558 0.611074 53.6
19.9179 1.94669 0.607853 53.7
19.8836 1.93546 0.604651 53.8
19.9008 1.96928 0.60146 53.9
19.9212 1.98315 0.598381 54
19.9312 1.98709 0.595416 54.1
19.9316 1.98827 0.592554 54.2
19.9238 1.98873 0.589781 54.3
19.9093 1.98871 0.587085 54.4
19.889 1.98796 0.584453 54.5
19.8641 1.98614 0.581873 54.6
19.8352 1.98294 0.579334 54.7
19.8032 1.97808 0.576827 54.8
19.7686 1.97134 0.574343 54.9
19.7321 1.96256 0.571875 55
19.694 1.95162 0.569415 55.1
19.6549 1.93844 0.566959 55.2
19.6152 1.92297 0.564502 55.3
19.5751 1.9052 0.562039 55.4
19.535 1.88511 0.559568 55.5
19.4952 1.86275 0.557086 55.6
19.4559 1.83815 0.554591 55.7
19.4174 1.81136 0.55208 55.8
19.3798 1.78245 0.549552 55.9
19.3433 1.75149 0.547007 56
19.3081 1.71856 0.544443 56.1
19.2743 1.68375 0.54186 56.2
19.2422 1.64715 0.539258 56.3
19.2117 1.60886 0.536635 56.4
19.1831 1.56898 0.533992 56.5
19.1563 1.52762 0.53133 56.6
19.1316 1.4849 0.528647 56.7
19.1089 1.44091 0.525944 56.8
19.0885 1.39578 0.523222 56.9
19.0702 1.34963 0.520481 57
19.0543 1.30257 0.51772 57.1
19.0407 1.25473 0.51494 57.2
19.0295 1.20623 0.512143 57.3
19.0207 1.1572 0.509327 57.4
19.0143 1.10776 0.506493 57.5
19.0104 1.05804 0.503642 57.6
19.009 1.00817 0.500774 57.7
19.0102 0.958274 0.49789 57.8
19.0138 0.908481 0.500383 57.9
19.0199 0.858921 0.504592 58
19.0285 0.809718 0.509876 58.1
19.0395 0.761 0.515801 58.2
19.053 0.712889 0.522073 58.3
19.0688 0.665509 0.528495 58.4
19.0871 0.618982 0.534936 58.5
19.1076 0.573425 0.541308 58.6
19.1304 0.528957 0.547553 58.7
19.1555 0.48569 0.553634 58.8
19.1827 0.443736 0.559528 58.9
19.2119 0.403202 0.565221 59
19.2432 0.364191 0.570704 59.1
19.2764 0.326805 0.575976 59.2
19.3114 0.291138 0.581034 59.3
19.3482 0.257283 0.58588 59.4
19.3866 0.225326 0.590517 59.5
19.4266 0.19535 0.594948 59.6
19.4681 0.167431 0.599177 59.7
19.5109 0.141642 0.603209 59.8
19.555 0.118048 0.607047 59.9
19.6002 0.096711 0.610696 60
19.6465 0.0776851 0.61416 60.1
19.6936 0.0610197 0.617445 60.2
19.7415 0.0467577 0.620554 60.3
19.7901 0.0349359 0.623491 60.4
19.8392 0.0255851 0.626262 60.5
19.8888 0.0187293 0.62887 60.6
19.9386 0.0143865 0.63132 60.7
19.9885 0.012568 0.633614 60.8
20.0385 0.0132788 0.635759 60.9
