0.34209 -0.38806 0.958 1.12569
0.35313 -0.385791 0.956829 1.22569
0.370453 -0.384503 0.955949 1.32569
0.393023 -0.384355 0.955268 1.42569
0.419956 -0.385522 0.954725 1.52569
0.450491 -0.388183 0.954277 1.62569
0.483967 -0.3925 0.953896 1.72569
0.51981 -0.398614 0.953562 1.82569
0.557514 -0.406643 0.953262 1.92569
0.596635 -0.416679 0.952986 2.02569
0.636779 -0.42879 0.952728 2.12569
0.646377 -0.432096 0.951251 2.22569
0.661633 -0.43861 0.949982 2.32569
0.681625 -0.447722 0.948868 2.42569
0.705628 -0.458912 0.947872 2.52569
0.733027 -0.471772 0.946965 2.62569
0.763296 -0.485992 0.946128 2.72569
0.795985 -0.501326 0.945344 2.82569
0.830712 -0.517581 0.944604 2.92569
0.867152 -0.5346 0.943899 3.02569
0.905032 -0.552254 0.943223 3.12569
0.944123 -0.570439 0.94257 3.22569
0.984231 -0.589064 0.941938 3.32569
1.02519 -0.608058 0.941322 3.42569
1.06687 -0.627358 0.940722 3.52569
1.10916 -0.646915 0.940134 3.62569
1.15195 -0.666685 0.939557 3.72569
1.19516 -0.686632 0.93899 3.82569
1.23873 -0.706727 0.938433 3.92569
1.28261 -0.726945 0.937883 4.02569
1.32673 -0.747264 0.93734 4.12569
1.37107 -0.767668 0.936804 4.22569
1.41559 -0.788142 0.936274 4.32569
1.46026 -0.808673 0.93575 4.42569
1.50505 -0.829252 0.93523 4.52569
1.54996 -0.84987 0.934715 4.62569
1.59495 -0.870519 0.934205 4.72569
1.64002 -0.891195 0.933698 4.82569
1.68515 -0.911891 0.933195 4.92569
1.73033 -0.932605 0.932696 5.02569
1.77557 -0.953332 0.932199 5.12569
1.82084 -0.97407 0.931706 5.22569
1.86614 -0.994816 0.931215 5.32569
1.91147 -1.01557 0.930727 5.42569
1.95682 -1.03633 0.930242 5.52569
2.0022 -1.05709 0.929758 5.62569
2.04759 -1.07785 0.929277 5.72569
2.09299 -1.09862 0.928798 5.82569
2.13841 -1.11938 0.928321 5.92569
2.18384 -1.14015 0.927845 6.02569
2.22927 -1.16092 0.927372 6.12569
2.27472 -1.18168 0.926899 6.22569
2.32017 -1.20245 0.926429 6.32569
2.36563 -1.22321 0.925959 6.42569
2.41109 -1.24397 0.925491 6.52569
2.45656 -1.26474 0.925024 6.62569
2.50203 -1.2855 0.924559 6.72569
2.5475 -1.30625 0.924094 6.82569
2.59298 -1.32701 0.923631 6.92569
2.63845 -1.34777 0.923168 7.02569
2.68394 -1.36852 0.922707 7.12569
2.72942 -1.38927 0.922246 7.22569
2.7749 -1.41002 0.921786 7.32569
2.82039 -1.43077 0.921327 7.42569
2.86588 -1.45152 0.920868 7.52569
2.91137 -1.47227 0.920411 7.62569
2.95686 -1.49301 0.919954 7.72569
3.00235 -1.51375 0.919497 7.82569
3.04784 -1.5345 0.919041 7.92569
3.09334 -1.55524 0.918586 8.02569
3.13883 -1.57598 0.918131 8.12569
3.18433 -1.59671 0.917677 8.22569
3.22982 -1.61745 0.917223 8.32569
3.27532 -1.63819 0.91677 8.42569
3.32082 -1.65892 0.916317 8.52569
3.36631 -1.67966 0.915864 8.62569
3.41181 -1.70039 0.915412 8.72569
3.45731 -1.72112 0.91496 8.82569
3.50281 -1.74185 0.914509 8.92569
3.54831 -1.76258 0.914058 9.02569
3.59381 -1.78331 0.913607 9.12569
3.63931 -1.80404 0.913156 9.22569
3.68481 -1.82477 0.912706 9.32569
3.73031 -1.8455 0.912256 9.42569
3.77582 -1.86622 0.911806 9.52569
3.78482 -1.87032 0.910639 9.62569
3.79926 -1.878 0.909763 9.72569
3.81839 -1.88839 0.909084 9.82569
3.84166 -1.90067 0.908541 9.92569
3.86861 -1.91413 0.908089 10.0257
3.89885 -1.92814 0.907698 10.1257
3.93201 -1.94216 0.907349 10.2257
3.96778 -1.95573 0.907027 10.3257
4.00585 -1.96847 0.906722 10.4257
4.04594 -1.98005 0.906429 10.5257
4.08778 -1.99021 0.906141 10.6257
4.13113 -1.99873 0.905856 10.7257
4.17574 -2.00541 0.905572 10.8257
4.2214 -2.01012 0.905287 10.9257
4.26788 -2.01274 0.904999 11.0257
4.31499 -2.01317 0.904709 11.1257
4.36253 -2.01135 0.904416 11.2257
4.37268 -2.00518 0.903204 11.3257
4.38892 -1.99825 0.902283 11.4257
4.41037 -1.99085 0.901564 11.5257
4.43626 -1.98321 0.900987 11.6257
4.46592 -1.97547 0.900508 11.7257
4.49875 -1.96769 0.900096 11.8257
4.53424 -1.9599 0.89973 11.9257
4.57198 -1.95211 0.899393 12.0257
4.61159 -1.94432 0.899075 12.1257
4.65277 -1.93652 0.898768 12.2257
4.69527 -1.92869 0.898467 12.3257
4.73887 -1.92083 0.898167 12.4257
4.78339 -1.91292 0.897865 12.5257
4.82869 -1.90497 0.897561 12.6257
4.87463 -1.89697 0.897251 12.7257
4.92111 -1.88891 0.896936 12.8257
4.96805 -1.8808 0.896615 12.9257
5.01536 -1.87263 0.896288 13.0257
5.06298 -1.8644 0.895954 13.1257
5.11087 -1.85613 0.895613 13.2257
5.15898 -1.84779 0.895266 13.3257
5.20727 -1.83941 0.894912 13.4257
5.25572 -1.83098 0.894551 13.5257
5.30429 -1.8225 0.894185 13.6257
5.35296 -1.81397 0.893812 13.7257
5.40173 -1.80541 0.893434 13.8257
5.45056 -1.7968 0.89305 13.9257
5.49946 -1.78815 0.89266 14.0257
5.54841 -1.77946 0.892266 14.1257
5.59739 -1.77074 0.891866 14.2257
5.64641 -1.76198 0.891462 14.3257
5.69546 -1.75319 0.891054 14.4257
5.74453 -1.74437 0.890641 14.5257
5.79362 -1.73552 0.890225 14.6257
5.84273 -1.72665 0.889804 14.7257
5.89184 -1.71775 0.88938 14.8257
5.94097 -1.70882 0.888953 14.9257
5.9901 -1.69987 0.888522 15.0257
6.03924 -1.6909 0.888088 15.1257
6.08838 -1.68191 0.887651 15.2257
6.13752 -1.6729 0.887211 15.3257
6.18667 -1.66386 0.886769 15.4257
6.23582 -1.65481 0.886324 15.5257
6.28497 -1.64575 0.885877 15.6257
6.33412 -1.63666 0.885428 15.7257
6.38327 -1.62756 0.884976 15.8257
6.43242 -1.61845 0.884523 15.9257
6.48157 -1.60932 0.884068 16.0257
6.53072 -1.60018 0.88361 16.1257
6.57986 -1.59102 0.883152 16.2257
6.62901 -1.58186 0.882691 16.3257
6.67816 -1.57268 0.882229 16.4257
6.7273 -1.56349 0.881766 16.5257
6.77644 -1.55429 0.881301 16.6257
6.82558 -1.54508 0.880835 16.7257
6.87472 -1.53586 0.880368 16.8257
6.92386 -1.52663 0.8799 16.9257
6.973 -1.51739 0.87943 17.0257
7.02214 -1.50814 0.87896 17.1257
7.07127 -1.49889 0.878488 17.2257
7.1204 -1.48963 0.878016 17.3257
7.16954 -1.48036 0.877543 17.4257
7.21867 -1.47108 0.877069 17.5257
7.2678 -1.4618 0.876594 17.6257
7.31693 -1.45251 0.876119 17.7257
7.36605 -1.44322 0.875642 17.8257
7.41518 -1.43392 0.875166 17.9257
7.46431 -1.42461 0.874688 18.0257
7.51343 -1.4153 0.87421 18.1257
7.56256 -1.40599 0.873731 18.2257
7.61168 -1.39666 0.873252 18.3257
7.6608 -1.38734 0.872773 18.4257
7.70993 -1.37801 0.872293 18.5257
7.75905 -1.36868 0.871812 18.6257
7.80817 -1.35934 0.871331 18.7257
7.85729 -1.35 0.87085 18.8257
7.90641 -1.34065 0.870368 18.9257
7.95552 -1.33131 0.869886 19.0257
8.00464 -1.32196 0.869404 19.1257
8.05376 -1.3126 0.868921 19.2257
8.10288 -1.30324 0.868438 19.3257
8.15199 -1.29388 0.867955 19.4257
8.20111 -1.28452 0.867471 19.5257
8.25022 -1.27516 0.866988 19.6257
8.29934 -1.26579 0.866504 19.7257
8.34845 -1.25642 0.866019 19.8257
8.39756 -1.24705 0.865535 19.9257
8.44668 -1.23767 0.86505 20.0257
8.49579 -1.2283 0.864566 20.1257
8.5449 -1.21892 0.864081 20.2257
8.59402 -1.20954 0.863595 20.3257
8.64313 -1.20016 0.86311 20.4257
8.69224 -1.19077 0.862625 20.5257
8.74135 -1.18139 0.862139 20.6257
8.79046 -1.172 0.861653 20.7257
8.83957 -1.16262 0.861167 20.8257
8.88868 -1.15323 0.860681 20.9257
8.93779 -1.14384 0.860195 21.0257
8.9869 -1.13444 0.859709 21.1257
9.03601 -1.12505 0.859223 21.2257
9.08512 -1.11566 0.858736 21.3257
9.13423 -1.10626 0.85825 21.4257
9.18334 -1.09687 0.857763 21.5257
9.23245 -1.08747 0.857276 21.6257
9.28156 -1.07807 0.85679 21.7257
9.33067 -1.06867 0.856303 21.8257
9.37978 -1.05927 0.855816 21.9257
9.42888 -1.04987 0.855329 22.0257
9.47799 -1.04047 0.854842 22.1257
9.5271 -1.03107 0.854355 22.2257
9.57621 -1.02166 0.853868 22.3257
9.62532 -1.01226 0.853381 22.4257
9.67442 -1.00286 0.852893 22.5257
9.72353 -0.993451 0.852406 22.6257
9.77264 -0.984045 0.851919 22.7257
9.82175 -0.974639 0.851432 22.8257
9.87085 -0.965233 0.850944 22.9257
9.91996 -0.955826 0.850457 23.0257
9.96907 -0.946418 0.849969 23.1257
10.0182 -0.93701 0.849482 23.2257
10.0673 -0.927602 0.848994 23.3257
10.1164 -0.918193 0.848507 23.4257
10.1655 -0.908784 0.848019 23.5257
10.2146 -0.899374 0.847532 23.6257
10.2637 -0.889964 0.847044 23.7257
10.3128 -0.880553 0.846556 23.8257
10.3619 -0.871143 0.846069 23.9257
10.411 -0.861732 0.845581 24.0257
10.4601 -0.85232 0.845093 24.1257
10.5092 -0.842909 0.844605 24.2257
10.5583 -0.833497 0.844118 24.3257
10.6075 -0.824085 0.84363 24.4257
10.6566 -0.814672 0.843142 24.5257
10.7057 -0.805259 0.842654 24.6257
10.7548 -0.795847 0.842166 24.7257
10.8039 -0.786433 0.841679 24.8257
10.853 -0.77702 0.841191 24.9257
10.9021 -0.767607 0.840703 25.0257
10.9512 -0.758193 0.840215 25.1257
11.0003 -0.748779 0.839727 25.2257
11.0494 -0.739365 0.839239 25.3257
11.0985 -0.729951 0.838751 25.4257
11.1476 -0.720536 0.838264 25.5257
11.1967 -0.711122 0.837776 25.6257
11.2458 -0.701707 0.837288 25.7257
11.2949 -0.692292 0.8368 25.8257
11.344 -0.682877 0.836312 25.9257
11.3931 -0.673462 0.835824 26.0257
11.4423 -0.664047 0.835336 26.1257
11.4914 -0.654632 0.834848 26.2257
11.5405 -0.645216 0.83436 26.3257
11.5896 -0.635801 0.833872 26.4257
11.6387 -0.626385 0.833384 26.5257
11.6878 -0.616969 0.832896 26.6257
11.7369 -0.607554 0.832408 26.7257
11.786 -0.598138 0.83192 26.8257
11.8351 -0.588722 0.831432 26.9257
11.8842 -0.579306 0.830944 27.0257
11.9333 -0.56989 0.830456 27.1257
11.9824 -0.560474 0.829968 27.2257
12.0315 -0.551057 0.82948 27.3257
12.0806 -0.541641 0.828992 27.4257
12.1297 -0.532225 0.828504 27.5257
12.1788 -0.522808 0.828016 27.6257
12.2279 -0.513392 0.827528 27.7257
12.277 -0.503975 0.82704 27.8257
12.3261 -0.494559 0.826552 27.9257
12.3753 -0.485142 0.826064 28.0257
12.4244 -0.475725 0.825576 28.1257
12.4735 -0.466309 0.825088 28.2257
12.5226 -0.456892 0.8246 28.3257
12.5717 -0.447475 0.824112 28.4257
12.6208 -0.438058 0.823624 28.5257
12.6699 -0.428641 0.823136 28.6257
12.719 -0.419224 0.822648 28.7257
12.7681 -0.409807 0.82216 28.8257
12.8172 -0.40039 0.821672 28.9257
12.8663 -0.390973 0.821184 29.0257
12.9154 -0.381556 0.820696 29.1257
12.9645 -0.372139 0.820208 29.2257
13.0136 -0.362722 0.81972 29.3257
13.0627 -0.353305 0.819232 29.4257
13.1118 -0.343888 0.818744 29.5257
13.1609 -0.334471 0.818256 29.6257
13.21 -0.325054 0.817768 29.7257
13.2591 -0.315636 0.81728 29.8257
13.3083 -0.306219 0.816792 29.9257
13.3574 -0.296802 0.816304 30.0257
13.4065 -0.287385 0.815815 30.1257
13.4556 -0.277967 0.815327 30.2257
13.5047 -0.26855 0.814839 30.3257
13.5538 -0.259133 0.814351 30.4257
13.6029 -0.249715 0.813863 30.5257
13.652 -0.240298 0.813375 30.6257
13.7011 -0.230881 0.812887 30.7257
13.7502 -0.221463 0.812399 30.8257
13.7993 -0.212046 0.811911 30.9257
13.8484 -0.202629 0.811423 31.0257
13.8975 -0.193211 0.810935 31.1257
13.9466 -0.183794 0.810447 31.2257
13.9957 -0.174376 0.809959 31.3257
14.0448 -0.164959 0.809471 31.4257
14.0939 -0.155541 0.808983 31.5257
14.143 -0.146124 0.808495 31.6257
14.1921 -0.136707 0.808007 31.7257
14.2412 -0.127289 0.807519 31.8257
14.2904 -0.117872 0.807031 31.9257
14.3395 -0.108454 0.806543 32.0257
14.3886 -0.0990367 0.806055 32.1257
14.4377 -0.0896192 0.805566 32.2257
14.4868 -0.0802017 0.805078 32.3257
14.5359 -0.0707842 0.80459 32.4257
14.585 -0.0613667 0.804102 32.5257
14.6341 -0.0519492 0.803614 32.6257
14.6832 -0.0425316 0.803126 32.7257
14.6932 -0.0355118 0.801908 32.8257
14.7093 -0.0274032 0.800964 32.9257
14.7307 -0.0188094 0.800209 33.0257
14.7567 -0.0102894 0.799583 33.1257
14.7866 -0.00231026 0.799045 33.2257
14.8198 0.00474996 0.798568 33.3257
14.8559 0.0105879 0.798133 33.4257
