1385761324.772907745 4.72021e-28 2.46981e-28 0 -60.678 1.18601e-28 6.2057e-29  0 -0.266094 6
1385761324.837654494 4.73965e-28 2.47996e-28 0 -60.741 3.00196e-29 1.56646e-29  0 -0.0169824 6
1385761324.906294882 4.75069e-28 2.48573e-28 0 -60.707 1.60862e-29 8.40577e-30  0 0.00864533 6
1385761324.963697910 4.75258e-28 2.48673e-28 0 -60.458 3.29758e-30 1.74143e-30  0 0.0757082 6
1385761325.028624462 4.75312e-28 2.48701e-28 0 -60.371 8.23418e-31 4.36463e-31  0 0.0233875 6
1385761325.108468965 4.75328e-28 2.4871e-28 0 -60.25 2.07922e-31 1.10788e-31  0 0.0264492 6
1385761325.161357441 -1.00137e-11 -8.30566e-12 0 -64.351 -1.89336e-10 -1.57041e-10  0 -1.35334 6
1385761325.226598263 0.00888878 -0.000796108 0.244 -64.245 0.136246 -0.0122026  3.73999 0.0283559 6
1385761325.291191076 0.0122532 -0.00487144 0.243 -63.985 0.052087 -0.0630926  -0.0154816 0.0702538 6
1385761325.354681118 0.0100034 -0.00773158 0.257 -63.704 -0.0354354 -0.0450486  0.220507 0.0772469 6
1385761325.420081580 0.0208991 -0.0122301 0.275 -63.297 0.166599 -0.0687847  0.275227 0.108615 6
1385761325.486616636 0.0251695 -0.0178569 0.312 -62.981 0.0641835 -0.0845682  0.556098 0.0828927 6
1385761325.562166027 0.0309643 -0.0188184 0.372 -62.677 0.0767013 -0.0127266  0.794182 0.0702298 6
1385761325.615473001 0.0341007 -0.0141125 0.443 -62.639 0.0588363 0.0882792  1.33191 0.012441 6
1385761325.680392772 0.0368121 -0.0161204 0.522 -62.724 0.0417663 -0.0309295  1.21689 -0.0228515 6
1385761325.747352742 0.0309173 -0.0121697 0.587 -62.742 -0.0880352 0.059001  0.970729 -0.00469215 6
1385761325.810907218 0.0266078 -0.00671952 0.635 -62.832 -0.0678075 0.0857561  0.755258 -0.0247158 6
1385761325.876049166 0.026366 -0.00474761 0.673 -62.898 -0.00371232 0.0302709  0.583341 -0.0176827 6
1385761325.941330500 0.0271462 -0.0033274 0.694 -62.932 0.0119512 0.0217553  0.321685 -0.00909018 6
1385761326.038493908 0.0304777 -0.022883 0.703 -63.063 0.0342883 -0.201265  0.0926275 -0.0235314 6
1385761326.071530095 0.0320832 -0.0294407 0.708 -63.059 0.0485977 -0.1985  0.151349 0.00211409 6
1385761326.136765259 0.0326598 -0.0176692 0.704 -63.103 0.00883767 0.180447  -0.0613166 -0.0117726 6
1385761326.202139190 0.0338773 -0.0072765 0.7 -63.083 0.0186241 0.158973  -0.0611865 0.00533965 6
1385761326.267157208 0.0389576 0.0103315 0.691 -63.118 0.0781366 0.270817  -0.138423 -0.00939528 6
1385761326.333624905 0.0415923 0.0325832 0.678 -63.114 0.0396392 0.334774  -0.195584 0.00105076 6
1385761326.397881249 0.0436499 0.0516267 0.672 -63.08 0.0320214 0.296368  -0.093376 0.00923414 6
1385761326.462653233 0.0465064 0.0653304 0.665 -63.146 0.0441006 0.211569  -0.108071 -0.0177837 6
1385761326.528001425 0.0503013 0.0734914 0.659 -63.28 0.0580727 0.124885  -0.0918159 -0.0357886 6
1385761326.592970462 0.0571351 0.0806813 0.659 -63.44 0.105186 0.110666  0 -0.0429824 6
1385761326.656619394 0.0605103 0.0868189 0.656 -63.589 0.0530276 0.0964287  -0.0471335 -0.0408581 6
1385761326.722447109 0.0623495 0.092422 0.66 -63.693 0.0279405 0.0851176  0.0607647 -0.0275742 6
1385761326.788648453 0.0641296 0.0972988 0.66 -63.811 0.0268886 0.0736663  0 -0.0311095 6
1385761326.854206679 0.0639191 0.0991127 0.66 -63.999 -0.00321114 0.0276688  0 -0.0500504 6
1385761326.919193195 0.0610591 0.0991437 0.663 -64.169 -0.0440095 0.000476391  0.0461634 -0.0456561 6
1385761327.005463411 0.0590939 0.0976939 0.663 -64.365 -0.0227797 -0.0168055  0 -0.0396525 6
1385761327.049570043 0.0571245 0.0974309 0.665 -64.622 -0.0446504 -0.00596199  0.0453447 -0.101698 6
1385761327.115524757 0.0518908 0.0950645 0.668 -64.815 -0.0793525 -0.0358785  0.0454858 -0.0510729 6
1385761327.193262370 0.0466021 0.0909818 0.67 -64.979 -0.0680331 -0.0525193  0.0257276 -0.0368191 6
1385761327.244494821 0.0471347 0.0916209 0.673 -65.128 0.0103965 0.0124747  0.0585566 -0.0507603 6
1385761327.313436605 0.0410178 0.0910053 0.677 -65.305 -0.0887257 -0.00893026  0.05802 -0.0448098 6
1385761327.375905107 0.0332799 0.0910079 0.674 -65.405 -0.123869 4.2913e-05  -0.0480242 -0.0279389 6
1385761327.444095811 0.0313755 0.0919205 0.673 -65.508 -0.0279277 0.0133826  -0.0146648 -0.0263638 6
1385761327.516380001 0.0313215 0.0929898 0.671 -65.537 -0.0007461 0.014793  -0.0276686 -0.007002 6
1385761327.577908386 0.0327695 0.0935816 0.665 -65.517 0.0235329 0.00961791  -0.097516 0.00567446 6
1385761327.641774257 0.0305718 0.0971657 0.661 -65.429 -0.0344107 0.0561197  -0.0626313 0.024048 6
1385761327.737105161 0.0312269 0.102523 0.657 -65.332 0.006872 0.0561968  -0.0419591 0.0177589 6
1385761327.769229160 0.0320644 0.104696 0.661 -65.191 0.0260718 0.0676446  0.124517 0.0766061 6
1385761327.842378989 0.0360796 0.109976 0.654 -64.96 0.0548888 0.0721789  -0.095694 0.0551165 6
1385761327.897917486 0.0394769 0.115269 0.649 -64.695 0.0611704 0.0953022  -0.0900276 0.0832776 6
1385761327.989870162 0.0470247 0.12372 0.647 -64.356 0.0820839 0.0919049  -0.0217503 0.0643441 6
1385761328.033255172 0.0507746 0.129058 0.648 -64.02 0.0864341 0.123049  0.0230494 0.135171 6
1385761328.090982274 0.0562906 0.135525 0.647 -63.817 0.0955525 0.112026  -0.0173229 0.0613739 6
1385761328.165980818 0.0658051 0.1437 0.651 -63.663 0.126862 0.108998  0.0533344 0.0358389 6
1385761328.222427880 0.072153 0.149694 0.656 -63.606 0.112457 0.106197  0.0885786 0.017624 4
1385761328.291277090 0.162614 0.0122962 0.658 -0.0400009 -0.0515704 0.150801  0.029049 16.114 3
