0.401241 -0.469072 1.015 1.00001
0.415957 -0.467064 1.01533 1.10001
0.436331 -0.466869 1.01543 1.20001
0.46137 -0.468426 1.01537 1.30001
0.490252 -0.471719 1.01522 1.40001
0.522276 -0.476769 1.015 1.50001
0.556843 -0.483621 1.01474 1.60001
0.593429 -0.492325 1.01445 1.70001
0.631578 -0.502931 1.01415 1.80001
0.670889 -0.515483 1.01383 1.90001
0.711006 -0.530018 1.01352 2.00001
0.751612 -0.546559 1.0132 2.10001
0.764551 -0.549548 1.01301 2.20001
0.782357 -0.556399 1.01243 2.30001
0.804215 -0.566353 1.0116 2.40001
0.8295 -0.578805 1.01061 2.50001
0.857687 -0.593282 1.00952 2.60001
0.888331 -0.609413 1.00838 2.70001
0.921052 -0.626905 1.00722 2.80001
0.955526 -0.645515 1.00606 2.90001
0.991479 -0.665049 1.00491 3.00001
1.02868 -0.685344 1.00378 3.10001
1.06694 -0.706265 1.00266 3.20001
1.10609 -0.727701 1.00157 3.30001
1.14599 -0.74956 1.00051 3.40001
1.18653 -0.771765 0.999469 3.50001
1.22761 -0.794251 0.998453 3.60001
1.26914 -0.816966 0.99746 3.70001
1.31106 -0.839866 0.99649 3.80001
1.35331 -0.862915 0.995541 3.90001
1.39584 -0.886083 0.994612 4.00001
1.4386 -0.909345 0.993702 4.10001
1.48157 -0.932681 0.99281 4.20001
1.52471 -0.956074 0.991935 4.30001
1.56799 -0.97951 0.991075 4.40001
1.6114 -1.00298 0.99023 4.50001
1.65491 -1.02647 0.989399 4.60001
1.69852 -1.04997 0.988581 4.70001
1.74221 -1.07349 0.987775 4.80001
1.78596 -1.09701 0.98698 4.90001
1.82978 -1.12053 0.986197 5.00001
1.87365 -1.14404 0.985423 5.10001
1.91756 -1.16755 0.984659 5.20001
1.96151 -1.19106 0.983904 5.30001
2.00549 -1.21455 0.983157 5.40001
2.0495 -1.23804 0.982419 5.50001
2.09354 -1.26151 0.981687 5.60001
2.1376 -1.28498 0.980963 5.70001
2.18169 -1.30843 0.980246 5.80001
2.22579 -1.33187 0.979535 5.90001
2.26991 -1.3553 0.97883 6.00001
2.31404 -1.37871 0.97813 6.10001
2.35819 -1.40212 0.977436 6.20001
2.40235 -1.42551 0.976747 6.30001
2.44652 -1.44889 0.976062 6.40001
2.4907 -1.47226 0.975382 6.50001
2.53489 -1.49562 0.974706 6.60001
2.57908 -1.51897 0.974034 6.70001
2.62329 -1.54231 0.973366 6.80001
2.6675 -1.56564 0.972702 6.90001
2.71172 -1.58896 0.97204 7.00001
2.75595 -1.61227 0.971382 7.10001
2.80018 -1.63557 0.970727 7.20001
2.84442 -1.65886 0.970075 7.30001
2.88866 -1.68215 0.969425 7.40001
2.93291 -1.70542 0.968778 7.50001
2.97716 -1.7287 0.968133 7.60001
3.02141 -1.75196 0.967491 7.70001
3.06567 -1.77521 0.96685 7.80001
3.10994 -1.79846 0.966212 7.90001
3.15421 -1.82171 0.965575 8.00001
3.19848 -1.84495 0.964941 8.10001
3.24275 -1.86818 0.964307 8.20001
3.28703 -1.8914 0.963676 8.30001
3.33131 -1.91462 0.963046 8.40001
3.37559 -1.93784 0.962418 8.50001
3.41987 -1.96105 0.96179 8.60001
3.46416 -1.98426 0.961165 8.70001
3.50845 -2.00746 0.96054 8.80001
3.55274 -2.03066 0.959916 8.90001
3.59704 -2.05386 0.959294 9.00001
3.64133 -2.07705 0.958672 9.10001
3.68563 -2.10023 0.958052 9.20001
3.72993 -2.12342 0.957432 9.30001
3.77423 -2.1466 0.956814 9.40001
3.81854 -2.16978 0.956196 9.50001
3.86284 -2.19295 0.955578 9.60001
3.90715 -2.21612 0.954962 9.70001
3.95146 -2.23929 0.954346 9.80001
3.99577 -2.26246 0.953731 9.90001
4.04008 -2.28562 0.953117 10
4.08439 -2.30878 0.952503 10.1
4.1287 -2.33194 0.951889 10.2
4.17302 -2.3551 0.951277 10.3
4.21733 -2.37825 0.950664 10.4
4.22974 -2.38178 0.950955 10.5
4.24681 -2.38941 0.951002 10.6
4.26793 -2.40014 0.950885 10.7
4.29266 -2.41309 0.950657 10.8
4.32065 -2.42747 0.950354 10.9
4.35159 -2.44259 0.949999 11
4.38523 -2.45789 0.94961 11.1
4.4213 -2.47285 0.949196 11.2
4.45955 -2.48707 0.948765 11.3
4.49976 -2.50018 0.948321 11.4
4.54168 -2.51189 0.947867 11.5
4.5851 -2.52196 0.947407 11.6
4.62979 -2.5302 0.946939 11.7
4.67555 -2.53643 0.946467 11.8
4.72216 -2.54054 0.945989 11.9
4.76943 -2.54242 0.945507 12
4.81717 -2.54201 0.94502 12.1
4.86519 -2.53925 0.944529 12.2
4.91333 -2.5341 0.944033 12.3
4.92675 -2.52568 0.944114 12.4
4.94556 -2.51632 0.943881 12.5
4.96905 -2.50642 0.943441 12.6
4.99656 -2.49625 0.942865 12.7
5.0275 -2.48597 0.942202 12.8
5.06133 -2.47565 0.941486 12.9
5.09759 -2.46532 0.940738 13
5.13588 -2.45499 0.939973 13.1
5.17589 -2.44463 0.9392 13.2
5.21732 -2.43425 0.938426 13.3
5.25995 -2.42383 0.937653 13.4
5.30357 -2.41336 0.936885 13.5
5.34803 -2.40283 0.936122 13.6
5.39319 -2.39224 0.935365 13.7
5.43893 -2.38158 0.934614 13.8
5.48515 -2.37085 0.933868 13.9
5.53178 -2.36005 0.933128 14
5.57875 -2.34918 0.932393 14.1
5.62599 -2.33825 0.931662 14.2
5.67347 -2.32724 0.930936 14.3
5.72114 -2.31617 0.930214 14.4
5.76897 -2.30503 0.929495 14.5
5.81694 -2.29384 0.928779 14.6
5.86501 -2.28258 0.928067 14.7
5.91318 -2.27127 0.927357 14.8
5.96141 -2.25991 0.926649 14.9
6.00971 -2.24849 0.925944 15
6.05806 -2.23703 0.92524 15.1
6.10645 -2.22552 0.924539 15.2
6.15487 -2.21397 0.923839 15.3
6.20332 -2.20238 0.92314 15.4
6.25179 -2.19074 0.922443 15.5
6.30028 -2.17907 0.921747 15.6
6.34878 -2.16737 0.921053 15.7
6.39729 -2.15563 0.920359 15.8
6.4458 -2.14386 0.919667 15.9
6.49433 -2.13206 0.918975 16
6.54285 -2.12023 0.918284 16.1
6.59138 -2.10838 0.917595 16.2
6.63991 -2.09649 0.916906 16.3
6.68844 -2.08459 0.916217 16.4
6.73697 -2.07266 0.91553 16.5
6.78549 -2.06071 0.914843 16.6
6.83402 -2.04874 0.914156 16.7
6.88254 -2.03674 0.91347 16.8
6.93107 -2.02473 0.912785 16.9
6.97959 -2.0127 0.9121 17
7.0281 -2.00066 0.911416 17.1
7.07662 -1.98859 0.910732 17.2
7.12513 -1.97651 0.910048 17.3
7.17364 -1.96442 0.909365 17.4
7.22215 -1.95231 0.908682 17.5
7.27065 -1.94019 0.907999 17.6
7.31915 -1.92806 0.907317 17.7
7.36765 -1.91591 0.906635 17.8
7.41615 -1.90375 0.905954 17.9
7.46464 -1.89158 0.905272 18
7.51314 -1.8794 0.904591 18.1
7.56163 -1.86721 0.90391 18.2
7.61011 -1.85501 0.90323 18.3
7.6586 -1.8428 0.902549 18.4
7.70708 -1.83058 0.901869 18.5
7.75556 -1.81836 0.901189 18.6
7.80404 -1.80612 0.900509 18.7
7.85252 -1.79388 0.899829 18.8
7.901 -1.78163 0.89915 18.9
7.94947 -1.76937 0.898471 19
7.99794 -1.75711 0.897791 19.1
8.04642 -1.74484 0.897112 19.2
8.09488 -1.73257 0.896433 19.3
8.14335 -1.72029 0.895754 19.4
8.19182 -1.708 0.895076 19.5
8.24029 -1.69571 0.894397 19.6
8.28875 -1.68341 0.893719 19.7
8.33721 -1.67111 0.89304 19.8
8.38567 -1.65881 0.892362 19.9
8.43414 -1.6465 0.891684 20
8.4826 -1.63418 0.891005 20.1
8.53105 -1.62186 0.890327 20.2
8.57951 -1.60954 0.889649 20.3
8.62797 -1.59722 0.888971 20.4
8.67643 -1.58489 0.888293 20.5
8.72488 -1.57256 0.887616 20.6
8.77334 -1.56022 0.886938 20.7
8.82179 -1.54788 0.88626 20.8
8.87024 -1.53554 0.885583 20.9
8.91869 -1.5232 0.884905 21
8.96715 -1.51085 0.884227 21.1
9.0156 -1.49851 0.88355 21.2
9.06405 -1.48615 0.882872 21.3
9.1125 -1.4738 0.882195 21.4
9.16095 -1.46145 0.881517 21.5
9.2094 -1.44909 0.88084 21.6
9.25785 -1.43673 0.880163 21.7
9.30629 -1.42437 0.879485 21.8
9.35474 -1.41201 0.878808 21.9
9.40319 -1.39964 0.878131 22
9.45163 -1.38728 0.877454 22.1
9.50008 -1.37491 0.876777 22.2
9.54853 -1.36254 0.876099 22.3
9.59697 -1.35017 0.875422 22.4
9.64542 -1.3378 0.874745 22.5
9.69386 -1.32542 0.874068 22.6
9.74231 -1.31305 0.873391 22.7
9.79075 -1.30068 0.872714 22.8
9.8392 -1.2883 0.872037 22.9
9.88764 -1.27592 0.87136 23
9.93608 -1.26354 0.870683 23.1
9.98453 -1.25116 0.870006 23.2
10.033 -1.23878 0.869329 23.3
10.0814 -1.2264 0.868652 23.4
10.1299 -1.21402 0.867975 23.5
10.1783 -1.20164 0.867298 23.6
10.2267 -1.18925 0.866621 23.7
10.2752 -1.17687 0.865944 23.8
10.3236 -1.16448 0.865267 23.9
10.3721 -1.1521 0.86459 24
10.4205 -1.13971 0.863913 24.1
10.4689 -1.12733 0.863236 24.2
10.5174 -1.11494 0.862559 24.3
10.5658 -1.10255 0.861882 24.4
10.6143 -1.09016 0.861205 24.5
10.6627 -1.07777 0.860528 24.6
10.7112 -1.06538 0.859852 24.7
10.7596 -1.05299 0.859175 24.8
10.808 -1.0406 0.858498 24.9
10.8565 -1.02821 0.857821 25
10.9049 -1.01582 0.857144 25.1
10.9534 -1.00343 0.856467 25.2
11.0018 -0.99104 0.85579 25.3
11.0502 -0.978648 0.855114 25.4
11.0987 -0.966256 0.854437 25.5
11.1471 -0.953863 0.85376 25.6
11.1956 -0.94147 0.853083 25.7
11.244 -0.929077 0.852406 25.8
11.2924 -0.916683 0.851729 25.9
11.3409 -0.904289 0.851053 26
11.3893 -0.891895 0.850376 26.1
11.4378 -0.879501 0.849699 26.2
11.4862 -0.867107 0.849022 26.3
11.5346 -0.854712 0.848345 26.4
11.5831 -0.842317 0.847669 26.5
11.6315 -0.829922 0.846992 26.6
11.6799 -0.817527 0.846315 26.7
11.7284 -0.805131 0.845638 26.8
11.7768 -0.792736 0.844961 26.9
11.8253 -0.78034 0.844284 27
11.8737 -0.767944 0.843608 27.1
11.9221 -0.755548 0.842931 27.2
11.9706 -0.743152 0.842254 27.3
12.019 -0.730756 0.841577 27.4
12.0675 -0.718359 0.840901 27.5
12.1159 -0.705963 0.840224 27.6
12.1643 -0.693566 0.839547 27.7
12.2128 -0.681169 0.83887 27.8
12.2612 -0.668772 0.838193 27.9
12.3097 -0.656375 0.837517 28
12.3581 -0.643978 0.83684 28.1
12.4065 -0.631581 0.836163 28.2
12.455 -0.619184 0.835486 28.3
12.5034 -0.606787 0.834809 28.4
12.5518 -0.594389 0.834133 28.5
12.6003 -0.581992 0.833456 28.6
12.6487 -0.569594 0.832779 28.7
12.6972 -0.557197 0.832102 28.8
12.7456 -0.544799 0.831425 28.9
12.794 -0.532401 0.830749 29
12.8425 -0.520003 0.830072 29.1
12.8909 -0.507606 0.829395 29.2
12.9394 -0.495208 0.828718 29.3
12.9878 -0.48281 0.828042 29.4
13.0362 -0.470412 0.827365 29.5
13.0847 -0.458014 0.826688 29.6
13.1331 -0.445616 0.826011 29.7
13.1816 -0.433217 0.825334 29.8
13.23 -0.420819 0.824658 29.9
13.2784 -0.408421 0.823981 30
13.3269 -0.396023 0.823304 30.1
13.3753 -0.383625 0.822627 30.2
13.4237 -0.371226 0.821951 30.3
13.4722 -0.358828 0.821274 30.4
13.5206 -0.346429 0.820597 30.5
13.5691 -0.334031 0.81992 30.6
13.6175 -0.321633 0.819243 30.7
13.6659 -0.309234 0.818567 30.8
13.7144 -0.296836 0.81789 30.9
13.7628 -0.284437 0.817213 31
13.8112 -0.272039 0.816536 31.1
13.8597 -0.25964 0.81586 31.2
13.9081 -0.247241 0.815183 31.3
13.9566 -0.234843 0.814506 31.4
14.005 -0.222444 0.813829 31.5
14.0534 -0.210046 0.813152 31.6
14.1019 -0.197647 0.812476 31.7
14.1503 -0.185248 0.811799 31.8
14.1988 -0.17285 0.811122 31.9
14.2472 -0.160451 0.810445 32
14.2956 -0.148052 0.809769 32.1
14.3441 -0.135653 0.809092 32.2
14.3925 -0.123255 0.808415 32.3
14.4409 -0.110856 0.807738 32.4
14.4894 -0.0984572 0.807061 32.5
14.5378 -0.0860584 0.806385 32.6
14.5863 -0.0736597 0.805708 32.7
14.6347 -0.0612609 0.805031 32.8
14.6481 -0.0522635 0.805237 32.9
14.6669 -0.0421379 0.805175 33
14.6905 -0.0315932 0.804932 33.1
14.7183 -0.0212238 0.804571 33.2
14.7498 -0.0115015 0.804129 33.3
14.7843 -0.00279579 0.803636 33.4
14.8215 0.00460392 0.803107 33.5
14.8609 0.0104694 0.802556 33.6
