1388307887.176084874 0 0 0 56.925 0 0  0 0.148098 0
1388307887.275985010 0 0 0 56.94 0 0  0 0.0026205 0
1388307887.375957571 0 0 0 56.945 0 0  0 0.000873091 0
1388307887.476071276 0 0 0 56.95 0 0  0 0.00087186 0
1388307887.575928459 0 0 0 56.967 0 0  0 0.002971 0
1388307887.676098318 0 0 0 56.972 0 0  0 0.000871371 0
1388307887.776021988 0 0 0 56.983 0 0  0 0.00192161 0
1388307887.876056849 0 0 0 56.991 0 0  0 0.00139568 0
1388307887.975927649 0 0 0 57.002 0 0  0 0.00192196 0
1388307888.076054488 0 0 0 57.006 0 0  0 0.000697529 0
1388307888.175917812 0 0 0 57.025 0 0  0 0.00332084 0
1388307888.276019303 0 0 0 57.03 0 0  0 0.000871301 0
1388307888.376057026 0 0 0 57.043 0 0  0 0.00226816 0
1388307888.475923912 0 0 0 57.055 0 0  0 0.00209737 0
1388307888.576177713 0 0 0 57.061 0 0  0 0.00104464 0
1388307888.676033714 0 0 0 57.073 0 0  0 0.0020976 0
1388307888.776058308 0 0 0 57.082 0 0  0 0.00157021 0
1388307888.876027513 0 0 0 57.091 0 0  0 0.00157108 0
1388307888.975915637 0 0 0 57.101 0 0  0 0.00174766 0
1388307889.076048132 0 0 0 57.103 0 0  0 0.000348412 0
1388307889.176022367 0 0 0 57.117 0 0  0 0.00244408 0
1388307889.276049340 0 0 0 57.122 0 0  0 0.000872616 0
1388307889.375946952 0 0 0 57.133 0 0  0 0.00192144 0
1388307889.476041872 0 0 0 57.137 0 0  0 0.000697752 0
1388307889.575966244 0 0 0 57.15 0 0  0 0.00227073 0
1388307889.676034483 0 0 0 57.159 0 0  0 0.00156953 0
1388307889.775933503 0 0 0 57.171 0 0  0 0.00209669 0
1388307889.876049800 0 0 0 57.175 0 0  0 0.000696938 0
1388307889.976037581 0 0 0 57.184 0 0  0 0.00157079 0
1388307890.075961390 0 0 0 57.194 0 0  0 0.00174703 0
1388307890.175930593 0 0 0 57.207 0 0  0 0.00226971 0
1388307890.276050664 0 0 0 57.212 0 0  0 0.000871804 0
1388307890.375971673 0 0 0 57.224 0 0  0 0.00209557 0
1388307890.475939766 0 0 0 57.236 0 0  0 0.00209524 0
1388307890.575934954 0 0 0 57.244 0 0  0 0.00139623 0
1388307890.675940410 0 0 0 57.256 0 0  0 0.00209446 0
1388307890.775930987 0 0 0 57.267 0 0  0 0.00191965 0
1388307890.875956558 0 0 0 57.275 0 0  0 0.00139647 0
1388307890.975888539 0 0 0 57.288 0 0  0 0.00226989 0
1388307891.075909077 0 0 0 57.294 0 0  0 0.00104707 0
1388307891.175943304 0 0 0 57.302 0 0  0 0.00139568 0
1388307891.276003170 0 0 0 57.316 0 0  0 0.00244265 0
1388307891.375926768 0 0 0 57.318 0 0  0 0.000349141 0
1388307891.475944513 0 0 0 57.334 0 0  0 0.00279183 0
1388307891.575947595 0 0 0 57.343 0 0  0 0.00157055 0
1388307891.675938381 0 0 0 57.35 0 0  0 0.00122184 0
1388307891.775967863 0 0 0 57.363 0 0  0 0.00226834 0
1388307891.876056426 0 0 0 57.37 0 0  0 0.00122064 0
1388307891.975960264 0 0 0 57.384 0 0  0 0.0024458 0
1388307892.076056932 0 0 0 57.391 0 0  0 0.00122055 0
1388307892.176058617 0 0 0 57.4 0 0  0 0.00157124 0
1388307892.276060011 0 0 0 57.404 0 0  0 0.000697738 0
1388307892.375944020 0 0 0 57.415 0 0  0 0.00192237 0
1388307892.476038593 0 0 0 57.421 0 0  0 0.0010463 0
1388307892.576018344 0 0 0 57.436 0 0  0 0.00261842 0
1388307892.676060746 0 0 0 57.442 0 0  0 0.00104684 0
1388307892.775925681 0 0 0 57.453 0 0  0 0.00192207 0
1388307892.875950060 0 0 0 57.457 0 0  0 0.000698244 0
1388307892.975926671 0 0 0 57.471 0 0  0 0.00244402 0
1388307893.076040590 0 0 0 57.482 0 0  0 0.00191729 0
1388307893.176043114 0 0 0 57.491 0 0  0 0.00157123 0
1388307893.276011481 0 0 0 57.503 0 0  0 0.00209457 0
1388307893.375923136 0 0 0 57.515 0 0  0 0.00209643 0
1388307893.476031817 0 0 0 57.522 0 0  0 0.0012204 0
1388307893.575944381 0 0 0 57.534 0 0  0 0.00209641 0
1388307893.676051735 0 0 0 57.539 0 0  0 0.000871915 0
1388307893.775978131 0 0 0 57.55 0 0  0 0.00192089 0
1388307893.875943426 0 0 0 57.562 0 0  0 0.0020953 0
1388307893.976059024 0 0 0 57.568 0 0  0 0.00104608 0
1388307894.076034515 0 0 0 57.576 0 0  0 0.0013965 0
1388307894.176031938 0 0 0 57.586 0 0  0 0.00174508 0
1388307894.275897565 0 0 0 57.594 0 0  0 0.00139871 0
1388307894.375948070 0 0 0 57.606 0 0  0 0.00209285 0
1388307894.475936623 0 0 0 57.613 0 0  0 0.00122187 0
1388307894.576058082 0 0 0 57.621 0 0  0 0.00139447 0
1388307894.676064583 0 0 0 57.63 0 0  0 0.00157116 0
1388307894.776059847 0 0 0 57.636 0 0  0 0.00104734 0
1388307894.875925685 0 0 0 57.643 0 0  0 0.00122337 0
1388307894.976020327 0 0 0 57.66 0 0  0 0.00296396 0
1388307895.075915293 0 0 0 57.67 0 0  0 0.00174687 0
1388307895.175960276 0 0 0 57.673 0 0  0 0.000523741 0
1388307895.276024398 0 0 0 57.692 0 0  0 0.00331418 0
1388307895.375936336 0 0 0 57.704 0 0  0 0.00209576 0
1388307895.475951151 0 0 0 57.704 0 0  0 0 0
1388307895.576051656 0 0 0 57.718 0 0  0 0.002441 0
1388307895.675951446 0 0 0 57.72 0 0  0 0.000349891 0
1388307895.775996426 0 0 0 57.736 0 0  0 0.00279107 0
1388307895.876020322 0 0 0 57.743 0 0  0 0.00122143 0
1388307895.976057694 0 0 0 57.75 0 0  0 0.00122127 0
1388307896.076038145 0 0 0 57.759 0 0  0 0.00157091 0
1388307896.176060781 0 0 0 57.771 0 0  0 0.0020941 0
1388307896.276060157 0 0 0 57.782 0 0  0 0.00192015 0
1388307896.375979221 0 0 0 57.794 0 0  0 0.00209561 0
1388307896.475932291 0 0 0 57.799 0 0  0 0.000873261 0
1388307896.575946963 0 0 0 57.808 0 0  0 0.00157037 0
1388307896.676036508 0 0 0 57.81 0 0  0 0.000349227 0
1388307896.775915971 0 0 0 57.824 0 0  0 0.0024464 0
1388307896.876051538 0 0 0 57.833 0 0  0 0.00156847 0
1388307896.976015792 0 0 0 57.842 0 0  0 0.00157116 0
1388307897.076046096 0 0 0 57.847 0 0  0 0.000872587 0
1388307897.175913277 0 0 0 57.861 0 0  0 0.0024467 0
1388307897.276013434 0 0 0 57.866 0 0  0 0.000871978 0
1388307897.376014914 0 0 0 57.878 0 0  0 0.00209388 0
1388307897.476037828 0 0 0 57.882 0 0  0 0.000698254 0
1388307897.576036229 0 0 0 57.9 0 0  0 0.00314191 0
1388307897.675928678 0 0 0 57.912 0 0  0 0.00209616 0
1388307897.776072974 0 0 0 57.916 0 0  0 0.000697408 0
1388307897.876015228 0 0 0 57.924 0 0  0 0.00139697 0
1388307897.975923039 0 0 0 57.937 0 0  0 0.00227111 0
1388307898.075934847 0 0 0 57.947 0 0  0 0.00174483 0
1388307898.176033471 0 0 0 57.953 0 0  0 0.00104626 0
1388307898.275958887 0 0 0 57.96 0 0  0 0.00122264 0
1388307898.376033416 0 0 0 57.972 0 0  0 0.00209302 0
1388307898.476085105 0 0 0 57.981 0 0  0 0.00156979 0
1388307898.575977138 0 0 0 57.99 0 0  0 0.00157296 0
1388307898.675912891 0 0 0 58 0 0  0 0.00174616 0
1388307898.775947608 0 0 0 58.011 0 0  0 0.00191947 0
