1388130849.261236859 0 0 0 8.214 0 0  0 0.0242597 2
1388130849.361271856 0 0 0 8.217 0 0  0 0.000523461 2
1388130849.461269978 0 0 0 8.219 0 0  0 0.000349047 2
1388130849.561247984 0 0 0 8.22 0 0  0 0.000174642 2
1388130849.661341297 0 0 0 8.224 0 0  0 0.00069743 2
1388130849.761218870 0 0 0 8.225 0 0  0 0.000174818 2
1388130849.861207142 0 0 0 8.227 0 0  0 0.000349081 2
1388130849.961218466 0 0 0 8.229 0 0  0 0.000349001 2
1388130850.061245995 0 0 0 8.23 0 0  0 0.000174389 2
1388130850.161222601 0 0 0 8.233 0 0  0 0.000523767 2
1388130850.261246704 0 0 0 8.237 0 0  0 0.000698079 2
1388130850.361201667 0 0 0 8.241 0 0  0 0.000698396 2
1388130850.461207606 0 0 0 8.244 0 0  0 0.000523613 2
1388130850.561203421 0 0 0 8.247 0 0  0 0.0005235 2
1388130850.661297996 0 0 0 8.249 0 0  0 0.000348711 2
1388130850.761296884 0 0 0 8.251 0 0  0 0.000349211 2
1388130850.861301645 0 0 0 8.251 0 0  0 0 2
1388130850.961323230 0 0 0 8.255 0 0  0 0.00069793 2
1388130851.061219385 0 0 0 8.258 0 0  0 0.000524188 2
1388130851.161301524 0 0 0 8.257 0 0  0 -0.00017446 2
1388130851.261303625 0 0 0 8.26 0 0  0 0.000523633 2
1388130851.361269410 0 0 0 8.26 0 0  0 0 2
1388130851.461317609 0 0 0 8.264 0 0  0 0.000697745 2
1388130851.561248958 0 0 0 8.267 0 0  0 0.000524004 2
1388130851.661282700 0 0 0 8.267 0 0  0 0 2
1388130851.761222437 0 0 0 8.268 0 0  0 0.000174542 2
1388130851.861228171 0 0 0 8.272 0 0  0 0.000698208 2
1388130851.961359825 0 0 0 8.273 0 0  0 0.000174208 2
1388130852.061229509 0 0 0 8.276 0 0  0 0.000524327 2
1388130852.161354812 0 0 0 8.28 0 0  0 0.000697207 2
1388130852.261255711 0 0 0 8.284 0 0  0 0.00069894 2
1388130852.361228833 0 0 0 8.286 0 0  0 0.000349134 2
1388130852.461331369 0 0 0 8.289 0 0  0 0.000522941 2
1388130852.561253918 0 0 0 8.29 0 0  0 0.000174739 2
1388130852.661213560 0 0 0 8.29 0 0  0 0 2
1388130852.761272794 0 0 0 8.293 0 0  0 0.000523334 2
1388130852.861364005 0 0 0 8.295 0 0  0 0.000348722 2
1388130852.961224195 0 0 0 8.297 0 0  0 0.000349529 2
1388130853.061254651 0 0 0 8.298 0 0  0 0.00017455 2
1388130853.161264370 0.000131728 8.85227e-05 0.005 8.302 0 0  0.0499951 0.000698013 7
1388130853.261334850 0.000304282 0.000198994 0.007 8.303 0 0  0.0199859 0.000174481 7
1388130853.361322769 0.00131803 0.000711156 0.136 8.307 0.0101387 0  1.29016 0.000698165 7
1388130853.461240507 0.00249322 0.00135182 0.242 8.312 0.0117616 0  1.06087 0.000873403 7
1388130853.561262582 0.00385046 0.00209106 0.33 8.314 0.0135694 0  0.879806 0.000348964 7
1388130853.661220399 0.00537596 0.00309735 0.595 8.288 0.0152615 0.0100671  2.65112 -0.00453978 7
1388130853.761283057 0.00701375 0.00416562 0.757 8.347 0.0163677 0.010676  1.61899 0.010291 7
1388130853.861205122 0.00861108 0.00514134 0.972 8.331 0.0159857 0  2.15168 -0.00279467 7
1388130853.961354731 0.0101929 0.00618888 1.136 8.31 0.0157948 0.0104597  1.63755 -0.0036597 7
1388130854.061302636 0.0118089 0.00729261 1.365 8.299 0.0161682 0.011043  2.29119 -0.00192097 7
1388130854.161225260 0.0132106 0.00833903 1.487 8.322 0.0140281 0.0104724  1.22094 0.00401732 7
1388130854.261276668 0.0145567 0.00925654 1.59 8.331 0.0134536 0  1.02947 0.00157012 7
1388130854.361237564 0.0157408 0.0101004 1.608 8.317 0.0118462 0  0.18007 -0.00244441 7
1388130854.461242462 0.0166848 0.010739 1.565 8.327 0 0  -0.429979 0.00174512 7
1388130854.561378237 0.0175129 0.0113018 1.507 8.335 0 0  -0.579214 0.00139444 7
1388130854.661216700 0.0183438 0.0117982 1.456 8.332 0 0  -0.510825 -0.000524491 7
1388130854.761360163 0.0190154 0.0123673 1.354 8.338 0 0  -1.01854 0.00104579 7
1388130854.861214832 0.0200073 0.0128179 1.272 8.328 0 0  -0.821193 -0.00174791 7
1388130854.961322183 0.0211262 0.0131703 1.123 8.342 0.0111777 0  -1.4884 0.00244083 7
1388130855.061314437 0.0225037 0.0137248 0.969 8.321 0.0137761 0  -1.54012 -0.00366546 7
1388130855.161223859 0.0241239 0.0139232 0.821 8.324 0.0162165 0  -1.48134 0.000524119 7
1388130855.261307680 0.0262415 0.0135775 0.637 8.203 0.0211587 0  -1.83846 -0.0211008 7
1388130855.361221571 0.0286579 0.0130777 0.6 7.963 0.0241843 0  -0.370319 -0.041924 7
1388130855.461308956 0.0313014 0.0127984 0.614 7.635 0.0264118 0  0.139878 -0.0571967 7
1388130855.561357777 0.0340441 0.0124317 0.432 7.425 0.0274141 0  -1.81911 -0.036634 7
1388130855.861364988 0.0442504 0.0105795 0.245 7.176 0.03402 0  -0.623318 -0.0144859 7
1388130855.961336984 0.0481011 0.00968808 0.045 7.928 0.0385181 0  -2.00056 0.131285 7
1388130856.061364861 0.0455751 0.013973 -0.042 8.07 -0.0252532 0.0428368  -0.869758 0.0247767 7
1388130856.161206958 0.0411353 0.0168276 0.01 7.712 -0.0444676 0.0285913  0.520822 -0.0625816 7
1388130856.261362851 0.0366986 0.0199144 -0.036 7.599 -0.0442981 0.0308203  -0.459284 -0.0196915 7
1388130856.361335130 0.0574622 0.0133199 0.102 9.652 0.207693 -0.0659629  1.38038 0.358416 7
1388130856.461299732 0.0788606 0.00189593 0.187 9.593 0.21406 -0.11428  0.850301 -0.0103011 7
1388130856.561310143 0.0867661 -0.0133213 0.291 9.594 0.0790463 -0.152157  1.03989 0.000174419 7
1388130856.661303652 0.0875404 -0.0285774 0.373 9.561 0 -0.15257  0.820053 -0.00575996 7
1388130856.761231512 0.0875356 -0.0421097 0.464 9.531 0 -0.135421  0.910657 -0.00523972 7
1388130856.861198839 0.0855713 -0.0511502 0.575 9.471 -0.019649 -0.0904344  1.11036 -0.0104755 7
1388130856.961366253 0.0815694 -0.0605944 0.752 9.306 -0.0399531 -0.0942838  1.76704 -0.0287498 7
1388130857.061334834 0.0798502 -0.0700689 0.902 9.332 -0.017197 -0.0947753  1.50047 0.00453929 7
1388130857.161359214 0.077325 -0.0799466 0.904 9.332 -0.0252461 -0.0987524  0.0199951 0 7
1388130857.361356575 0.0678688 -0.106243 0.97 9.378 -0.0472816 -0.131484  0.330004 0.00401435 7
1388130857.461354205 0.0681443 -0.117527 1.066 9.275 0 -0.112838  0.960023 -0.0179774 7
1388130857.961337689 0.0896184 -0.161683 1.096 9.146 0.0429497 -0.0883156  0.060002 -0.00450309 7
1388130858.061335112 0.0940435 -0.170077 1.094 9.143 0.0442515 -0.0839419  -0.0200005 -0.000523658 7
1388130858.661367492 0.0581544 -0.0727434 0.999 8.499 -0.0598119 0.162214  -0.158325 -0.0187322 7
1388130858.861243325 0.0478767 -0.0592813 0.977 9.235 -0.05142 0.0673524  -0.110068 0.064268 7
1388130858.961230898 0.0516737 -0.0560254 0.985 9.849 0.0379739 0.0325635  0.0800099 0.107177 7
1388130859.061202833 0.0566698 -0.0535676 0.987 9.977 0.0499756 0.0245844  0.0200056 0.0223465 7
1388130859.161208775 0.0631556 -0.0513623 0.975 10.082 0.0648543 0.0220514  -0.119993 0.0183248 7
1388130859.261190971 0.0673668 -0.04964 0.966 10.12 0.0421191 0.0172265  -0.090016 0.00663345 7
1388130859.361298608 0.0699787 -0.0491349 0.959 10.144 0.026091 0  -0.0699247 0.00418432 4
1388130859.461309996 0.0718187 -0.0490684 0.955 10.163 0.0183974 0  -0.0399954 0.00331576 4
1388130859.561370276 0.0734933 -0.0489343 0.952 10.199 0.0167367 0  -0.0299819 0.00627944 4
1388130859.661300304 0.0752826 -0.0474718 0.952 10.153 0.0179057 0.014636  0 -0.00803422 4
1388130859.761294370 0.0768266 -0.0454787 0.95 10.129 0.01544 0.0199319  -0.0200012 -0.00418907 4
1388130859.861355980 0.0786972 -0.0426804 0.95 10.131 0.0186951 0.0279658  0 0.000348826 4
1388130860.961589676 9.9229 0.0219786 0.959 179.926 0 0  0 2.6935 4
1388130861.062050419 9.92323 0.022272 0.961 179.985 0 0  0.0199083 0.0102502 3
1388130861.162445034 9.92383 0.0229709 0.956 -179.928 0 0  -0.0498035 -62.5698 3
1388130861.263024308 9.92377 0.024153 0.955 -179.974 0 0.0117526  0 -0.00798236 3
1388130861.363459004 9.92519 0.0243242 0.949 -179.928 0.0140813 0  -0.0597403 0.00799385 3
1388130861.463963821 9.92389 0.0246121 0.948 -179.883 -0.0129404 0  0 0.00781455 3
1388130861.564278260 9.91694 0.0251361 0.978 -179.858 -0.069228 0  0.29906 0.00434958 3
1388130861.664619020 9.90673 0.0259429 0.953 -179.865 -0.101751 0  -0.249151 -0.00121758 3
1388130861.765080050 9.88704 0.0251026 0.934 -179.91 -0.196046 0  -0.189128 -0.00781795 3
1388130861.865509653 9.85602 0.0231381 0.923 -179.998 -0.308813 -0.0195602  -0.109529 -0.0152931 3
1388130861.965807949 9.80715 0.0193398 0.922 179.695 -0.487248 -0.0378706  0 62.5916 3
1388130862.066129367 9.74371 0.0137432 0.918 179.398 -0.632373 -0.0557861  -0.0398718 -0.0516702 3
1388130862.166539971 9.67784 0.00828715 0.944 179.023 -0.656027 -0.0543377  0.258937 -0.0651822 3
1388130862.266987938 9.61121 0.00388497 0.912 178.559 -0.663293 -0.0438254  -0.318573 -0.0806222 3
1388130862.367611630 9.54433 1.29088e-05 0.898 178.374 -0.664731 -0.0384806  -0.139132 -0.0320884 3
1388130862.468124203 9.48452 0.00234349 0.856 177.294 -0.594974 0.023187  -0.417858 -0.187534 3
1388130862.568518183 9.42815 0.00831016 0.851 176.92 -0.561484 0.0594325  -0.0498038 -0.0650192 3
1388130862.669050103 9.37423 0.0166951 0.847 176.741 -0.536408 0.0834058  -0.0397884 -0.0310761 3
1388130862.769623644 9.32049 0.0252735 0.847 176.73 -0.534296 0.085295  0 -0.00190894 3
1388130862.870162963 9.26934 0.0385938 0.844 176.516 -0.508751 0.132488  -0.0298391 -0.0371497 3
1388130862.970767728 9.21963 0.0571348 0.843 176.355 -0.494142 0.184295  0 -0.0279308 3
1388130863.071319415 9.16948 0.0775177 0.847 176.333 -0.498702 0.202711  0.0397805 -0.00381863 3
1388130863.171919707 9.12208 0.100087 0.846 176.335 -0.471226 0.224349  0 0.000346958 3
1388130863.272487172 9.07489 0.128282 0.845 176.748 -0.469223 0.280361  0 0.0716754 3
1388130863.473647877 8.98128 0.181948 0.848 177.044 -0.465351 0.266777  0.0149134 0.0256818 3
1388130863.574250127 8.93309 0.208805 0.848 177.122 -0.479027 0.266972  0 0.013532 3
1388130863.674897844 8.88114 0.232672 0.846 177.232 -0.516149 0.237128  -0.0198713 0.0190751 3
1388130863.775570073 8.82351 0.243812 0.848 178.857 -0.572424 0.110657  0.0198665 0.281722 3
1388130863.876192085 8.7656 0.254418 0.848 178.919 -0.575587 0.10541  0 0.0107542 3
1388130864.279083332 8.5261 0.190389 0.839 -178.972 -0.594437 -0.158925  -0.0223385 -15.5039 3
1388130864.379397480 8.46618 0.173496 0.839 -178.703 -0.597357 -0.168405  0 0.0468023 3
1388130864.580062880 8.34887 0.135316 0.837 -178.109 -0.584577 -0.190265  0 0.0516644 3
1388130864.881594232 8.18994 -0.0214232 0.826 -174.23 -0.527073 -0.519811  -0.0364805 0.224525 3
1388130864.982257949 8.14147 -0.0862659 0.818 -173.557 -0.481592 -0.644152  -0.0794725 0.116686 3
1388130865.082973130 8.09635 -0.155878 0.815 -173.456 -0.447962 -0.691182  -0.029787 0.0175026 3
1388130865.183492686 8.06247 -0.225075 0.815 -173.889 -0.337035 -0.688389  0 -0.0751819 3
1388130865.284021740 8.03432 -0.291545 0.776 -175.513 -0.280046 -0.661198  -0.387948 -0.28195 3
1388130865.384498902 8.00282 -0.325492 0.81 176.329 -0.313473 -0.337856  0.338385 61.1164 3
1388130865.484840994 7.96966 -0.338332 0.783 173.739 -0.330462 -0.127969  -0.26908 -0.450499 3
1388130865.585162617 7.93707 -0.33713 0.774 172.083 -0.324852 0.0119855  -0.0897115 -0.2881 3
1388130865.685593194 7.90409 -0.326565 0.775 171.156 -0.328446 0.105194  0 -0.161098 3
1388130865.786185247 7.87031 -0.311854 0.776 170.548 -0.335784 0.146248  0 -0.105491 3
1388130865.886651657 7.82514 -0.278976 0.78 167.858 -0.449556 0.327256  0.0398143 -0.467314 3
1388130865.987154449 7.77724 -0.246938 0.782 166.953 -0.476671 0.318773  0.0198999 -0.157162 3
1388130866.087657876 7.72916 -0.214152 0.806 166.748 -0.47835 0.326217  0.238798 -0.0356001 3
1388130866.188135662 7.68112 -0.175037 0.822 166.479 -0.478087 0.389295  0.159239 -0.0467261 3
1388130866.288473210 7.62996 -0.14027 0.839 166.461 -0.509932 0.346496  0.169428 -0.003131 3
1388130866.388991094 7.583 -0.111623 0.84 166.708 -0.467187 0.284993  0 0.0428875 3
1388130866.489350504 7.53605 -0.0892411 0.838 166.981 -0.467792 0.223019  -0.0199284 0.0474769 3
1388130866.589827458 7.48662 -0.0693334 0.837 167.145 -0.491924 0.198132  0 0.0284875 3
1388130866.690306083 7.43945 -0.0575572 0.843 167.666 -0.469507 0.117201  0.0597142 0.0904985 3
1388130866.790651600 7.3948 -0.0493791 0.842 167.942 -0.44493 0.0814996  0 0.0480052 3
1388130866.891147962 7.3452 -0.0455725 0.84 168.472 -0.493615 0.0378784  -0.0199012 0.0920456 3
1388130866.991527631 7.29862 -0.0419362 0.835 168.834 -0.463984 0.036225  -0.0498109 0.0629419 3
1388130867.092109274 7.24995 -0.0391446 0.835 169.121 -0.483924 0.0277543  0 0.0498013 3
1388130867.192596981 7.19928 -0.0363032 0.836 169.237 -0.5042 0.0282761  0 0.0201476 3
1388130867.293084833 7.14714 -0.0336591 0.834 169.412 -0.518899 0.0263129  -0.0199029 0.030395 3
1388130867.393623107 7.09347 -0.0300405 0.824 170.003 -0.533849 0.0359928  -0.0994646 0.102597 3
1388130867.493945923 7.03759 -0.02596 0.823 170.34 -0.556964 0.040673  0 0.0586283 3
1388130867.594442503 6.98179 -0.0224438 0.823 170.766 -0.555192 0.0349887  0 0.0739836 3
1388130867.694893539 6.92607 -0.0214249 0.818 171.127 -0.554721 0.0101428  -0.0497755 0.0627235 3
1388130867.795247362 6.87189 -0.0222717 0.813 171.443 -0.539889 0  -0.0498237 0.0549579 3
1388130867.895642251 6.81863 -0.0231476 0.81 171.673 -0.530499 0  -0.029882 0.0399847 3
1388130867.995996215 6.76516 -0.0247252 0.805 171.868 -0.532791 -0.0157202  -0.0498236 0.0339139 3
1388130868.096395504 6.71255 -0.0273637 0.802 172.097 -0.524061 -0.0262801  -0.0298807 0.0398091 3
1388130868.196873578 6.65869 -0.0298695 0.798 172.292 -0.536048 -0.0249387  -0.0398097 0.033872 3
1388130868.297383152 6.60394 -0.0337814 0.795 172.405 -0.544688 -0.0389201  -0.0298479 0.0196222 3
1388130868.398018079 6.54786 -0.0395972 0.792 172.625 -0.557277 -0.0577911  -0.0298107 0.038155 3
1388130868.498425957 6.49099 -0.0452141 0.788 172.793 -0.566442 -0.0559413  -0.0398375 0.0292024 3
1388130868.598870367 6.43473 -0.0501305 0.783 172.913 -0.560051 -0.048946  -0.0497788 0.0208513 3
1388130868.699314422 6.37811 -0.0533984 0.782 173.013 -0.563754 -0.032535  0 0.0173762 3
1388130868.799736410 6.32171 -0.0562415 0.785 173.158 -0.561585 -0.0283117  0.0298739 0.0252009 3
1388130868.900176697 6.26438 -0.0584907 0.78 173.327 -0.570774 -0.0223933  -0.0497808 0.0293668 3
1388130869.000683125 6.20812 -0.0618177 0.777 173.536 -0.559811 -0.0331016  -0.0298488 0.0362936 3
1388130869.101206801 6.152 -0.0683459 0.77 173.763 -0.558214 -0.0649429  -0.0696353 0.0394126 3
1388130869.201628648 6.09766 -0.0751909 0.761 173.903 -0.5411 -0.068162  -0.0896219 0.0243319 3
1388130869.303802186 6.04236 -0.0849658 0.755 174.036 -0.541311 -0.0956694  -0.0587236 0.0227191 3
1388130869.404270901 5.98722 -0.098334 0.748 174.048 -0.548778 -0.133059  -0.0696734 0.00208464 3
1388130869.504748272 5.93387 -0.110553 0.74 174.054 -0.530981 -0.12161  -0.0796199 0.00104223 3
1388130869.605399337 5.88065 -0.123428 0.736 173.949 -0.52873 -0.127912  -0.0397413 -0.0182074 3
1388130869.705887257 5.82562 -0.133937 0.728 173.562 -0.547622 -0.104581  -0.0796116 -0.0672163 3
1388130869.806372521 5.77119 -0.143605 0.725 173.41 -0.541701 -0.0962143  -0.0298551 -0.0264009 3
1388130870.007446695 5.66431 -0.157782 0.722 173.154 -0.531564 -0.0705086  -0.0149199 -0.0222209 3
1388130870.208229910 5.55081 -0.146828 0.726 171.601 -0.565265 0.054558  0.019922 -0.134996 3
1388130870.308797446 5.50157 -0.132454 0.735 169.205 -0.489656 0.142933  0.0894921 -0.415821 3
1388130870.409156854 5.45764 -0.110998 0.739 168.68 -0.437744 0.213786  0.0398568 -0.0913016 3
1388130870.509569907 5.42216 -0.0810954 0.743 169.153 -0.353287 0.297798  0.0398355 0.0822145 3
1388130870.610098331 5.39882 -0.0448125 0.741 170.308 -0.232163 0.360921  -0.0198949 0.200526 3
1388130870.710630386 5.38072 -0.00600624 0.738 171.713 -0.18009 0.386009  -0.0298412 0.243921 3
1388130870.811203164 5.36402 0.0310293 0.74 173.344 -0.166053 0.368247  0.0198861 0.283042 3
1388130870.911639193 5.34965 0.0642047 0.74 175 -0.1431 0.330313  0 0.287772 3
1388130871.011946498 5.33572 0.0925555 0.747 176.454 -0.138868 0.28264  0.0697855 0.252993 3
1388130871.112315894 5.31575 0.114485 0.767 177.807 -0.198932 0.218489  0.199264 0.235274 3
1388130871.212648207 5.28793 0.126444 0.78 179.103 -0.277282 0.119195  0.129569 0.225445 3
1388130871.313128585 5.25586 0.131644 0.793 -179.934 -0.319112 0.0517529  0.129378 -62.3642 3
1388130871.413511180 5.21752 0.130303 0.8 -179.668 -0.381965 -0.0133668  0.0697332 0.0462489 3
1388130871.514059579 5.17385 0.12373 0.797 -179.774 -0.434358 -0.0653647  -0.0298364 -0.0183996 3
1388130871.614499373 5.12159 0.105687 0.779 179.435 -0.520319 -0.179639  -0.179212 62.4193 3
1388130871.714980029 5.06569 0.0833911 0.77 178.851 -0.556273 -0.221897  -0.0895695 -0.10144 3
1388130871.815644789 5.01617 0.0642441 0.741 178.315 -0.49197 -0.190205  -0.288085 -0.0929319 3
1388130871.916138225 4.96338 0.0484794 0.72 177.721 -0.525263 -0.156873  -0.208969 -0.103163 3
1388130872.016564197 4.90646 0.0378135 0.711 177.23 -0.566774 -0.106207  -0.0896183 -0.0853322 3
1388130872.117113988 4.84707 0.0319493 0.707 176.838 -0.59066 -0.0583209  -0.0397813 -0.0680428 3
1388130872.217550091 4.77978 0.0310812 0.716 176.031 -0.670006 0  0.0896092 -0.140236 3
1388130872.317963491 4.70331 0.0331844 0.723 175.477 -0.761504 0.0209461  0.0697118 -0.0962932 3
1388130872.418312772 4.62081 0.0377217 0.738 175.11 -0.822202 0.0452144  0.149478 -0.0638306 3
1388130872.518700252 4.52612 0.0439677 0.753 175.004 -0.943263 0.0622189  0.149421 -0.0184291 3
1388130872.619093818 4.44135 0.0499577 0.764 175.174 -0.844381 0.0596657  0.109569 0.0295542 3
1388130872.719503305 4.34552 0.0541846 0.765 175.452 -0.954307 0.0420967  0 0.0483223 3
1388130872.819918727 4.25004 0.0562797 0.77 175.548 -0.950927 0.0208641  0.0497931 0.0166858 3
1388130872.920336942 4.16455 0.0566281 0.771 175.77 -0.851322 0  0 0.038585 3
1388130873.020753347 4.08965 0.0550634 0.771 175.997 -0.745897 -0.0155823  0 0.0394546 3
1388130873.121091732 4.01999 0.0529156 0.769 176.347 -0.694219 -0.021405  -0.0199326 0.0608806 3
1388130873.221427188 3.9693 0.0516055 0.768 176.569 -0.505247 -0.0130576  0 0.0386167 3
1388130873.321897363 3.92148 0.0514902 0.767 176.763 -0.475944 0  0 0.033701 3
1388130873.422379276 3.88752 0.0530858 0.779 177.173 -0.337966 0.0158798  0.119424 0.0712153 3
1388130873.523012606 3.85442 0.0557873 0.778 177.822 -0.328909 0.0268447  0 0.112559 3
1388130873.623398763 3.82348 0.0567677 0.773 178.772 -0.308162 0  -0.0498077 0.165168 3
1388130873.723821520 3.78663 0.0546207 0.815 179.566 -0.367025 -0.0213799  0.418232 0.137996 3
1388130873.824306227 3.75128 0.049996 0.795 -179.638 -0.351742 -0.046024  -0.199035 -62.3905 3
1388130873.924817885 3.70339 0.0419822 0.769 -178.947 -0.476463 -0.0797297  -0.258676 0.119988 3
1388130874.025235270 3.65781 0.0271314 0.751 -178.276 -0.453926 -0.147891  -0.179252 0.116625 3
1388130874.125586718 3.60951 0.00492351 0.741 -178.082 -0.481347 -0.221301  -0.0996498 0.0337408 3
1388130874.225986916 3.56141 -0.0240754 0.734 -178.163 -0.479069 -0.288833  -0.069721 -0.0140807 3
1388130874.327031820 3.51465 -0.0562248 0.726 -178.599 -0.462699 -0.318169  -0.0791727 -0.0753096 3
1388130874.427464984 3.46731 -0.0926101 0.746 -179.22 -0.471426 -0.362284  0.199137 -0.107917 3
1388130874.527932926 3.41864 -0.133914 0.728 179.941 -0.484427 -0.411111  -0.179162 62.3935 3
1388130874.628378658 3.37409 -0.174305 0.713 178.967 -0.443531 -0.402119  -0.149334 -0.169241 3
1388130874.728810354 3.33045 -0.205152 0.704 177.761 -0.43453 -0.307143  -0.0896131 -0.209582 3
1388130874.829233180 3.29081 -0.222076 0.704 176.683 -0.394649 -0.16853  0 -0.187354 3
1388130874.929687995 3.24375 -0.227801 0.706 175.594 -0.468553 -0.0569926  0.0199094 -0.189206 3
1388130875.030157403 3.19323 -0.222729 0.712 174.342 -0.502804 0.0504808  0.0597197 -0.217494 3
1388130875.130700779 3.14043 -0.215218 0.725 173.39 -0.525097 0.0747063  0.129297 -0.165257 3
1388130875.231265381 3.08688 -0.206933 0.725 173.294 -0.532566 0.08239  0 -0.0166611 3
1388130875.331736257 3.03439 -0.194665 0.734 171.44 -0.522397 0.122099  0.0895782 -0.322067 3
1388130875.432169629 2.9831 -0.179466 0.741 170.814 -0.51067 0.151339  0.0696979 -0.108786 3
1388130875.532599650 2.93636 -0.162773 0.745 170.243 -0.465436 0.166215  0.0398287 -0.0992316 3
1388130875.632980919 2.88701 -0.145887 0.743 169.948 -0.491661 0.168213  -0.019924 -0.0512917 3
1388130875.733526036 2.83478 -0.12985 0.79 169.567 -0.519479 0.159508  0.467452 -0.0661365 3
1388130875.834134154 2.78171 -0.117208 0.743 168.958 -0.527445 0.125649  -0.467159 -0.105648 3
1388130875.934659435 2.72108 -0.105456 0.73 168.628 -0.603136 0.11691  -0.129321 -0.0572949 3
1388130876.035118367 2.66123 -0.0937089 0.725 168.324 -0.595794 0.116933  -0.0497716 -0.0528156 3
1388130876.135547200 2.60053 -0.0807322 0.724 168.08 -0.604327 0.129213  0 -0.0424042 3
1388130876.235987769 2.54621 -0.0678595 0.73 167.944 -0.540871 0.128162  0.0597368 -0.0236323 3
1388130876.336390061 2.49086 -0.0538156 0.77 167.912 -0.551236 0.139876  0.398397 -0.00556269 3
1388130876.436731452 2.43723 -0.0422383 0.748 167.965 -0.534515 0.11538  -0.219251 0.00921877 3
1388130876.537248427 2.3846 -0.0323256 0.733 168.126 -0.523608 0.098617  -0.149229 0.0279553 3
1388130876.637774685 2.33631 -0.0244642 0.725 168.303 -0.480381 0.078202  -0.0795812 0.0307306 3
1388130876.738331746 2.29205 -0.0181843 0.723 168.583 -0.440165 0.0624511  -0.0198892 0.0485985 3
1388130876.838862690 2.24539 -0.0112022 0.719 168.923 -0.4641 0.0694525  -0.0397887 0.0590278 3
1388130876.939229501 2.20849 -0.00554024 0.723 169.399 -0.367652 0.0564128  0.0398538 0.082774 3
1388130877.039557553 2.17626 0.000725906 0.727 169.895 -0.321262 0.0624566  0.0398692 0.0862853 3
1388130877.140011250 2.14787 0.00652774 0.731 170.355 -0.282589 0.0577563  0.0398193 0.0799225 3
1388130877.240443711 2.11429 0.0124304 0.731 170.807 -0.33433 0.0587723  0 0.0785492 3
1388130877.341019353 2.08171 0.0158224 0.729 171.262 -0.323954 0.0337264  -0.0198855 0.078958 3
1388130877.441577456 2.04471 0.0187865 0.731 171.693 -0.367916 0.0294765  0.019889 0.0748062 3
1388130877.542056855 2.0171 0.0189791 0.729 171.876 -0.274778 0  -0.0199046 0.0317871 3
1388130877.843923946 1.9526 0.0174254 0.727 172.127 -0.21367 0  0 0.0145123 3
1388130878.044841039 1.84368 0.0109032 0.714 173.062 -0.542162 -0.0324621  -0.0647033 0.0812217 3
1388130878.145377575 1.76099 0.00774756 0.693 174.232 -0.822405 -0.0313881  -0.208879 0.203114 3
1388130878.245797815 1.66797 0.00738488 0.69 174.526 -0.926365 0  -0.0298745 0.051098 3
1388130878.346140183 1.57268 0.00410298 0.69 174.582 -0.949634 -0.032707  0 0.00974045 3
1388130878.446607566 1.47647 -0.0022999 0.688 174.6 -0.957622 -0.0637309  -0.019907 0.003127 3
1388130878.547160163 1.38419 -0.00875177 0.691 174.6 -0.91777 -0.0641641  0.0298351 0 3
1388130878.647476411 1.31275 -0.0142986 0.698 174.633 -0.712068 -0.0552937  0.0697793 0.00574143 3
1388130878.747798945 1.25917 -0.0178244 0.696 174.663 -0.53406 -0.0351443  -0.0199357 0.00521919 3
1388130878.848115120 1.21518 -0.0175373 0.695 174.61 -0.438516 0  0 -0.00922109 3
1388130878.948626506 1.17491 -0.0152211 0.693 174.587 -0.400658 0.0230443  -0.0198982 -0.00399388 3
1388130879.049214507 1.14007 -0.0101501 0.699 174.603 -0.346381 0.0504129  0.0596493 0.00277625 3
1388130879.149598358 1.10649 -0.00526322 0.692 174.531 -0.334571 0.0486822  -0.0697323 -0.0125183 3
1388130879.250069166 1.06553 0.00113722 0.692 174.484 -0.407632 0.0637045  0 -0.00816468 3
1388130879.351168620 1.01786 0.00745809 0.695 174.574 -0.471492 0.0625214  0.0296738 0.0155372 3
1388130879.451685446 0.965581 0.0131465 0.706 174.709 -0.520145 0.056592  0.109434 0.0234408 3
1388130879.552348037 0.910415 0.016606 0.709 174.97 -0.548023 0.0343674  0.0298025 0.0452532 3
1388130879.652803205 0.854243 0.0171587 0.715 175.189 -0.559181 0  0.0597281 0.0380496 3
1388130879.753164845 0.797427 0.0150514 0.718 175.406 -0.566108 -0.0209976  0.0298919 0.0377372 3
1388130879.853588442 0.742109 0.0105416 0.724 175.496 -0.550851 -0.0449071  0.0597469 0.0156416 3
1388130879.953942684 0.691515 0.00579196 0.723 175.448 -0.504151 -0.0473289  0 -0.00834798 3
1388130879.954075592 0.691448 0.00578555 0.722 175.442 -0.50693 -0.0482146  -7.524 -0.787917 3
1388130879.961949428 0.687438 0.005399 0.722 175.447 -0.509222 -0.0490939  0 0.0110833 3
1388130880.062002651 0.631362 0.000867298 0.723 175.406 -0.56046 -0.0452929  0 -0.00715202 8
1388130880.161878135 0.578553 -0.00494802 0.712 174.554 -0.528746 -0.0582257  -0.110137 -0.148887 8
1388130880.261877163 0.529903 -0.0104958 0.716 174.059 -0.486513 -0.0554787  0.0400004 -0.0863946 8
1388130880.361838476 0.489184 -0.0156544 0.717 173.634 -0.407342 -0.0516053  0.0100039 -0.0742052 8
1388130880.461893588 0.462218 -0.0203089 0.723 173.305 -0.269517 -0.0465194  0.059967 -0.0573897 8
1388130880.561959249 0.445344 -0.0238572 0.728 173.14 -0.168626 -0.0354604  0.0499672 -0.0287791 4
1388130880.662015688 0.437487 -0.028837 0.73 172.961 -0.0785292 -0.0497697  0.0199887 -0.0312238 4
1388130880.761857853 0.431573 -0.0414116 0.733 172.875 -0.0592332 -0.125945  0.0300474 -0.0150336 4
1388130880.862032464 0.425213 -0.057959 0.732 172.787 -0.0634873 -0.165186  0 -0.0153321 4
1388130880.962023878 0.420796 -0.0737273 0.729 172.674 -0.0441751 -0.157696  -0.0300026 -0.0197239 4
1388130881.061856477 0.416893 -0.0892018 0.73 172.674 -0.0390933 -0.155004  0.0100168 0 4
1388130881.162042123 0.412349 -0.105013 0.73 172.638 -0.0453513 -0.157815  0 -0.00627154 4
1388130881.562022946 0.394598 -0.168338 0.731 172.652 -0.0443795 -0.158321  0 0.000610892 4
1388130881.761897035 0.394921 -0.175213 0.719 173.096 0 -0.034394  -0.0600378 0.0387707 4
1388130881.866353401 0.396514 -0.178421 0.723 173.093 0.0152514 -0.0307194  0.0382935 -0.000501264 4
1388130881.961985748 0.398703 -0.180915 0.728 173.095 0.0228854 -0.0260699  0.0522836 0.000365025 4
1388130882.061859347 0.401167 -0.183374 0.727 173.219 0.0246741 -0.0246215  -0.0100127 0.0216694 4
1388130882.161826031 0.404633 -0.18535 0.729 173.27 0.034674 -0.0197707  0.0200067 0.00890417 4
1388130882.261860330 0.408284 -0.186872 0.731 173.478 0.0364914 -0.0152152  0.0199931 0.0362904 4
1388130882.362097448 0.412157 -0.187229 0.733 173.648 0.0386466 0  0.0199527 0.0296004 4
1388130882.461881228 0.41546 -0.186632 0.735 173.84 0.0330992 0  0.0200433 0.0335829 4
1388130882.561877185 0.419104 -0.185806 0.732 173.892 0.0364437 0  -0.0300012 0.00907605 4
1388130882.661891022 0.423324 -0.184828 0.728 173.952 0.0421849 0  -0.0399945 0.0104706 4
1388130882.761964782 0.427443 -0.184212 0.758 173.958 0.0411616 0  0.299779 0.00104643 4
1388130882.861963665 0.431206 -0.184028 0.747 174.001 0.037633 0  -0.110001 0.00750496 4
1388130882.961879588 0.43613 -0.182304 0.728 174.104 0.0492855 0.0172576  -0.19016 0.017992 4
1388130883.061955230 0.441028 -0.180877 0.725 174.229 0.0489414 0.0142567  -0.0299773 0.0218001 4
1388130883.162085978 0.445639 -0.178523 0.72 174.279 0.0460461 0.023514  -0.0499347 0.0087152 4
1388130883.262029001 0.450223 -0.174823 0.722 174.401 0.0458703 0.0370141  0.0200114 0.0213052 4
1388130883.361975856 0.454854 -0.170379 0.72 174.473 0.0463299 0.0444639  -0.0200106 0.0125731 4
1388130883.462067074 0.459908 -0.16489 0.722 174.636 0.0504992 0.0548379  0.0199818 0.028423 4
1388130883.561915174 0.464119 -0.158624 0.717 174.809 0.0421696 0.0627616  -0.0500761 0.0302401 4
1388130883.662070443 0.468028 -0.15245 0.713 174.902 0.0390333 0.0616399  -0.039938 0.0162064 4
1388130883.761868120 0.472442 -0.145562 0.707 174.969 0.0442217 0.0690238  -0.0601216 0.0117174 4
1388130883.861866243 0.47547 -0.138213 0.7 175.073 0.030284 0.0734909  -0.0700013 0.0181518 4
1388130883.961964997 0.477416 -0.131229 0.695 175.208 0.0194441 0.0697727  -0.0499507 0.0235387 4
1388130884.062095960 0.478099 -0.123937 0.69 175.312 0 0.072826  -0.0499346 0.0181276 4
1388130884.161869472 0.478983 -0.11773 0.683 175.41 0 0.062206  -0.0701589 0.0171431 4
1388130884.262160861 0.479396 -0.109964 0.681 175.445 0 0.0774382  -0.0199419 0.00609096 4
1388130884.362043533 0.481174 -0.102163 0.679 175.407 0.0178012 0.0781034  -0.0200235 -0.00664006 4
1388130884.461981722 0.482522 -0.0944902 0.677 175.372 0.0134808 0.0767713  -0.0200124 -0.00611249 4
1388130884.562387238 0.483686 -0.0864391 0.674 175.374 0.0115952 0.0801855  -0.0298788 0.000347714 4
1388130884.661867345 0.484814 -0.078463 0.676 175.415 0.011336 0.0801774  0.0201045 0.00719323 4
1388130884.761841094 0.485917 -0.0669851 0.675 175.459 0.0110376 0.11481  -0.0100026 0.00768149 4
1388130884.861837047 0.487048 -0.0505719 0.676 175.509 0.0113089 0.164139  0.0100004 0.00872695 4
1388130884.962063969 0.488331 -0.0348949 0.679 175.568 0.0128045 0.156415  0.0299321 0.0102741 4
1388130885.061921290 0.489244 -0.020867 0.684 175.636 0 0.14048  0.0500714 0.0118853 4
1388130885.162004758 0.489336 -0.0110644 0.688 175.665 0 0.0979436  0.0399666 0.0050572 4
1388130885.261871641 0.489199 -0.00336045 0.693 175.666 0 0.0771426  0.0500666 0.000174753 4
1388130885.361881083 0.48907 0.00370018 0.697 175.698 0 0.0705996  0.0399962 0.00558454 4
1388130885.461953726 0.488083 0.00961478 0.697 175.708 0 0.0591031  0 0.0017441 4
1388130885.561902887 0.487236 0.0153395 0.702 175.72 0 0.0572764  0.0500254 0.00209539 4
1388130885.661839471 0.486127 0.020015 0.707 175.757 -0.0111009 0.0467849  0.0500317 0.00646185 4
1388130885.761878807 0.485026 0.0236135 0.71 175.764 -0.0110072 0.0359707  0.0299882 0.00122124 4
1388130885.861877693 0.484167 0.0274574 0.71 175.835 0 0.0384391  0 0.012392 4
1388130885.961980022 0.483347 0.0300978 0.711 175.867 0 0.0263773  0 0.00557936 4
1388130886.061871772 0.482189 0.0324542 0.712 175.929 -0.0115872 0.0235897  0.0100108 0.0108327 4
1388130886.161974024 0.48129 0.0339042 0.71 175.972 0 0.0144848  -0.0199796 0.00749729 4
1388130886.261937785 0.479931 0.0345815 0.715 176.013 -0.0135989 0  0.0500181 0.00715842 4
1388130886.362018669 0.478863 0.0344606 0.716 176.028 -0.0106667 0  0 0.00261585 4
1388130886.462069658 0.477399 0.0339703 0.714 176.049 -0.0146356 0  -0.0199898 0.00366331 4
1388130886.561947584 0.47629 0.0326022 0.716 176.074 -0.0111064 -0.0136979  0.0200244 0.00436867 4
1388130886.661932087 0.475874 0.0304883 0.711 176.083 0 -0.0211419  -0.0500077 0.00157109 4
1388130886.761849261 0.47472 0.0282896 0.71 176.077 -0.0115498 -0.0220048  -0.0100083 -0.00104807 4
1388130886.861903117 0.473971 0.0255764 0.706 176.08 0 -0.0271176  -0.0399785 0.000523279 4
1388130886.961864499 0.473115 0.0216629 0.705 176.053 0 -0.0391503  -0.0100039 -0.0047142 4
1388130887.061875266 0.472294 0.0177307 0.704 176.034 0 -0.0393175  0 -0.00331578 4
1388130887.161887701 0.471805 0.0134249 0.703 176.058 0 -0.0430526  0 0.0041883 4
1388130887.262077748 0.471628 0.00882364 0.705 176.095 0 -0.0459255  0.0199621 0.00644542 4
1388130887.362005053 0.47164 0.00525213 0.703 176.105 0 -0.0357411  -0.0200145 0.00174664 4
1388130887.461846239 0.47188 0.00231217 0.699 176.075 0 -0.0294464  -0.0400636 -0.00524435 4
1388130887.562095092 0.472484 -0.000406212 0.702 176.137 0 -0.0271163  0.0299255 0.0107942 4
1388130887.661856793 0.472827 -0.00303117 0.701 176.152 0 -0.0263123  -0.0100239 0.00262422 4
1388130887.761931465 0.473334 -0.005429 0.701 176.209 0 -0.0239604  0 0.00994098 4
1388130887.861936365 0.474321 -0.00787734 0.702 176.191 0 -0.0244822  0 -0.00314146 4
1388130887.961959766 0.474977 -0.0104571 0.699 176.2 0 -0.0257916  -0.029993 0.0015704 4
1388130888.061982469 0.475599 -0.0129355 0.7 176.159 0 -0.0247781  0 -0.00715421 4
1388130888.161865072 0.476189 -0.0147306 0.702 176.136 0 -0.0179727  0.0200235 -0.00401893 4
1388130888.261898396 0.476857 -0.0164153 0.7 176.106 0 -0.0168408  -0.0199933 -0.00523428 4
1388130888.361878775 0.477494 -0.0181176 0.701 176.071 0 -0.0170268  0.010002 -0.00610982 4
1388130888.461958615 0.478023 -0.0196981 0.701 176.067 0 -0.015792  0 -0.000697607 4
1388130888.561867129 0.478465 -0.0214849 0.702 176.029 0 -0.0178843  0.0100092 -0.00663834 4
1388130888.661866924 0.478657 -0.023488 0.701 176.064 0 -0.0200311  -0.01 0.00610872 4
1388130888.762076454 0.478789 -0.0252029 0.7 176.052 0 -0.0171133  0 -0.00209003 4
1388130888.861869308 0.478444 -0.027589 0.706 176.081 0 -0.0239107  0.0601245 0.00507193 4
1388130888.962103497 0.477906 -0.0300069 0.707 176.1 0 -0.0241223  0 0.00330839 4
1388130889.061838600 0.477282 -0.0327203 0.707 176.112 0 -0.0272063  0 0.00209997 4
1388130889.161987089 0.476171 -0.0361409 0.708 176.14 -0.0110909 -0.0341554  0 0.00487965 4
1388130889.261870947 0.474817 -0.0400184 0.709 176.117 -0.0135553 -0.03882  0.0100116 -0.00401888 4
1388130889.362016576 0.472809 -0.0443681 0.707 176.187 -0.0200452 -0.0434335  -0.0199709 0.0121995 4
1388130889.461868167 0.470098 -0.0484952 0.705 176.203 -0.0271515 -0.0413323  -0.0200297 0.00279672 4
1388130889.562078328 0.467475 -0.0525285 0.705 176.179 -0.0261795 -0.0402484  0 -0.00418003 4
1388130889.661868742 0.465077 -0.0565622 0.703 176.094 -0.0240264 -0.040422  -0.020042 -0.0148665 4
1388130889.761842206 0.462602 -0.0595615 0.703 176.085 -0.0247565 -0.0300005  0 -0.00157118 4
1388130889.861832997 0.459374 -0.0624912 0.702 176.069 -0.0322873 -0.0293002  -0.0100009 -0.00279283 4
1388130889.962086806 0.455762 -0.0648898 0.701 176.076 -0.0360298 -0.0239256  0 0.00121863 4
1388130890.062002444 0.451702 -0.0662616 0.702 176.086 -0.0406303 -0.0137287  0.0100084 0.00174684 4
1388130890.161945254 0.448018 -0.0666906 0.703 176.144 -0.0368624 0  0.0100057 0.0101287 4
1388130890.261904404 0.44407 -0.0673794 0.703 176.182 -0.0394983 0  0 0.00663498 4
1388130890.361871093 0.440152 -0.0682602 0.703 176.189 -0.0391871 0  0 0.00122213 4
1388130890.461877318 0.435752 -0.0692696 0.701 176.084 -0.0439952 -0.0100934  -0.0199988 -0.0183248 4
1388130890.561917136 0.43172 -0.0709818 0.697 176.004 -0.0403083 -0.0171151  -0.0399841 -0.0139571 4
1388130890.661854217 0.427992 -0.072778 0.695 175.857 -0.0373009 -0.0179729  -0.0200126 -0.0256725 4
1388130890.762040696 0.424389 -0.0744947 0.695 175.71 -0.0359672 -0.0171355  0 -0.0256086 4
1388130890.861949000 0.421424 -0.0758102 0.693 175.59 -0.0296777 -0.0131666  -0.0200184 -0.0209632 4
1388130890.961951738 0.418869 -0.0771493 0.691 175.36 -0.0255506 -0.0133907  -0.0199995 -0.0401415 4
1388130891.062022560 0.41706 -0.0776923 0.688 175.224 -0.0180724 0  -0.0299788 -0.0237197 4
1388130891.162088215 0.414994 -0.076997 0.683 175.03 -0.0206506 0  -0.0499672 -0.0338372 4
1388130891.261815636 0.413779 -0.0767497 0.68 174.92 -0.0121761 0  -0.030082 -0.019251 4
1388130891.362072935 0.411516 -0.0751854 0.677 174.851 -0.0225785 0.015603  -0.029923 -0.0120119 4
1388130891.461872920 0.409788 -0.0739561 0.676 174.708 -0.0173122 0.0123175  -0.01002 -0.0250082 4
1388130891.562113040 0.408126 -0.0721342 0.673 174.623 -0.016582 0.0181759  -0.0299281 -0.0147998 4
1388130891.661862736 0.406928 -0.0695778 0.67 174.517 -0.0120103 0.0256284  -0.0300753 -0.018547 4
1388130891.761867842 0.405708 -0.0669274 0.67 174.458 -0.0121939 0.0265021  0 -0.0102968 4
1388130891.861915754 0.404849 -0.0633825 0.67 174.391 0 0.0354324  0 -0.0116882 4
1388130891.961864643 0.403401 -0.0597317 0.672 174.354 -0.0144855 0.0365264  0.0200102 -0.00646097 4
1388130892.061952927 0.402465 -0.0557402 0.675 174.281 0 0.0398798  0.0299735 -0.0127297 4
1388130892.161944836 0.401879 -0.0513439 0.675 174.282 0 0.0439663  0 0.000174534 4
1388130892.261897699 0.401293 -0.0479 0.674 174.295 0 0.0344552  -0.0100047 0.00227 4
1388130892.362072587 0.4011 -0.0436806 0.676 174.346 0 0.0421205  0.0199651 0.00888566 4
1388130892.461953442 0.401136 -0.040021 0.679 174.404 0 0.0366404  0.0300358 0.0101349 4
1388130892.561978451 0.401753 -0.0360437 0.681 174.486 0 0.0397621  0.019995 0.0143082 4
1388130892.661924116 0.403072 -0.0327159 0.683 174.507 0.0131966 0.033297  0.0200109 0.00366717 4
1388130892.761889839 0.40495 -0.0297218 0.686 174.55 0.0187956 0.029951  0.0300103 0.00750753 4
1388130892.861894038 0.408084 -0.0255849 0.687 174.589 0.0313354 0.0413673  0 0.00680642 4
1388130892.961920517 0.411467 -0.0231847 0.689 174.661 0.033821 0.023995  0.0199947 0.012563 4
1388130893.062044906 0.415431 -0.0208884 0.689 174.769 0.0395874 0.0229351  0 0.0188262 4
1388130893.161913054 0.420232 -0.0196013 0.693 174.8 0.0480719 0.0128881  0.0400528 0.00541769 4
1388130893.261891900 0.425205 -0.0195024 0.694 174.954 0.0497403 0  0.0100021 0.0268837 4
1388130893.361896589 0.429862 -0.0203897 0.695 175.066 0.0465721 0  0 0.0195468 4
1388130893.461899878 0.433946 -0.0219051 0.691 175.224 0.0408423 -0.0151531  -0.0399987 0.0275753 4
1388130893.561870690 0.4373 -0.0242174 0.692 175.276 0.0335422 -0.0231294  0.0100029 0.00907837 4
1388130893.661833957 0.440527 -0.0258471 0.691 175.44 0.0322904 -0.0163035  -0.0100037 0.0286339 4
1388130893.761961215 0.443229 -0.0277441 0.694 175.426 0.0269817 -0.0189461  0.0299619 -0.00244034 4
1388130893.861904591 0.445573 -0.0298959 0.694 175.471 0.0234543 -0.0215294  0 0.00785844 4
1388130893.961976669 0.44724 -0.0324168 0.694 175.519 0.0166538 -0.0251916  0 0.00837152 4
1388130894.061835663 0.448876 -0.0351688 0.696 175.552 0.0163891 -0.027559  0.0200282 0.00576772 4
1388130894.161933587 0.450314 -0.0379863 0.696 175.519 0.0143653 -0.0281475  0 -0.00575395 4
1388130894.261855372 0.451316 -0.0407499 0.696 175.531 0.0100257 -0.0276575  0 0.00209605 4
1388130894.362111137 0.452206 -0.0438771 0.695 175.46 0 -0.0311919  0 -0.0123602 4
1388130894.461955332 0.452889 -0.0468142 0.694 175.455 0 -0.0294172  -0.0100156 -0.000874046 4
1388130894.561870061 0.453149 -0.0500217 0.692 175.385 0 -0.0321019  -0.0200171 -0.0122278 4
1388130894.661962189 0.453638 -0.0532885 0.689 175.373 0 -0.0326377  -0.0299724 -0.0020924 4
1388130894.761883344 0.45433 -0.0563608 0.689 175.321 0 -0.0307476  0 -0.00908288 4
1388130894.862111175 0.454927 -0.0602155 0.689 175.317 0 -0.0384596  0 -0.000696577 4
1388130894.962094486 0.454901 -0.0637102 0.689 175.287 0 -0.0349528  0 -0.00523682 4
1388130895.362090606 0.454997 -0.0779622 0.69 175.296 0 -0.0356302  0 0.000392695 4
1388130895.762100829 0.452816 -0.0859873 0.698 174.914 0 -0.0200623  0.0199995 -0.0166675 4
1388130895.962055029 0.452843 -0.0864163 0.708 174.375 0 0  0.0500115 -0.0470474 4
1388130896.062110561 0.452275 -0.0859735 0.708 174.286 0 0  0 -0.0155248 4
1388130896.262076073 0.453022 -0.0837361 0.706 174.051 0 0.0111889  -0.0100017 -0.0205111 4
1388130896.862003201 0.455274 -0.0718527 0.705 173.924 0 0.019808  0 -0.00369474 4
1388130897.161861164 0.456022 -0.0585887 0.704 173.453 0 0.0442344  0 -0.0274146 4
1388130897.262005114 0.456524 -0.0525466 0.702 173.489 0 0.0603338  -0.0199713 0.00627411 4
1388130897.361866135 0.457222 -0.0452372 0.705 173.512 0 0.0731961  0.0300418 0.00401984 4
1388130897.462063931 0.458066 -0.0388118 0.71 173.576 0 0.064127  0.0499013 0.0111481 4
1388130897.562019659 0.458493 -0.0323515 0.713 173.703 0 0.064631  0.0300133 0.0221755 4
1388130897.661888366 0.459516 -0.0281681 0.715 173.825 0.010247 0.0418896  0.0200263 0.021321 4
1388130897.761942222 0.460035 -0.0247806 0.716 173.946 0 0.0338566  0 0.0211071 4
1388130897.862008371 0.460599 -0.0228533 0.718 173.993 0 0.0192602  0.0199868 0.00819761 4
1388130897.961862758 0.461763 -0.0228695 0.721 174.058 0.011657 0  0.0300437 0.0113612 4
1388130898.061981984 0.462588 -0.0238134 0.726 174.06 0 0  0.0499405 0.000348625 4
1388130898.161940644 0.463448 -0.0261185 0.727 174.049 0 -0.0230604  0.0100041 -0.00192068 4
1388130898.261947145 0.464531 -0.0288854 0.726 173.994 0.0108233 -0.0276675  0 -0.00959866 4
1388130898.361973205 0.465414 -0.0321784 0.728 173.921 0 -0.0329208  0.0199948 -0.0127376 4
1388130898.462106816 0.465911 -0.0364254 0.727 173.859 0 -0.0424142  0 -0.0108066 4
1388130898.561864894 0.466523 -0.0414162 0.728 173.84 0 -0.0500285  0.0100243 -0.00332418 4
1388130898.662167035 0.466575 -0.0469019 0.729 173.762 0 -0.0546915  0 -0.0135726 4
1388130898.761995020 0.466434 -0.052345 0.728 173.731 0 -0.0545248  -0.0100172 -0.00541983 4
1388130898.861876789 0.466165 -0.057893 0.729 173.711 0 -0.0555457  0.0100118 -0.00349479 4
1388130898.961877562 0.465597 -0.0639295 0.727 173.695 0 -0.060365  -0.0199998 -0.00279251 4
1388130899.062060625 0.46501 -0.0697727 0.726 173.707 0 -0.0583254  0 0.00209058 4
1388130899.161869195 0.464571 -0.0754406 0.722 173.682 0 -0.056787  -0.0400767 -0.00437171 4
1388130899.261843431 0.463913 -0.0799561 0.723 173.7 0 -0.0451672  0.0100026 0.00314242 4
1388130899.361963424 0.463399 -0.0849442 0.723 173.64 0 -0.0498211  0 -0.0104595 4
1388130899.461888211 0.463035 -0.0892783 0.724 173.645 0 -0.0433735  0.0100075 0.000873341 4
1388130899.561970492 0.462731 -0.0945451 0.721 173.646 0 -0.0526247  -0.0299753 0.000174377 4
1388130899.661946895 0.461658 -0.0982369 0.716 173.646 -0.010735 -0.0369268  -0.0500118 0 4
1388130899.762091750 0.46103 -0.101881 0.718 173.644 0 -0.0363919  0.0199711 -0.000348536 4
1388130899.861970237 0.460709 -0.104251 0.713 173.679 0 -0.0237298  -0.0500608 0.00611606 4
1388130899.961831259 0.460406 -0.106796 0.709 173.624 0 -0.0254843  -0.0400557 -0.00961264 4
1388130900.061885320 0.45969 -0.109372 0.705 173.56 0 -0.0257457  -0.0399784 -0.0111641 4
1388130900.161862211 0.459879 -0.112218 0.701 173.526 0 -0.0284679  -0.0400092 -0.00593548 4
1388130900.261925771 0.459769 -0.11437 0.698 173.524 0 -0.0215036  -0.0299809 -0.00034886 4
1388130900.361935138 0.460125 -0.116281 0.695 173.552 0 -0.0191046  -0.0299972 0.00488648 4
1388130900.461857975 0.460699 -0.118418 0.692 173.568 0 -0.0213852  -0.0300232 0.00279465 4
1388130900.561965605 0.461324 -0.119627 0.69 173.56 0 -0.0120767  -0.0199785 -0.00139474 4
1388130900.661870418 0.461312 -0.121028 0.69 173.63 0 -0.0140284  0 0.0122289 4
1388130900.761959613 0.461419 -0.122547 0.69 173.68 0 -0.0151731  0 0.0087189 4
1388130900.861878950 0.461369 -0.124048 0.69 173.694 0 -0.0150283  0 0.00244542 4
1388130900.962004879 0.461911 -0.125086 0.689 173.678 0 -0.01036  0 -0.00278902 4
1388130901.062051194 0.462007 -0.125929 0.688 173.719 0 0  0 0.00715252 4
1388130901.161966343 0.461989 -0.126315 0.687 173.674 0 0  -0.0100085 -0.00786062 4
1388130901.262010772 0.462555 -0.126048 0.685 173.656 0 0  -0.0199911 -0.00314022 4
1388130901.362011474 0.46316 -0.125824 0.687 173.676 0 0  0.0199999 0.00349063 4
1388130901.461970693 0.463194 -0.124538 0.689 173.676 0 0.0128721  0.0200082 0 4
1388130901.561969235 0.463426 -0.123132 0.69 173.667 0 0.0140545  0.0100001 -0.00157079 4
1388130901.661903032 0.462826 -0.121214 0.692 173.647 0 0.0191937  0.0200132 -0.00349297 4
1388130901.762118917 0.462478 -0.118126 0.694 173.637 0 0.0308119  0.0199569 -0.00174161 4
1388130901.861865333 0.461889 -0.115419 0.697 173.557 0 0.0271358  0.0300763 -0.0139981 4
1388130901.961988185 0.461236 -0.112522 0.696 173.499 0 0.0289412  0 -0.0101105 4
1388130902.061883154 0.46084 -0.109009 0.7 173.385 0 0.0351614  0.0400421 -0.0199177 4
1388130902.161879671 0.460227 -0.105029 0.702 173.335 0 0.0398035  0.0200007 -0.00872694 4
1388130902.261947772 0.459412 -0.100458 0.705 173.264 0 0.0456768  0.0299796 -0.0123834 4
1388130902.361857826 0.458691 -0.0953191 0.703 173.183 0 0.0514384  -0.020018 -0.0141499 4
1388130902.462096619 0.457679 -0.089705 0.704 173.163 -0.0100967 0.0560079  0 -0.00348234 4
1388130902.561920837 0.456872 -0.0836257 0.704 173.113 0 0.0608993  0 -0.008742 4
1388130902.661961000 0.456267 -0.0759466 0.707 173.163 0 0.0767601  0.029988 0.00872313 4
1388130902.761893192 0.456236 -0.0662717 0.706 173.252 0 0.0968155  -0.0100068 0.015544 4
1388130902.861841796 0.456948 -0.0552578 0.706 173.343 0 0.110195  0 0.0158907 4
1388130902.961868203 0.457136 -0.0450088 0.707 173.446 0 0.102463  0 0.0179721 4
1388130903.061843279 0.457591 -0.0353739 0.707 173.605 0 0.0963729  0 0.0277577 4
1388130903.161917876 0.457846 -0.0269681 0.707 173.687 0 0.0839951  0 0.014301 4
1388130903.261876814 0.458004 -0.0202041 0.708 173.784 0 0.0676677  0.0100041 0.0169366 4
1388130903.362103177 0.458538 -0.0144059 0.707 173.799 0 0.057852  0 0.0026121 4
1388130903.461852037 0.458911 -0.0101241 0.708 173.788 0 0.0429255  0.0100252 -0.00192472 4
1388130903.561866291 0.460054 -0.00684415 0.709 173.752 0.0114226 0.0327947  0 -0.00628229 4
1388130903.661897864 0.461162 -0.00421359 0.711 173.718 0.011078 0.0262973  0.0199937 -0.00593223 4
1388130903.761934398 0.462709 -0.0021244 0.711 173.742 0.0154654 0.0208843  0 0.00418725 4
1388130903.861966184 0.463268 -0.000749404 0.711 173.815 0 0.0137456  0 0.0127369 4
1388130903.961872816 0.463223 -0.000672759 0.749 173.953 0 0  0.380355 0.0241081 4
1388130904.062032341 0.462904 -0.00257799 0.716 174.086 0 -0.019022  -0.329474 0.0231759 4
1388130904.161903280 0.461587 -0.00498915 0.707 174.183 -0.0131906 -0.0241427  -0.0901163 0.0169516 4
1388130904.262099541 0.460456 -0.00798148 0.704 174.323 -0.0112863 -0.0298647  -0.0299412 0.0243867 4
1388130904.361896169 0.459049 -0.010642 0.705 174.451 -0.0140939 -0.0266591  0.0100204 0.0223857 4
1388130904.461954912 0.457455 -0.0125727 0.709 174.635 -0.0159311 -0.0192961  0.0399765 0.0320952 4
1388130904.562219337 0.455918 -0.0147331 0.71 174.703 -0.0153372 -0.0215467  0 0.011837 4
1388130904.661993058 0.454129 -0.0170726 0.712 174.896 -0.0179292 -0.0234478  0.0200454 0.0337612 4
1388130904.761979867 0.451865 -0.0186025 0.716 175.055 -0.0226418 -0.0153015  0.0400053 0.0277544 4
1388130904.861872246 0.44943 -0.0208756 0.715 175.176 -0.0243731 -0.0227551  -0.0100108 0.0211413 4
1388130904.961881475 0.446933 -0.023603 0.719 175.271 -0.0249665 -0.0272719  0.0399963 0.0165791 4
1388130905.061883225 0.444758 -0.0267017 0.715 175.359 -0.0217471 -0.0309863  -0.0399993 0.0153586 4
1388130905.161870942 0.442944 -0.0303682 0.711 175.421 -0.018145 -0.0366698  -0.0400049 0.0108224 4
1388130905.262043385 0.44087 -0.0337682 0.727 175.454 -0.0207067 -0.0339409  0.159725 0.00574967 4
1388130905.361876754 0.438836 -0.0387152 0.706 175.472 -0.0203715 -0.0495534  -0.210351 0.00314686 4
1388130905.461984873 0.437522 -0.043031 0.693 175.463 -0.0131246 -0.0431111  -0.12986 -0.00156915 4
1388130905.562018264 0.436063 -0.0467419 0.687 175.459 -0.0145838 -0.0370965  -0.05998 -0.000697848 4
1388130905.661989217 0.434785 -0.0496269 0.686 175.464 -0.0127902 -0.0288581  -0.0100029 0.000872855 4
1388130905.761860717 0.433851 -0.0519355 0.688 175.484 0 -0.023116  0.0200257 0.00349515 4
1388130905.862115364 0.432668 -0.0541294 0.717 175.465 -0.0117985 -0.021883  0.289263 -0.00330763 4
1388130905.962030933 0.431516 -0.0577857 0.7 175.51 -0.0115282 -0.0365945  -0.170144 0.00786055 4
1388130906.061891188 0.429938 -0.0621956 0.685 175.524 -0.0157984 -0.0441607  -0.15021 0.00244695 4
1388130906.161981573 0.428582 -0.0648616 0.679 175.513 -0.0135488 -0.0266355  -0.0599458 -0.00191816 4
1388130906.261893856 0.426972 -0.0678691 0.676 175.487 -0.0161139 -0.0301014  -0.0300263 -0.00454184 4
1388130906.362112535 0.425735 -0.069042 0.675 175.515 -0.0123423 -0.0117039  0 0.00487624 4
1388130906.461873127 0.42458 -0.0706859 0.678 175.483 -0.0115766 -0.0164782  0.030072 -0.00559847 4
1388130906.561987603 0.423051 -0.0729754 0.714 175.483 -0.0152766 -0.022869  0.359588 0 4
1388130906.661919170 0.421431 -0.0758973 0.686 175.463 -0.0162069 -0.0292387  -0.280192 -0.00349305 4
1388130906.761880691 0.420363 -0.0787337 0.672 175.462 -0.0106902 -0.0283745  -0.140054 -0.000174587 4
1388130906.861979734 0.418796 -0.0806469 0.668 175.47 -0.0156491 -0.019113  -0.0399604 0.00139486 4
1388130906.962029604 0.417943 -0.0816797 0.67 175.453 0 -0.0103238  0.01999 -0.00296553 4
1388130907.061832870 0.417189 -0.0820566 0.672 175.503 0 0  0.0200394 0.0087438 4
1388130907.161937778 0.416543 -0.082304 0.674 175.452 0 0  0.019979 -0.00889179 4
1388130907.261866894 0.41558 -0.0828454 0.68 175.528 0 0  0.0600426 0.0132739 4
1388130907.361874937 0.41428 -0.0831295 0.686 175.545 -0.0129976 0  0.0599952 0.00296686 4
1388130907.461999043 0.412649 -0.0844978 0.69 175.51 -0.0162865 -0.0136659  0.0399504 -0.00610114 4
1388130907.561878862 0.411366 -0.0856076 0.693 175.503 -0.0128463 -0.0111121  0.0300361 -0.0012232 4
1388130907.661885852 0.409788 -0.0865708 0.698 175.491 -0.0157836 0  0.0499965 -0.00209418 4
1388130907.761854570 0.407348 -0.0873612 0.739 175.472 -0.0244092 0  0.410128 -0.00331717 4
1388130907.861904656 0.405441 -0.0882203 0.722 175.485 -0.0190573 0  -0.169915 0.00226779 4
1388130907.961848855 0.403893 -0.0894172 0.707 175.415 -0.0154869 -0.0119754  -0.150084 -0.0122242 3
1388130908.062105459 0.402955 -0.0912509 0.693 175.099 0 -0.0182906  -0.139642 -0.0550112 3
1388130908.161932053 0.401955 -0.0918764 0.681 174.844 -0.0100194 0  -0.120208 -0.0445832 9
1388130908.261853418 0.400953 -0.0932062 0.634 174.619 -0.0100274 -0.0133086  -0.47037 -0.0393008 9
1388130908.361886251 0.399392 -0.0924072 0.576 174.492 -0.0156024 0  -0.57981 -0.0221584 9
1388130908.461832061 0.397945 -0.0915754 0.507 174.466 -0.0144816 0  -0.690374 -0.00454032 9
1388130908.561904356 0.397213 -0.0900503 0.433 174.494 0 0.01524  -0.739465 0.00488337 9
1388130908.661867207 0.400725 -0.0894029 0.351 174.528 0.0351286 0  -0.820305 0.00593631 9
1388130908.762049499 0.413699 -0.0996336 0.279 174.691 0.129503 -0.102121  -0.71869 0.0283971 9
1388130908.862090574 0.437621 -0.121569 0.213 174.819 0.239125 -0.219268  -0.659729 0.022331 9
1388130908.962045180 0.482573 -0.154278 0.196 175.061 0.449718 -0.327236  -0.170077 0.0422562 9
1388130909.061928833 0.482573 -0.154278 0 175.459 0 0  -1.96228 0.0695451 2
1388130909.161945115 0.482573 -0.154278 0 176.389 0 0  0 0.162289 2
1388130909.261931987 0.482573 -0.154278 0 176.332 0 0  0 -0.00994971 2
1388130909.361925294 0.482573 -0.154278 0 176.355 0 0  0 0.00401457 2
1388130909.461892262 0.482573 -0.154278 0 176.36 0 0  0 0.000872973 2
1388130909.561895483 0.482573 -0.154278 0 176.357 0 0  0 -0.000523627 2
1388130909.662078127 0.482573 -0.154278 0 176.362 0 0  0 0.000871094 2
1388130909.762092029 0.482573 -0.154278 0 176.369 0 0  0 0.00122156 2
1388130909.862097973 0.482573 -0.154278 0 176.373 0 0  0 0.000698123 2
1388130909.961872118 0.482573 -0.154278 0 176.38 0 0  0 0.00122449 2
1388130910.061960822 0.482573 -0.154278 0 176.386 0 0  0 0.00104628 2
1388130910.161880854 0.482573 -0.154278 0 176.39 0 0  0 0.00069864 2
1388130910.261973198 0.482573 -0.154278 0 176.395 0 0  0 0.000871879 2
1388130910.361835476 0.482573 -0.154278 0 176.401 0 0  0 0.00104865 2
1388130910.461969509 0.482573 -0.154278 0 176.407 0 0  0 0.0010458 2
1388130910.561995011 0.482573 -0.154278 0 176.412 0 0  0 0.000872462 2
1388130910.662035598 0.482573 -0.154278 0 176.414 0 0  0 0.000348899 2
1388130910.761976304 0.482573 -0.154278 0 176.422 0 0  0 0.00139707 2
1388130910.861846686 0.482573 -0.154278 0 176.425 0 0  0 0.000524324 2
1388130910.961971501 0.482573 -0.154278 0 176.429 0 0  0 0.000697211 2
1388130911.062043024 0.482573 -0.154278 0 176.435 0 0  0 0.00104646 2
1388130911.161967113 0.482573 -0.154278 0 176.44 0 0  0 0.000873348 2
1388130911.261869551 0.482573 -0.154278 0 176.447 0 0  0 0.00122292 2
1388130911.362024678 0.482573 -0.154278 0 176.45 0 0  0 0.00052275 2
1388130911.461949181 0.482573 -0.154278 0 176.457 0 0  0 0.00122265 2
1388130911.562038099 0.482573 -0.154278 0 176.463 0 0  0 0.00104627 2
1388130911.661958842 0.482573 -0.154278 0 176.469 0 0  0 0.00104804 2
1388130911.762013180 0.482573 -0.154278 0 176.475 0 0  0 0.00104664 2
1388130911.862020938 0.482573 -0.154278 0 176.479 0 0  0 0.00069811 2
1388130911.961993568 0.482573 -0.154278 0 176.484 0 0  0 0.00087284 2
1388130912.061961030 0.482573 -0.154278 0 176.491 0 0  0 0.00122221 2
1388130912.161867729 0.482573 -0.154278 0 176.498 0 0  0 0.00122287 2
1388130912.261879048 0.482573 -0.154278 0 176.502 0 0  0 0.000698002 2
1388130912.361843370 0.482573 -0.154278 0 176.506 0 0  0 0.000698414 2
1388130912.461885279 0.482573 -0.154278 0 176.51 0 0  0 0.000697789 2
1388130912.561867759 0.482573 -0.154278 0 176.518 0 0  0 0.00139657 2
1388130912.661887595 0.482573 -0.154278 0 176.521 0 0  0 0.000523457 2
1388130912.761876011 0.482573 -0.154278 0 176.527 0 0  0 0.00104733 2
1388130912.861905770 0.482573 -0.154278 0 176.532 0 0  0 0.000872425 2
1388130912.961980370 0.482573 -0.154278 0 176.535 0 0  0 0.000523171 2
1388130913.061944901 0.482573 -0.154278 0 176.542 0 0  0 0.00122216 2
1388130913.161971931 0.482573 -0.154278 0 176.545 0 0  0 0.000523503 2
1388130913.261968587 0.482573 -0.154278 0 176.548 0 0  0 0.000523578 2
1388130913.361950713 0.482573 -0.154278 0 176.551 0 0  0 0.000523738 2
1388130913.461972093 0.482573 -0.154278 0 176.557 0 0  0 0.00104698 2
1388130913.561867686 0.482573 -0.154278 0 176.562 0 0  0 0.000873513 2
1388130913.662062554 0.482573 -0.154278 0 176.567 0 0  0 0.000870987 2
1388130913.762107258 0.482573 -0.154278 0 176.571 0 0  0 0.000697852 2
1388130913.861819518 0.482573 -0.154278 0 176.578 0 0  0 0.00122525 2
1388130913.961894467 0.482573 -0.154278 0 176.583 0 0  0 0.000872031 2
1388130914.061881062 0.482573 -0.154278 0 176.59 0 0  0 0.00122189 2
1388130914.161966138 0.482573 -0.154278 0 176.593 0 0  0 0.000523116 2
1388130914.262145148 0.482573 -0.154278 0 176.593 0 0  0 0 2
1388130914.361881848 0.482573 -0.154278 0 176.599 0 0  0 0.00104997 2
1388130914.462178334 0.482573 -0.154278 0 176.605 0 0  0 0.00104411 2
1388130914.561958414 0.482573 -0.154278 0 176.609 0 0  0 0.00069962 2
1388130914.662055707 0.482573 -0.154278 0 176.612 0 0  0 0.000523135 2
1388130914.762019048 0.482573 -0.154278 0 176.617 0 0  0 0.000873005 2
1388130914.862045035 0.482573 -0.154278 0 176.621 0 0  0 0.0006979 2
1388130914.962045809 0.482573 -0.154278 0 176.626 0 0  0 0.000872678 2
1388130915.061831196 0.482573 -0.154278 0 176.63 0 0  0 0.000699666 2
1388130915.161954333 0.482573 -0.154278 0 176.636 0 0  0 0.00104592 2
1388130915.261833373 0.482573 -0.154278 0 176.641 0 0  0 0.000873658 2
1388130915.361839384 0.482573 -0.154278 0 176.645 0 0  0 0.000698122 2
1388130915.461883044 0.482573 -0.154278 0 176.649 0 0  0 0.00069786 2
1388130915.561948841 0.482573 -0.154278 0 176.653 0 0  0 0.000697622 2
1388130915.661867555 0.482573 -0.154278 0 176.659 0 0  0 0.00104806 2
1388130915.761885505 0.482573 -0.154278 0 176.664 0 0  0 0.000872528 2
1388130915.861894042 0.482573 -0.154278 0 176.669 0 0  0 0.00087261 2
1388130915.961865687 0.482573 -0.154278 0 176.677 0 0  0 0.00139664 2
1388130916.061887839 0.482573 -0.154278 0 176.68 0 0  0 0.000523445 2
1388130916.161895386 0.482573 -0.154278 0 176.685 0 0  0 0.000872619 2
1388130916.261957275 0.482573 -0.154278 0 176.688 0 0  0 0.000523237 2
1388130916.362048634 0.482573 -0.154278 0 176.692 0 0  0 0.000697527 2
1388130916.461842330 0.482573 -0.154278 0 176.699 0 0  0 0.00122425 2
1388130916.561852255 0.482573 -0.154278 0 176.701 0 0  0 0.000349006 2
1388130916.661974968 0.482573 -0.154278 0 176.708 0 0  0 0.00122031 2
1388130916.761854991 0.482573 -0.154278 0 176.719 0 0  0 0.00192211 2
1388130916.861864637 0.482573 -0.154278 0 176.723 0 0  0 0.000698097 2
1388130916.961867927 0.482573 -0.154278 0 176.727 0 0  0 0.000698058 2
1388130917.061884758 0.482573 -0.154278 0 176.733 0 0  0 0.00104703 2
1388130917.161908793 0.482573 -0.154278 0 176.737 0 0  0 0.000697997 2
1388130917.261866689 0.482573 -0.154278 0 176.744 0 0  0 0.00122224 2
1388130917.361932622 0.482573 -0.154278 0 176.748 0 0  0 0.000697704 2
1388130917.461928094 0.482573 -0.154278 0 176.755 0 0  0 0.00122178 2
1388130917.562012957 0.482573 -0.154278 0 176.759 0 0  0 0.000697489 2
1388130917.661851350 0.482573 -0.154278 0 176.762 0 0  0 0.000524492 2
1388130917.761922105 0.482573 -0.154278 0 176.766 0 0  0 0.000697588 2
1388130917.861915548 0.482573 -0.154278 0 176.774 0 0  0 0.00139642 2
1388130917.961955782 0.482573 -0.154278 0 176.78 0 0  0 0.0010467 2
1388130918.061939101 0.482573 -0.154278 0 176.786 0 0  0 0.00104738 2
1388130918.161924302 0.482573 -0.154278 0 176.789 0 0  0 0.000523722 2
1388130918.261917951 0.482573 -0.154278 0 176.796 0 0  0 0.0012218 2
1388130918.361909157 0.482573 -0.154278 0 176.803 0 0  0 0.00122183 2
1388130918.461883465 0.482573 -0.154278 0 176.808 0 0  0 0.000872909 2
1388130918.561952121 0.482573 -0.154278 0 176.813 0 0  0 0.000872003 2
1388130918.661978186 0.482573 -0.154278 0 176.815 0 0  0 0.000349033 2
1388130918.762237571 0.482573 -0.154278 0 176.822 0 0  0 0.00121856 2
1388130918.861951100 0.482573 -0.154278 0 176.829 0 0  0 0.00122524 2
1388130918.961958581 0.482573 -0.154278 0 176.834 0 0  0 0.000872619 2
1388130919.062099459 0.482573 -0.154278 0 176.836 0 0  0 0.00034855 2
1388130919.161873527 0.482573 -0.154278 0 176.84 0 0  0 0.000699745 2
1388130919.261902652 0.482573 -0.154278 0 176.844 0 0  0 0.000697878 2
1388130919.362268347 0.482573 -0.154278 0 176.847 0 0  0 0.000521736 2
1388130919.461955399 0.482573 -0.154278 0 176.85 0 0  0 0.000525204 2
1388130919.562113315 0.482573 -0.154278 0 176.855 0 0  0 0.000871309 2
1388130919.661891373 0.482573 -0.154278 0 176.859 0 0  0 0.000699634 2
1388130919.761867908 0.482573 -0.154278 0 176.863 0 0  0 0.000698328 2
1388130919.861950676 0.482573 -0.154278 0 176.869 0 0  0 0.00104634 2
1388130919.961909408 0.482573 -0.154278 0 176.875 0 0  0 0.00104764 2
1388130920.061942804 0.482573 -0.154278 0 176.88 0 0  0 0.000872393 2
1388130920.161843069 0.482573 -0.154278 0 176.884 0 0  0 0.000698778 2
1388130920.262059518 0.482573 -0.154278 0 176.888 0 0  0 0.000696656 2
1388130920.361862718 0.482573 -0.154278 0 176.892 0 0  0 0.000699458 2
1388130920.462075877 0.482573 -0.154278 0 176.896 0 0  0 0.000696679 2
1388130920.562028743 0.482573 -0.154278 0 176.897 0 0  0 0.000174603 2
1388130920.662009471 0.482573 -0.154278 0 176.902 0 0  0 0.000872853 2
1388130920.761954584 0.482573 -0.154278 0 176.905 0 0  0 0.000523848 2
1388130920.861929796 0.482573 -0.154278 0 176.907 0 0  0 0.00034921 2
1388130920.961879726 0.482573 -0.154278 0 176.911 0 0  0 0.000698431 2
1388130921.061828264 0.482573 -0.154278 0 176.917 0 0  0 0.00104774 2
1388130921.161859485 0.482573 -0.154278 0 176.921 0 0  0 0.000697946 2
1388130921.261927801 0.482573 -0.154278 0 176.925 0 0  0 0.000697688 2
1388130921.361878846 0.482573 -0.154278 0 176.93 0 0  0 0.000873029 2
1388130921.461877251 0.482573 -0.154278 0 176.935 0 0  0 0.000872699 2
1388130921.561871666 0.482573 -0.154278 0 176.939 0 0  0 0.000698203 2
1388130921.661970570 0.482573 -0.154278 0 176.945 0 0  0 0.00104617 2
1388130921.761937121 0.482573 -0.154278 0 176.951 0 0  0 0.00104747 2
1388130921.861866592 0.482573 -0.154278 0 176.955 0 0  0 0.000698657 2
1388130921.961954661 0.482573 -0.154278 0 176.958 0 0  0 0.000523183 2
1388130922.062005163 0.482573 -0.154278 0 176.961 0 0  0 0.000523297 2
1388130922.161946371 0.482573 -0.154278 0 176.966 0 0  0 0.000873198 2
1388130922.261820247 0.482573 -0.154278 0 176.97 0 0  0 0.000698963 2
1388130922.361948479 0.482573 -0.154278 0 176.972 0 0  0 0.000348677 2
1388130922.461861047 0.482573 -0.154278 0 176.977 0 0  0 0.000873365 2
1388130922.561915182 0.482573 -0.154278 0 176.98 0 0  0 0.000523361 2
1388130922.661891925 0.482573 -0.154278 0 176.986 0 0  0 0.00104745 2
1388130922.761826355 0.482573 -0.154278 0 176.988 0 0  0 0.00034927 2
1388130922.861960031 0.482573 -0.154278 0 176.992 0 0  0 0.000697232 2
1388130922.961908710 0.482573 -0.154278 0 176.997 0 0  0 0.000873049 2
1388130923.061960123 0.482573 -0.154278 0 177.004 0 0  0 0.00122118 2
1388130923.161865001 0.482573 -0.154278 0 177.008 0 0  0 0.000698746 2
1388130923.261957200 0.482573 -0.154278 0 177.011 0 0  0 0.000523162 2
1388130923.361944359 0.482573 -0.154278 0 177.013 0 0  0 0.000349085 2
1388130923.461939129 0.482573 -0.154278 0 177.016 0 0  0 0.000523588 2
1388130923.561941156 0.482573 -0.154278 0 177.018 0 0  0 0.000349117 2
1388130923.661941095 0.482573 -0.154278 0 177.023 0 0  0 0.000872602 2
1388130923.762091124 0.482573 -0.154278 0 177.024 0 0  0 0.000174342 2
1388130923.861870574 0.482573 -0.154278 0 177.027 0 0  0 0.000524718 2
1388130923.961878960 0.482573 -0.154278 0 177.031 0 0  0 0.000698106 2
1388130924.061869187 0.482573 -0.154278 0 177.033 0 0  0 0.000349075 2
1388130924.161877718 0.482573 -0.154278 0 177.036 0 0  0 0.000523516 2
1388130924.261914878 0.482573 -0.154278 0 177.04 0 0  0 0.000697905 2
1388130924.361881153 0.482573 -0.154278 0 177.044 0 0  0 0.0006984 2
1388130924.461876553 0.482573 -0.154278 0 177.05 0 0  0 0.00104725 2
1388130924.562021686 0.482573 -0.154278 0 177.055 0 0  0 0.000871337 2
1388130924.662028181 0.482573 -0.154278 0 177.061 0 0  0 0.00104714 2
1388130924.761979170 0.482573 -0.154278 0 177.065 0 0  0 0.000698507 2
1388130924.861905004 0.482573 -0.154278 0 177.069 0 0  0 0.000698599 2
1388130924.961930222 0.482573 -0.154278 0 177.073 0 0  0 0.000697988 2
1388130925.061919826 0.482573 -0.154278 0 177.075 0 0  0 0.000349077 2
1388130925.161821775 0.482573 -0.154278 0 177.077 0 0  0 0.000349466 2
1388130925.261925917 0.482573 -0.154278 0 177.08 0 0  0 0.000523016 2
1388130925.361893654 0.482573 -0.154278 0 177.085 0 0  0 0.000872966 2
1388130925.461962385 0.482573 -0.154278 0 177.088 0 0  0 0.000523201 2
1388130925.561856233 0.482573 -0.154278 0 177.092 0 0  0 0.000698906 2
1388130925.662028052 0.482573 -0.154278 0 177.098 0 0  0 0.00104541 2
1388130925.762053480 0.482573 -0.154278 0 177.103 0 0  0 0.000872463 2
1388130925.861840956 0.482573 -0.154278 0 177.107 0 0  0 0.000699568 2
1388130925.961961859 0.482573 -0.154278 0 177.111 0 0  0 0.000697321 2
1388130926.062025982 0.482573 -0.154278 0 177.114 0 0  0 0.000523225 2
1388130926.161952866 0.482573 -0.154278 0 177.117 0 0  0 0.000524027 2
1388130926.261872693 0.482573 -0.154278 0 177.122 0 0  0 0.000873302 2
1388130926.361957073 0.482573 -0.154278 0 177.124 0 0  0 0.000348829 2
1388130926.462079720 0.482573 -0.154278 0 177.126 0 0  0 0.000348613 2
1388130926.561961555 0.482573 -0.154278 0 177.13 0 0  0 0.00069899 2
1388130926.661961215 0.482573 -0.154278 0 177.133 0 0  0 0.000523563 2
1388130926.762007592 0.482573 -0.154278 0 177.137 0 0  0 0.000697841 2
1388130926.862010181 0.482573 -0.154278 0 177.141 0 0  0 0.000698063 2
1388130926.961867924 0.482573 -0.154278 0 177.144 0 0  0 0.00052439 2
1388130927.062159731 0.482573 -0.154278 0 177.148 0 0  0 0.00069605 2
1388130927.162091009 0.482573 -0.154278 0 177.152 0 0  0 0.000698644 2
1388130927.261854182 0.482573 -0.154278 0 177.155 0 0  0 0.000524804 2
1388130927.362097312 0.482573 -0.154278 0 177.16 0 0  0 0.000870568 2
1388130927.461833805 0.482573 -0.154278 0 177.164 0 0  0 0.000700009 2
1388130927.561999198 0.482573 -0.154278 0 177.165 0 0  0 0.000174232 2
1388130927.661864132 0.482573 -0.154278 0 177.167 0 0  0 0.000349513 2
1388130927.761955001 0.482573 -0.154278 0 177.17 0 0  0 0.000523169 2
1388130927.861943553 0.482573 -0.154278 0 177.172 0 0  0 0.000349081 2
1388130927.962062573 0.482573 -0.154278 0 177.178 0 0  0 0.00104596 2
1388130928.062015367 0.482573 -0.154278 0 177.182 0 0  0 0.000698494 2
1388130928.161940714 0.482573 -0.154278 0 177.183 0 0  0 0.000174651 2
1388130928.261966627 0.482573 -0.154278 0 177.187 0 0  0 0.0006979 2
1388130928.361900151 0.482573 -0.154278 0 177.19 0 0  0 0.000523992 2
1388130928.461906443 0.482573 -0.154278 0 177.191 0 0  0 0.000174509 2
1388130928.561827387 0.482573 -0.154278 0 177.194 0 0  0 0.000523975 2
1388130928.661874188 0.482573 -0.154278 0 177.196 0 0  0 0.00034896 2
1388130928.761908628 0.482573 -0.154278 0 177.2 0 0  0 0.000697841 2
1388130928.861841449 0.482573 -0.154278 0 177.205 0 0  0 0.000873271 2
1388130928.961971500 0.482573 -0.154278 0 177.209 0 0  0 0.000697258 2
1388130929.061945037 0.482573 -0.154278 0 177.214 0 0  0 0.000872832 2
1388130929.161958801 0.482573 -0.154278 0 177.22 0 0  0 0.00104706 2
1388130929.261960067 0.482573 -0.154278 0 177.222 0 0  0 0.000349119 2
1388130929.361867115 0.482573 -0.154278 0 177.225 0 0  0 0.000524048 2
1388130929.461871102 0.482573 -0.154278 0 177.227 0 0  0 0.000349027 2
1388130929.561863145 0.482573 -0.154278 0 177.232 0 0  0 0.000872754 2
1388130929.661917559 0.482573 -0.154278 0 177.233 0 0  0 0.000174425 2
1388130929.761866238 0.482573 -0.154278 0 177.239 0 0  0 0.00104774 2
1388130929.862130941 0.482573 -0.154278 0 177.245 0 0  0 0.00104444 2
1388130929.961943491 0.482573 -0.154278 0 177.248 0 0  0 0.000524627 2
1388130930.061833641 0.482573 -0.154278 0 177.252 0 0  0 0.000698849 2
1388130930.161871010 0.482573 -0.154278 0 177.255 0 0  0 0.000523448 2
1388130930.261869133 0.482573 -0.154278 0 177.257 0 0  0 0.000349047 2
1388130930.361954832 0.482573 -0.154278 0 177.262 0 0  0 0.000871937 2
1388130930.461871871 0.482573 -0.154278 0 177.266 0 0  0 0.000698661 2
1388130930.561965387 0.482573 -0.154278 0 177.272 0 0  0 0.00104623 2
1388130930.661822506 0.482573 -0.154278 0 177.274 0 0  0 0.000349623 2
1388130930.762093848 0.482573 -0.154278 0 177.278 0 0  0 0.000696192 2
