1388036663.167008721 -0.868458 0.143514 1.182 -177.898 -0.144493 0.0238778  0.19666 -0.516592 7
1388036663.266970704 -0.882886 0.145963 1.163 -177.953 -0.144337 0.0244963  -0.190072 -0.00960435 7
1388036663.366973329 -0.897803 0.149079 1.155 -177.975 -0.149161 0.0311611  -0.0799979 -0.00384018 7
1388036663.466968361 -0.911354 0.150703 1.149 -177.995 -0.135525 0.0162441  -0.060003 -0.00348891 7
1388036663.566979768 -0.923116 0.15213 1.146 -177.976 -0.117607 0.0142593  -0.0299966 0.00331526 7
1388036663.666975035 -0.933148 0.151254 1.143 -178.06 -0.100317 0  -0.0300014 -0.0146614 7
1388036663.766971530 -0.942416 0.150022 1.143 -178.123 -0.0926893 -0.0123277  0 -0.0109966 7
1388036663.866960489 -0.94976 0.147642 1.146 -178.181 -0.0734461 -0.0237973  0.0300033 -0.0101238 7
1388036663.966971826 -0.954951 0.145013 1.153 -178.185 -0.0519027 -0.0262908  0.0699921 -0.000697669 7
1388036664.066972429 -0.958743 0.141074 1.158 -178.181 -0.0379238 -0.0393932  0.0499997 0.000697744 7
1388036664.166973209 -0.959962 0.136315 1.165 -178.14 -0.0121884 -0.0475888  0.0699995 0.00715586 7
1388036664.267009098 -0.959825 0.133281 1.163 -178.075 0 -0.030322  -0.0199928 0.011341 7
1388036664.366969544 -0.959411 0.131257 1.165 -177.931 0 -0.0202551  0.0200079 0.0251422 7
1388036664.466968238 -0.959174 0.130462 1.163 -177.809 0 0  -0.0200003 0.0212923 4
1388036664.567016715 -0.959757 0.129512 1.164 -177.732 0 0  0 0.0134345 4
1388036664.666968193 -0.962169 0.127846 1.158 -177.617 -0.0241313 -0.0166629  -0.0600291 0.0200793 4
1388036664.766981092 -0.964889 0.127579 1.154 -177.434 -0.0272007 0  -0.0399948 0.0319352 4
1388036664.866981707 -0.968083 0.129363 1.151 -177.176 -0.0319325 0.0178415  -0.0299998 0.0450311 4
1388036664.966974588 -0.970529 0.132411 1.149 -176.929 -0.0244639 0.0304733  -0.0200014 0.0431117 4
1388036665.066973282 -0.972011 0.137135 1.148 -176.729 -0.0148184 0.0472465  -0.0100001 0.0349065 4
1388036665.166975285 -0.972903 0.142719 1.147 -176.618 0 0.055838  0 0.0193741 4
1388036665.267033611 0.979296 -0.0917457 1.152 0.0289917 0 -0.0666558  0.0499709 30.8127 4
1388036665.367105731 0.978019 -0.0987293 1.157 -0.0410004 -0.0127567 -0.0697848  0.049964 -0.0122071 4
1388036665.467036681 0.976095 -0.105588 1.157 -0.169998 -0.0192581 -0.068634  0 -0.0225299 4
1388036665.566992488 0.972333 -0.112942 1.161 -0.345001 -0.0376367 -0.0735714  0.0400177 -0.0305573 4
1388036665.667059256 0.967486 -0.122147 1.164 -0.610001 -0.0484305 -0.0919867  0.02998 -0.0462203 4
1388036665.766989832 0.962345 -0.131885 1.17 -0.854004 -0.05145 -0.0974491  0.0600417 -0.0426162 4
1388036665.867052454 0.955509 -0.141112 1.167 -1.048 -0.068311 -0.0922109  -0.0299812 -0.0338382 4
1388036665.967026656 0.947826 -0.149841 1.151 -1.233 -0.0768594 -0.0873147  -0.160041 -0.0322965 4
1388036666.067028079 0.941542 -0.156879 1.142 -1.339 -0.0628327 -0.070383  -0.0899987 -0.0185007 4
1388036666.167005649 0.935899 -0.16095 1.14 -1.45601 -0.0564418 -0.0407125  -0.0200045 -0.0204257 4
1388036666.267067861 0.931034 -0.163597 1.142 -1.51601 -0.0486186 -0.0264553  0.0199876 -0.010465 4
1388036666.367096037 0.926764 -0.164798 1.148 -1.51001 -0.0426891 -0.0120097  0.0599831 0.00104633 4
1388036666.467050220 0.92179 -0.165492 1.151 -1.51801 -0.0497653 0  0.0300138 -0.00139614 4
1388036666.567015766 0.916578 -0.165954 1.155 -1.537 -0.0521351 0  0.0400138 -0.00331678 4
1388036666.667031379 0.90992 -0.166619 1.156 -1.595 -0.0665749 0  0 -0.0101211 4
1388036666.766983336 0.902183 -0.167768 1.152 -1.60001 -0.0774017 -0.0114965  -0.0400192 -0.000873937 4
1388036666.866997617 0.894747 -0.167778 1.149 -1.53 -0.074351 0  -0.0299957 0.0122168 4
1388036666.966989835 0.887611 -0.167242 1.146 -1.36301 -0.0713646 0  -0.0300023 0.0291479 4
1388036667.067061029 0.881409 -0.164595 1.145 -1.19 -0.0619744 0.0264548  0 0.0301734 4
1388036667.166996593 0.874734 -0.161289 1.144 -1.01001 -0.0667963 0.0330735  -0.0100064 0.0314349 4
1388036667.267037280 0.867605 -0.159005 1.143 -0.844009 -0.0712592 0.0228352  0 0.0289607 4
1388036667.366999408 0.86251 -0.15746 1.14 -0.763 -0.0509679 0.0154566  -0.0300114 0.0141441 4
1388036667.467047919 0.856856 -0.156536 1.138 -0.66301 -0.056516 0  -0.0199903 0.0174432 4
1388036667.567006914 0.852925 -0.156408 1.139 -0.569 -0.0393287 0  0.0100041 0.0164145 4
1388036667.667058683 0.850544 -0.156943 1.138 -0.564011 -0.0237913 0  0 0.000870403 4
1388036667.767046436 0.848213 -0.156802 1.137 -0.630997 -0.0233184 0  -0.0100012 -0.0116927 4
1388036667.867042684 0.845814 -0.155866 1.137 -0.719009 -0.0239874 0  0 -0.0153617 4
1388036667.967052650 0.843579 -0.153567 1.14 -0.772003 -0.022345 0.0229816  0.029997 -0.00924824 4
1388036668.067023422 0.840874 -0.150812 1.142 -0.822006 -0.027065 0.0275579  0.0200058 -0.00872973 4
1388036668.167012104 0.837668 -0.147397 1.147 -0.855011 -0.03206 0.0341625  0.0500057 -0.00576107 4
1388036668.267057972 0.83482 -0.144524 1.15 -0.852997 -0.0284715 0.0287105  0.0299862 0.000351376 4
1388036668.366989387 0.833234 -0.142852 1.15 -0.725998 -0.0158701 0.0167338  0 0.0221807 4
1388036668.467035910 0.833115 -0.140999 1.154 -0.591003 0 0.0185228  0.0399814 0.02355 4
1388036668.567041994 0.833427 -0.139537 1.15 -0.382004 0 0.0146196  -0.0399976 0.0364751 4
1388036668.667039216 0.834225 -0.138957 1.152 -0.246002 0 0  0.0200006 0.0237374 4
1388036668.767029528 0.835718 -0.140397 1.153 -0.169998 0.014924 -0.014405  0.010001 0.0132665 4
1388036668.867025498 0.83799 -0.14361 1.154 -0.139999 0.0227203 -0.032127  0.0100004 0.00523599 4
1388036668.967055776 0.840125 -0.1478 1.154 -0.184998 0.0213523 -0.0418941  0 -0.00785128 4
1388036669.067031553 0.84352 -0.152917 1.158 -0.201004 0.0339505 -0.0511824  0.0400097 -0.00279433 4
1388036669.167045580 0.846882 -0.158432 1.163 -0.17601 0.0336194 -0.0551358  0.049993 0.00436165 4
1388036669.267050622 0.850712 -0.164049 1.166 -0.154999 0.0383012 -0.0561686  0.0299985 0.00366699 4
1388036669.367052106 0.855058 -0.169121 1.168 -0.205002 0.043457 -0.0507269  0.0199997 -0.00872705 4
1388036669.467047445 0.858537 -0.173757 1.171 -0.240997 0.034792 -0.0463537  0.0300014 -0.00628269 4
1388036669.567023193 0.862083 -0.179067 1.174 -0.261002 0.0354628 -0.0531163  0.0300073 -0.00349225 4
1388036669.667029602 0.865783 -0.184666 1.175 -0.330002 0.0370058 -0.0559903  0 -0.012042 4
1388036669.766997136 0.867275 -0.189086 1.177 -0.35701 0.0149258 -0.0442114  0.0200065 -0.00471533 4
1388036669.867072723 0.867852 -0.193939 1.174 -0.423004 0 -0.0484914  -0.0299773 -0.0115095 4
1388036669.966992898 0.86755 -0.198435 1.176 -0.554001 0 -0.0449954  0.020016 -0.0228815 4
1388036670.067013843 0.865498 -0.20299 1.174 -0.684006 -0.020513 -0.0455375  -0.0199958 -0.0226854 4
1388036670.167056703 0.862632 -0.206928 1.173 -0.886002 -0.0286475 -0.0393696  0 -0.0352398 4
1388036670.267008024 0.859683 -0.210599 1.172 -1.101 -0.0295014 -0.0367213  -0.0100049 -0.0375422 4
1388036670.367008644 0.855972 -0.213428 1.17 -1.29001 -0.0371174 -0.0282954  -0.0199999 -0.0329884 4
1388036670.467011970 0.852535 -0.214406 1.169 -1.36501 -0.0343616 0  0 -0.013089 4
1388036670.567055195 0.849557 -0.21279 1.167 -1.34801 -0.0297761 0.0161452  -0.0199914 0.00296548 4
1388036670.666997618 0.84626 -0.209883 1.167 -1.34 -0.0329842 0.0290954  0 0.00139897 4
1388036670.767053534 0.842041 -0.204689 1.165 -1.30901 -0.04217 0.051906  -0.0199888 0.00540586 4
1388036670.867058074 0.837868 -0.198398 1.164 -1.229 -0.0417286 0.0629095  0 0.0139623 4
1388036670.967053785 0.833112 -0.191652 1.164 -1.06 -0.0475597 0.0674635  0 0.0294984 4
1388036671.067049264 0.829359 -0.184261 1.162 -0.867996 -0.0375278 0.0739148  -0.0200009 0.0335121 4
1388036671.167003344 0.824996 -0.178591 1.162 -0.758011 -0.0436503 0.0567233  0 0.0192049 4
1388036671.267057396 0.821701 -0.173951 1.164 -0.699005 -0.0329387 0.0463687  0.0199892 0.0102929 4
1388036671.366995715 0.819133 -0.169651 1.165 -0.695007 -0.0256957 0.0430308  0.0100062 0.000698179 4
1388036671.466985232 0.818604 -0.166188 1.166 -0.77301 0 0.0346355  0.010001 -0.0136155 4
1388036671.567057177 0.819375 -0.162689 1.167 -0.809006 0 0.0349656  0 -0.00627788 4
1388036671.667049896 0.820386 -0.1594 1.174 -0.837997 0.01011 0.0328936  0.0700051 -0.00506037 4
1388036671.767052320 0.821225 -0.156403 1.174 -0.867004 0 0.0299685  0 -0.00506255 4
1388036671.867050252 0.822907 -0.154148 1.177 -0.89801 0.0168196 0.0225437  0.0300006 -0.00541166 4
1388036671.966991877 0.824463 -0.152364 1.177 -1.01601 0.0155721 0.0178542  0 -0.0206063 4
1388036672.067057756 0.825732 -0.151313 1.17 -1.10501 0.0126786 0.0105063  -0.0699539 -0.015524 4
1388036672.167002566 0.826884 -0.150456 1.166 -1.242 0.0115269 0  -0.0400221 -0.0239231 4
1388036672.267059056 0.827817 -0.149988 1.167 -1.40601 0 0  0 -0.0286075 4
1388036672.367049684 0.828592 -0.148789 1.163 -1.53801 0 0.0119888  -0.0400037 -0.0230412 4
1388036672.466990675 0.82961 -0.145766 1.158 -1.631 0.0101851 0.0302508  -0.0500295 -0.0162389 4
1388036672.567052571 0.830612 -0.142093 1.155 -1.685 0.0100119 0.0367084  -0.0299814 -0.0094191 4
1388036672.667050509 0.831904 -0.13799 1.153 -1.683 0.0129148 0.0410323  -0.0200004 0.000348881 4
1388036672.767004314 0.833396 -0.133374 1.153 -1.67101 0.0149288 0.0461763  0 0.00209421 4
1388036672.867046263 0.835079 -0.129748 1.152 -1.55901 0.0168267 0.0362493  0 0.0195394 4
1388036672.966988132 0.836155 -0.125283 1.151 -1.42401 0.010766 0.0446764  -0.0100058 0.0235747 4
1388036673.067039332 0.836772 -0.121195 1.149 -1.29901 0 0.0408517  -0.0199898 0.0218055 4
1388036673.167015518 0.837111 -0.118186 1.151 -1.256 0 0.0300963  0.0200048 0.00750924 4
1388036673.266999670 0.836294 -0.116345 1.15 -1.211 0 0.0184193  -0.0100016 0.00785491 4
1388036673.367094021 0.835235 -0.114482 1.148 -1.04901 -0.0105732 0.0186133  -0.0199811 0.0282455 4
1388036673.467053205 0.833621 -0.112988 1.147 -0.880005 -0.016147 0.0149462  -0.0100041 0.0295092 4
1388036673.567056712 0.832354 -0.110811 1.148 -0.718002 -0.0126714 0.021768  0 0.0282738 4
1388036673.667063345 0.832011 -0.108569 1.149 -0.634003 0 0.0224178  0 0.0146597 4
1388036673.766983173 0.831127 -0.108586 1.148 -0.608002 0 0  -0.010008 0.00454167 4
1388036673.867062217 0.830297 -0.11056 1.147 -0.623001 0 -0.0197265  0 -0.00261582 4
1388036673.967012505 0.829427 -0.11528 1.148 -0.695007 0 -0.0472266  0.010005 -0.0125737 4
1388036674.067056386 0.827699 -0.122795 1.153 -0.771011 -0.0172699 -0.0751187  0.0499781 -0.0132594 4
1388036674.166990067 0.826531 -0.132059 1.157 -0.902008 -0.011684 -0.0926966  0.0400265 -0.0228784 4
1388036674.267005668 0.825245 -0.142498 1.158 -0.988998 -0.0128631 -0.104376  0 -0.0151803 4
1388036674.367052153 0.825267 -0.153578 1.166 -1.153 0 -0.110745  0.0799628 -0.0286104 4
1388036674.466991924 0.826418 -0.16406 1.17 -1.16701 0.0115145 -0.104887  0.0400241 -0.00244626 4
1388036674.567001563 0.828571 -0.173091 1.168 -1.17401 0.0215277 -0.0903033  -0.0199981 -0.00122227 4
1388036674.667003388 0.831543 -0.180567 1.163 -1.134 0.0297237 -0.0747556  -0.0499991 0.00698268 4
1388036674.767056421 0.835781 -0.185262 1.16 -1.01001 0.0423523 -0.0469227  -0.0299841 0.0216294 4
1388036674.866989235 0.839792 -0.188777 1.157 -0.912003 0.0401399 -0.035174  -0.0300202 0.017117 4
1388036674.967042636 0.842882 -0.192391 1.158 -0.839005 0.0308842 -0.0361205  0 0.0127338 4
1388036675.067032904 0.844787 -0.195606 1.159 -0.817001 0.0190578 -0.0321521  0.010001 0.00384065 4
1388036675.167066065 0.845125 -0.198522 1.158 -0.949997 0 -0.0291518  0 -0.0232044 4
1388036675.266990338 0.845262 -0.201157 1.153 -1.056 0 -0.0263757  -0.0500379 -0.018515 4
1388036675.367055521 0.845742 -0.201838 1.15 -1.09801 0 0  -0.0299805 -0.00732691 4
1388036675.466988567 0.845222 -0.201565 1.149 -1.067 0 0  -0.0100067 0.00541517 4
1388036675.566998196 0.845254 -0.201174 1.146 -1.058 0 0  -0.0299971 0.00157111 4
1388036675.667057146 0.846435 -0.201747 1.147 -1.08301 0.0118013 0  0 -0.00436235 4
1388036675.766988793 0.847816 -0.202837 1.151 -1.10501 0.0138233 -0.0109056  0.0400274 -0.00384291 4
1388036675.867040970 0.8486 -0.203129 1.157 -1.039 0 0  0.0599687 0.0115148 4
1388036675.967008499 0.849383 -0.202788 1.163 -0.908997 0 0  0.0600195 0.0226975 4
1388036676.066997240 0.848002 -0.201312 1.165 -0.740005 -0.0138169 0.014758  0.0200023 0.0294978 4
1388036676.167005228 0.845337 -0.198122 1.166 -0.617996 -0.026642 0.0318998  0 0.0212929 4
1388036676.267047749 0.841798 -0.194567 1.165 -0.553009 -0.0353807 0.0355362  0 0.0113376 4
1388036676.367051231 0.835295 -0.190893 1.165 -0.492004 -0.0650249 0.0367367  0 0.0106469 4
1388036676.467050863 0.829651 -0.187293 1.16 -0.45401 -0.056438 0.035999  -0.0500002 0.0066313 4
1388036676.567003922 0.825523 -0.183283 1.157 -0.466003 -0.0412969 0.0401198  -0.0300141 -0.00209423 4
1388036676.666994219 0.822722 -0.181027 1.157 -0.445999 -0.0280198 0.0225681  0 0.00349174 4
1388036676.766993807 0.820515 -0.179837 1.158 -0.417007 -0.0220686 0.0118932  0.01 0.00506003 4
1388036676.866994130 0.819039 -0.178621 1.163 -0.375 -0.0147594 0.0121647  0.0499998 0.00733166 4
1388036676.966995374 0.818623 -0.177279 1.162 -0.31601 0 0.0134203  0 0.0102957 4
1388036677.066996377 0.818221 -0.175908 1.167 -0.294998 0 0.0137048  0.0499995 0.00366714 4
1388036677.167005111 0.817879 -0.174143 1.168 -0.246002 0 0.0176542  0 0.00855066 4
1388036677.266992821 0.818049 -0.172642 1.165 -0.234009 0 0.0150039  -0.0300037 0.0020935 4
1388036677.367052451 0.819304 -0.171985 1.162 -0.189011 0.0125456 0  -0.0299821 0.00784898 4
1388036677.466997838 0.820061 -0.172369 1.16 -0.0879974 0 0  -0.0200109 0.0176398 4
1388036677.566991765 0.820275 -0.173444 1.161 -0.0100098 0 -0.0107437  0.0100006 0.0136122 4
1388036677.667059939 0.820924 -0.174402 1.157 0.0370026 0 0  -0.0399727 0.00819961 4
1388036677.766979574 0.821842 -0.174889 1.154 0.0509949 0 0  -0.0300241 0.00244408 4
1388036677.866990554 0.822719 -0.176323 1.154 0.0019989 0 -0.0143366  0 -0.00855047 4
1388036677.967017013 0.822702 -0.178944 1.155 -0.0550079 0 -0.0262004  0 -0.00994694 4
1388036678.067043764 0.821774 -0.183107 1.159 -0.0859985 0 -0.0416235  0.0399893 -0.00540743 4
1388036678.166980986 0.81992 -0.18965 1.16 -0.182999 -0.0185528 -0.0654706  0.0100063 -0.0169403 4
1388036678.266992442 0.819187 -0.19851 1.164 -0.315002 0 -0.0885832  0.0399954 -0.0230364 4
1388036678.366985717 0.818264 -0.207794 1.165 -0.417999 0 -0.0928518  0.0100007 -0.0179775 4
1388036678.467015464 0.819171 -0.21682 1.166 -0.508011 0 -0.0902303  0 -0.0157053 4
1388036678.567041351 0.822626 -0.22771 1.172 -0.708008 0.0345376 -0.108874  0.0599845 -0.034897 4
1388036678.666999475 0.826592 -0.239565 1.175 -0.860001 0.0396737 -0.118603  0.0300126 -0.0265389 4
1388036678.766989691 0.831844 -0.250924 1.176 -0.947998 0.0525245 -0.113601  0.010001 -0.01536 4
1388036678.866997992 0.837547 -0.262597 1.175 -1.02 0.0570323 -0.116716  0 -0.0125664 4
1388036678.966986393 0.844074 -0.273251 1.176 -1.10001 0.0652685 -0.106551  0.0100012 -0.0139646 4
1388036679.067009383 0.849935 -0.281204 1.173 -1.207 0.0585981 -0.0795113  -0.0299931 -0.0186698 4
1388036679.167007017 0.854234 -0.286381 1.169 -1.334 0.0429903 -0.05177  -0.0400009 -0.022166 4
1388036679.267012853 0.856778 -0.288526 1.166 -1.533 0.0254426 -0.0214567  -0.0299982 -0.0347309 4
1388036679.367000882 0.858818 -0.28844 1.168 -1.619 0.0203992 0  0.0200024 -0.0150114 4
1388036679.467020070 0.856455 -0.283172 1.172 -1.797 -0.0236173 0.0526731  0.0399923 -0.0310598 4
1388036679.567034015 0.852944 -0.275506 1.175 -1.726 -0.035106 0.0766506  0.0299958 0.01239 4
1388036679.666989303 0.849115 -0.267198 1.179 -1.578 -0.0383114 0.0831114  0.0400179 0.0258416 4
1388036679.767007935 0.845433 -0.259937 1.184 -1.306 -0.0368149 0.0725977  0.0499907 0.0474647 4
1388036679.867057237 0.841491 -0.254189 1.188 -1.035 -0.0393996 0.0574501  0.0399803 0.0472744 4
1388036679.966991419 0.840398 -0.250832 1.186 -0.772003 -0.0109397 0.0335992  -0.0200132 0.0459325 4
1388036680.067033336 0.840237 -0.250643 1.182 -0.617004 0 0  -0.0399832 0.0270411 4
1388036680.167071735 0.839543 -0.251742 1.18 -0.509003 0 -0.010986  -0.0199923 0.0188426 4
1388036680.267050452 0.839033 -0.253237 1.18 -0.423004 0 -0.014946  0 0.0150128 4
1388036680.367048151 0.838674 -0.254833 1.183 -0.388 0 -0.0159656  0.0300007 0.00610943 4
1388036680.467033637 0.838027 -0.25574 1.183 -0.38501 0 0  0 0.000522055 4
1388036680.567050096 0.837144 -0.254261 1.182 -0.501007 0 0.014786  0 -0.020242 4
1388036680.666985968 0.835086 -0.251919 1.18 -0.626999 -0.0205905 0.0234399  -0.0200128 -0.0220038 4
1388036680.766996224 0.8324 -0.249086 1.177 -0.78801 -0.0268575 0.0283271  -0.0299969 -0.0280988 4
1388036680.867049109 0.829329 -0.245499 1.176 -0.833008 -0.0306942 0.0358481  0 -0.00784951 4
1388036680.966978664 0.826118 -0.242251 1.177 -1.034 -0.0321306 0.0324976  0.010007 -0.0351039 4
1388036681.066989269 0.823078 -0.238995 1.177 -1.05501 -0.0303973 0.0325577  0 -0.00366678 4
1388036681.166996600 0.822739 -0.233813 1.177 -1.26401 0 0.0518214  0 -0.0364746 4
1388036681.266995882 0.822661 -0.227344 1.176 -1.297 0 0.0646905  -0.0100001 -0.0057578 4
1388036681.366998554 0.822142 -0.220548 1.173 -1.32201 0 0.0679607  -0.0299992 -0.0043648 4
1388036681.467005793 0.821829 -0.21444 1.169 -1.367 0 0.0610691  -0.0399971 -0.00785309 4
1388036681.566989579 0.822102 -0.20826 1.163 -1.40001 0 0.061815  -0.0600097 -0.00576135 4
1388036681.666990018 0.823767 -0.20248 1.157 -1.42101 0.0166429 0.057799  -0.0599997 -0.00366449 4
1388036681.767032954 0.82437 -0.195824 1.154 -1.37801 0 0.066534  -0.0299871 0.00750157 4
1388036681.866991954 0.825752 -0.188354 1.146 -1.27101 0.0138277 0.0747244  -0.0800328 0.0186817 4
1388036681.967087894 0.827411 -0.179678 1.141 -1.185 0.0165804 0.0866764  -0.0499521 0.0149979 4
1388036682.067054114 0.828579 -0.170358 1.135 -1.10701 0.0116795 0.0932379  -0.0600203 0.013616 4
1388036682.167063883 0.829163 -0.160841 1.138 -0.96701 0 0.0951605  0.0299971 0.0244321 4
1388036682.267054703 0.828463 -0.151711 1.136 -0.764999 0 0.0913025  -0.0200018 0.0352608 4
1388036682.367053321 0.827491 -0.143028 1.143 -0.533005 0 0.086831  0.070001 0.0404913 4
1388036682.467051714 0.826163 -0.13397 1.135 -0.279999 -0.0132861 0.0905793  -0.0800013 0.0441586 4
1388036682.567049340 0.825087 -0.126602 1.126 -0.167999 -0.0107531 0.0736857  -0.0900021 0.0195481 4
1388036682.666986139 0.822063 -0.120858 1.123 -0.072998 -0.0302661 0.0574799  -0.030019 0.0165913 4
1388036682.766990006 0.817093 -0.116593 1.123 -0.00900269 -0.0496953 0.0426483  0 0.0111689 4
1388036682.867005989 0.811502 -0.115387 1.126 0.0220032 -0.0558999 0.0120567  0.0299952 0.00541068 4
1388036682.966994751 0.806365 -0.115273 1.128 -0.0319977 -0.0513758 0  0.0200022 -0.00942599 4
1388036683.067055143 0.801518 -0.115648 1.131 -0.195007 -0.0484434 0  0.0299819 -0.0284334 4
1388036683.167007872 0.797681 -0.117239 1.135 -0.384003 -0.0383826 -0.0159197  0.0400189 -0.0330015 4
1388036683.266993930 0.793706 -0.119592 1.137 -0.521011 -0.0397616 -0.0235331  0.0200028 -0.0239159 4
1388036683.367056520 0.790369 -0.121926 1.138 -0.708008 -0.033345 -0.0233274  0 -0.0326166 4
1388036683.467051631 0.787023 -0.125203 1.14 -0.911011 -0.0334603 -0.0327737  0.020001 -0.0354324 4
1388036683.567017145 0.784984 -0.128188 1.139 -1.06401 -0.0203992 -0.0298584  -0.0100034 -0.0267127 4
1388036683.666990701 0.784155 -0.13137 1.14 -1.18001 0 -0.031822  0.0100026 -0.0202507 4
1388036683.766990655 0.785139 -0.134224 1.137 -1.24901 0 -0.0285387  -0.03 -0.0120428 4
1388036683.867008380 0.787888 -0.135325 1.139 -1.26601 0.0274834 -0.0110131  0.0199965 -0.00296624 4
1388036683.966999481 0.791408 -0.135827 1.141 -1.21901 0.0352118 0  0.0200018 0.00820327 4
1388036684.067058940 0.795253 -0.135425 1.143 -1.252 0.038426 0  0.0199881 -0.00575433 4
1388036684.166989355 0.79953 -0.13503 1.146 -1.336 0.0427978 0  0.0300209 -0.0146709 4
1388036684.267012679 0.802522 -0.135513 1.149 -1.436 0.029915 0  0.029993 -0.0174503 4
1388036684.367059490 0.804714 -0.136086 1.149 -1.483 0.0219076 0  0 -0.0081987 4
1388036684.466988625 0.805683 -0.135451 1.149 -1.517 0 0  0 -0.00593773 4
1388036684.567058118 0.804876 -0.134137 1.155 -1.47501 0 0.0131291  0.0599583 0.00732393 4
1388036684.666991039 0.804169 -0.132757 1.16 -1.252 0 0.0138024  0.0500336 0.0389482 4
1388036684.766996475 0.804318 -0.131315 1.164 -1.01401 0 0.0144219  0.0399978 0.0415351 4
1388036684.867063717 0.805905 -0.131682 1.165 -0.720001 0.0158573 0  0 0.0512793 4
1388036684.967048945 0.807432 -0.134647 1.168 -0.501007 0.0152719 -0.029651  0.0300044 0.0382273 4
1388036685.067025607 0.809797 -0.13973 1.169 -0.424011 0.0236533 -0.0508461  0.0100023 0.0134414 4
1388036685.167061347 0.812581 -0.146617 1.17 -0.522003 0.0278381 -0.0688406  0 -0.0170967 4
1388036685.267057581 0.815297 -0.153771 1.171 -0.675003 0.0271539 -0.0715424  0.0100004 -0.0267045 4
1388036685.367052776 0.818407 -0.15934 1.17 -0.770004 0.0311008 -0.0556948  -0.0100005 -0.0165816 4
1388036685.467056598 0.822473 -0.163806 1.174 -0.722 0.0406672 -0.0446527  0.0399985 0.00837798 4
1388036685.567025955 0.826957 -0.166267 1.17 -0.544006 0.0448467 -0.0246212  -0.0400123 0.0310753 4
1388036685.667005328 0.831806 -0.167649 1.173 -0.274002 0.0485019 -0.0138276  0.0300062 0.0471344 4
1388036685.867532313 0.842126 -0.170714 1.169 0.115997 0.0514642 -0.015282  -0.0199474 0.0339444 3
1388036685.967813214 0.847163 -0.173783 1.155 0.0359955 0.0502272 -0.0306014  -0.139608 -0.0139238 3
1388036686.068095551 0.851482 -0.179064 1.148 -0.130997 0.043069 -0.0526645  -0.0698029 -0.0290636 3
1388036686.168432850 0.856765 -0.187018 1.15 -0.375 0.0526503 -0.0792774  0.0199328 -0.0424434 3
1388036686.268708710 0.86315 -0.197671 1.146 -0.686005 0.0636759 -0.106237  -0.03989 -0.0541312 3
1388036686.368973830 0.87404 -0.208353 1.144 -1.011 0.10862 -0.106533  -0.0199471 -0.0565727 3
1388036686.469217431 0.892378 -0.21723 1.147 -1.397 0.182934 -0.0885554  0.0299271 -0.0672063 3
1388036686.569481658 0.919358 -0.22497 1.156 -1.72101 0.269086 -0.0771971  0.0897628 -0.0564005 3
1388036686.669735398 0.962702 -0.230027 1.162 -1.991 0.43234 -0.0504451  0.0598481 -0.0470027 3
1388036686.769979602 1.01374 -0.231637 1.178 -2.284 0.509173 -0.0160613  0.15961 -0.0510134 3
1388036686.870289663 1.06956 -0.230937 1.182 -2.573 0.556478 0  0.0398764 -0.0502844 3
1388036686.970614555 1.13528 -0.228013 1.18 -3.46701 0.65508 0.0291476  -0.0199352 -0.155529 3
1388036687.070880347 1.197 -0.222266 1.18 -4.71201 0.615515 0.0573215  0 -0.216717 3
1388036687.171141196 1.2595 -0.213581 1.182 -6.54001 0.623378 0.086624  0.019948 -0.318217 3
1388036687.271397619 1.31765 -0.203196 1.177 -8.845 0.579966 0.103582  -0.0498721 -0.401268 3
1388036687.371654246 1.37384 -0.191399 1.169 -11.621 0.560527 0.117666  -0.0797952 -0.483263 3
1388036687.471904909 1.42753 -0.180589 1.157 -14.903 0.535563 0.10783  -0.1197 -0.571384 3
1388036687.572169130 1.47736 -0.1764 1.151 -18.514 0.496938 0.0417802  -0.0598419 -0.628579 3
1388036687.672416398 1.52336 -0.184767 1.153 -22.435 0.458852 -0.0834602  0.0199507 -0.682654 3
1388036687.772668961 1.56823 -0.204602 1.134 -26.496 0.447561 -0.197848  -0.189521 -0.706993 3
1388036687.872929970 1.60189 -0.23636 1.12 -30.51 0.335752 -0.316754  -0.139636 -0.698753 3
1388036687.973195300 1.62789 -0.276618 1.095 -34.401 0.259319 -0.401518  -0.249338 -0.677309 3
1388036688.073465082 1.64482 -0.32723 1.096 -37.989 0.168882 -0.50476  0 -0.624539 3
1388036688.173730701 1.65284 -0.382054 1.097 -41.094 0.0799196 -0.546789  0 -0.540491 3
1388036688.273973479 1.65496 -0.437681 1.101 -43.631 0.021182 -0.554918  0.0399031 -0.441715 3
1388036688.374239367 1.65416 -0.491346 1.095 -45.424 0 -0.535232  -0.0598409 -0.31211 3
1388036688.474492851 1.65054 -0.540807 1.097 -46.803 -0.0360808 -0.493357  0.0199494 -0.240072 3
1388036688.574765040 1.64864 -0.588643 1.102 -47.791 -0.019011 -0.477064  0.0498643 -0.171969 3
1388036688.675016692 1.65207 -0.631654 1.103 -48.437 0.0341961 -0.429024  0 -0.112465 3
1388036688.775284606 1.66061 -0.670704 1.108 -49.005 0.085188 -0.389459  0.0498664 -0.0988713 3
1388036688.875561493 1.67479 -0.710025 1.108 -49.699 0.141448 -0.392126  0 -0.120791 3
1388036688.975829670 1.69263 -0.750001 1.108 -50.561 0.177886 -0.39869  0 -0.150045 3
1388036689.076097145 1.71252 -0.788897 1.114 -51.679 0.198414 -0.387922  0.0598399 -0.194607 3
1388036689.176353218 1.73308 -0.831053 1.122 -53.005 0.205017 -0.42048  0.0797957 -0.23084 3
1388036689.276605962 1.7545 -0.879402 1.133 -54.503 0.213697 -0.482269  0.109723 -0.260791 3
1388036689.376879644 1.77579 -0.930682 1.132 -56.172 0.212369 -0.511404  0 -0.2905 3
1388036689.477213848 1.79863 -0.991004 1.137 -58.074 0.227625 -0.601214  0.0498335 -0.330856 3
1388036689.577532667 1.81604 -1.04374 1.141 -60.749 0.173475 -0.525724  0.0398729 -0.465391 3
1388036689.677786049 1.83192 -1.09662 1.145 -63.751 0.15842 -0.527398  0.0398989 -0.522625 3
1388036689.778055156 1.84642 -1.16135 1.152 -66.431 0.144657 -0.645571  0.0698121 -0.466493 3
1388036689.878377334 1.85643 -1.22257 1.155 -68.437 0.0998016 -0.610255  0.0299037 -0.348988 3
1388036689.978629860 1.8641 -1.28699 1.16 -69.712 0.0764233 -0.642613  0.0498741 -0.221969 3
1388036690.078888443 1.86644 -1.35566 1.164 -70.43 0.0233928 -0.684886  0.0398968 -0.124991 3
1388036690.179144543 1.86773 -1.42147 1.164 -70.575 0.0128871 -0.656462  0 -0.0252434 3
1388036690.279396948 1.86924 -1.47455 1.161 -70.112 0.0150576 -0.529396  -0.0299245 0.0806048 3
1388036690.379691187 1.86885 -1.5038 1.163 -69.139 0 -0.291681  0.0199413 0.169322 3
1388036690.479961183 1.86424 -1.51983 1.168 -67.849 -0.0460344 -0.15987  0.0498654 0.224541 3
1388036690.580323701 1.8637 -1.53492 1.168 -65.425 0 -0.150327  0 0.42154 3
1388036690.680578752 1.86336 -1.56319 1.172 -61.582 0 -0.282024  0.0398982 0.669024 3
1388036690.780890694 1.87046 -1.58004 1.174 -57.382 0.0707951 -0.167945  0.0199378 0.730758 3
1388036690.881125633 1.88608 -1.59434 1.173 -53.293 0.155795 -0.142616  0 0.711993 3
1388036690.981390259 1.90776 -1.60338 1.172 -49.675 0.21624 -0.0902441  0 0.629793 3
1388036691.081660667 1.93795 -1.61556 1.175 -46.554 0.30111 -0.121462  0.0299191 0.543249 3
1388036691.181925211 1.98539 -1.62511 1.175 -43.843 0.473113 -0.0952355  0 0.47191 3
1388036691.282222788 2.03532 -1.62494 1.177 -41.47 0.497894 0  0.0199407 0.412938 3
1388036691.382476418 2.09675 -1.64578 1.18 -39.399 0.612658 -0.207891  0.0299241 0.360543 3
1388036691.482744188 2.16477 -1.656 1.181 -37.327 0.678389 -0.101902  0 0.360665 3
1388036691.583012858 2.24082 -1.6759 1.185 -35.372 0.758504 -0.198461  0.0398928 0.340298 3
1388036691.683266177 2.3227 -1.70027 1.194 -33.366 0.816731 -0.24313  0.0897726 0.34923 3
1388036691.783520823 2.40798 -1.72366 1.189 -31.287 0.850654 -0.233305  -0.049873 0.361931 3
1388036691.883774277 2.49364 -1.73979 1.179 -29.059 0.854378 -0.160857  -0.0997472 0.387876 3
1388036691.984040680 2.57017 -1.76755 1.171 -26.81 0.763268 -0.276878  -0.0797874 0.391483 3
1388036692.084302534 2.641 -1.79898 1.163 -24.394 0.706482 -0.313491  -0.0797911 0.42057 3
1388036692.184555106 2.68802 -1.81247 1.154 -21.799 0.46899 -0.134614  -0.0897733 0.451769 3
1388036692.284806394 2.73901 -1.8216 1.138 -19.238 0.508636 -0.0909964  -0.159599 0.445859 3
1388036692.385076690 2.79369 -1.82526 1.125 -16.828 0.54539 -0.0365459  -0.12965 0.419491 3
1388036692.485345322 2.84721 -1.82186 1.114 -14.547 0.533712 0.0339679  -0.109705 0.397044 3
1388036692.585609521 2.91759 -1.82238 1.102 -12.332 0.701908 0  -0.119684 0.385571 3
1388036692.685865038 2.99554 -1.80589 1.088 -10.175 0.777515 0.164444  -0.139643 0.375508 3
1388036692.786122379 3.07533 -1.78634 1.079 -8.033 0.795846 0.194974  -0.089769 0.37289 3
1388036692.886393079 3.15624 -1.76117 1.076 -6.088 0.806958 0.25104  -0.029919 0.338551 3
1388036692.986663976 3.23546 -1.73491 1.075 -4.291 0.790095 0.261889  0 0.312788 3
1388036693.086925362 3.31062 -1.70928 1.075 -2.619 0.749597 0.255645  0 0.291058 3
1388036693.187195199 3.38718 -1.68218 1.075 -1.97501 0.763595 0.270221  0 0.112096 3
1388036693.287458633 3.4582 -1.66045 1.071 0.194992 0.708343 0.216795  -0.0398949 0.377741 3
1388036693.387727760 3.52129 -1.64489 1.069 1.09599 0.629199 0.155196  -0.0199463 0.156832 3
1388036693.487990491 3.58391 -1.63763 1.056 2.619 0.624565 0.0723844  -0.129659 0.265119 3
1388036693.588260780 3.64775 -1.63508 1.047 3.64 0.636623 0.02537  -0.0897574 0.177717 3
1388036693.688529229 3.71121 -1.63172 1.039 4.50099 0.632876 0.0335779  -0.0797858 0.149869 3
1388036693.788800453 3.76557 -1.62262 1.031 5.323 0.542119 0.0907678  -0.0797836 0.143079 3
1388036693.889068185 3.8007 -1.61681 1.023 6.099 0.35041 0.0579562  -0.0797864 0.135076 3
1388036693.989347288 3.81635 -1.61323 1.014 6.767 0.156085 0.0356673  -0.0897495 0.116263 3
1388036694.089687806 3.82892 -1.60188 1.016 7.37399 0.125258 0.113095  0.0199321 0.105581 3
1388036694.189940894 3.84877 -1.59342 1.012 7.897 0.198009 0.0843607  -0.039899 0.0910521 3
1388036694.290215366 3.86737 -1.58622 1.005 8.444 0.185504 0.0718632  -0.0698084 0.0952077 3
1388036694.390494608 3.89687 -1.57742 0.999 8.95 0.29415 0.0877104  -0.0598329 0.0880672 3
1388036694.490759598 3.93076 -1.55912 0.997 9.349 0.338023 0.182506  -0.0199471 0.069455 3
1388036694.591027537 3.97562 -1.53169 0.998 9.715 0.447358 0.273627  0 0.0637079 3
1388036694.691316219 4.04238 -1.50048 0.997 10.113 0.665671 0.311121  0 0.0692633 3
1388036694.791578975 4.10281 -1.46991 1.002 10.324 0.602721 0.304923  0.049869 0.0367297 3
1388036694.891853734 4.1688 -1.43156 1.005 10.428 0.65816 0.382429  0.0299178 0.0181024 3
1388036694.992125763 4.23419 -1.39429 1.008 10.417 0.652124 0.371735  0.0299186 -0.00191493 3
1388036695.092393326 4.3002 -1.37163 1.01 10.272 0.658251 0.225976  0.0199466 -0.0252378 3
1388036695.192669434 4.35949 -1.34955 1.008 10.017 0.591343 0.220197  -0.0199449 -0.0443842 3
1388036695.292938544 4.40029 -1.33459 0.993 9.771 0.406912 0.149169  -0.149597 -0.0428202 3
1388036695.393255417 4.45053 -1.32828 0.981 9.67099 0.500812 0.0629051  -0.119621 -0.0173992 3
1388036695.493498492 4.50235 -1.32404 0.968 9.728 0.516863 0.0423294  -0.129685 0.00992544 3
1388036695.593740451 4.52789 -1.32402 0.961 9.84999 0.254836 0  -0.069831 0.0212406 3
1388036695.694020117 4.55575 -1.32414 0.951 9.89799 0.277779 0  -0.0997211 0.00835494 3
1388036695.794286537 4.59026 -1.32416 0.943 9.869 0.344217 0  -0.0797874 -0.00504656 3
1388036695.894535557 4.60732 -1.32479 0.938 9.80299 0.170174 0  -0.0498758 -0.0114922 3
1388036695.994792939 4.62677 -1.32335 0.932 9.76399 0.194023 0.0143442  -0.059846 -0.00678956 3
1388036696.095073667 4.65398 -1.31971 0.926 9.688 0.271279 0.0362974  -0.059832 -0.0132254 3
1388036696.195336104 4.68599 -1.31402 0.919 9.683 0.319287 0.0568131  -0.0698168 -0.00087123 3
1388036696.295588716 4.73023 -1.30555 0.917 9.62 0.441333 0.0844876  -0.0199496 -0.0109685 3
1388036696.395853928 4.77809 -1.29293 0.913 9.78799 0.477255 0.125878  -0.0398942 0.0292438 3
1388036696.496133143 4.8304 -1.27758 0.913 9.952 0.521682 0.152995  0 0.028544 3
1388036696.596437781 4.8875 -1.25546 0.916 10.18 0.569275 0.220564  0.0299089 0.0396721 3
1388036696.696692307 4.9376 -1.22424 0.913 10.283 0.499697 0.311392  -0.0299238 0.0179307 3
1388036696.796936340 4.98751 -1.19098 0.911 10.316 0.49793 0.331805  -0.0199513 0.00574639 3
1388036696.897200740 5.03237 -1.1646 0.906 10.29 0.447426 0.263093  -0.0498681 -0.00452606 3
1388036696.997455423 5.0647 -1.13992 0.903 10.229 0.322416 0.246184  -0.0299238 -0.0106203 3
1388036697.097709622 5.10056 -1.12983 0.904 10.287 0.357766 0.100701  0 0.0100997 3
1388036697.197957796 5.13422 -1.12223 0.903 10.279 0.335716 0.0757194  0 -0.0013947 3
1388036697.298323315 5.16891 -1.11935 0.905 10.272 0.34564 0.0287409  0.0199272 -0.00121529 3
1388036697.398618469 5.21623 -1.11556 0.907 10.352 0.471853 0.0377828  0.0199411 0.0139192 3
1388036697.498873374 5.25554 -1.11442 0.907 10.482 0.392061 0.0114199  0 0.0226324 3
1388036697.599184033 5.29627 -1.11102 0.918 10.629 0.406061 0.0338404  0.109659 0.0255774 3
1388036697.699435000 5.35097 -1.10215 0.922 10.856 0.545641 0.0884697  0.0398999 0.0395207 3
1388036697.799687238 5.40071 -1.09345 0.926 11.006 0.496113 0.0868275  0.0398994 0.026113 3
1388036697.899982490 5.44995 -1.08669 0.934 11.304 0.490992 0.0673614  0.0797645 0.0518584 3
1388036698.000241724 5.49923 -1.07797 0.939 11.472 0.491474 0.0869977  0.0498707 0.0292456 3
1388036698.100524651 5.54396 -1.06733 0.938 11.658 0.446029 0.106084  0 0.0323697 3
1388036698.200782905 5.58785 -1.05808 0.934 12.002 0.437806 0.0922332  -0.039897 0.0598863 3
1388036698.301044537 5.63316 -1.05029 0.928 12.481 0.451899 0.0777377  -0.0598434 0.0833838 3
1388036698.401304533 5.6789 -1.04212 0.925 12.628 0.456242 0.0814433  -0.0299222 0.0255877 3
1388036698.501560061 5.73173 -1.02989 0.903 13.623 0.52698 0.122076  -0.219439 0.173219 3
1388036698.601804866 5.79242 -1.01368 0.877 15 0.605358 0.161687  -0.259365 0.239745 3
1388036698.702064538 5.85588 -0.989604 0.863 15.549 0.632996 0.24011  -0.139637 0.0955697 3
1388036698.802323903 5.92601 -0.96862 0.844 16.253 0.699459 0.209294  -0.189508 0.122552 3
1388036698.902581861 5.98875 -0.948938 0.831 16.729 0.625784 0.196316  -0.129666 0.0828636 3
1388036699.002834706 6.05334 -0.92921 0.816 17.084 0.644251 0.196775  -0.149622 0.0618048 3
1388036699.103093425 6.11462 -0.909138 0.81 17.175 0.611237 0.200208  -0.0598452 0.0158421 3
1388036699.303553777 6.23922 -0.868298 0.808 17.206 0.621566 0.20373  0 0.00269823 3
1388036699.704447938 6.41342 -0.761662 0.775 17.331 0.434522 0.265995  -0.082316 0.00544199 3
1388036699.804716439 6.43086 -0.746844 0.789 17.351 0.173929 0.147787  0.139625 0.00348205 3
1388036700.005184140 6.44585 -0.721896 0.787 17.303 0.0748101 0.124448  0 -0.00417938 3
1388036700.205784982 6.4658 -0.692026 0.786 17.29 0.0994174 0.1489  0 -0.00113111 3
1388036700.306038514 6.46969 -0.68463 0.794 16.503 0.0388458 0.0737735  0.0797977 -0.13701 3
1388036700.406270808 6.47238 -0.655417 0.842 14.707 0.0268094 0.291455  0.478888 -0.312733 3
1388036700.506533202 6.47483 -0.627126 0.831 14.491 0.0244454 0.28217  -0.109712 -0.037601 3
1388036701.107872069 6.50858 -0.485305 0.826 14.162 0.0561305 0.235842  0 -0.00954876 3
1388036701.208120876 6.51657 -0.458974 0.82 13.845 0.0797197 0.262657  -0.0598511 -0.0551899 3
1388036701.508774008 6.57429 -0.362114 0.817 12.947 0.191969 0.322165  0 -0.0521306 3
1388036701.609035805 6.68772 -0.318084 0.823 9.901 1.13136 0.439147  0.0598433 -0.530237 3
1388036701.709265586 6.80127 -0.278717 0.812 9.48399 1.13285 0.392773  -0.109748 -0.0726147 3
1388036702.210389680 7.3893 -0.161534 0.784 5.733 1.17342 0.23384  -0.0558744 -0.130641 3
1388036702.310647397 7.50571 -0.168794 0.741 3.16899 1.16112 -0.0724125  -0.428895 -0.446354 3
1388036702.410875821 7.59031 -0.19781 0.711 -0.137009 0.844062 -0.2895  -0.299316 -0.575691 3
1388036702.511102051 7.67658 -0.223081 0.711 -0.279999 0.860759 -0.252139  0 -0.0249002 3
1388036702.611328924 7.75549 -0.249572 0.713 0.00799561 0.787319 -0.264315  0.0199547 0.0501507 3
1388036702.711580964 7.82716 -0.276821 0.712 0.369003 0.714929 -0.2718  0 0.0628493 3
1388036702.811817955 7.89144 -0.304337 0.711 0.862 0.641222 -0.274512  0 0.0858406 3
1388036702.912070615 7.94159 -0.329902 0.717 1.722 0.500249 -0.255006  0.0598488 0.14972 3
1388036703.012321806 7.98185 -0.35053 0.712 3.23 0.401595 -0.205759  -0.0498747 0.262535 3
1388036703.112557291 7.99123 -0.345498 0.712 6.132 0.0935937 0.0501937  0 0.505306 3
1388036703.212794331 7.98872 -0.308247 0.724 10.26 -0.0250434 0.371629  0.119716 0.718767 3
1388036703.313035187 7.98585 -0.282166 0.727 14.152 -0.0286004 0.260191  0.0299279 0.67765 3
1388036703.413286385 7.98117 -0.251508 0.725 15.244 -0.046709 0.305804  -0.0199499 0.190114 3
1388036703.613735742 7.96954 -0.18352 0.724 16.337 -0.0580007 0.33918  0 0.0951673 3
1388036703.713969963 7.96873 -0.119127 0.716 20.247 0 0.64243  -0.0798131 0.68083 3
1388036703.814221561 7.9778 -0.0521195 0.717 20.784 0.0905103 0.668389  0 0.0934894 3
1388036703.914462620 8.00484 0.0188461 0.722 21.527 0.26976 0.70795  0.0498798 0.129365 3
1388036704.014751253 8.05273 0.0878978 0.732 20.738 0.477437 0.688529  0.0997122 -0.13731 3
1388036704.115073554 8.10027 0.155463 0.735 20.641 0.473872 0.673478  0.0299036 -0.0168753 3
1388036704.215309369 8.18632 0.219254 0.737 19.34 0.858475 0.636409  0.0199529 -0.226532 3
1388036704.315576974 8.28405 0.265043 0.75 17.168 0.974726 0.456669  0.129653 -0.378073 3
1388036704.415827893 8.38855 0.288081 0.751 15.836 1.04243 0.22981  0 -0.231896 3
1388036704.516106047 8.49214 0.306148 0.762 14.711 1.03294 0.180166  0.109695 -0.195805 3
1388036704.616372279 8.59438 0.324987 0.756 14.523 1.01978 0.187894  -0.0598407 -0.0327257 3
1388036704.716621164 8.69417 0.34228 0.753 14.496 0.995333 0.172492  -0.0299255 -0.00469944 3
1388036704.816868760 8.7887 0.35765 0.748 14.483 0.942979 0.153325  -0.0498765 -0.00226341 3
1388036704.917114405 8.86759 0.369571 0.741 14.471 0.787021 0.118913  -0.0698285 -0.00209077 3
1388036705.017351074 8.92331 0.376017 0.722 14.508 0.555811 0.0643097  -0.189551 0.00644292 3
1388036705.117649757 8.94926 0.379394 0.678 14.72 0.258727 0.0336682  -0.43869 0.0368918 3
1388036705.217940727 8.96286 0.3819 0.648 14.824 0.135607 0.0249943  -0.29913 0.0180968 3
1388036705.318265423 8.97158 0.383048 0.635 14.676 0.0869933 0.0114398  -0.129579 -0.0257464 3
1388036705.418518889 8.98501 0.3839 0.626 14.54 0.133932 0  -0.0897725 -0.0236767 3
1388036705.518771145 9.00603 0.386795 0.623 14.467 0.209699 0.0288775  -0.0299245 -0.0127085 3
1388036705.619034557 9.03974 0.390561 0.621 14.343 0.336223 0.037555  -0.0199475 -0.021584 3
1388036705.719285432 9.08846 0.396057 0.627 14.058 0.485989 0.0548316  0.0598499 -0.049618 3
1388036705.819537293 9.14345 0.401377 0.635 13.736 0.548457 0.0530648  0.079799 -0.0560595 3
1388036705.919788857 9.20124 0.405109 0.643 13.397 0.57644 0.0372275  0.0797993 -0.0590163 3
1388036706.020042436 9.26229 0.409243 0.65 13.289 0.608983 0.0412331  0.0698229 -0.0188022 3
1388036706.120283956 9.32293 0.413879 0.652 13.279 0.604899 0.0462457  0.0199518 -0.00174282 3
1388036706.220531480 9.37593 0.414303 0.664 13.666 0.52876 0  0.119704 0.067379 3
1388036706.320786556 9.42684 0.403521 0.663 14.059 0.507762 -0.107548  0 0.0684152 3
1388036706.421068142 9.47899 0.37196 0.664 14.669 0.520003 -0.314721  0 0.106166 3
1388036706.521323517 9.52994 0.335153 0.663 15.327 0.508207 -0.367128  0 0.114551 3
1388036706.621569933 9.57354 0.296475 0.661 15.744 0.434959 -0.385829  -0.0199508 0.0726026 3
1388036706.721804967 9.61677 0.257599 0.661 15.794 0.431274 -0.387854  0 0.00870406 3
1388036706.922243329 9.69918 0.185384 0.658 16.21 0.41115 -0.360286  -0.0149672 0.0362235 3
1388036707.022495631 9.74321 0.174712 0.657 18.156 0.439194 -0.106446  0 0.338786 3
1388036707.122732603 9.78744 0.173544 0.661 18.741 0.441241 -0.0116511  0.0399054 0.101862 3
1388036707.222971457 9.83161 0.176138 0.66 19.089 0.440727 0.0258753  0 0.0605913 3
1388036707.623868678 9.99518 0.288205 0.67 21.33 0.408001 0.27954  0.024944 0.0975638 3
1388036707.724104159 10.0321 0.33538 0.669 23.032 0.367949 0.470641  0 0.296356 3
1388036708.225227568 10.1301 0.781549 0.653 29.104 0.195732 0.890337  -0.0319283 0.211477 3
1388036708.425671834 10.1813 0.988191 0.645 30.333 0.25517 1.03092  -0.0399113 0.107013 3
1388036708.525913939 10.2059 1.09268 0.644 30.421 0.245904 1.04234  0 0.0153214 3
1388036708.626273305 10.225 1.19981 0.64 31.354 0.18983 1.06751  -0.0398568 0.162256 3
1388036708.726511345 10.2304 1.27388 0.604 33.832 0.0539835 0.738889  -0.359145 0.431468 3
1388036708.826748584 10.2276 1.36734 0.598 34.216 -0.0281024 0.932369  -0.059858 0.0668625 3
1388036708.927001734 10.225 1.46019 0.577 35.497 -0.0260878 0.92622  -0.20947 0.22301 3
1388036709.027269510 10.2133 1.47672 0.531 36.26 -0.116662 0.164848  -0.458772 0.132813 3
1388036709.127523211 10.1999 1.49211 0.513 34.444 -0.133874 0.153458  -0.179544 -0.316149 3
1388036709.227790328 10.1858 1.51088 0.505 33.301 -0.140304 0.187208  -0.0797869 -0.198961 3
1388036709.428261811 10.1602 1.57505 0.485 29.948 -0.127411 0.320104  -0.0997648 -0.291916 3
1388036709.628741523 10.1629 1.60573 0.478 27.599 0.0134747 0.153039  -0.0349163 -0.204498 3
1388036710.029678029 10.3758 1.55209 0.449 6.40199 0.53095 -0.133779  -0.0723307 -0.922734 3
1388036710.129922534 10.4427 1.49778 0.445 -5.23201 0.666682 -0.541805  -0.0399024 -2.02556 3
1388036710.230189669 10.5314 1.36415 0.467 -21.24 0.884625 -1.33277  0.219414 -2.78648 3
1388036710.330453950 10.6029 1.24039 0.471 -30.241 0.713304 -1.23429  0.0398946 -1.56683 3
1388036710.366984141 10.6286 1.19775 0.474 -32.257 0.705209 -1.16734  0.0821239 -0.963202 3
1388036710.466992723 10.7145 1.07821 0.476 -36.008 0.858894 -1.1953  0.0199983 -0.654618 3
1388036710.566993897 10.7833 0.959138 0.47 -38.535 0.687542 -1.19069  -0.0599993 -0.441038 3
1388036710.666997337 10.8259 0.895297 0.453 -37.752 0.426034 -0.638396  -0.169994 0.136655 8
1388036710.766998345 10.8704 0.876438 0.455 -37.354 0.445176 -0.188581  0.0199998 0.0694625 8
1388036710.867057567 10.9185 0.884689 0.458 -37.069 0.480249 0.0824618  0.0299822 0.0497131 8
1388036710.967026485 10.9371 0.895919 0.459 -36.95 0.186488 0.112328  0.0100031 0.0207765 8
1388036711.067060911 10.9546 0.890603 0.461 -37.03 0.174668 -0.0531396  0.0199931 -0.0139581 4
1388036711.167085008 10.9705 0.888996 0.469 -37.049 0.15922 -0.0160674  0.0799807 -0.0033175 4
1388036711.267071347 10.9851 0.868053 0.474 -37.189 0.145692 -0.209457  0.0500068 -0.0244378 9
1388036711.367054948 10.9914 0.816521 0.453 -37.413 0.0630475 -0.515404  -0.210034 -0.0391016 9
1388036711.467058098 10.9952 0.767976 0.41 -37.545 0.0378633 -0.485439  -0.429986 -0.0230356 9
1388036711.567061303 11 0.737239 0.359 -37.615 0.0482286 -0.307354  -0.509984 -0.0122182 9
1388036711.667053974 11.007 0.724629 0.288 -37.789 0.0704834 -0.12611  -0.710052 -0.0303703 9
1388036711.767060930 11.0186 0.732347 0.218 -37.754 0.115452 0.0771746  -0.699951 0.00610887 9
1388036711.867009710 11.0358 0.751592 0.181 -37.156 0.172433 0.192549  -0.37019 0.104423 9
1388036711.967020000 11.0534 0.762983 0.163 -36.975 0.175741 0.113897  -0.179981 0.0315872 9
1388036712.266995706 11.1051 0.792055 0.139 -36.765 0.172242 0.0969157  -0.0800065 0.0122187 9
1388036712.366993804 11.122 0.801427 0.128 -36.663 0.169291 0.0937193  -0.110002 0.0178009 9
1388036712.467051699 11.122 0.801427 0 -36.316 0 0  -1.27926 0.0605279 2
1388036712.667003841 11.122 0.801427 0 -35.997 0 0  0 0.0278447 2
1388036712.766993972 11.122 0.801427 0 -35.995 0 0  0 0.000348909 2
1388036712.866993628 11.122 0.801427 0 -36.016 0 0  0 -0.00366452 2
1388036713.366995364 11.122 0.801427 0 -36.026 0 0  0 -0.000348873 2
1388036713.566994995 11.122 0.801427 0 -36.031 0 0  0 -0.000436759 2
1388036713.667039463 11.122 0.801427 0 -36.033 0 0  0 -0.000348719 2
1388036713.766987023 11.122 0.801427 0 -36.034 0 0  0 -0.000173196 2
1388036714.166995835 11.122 0.801427 0 -36.062 0 0  0 -0.0012217 2
1388036714.266999977 11.122 0.801427 0 -36.068 0 0  0 -0.00104924 2
1388036714.366993833 11.122 0.801427 0 -36.074 0 0  0 -0.00104669 2
1388036714.667018156 11.122 0.801427 0 -36.085 0 0  0 -0.000639994 2
1388036714.766994057 11.122 0.801427 0 -36.093 0 0  0 -0.00139583 2
1388036715.266994246 11.122 0.801427 0 -36.104 0 0  0 -0.000384028 2
1388036715.466992822 11.122 0.801427 0 -36.111 0 0  0 -0.0006112 2
1388036715.666991770 11.122 0.801427 0 -36.116 0 0  0 -0.000435429 2
1388036715.767048047 11.122 0.801427 0 -36.125 0 0  0 -0.00157038 2
1388036715.967002297 11.122 0.801427 0 -36.138 0 0  0 -0.00113477 2
1388036716.266999925 11.122 0.801427 0 -36.161 0 0  0 -0.00133869 2
1388036716.466995902 11.122 0.801427 0 -36.169 0 0  0 -0.000697762 2
1388036716.667041722 11.122 0.801427 0 -36.18 0 0  0 -0.00095985 2
1388036716.966996570 11.122 0.801427 0 -36.19 0 0  0 -0.000581544 2
1388036717.466996145 11.122 0.801427 0 -36.209 0 0  0 -0.000663128 2
1388036717.666996821 11.122 0.801427 0 -36.217 0 0  0 -0.000699077 2
1388036719.867008656 11.122 0.801427 0 -36.292 0 0  0 -0.000594971 2
1388036720.266988129 11.122 0.801427 0 -36.305 0 0  0 -0.000567282 2
1388036720.366994429 11.122 0.801427 0 -36.316 0 0  0 -0.00192002 2
1388036720.967000274 11.122 0.801427 0 -36.357 0 0  0 -0.00119264 2
1388036721.867011849 11.122 0.801427 0 -36.395 0 0  0 -0.000736798 2
1388036722.366996704 11.122 0.801427 0 -36.426 0 0  0 -0.00108234 2
1388036723.067007114 11.122 0.801427 0 -36.473 0 0  0 -0.00117177 2
1388036723.567007525 11.122 0.801427 0 -36.504 0 0  0 -0.00108178 2
1388036724.266995386 11.122 0.801427 0 -36.549 0 0  0 -0.00112235 2
1388036724.566996230 11.122 0.801427 0 -36.571 0 0  0 -0.0012792 2
1388036724.867004943 11.122 0.801427 0 -36.572 0 0  0 -5.85878e-05 2
1388036725.267011819 11.122 0.801427 0 -36.611 0 0  0 -0.00170173 2
1388036725.366995856 11.122 0.801427 0 -36.612 0 0  0 -0.000173133 2
1388036725.666997093 11.122 0.801427 0 -36.633 0 0  0 -0.00122239 2
1388036725.867036906 11.122 0.801427 0 -36.652 0 0  0 -0.00165749 2
1388036725.966996155 11.122 0.801427 0 -36.67 0 0  0 -0.00314115 2
1388036726.067005545 11.122 0.801427 0 -36.673 0 0  0 -0.000524593 2
1388036726.467013184 11.122 0.801427 0 -36.683 0 0  0 -0.000436084 2
1388036726.767043653 11.122 0.801427 0 -36.705 0 0  0 -0.00127996 2
1388036726.866989710 11.122 0.801427 0 -36.705 0 0  0 0 2
1388036726.966994713 11.122 0.801427 0 -36.711 0 0  0 -0.00104657 2
1388036727.067081884 11.122 0.801427 0 -36.72 0 0  0 -0.0015699 2
1388036727.167047445 11.122 0.801427 0 -36.736 0 0  0 -0.00279462 2
1388036727.266995579 11.122 0.801427 0 -36.743 0 0  0 -0.00122036 2
1388036727.367005683 11.122 0.801427 0 -36.752 0 0  0 -0.00157111 2
1388036727.466991716 11.122 0.801427 0 -36.76 0 0  0 -0.00139835 2
1388036727.566994814 11.122 0.801427 0 -36.761 0 0  0 -0.0001731 2
1388036727.667038359 11.122 0.801427 0 -36.764 0 0  0 -0.000524414 2
1388036727.766987563 11.122 0.801427 0 -36.771 0 0  0 -0.00122301 2
1388036727.866995565 11.122 0.801427 0 -36.779 0 0  0 -0.00139538 2
1388036727.967042017 11.122 0.801427 0 -36.79 0 0  0 -0.00191925 2
1388036728.067013391 11.122 0.801427 0 -36.797 0 0  0 -0.00122008 2
1388036728.166987995 11.122 0.801427 0 -36.813 0 0  0 -0.00279437 2
1388036728.267006191 11.122 0.801427 0 -36.823 0 0  0 -0.00174405 2
1388036728.367043886 11.122 0.801427 0 -36.828 0 0  0 -0.000873188 2
1388036728.466996159 11.122 0.801427 0 -36.833 0 0  0 -0.000873934 2
1388036728.567000842 11.122 0.801427 0 -36.837 0 0  0 -0.000697716 2
1388036728.666994028 11.122 0.801427 0 -36.839 0 0  0 -0.000348898 2
1388036728.766993510 11.122 0.801427 0 -36.843 0 0  0 -0.000697752 2
1388036728.867078493 11.122 0.801427 0 -36.847 0 0  0 -0.000697156 2
1388036728.967034010 11.122 0.801427 0 -36.852 0 0  0 -0.000873906 2
1388036729.066988049 11.122 0.801427 0 -36.859 0 0  0 -0.00122295 2
1388036729.167036774 11.122 0.801427 0 -36.863 0 0  0 -0.000697408 2
1388036729.267003324 11.122 0.801427 0 -36.864 0 0  0 -0.000173163 2
1388036729.367013746 11.122 0.801427 0 -36.865 0 0  0 -0.00017575 2
1388036729.467034957 11.122 0.801427 0 -36.867 0 0  0 -0.0003488 2
1388036729.566993117 11.122 0.801427 0 -36.868 0 0  0 -0.000173178 2
1388036729.667039976 11.122 0.801427 0 -36.872 0 0  0 -0.000700083 2
1388036729.766996042 11.122 0.801427 0 -36.894 0 0  0 -0.0038393 2
1388036729.867003425 11.122 0.801427 0 -36.904 0 0  0 -0.0017469 2
1388036729.967003100 11.122 0.801427 0 -36.907 0 0  0 -0.000521981 2
1388036730.067034154 11.122 0.801427 0 -36.911 0 0  0 -0.000700194 2
1388036730.166990485 11.122 0.801427 0 -36.916 0 0  0 -0.000871234 2
1388036730.266989523 11.122 0.801427 0 -36.923 0 0  0 -0.0012224 2
1388036730.366991922 11.122 0.801427 0 -36.927 0 0  0 -0.000697731 2
1388036730.467020651 11.122 0.801427 0 -36.93 0 0  0 -0.000524492 2
1388036730.567008739 11.122 0.801427 0 -36.937 0 0  0 -0.00121987 2
1388036730.667071068 11.122 0.801427 0 -36.94 0 0  0 -0.000524316 2
1388036730.767017656 11.122 0.801427 0 -36.947 0 0  0 -0.00122304 2
1388036730.867019777 11.122 0.801427 0 -36.954 0 0  0 -0.00122237 2
1388036730.967051588 11.122 0.801427 0 -36.958 0 0  0 -0.000697526 2
1388036731.067017709 11.122 0.801427 0 -36.962 0 0  0 -0.000697985 2
1388036731.167008898 11.122 0.801427 0 -36.971 0 0  0 -0.0015714 2
1388036731.267002678 11.122 0.801427 0 -36.975 0 0  0 -0.000697792 2
