1385800378.087743659 -1.44617e-28 -1.22843e-28 0 -161.334 -3.67501e-29 -3.1217e-29  0 -0.715555 6
1385800378.145451902 -1.45154e-28 -1.23299e-28 0 -161.414 -9.31076e-30 -7.89143e-30  0 -0.0241958 6
1385800378.221659615 -1.45333e-28 -1.23452e-28 0 -161.079 -2.34383e-30 -2.01354e-30  0 0.0767241 6
1385800378.276058797 -1.45365e-28 -1.2348e-28 0 -160.844 -5.90683e-31 -5.11931e-31  0 0.075397 6
1385800378.341819589 -1.45375e-28 -1.23489e-28 0 -160.531 -1.48667e-31 -1.30306e-31  0 0.0830689 6
1385800378.410609083 -1.45377e-28 -1.23491e-28 0 -160.217 -3.74067e-32 -3.31485e-32  0 0.0796709 6
1385800378.471529221 -1.45378e-28 -1.23491e-28 0 -160.126 -9.44403e-33 -8.39125e-33  0 0.0260676 6
1385800378.535660419 -1.45378e-28 -1.23492e-28 0 -159.992 -2.38296e-33 -2.12578e-33  0 0.0364688 6
1385800378.601427965 -1.45378e-28 -1.23492e-28 0 -159.809 -6.00943e-34 -5.39289e-34  0 0.0485639 6
1385800378.665720731 -1.45378e-28 -1.23492e-28 0 -159.91 -1.52242e-34 -1.36089e-34  0 -0.0274175 6
1385800378.730876317 -1.90617e-12 3.70563e-13 0 168.982 -2.92557e-11 5.68736e-12  0 88.1006 6
1385800378.795979844 -0.00362828 -0.00612051 0.272 168.99 -0.055731 -0.0940119  4.17796 0.00214759 6
1385800378.861438525 -0.00632321 -0.0133303 0.294 169.022 -0.0411699 -0.110143  0.33609 0.00853156 6
1385800378.927057023 -0.00758676 -0.0192711 0.335 169.081 -0.019256 -0.0905352  0.624824 0.0156904 6
1385800378.992676418 -0.00838319 -0.0241736 0.383 169.081 -0.0121371 -0.0747119  0.731491 0 6
1385800379.057465085 -0.00919337 -0.0299078 0.445 169.134 -0.0125049 -0.088506  0.956957 0.01428 6
1385800379.122112725 -0.0100466 -0.0368604 0.508 169.161 -0.0131989 -0.107546  0.974514 0.0072874 6
1385800379.187395187 -0.0106539 -0.0402924 0.567 169.199 -0.0093017 -0.0525706  0.903765 0.0101619 6
1385800379.253092003 -0.0114873 -0.043572 0.631 169.253 -0.0126863 -0.0499208  0.974172 0.0143461 6
1385800379.318476932 -0.0125893 -0.0473842 0.675 169.273 -0.0168535 -0.0583046  0.672938 0.0053357 6
1385800379.382994819 -0.0140577 -0.051061 0.711 169.309 -0.0227598 -0.0569888  0.557985 0.00974158 6
1385800379.448591028 -0.0159046 -0.0555077 0.739 169.33 -0.0281558 -0.0677878  0.426854 0.00558647 6
1385800379.512907216 -0.0179659 -0.0605424 0.757 169.341 -0.0320487 -0.0782816  0.279867 0.00298547 6
1385800379.579231246 -0.0197769 -0.0662734 0.764 169.379 -0.027306 -0.0864091  0.105542 0.00999829 6
1385800379.643644587 -0.0212027 -0.0713936 0.766 169.393 -0.0221349 -0.0794899  0.0310495 0.00379546 6
1385800379.709036856 -0.021947 -0.075853 0.764 169.41 -0.0113818 -0.0681941  -0.0305847 0.00453687 6
1385800379.774181357 -0.0224018 -0.0790471 0.757 169.381 -0.00698201 -0.0490314  -0.107453 -0.00777145 6
1385800379.839900465 -0.0227864 -0.0817877 0.749 169.348 -0.00585213 -0.0417009  -0.12173 -0.00876116 6
1385800379.904655276 -0.0233097 -0.0838544 0.739 169.439 -0.00808062 -0.0319162  -0.154429 0.0245239 6
1385800379.972447347 -0.0232765 -0.0854965 0.731 169.492 0.000488956 -0.0242223  -0.118008 0.0136474 6
1385800380.035043758 -0.0229525 -0.0870029 0.724 169.557 0.00517587 -0.0240651  -0.111827 0.0181241 6
1385800380.100990942 -0.0234822 -0.0883577 0.717 169.509 -0.00803153 -0.0205435  -0.106146 -0.0127046 6
1385800380.166190049 -0.0240644 -0.0892156 0.714 169.583 -0.00893005 -0.013158  -0.0460129 0.0198065 6
1385800380.230671239 -0.0245874 -0.0899261 0.711 169.535 -0.00811093 -0.011019  -0.0465252 -0.0129893 6
1385800380.296151237 -0.0247489 -0.0906051 0.711 169.519 -0.00246572 -0.0103696  0 -0.00426643 6
1385800380.361147696 -0.0252155 -0.0901677 0.709 169.465 -0.00717865 0.00672953  -0.0307709 -0.0145007 6
1385800380.426518268 -0.025769 -0.089807 0.711 169.597 -0.00846712 0.00551761  0.0305948 0.0352437 6
1385800380.491287023 -0.0258037 -0.0884769 0.712 169.552 -0.000536757 0.0205367  0.0154395 -0.0121257 6
1385800380.556450478 -0.0255073 -0.0881411 0.715 169.543 0.00454966 0.00515318  0.0460381 -0.00241127 6
1385800380.622026508 -0.0252464 -0.0877397 0.717 169.56 0.00397848 0.00612082  0.0304989 0.00452416 6
1385800380.687256870 -0.0245819 -0.0875308 0.719 169.55 0.0101864 0.00320246  0.0306606 -0.00267417 6
1385800380.754366366 -0.0237049 -0.0871813 0.722 169.53 0.0130683 0.00520743  0.0447031 -0.00520255 6
1385800380.816956329 -0.0230095 -0.0864765 0.725 169.424 0.0111109 0.0112605  0.047931 -0.029559 6
1385800380.884153866 -0.0222554 -0.0860326 0.726 169.315 0.011221 0.00660588  0.0148815 -0.028309 6
1385800380.948632874 -0.0215769 -0.0853687 0.727 169.34 0.0105238 0.0102973  0.0155089 0.00676539 6
1385800381.013253041 -0.0212164 -0.0846224 0.729 169.283 0.00557808 0.011549  0.0309501 -0.0153929 6
1385800381.078614782 -0.0209153 -0.0838907 0.728 169.215 0.00460655 0.0111945  -0.0152995 -0.01816 6
1385800381.145229632 -0.0206443 -0.0830954 0.729 169.266 0.00406835 0.0119377  0.0150117 0.0133648 6
1385800381.207609462 -0.0201667 -0.0830883 0.728 169.306 0.00765707 0.000114786  -0.0160308 0.0111897 6
1385800381.274329798 -0.0193153 -0.0833502 0.732 169.292 0.0127606 -0.00392642  0.0599517 -0.00366023 6
1385800381.340665368 -0.0190307 -0.0836829 0.731 169.294 0.00429032 -0.00501398  -0.0150749 0.000525923 6
1385800381.404519007 -0.0184525 -0.0845339 0.733 169.256 0.00905473 -0.0133282  0.0313216 -0.0103893 6
1385800381.471805022 -0.0175233 -0.0857282 0.733 169.301 0.0138094 -0.0177493  0 0.0116721 6
1385800381.535049605 -0.0168332 -0.0865354 0.732 169.316 0.0109121 -0.0127639  -0.0158116 0.00413931 6
1385800381.600189055 -0.0158089 -0.0875562 0.729 169.274 0.0157249 -0.0156699  -0.046055 -0.0112513 6
1385800381.665429140 -0.01521 -0.0882535 0.728 169.23 0.0091795 -0.0106884  -0.015328 -0.0117728 6
1385800381.730533423 -0.0142927 -0.0896215 0.727 169.299 0.0140893 -0.0210135  -0.01536 0.0184977 4
1385800381.796066645 0.0291496 0.0866951 0.726 -0.0179901 -0.0234357 0.0196244  -0.0152594 -45.0938 3
1385800381.861382522 0.0276541 0.0879377 0.724 -0.0529938 -0.0228976 0.0190242  -0.0306204 -0.00935346 3
1385800389.230570385 0.161346 0.300317 1.087 -0.304001 0.018142 0.0288199  0.0492592 -0.000594489 3
1385800389.300597543 0.162405 0.302472 1.087 -0.0179901 0.015129 0.0307689  0 0.0712842 3
1385800389.426258718 0.169453 0.310068 1.085 -0.440002 0.0560854 0.0604469  -0.0159158 -0.058614 3
1385800389.556728088 0.194813 0.319459 1.081 -1.062 0.194377 0.0719805  -0.0306585 -0.0832061 3
1385800389.622339728 0.211183 0.326153 1.076 -1.388 0.249491 0.102031  -0.076206 -0.08672 3
1385800389.752407493 0.27649 0.338755 1.064 -1.875 0.502101 0.0968865  -0.0922596 -0.0653486 3
1385800389.817664894 0.316437 0.344265 1.051 -2.019 0.612142 0.0844289  -0.199211 -0.0385125 3
1385800389.947946472 0.420501 0.35156 1.024 -2.231 0.798764 0.0559976  -0.207243 -0.0284015 3
1385800390.012715392 0.478354 0.356286 1.009 -2.31799 0.893218 0.0729557  -0.231593 -0.0234413 3
1385800390.143831073 0.605127 0.353025 0.988 -2.321 0.966882 -0.0248694  -0.160164 -0.000400137 3
1385800390.208807892 0.671253 0.350947 0.971 -2.23999 1.01769 -0.0319809  -0.261632 0.0217596 3
1385800390.338773849 0.816812 0.343084 0.942 -1.907 1.11998 -0.0605018  -0.223135 0.044718 3
1385800390.404210856 0.893383 0.338212 0.933 -1.69099 1.17016 -0.0744491  -0.137537 0.0576122 3
1385800390.534849488 1.05669 0.32549 0.918 -0.940002 1.25007 -0.0973797  -0.114821 0.100332 3
1385800390.600050119 1.14128 0.318879 0.91 -0.530991 1.29739 -0.101399  -0.122698 0.109487 3
1385800390.730093549 1.31872 0.303314 0.901 0.46701 1.36442 -0.11969  -0.0692076 0.133943 3
1385800390.861112467 1.5024 0.283259 0.888 1.73601 1.40194 -0.153072  -0.0992223 0.169046 3
1385800390.926945445 1.5955 0.271853 0.882 2.505 1.41427 -0.173248  -0.0911397 0.203872 3
1385800391.058877099 1.78704 0.245862 0.871 4.002 1.45177 -0.197008  -0.0833765 0.198038 3
1385800391.121930468 1.87936 0.232776 0.865 4.72501 1.46426 -0.207533  -0.0951575 0.20013 3
1385800391.252386614 2.07187 0.199862 0.858 6.63501 1.47568 -0.252299  -0.0536579 0.255533 3
1385800391.316756607 2.16682 0.182868 0.855 7.625 1.47498 -0.264008  -0.0466056 0.268426 3
1385800391.447959295 2.35901 0.148236 0.852 9.74001 1.46483 -0.263956  -0.0228654 0.281349 3
1385800391.513175360 2.45307 0.130247 0.85 10.957 1.44225 -0.275841  -0.0306673 0.325695 3
1385800391.644371794 2.63928 0.0968251 0.849 13.342 1.41933 -0.254747  -0.00762216 0.317282 3
1385800391.711853028 2.73347 0.0801637 0.848 14.617 1.39587 -0.246903  -0.0148189 0.329763 3
1385800391.839197051 2.90971 0.0532311 0.847 17.242 1.38395 -0.211495  -0.00785274 0.359773 3
1385800391.904861841 2.9999 0.040414 0.846 18.657 1.37352 -0.195189  -0.0152289 0.376096 3
1385800392.036159488 3.17474 0.0189482 0.844 21.54 1.33164 -0.163489  -0.0152326 0.383236 3
1385800392.165301562 3.34505 0.00902466 0.843 24.19 1.31881 -0.0768423  -0.00774341 0.358141 3
1385800392.230652119 3.43158 0.00732786 0.845 25.413 1.32402 -0.0259645  0.0306042 0.326631 3
1385800392.358965233 3.60283 0.0164235 0.851 27.839 1.33462 0.070886  0.0467606 0.329987 3
1385800392.428789573 3.69691 0.0257978 0.857 28.999 1.34744 0.134256  0.0859299 0.289955 3
1385800392.557714690 3.87261 0.0561858 0.863 31.424 1.36281 0.235703  0.0465386 0.328286 3
1385800392.621801244 4.02731 0.164874 0.864 32.946 2.41384 1.69596  0.0156039 0.414497 3
1385800392.730787758 4.06826 0.238591 0 91.159 0.375758 0.676389  -7.92759 9.32233 0
1385800392.793767846 4.02447 0.215098 0 125.522 -0.695307 -0.373026  0 9.52281 0
1385800392.897730483 4.02447 0.215098 0 126.945 0 0  0 0.238894 0
1385800393.003032866 3.9551 0.186921 0 118.771 -0.658746 -0.267578  0 -1.3548 0
1385800393.109864311 3.90679 0.169246 0 119.556 -0.45222 -0.165447  0 0.128248 0
1385800393.173689213 3.87928 0.160894 0 116.085 -0.431106 -0.130858  0 -0.949165 0
1385800393.279847106 3.83808 0.148583 0 115.765 -0.388028 -0.115975  0 -0.0526108 0
1385800393.385135150 3.80135 0.137463 0 116 -0.348873 -0.105614  0 0.0389554 0
1385800393.554664088 3.75152 0.122206 0 116.166 -0.293956 -0.0899983  0 0.0170892 0
1385800393.660098115 3.72364 0.113595 0 116.304 -0.264415 -0.0816636  0 0.0228443 0
1385800393.765593212 3.69855 0.105773 0 116.459 -0.237821 -0.0741474  0 0.0256445 0
1385800393.874399512 3.67527 0.0984566 0 116.592 -0.213931 -0.0672442  0 0.0213334 0
1385800394.041745768 3.64511 0.0888622 0 116.777 -0.180277 -0.0573326  0 0.0192942 0
1385800394.146711911 3.62808 0.0834091 0 116.897 -0.16218 -0.0519514  0 0.0199535 0
1385800394.252191335 3.61269 0.078447 0 117.005 -0.145911 -0.0470434  0 0.0178706 0
1385800394.368440537 3.59743 0.0734956 0 117.11 -0.131275 -0.0425924  0 0.0157637 0
1385800394.422279286 3.59081 0.0713405 0 117.162 -0.122975 -0.0400288  0 0.0168578 0
1385800394.528257650 3.57908 0.067502 0 117.255 -0.110651 -0.0362205  0 0.0153163 0
1385800394.633455105 3.56861 0.0640557 0 117.341 -0.0995656 -0.0327602  0 0.014268 0
1385800394.737604090 3.55928 0.0609705 0 117.424 -0.0895898 -0.029623  0 0.0139092 0
1385800394.803891496 3.55372 0.0591253 0 117.481 -0.0839148 -0.027836  0 0.0150077 0
1385800394.909180688 3.54577 0.0564761 0 117.556 -0.0755121 -0.0251611  0 0.0124332 0
1385800395.014432779 3.53861 0.0540835 0 117.622 -0.067953 -0.0227323  0 0.0109434 0
1385800395.120362408 3.53214 0.0519075 0 117.692 -0.0611497 -0.0205418  0 0.0115334 0
1385800395.185453414 3.52841 0.0506518 0 117.735 -0.0572832 -0.0192914  0 0.0115297 0
1385800395.290656295 3.52298 0.0488187 0 117.798 -0.0515486 -0.0174242  0 0.0104524 0
1385800395.398113160 3.518 0.0471276 0 117.86 -0.0463885 -0.0157376  0 0.0100696 0
1385800395.501168424 3.5137 0.0456637 0 117.911 -0.0417467 -0.0142053  0 0.00863771 0
1385800395.671950687 3.50769 0.0436084 0 117.994 -0.0351963 -0.0120346  0 0.0084823 0
1385800395.777135762 3.50435 0.0424659 0 118.044 -0.0316743 -0.0108617  0 0.00829697 0
1385800395.882555523 3.50135 0.0414324 0 118.094 -0.0285049 -0.00980326  0 0.00827724 0
1385800396.052807998 3.49726 0.0400196 0 118.164 -0.0240324 -0.00829844  0 0.00717596 0
1385800396.157965282 3.49498 0.039232 0 118.217 -0.0216267 -0.00749015  0 0.00879681 0
1385800396.268401102 3.49283 0.0384858 0 118.257 -0.019463 -0.00675627  0 0.00632175 0
1385800396.370367233 3.49105 0.0378644 0 118.297 -0.0175161 -0.00609458  0 0.00684686 0
1385800396.434357939 3.49 0.0374985 0 118.324 -0.0164095 -0.00571838  0 0.00736429 0
1385800396.539552753 3.48844 0.0369559 0 118.361 -0.0147682 -0.00515745  0 0.00613924 0
1385800396.646856433 3.48702 0.0364569 0 118.395 -0.0132911 -0.00465061  0 0.00552965 0
1385800396.751135914 3.48577 0.0360196 0 118.429 -0.0119617 -0.0041937  0 0.00569002 0
1385800396.815492106 3.48505 0.0357664 0 118.451 -0.0112062 -0.00393369  0 0.00596722 0
1385800396.919984669 3.484 0.0353957 0 118.488 -0.0100852 -0.0035476  0 0.0061805 0
1385800397.026697982 3.48303 0.0350544 0 118.518 -0.00907656 -0.00319828  0 0.00490639 0
1385800397.131724655 3.48217 0.0347517 0 118.543 -0.00816901 -0.00288255  0 0.00415474 0
1385800397.239061885 3.48138 0.0344728 0 118.572 -0.00735208 -0.00259853  0 0.00471536 0
1385800397.303039822 3.48094 0.0343169 0 118.589 -0.00688781 -0.00243677  0 0.00463716 0
1385800397.406033992 3.4803 0.0340907 0 118.615 -0.00619902 -0.00219631  0 0.0044061 0
1385800397.512783488 3.47971 0.0338793 0 118.642 -0.0055791 -0.00197969  0 0.00441451 0
1385800397.628796387 3.47912 0.0336723 0 118.668 -0.00502116 -0.00178426  0 0.00391166 0
1385800397.683531994 3.47887 0.0335807 0 118.686 -0.00470403 -0.00167323  0 0.00573886 0
1385800397.788954040 3.47842 0.0334218 0 118.71 -0.00423361 -0.00150791  0 0.0039737 0
1385800397.894206489 3.47802 0.0332788 0 118.733 -0.00381022 -0.00135886  0 0.0038131 0
1385800398.067114472 3.47746 0.0330802 0 118.771 -0.00321257 -0.00114811  0 0.00383591 0
1385800398.170363825 3.47716 0.0329734 0 118.792 -0.00289136 -0.00103455  0 0.00355047 0
1385800398.278694941 3.47688 0.0328725 0 118.807 -0.0026023 -0.000931923  0 0.00241656 0
1385800398.379487601 3.47665 0.0327878 0 118.828 -0.00234211 -0.000839709  0 0.00363569 0
1385800398.446076811 3.4765 0.0327354 0 118.839 -0.00219424 -0.000787146  0 0.00288356 0
1385800398.551468716 3.47629 0.0326607 0 118.855 -0.00197487 -0.000709081  0 0.00264947 0
1385800398.656691179 3.4761 0.0325935 0 118.876 -0.00177737 -0.000638893  0 0.0034839 0
1385800398.762535818 3.47594 0.0325325 0 118.894 -0.00159966 -0.000575574  0 0.00296774 0
1385800398.869191153 3.47578 0.0324772 0 118.914 -0.00143971 -0.000518581  0 0.00327229 0
1385800398.932867230 3.4757 0.0324463 0 118.925 -0.00134881 -0.000486139  0 0.00301548 0
1385800399.037970340 3.47557 0.0324002 0 118.941 -0.00121396 -0.000437923  0 0.00265675 0
1385800399.143316424 3.47545 0.0323587 0 118.957 -0.00109259 -0.000394479  0 0.00265062 0
1385800399.259228437 3.47534 0.0323175 0 118.97 -0.000983371 -0.000355288  0 0.00195753 0
1385800399.313265040 3.47529 0.0322995 0 118.978 -0.000921298 -0.000333009  0 0.00258497 0
1385800399.419339325 3.4752 0.0322677 0 118.994 -0.000829189 -0.000299974  0 0.00263242 0
1385800399.524576322 3.47512 0.0322393 0 119.01 -0.000746286 -0.000270215  0 0.00265337 0
1385800399.629802340 3.47505 0.0322136 0 119.025 -0.000671675 -0.000243396  0 0.00248787 0
1385800399.695007493 3.47501 0.0321988 0 119.035 -0.000629271 -0.000228152  0 0.00267725 0
1385800399.801268311 3.47495 0.0321769 0 119.048 -0.000566358 -0.00020548  0 0.00213532 0
1385800399.909079133 3.4749 0.032157 0 119.06 -0.00050974 -0.000185055  0 0.00194283 0
1385800400.076389653 3.47482 0.0321309 0 119.104 -0.00042943 -0.000156072  0 0.0045898 0
1385800400.181775860 3.47478 0.0321161 0 119.059 -0.000386723 -0.000140271  0 -0.00745227 0
1385800400.287037436 3.47475 0.0321028 0 119.026 -0.000347924 -0.000125954  0 -0.00547248 0
1385800400.393468964 3.47471 0.0320907 0 119.062 -0.000313002 -0.000113474  0 0.00590401 0
1385800400.563073916 3.47467 0.0320739 0 119.776 -0.000263669 -9.93365e-05  0 0.0734742 0
1385800400.668661216 3.47464 0.0320641 0 120.353 -0.000238809 -9.26275e-05  0 0.0953771 0
1385800400.776027656 3.47462 0.0320554 0 119.248 -0.000221543 -8.16321e-05  0 -0.179627 0
1385800400.944071080 3.46164 0.0290136 0 124.531 -0.0772364 -0.0181008  0 0.548702 0
1385800401.049106165 3.45452 0.0265097 0 129.97 -0.0677853 -0.0238393  0 0.903778 0
1385800401.154814782 3.44842 0.0233479 0 137.596 -0.0577268 -0.0299105  0 1.25911 0
1385800401.259850018 3.44337 0.0198434 0 144.367 -0.0480825 -0.0333644  0 1.12511 0
1385800401.325445524 3.44061 0.0175562 0 149.131 -0.0420432 -0.0348693  0 1.26758 0
1385800401.430711123 3.43706 0.013846 0 155.814 -0.0337434 -0.0352462  0 1.10806 0
1385800401.652342775 3.43279 0.00622815 0 170.1 -0.0192581 -0.0343714  0 1.12501 0
1385800401.714761216 3.43187 0.00411874 0 175.907 -0.0146778 -0.0337947  0 1.62374 0
1385800401.854082485 3.43078 -0.000360637 0 -174.29 -0.00784158 -0.0321514  0 -43.8705 0
1385800401.919653730 3.43064 -0.00230734 0 -164.873 -0.00222936 -0.0296884  0 2.50655 0
1385800402.130295638 3.43178 -0.00721202 0 -147.297 0.00541609 -0.0232844  0 1.45631 0
1385800402.264429699 3.37175 -0.0426843 0 -142.531 -0.447483 -0.264454  0 0.620144 0
1385800402.297914520 3.35511 -0.0539087 0 -135.219 -0.497187 -0.33521  0 3.81123 0
1385800402.469883055 3.31044 -0.120017 0 -129.267 -0.259718 -0.384422  0 0.604076 0
1385800402.518889245 3.31125 -0.133482 0 -126.572 0.0163865 -0.27475  0 0.95981 0
1385800402.680562357 3.28993 -0.184959 0 -123.891 -0.131824 -0.318403  0 0.289425 0
1385800402.867582768 3.25721 -0.25618 0 -121.055 -0.174957 -0.380822  0 0.264664 0
1385800402.956838111 3.25251 -0.272799 0 -112.961 -0.0526865 -0.186196  0 1.58273 0
1385800403.080912979 3.25191 -0.286831 0 -104.27 -0.00483955 -0.11309  0 1.22254 0
1385800403.164961636 3.24507 -0.289545 0 -95.973 -0.0813799 -0.032298  0 1.72293 0
1385800403.283304282 3.24434 -0.283825 0 -89.592 -0.00613069 0.0483371  0 0.941077 0
1385800403.337111676 3.24897 -0.29531 0 -84.306 0.0860352 -0.21345  0 1.7146 0
1385800403.483388466 3.17104 -0.329107 0 -75.109 -0.532754 -0.231047  0 1.09736 0
1385800403.551216563 3.12515 -0.359693 0 -66.098 -0.676678 -0.450937  0 2.31868 0
1385800403.693458945 3.02376 -0.390325 0 -56.443 -0.712803 -0.215346  0 1.18468 0
1385800403.760254474 3.00002 -0.399027 0 -48.779 -0.355271 -0.130277  0 2.00256 0
1385800403.823957566 2.98722 -0.40451 0 -44.888 -0.20096 -0.0860708  0 1.06605 0
1385800403.931998090 2.9583 -0.418561 0 -39.419 -0.267724 -0.130059  0 0.883484 0
1385800404.034833015 2.93591 -0.439201 0 -35.819 -0.217745 -0.200705  0 0.610996 0
1385800404.145763492 2.91344 -0.434825 0 -33.572 -0.202544 0.039449  0 0.353534 0
1385800404.209692999 2.90521 -0.432918 0 -32.636 -0.128759 0.0298299  0 0.255533 0
1385800404.311813065 2.90021 -0.428528 0 -32.175 -0.0489123 0.0429867  0 0.078789 0
1385800404.420545138 2.89849 -0.425417 0 -33.063 -0.0157905 0.0286128  0 -0.142539 0
1385800404.588501098 2.88005 -0.413623 0 -31.213 -0.109825 0.0702161  0 0.192245 0
1385800404.695740623 2.85661 -0.413831 0 -26.032 -0.218574 -0.00193359  0 0.843211 0
1385800404.802798594 2.83185 -0.418831 0 -20.802 -0.231241 -0.0467028  0 0.852628 0
1385800404.967390276 2.80861 -0.430168 0 -19.098 -0.14121 -0.0688837  0 0.180693 0
1385800405.072761699 2.81244 -0.429534 0 -18.254 0.036336 0.00601699  0 0.139796 0
1385800405.177992219 2.79797 -0.433539 0 -18.69 -0.137547 -0.0380604  0 -0.0723147 0
1385800405.285737195 2.78429 -0.438646 0 -22.422 -0.126878 -0.0473941  0 -0.604535 0
1385800405.390419806 2.78271 -0.443054 0 -29.257 -0.0151404 -0.0421133  0 -1.13957 0
1385800405.465676865 2.77951 -0.439842 0 -32.84 -0.0425055 0.0426868  0 -0.830956 0
1385800405.561806940 2.76144 -0.431983 0 -37.206 -0.187958 0.0817557  0 -0.792687 0
1385800405.669466443 2.72497 -0.422526 0 -35.6 -0.338761 0.0878439  0 0.260358 0
1385800405.781976938 2.68669 -0.428089 0 -31.29 -0.340225 -0.0494527  0 0.668592 0
1385800405.835326303 2.67047 -0.432475 0 -28.032 -0.30414 -0.0822128  0 1.06586 0
1385800405.942759581 2.64088 -0.439228 0 -24.109 -0.275435 -0.0628535  0 0.63732 0
1385800406.048174235 2.636 -0.440694 0 -20.445 -0.0462325 -0.0139053  0 0.606641 0
1385800406.155267526 2.62063 -0.443399 0 -20.208 -0.143511 -0.0252615  0 0.0386245 0
1385800406.216370770 2.61028 -0.447811 0 -22.136 -0.169411 -0.0722082  0 -0.550709 0
1385800406.321853063 2.58454 -0.454105 0 -26.538 -0.244001 -0.059668  0 -0.728362 0
1385800406.427394581 2.57865 -0.458026 0 -30.587 -0.0558859 -0.0371501  0 -0.669578 0
1385800406.597823786 2.64189 -0.44534 0 -33.644 0.371061 0.0744355  0 -0.313062 0
1385800406.703295292 2.64412 -0.440151 0 -32.817 0.0211562 0.0491984  0 0.13685 0
1385800406.811279699 2.6202 -0.448201 0 -28.798 -0.221493 -0.0745485  0 0.649585 0
1385800406.913751905 2.6202 -0.456521 0 -26.848 -2.55162e-05 -0.0811935  0 0.332128 0
1385800407.084607134 2.5979 -0.483245 0 -28.545 -0.13053 -0.15641  0 -0.173353 0
1385800407.193866449 2.55224 -0.510229 0 -25.438 -0.417847 -0.246975  0 0.496317 0
1385800407.294856671 2.55337 -0.510465 0 -24.383 0.0111914 -0.00233594  0 0.182328 0
1385800407.466815535 2.54736 -0.513529 0 -27.685 -0.0349682 -0.0178162  0 -0.335143 0
1385800407.570597841 2.53241 -0.509844 0 -28.046 -0.144045 0.0355078  0 -0.0607089 0
1385800407.678371646 2.50957 -0.501235 0 -28.383 -0.21191 0.0798795  0 -0.0545759 0
1385800407.791589399 2.48959 -0.495118 0 -27.762 -0.176526 0.0540296  0 0.0957317 0
1385800407.848509578 2.48571 -0.495046 0 -27.289 -0.0681242 0.00126228  0 0.145032 0
1385800407.956073327 2.46895 -0.491984 0 -27.798 -0.155834 0.0284607  0 -0.0825883 0
1385800408.058338756 2.45556 -0.49209 0 -30.983 -0.130928 -0.00103772  0 -0.543575 0
1385800408.168605752 2.45926 -0.485998 0 -33.468 0.0336098 0.0552532  0 -0.393331 0
1385800408.227967504 2.45735 -0.483733 0 -34.692 -0.0322811 0.0381507  0 -0.359875 0
1385800408.332151584 2.4405 -0.48158 0 -39.481 -0.161681 0.020665  0 -0.802271 0
1385800408.438913780 2.42842 -0.478762 0 -46.138 -0.113129 0.0263932  0 -1.08827 0
1385800408.547197152 2.43024 -0.488591 0 -54.415 0.0167942 -0.090767  0 -1.3341 0
1385800408.651454227 2.447 -0.489099 0 -60.628 0.160763 -0.00486847  0 -1.0401 0
1385800408.714962403 2.4638 -0.488548 0 -63.203 0.264417 0.00867381  0 -0.70766 0
1385800408.819890102 2.47306 -0.482722 0 -66.457 0.088283 0.0555166  0 -0.541258 0
1385800408.927399896 2.44644 -0.477295 0 -67.599 -0.247628 0.0504837  0 -0.185395 0
1385800409.099287713 2.42091 -0.480042 0 -69.847 -0.148511 -0.0159812  0 -0.228259 0
1385800409.203390895 2.40884 -0.479731 0 -70.725 -0.115906 0.00298259  0 -0.147201 0
1385800409.306621821 2.39761 -0.481524 0 -77.282 -0.108805 -0.0173615  0 -1.10859 0
1385800409.477641904 2.39498 -0.492172 0 -95.444 -0.0153986 -0.062264  0 -1.85351 0
1385800409.582439057 2.38327 -0.484102 0 -107.744 -0.111693 0.0770082  0 -2.04849 0
1385800409.693220516 2.36862 -0.466258 0 -121.835 -0.132239 0.16107  0 -2.22 0
1385800409.796932732 2.36007 -0.448145 0 -139.48 -0.082476 0.17465  0 -2.9694 0
1385800409.858539464 2.35947 -0.443297 0 -152.136 -0.00964498 0.0786928  0 -3.58547 0
1385800409.963761166 2.36207 -0.42909 0 -169.411 0.0246585 0.135019  0 -2.86543 0
1385800410.068891697 2.42054 -0.457657 0 178.582 0.556151 -0.271733  0 57.7722 0
1385800410.175390702 2.42888 -0.473702 0 168.775 0.0783351 -0.150657  0 -1.60719 0
1385800410.281577101 2.4358 -0.487837 0 157.483 0.0651735 -0.133112  0 -1.85601 0
1385800410.344838590 2.44367 -0.493556 0 149.39 0.124424 -0.0904095  0 -2.23279 0
1385800410.451222339 2.45337 -0.496342 0 137.9 0.0911947 -0.0261808  0 -1.88505 0
1385800410.555520489 2.45877 -0.500414 0 127.1 0.0517039 -0.0390486  0 -1.80728 0
1385800410.667846460 2.41506 -0.523352 0 116.876 -0.389076 -0.204205  0 -1.58861 0
1385800410.726310105 2.40379 -0.532722 0 109.935 -0.192776 -0.16028  0 -2.07211 0
1385800410.833612181 2.44265 -0.559272 0 98.086 0.362096 -0.247431  0 -1.92731 0
1385800410.936840337 2.45197 -0.56886 0 86.752 0.0903211 -0.0928796  0 -1.9163 0
1385800411.107344202 2.3839 -0.672822 0 68.204 -0.399225 -0.609732  0 -1.89863 0
1385800411.212839225 2.40501 -0.710626 0 57.026 0.2001 -0.358356  0 -1.84931 0
1385800411.354165262 2.48369 -0.708062 0 45.919 0.556739 0.0181471  0 -1.37168 0
1385800411.488916436 2.49088 -0.72339 0 29.979 0.0533586 -0.113749  0 -2.06459 0
1385800411.594627034 2.48477 -0.733009 0 22.463 -0.0577705 -0.090993  0 -1.24093 0
1385800411.699095011 2.45816 -0.743099 0 16.005 -0.254753 -0.096593  0 -1.07893 0
1385800411.805123225 2.43625 -0.746463 0 11.02 -0.206683 -0.031722  0 -0.82058 0
1385800411.911972990 2.42321 -0.749975 0 6.196 -0.122013 -0.0328678  0 -0.787973 0
1385800411.975517888 2.40816 -0.752561 0 4.782 -0.236798 -0.0406974  0 -0.388371 0
1385800412.080493460 2.37734 -0.761075 0 3.05901 -0.293641 -0.0811029  0 -0.286466 0
1385800412.185884319 2.33748 -0.760865 0 1.936 -0.378231 0.00199187  0 -0.185975 0
1385800412.301605917 2.30927 -0.716914 0 3.048 -0.243748 0.379796  0 0.167713 0
1385800412.356338685 2.29859 -0.690052 0 4.576 -0.195021 0.490788  0 0.487252 0
1385800412.461863446 2.27832 -0.644186 0 6.756 -0.192157 0.434646  0 0.36056 0
1385800412.567322466 2.26004 -0.602945 0 6.808 -0.173295 0.391066  0 0.00860624 0
1385800412.673314902 2.24342 -0.565675 0 6.938 -0.156781 0.351623  0 0.0214073 0
1385800412.739899341 2.24169 -0.559964 0 6.936 -0.0260878 0.0857804  0 -0.000523957 0
1385800412.845150659 2.239 -0.559368 0 6.938 -0.0254992 0.00565621  0 0.000331468 0
1385800412.948498153 2.23611 -0.553694 0 6.75801 -0.0279956 0.0549014  0 -0.0303971 0
1385800413.118941537 2.23497 -0.553451 0 6.603 -0.00666741 0.00142825  0 -0.0158733 0
1385800413.224825304 2.23239 -0.552799 0 6.52901 -0.02437 0.0061576  0 -0.0121961 0
1385800413.329598488 2.23171 -0.552662 0 6.60201 -0.00648488 0.00130474  0 0.0121601 0
1385800413.444364803 2.23355 -0.551366 0 6.612 0.0159821 0.011299  0 0.00151993 0
