0.347199 0.122271 0.967 1.38771e+09
0.352535 0.121519 0.968991 1.38771e+09
0.365064 0.120937 0.970288 1.38771e+09
0.383622 0.120292 0.971114 1.38771e+09
0.407227 0.119278 0.97162 1.38771e+09
0.435045 0.117566 0.97191 1.38771e+09
0.466359 0.114841 0.972053 1.38771e+09
0.500542 0.110817 0.972097 1.38771e+09
0.537046 0.105251 0.972074 1.38771e+09
0.575384 0.0979385 0.972006 1.38771e+09
0.615122 0.0887192 0.971908 1.38771e+09
0.655871 0.0774704 0.971789 1.38771e+09
0.697284 0.0641046 0.971656 1.38771e+09
0.700615 0.0573649 0.972377 1.38771e+09
0.710448 0.0481199 0.97198 1.38771e+09
0.725828 0.0367572 0.970845 1.38771e+09
0.745946 0.0236978 0.969228 1.38771e+09
0.770089 0.00928479 0.967305 1.38771e+09
0.797635 -0.00622167 0.965192 1.38771e+09
0.828046 -0.0226258 0.96297 1.38771e+09
0.860863 -0.0397778 0.960688 1.38771e+09
0.895697 -0.0575608 0.958382 1.38771e+09
0.93222 -0.0758811 0.956072 1.38771e+09
0.970153 -0.0946622 0.953771 1.38771e+09
1.00927 -0.113841 0.951487 1.38771e+09
1.04936 -0.133364 0.949225 1.38771e+09
1.09028 -0.153187 0.946984 1.38771e+09
1.13188 -0.173271 0.944767 1.38771e+09
1.17405 -0.193584 0.942572 1.38771e+09
1.21669 -0.214098 0.940398 1.38771e+09
1.25973 -0.234787 0.938244 1.38771e+09
1.30309 -0.255632 0.936108 1.38771e+09
1.34673 -0.276614 0.933989 1.38771e+09
1.39058 -0.297718 0.931884 1.38771e+09
1.43463 -0.318929 0.929794 1.38771e+09
1.47882 -0.340236 0.927716 1.38771e+09
1.52315 -0.361628 0.92565 1.38771e+09
1.56757 -0.383097 0.923594 1.38771e+09
1.61208 -0.404635 0.921548 1.38771e+09
1.65666 -0.426234 0.919511 1.38771e+09
1.7013 -0.447889 0.917481 1.38771e+09
1.74598 -0.469595 0.915459 1.38771e+09
1.79069 -0.491346 0.913444 1.38771e+09
1.83544 -0.51314 0.911434 1.38771e+09
1.88021 -0.534972 0.909431 1.38771e+09
1.92499 -0.556838 0.907433 1.38771e+09
1.96979 -0.578737 0.905439 1.38771e+09
2.0146 -0.600666 0.90345 1.38771e+09
2.05941 -0.622622 0.901466 1.38771e+09
2.10423 -0.644604 0.899485 1.38771e+09
2.14906 -0.666609 0.897508 1.38771e+09
2.19388 -0.688636 0.895534 1.38771e+09
2.2387 -0.710684 0.893564 1.38771e+09
2.28353 -0.732751 0.891596 1.38771e+09
2.32835 -0.754836 0.889631 1.38771e+09
2.37316 -0.776938 0.887669 1.38771e+09
2.41798 -0.799056 0.88571 1.38771e+09
2.46279 -0.821189 0.883752 1.38771e+09
2.5076 -0.843336 0.881797 1.38771e+09
2.55241 -0.865496 0.879844 1.38771e+09
2.59721 -0.887669 0.877893 1.38771e+09
2.64201 -0.909854 0.875943 1.38771e+09
2.6868 -0.93205 0.873996 1.38771e+09
2.73159 -0.954256 0.872049 1.38771e+09
2.77638 -0.976473 0.870105 1.38771e+09
2.82116 -0.9987 0.868162 1.38771e+09
2.86594 -1.02094 0.86622 1.38771e+09
2.91072 -1.04318 0.864279 1.38771e+09
2.95549 -1.06543 0.86234 1.38771e+09
3.00026 -1.08769 0.860402 1.38771e+09
3.04502 -1.10996 0.858464 1.38771e+09
3.08978 -1.13224 0.856528 1.38771e+09
3.13454 -1.15452 0.854593 1.38771e+09
3.1793 -1.1768 0.852658 1.38771e+09
3.22405 -1.1991 0.850725 1.38771e+09
3.2688 -1.2214 0.848792 1.38771e+09
3.31355 -1.2437 0.84686 1.38771e+09
3.3583 -1.26602 0.844929 1.38771e+09
3.40304 -1.28833 0.842998 1.38771e+09
3.44778 -1.31065 0.841068 1.38771e+09
3.49252 -1.33298 0.839139 1.38771e+09
3.53726 -1.35531 0.83721 1.38771e+09
3.58199 -1.37764 0.835282 1.38771e+09
3.62672 -1.39998 0.833354 1.38771e+09
3.67146 -1.42232 0.831427 1.38771e+09
3.71618 -1.44466 0.8295 1.38771e+09
3.76091 -1.46701 0.827574 1.38771e+09
3.80564 -1.48936 0.825647 1.38771e+09
3.85036 -1.51172 0.823722 1.38771e+09
3.89508 -1.53408 0.821797 1.38771e+09
3.93981 -1.55644 0.819872 1.38771e+09
3.98453 -1.5788 0.817947 1.38771e+09
4.02924 -1.60117 0.816023 1.38771e+09
4.07396 -1.62354 0.814099 1.38771e+09
4.11868 -1.64591 0.812175 1.38771e+09
4.16339 -1.66828 0.810251 1.38771e+09
4.20811 -1.69065 0.808328 1.38771e+09
4.25282 -1.71303 0.806405 1.38771e+09
4.29753 -1.73541 0.804482 1.38771e+09
4.34224 -1.75779 0.80256 1.38771e+09
4.38695 -1.78017 0.800637 1.38771e+09
4.43166 -1.80256 0.798715 1.38771e+09
4.43473 -1.81013 0.800182 1.38771e+09
4.44419 -1.82057 0.800786 1.38771e+09
4.45923 -1.83314 0.800809 1.38771e+09
4.47919 -1.84713 0.800441 1.38771e+09
4.50349 -1.86192 0.799808 1.38771e+09
4.5316 -1.87695 0.798996 1.38771e+09
4.56305 -1.89176 0.798061 1.38771e+09
4.59744 -1.90596 0.797041 1.38771e+09
4.63437 -1.91924 0.795959 1.38771e+09
4.67353 -1.93132 0.794832 1.38771e+09
4.71459 -1.94197 0.793671 1.38771e+09
4.75728 -1.95101 0.792481 1.38771e+09
4.80134 -1.95828 0.791268 1.38771e+09
4.84653 -1.96364 0.790033 1.38771e+09
4.89265 -1.967 0.788778 1.38771e+09
4.93947 -1.96826 0.787504 1.38771e+09
4.98681 -1.96736 0.786212 1.38771e+09
5.03448 -1.96425 0.784902 1.38771e+09
5.08231 -1.95888 0.783574 1.38771e+09
5.13013 -1.95123 0.782229 1.38771e+09
5.17779 -1.9413 0.780866 1.38771e+09
5.22513 -1.92906 0.779486 1.38771e+09
5.272 -1.91454 0.778089 1.38771e+09
5.31827 -1.89775 0.776675 1.38771e+09
5.32163 -1.89268 0.777267 1.38771e+09
5.33144 -1.88462 0.776703 1.38771e+09
5.34671 -1.87402 0.775376 1.38771e+09
5.36661 -1.86136 0.773555 1.38771e+09
5.39044 -1.84703 0.771421 1.38771e+09
5.41761 -1.83135 0.769097 1.38771e+09
5.44758 -1.81456 0.766664 1.38771e+09
5.47991 -1.79683 0.764175 1.38771e+09
5.51421 -1.77831 0.761665 1.38771e+09
5.55017 -1.75914 0.759156 1.38771e+09
5.58751 -1.7394 0.756661 1.38771e+09
5.62601 -1.71919 0.754188 1.38771e+09
5.66548 -1.69856 0.751739 1.38771e+09
5.70576 -1.67758 0.749318 1.38771e+09
5.74671 -1.65629 0.746923 1.38771e+09
5.78822 -1.63475 0.744555 1.38771e+09
5.8302 -1.61298 0.74221 1.38771e+09
5.87257 -1.59101 0.739889 1.38771e+09
5.91526 -1.56887 0.737589 1.38771e+09
5.95823 -1.54659 0.735308 1.38771e+09
6.00142 -1.52418 0.733045 1.38771e+09
6.04479 -1.50165 0.730798 1.38771e+09
6.08832 -1.47903 0.728565 1.38771e+09
6.13197 -1.45632 0.726346 1.38771e+09
6.17573 -1.43354 0.72414 1.38771e+09
6.21957 -1.41069 0.721944 1.38771e+09
6.26348 -1.38778 0.719759 1.38771e+09
6.30746 -1.36482 0.717584 1.38771e+09
6.35148 -1.34181 0.715417 1.38771e+09
6.39553 -1.31876 0.713258 1.38771e+09
6.43962 -1.29567 0.711107 1.38771e+09
6.48373 -1.27254 0.708962 1.38771e+09
6.52786 -1.24939 0.706823 1.38771e+09
6.57201 -1.22621 0.704691 1.38771e+09
6.61617 -1.203 0.702564 1.38771e+09
6.66033 -1.17977 0.700442 1.38771e+09
6.7045 -1.15652 0.698325 1.38771e+09
6.74868 -1.13324 0.696212 1.38771e+09
6.79286 -1.10995 0.694103 1.38771e+09
6.83704 -1.08665 0.691998 1.38771e+09
6.88123 -1.06332 0.689897 1.38771e+09
6.92541 -1.03999 0.687799 1.38771e+09
6.96959 -1.01664 0.685704 1.38771e+09
7.01377 -0.993275 0.683613 1.38771e+09
7.05794 -0.9699 0.681524 1.38771e+09
7.10212 -0.946515 0.679437 1.38771e+09
7.14629 -0.923119 0.677354 1.38771e+09
7.19046 -0.899713 0.675272 1.38771e+09
7.23463 -0.876298 0.673193 1.38771e+09
7.27879 -0.852875 0.671116 1.38771e+09
7.32296 -0.829443 0.66904 1.38771e+09
7.36711 -0.806003 0.666967 1.38771e+09
7.41127 -0.782556 0.664895 1.38771e+09
7.45542 -0.759102 0.662825 1.38771e+09
7.49957 -0.735642 0.660757 1.38771e+09
7.54372 -0.712175 0.65869 1.38771e+09
7.58787 -0.688703 0.656624 1.38771e+09
7.63201 -0.665224 0.65456 1.38771e+09
7.67615 -0.641741 0.652497 1.38771e+09
7.72029 -0.618252 0.650435 1.38771e+09
7.76442 -0.594758 0.648374 1.38771e+09
7.80856 -0.57126 0.646314 1.38771e+09
7.85269 -0.547757 0.644255 1.38771e+09
7.89682 -0.524251 0.642197 1.38771e+09
7.94094 -0.50074 0.64014 1.38771e+09
7.98507 -0.477225 0.638083 1.38771e+09
8.02919 -0.453707 0.636028 1.38771e+09
8.07331 -0.430186 0.633973 1.38771e+09
8.11743 -0.406661 0.631919 1.38771e+09
8.16155 -0.383133 0.629866 1.38771e+09
8.20567 -0.359602 0.627813 1.38771e+09
8.24978 -0.336068 0.625761 1.38771e+09
8.2939 -0.312531 0.623709 1.38771e+09
8.33801 -0.288992 0.621658 1.38771e+09
8.38212 -0.265451 0.619607 1.38771e+09
8.42623 -0.241907 0.617557 1.38771e+09
8.47034 -0.218361 0.615507 1.38771e+09
8.51445 -0.194813 0.613458 1.38771e+09
8.55855 -0.171262 0.611409 1.38771e+09
8.60266 -0.14771 0.60936 1.38771e+09
8.64676 -0.124156 0.607312 1.38771e+09
8.69087 -0.1006 0.605264 1.38771e+09
8.73497 -0.0770428 0.603216 1.38771e+09
8.77907 -0.0534837 0.601169 1.38771e+09
8.82317 -0.0299231 0.599122 1.38771e+09
8.86727 -0.00636102 0.597075 1.38771e+09
8.91137 0.0172024 0.595029 1.38771e+09
8.95547 0.0407672 0.592982 1.38771e+09
8.99957 0.0643333 0.590936 1.38771e+09
9.04366 0.0879005 0.58889 1.38771e+09
9.08776 0.111469 0.586845 1.38771e+09
9.13186 0.135038 0.584799 1.38771e+09
9.17595 0.158609 0.582754 1.38771e+09
9.22005 0.182181 0.580709 1.38771e+09
9.26414 0.205753 0.578664 1.38771e+09
9.30824 0.229326 0.576619 1.38771e+09
9.35233 0.252901 0.574574 1.38771e+09
9.39642 0.276476 0.57253 1.38771e+09
9.44052 0.300052 0.570485 1.38771e+09
9.48461 0.323628 0.568441 1.38771e+09
9.5287 0.347206 0.566397 1.38771e+09
9.57279 0.370784 0.564353 1.38771e+09
9.61688 0.394362 0.562309 1.38771e+09
9.66098 0.417942 0.560265 1.38771e+09
9.70507 0.441521 0.558221 1.38771e+09
9.74916 0.465102 0.556178 1.38771e+09
9.79325 0.488683 0.554134 1.38771e+09
9.83734 0.512264 0.55209 1.38771e+09
9.88143 0.535846 0.550047 1.38771e+09
9.92552 0.559429 0.548003 1.38771e+09
9.9696 0.583012 0.54596 1.38771e+09
10.0137 0.606595 0.543917 1.38771e+09
10.0578 0.630179 0.541874 1.38771e+09
10.1019 0.653763 0.53983 1.38771e+09
10.146 0.677348 0.537787 1.38771e+09
10.19 0.700932 0.535744 1.38771e+09
10.2341 0.724518 0.533701 1.38771e+09
10.2782 0.748103 0.531658 1.38771e+09
10.3223 0.771689 0.529615 1.38771e+09
10.3664 0.795275 0.527572 1.38771e+09
10.4105 0.818861 0.525529 1.38771e+09
10.4133 0.824949 0.526765 1.38771e+09
10.4223 0.834501 0.527064 1.38771e+09
10.4367 0.846752 0.526736 1.38771e+09
10.4558 0.860934 0.525989 1.38771e+09
10.4792 0.876353 0.524962 1.38771e+09
10.5063 0.892411 0.523749 1.38771e+09
10.5368 0.908596 0.522412 1.38771e+09
10.5701 0.924472 0.520992 1.38771e+09
10.6061 0.939673 0.519516 1.38771e+09
10.6444 0.953888 0.518 1.38771e+09
10.6846 0.966855 0.516457 1.38771e+09
10.7266 0.978353 0.514894 1.38771e+09
10.7701 0.988199 0.513315 1.38771e+09
10.8148 0.996239 0.511723 1.38771e+09
10.8606 1.00234 0.510119 1.38771e+09
