1.56922 -0.494122 0.92 1.38813e+09
1.62891 -0.498734 0.917336 1.38813e+09
1.68678 -0.505683 0.91615 1.38813e+09
1.74502 -0.519188 0.91395 1.38813e+09
1.8011 -0.534915 0.913382 1.38813e+09
1.85567 -0.551063 0.913881 1.38813e+09
1.90915 -0.566932 0.915061 1.38813e+09
1.9618 -0.582297 0.916654 1.38813e+09
2.01378 -0.597129 0.918479 1.38813e+09
2.06522 -0.611475 0.920413 1.38813e+09
2.1162 -0.625407 0.922372 1.38813e+09
2.1668 -0.638997 0.924302 1.38813e+09
2.21706 -0.652312 0.926167 1.38813e+09
2.26705 -0.665408 0.927945 1.38813e+09
2.31681 -0.678334 0.929623 1.38813e+09
2.36636 -0.691128 0.931194 1.38813e+09
2.41575 -0.703822 0.932655 1.38813e+09
2.46499 -0.716444 0.934007 1.38813e+09
2.5141 -0.729013 0.935251 1.38813e+09
2.56311 -0.741548 0.93639 1.38813e+09
2.61202 -0.754061 0.937428 1.38813e+09
2.66086 -0.766564 0.938369 1.38813e+09
2.70963 -0.779065 0.939219 1.38813e+09
2.75833 -0.791571 0.93998 1.38813e+09
2.80699 -0.804088 0.940658 1.38813e+09
2.85561 -0.816619 0.941257 1.38813e+09
2.90418 -0.829167 0.94178 1.38813e+09
2.95273 -0.841736 0.942233 1.38813e+09
3.00124 -0.854326 0.942618 1.38813e+09
3.04973 -0.866939 0.94294 1.38813e+09
3.09819 -0.879575 0.943202 1.38813e+09
3.14664 -0.892235 0.943407 1.38813e+09
3.19506 -0.904918 0.943558 1.38813e+09
3.24347 -0.917625 0.943659 1.38813e+09
3.29187 -0.930356 0.943711 1.38813e+09
3.34025 -0.94311 0.943718 1.38813e+09
3.38862 -0.955886 0.943682 1.38813e+09
3.43698 -0.968684 0.943606 1.38813e+09
3.48533 -0.981504 0.943491 1.38813e+09
3.53367 -0.994344 0.94334 1.38813e+09
3.58201 -1.0072 0.943155 1.38813e+09
3.63033 -1.02008 0.942937 1.38813e+09
3.67865 -1.03298 0.942689 1.38813e+09
3.72696 -1.0459 0.942412 1.38813e+09
3.77527 -1.05883 0.942108 1.38813e+09
3.82357 -1.07178 0.941778 1.38813e+09
3.87186 -1.08474 0.941424 1.38813e+09
3.92015 -1.09772 0.941046 1.38813e+09
3.96844 -1.11072 0.940647 1.38813e+09
4.01672 -1.12372 0.940228 1.38813e+09
4.065 -1.13675 0.939788 1.38813e+09
4.11327 -1.14978 0.939331 1.38813e+09
4.16154 -1.16283 0.938856 1.38813e+09
4.20981 -1.17588 0.938365 1.38813e+09
4.25807 -1.18895 0.937858 1.38813e+09
4.30633 -1.20203 0.937336 1.38813e+09
4.35459 -1.21512 0.936801 1.38813e+09
4.40284 -1.22822 0.936252 1.38813e+09
4.4511 -1.24133 0.935692 1.38813e+09
4.49934 -1.25444 0.935119 1.38813e+09
4.55763 -1.26638 0.931628 1.38813e+09
4.61422 -1.27897 0.929349 1.38813e+09
4.66977 -1.29029 0.927891 1.38813e+09
4.72462 -1.29944 0.92699 1.38813e+09
4.78438 -1.30285 0.923233 1.38813e+09
4.84261 -1.30393 0.920589 1.38813e+09
4.8995 -1.30261 0.918696 1.38813e+09
4.95516 -1.29884 0.917306 1.38813e+09
5.00965 -1.2926 0.916254 1.38813e+09
5.063 -1.28388 0.915426 1.38813e+09
5.11522 -1.27269 0.914745 1.38813e+09
5.17404 -1.26601 0.911141 1.38813e+09
5.23063 -1.25493 0.908733 1.38813e+09
5.28543 -1.24158 0.907135 1.38813e+09
5.33883 -1.22701 0.90608 1.38813e+09
5.39113 -1.21173 0.905385 1.38813e+09
5.44253 -1.19602 0.904923 1.38813e+09
5.49321 -1.18002 0.904605 1.38813e+09
5.5433 -1.16383 0.904371 1.38813e+09
5.59289 -1.14751 0.904183 1.38813e+09
5.64208 -1.1311 0.904011 1.38813e+09
5.69093 -1.11462 0.903839 1.38813e+09
5.73949 -1.09809 0.903653 1.38813e+09
5.78783 -1.08153 0.903447 1.38813e+09
5.83597 -1.06495 0.903216 1.38813e+09
5.88395 -1.04836 0.902957 1.38813e+09
5.9318 -1.03176 0.902669 1.38813e+09
5.97954 -1.01517 0.902353 1.38813e+09
6.02719 -0.998579 0.902007 1.38813e+09
6.07476 -0.981996 0.901634 1.38813e+09
6.12227 -0.965422 0.901233 1.38813e+09
6.16973 -0.948858 0.900807 1.38813e+09
6.21715 -0.932306 0.900356 1.38813e+09
6.26454 -0.915767 0.899882 1.38813e+09
6.3119 -0.899239 0.899385 1.38813e+09
6.35923 -0.882724 0.898866 1.38813e+09
6.40655 -0.866222 0.898328 1.38813e+09
6.45385 -0.849731 0.897771 1.38813e+09
6.50114 -0.833253 0.897196 1.38813e+09
6.54842 -0.816787 0.896603 1.38813e+09
6.59569 -0.800332 0.895995 1.38813e+09
6.64296 -0.783888 0.895372 1.38813e+09
6.69022 -0.767455 0.894734 1.38813e+09
6.73748 -0.751032 0.894083 1.38813e+09
6.78474 -0.734619 0.893419 1.38813e+09
6.832 -0.718215 0.892743 1.38813e+09
6.87925 -0.70182 0.892055 1.38813e+09
6.92651 -0.685434 0.891357 1.38813e+09
6.97377 -0.669057 0.890648 1.38813e+09
7.02102 -0.652687 0.88993 1.38813e+09
7.06828 -0.636324 0.889203 1.38813e+09
7.11554 -0.619969 0.888467 1.38813e+09
7.1628 -0.603621 0.887723 1.38813e+09
7.21006 -0.587279 0.886972 1.38813e+09
7.25732 -0.570943 0.886213 1.38813e+09
7.30458 -0.554614 0.885448 1.38813e+09
7.35184 -0.53829 0.884675 1.38813e+09
7.39911 -0.521971 0.883897 1.38813e+09
7.44638 -0.505658 0.883113 1.38813e+09
7.49364 -0.489349 0.882324 1.38813e+09
7.54091 -0.473045 0.881529 1.38813e+09
7.58818 -0.456746 0.88073 1.38813e+09
7.63545 -0.440451 0.879926 1.38813e+09
7.68273 -0.42416 0.879117 1.38813e+09
7.73 -0.407873 0.878305 1.38813e+09
7.77727 -0.391589 0.877488 1.38813e+09
7.82455 -0.375309 0.876668 1.38813e+09
7.87183 -0.359033 0.875845 1.38813e+09
7.91911 -0.342759 0.875018 1.38813e+09
7.96638 -0.326489 0.874188 1.38813e+09
8.01366 -0.310222 0.873355 1.38813e+09
8.06095 -0.293957 0.87252 1.38813e+09
8.10823 -0.277695 0.871681 1.38813e+09
8.15551 -0.261435 0.870841 1.38813e+09
8.20279 -0.245178 0.869998 1.38813e+09
8.25008 -0.228924 0.869152 1.38813e+09
8.29736 -0.212671 0.868305 1.38813e+09
8.34465 -0.19642 0.867456 1.38813e+09
8.39193 -0.180172 0.866604 1.38813e+09
8.43922 -0.163925 0.865752 1.38813e+09
8.48651 -0.147681 0.864897 1.38813e+09
8.5338 -0.131437 0.864041 1.38813e+09
8.58109 -0.115196 0.863183 1.38813e+09
8.62838 -0.0989562 0.862324 1.38813e+09
8.67566 -0.0827178 0.861464 1.38813e+09
8.72296 -0.0664809 0.860602 1.38813e+09
8.77025 -0.0502453 0.859739 1.38813e+09
8.81754 -0.0340111 0.858875 1.38813e+09
8.86483 -0.017778 0.85801 1.38813e+09
8.91212 -0.0015462 0.857144 1.38813e+09
8.95941 0.0146845 0.856277 1.38813e+09
9.00671 0.0309141 0.855409 1.38813e+09
9.054 0.0471427 0.854541 1.38813e+09
9.10129 0.0633704 0.853671 1.38813e+09
9.14859 0.0795971 0.852801 1.38813e+09
9.19588 0.0958228 0.85193 1.38813e+09
9.24317 0.112048 0.851058 1.38813e+09
9.29047 0.128272 0.850186 1.38813e+09
9.33776 0.144495 0.849313 1.38813e+09
9.38506 0.160718 0.84844 1.38813e+09
9.43235 0.17694 0.847566 1.38813e+09
9.47965 0.193161 0.846691 1.38813e+09
9.52695 0.209382 0.845816 1.38813e+09
9.57424 0.225602 0.844941 1.38813e+09
9.62154 0.241821 0.844065 1.38813e+09
9.66883 0.25804 0.843189 1.38813e+09
9.71613 0.274258 0.842312 1.38813e+09
9.76343 0.290476 0.841435 1.38813e+09
9.81072 0.306693 0.840558 1.38813e+09
9.85802 0.32291 0.83968 1.38813e+09
9.90532 0.339127 0.838802 1.38813e+09
9.95262 0.355343 0.837924 1.38813e+09
9.99991 0.371558 0.837046 1.38813e+09
10.0472 0.387774 0.836167 1.38813e+09
10.0945 0.403989 0.835288 1.38813e+09
10.1418 0.420203 0.834409 1.38813e+09
10.1891 0.436417 0.833529 1.38813e+09
10.2364 0.452631 0.832649 1.38813e+09
10.2837 0.468845 0.83177 1.38813e+09
10.331 0.485058 0.830889 1.38813e+09
10.3783 0.501271 0.830009 1.38813e+09
10.4256 0.517484 0.829129 1.38813e+09
10.4729 0.533696 0.828248 1.38813e+09
10.5202 0.549909 0.827368 1.38813e+09
10.5675 0.566121 0.826487 1.38813e+09
10.6148 0.582333 0.825606 1.38813e+09
10.6621 0.598544 0.824725 1.38813e+09
10.7094 0.614756 0.823843 1.38813e+09
10.7567 0.630967 0.822962 1.38813e+09
10.804 0.647178 0.822081 1.38813e+09
10.8513 0.663389 0.821199 1.38813e+09
10.8986 0.679599 0.820318 1.38813e+09
10.9459 0.69581 0.819436 1.38813e+09
10.9932 0.71202 0.818554 1.38813e+09
11.0405 0.728231 0.817672 1.38813e+09
11.0878 0.744441 0.81679 1.38813e+09
11.1351 0.760651 0.815908 1.38813e+09
11.1824 0.776861 0.815026 1.38813e+09
11.2297 0.793071 0.814144 1.38813e+09
11.277 0.80928 0.813262 1.38813e+09
11.3243 0.82549 0.81238 1.38813e+09
11.3716 0.841699 0.811497 1.38813e+09
11.4189 0.857909 0.810615 1.38813e+09
11.4662 0.874118 0.809733 1.38813e+09
11.5135 0.890327 0.80885 1.38813e+09
11.5608 0.906536 0.807968 1.38813e+09
11.6192 0.911158 0.804104 1.38813e+09
11.6756 0.919028 0.801314 1.38813e+09
11.7305 0.927968 0.799248 1.38813e+09
11.7845 0.936645 0.797671 1.38813e+09
11.8377 0.944228 0.796421 1.38813e+09
11.8906 0.95019 0.79539 1.38813e+09
