-0.00691804 -0.000846065 0 -61.062 -0.00366612 -0.00044836 1.88702 6
-0.00706261 -0.000861446 0 -61.068 -0.002103 -0.000223738 0.0687445 6
-0.00722279 -0.000879873 0 -61.066 -0.00265873 -0.000305864 0.0602458 6
-0.00748291 -0.000853335 0 -61.069 -0.00400852 0.000408956 0.064891 6
-0.00768686 -0.000865411 0 -61.169 -0.00297776 -0.00017632 0.0684903 6
-0.00793626 -0.000858421 0 -60.983 -0.00405445 0.000113635 0.0615138 6
-0.0082112 -0.000879212 0 -60.845 -0.00403119 -0.000304843 0.0682021 6
-0.00822349 -0.000881652 0 -60.883 -0.000191641 -3.80428e-05 0.0641284 6
-0.00847261 -0.000846442 0 -60.763 -0.00394187 0.000557121 0.0631998 6
-0.00871787 -0.000861261 0 -60.767 -0.00359438 -0.000217187 0.0682341 6
-0.00889175 -0.000825452 0 -60.827 -0.00282312 0.000581397 0.0615918 6
-0.00910591 -0.000809967 0 -60.718 -0.00319351 0.000230918 0.0670595 6
-0.00932398 -0.000732504 0 -60.774 -0.00346769 0.00123176 0.0628878 6
-0.00945941 -0.000741692 0 -60.737 -0.00208846 -0.000141694 0.0648463 6
-0.00953886 -0.000716176 0 -60.727 -0.0012226 0.000392664 0.0649823 6
-0.0096925 -0.000725964 0 -60.647 -0.00236374 -0.000150591 0.0649985 6
-0.00978445 -0.000697366 0 -60.657 -0.00141367 0.000439682 0.0650432 6
-0.00991532 -0.000648903 0 -60.547 -0.00199263 0.000737877 0.065679 6
-0.0101628 -0.000650239 0 -60.544 -0.00380668 -2.05512e-05 0.0650247 6
-0.0102536 -0.000651554 0 -60.473 -0.00138134 -2.00231e-05 0.0656697 6
-0.0104005 -0.000566432 0 -60.475 -0.00228468 0.00132321 0.0643298 6
-0.0105262 -0.00059242 0 -60.463 -0.00194871 -0.000403089 0.0644707 6
-0.0107519 -0.000652515 0 -60.422 -0.00344151 -0.000916278 0.0655861 6
-0.0109587 -0.000704052 0 -60.362 -0.00326297 -0.000813121 0.0633817 6
-0.0111341 -0.000789295 0 -60.071 -0.00265916 -0.00129239 0.0659575 6
-0.0114049 -0.000746601 0 -59.892 -0.00410395 0.000647013 0.0659853 6
-0.0117821 -0.000743061 0 -59.807 -0.00577859 5.42258e-05 0.0652838 6
-0.012123 -0.000930541 0 -59.79 -0.00540595 -0.00297301 0.0630606 6
-0.012689 -0.00121306 0 -59.895 -0.00866787 -0.00432687 0.0652928 6
-0.0131816 -0.00138699 0 -59.931 -0.00753923 -0.00266191 0.0653433 6
-0.0136151 -0.00169346 0 -60.06 -0.00666662 -0.00471379 0.0650156 6
-0.0138731 -0.00224963 0 -60.191 -0.00396618 -0.00854874 0.0650587 6
-0.0141409 -0.00256875 0 -60.25 -0.00412377 -0.00491391 0.0649426 6
-0.0144629 -0.00314547 0 -60.26 -0.0049028 -0.00877995 0.0656854 6
-0.0148367 -0.00377337 0 -60.257 -0.00582796 -0.00979153 0.0641274 6
-0.0153887 -0.00449914 0 -62.863 -0.00846388 -0.0111276 0.0652225 6
-0.0162927 -0.00373076 0.289 -62.828 -0.0139086 0.0118227 0.064992 6
-0.0173509 0.000719413 0.341 -62.745 -0.0162849 0.0684798 0.0649852 6
-0.0165427 0.0120692 0.413 -62.652 0.012436 0.174634 0.0649918 6
-0.0188874 0.020145 0.494 -62.588 -0.0360302 0.124099 0.0650759 6
-0.017353 0.0263035 0.562 -62.526 0.0236192 0.0948012 0.0649624 6
-0.0134992 0.0326144 0.63 -62.518 0.0593396 0.097172 0.0649457 6
-0.0145312 0.0359073 0.697 -62.544 -0.0158147 0.0504614 0.0652557 6
-0.0133133 0.0362842 0.756 -62.555 0.0186779 0.00578093 0.0652033 6
-0.00879558 0.0345237 0.805 -62.513 0.0698575 -0.0272238 0.0646709 6
-0.00846771 0.0271695 0.839 -62.51 0.00505025 -0.113278 0.0649217 6
-0.0101546 0.0155759 0.864 -62.563 -0.0259584 -0.1784 0.0649862 6
-0.0168825 0.00155002 0.875 -62.616 -0.103332 -0.215421 0.0651095 6
-0.0235287 -0.0115576 0.871 -62.627 -0.102387 -0.201929 0.0649121 6
-0.0306825 -0.0280918 0.861 -62.691 -0.110154 -0.254593 0.0649437 6
-0.0357359 -0.0433773 0.84 -62.717 -0.0774766 -0.234349 0.065225 6
-0.0387531 -0.0593696 0.82 -62.712 -0.0447508 -0.237196 0.0674224 6
-0.0409697 -0.0715162 0.799 -62.726 -0.0352016 -0.192901 0.0629684 6
-0.0449924 -0.0812252 0.783 -62.734 -0.0618708 -0.149328 0.0650175 6
-0.0494397 -0.0879143 0.77 -62.75 -0.0708859 -0.10662 0.0627383 6
-0.0545758 -0.0943763 0.759 -62.782 -0.0758866 -0.0954752 0.0676817 6
-0.0587408 -0.0985063 0.754 -62.772 -0.0650585 -0.0645124 0.0640187 6
-0.0626943 -0.101224 0.75 -62.832 -0.0607654 -0.0417693 0.0650619 6
-0.0660062 -0.103146 0.751 -62.856 -0.0509713 -0.0295887 0.0649773 6
-0.0687216 -0.103773 0.752 -62.844 -0.0420339 -0.00969893 0.0645997 6
-0.0710755 -0.10372 0.757 -62.859 -0.0365671 0.000825624 0.0643706 6
-0.0724707 -0.103883 0.76 -62.853 -0.0211206 -0.00247626 0.06606 6
-0.0736336 -0.104002 0.764 -62.843 -0.0179048 -0.0018213 0.0649468 6
-0.0743227 -0.104347 0.771 -62.835 -0.0103687 -0.00519945 0.0664601 6
-0.0744837 -0.104753 0.773 -62.847 -0.00254183 -0.00639724 0.0633619 6
-0.0725779 -0.104686 0.771 -62.876 0.0292578 0.00102262 0.0651398 6
-0.0709464 -0.104934 0.77 -62.863 0.0250219 -0.00379795 0.0652002 6
-0.0680006 -0.104721 0.766 -62.857 0.0432294 0.00312437 0.0681449 6
-0.0646933 -0.104212 0.761 -62.823 0.0505496 0.00777298 0.0654261 6
-0.0626603 -0.103345 0.758 -62.796 0.0319731 0.0136437 0.0635861 6
-0.0601513 -0.102044 0.755 -62.783 0.0394938 0.0204736 0.0635281 6
-0.0585482 -0.101275 0.753 -62.763 0.0247536 0.0118733 0.064764 6
-0.0566486 -0.0989764 0.754 -62.78 0.029437 0.0356192 0.0645312 6
-0.0551563 -0.0970669 0.754 -62.737 0.0227688 0.0291351 0.0655411 6
-0.0547103 -0.0953467 0.753 -62.672 0.00683874 0.0263792 0.0652113 6
-0.0550428 -0.0948494 0.752 -62.614 -0.0051192 0.00765563 0.0649571 6
-0.0551906 -0.0944823 0.75 -62.578 -0.00223195 0.00554293 0.0662263 6
-0.0544146 -0.0934585 0.751 -62.547 0.0122531 0.0161652 0.0633322 6
-0.0546861 -0.0928045 0.753 -62.572 -0.00417342 0.0100552 0.0650406 6
-0.0543767 -0.0918527 0.752 -62.541 0.00473211 0.0145614 0.0653659 6
-0.0539857 -0.0906464 0.752 -62.479 0.00604523 0.0186496 0.0646825 6
-0.054133 -0.0900763 0.754 -62.447 -0.0022672 0.0087739 0.0649711 4
-0.105088 0.00767104 0.754 0.0760002 -0.00287507 0.0206276 0.0651611 3
-0.107612 0.0105543 0.757 0.0299988 -0.0193429 0.0220986 0.130475 3
-0.109034 0.0118043 0.759 0.0620003 -0.0221026 0.0194167 0.0643745 3
-0.109331 0.0131946 0.762 -0.052002 -0.00226936 0.0106344 0.130741 3
-0.110044 0.0149545 0.764 -0.537003 -0.0110774 0.027349 0.0643466 3
-0.101452 0.0119173 0.765 -1.592 0.0660455 -0.0233462 0.130093 3
-0.0942562 0.00958528 0.767 -2.083 0.110655 -0.0358619 0.0650271 3
-0.0600449 0.0015524 0.764 -2.531 0.26288 -0.0617247 0.13014 3
-0.0381503 -0.00326786 0.763 -2.663 0.337447 -0.0742916 0.064883 3
0.0227626 -0.0154791 0.763 -2.044 0.468885 -0.0939978 0.12991 3
0.0928196 -0.0252354 0.764 -0.736 0.539772 -0.0751698 0.12979 3
0.12988 -0.0290317 0.766 0.281998 0.552718 -0.0566177 0.0670517 3
0.199672 -0.0303074 0.775 2.922 0.540515 -0.0098795 0.129122 3
0.23287 -0.0294132 0.776 4.374 0.518612 0.0139698 0.0640115 3
0.2965 -0.0213839 0.788 7.67 0.462378 0.058346 0.137615 3
0.321692 -0.0171214 0.782 9.344 0.438101 0.0741259 0.0575036 3
0.373689 -0.00398549 0.782 12.642 0.400369 0.101145 0.129872 3
0.406442 0.000841968 0.779 14.242 0.504734 0.0743928 0.0648914 3
0.498613 0.0141296 0.78 17.559 0.702744 0.10131 0.131159 3
0.543939 0.0235102 0.783 19.244 0.700779 0.14503 0.0646798 3
0.63155 0.04721 0.788 23.661 0.675612 0.182762 0.129676 3
0.709823 0.0763809 0.79 28.836 0.599581 0.223452 0.130547 3
0.745955 0.0924446 0.791 31.592 0.548094 0.243675 0.0659225 3
0.775747 0.127494 0.79 37.327 0.232954 0.274066 0.127887 3
0.787414 0.146884 0.792 40.101 0.176558 0.293423 0.0660818 3
0.79885 0.189724 0.795 44.308 0.088007 0.329672 0.129948 3
0.803325 0.212038 0.791 46.188 0.0696546 0.347314 0.0642468 3
0.818877 0.264146 0.782 48.816 0.119694 0.401056 0.129926 3
0.828432 0.291167 0.781 49.91 0.146572 0.414486 0.065193 3
0.871994 0.37114 0.776 51.501 0.335169 0.615322 0.129969 3
0.89796 0.416317 0.775 52.202 0.386016 0.671601 0.0672687 3
0.955703 0.517409 0.772 53.69 0.452062 0.791437 0.127731 3
1.01912 0.620118 0.77 55.042 0.488692 0.791451 0.129773 3
1.0501 0.67029 0.768 55.632 0.475334 0.769897 0.0651676 3
1.10171 0.760804 0.774 56.584 0.402271 0.705486 0.1283 3
1.12612 0.806307 0.772 56.98 0.365947 0.682262 0.0666943 3
1.166 0.878596 0.776 57.434 0.306888 0.556224 0.129965 3
1.1842 0.913089 0.776 57.631 0.276552 0.524274 0.0657908 3
1.20884 0.975023 0.78 57.886 0.190777 0.479465 0.129174 3
1.22131 1.00475 0.779 58.006 0.189767 0.45218 0.0657347 3
1.24175 1.0594 0.772 58.107 0.157943 0.422441 0.129385 3
1.25177 1.08592 0.766 58.089 0.154487 0.408902 0.0648489 3
1.27051 1.14121 0.761 57.897 0.144139 0.425312 0.130002 3
1.28816 1.19697 0.758 57.672 0.1359 0.429268 0.129878 3
1.29723 1.22539 0.758 57.537 0.139331 0.43663 0.0650975 3
1.32081 1.28391 0.76 57.075 0.181646 0.450738 0.129827 3
1.33508 1.31448 0.759 56.869 0.218284 0.467693 0.0653731 3
1.36545 1.37375 0.753 56.34 0.234067 0.456687 0.129775 3
1.38052 1.40259 0.76 55.988 0.231381 0.443005 0.0650953 3
1.40803 1.46037 0.755 55.397 0.21175 0.444787 0.129915 3
1.42117 1.49011 0.757 55.148 0.201728 0.456527 0.0651492 3
1.44965 1.54737 0.762 54.734 0.219398 0.441079 0.129811 3
1.46501 1.5752 0.769 54.499 0.233622 0.42315 0.0657649 3
1.49632 1.62457 0.775 54.048 0.245384 0.38696 0.127583 3
1.52981 1.67181 0.786 53.726 0.254307 0.358707 0.131688 3
1.5472 1.6941 0.788 53.688 0.266504 0.341613 0.0652729 3
1.58379 1.73236 0.791 53.694 0.282818 0.295745 0.129366 3
1.60247 1.75215 0.796 53.733 0.285441 0.302347 0.0654517 3
1.6449 1.78706 0.805 53.938 0.325987 0.268258 0.13014 3
1.66608 1.80459 0.806 54.01 0.326328 0.269951 0.06491 3
1.71204 1.83838 0.816 54.388 0.354193 0.260475 0.129755 3
1.73488 1.85541 0.818 54.62 0.344564 0.256839 0.0662931 3
1.78544 1.89141 0.825 55.371 0.380943 0.271257 0.13273 3
1.80925 1.90955 0.823 55.803 0.389571 0.29671 0.0611103 3
1.85715 1.95051 0.819 56.791 0.37033 0.316697 0.129349 3
1.89815 1.9948 0.813 57.814 0.312094 0.337141 0.13136 3
1.91532 2.01928 0.81 58.381 0.264758 0.377605 0.0648404 3
1.9476 2.07197 0.809 59.236 0.247355 0.403721 0.130509 3
1.96236 2.09826 0.809 59.602 0.227898 0.405951 0.0647637 3
1.98849 2.14836 0.8 59.992 0.201958 0.387237 0.129385 3
1.99996 2.17385 0.793 60.113 0.177214 0.393633 0.064754 3
2.01668 2.23779 0.775 60.192 0.128271 0.490617 0.130315 3
2.02394 2.26764 0.77 60.241 0.112483 0.462606 0.0645333 3
2.04219 2.33602 0.753 60.19 0.140019 0.524521 0.130364 3
2.06919 2.4137 0.741 59.901 0.207538 0.597118 0.130087 3
2.08369 2.45284 0.738 59.727 0.229423 0.619299 0.0632089 3
2.11 2.53193 0.731 59.095 0.199599 0.599961 0.131817 3
2.12335 2.56586 0.73 58.761 0.201813 0.512844 0.0661683 3
2.155 2.63278 0.729 57.733 0.246835 0.521995 0.128199 3
2.17157 2.66543 0.73 57.064 0.252702 0.497866 0.0655785 3
2.20469 2.72988 0.728 54.678 0.254859 0.496027 0.129936 3
2.22442 2.76731 0.727 53.244 0.303063 0.574623 0.0651286 3
2.24602 2.80568 0.724 54.156 0.333409 0.592353 0.0647781 3
2.26834 2.84151 0.715 55.133 0.343367 0.551221 0.0650019 3
2.29352 2.87358 0.7 56.079 0.38645 0.492265 0.0651534 3
2.32151 2.90189 0.668 56.85 0.431924 0.436776 0.0648135 3
2.35255 2.92522 0.633 57.472 0.477099 0.358665 0.065056 3
2.38113 2.9453 0.577 56.486 0.439852 0.309032 0.0649674 3
2.4024 2.96992 0.515 54.135 0.329799 0.381607 0.0645043 3
2.4225 2.99723 0.438 50.532 0.306288 0.416257 0.0656272 3
2.44047 3.01842 0.348 50.647 0.274048 0.32326 0.0655529 3
2.45636 3.03284 0.256 63.795 0.246866 0.223887 0.0643828 7
2.45572 3.07452 0.171 81.995 -0.00987456 0.640288 0.065097 7
2.46917 3.08524 0.097 92.251 0.207366 0.165222 0.064885 7
2.48249 3.09889 0.034 85.522 0.204971 0.210044 0.0649925 7
2.50294 3.11079 -0.008 75.606 0.312495 0.181805 0.0654238 7
2.51914 3.11596 -0.017 69.075 0.252134 0.0804921 0.0642428 7
2.53268 3.11872 -0.026 65.554 0.205257 0.0418929 0.0659624 4
2.53857 3.11935 -0.047 63.235 0.0909738 0.0096472 0.0648295 4
2.53768 3.12044 -0.001 61.556 -0.0141112 0.0174267 0.0630233 4
2.53658 3.12553 0.041 60.448 -0.016195 0.0742708 0.0684612 4
2.53618 3.1345 0.062 59.665 -0.0058885 0.133819 0.0670738 4
2.53709 3.14592 0.11 59.09 0.014834 0.186215 0.061313 4
2.53948 3.16017 0.132 58.661 0.0369086 0.219998 0.0647469 4
2.53786 3.16685 0.178 58.37 -0.0246547 0.101934 0.0655815 4
2.53769 3.17412 0.218 58.221 -0.00272881 0.11199 0.0649004 4
2.53567 3.18777 0.311 58.119 -0.0312422 0.211334 0.0646164 4
2.53078 3.20058 0.321 58.035 -0.0750731 0.196725 0.0651007 4
2.52279 3.20992 0.31 57.957 -0.121899 0.142483 0.0655382 4
2.50983 3.2043 0.285 57.933 -0.200561 -0.0868843 0.0646237 4
2.48949 3.18859 0.25 57.915 -0.315321 -0.243618 0.0645071 4
2.46994 3.17587 0.207 57.28 -0.300266 -0.195349 0.0651089 3
2.45542 3.16172 0.157 53.476 -0.223443 -0.217774 0.0649687 3
2.44228 3.1497 0.112 48.154 -0.201863 -0.18458 0.0651329 3
2.43081 3.13823 0.073 42.358 -0.178084 -0.178192 0.0643787 3
2.4228 3.13092 0.052 38.843 -0.12233 -0.111711 0.0654524 4
2.41707 3.1248 0.033 36.62 -0.0854132 -0.0910433 0.0671445 4
2.41522 3.1212 0.005 35.276 -0.0291372 -0.0567428 0.0634723 8
2.41522 3.1212 0 34.803 0 0 0.0645903 2
2.41522 3.1212 0 34.76 0 0 0.0649903 2
2.41522 3.1212 0 34.83 0 0 0.0652477 2
2.41522 3.1212 0 34.839 0 0 0.0648371 2
2.41522 3.1212 0 34.831 0 0 0.0646467 2
2.41522 3.1212 0 34.825 0 0 0.0673192 2
2.41522 3.1212 0 34.827 0 0 0.0646721 2
2.41522 3.1212 0 34.83 0 0 0.0656158 2
2.41522 3.1212 0 34.828 0 0 0.0640424 2
2.41522 3.1212 0 34.83 0 0 0.0663449 2
2.41522 3.1212 0 34.823 0 0 0.0639305 2
2.41522 3.1212 0 34.826 0 0 0.0623492 2
2.41522 3.1212 0 34.825 0 0 0.0662016 2
2.41522 3.1212 0 34.824 0 0 0.0687911 2
2.41522 3.1212 0 34.822 0 0 0.061426 2
2.41522 3.1212 0 34.822 0 0 0.0647645 2
2.41522 3.1212 0 34.82 0 0 0.0644439 2
2.41522 3.1212 0 34.82 0 0 0.0655468 2
2.41522 3.1212 0 34.819 0 0 0.0650081 2
2.41522 3.1212 0 34.817 0 0 0.064605 2
2.41522 3.1212 0 34.815 0 0 0.0651678 2
2.41522 3.1212 0 34.814 0 0 0.0649609 2
2.41522 3.1212 0 34.814 0 0 0.067097 2
2.41522 3.1212 0 34.81 0 0 0.062252 2
2.41522 3.1212 0 34.811 0 0 0.0653496 2
2.41522 3.1212 0 34.809 0 0 0.0646008 2
2.41522 3.1212 0 34.807 0 0 0.0658789 2
2.41522 3.1212 0 34.806 0 0 0.0656488 2
2.41522 3.1212 0 34.804 0 0 0.0645053 2
2.41522 3.1212 0 34.803 0 0 0.0651343 2
2.41522 3.1212 0 34.802 0 0 0.0666356 2
2.41522 3.1212 0 34.8 0 0 0.0628882 2
2.41522 3.1212 0 34.799 0 0 0.0652516 2
2.41522 3.1212 0 34.797 0 0 0.0648447 2
2.41522 3.1212 0 34.795 0 0 0.0647075 2
2.41522 3.1212 0 34.794 0 0 0.0653718 2
2.41522 3.1212 0 34.792 0 0 0.064959 2
2.41522 3.1212 0 34.793 0 0 0.0653643 2
2.41522 3.1212 0 34.794 0 0 0.0647694 2
2.41522 3.1212 0 34.791 0 0 0.0647816 2
2.41522 3.1212 0 34.792 0 0 0.0662773 2
2.41522 3.1212 0 34.79 0 0 0.0637674 2
2.41522 3.1212 0 34.789 0 0 0.0649656 2
2.41522 3.1212 0 34.788 0 0 0.0647728 2
2.41522 3.1212 0 34.787 0 0 0.0652499 2
2.41522 3.1212 0 34.786 0 0 0.0649653 2
2.41522 3.1212 0 34.785 0 0 0.0673664 2
2.41522 3.1212 0 34.784 0 0 0.0627644 2
2.41522 3.1212 0 34.782 0 0 0.064895 2
2.41522 3.1212 0 34.782 0 0 0.0691445 2
2.41522 3.1212 0 34.782 0 0 0.059284 2
2.41522 3.1212 0 34.78 0 0 0.0675072 2
2.41522 3.1212 0 34.779 0 0 0.0643794 2
2.41522 3.1212 0 34.78 0 0 0.0647117 2
2.41522 3.1212 0 34.78 0 0 0.0651424 2
2.41522 3.1212 0 34.778 0 0 0.0668373 2
2.41522 3.1212 0 34.774 0 0 0.0631164 2
2.41522 3.1212 0 34.773 0 0 0.0650855 2
2.41522 3.1212 0 34.772 0 0 0.0645021 2
2.41522 3.1212 0 34.772 0 0 0.065353 2
2.41522 3.1212 0 34.771 0 0 0.0684133 2
2.41522 3.1212 0 34.768 0 0 0.0613252 2
2.41522 3.1212 0 34.768 0 0 0.0653941 2
2.41522 3.1212 0 34.764 0 0 0.0672522 2
2.41522 3.1212 0 34.761 0 0 0.0642063 2
2.41522 3.1212 0 34.761 0 0 0.0640923 2
2.41522 3.1212 0 34.762 0 0 0.0645266 2
2.41522 3.1212 0 34.759 0 0 0.0650583 2
2.41522 3.1212 0 34.76 0 0 0.0649991 2
2.41522 3.1212 0 34.761 0 0 0.0648952 2
2.41522 3.1212 0 34.759 0 0 0.0682442 2
2.41522 3.1212 0 34.757 0 0 0.0617742 2
2.41522 3.1212 0 34.757 0 0 0.0650733 2
2.41522 3.1212 0 34.755 0 0 0.0644035 2
2.41522 3.1212 0 34.754 0 0 0.0655762 2
2.41522 3.1212 0 34.751 0 0 0.0650667 2
2.41522 3.1212 0 34.749 0 0 0.0659477 2
2.41522 3.1212 0 34.746 0 0 0.0640049 2
2.41522 3.1212 0 34.745 0 0 0.0651221 2
2.41522 3.1212 0 34.743 0 0 0.0641465 2
2.41522 3.1212 0 34.741 0 0 0.0669139 2
2.41522 3.1212 0 34.751 0 0 0.0638625 2
2.41522 3.1212 0 34.751 0 0 0.0654041 2
2.41522 3.1212 0 34.833 0 0 0.0629369 2
2.41522 3.1212 0 34.908 0 0 0.0673636 2
2.41522 3.1212 0 32.123 0 0 0.0643379 2
2.41522 3.1212 0 28.191 0 0 0.0651975 2
2.41522 3.1212 0 24.333 0 0 0.0647544 2
2.41522 3.1212 0 20.806 0 0 0.0674957 2
2.41522 3.1212 0 17.961 0 0 0.0624791 2
2.41522 3.1212 0 15.545 0 0 0.0659979 2
2.41522 3.1212 0 13.273 0 0 0.0624603 2
2.41522 3.1212 0 10.497 0 0 0.066538 2
2.41522 3.1212 0 8.116 0 0 0.0649994 2
2.41522 3.1212 0 5.635 0 0 0.0650626 2
2.41522 3.1212 0 3.553 0 0 0.0649502 2
2.41522 3.1212 0 0.902 0 0 0.0650658 2
2.41522 3.1212 0 -1.684 0 -0 0.0649242 2
2.41522 3.1212 0 -3.951 0 -0 0.0650543 2
2.41522 3.1212 0 -5.695 0 -0 0.065537 2
2.41522 3.1212 0 -6.53 0 -0 0.0646817 2
2.41522 3.1212 0 -6.608 0 -0 0.0654401 2
2.41522 3.1212 0 -6.654 0 -0 0.0643803 2
2.41522 3.1212 0 -7.535 0 -0 0.0648397 2
2.41522 3.1212 0 -9.308 0 -0 0.0657643 2
2.41522 3.1212 0 -11.577 0 -0 0.0655628 2
2.41522 3.1212 0 -13.905 0 -0 0.0636176 2
2.41522 3.1212 0 -16.188 0 -0 0.0653144 2
2.41522 3.1212 0 -18.166 0 -0 0.0648908 2
2.41522 3.1212 0 -19.658 0 -0 0.0647205 2
2.41522 3.1212 0 -20.605 0 -0 0.0653939 2
2.41522 3.1212 0 -20.987 0 -0 0.0647974 2
2.41522 3.1212 0 -20.56 0 -0 0.0649236 2
2.41522 3.1212 0 -19.77 0 -0 0.0650672 2
2.41522 3.1212 0 -19.177 0 -0 0.0650258 2
2.41522 3.1212 0 -18.499 0 -0 0.0657767 2
2.41522 3.1212 0 -17.804 0 -0 0.0642167 2
2.41522 3.1212 0 -16.81 0 -0 0.0650178 2
2.41522 3.1212 0 -15.637 0 -0 0.065153 2
2.41522 3.1212 0 -13.937 0 -0 0.0635143 2
2.41522 3.1212 0 -11.988 0 -0 0.0673675 2
2.41522 3.1212 0 -9.827 0 -0 0.0639978 2
2.41522 3.1212 0 -7.859 0 -0 0.0650188 2
2.41522 3.1212 0 -5.423 0 -0 0.0651962 2
2.41522 3.1212 0 -2.045 0 -0 0.0648051 2
2.41522 3.1212 0 2.1 0 0 0.0647142 2
2.41522 3.1212 0 5.814 0 0 0.0647965 2
2.41522 3.1212 0 8.381 0 0 0.0656297 2
2.41522 3.1212 0 9.818 0 0 0.0650936 2
2.41522 3.1212 0 10.6 0 0 0.0648836 2
2.41522 3.1212 0 10.595 0 0 0.0654597 2
2.41522 3.1212 0 10.294 0 0 0.0647161 2
2.41522 3.1212 0 9.496 0 0 0.064881 2
2.41522 3.1212 0 9.065 0 0 0.0649279 2
2.41522 3.1212 0 9.681 0 0 0.0651572 2
2.41522 3.1212 0 11.364 0 0 0.0649752 2
2.41522 3.1212 0 13.591 0 0 0.0649651 2
2.41522 3.1212 0 15.079 0 0 0.0648724 2
2.41522 3.1212 0 16.53 0 0 0.0650833 2
2.41522 3.1212 0 18.57 0 0 0.0651724 2
2.41522 3.1212 0 21.434 0 0 0.064979 2
2.41522 3.1212 0 24.729 0 0 0.0648259 2
2.41522 3.1212 0 28.926 0 0 0.0650329 2
2.41522 3.1212 0 33.68 0 0 0.0649289 2
2.41522 3.1212 0 38.563 0 0 0.0650713 2
2.41522 3.1212 0 43.589 0 0 0.0649153 2
2.41522 3.1212 0 48.662 0 0 0.0705688 2
2.41522 3.1212 0 53.862 0 0 0.0597976 2
2.41522 3.1212 0 59.076 0 0 0.0646382 2
2.41522 3.1212 0 64.52 0 0 0.0637722 2
2.41522 3.1212 0 70.745 0 0 0.0662951 2
2.41522 3.1212 0 77.287 0 0 0.0643961 2
2.41522 3.1212 0 83.889 0 0 0.0665546 2
2.41522 3.1212 0 89.815 0 0 0.0635759 2
2.41522 3.1212 0 94.567 0 0 0.0664212 2
2.41522 3.1212 0 98.974 0 0 0.0654121 2
2.41522 3.1212 0 103.43 0 0 0.0630975 2
2.41522 3.1212 0 108.369 0 0 0.0650114 2
2.41522 3.1212 0 113.196 0 0 0.0658376 2
2.41522 3.1212 0 117.881 0 0 0.0648383 2
2.41522 3.1212 0 122.609 0 0 0.0650432 2
2.41522 3.1212 0 127.921 0 0 0.0649637 2
2.41522 3.1212 0 134.45 0 0 0.0642855 2
2.41522 3.1212 0 141.798 0 0 0.0659623 2
2.41522 3.1212 0 149.791 0 0 0.0659904 2
2.41522 3.1212 0 157.898 0 0 0.0633737 2
2.41522 3.1212 0 166.337 0 0 0.0657678 2
2.41522 3.1212 0 175.032 0 0 0.0646704 2
2.41522 3.1212 0 183.375 -0 0 0.0650273 2
2.41522 3.1212 0 191.226 -0 0 0.065232 2
2.41522 3.1212 0 197.741 -0 0 0.0647534 2
2.41522 3.1212 0 201.746 -0 0 0.0644946 2
2.41522 3.1212 0 204.519 -0 0 0.064899 2
2.41522 3.1212 0 207.664 -0 0 0.0655791 2
2.41522 3.1212 0 211.542 -0 0 0.0655789 2
2.41522 3.1212 0 215.319 -0 0 0.0650759 2
2.41522 3.1212 0 218.035 -0 0 0.064403 2
2.41522 3.1212 0 220.242 -0 0 0.0646684 2
2.41522 3.1212 0 221.596 -0 0 0.0647713 2
2.41522 3.1212 0 222.66 -0 0 0.0656126 2
2.41522 3.1212 0 223.57 -0 0 0.0660578 2
2.41522 3.1212 0 225.338 -0 0 0.0638672 2
2.41522 3.1212 0 228.491 -0 0 0.0651431 2
2.41522 3.1212 0 233.396 -0 0 0.0648199 2
2.41522 3.1212 0 240.103 -0 0 0.0653585 2
2.41522 3.1212 0 -111.58 -0 0 0.0683749 2
2.41522 3.1212 0 -103.037 -0 0 0.0660739 2
2.41522 3.1212 0 -94.675 -0 0 0.0619265 2
2.41522 3.1212 0 -86.84 0 -0 0.0630438 2
2.41522 3.1212 0 -80.204 0 -0 0.0644735 2
2.41522 3.1212 0 -74.591 0 -0 0.0672433 2
2.41522 3.1212 0 -69.935 0 -0 0.0641235 2
2.41522 3.1212 0 -66.78 0 -0 0.0641979 2
2.41522 3.1212 0 -64.789 0 -0 0.0669967 2
2.41522 3.1212 0 -64.268 0 -0 0.0630474 2
2.41522 3.1212 0 -65.582 0 -0 0.0651093 2
2.41522 3.1212 0 -67.686 0 -0 0.0652814 2
2.41522 3.1212 0 -69.801 0 -0 0.0645921 2
2.41522 3.1212 0 -71.361 0 -0 0.0651541 2
2.41522 3.1212 0 -71.554 0 -0 0.0663175 2
2.41522 3.1212 0 -70.346 0 -0 0.0635829 2
2.41522 3.1212 0 -68.966 0 -0 0.064946 2
2.41522 3.1212 0 -67.851 0 -0 0.0653054 2
2.41522 3.1212 0 -65.678 0 -0 0.0648549 2
2.41522 3.1212 0 -63.611 0 -0 0.0649399 2
2.41522 3.1212 0 -60.199 0 -0 0.0650847 2
2.41522 3.1212 0 -57.403 0 -0 0.0648996 2
2.41522 3.1212 0 -54.613 0 -0 0.0650045 2
2.41522 3.1212 0 -52.145 0 -0 0.0646714 2
2.41522 3.1212 0 -50.442 0 -0 0.0652575 2
2.41522 3.1212 0 -49.623 0 -0 0.0672009 2
2.41522 3.1212 0 -49.936 0 -0 0.0626159 2
2.41522 3.1212 0 -51.248 0 -0 0.0651186 2
2.41522 3.1212 0 -53.961 0 -0 0.0650289 2
2.41522 3.1212 0 -55.657 0 -0 0.0649531 2
2.41522 3.1212 0 -57.617 0 -0 0.0632703 2
2.41522 3.1212 0 -58.162 0 -0 0.0674614 2
2.41522 3.1212 0 -58.007 0 -0 0.0648066 2
2.41522 3.1212 0 -57.689 0 -0 0.0644838 2
2.41522 3.1212 0 -55.731 0 -0 0.0651121 2
2.41522 3.1212 0 -52.152 0 -0 0.0648355 2
2.41522 3.1212 0 -46.938 0 -0 0.0644392 2
2.41522 3.1212 0 -40.793 0 -0 0.0657617 2
2.41522 3.1212 0 -35.519 0 -0 0.0649048 2
2.41522 3.1212 0 -31.043 0 -0 0.0649712 2
2.41522 3.1212 0 -27.254 0 -0 0.0649454 2
2.41522 3.1212 0 -23.948 0 -0 0.0671866 2
2.41522 3.1212 0 -20.698 0 -0 0.0630625 2
2.41522 3.1212 0 -17.666 0 -0 0.0648349 2
2.41522 3.1212 0 -16.6 0 -0 0.0667954 2
2.41522 3.1212 0 -16.509 0 -0 0.063705 2
2.41522 3.1212 0 -17.764 0 -0 0.0644536 2
2.41522 3.1212 0 -19.173 0 -0 0.0652104 2
2.41522 3.1212 0 -21.548 0 -0 0.0648627 2
2.41522 3.1212 0 -24.563 0 -0 0.0657998 2
2.41522 3.1212 0 -27.69 0 -0 0.0643427 2
2.41522 3.1212 0 -30.053 0 -0 0.0648546 2
2.41522 3.1212 0 -30.916 0 -0 0.0649343 2
2.41522 3.1212 0 -30.37 0 -0 0.0647035 2
2.41522 3.1212 0 -29.183 0 -0 0.0654203 2
2.41522 3.1212 0 -28.614 0 -0 0.0651577 2
2.41522 3.1212 0 -28.595 0 -0 0.0647905 2
2.41522 3.1212 0 -28.711 0 -0 0.0650188 2
2.41522 3.1212 0 -27.764 0 -0 0.0683362 2
2.41522 3.1212 0 -25.569 0 -0 0.0611231 2
2.41522 3.1212 0 -22.706 0 -0 0.0655359 2
2.41522 3.1212 0 -20.924 0 -0 0.0656445 2
2.41522 3.1212 0 -20.576 0 -0 0.0645365 2
2.41522 3.1212 0 -21.521 0 -0 0.0654152 2
2.41522 3.1212 0 -22.298 0 -0 0.0644315 2
2.41522 3.1212 0 -22.05 0 -0 0.0652022 2
2.41522 3.1212 0 -20.933 0 -0 0.0651202 2
2.41522 3.1212 0 -20.358 0 -0 0.0659622 2
2.41522 3.1212 0 -21.198 0 -0 0.0630096 2
2.41522 3.1212 0 -22.267 0 -0 0.0660688 2
2.41522 3.1212 0 -22.106 0 -0 0.0659317 2
2.41522 3.1212 0 -22.045 0 -0 0.0631809 2
2.41522 3.1212 0 -21.875 0 -0 0.0657969 2
2.41522 3.1212 0 -21.198 0 -0 0.064759 2
2.41522 3.1212 0 -20.295 0 -0 0.0652456 2
2.41522 3.1212 0 -19.315 0 -0 0.0658028 2
2.41522 3.1212 0 -19.113 0 -0 0.0644136 2
2.41522 3.1212 0 -19.371 0 -0 0.0649686 2
2.41522 3.1212 0 -19.36 0 -0 0.0675838 2
2.41522 3.1212 0 -19.365 0 -0 0.0624131 2
2.41522 3.1212 0 -19.378 0 -0 0.0652716 2
2.41522 3.1212 0 -19.375 0 -0 0.0645908 2
2.41522 3.1212 0 -19.373 0 -0 0.0649689 2
2.41522 3.1212 0 -19.378 0 -0 0.0657134 2
2.41522 3.1212 0 -19.378 0 -0 0.0642798 2
2.41522 3.1212 0 -19.379 0 -0 0.065156 2
2.41522 3.1212 0 -19.381 0 -0 0.064842 2
2.41522 3.1212 0 -19.38 0 -0 0.0650076 2
2.41522 3.1212 0 -19.38 0 -0 0.0650276 2
2.41522 3.1212 0 -19.382 0 -0 0.0649501 2
2.41522 3.1212 0 -19.383 0 -0 0.0650428 2
2.41522 3.1212 0 -19.385 0 -0 0.0649589 2
2.41522 3.1212 0 -19.386 0 -0 0.0649798 2
2.41522 3.1212 0 -19.387 0 -0 0.065134 2
2.41522 3.1212 0 -19.389 0 -0 0.0663404 2
2.41522 3.1212 0 -19.389 0 -0 0.0647265 2
2.41522 3.1212 0 -19.39 0 -0 0.0637754 2
2.41522 3.1212 0 -19.389 0 -0 0.0651055 2
2.41522 3.1212 0 -19.389 0 -0 0.0658916 2
2.41522 3.1212 0 -19.391 0 -0 0.062627 2
2.41522 3.1212 0 -19.392 0 -0 0.0653532 2
2.41522 3.1212 0 -19.392 0 -0 0.0659319 2
2.41522 3.1212 0 -19.394 0 -0 0.0657317 2
2.41522 3.1212 0 -19.394 0 -0 0.064519 2
2.41522 3.1212 0 -19.397 0 -0 0.0649548 2
2.41522 3.1212 0 -19.398 0 -0 0.0649325 2
2.41522 3.1212 0 -19.398 0 -0 0.0649708 2
2.41522 3.1212 0 -19.398 0 -0 0.0651133 2
2.41522 3.1212 0 -19.396 0 -0 0.065012 2
2.41522 3.1212 0 -19.398 0 -0 0.065137 2
2.41522 3.1212 0 -19.399 0 -0 0.0648527 2
2.41522 3.1212 0 -19.401 0 -0 0.0650252 2
2.41522 3.1212 0 -19.403 0 -0 0.064827 2
2.41522 3.1212 0 -19.402 0 -0 0.0651661 2
2.41522 3.1212 0 -19.403 0 -0 0.0645395 2
2.41522 3.1212 0 -19.404 0 -0 0.0654547 2
2.41522 3.1212 0 -19.403 0 -0 0.0649794 2
2.41522 3.1212 0 -19.402 0 -0 0.067572 2
2.41522 3.1212 0 -19.402 0 -0 0.0620609 2
2.41522 3.1212 0 -19.402 0 -0 0.0653404 2
2.41522 3.1212 0 -19.401 0 -0 0.0663607 2
2.41522 3.1212 0 -19.404 0 -0 0.0636772 2
2.41522 3.1212 0 -19.404 0 -0 0.0652055 2
2.41522 3.1212 0 -19.405 0 -0 0.064439 2
2.41522 3.1212 0 -19.407 0 -0 0.0680599 2
2.41522 3.1212 0 -19.407 0 -0 0.0632209 2
2.41522 3.1212 0 -19.408 0 -0 0.0642559 2
2.41522 3.1212 0 -19.41 0 -0 0.0651322 2
2.41522 3.1212 0 -19.41 0 -0 0.0652438 2
2.41522 3.1212 0 -19.412 0 -0 0.0650565 2
2.41522 3.1212 0 -19.412 0 -0 0.065059 2
2.41522 3.1212 0 -19.413 0 -0 0.0651271 2
2.41522 3.1212 0 -19.416 0 -0 0.0647009 2
2.41522 3.1212 0 -19.417 0 -0 0.0653347 2
2.41522 3.1212 0 -19.417 0 -0 0.0645145 2
2.41522 3.1212 0 -19.419 0 -0 0.0650161 2
2.41522 3.1212 0 -19.421 0 -0 0.0650188 2
2.41522 3.1212 0 -19.423 0 -0 0.0640821 2
2.41522 3.1212 0 -19.424 0 -0 0.0658901 2
2.41522 3.1212 0 -19.424 0 -0 0.0650207 2
2.41522 3.1212 0 -19.426 0 -0 0.0647543 2
2.41522 3.1212 0 -19.428 0 -0 0.0654236 2
2.41522 3.1212 0 -19.428 0 -0 0.0670225 2
2.41522 3.1212 0 -19.43 0 -0 0.0653812 2
2.41522 3.1212 0 -19.431 0 -0 0.0624502 2
2.41522 3.1212 0 -19.433 0 -0 0.0661562 2
2.41522 3.1212 0 -19.433 0 -0 0.0668946 2
2.41522 3.1212 0 -19.434 0 -0 0.0619798 2
2.41522 3.1212 0 -19.434 0 -0 0.0649966 2
2.41522 3.1212 0 -19.434 0 -0 0.0644278 2
2.41522 3.1212 0 -19.436 0 -0 0.0648587 2
2.41522 3.1212 0 -19.436 0 -0 0.0656419 2
2.41522 3.1212 0 -19.438 0 -0 0.0670592 2
2.41522 3.1212 0 -19.44 0 -0 0.0630435 2
2.41522 3.1212 0 -19.44 0 -0 0.0648382 2
2.41522 3.1212 0 -19.442 0 -0 0.0646885 2
2.41522 3.1212 0 -19.442 0 -0 0.0653697 2
2.41522 3.1212 0 -19.446 0 -0 0.0671811 2
2.41522 3.1212 0 -19.447 0 -0 0.0626075 2
2.41522 3.1212 0 -19.448 0 -0 0.0653933 2
2.41522 3.1212 0 -19.449 0 -0 0.0648037 2
2.41522 3.1212 0 -19.45 0 -0 0.0648924 2
2.41522 3.1212 0 -19.45 0 -0 0.0652171 2
2.41522 3.1212 0 -19.449 0 -0 0.0647872 2
2.41522 3.1212 0 -19.45 0 -0 0.0651878 2
2.41522 3.1212 0 -19.453 0 -0 0.0649696 2
2.41522 3.1212 0 -19.453 0 -0 0.0682126 2
2.41522 3.1212 0 -19.454 0 -0 0.0660479 2
2.41522 3.1212 0 -19.452 0 -0 0.0611983 2
2.41522 3.1212 0 -19.454 0 -0 0.0658755 2
2.41522 3.1212 0 -19.456 0 -0 0.0646205 2
2.41522 3.1212 0 -19.457 0 -0 0.0638087 2
2.41522 3.1212 0 -19.458 0 -0 0.0650733 2
