0.241143 -0.233132 0.906 17.8001
0.252282 -0.230725 0.885881 17.9001
0.26961 -0.22797 0.87262 18.0001
0.292133 -0.224805 0.864003 18.1001
0.319 -0.221111 0.858526 18.2001
0.349481 -0.216707 0.855169 18.3001
0.382947 -0.211382 0.853236 18.4001
0.418849 -0.204919 0.852256 18.5001
0.456709 -0.197116 0.851907 18.6001
0.496101 -0.187793 0.851971 18.7001
0.506552 -0.182534 0.833386 18.8001
0.522936 -0.175625 0.822392 18.9001
0.544347 -0.167425 0.816565 19.0001
0.570014 -0.158232 0.814224 19.1001
0.599276 -0.14827 0.814201 19.2001
0.631567 -0.137702 0.81569 19.3001
0.666407 -0.126648 0.81813 19.4001
0.703389 -0.1152 0.821138 19.5001
0.74217 -0.10343 0.824451 19.6001
0.782461 -0.0913925 0.827889 19.7001
0.824021 -0.0791341 0.83133 19.8001
0.866645 -0.0666918 0.834696 19.9001
0.910162 -0.0540961 0.837933 20.0001
0.954428 -0.0413723 0.84101 20.1001
0.999324 -0.0285416 0.843907 20.2001
1.04475 -0.0156215 0.846615 20.3001
1.09061 -0.00262684 0.849129 20.4001
1.13685 0.0104301 0.85145 20.5001
1.1834 0.0235388 0.853583 20.6001
1.23021 0.0366907 0.855531 20.7001
1.27725 0.0498783 0.857302 20.8001
1.32446 0.0630955 0.858902 20.9001
1.37183 0.0763372 0.860339 21.0001
1.41934 0.0895988 0.86162 21.1001
1.46695 0.102877 0.862753 21.2001
1.51465 0.116168 0.863745 21.3001
1.56243 0.12947 0.864603 21.4001
1.61027 0.142781 0.865334 21.5001
1.65817 0.156098 0.865945 21.6001
1.70612 0.169421 0.866442 21.7001
1.7541 0.182748 0.866831 21.8001
1.80212 0.196077 0.867118 21.9001
1.85016 0.209409 0.867308 22.0001
1.89823 0.222742 0.867406 22.1001
1.94632 0.236076 0.867418 22.2001
1.99442 0.24941 0.867347 22.3001
2.04254 0.262745 0.867199 22.4001
2.09067 0.276078 0.866978 22.5001
2.1388 0.289412 0.866688 22.6001
2.18695 0.302744 0.866332 22.7001
2.23511 0.316076 0.865914 22.8001
2.28327 0.329406 0.865437 22.9001
2.33143 0.342736 0.864905 23.0001
2.3796 0.356064 0.86432 23.1001
2.42777 0.369391 0.863686 23.2001
2.47595 0.382716 0.863005 23.3001
2.52413 0.39604 0.86228 23.4001
2.57231 0.409363 0.861512 23.5001
2.6205 0.422685 0.860706 23.6001
2.66868 0.436006 0.859862 23.7001
2.71687 0.449325 0.858982 23.8001
2.76506 0.462643 0.858069 23.9001
2.81325 0.47596 0.857125 24.0001
2.86144 0.489276 0.856151 24.1001
2.90963 0.50259 0.855148 24.2001
2.95782 0.515904 0.854119 24.3001
3.00601 0.529216 0.853064 24.4001
3.05421 0.542528 0.851986 24.5001
3.1024 0.555838 0.850886 24.6001
3.1506 0.569148 0.849763 24.7001
3.19879 0.582457 0.848621 24.8001
3.24699 0.595765 0.84746 24.9001
3.29518 0.609072 0.846281 25.0001
3.34338 0.622378 0.845085 25.1001
3.39158 0.635683 0.843873 25.2001
3.43977 0.648988 0.842645 25.3001
3.48797 0.662292 0.841404 25.4001
3.53617 0.675596 0.840149 25.5001
3.58437 0.688899 0.838881 25.6001
3.63256 0.702201 0.8376 25.7001
3.68076 0.715503 0.836309 25.8001
3.72896 0.728804 0.835007 25.9001
3.77716 0.742105 0.833694 26.0001
3.82536 0.755405 0.832372 26.1001
3.87356 0.768704 0.83104 26.2001
3.92175 0.782004 0.8297 26.3001
3.96995 0.795302 0.828352 26.4001
4.01815 0.808601 0.826996 26.5001
4.06635 0.821899 0.825633 26.6001
4.11455 0.835196 0.824263 26.7001
4.16275 0.848493 0.822887 26.8001
4.21095 0.86179 0.821504 26.9001
4.25915 0.875087 0.820116 27.0001
4.30735 0.888383 0.818722 27.1001
4.35555 0.901679 0.817323 27.2001
4.40375 0.914974 0.815919 27.3001
4.45195 0.92827 0.81451 27.4001
4.50015 0.941565 0.813097 27.5001
4.54835 0.95486 0.81168 27.6001
4.59655 0.968154 0.810259 27.7001
4.64475 0.981449 0.808834 27.8001
4.69295 0.994743 0.807406 27.9001
4.74115 1.00804 0.805974 28.0001
4.78935 1.02133 0.80454 28.1001
4.83755 1.03462 0.803102 28.2001
4.88575 1.04792 0.801661 28.3001
4.93395 1.06121 0.800218 28.4001
4.9452 1.0638 0.779524 28.5001
4.96258 1.06739 0.765514 28.6001
4.98501 1.07219 0.756045 28.7001
4.99415 1.07984 0.736476 28.8001
5.00867 1.09028 0.723954 28.9001
5.02814 1.10236 0.7162 29.0001
5.05208 1.11526 0.711666 29.1001
5.07998 1.12832 0.709299 29.2001
5.11136 1.14101 0.708387 29.3001
5.14578 1.15295 0.708443 29.4001
5.18281 1.1638 0.709141 29.5001
5.22209 1.17333 0.710257 29.6001
5.26328 1.18133 0.711641 29.7001
5.30606 1.18763 0.713191 29.8001
5.35016 1.19209 0.714837 29.9001
5.39532 1.19461 0.716535 30.0001
5.40659 1.19422 0.696899 30.1001
5.42409 1.19321 0.684523 30.2001
5.4468 1.19179 0.677114 30.3001
5.47389 1.19012 0.673075 30.4001
5.50465 1.18832 0.671297 30.5001
5.5385 1.18645 0.67101 30.6001
5.57494 1.18454 0.671679 30.7001
5.61356 1.18263 0.672936 30.8001
5.654 1.18072 0.674526 30.9001
5.69598 1.17881 0.676274 31.0001
5.73924 1.17691 0.678063 31.1001
5.78358 1.17501 0.679812 31.2001
5.82883 1.17313 0.681468 31.3001
5.87483 1.17126 0.682998 31.4001
5.92148 1.1694 0.684381 31.5001
5.96866 1.16755 0.685606 31.6001
6.01628 1.16571 0.686666 31.7001
6.06429 1.16388 0.687561 31.8001
6.11261 1.16206 0.688291 31.9001
6.16119 1.16025 0.688862 32.0001
6.21 1.15845 0.689277 32.1001
6.259 1.15665 0.689541 32.2001
6.30815 1.15487 0.689662 32.3001
6.35743 1.15309 0.689645 32.4001
6.40683 1.15132 0.689496 32.5001
6.45631 1.14955 0.689222 32.6001
6.50588 1.14779 0.688829 32.7001
6.55551 1.14604 0.688322 32.8001
6.60519 1.14429 0.687707 32.9001
6.65492 1.14255 0.686991 33.0001
6.70469 1.14082 0.686178 33.1001
6.75449 1.13909 0.685273 33.2001
6.80432 1.13737 0.684281 33.3001
6.85418 1.13565 0.683207 33.4001
6.90405 1.13393 0.682055 33.5001
6.95393 1.13222 0.680829 33.6001
7.00384 1.13052 0.679533 33.7001
7.05375 1.12881 0.678172 33.8001
7.10367 1.12712 0.676748 33.9001
7.1536 1.12542 0.675264 34.0001
7.20354 1.12373 0.673725 34.1001
7.25348 1.12205 0.672133 34.2001
7.30343 1.12036 0.670491 34.3001
7.35338 1.11868 0.668801 34.4001
7.40333 1.117 0.667067 34.5001
7.45329 1.11533 0.665291 34.6001
7.50325 1.11366 0.663474 34.7001
7.55321 1.11199 0.66162 34.8001
7.60317 1.11032 0.65973 34.9001
7.65314 1.10866 0.657807 35.0001
7.70311 1.10699 0.655851 35.1001
7.75307 1.10533 0.653865 35.2001
7.80304 1.10368 0.651851 35.3001
7.85301 1.10202 0.649809 35.4001
7.90298 1.10037 0.647742 35.5001
7.95295 1.09871 0.645651 35.6001
8.00292 1.09706 0.643538 35.7001
8.05289 1.09542 0.641402 35.8001
8.10286 1.09377 0.639247 35.9001
8.15284 1.09212 0.637072 36.0001
8.20281 1.09048 0.634879 36.1001
8.25278 1.08883 0.632669 36.2001
8.30275 1.08719 0.630442 36.3001
8.35272 1.08555 0.6282 36.4001
8.4027 1.08391 0.625944 36.5001
8.45267 1.08228 0.623674 36.6001
8.50264 1.08064 0.621391 36.7001
8.55262 1.079 0.619096 36.8001
8.60259 1.07737 0.616789 36.9001
8.65256 1.07573 0.614471 37.0001
8.70253 1.0741 0.612143 37.1001
8.75251 1.07247 0.609805 37.2001
8.80248 1.07084 0.607458 37.3001
8.85245 1.0692 0.605103 37.4001
8.90243 1.06757 0.602739 37.5001
8.9524 1.06594 0.600367 37.6001
9.00237 1.06432 0.597988 37.7001
9.05235 1.06269 0.595601 37.8001
9.10232 1.06106 0.593209 37.9001
9.15229 1.05943 0.59081 38.0001
9.20227 1.05781 0.588405 38.1001
9.25224 1.05618 0.585995 38.2001
9.30222 1.05456 0.583579 38.3001
9.35219 1.05293 0.581158 38.4001
9.40216 1.05131 0.578733 38.5001
9.45214 1.04968 0.576304 38.6001
9.50211 1.04806 0.57387 38.7001
9.55208 1.04644 0.571432 38.8001
9.60206 1.04481 0.56899 38.9001
9.65203 1.04319 0.566545 39.0001
9.702 1.04157 0.564097 39.1001
9.75198 1.03995 0.561645 39.2001
9.80195 1.03833 0.559191 39.3001
9.85193 1.03671 0.556734 39.4001
9.9019 1.03508 0.554274 39.5001
9.95187 1.03346 0.551811 39.6001
10.0018 1.03184 0.549346 39.7001
10.0518 1.03022 0.546879 39.8001
10.1018 1.0286 0.54441 39.9001
10.1518 1.02698 0.541938 40.0001
10.2017 1.02537 0.539465 40.1001
10.2517 1.02375 0.53699 40.2001
10.3017 1.02213 0.534514 40.3001
10.3517 1.02051 0.532035 40.4001
10.4016 1.01889 0.529556 40.5001
10.4516 1.01727 0.527075 40.6001
10.5016 1.01565 0.524592 40.7001
10.5516 1.01404 0.522108 40.8001
10.6015 1.01242 0.519623 40.9001
10.6515 1.0108 0.517137 41.0001
10.7015 1.00918 0.51465 41.1001
10.7515 1.00756 0.512162 41.2001
10.8014 1.00595 0.509672 41.3001
10.8514 1.00433 0.507182 41.4001
