1388550456.742473588 -0.339463 0.0327661 1.171 -173.54 -0.0477576 0  0.164743 -0.426114 7
1388550456.842450061 -0.344887 0.0331639 1.185 -173.768 -0.0542478 0  0.140033 -0.039805 7
1388550456.942421993 -0.350941 0.0324559 1.187 -174.037 -0.0605633 0  0.0200056 -0.046962 7
1388550457.042413755 -0.355766 0.032768 1.19 -174.272 -0.0482535 0  0.0300025 -0.0410187 7
1388550457.142450010 -0.360437 0.0329105 1.189 -174.314 -0.0466928 0  0 -0.00732636 7
1388550457.242416912 -0.364073 0.0345131 1.193 -174.642 -0.0363658 0.0160314  0.0400132 -0.0572663 7
1388550457.342430679 -0.367822 0.0364271 1.193 -174.658 -0.0374888 0.019137  0 -0.00279327 7
1388550457.442421049 -0.370596 0.0395711 1.187 -174.811 -0.0277409 0.0314438  -0.0600058 -0.0267061 7
1388550457.642412750 -0.376071 0.0460982 1.187 -174.799 -0.0273766 0.0326364  0 0.001048 7
1388550457.742416808 -0.376111 0.0486763 1.184 -174.896 0 0.0257805  -0.0299988 -0.016929 7
1388550457.842406409 -0.375952 0.0511654 1.18 -174.954 0 0.0248938  -0.0400042 -0.0101237 7
1388550457.942419964 -0.375513 0.0529934 1.18 -175.021 0 0.0182775  0 -0.0116924 4
1388550458.042459011 -0.374295 0.0527047 1.18 -175.135 0.0121786 0  0 -0.0198887 4
1388550458.142470756 -0.373867 0.0522397 1.179 -175.203 0 0  0 -0.0118683 4
1388550458.242424177 -0.373066 0.0504566 1.179 -175.198 0 -0.0178392  0 0.000873924 4
1388550458.342423972 -0.369852 0.0469338 1.181 -175.259 0.0321438 -0.0352281  0.02 -0.0106473 4
1388550458.442410084 -0.366998 0.0426399 1.184 -175.257 0.0285399 -0.0429447  0.0300042 0.000348923 4
1388550458.542421612 -0.361222 0.0385609 1.185 -175.243 0.0577606 -0.0407853  0 0.0024445 4
1388550458.642421341 -0.355515 0.0345696 1.185 -175.209 0.0570645 -0.0399134  0 0.00593354 4
1388550458.742410383 -0.349039 0.0301968 1.192 -175.007 0.0647727 -0.0437321  0.0700077 0.0352588 4
1388550458.842425476 -0.341063 0.0271842 1.191 -174.906 0.0797408 -0.0301219  0 0.0176248 4
1388550459.042398601 -0.328947 0.0168169 1.184 -174.351 0.0605883 -0.0518435  -0.0350047 0.0484401 4
1388550459.142425774 -0.322498 0.010711 1.181 -174.251 0.0644711 -0.0610429  -0.0299919 0.017447 4
1388550459.242422499 -0.315505 0.00576787 1.179 -173.988 0.0699383 -0.0494324  -0.0200007 0.0459037 4
1388550459.342429980 -0.308461 0.00300159 1.171 -173.811 0.0704312 -0.0276608  -0.079994 0.0308904 4
1388550459.442399607 -0.303226 0.0020468 1.165 -173.749 0.0523644 0  -0.0600182 0.0108264 4
1388550459.542411137 -0.297703 0.000943162 1.164 -173.709 0.0552265 -0.0110352  0 0.00697934 4
1388550459.642418897 -0.291207 0.000178491 1.16 -173.869 0.0649536 0  -0.0399969 -0.0279237 4
1388550459.742413805 -0.285032 -0.00171069 1.157 -174.115 0.061759 -0.0188928  -0.0300015 -0.0429377 4
1388550459.842419819 -0.278365 -0.00458638 1.16 -174.256 0.0666641 -0.0287551  0.0299982 -0.0246061 4
1388550459.942416960 -0.272022 -0.00918241 1.155 -174.342 0.0634287 -0.0459617  -0.0500014 -0.01501 4
1388550460.042429960 -0.266457 -0.0138441 1.15 -174.372 0.055644 -0.0466105  -0.0499935 -0.00523509 4
1388550460.142482206 -0.262003 -0.0205623 1.142 -174.33 0.0445109 -0.0671471  -0.0799582 0.00732519 4
1388550460.242431859 -0.258505 -0.028366 1.138 -174.278 0.0350053 -0.0780759  -0.0400201 0.00908062 4
1388550460.342428444 -0.255929 -0.0352054 1.139 -174.223 0.0257626 -0.0683965  0.0100003 0.00959836 4
1388550460.442424610 -0.253019 -0.0417397 1.143 -174.202 0.0290964 -0.0653459  0.0400015 0.00366731 4
1388550460.542472319 -0.250867 -0.0463559 1.148 -174.159 0.0215082 -0.0461402  0.0499762 0.00750121 4
1388550460.642420503 -0.247523 -0.0492796 1.152 -174.168 0.0334558 -0.0292515  0.0400207 -0.00157208 4
1388550460.742466815 -0.243152 -0.0524304 1.153 -174.201 0.0436971 -0.0314936  0 -0.00575775 4
1388550460.842420026 -0.238366 -0.0545079 1.15 -174.301 0.0478801 -0.0207846  -0.030014 -0.0174599 4
1388550460.942425692 -0.23221 -0.0542727 1.152 -174.379 0.0615539 0  0.0199989 -0.0136133 4
1388550461.042397972 -0.225869 -0.0544524 1.148 -174.384 0.0634297 0  -0.0400111 -0.000873759 4
1388550461.142424658 -0.220923 -0.0549965 1.144 -174.422 0.0494418 0  -0.0399893 -0.0066295 4
1388550461.254437714 -0.215664 -0.0558956 1.145 -174.48 0.0469501 0  0 -0.00903705 4
1388550461.342434939 -0.211955 -0.0570285 1.143 -174.508 0.0421532 -0.0128752  -0.022728 -0.00555347 4
1388550461.442430477 -0.207751 -0.0606397 1.143 -174.507 0.0420427 -0.0361128  0 0.000173113 4
1388550461.542410996 -0.202654 -0.0648481 1.15 -174.481 0.0509738 -0.0420924  0.0700136 0.00453891 4
1388550461.642410866 -0.199278 -0.0679167 1.141 -174.422 0.0337645 -0.0306864  -0.0900001 0.0102985 4
1388550461.742415619 -0.19593 -0.0708836 1.141 -174.419 0.0334826 -0.029667  0 0.000521955 4
1388550461.842409761 -0.194254 -0.0753348 1.13 -174.31 0.0167558 -0.0445146  -0.110006 0.0190267 4
1388550461.942404391 -0.192522 -0.0796524 1.13 -174.315 0.0173233 -0.0431788  0 -0.000873564 4
1388550462.042424302 -0.190869 -0.0834548 1.13 -174.262 0.016521 -0.0380162  0 0.00924998 4
1388550462.242423828 -0.188127 -0.085815 1.138 -174.309 0.0137148 -0.0118009  0.0400001 -0.00410261 4
1388550462.342406165 -0.187018 -0.0873459 1.14 -174.343 0.0110871 -0.0153116  0.0200035 -0.00593457 4
1388550462.442426075 -0.185239 -0.0876318 1.139 -174.358 0.0177891 0  0 -0.00261737 4
1388550462.542417283 -0.18459 -0.0868516 1.142 -174.363 0 0  0.0300026 -0.000873594 4
1388550462.742464230 -0.185109 -0.0933323 1.152 -174.355 0 -0.0323959  0.0499883 0.000698916 4
1388550462.842423171 -0.184842 -0.0968406 1.165 -174.343 0 -0.0350979  0.130053 0.0020941 4
1388550462.942418359 -0.184408 -0.0998951 1.173 -174.368 0 -0.0305467  0.0800038 -0.00436247 4
1388550463.142438834 -0.187199 -0.100992 1.184 -174.458 -0.0139532 0  0.0549944 -0.00785286 4
1388550463.242421733 -0.18846 -0.101394 1.186 -174.508 -0.0126072 0  0.0200034 -0.00872867 4
1388550463.342419713 -0.188932 -0.101269 1.184 -174.543 0 0  -0.0200004 -0.00610941 4
1388550463.442426705 -0.190194 -0.0997482 1.181 -174.589 -0.0126149 0.0152048  -0.0299979 -0.00802887 4
1388550463.542422661 -0.190462 -0.0965829 1.177 -174.626 0 0.0316542  -0.0400016 -0.00645843 4
1388550463.642420853 -0.191296 -0.0935455 1.175 -174.619 0 0.0303745  -0.0200004 0.00122241 4
1388550463.742425958 -0.191614 -0.0893983 1.173 -174.681 0 0.0414694  -0.019999 -0.0108199 4
1388550463.842411228 -0.192357 -0.0841364 1.171 -174.696 0 0.0526273  -0.0200029 -0.00261827 4
1388550463.942422131 -0.192869 -0.0791118 1.163 -174.746 0 0.0502396  -0.0799913 -0.00872623 4
1388550464.042421158 -0.193365 -0.0756394 1.162 -174.811 0 0.0347251  -0.0100001 -0.0113452 4
1388550464.142426195 -0.194125 -0.0742001 1.161 -174.881 0 0.0143918  0 -0.0122153 4
1388550464.242421383 -0.194213 -0.0739029 1.159 -174.903 0 0  -0.020001 -0.00384046 4
1388550464.342425092 -0.195168 -0.0748104 1.158 -174.911 0 0  0 -0.00139544 4
1388550464.442405684 -0.195661 -0.0755482 1.168 -174.869 0 0  0.100019 0.00733044 4
1388550464.542421127 -0.196615 -0.0770877 1.168 -174.848 0 -0.0153924  0 0.00366394 4
1388550464.642397527 -0.198174 -0.0805614 1.166 -174.829 -0.0155955 -0.034745  -0.0200047 0.00331908 4
1388550464.742406821 -0.199388 -0.0842268 1.162 -174.774 -0.0121316 -0.0366511  -0.0399963 0.00959714 4
1388550464.842454321 -0.201009 -0.0874989 1.168 -174.705 -0.0162076 -0.0327055  0.0599715 0.0120371 4
1388550464.942478351 -0.203376 -0.0947852 1.171 -174.693 -0.0236659 -0.072845  0.0299928 0.0020954 4
1388550465.042425280 -0.203215 -0.101776 1.176 -174.646 0 -0.0699425  0.0500265 0.00820689 4
1388550465.142544437 0.192625 0.125361 1.175 0.0449982 0 0.0506136  0 30.453 4
1388550465.242499186 0.193305 0.129361 1.174 0.0899963 0 0.0400202  -0.0100045 0.00785722 4
1388550465.342461479 0.192922 0.132212 1.176 0.103989 0 0.0285204  0.0200075 0.00244304 4
1388550465.442484324 0.193614 0.134638 1.18 0.072998 0 0.0242565  0.0399909 -0.00540764 4
1388550465.542517856 0.194684 0.136389 1.18 0.0739899 0.0107035 0.0174976  0 0.000173047 4
1388550465.642485803 0.195531 0.136909 1.183 0.0439911 0 0  0.0300096 -0.00523745 4
1388550465.742525552 0.197118 0.136031 1.181 0.0379944 0.0158626 0  -0.0199921 -0.00104621 4
1388550465.842464308 0.198504 0.135302 1.185 -0.00500488 0.0138717 0  0.0400245 -0.00750939 4
1388550465.942525775 0.19817 0.131277 1.196 0.14299 0 -0.0402235  0.109932 0.0258141 4
1388550466.042483109 0.198889 0.124231 1.197 0.363998 0 -0.0704913  0.0100043 0.0385897 4
1388550466.142470614 0.200539 0.118012 1.196 0.457993 0.0164942 -0.062193  -0.0100012 0.0164071 4
1388550466.242485009 0.201343 0.11202 1.2 1.04199 0 -0.0599138  0.0399942 0.101912 4
1388550466.342497448 0.202764 0.105837 1.207 1.05899 0.0141997 -0.061821  0.0699913 0.00296639 4
1388550466.543286037 0.205809 0.0890319 1.222 1.453 0.0151651 -0.0836976  0.0747054 0.034249 4
1388550466.643738618 0.207861 0.0782279 1.221 1.448 0.0204294 -0.107553  0 -0.000869581 3
1388550466.744188122 0.208605 0.0670375 1.22 1.418 0 -0.111403  0 -0.00521235 3
1388550466.844639376 0.211856 0.0541443 1.221 1.299 0.0323705 -0.128352  0 -0.0206767 3
1388550466.945098727 0.216502 0.0389195 1.217 2.213 0.0462411 -0.151552  -0.0398171 0.158794 3
1388550467.045561854 0.231088 0.00706334 1.211 8.179 0.145193 -0.317093  -0.0597234 1.03646 3
1388550467.146033356 0.250181 -0.022415 1.211 11.109 0.190026 -0.2934  0 0.50898 3
1388550467.246489777 0.275794 -0.0326938 1.207 13.91 0.254967 -0.102321  -0.0398183 0.486647 3
1388550467.346922310 0.307088 -0.0262328 1.2 17.418 0.311598 0.0643316  -0.0696985 0.609624 3
1388550467.547779976 0.390683 0.0258078 1.189 21.867 0.416192 0.259092  -0.0547651 0.38659 3
1388550467.648254766 0.433777 0.067216 1.188 24.984 0.428896 0.412125  0 0.541449 3
1388550467.748731157 0.478375 0.132041 1.186 27.246 0.443864 0.645171  -0.0199052 0.392923 3
1388550467.849280260 0.518521 0.201844 1.18 28.787 0.399275 0.694221  -0.0596723 0.267487 3
1388550467.949736817 0.55544 0.273577 1.177 29.705 0.367511 0.714071  -0.0298637 0.159493 3
1388550468.050160063 0.581118 0.34276 1.152 31.483 0.255694 0.688915  -0.248946 0.309012 3
1388550468.150628216 0.599622 0.405486 1.14 32.212 0.18418 0.624332  -0.119441 0.12664 3
1388550468.251114318 0.615366 0.463831 1.124 32.71 0.156679 0.580628  -0.159226 0.0864971 3
1388550468.351562987 0.631487 0.518612 1.116 32.861 0.160488 0.545362  -0.0796427 0.0262369 3
1388550468.753180746 0.763849 0.63694 1.083 33.625 0.329572 0.29463  -0.0821677 0.0332018 3
1388550468.853629416 0.79979 0.66588 1.085 33.663 0.357804 0.288102  0.0199107 0.00660165 3
1388550469.154825817 0.969964 0.73612 1.097 34.426 0.564994 0.233204  0.0398411 0.0442132 3
1388550469.255255837 1.02952 0.761904 1.114 34.851 0.593034 0.256736  0.169272 0.0738594 3
1388550469.355715327 1.09517 0.790697 1.122 35.515 0.653492 0.286611  0.0796341 0.11536 3
1388550469.456172309 1.16079 0.821655 1.125 36.362 0.653189 0.308178  0.0298635 0.147157 3
1388550469.556618459 1.22701 0.854421 1.132 36.779 0.659233 0.326203  0.0696891 0.0724556 3
1388550470.460015256 1.79468 1.16383 1.133 36.955 0.628371 0.342493  0 0.00340045 3
1388550470.560444086 1.8001 1.20633 1.103 47.236 0.054004 0.423177  -0.298719 1.78671 3
1388550470.660872782 1.79596 1.25057 1.11 48.848 -0.0412614 0.440562  0.0697012 0.280147 3
1388550470.761348404 1.78819 1.2975 1.113 49.643 -0.0773065 0.467006  0.029858 0.138097 3
1388550470.861800215 1.77974 1.34277 1.111 50.101 -0.0841178 0.450749  -0.01991 0.0795766 3
1388550470.962266973 1.77101 1.38571 1.111 50.305 -0.0869149 0.427405  0 0.0354384 3
1388550471.062699507 1.77022 1.42915 1.116 50.197 0 0.432518  0.0497847 -0.0187673 3
1388550471.163154879 1.77227 1.47053 1.115 50.07 0.0204397 0.411919  0 -0.022065 3
1388550471.594343161 1.94353 1.59491 1.148 47.658 0.397177 0.288451  0.0765327 -0.0976311 3
1388550471.694799301 1.99037 1.62202 1.154 47.086 0.466257 0.269917  0.0597276 -0.0993793 3
1388550471.795252228 2.04009 1.64738 1.156 47.083 0.494979 0.252386  0.0199098 -0.000522277 3
1388550472.598312521 2.29611 1.86954 1.147 50.806 0.318804 0.276649  -0.0112071 0.0809139 3
1388550472.698912043 2.32651 1.8985 1.148 50.932 0.30218 0.287819  0 0.02186 3
1388550472.899682965 2.36577 1.94928 1.154 48.807 0.195557 0.25293  0.0298848 -0.184729 3
1388550473.000129679 2.38426 1.97533 1.154 47.541 0.184079 0.259314  0 -0.219977 3
1388550473.803018160 2.84248 2.22937 1.125 41.202 0.570717 0.316418  -0.0361196 -0.137798 3
1388550473.903430302 2.90069 2.27903 1.126 40.332 0.579649 0.494524  0 -0.15122 3
1388550474.003961803 2.96148 2.34047 1.127 39.219 0.604696 0.611183  0 -0.193229 3
1388550474.104371569 3.02068 2.39284 1.128 38.243 0.589639 0.521569  0 -0.169649 3
1388550474.204782867 3.08262 2.45567 1.134 36.608 0.616816 0.625666  0.0597542 -0.284192 3
1388550474.305203949 3.14572 2.51566 1.136 36.054 0.628373 0.597428  0.0199161 -0.0962859 3
1388550474.606273029 3.28635 2.65756 1.137 31.127 0.467087 0.471323  0 -0.285624 3
1388550475.609817965 3.75047 2.38781 1.109 12.54 0.462478 -0.268802  -0.0279011 -0.323259 3
1388550475.710289399 3.79749 2.35321 1.107 10.771 0.468061 -0.344366  -0.0199062 -0.3073 3
1388550475.810744144 3.84944 2.30203 1.106 11.348 0.517101 -0.509487  0 0.100249 3
1388550475.911124435 3.90664 2.24231 1.104 12.56 0.569831 -0.594959  -0.0199242 0.210733 3
1388550476.011515901 3.96239 2.19111 1.11 13.66 0.555314 -0.509977  0.059766 0.191239 3
1388550476.111922388 4.01119 2.15228 1.115 14.437 0.48608 -0.38675  0.0497976 0.135062 3
1388550476.212347445 4.04869 2.13808 1.119 15.508 0.373423 -0.14136  0.0398307 0.186133 3
1388550476.312752323 4.0821 2.15006 1.115 16.324 0.332682 0.119269  -0.0398387 0.141844 3
1388550476.454086776 4.12629 2.18129 1.112 16.537 0.312663 0.22096  -0.0212262 0.0263048 3
1388550476.755130576 4.24463 2.33702 1.087 16.861 0.393106 0.517323  -0.0830444 0.0187836 3
1388550476.855537969 4.29193 2.39002 1.078 16.672 0.471137 0.527862  -0.0896348 -0.0328521 3
1388550476.955923706 4.34087 2.44375 1.08 16.461 0.487467 0.535182  0.0199231 -0.0366847 3
1388550477.156753508 4.45749 2.51916 1.076 13.295 0.580709 0.375523  -0.0199174 -0.275144 3
1388550477.257209994 4.51477 2.5542 1.078 12.45 0.570172 0.348799  0.0199091 -0.14681 3
1388550477.457934824 4.61728 2.58047 1.082 8.409 0.510702 0.13085  0.0199278 -0.35137 3
1388550477.758953758 4.73483 2.58627 1.066 4.024 0.390521 0.0192688  -0.0531528 -0.254245 3
1388550483.478801861 12.9825 -0.0982805 0.99 -19.27 1.44193 -0.469339  -0.0132871 -0.0710783 3
1388550483.579193541 13.1522 -0.180557 1.023 -21.535 1.69041 -0.819552  0.328712 -0.393775 3
1388550488.396144914 13.6772 0.955937 0.69 133.971 0.109001 0.235936  -0.0691309 0.563446 3
1388550488.654308049 13.7069 1.01403 0.687 134.286 0.114897 0.225016  -0.0116206 0.0212957 3
1388550489.254324155 13.7925 1.55752 0.687 138.754 0.142625 0.905801  0 0.129965 8
1388550489.354312428 13.8058 1.70135 0.717 140.851 0.133962 1.4384  0.300035 0.366038 4
1388550489.454321096 13.8119 1.86926 0.732 140.574 0.060149 1.67898  0.149987 -0.0483415 4
1388550489.554312791 13.7959 1.96031 0.757 138.242 -0.159911 0.910588  0.250021 -0.407045 9
1388550489.654320552 13.777 2.04761 0.759 136.818 -0.189218 0.872968  0.0199984 -0.248516 9
1388550489.754298416 13.7146 1.85586 0.728 135.706 -0.62367 -1.91793  -0.310069 -0.194123 9
1388550489.854304570 13.6959 1.73277 0.652 137.882 -0.187128 -1.23079  -0.759953 0.37976 9
1388550489.954321338 13.655 1.64752 0.585 141.832 -0.408835 -0.852404  -0.669888 0.68929 9
1388550490.054309823 13.6521 1.60712 0.512 141.299 -0.0288081 -0.404004  -0.730084 -0.0930369 9
1388550490.154314091 13.6531 1.58572 0.478 140.306 0 -0.213987  -0.339985 -0.173304 9
1388550490.254315215 13.6184 1.53714 0.372 136.201 -0.346684 -0.485795  -1.05999 -0.71645 9
1388550490.354321020 13.5992 1.51283 0.315 133.365 -0.191755 -0.243128  -0.569967 -0.494946 9
1388550490.454300772 13.5795 1.48907 0.257 132.514 -0.197021 -0.237683  -0.580117 -0.148558 9
1388550490.554319916 13.5625 1.42592 0.193 133.317 -0.170636 -0.631389  -0.639878 0.140123 9
1388550490.654314333 13.5549 1.37687 0.159 134.584 -0.0754387 -0.490502  -0.340019 0.221145 9
1388550490.754307287 13.566 1.30835 0.147 135.675 0.110613 -0.685225  -0.120008 0.190429 9
1388550490.854301778 13.566 1.30835 0 137.035 0 0  -1.47008 0.237378 2
1388550490.954321200 13.566 1.30835 0 137.168 0 0  0 0.0232083 2
1388550491.054324630 13.566 1.30835 0 137.153 0 0  0 -0.0026178 2
1388550491.254299711 13.566 1.30835 0 137.231 0 0  0 0.00680756 2
1388550491.354304814 13.566 1.30835 0 137.243 0 0  0 0.00209447 2
1388550491.454301120 13.566 1.30835 0 137.274 0 0  0 0.00541041 2
1388550491.554312790 13.566 1.30835 0 137.281 0 0  0 0.00122158 2
1388550491.654316500 13.566 1.30835 0 137.324 0 0  0 0.00750518 2
1388550491.754289968 13.566 1.30835 0 137.346 0 0  0 0.00384063 2
1388550491.854316514 13.566 1.30835 0 137.37 0 0  0 0.00418738 2
1388550491.954314916 13.566 1.30835 0 137.38 0 0  0 0.00174573 2
1388550492.354299856 13.566 1.30835 0 137.385 0 0  0 0.000218055 2
1388550492.454291623 13.566 1.30835 0 137.517 0 0  0 0.0230402 2
1388550492.554304410 13.566 1.30835 0 137.538 0 0  0 0.00366471 2
1388550492.654302044 13.566 1.30835 0 137.557 0 0  0 0.00331638 2
1388550492.754313294 13.566 1.30835 0 137.593 0 0  0 0.00628236 2
1388550493.254307462 13.566 1.30835 0 137.712 0 0  0 0.00415405 2
1388550496.454300003 13.566 1.30835 0 138.32 0 0  0 0.00331612 2
1388550496.554317053 13.566 1.30835 0 138.504 0 0  0 0.0321089 2
1388550496.654300297 13.566 1.30835 0 138.545 0 0  0 0.00715645 2
1388550496.754300026 13.566 1.30835 0 138.569 0 0  0 0.00418916 2
1388550496.854298425 13.566 1.30835 0 138.59 0 0  0 0.00366523 2
1388550496.954311075 13.566 1.30835 0 138.605 0 0  0 0.00261756 2
1388550499.854337466 13.566 1.30835 0 139.335 0 0  0 0.00439337 2
1388550500.054303747 13.566 1.30835 0 139.38 0 0  0 0.00392783 2
1388550500.154310740 13.566 1.30835 0 139.383 0 0  0 0.000523275 2
1388550503.954320153 13.566 1.30835 0 140.197 0 0  0 0.00373867 2
1388550504.154305570 13.566 1.30835 0 140.371 0 0  0 0.0151855 2
