1388530381.703350818 0.0558184 0.364683 1.001 -26.149 0 0.0617184  0.169408 -0.0772382 7
1388530381.803338051 0.0529285 0.368444 0.949 -26.153 -0.0289025 0.0376159  -0.520066 -0.00069817 7
1388530381.903332291 0.0450369 0.36993 0.929 -26.216 -0.0789208 0.0148608  -0.200012 -0.0109962 7
1388530382.003285358 0.0373442 0.369943 0.917 -26.391 -0.0769629 0  -0.120056 -0.0305578 7
1388530382.103322635 0.0289668 0.369117 0.923 -26.455 -0.0837431 0  0.0599776 -0.0111658 7
1388530382.203286596 0.0217668 0.368815 0.931 -26.583 -0.0720262 0  0.0800288 -0.0223483 7
1388530382.303200388 0.0167691 0.368724 0.94 -26.574 -0.0500202 0  0.0900777 0.00157229 7
1388530382.403291858 0.0132197 0.36726 0.952 -26.65 -0.0354611 -0.0146332  0.11989 -0.0132524 7
1388530382.503275924 0.0106923 0.365429 0.956 -26.745 -0.0252786 -0.0183146  0.0400064 -0.0165835 7
1388530382.603332977 0.00727015 0.363841 0.958 -26.71 -0.0342017 -0.0158698  0.0199886 0.00610548 7
1388530382.703333686 0.00475267 0.362433 0.956 -26.671 -0.0251746 -0.0140743  -0.0199999 0.00680666 7
1388530382.803277852 0.00388749 0.362111 0.956 -26.669 0 0  0 0.000349069 7
1388530382.903305652 0.0031534 0.362406 0.95 -26.647 0 0  -0.0599833 0.00383888 7
1388530383.003277195 0.00313965 0.364624 0.946 -26.618 0 0.0221859  -0.0400114 0.00506278 7
1388530383.103283412 0.00220022 0.367009 0.946 -26.633 0 0.0238469  0 -0.00261772 4
1388530383.203444851 0.0016663 0.37088 0.939 -26.634 0 0.038649  -0.0698872 -0.000174488 4
1388530383.303368340 0.000860181 0.373904 0.933 -26.691 0 0.0302569  -0.0600459 -0.00995586 4
1388530383.403249486 -0.00040845 0.376347 0.929 -26.72 -0.0127014 0.0244599  -0.0400476 -0.00506736 4
1388530383.503375236 -0.00176759 0.378106 0.926 -26.755 -0.0135743 0.0175719  -0.0299623 -0.00610095 4
1388530383.603422295 -0.00352942 0.379916 0.922 -26.764 -0.0176101 0.0180951  -0.0399812 -0.00157019 4
1388530383.703394405 -0.00519357 0.380458 0.916 -26.724 -0.016646 0  -0.0600167 0.00698309 4
1388530383.803328498 -0.00538788 0.382306 0.912 -26.691 0 0.0184878  -0.0400264 0.00576355 4
1388530383.903223009 -0.00429184 0.384055 0.909 -26.726 0.010972 0.0175101  -0.0300317 -0.00611508 4
1388530384.003346349 -0.00180869 0.388745 0.911 -26.761 0.0248009 0.0468424  0.0199754 -0.0061011 4
1388530384.103342528 -0.000180271 0.392016 0.913 -26.84 0.0162848 0.0327096  0.0200008 -0.0137887 4
1388530384.203328804 -0.000673315 0.390416 0.915 -26.827 0 -0.0160034  0.0200027 0.00226932 4
1388530384.303283680 -0.000909759 0.388849 0.918 -26.818 0 -0.0156768  0.0300135 0.00157131 4
1388530384.403332398 -0.000738547 0.388214 0.929 -26.824 0 0  0.109946 -0.00104645 4
1388530384.503339567 0.000789645 0.388067 0.933 -26.864 0.0152808 0  0.0399971 -0.00698098 4
1388530384.603371387 0.000908026 0.385971 0.936 -26.916 0 -0.0209497  0.0299905 -0.00907283 4
1388530384.703357016 0.00184585 0.383779 0.947 -26.972 0 -0.0219268  0.110016 -0.00977521 4
1388530384.803340361 0.00301702 0.38287 0.951 -27.079 0.0117136 0  0.0400067 -0.0186782 4
1388530384.903340414 0.00253265 0.380472 0.955 -27.091 0 -0.0239819  0.04 -0.00209424 4
1388530385.003373758 0.00207631 0.37671 0.96 -27.035 0 -0.0376088  0.0499833 0.00977054 4
1388530385.103380791 0.0017147 0.372533 0.962 -27.021 0 -0.0417628  0.0199986 0.00244328 4
1388530385.203435873 0.00116641 0.36823 0.971 -26.927 0 -0.0430097  0.0899505 0.016397 4
1388530385.303345005 0.000291146 0.363981 0.979 -26.923 0 -0.0425341  0.0800728 0.000698716 4
1388530385.403374870 0.000782893 0.360667 0.985 -26.889 0 -0.0331241  0.0599821 0.00593242 4
1388530385.503375735 0.00235404 0.359606 0.986 -26.739 0.0157114 -0.010616  0 0.0261796 4
1388530385.603361896 0.00396554 0.358719 0.987 -26.66 0.0161172 0  0.0100014 0.0137901 4
1388530385.703421469 0.00280057 0.356478 0.988 -26.639 -0.0116428 -0.0223975  0 0.00366299 4
1388530385.803381917 -0.000368226 0.35293 0.991 -26.628 -0.0317005 -0.0354976  0.0300119 0.00192057 4
1388530385.903392318 -0.00225449 0.350013 0.994 -26.653 -0.0188607 -0.0291622  0.0299969 -0.0043628 4
1388530386.003380770 -0.00483455 0.345622 0.994 -26.625 -0.0258036 -0.0439229  0 0.00488747 4
1388530386.103346239 -0.00712495 0.341999 0.994 -26.676 -0.0229119 -0.0362359  0 -0.00890436 4
1388530386.203365736 -0.00943893 0.339401 0.993 -26.703 -0.0231354 -0.0259741  0 -0.00471121 4
1388530386.303377986 -0.0102404 0.337797 0.996 -26.738 0 -0.0160384  0.0299963 -0.00610821 4
1388530386.403407981 -0.0108966 0.337822 0.995 -26.76 0 0  0 -0.00383846 4
1388530386.503445605 -0.0118231 0.337471 0.996 -26.743 0 0  0 0.00296598 4
1388530386.603342494 -0.0114341 0.336263 0.995 -26.648 0 -0.0120869  -0.0100103 0.0165976 4
1388530386.703419876 -0.011337 0.336323 0.996 -26.599 0 0  0 0.00854546 4
1388530386.803384971 -0.0103889 0.335998 0.994 -26.597 0 0  -0.020007 0.000349329 4
1388530386.903394720 -0.00843153 0.337785 0.991 -26.553 0.0195718 0.0178665  -0.0299971 0.00767881 4
1388530387.003271083 -0.00662722 0.341467 0.99 -26.488 0.0180654 0.0368681  -0.0100124 0.0113584 4
1388530387.103370526 -0.00467962 0.346175 0.992 -26.501 0.0194567 0.0470273  0.0199801 -0.00226643 4
1388530387.203379809 -0.00290845 0.353721 0.992 -26.608 0.01771 0.0754555  0 -0.0186734 4
1388530387.303382363 -0.00276883 0.359427 0.992 -26.691 0 0.0570585  0 -0.0144859 4
1388530387.403427758 -0.00393223 0.363682 0.99 -26.717 -0.0116287 0.042534  -0.0199909 -0.00453563 4
1388530387.503488003 -0.00333923 0.368828 0.99 -26.773 0 0.0514214  0 -0.00976825 4
1388530387.603337645 -0.00121163 0.373572 0.988 -26.813 0.0213081 0.0475121  -0.0200301 -0.00699166 4
1388530387.703355808 0.00250368 0.381484 0.992 -26.131 0.0371463 0.0791031  0.0399927 0.11901 3
1388530387.803281266 0.00165418 0.379335 0.983 -23.166 0 -0.021497  -0.0900671 0.517876 3
1388530387.903288175 0.000297959 0.377355 0.97 -19.766 -0.0135612 -0.019801  -0.129991 0.593371 4
1388530388.003453197 0.00182968 0.379326 0.953 -18.071 0.0152919 0.0196792  -0.16972 0.295346 9
1388530388.103270100 0.00561891 0.3856 0.918 -16.85 0.0379618 0.0628553  -0.350642 0.213495 9
1388530388.203292323 0.00979253 0.394824 0.862 -15.915 0.0417269 0.0922115  -0.559876 0.163152 9
1388530388.303203881 0.0135793 0.405001 0.801 -15.107 0.0379009 0.101863  -0.61054 0.141147 9
1388530388.403251946 0.0158237 0.410923 0.722 -14.401 0.0224335 0.0591954  -0.78962 0.123161 9
1388530388.503300855 0.0167598 0.407036 0.643 -13.819 0 -0.0388532  -0.789614 0.101528 9
1388530388.603318543 0.0196846 0.401513 0.564 -13.384 0.0292427 -0.055221  -0.78986 0.0759085 9
1388530388.703312306 0.0232238 0.397056 0.489 -13.06 0.0353938 -0.0445764  -0.750047 0.0565521 9
1388530388.803345213 0.0277793 0.393327 0.418 -12.788 0.0455399 -0.0372722  -0.709766 0.0474574 9
1388530388.903337448 0.0328034 0.390641 0.35 -12.617 0.0502453 -0.0268627  -0.680053 0.0298475 9
1388530389.003339781 0.0373378 0.389062 0.28 -12.434 0.0453426 -0.0157915  -0.699984 0.0319387 9
1388530389.103282389 0.0442249 0.387779 0.231 -12.192 0.0689104 -0.0128386  -0.490281 0.0422612 9
1388530389.203284391 0.0511985 0.387773 0.193 -12.09 0.0697354 0  -0.379992 0.017802 9
1388530389.303334662 0.0653812 0.398341 0.114 -12.062 0.141756 0.105619  -0.789603 0.00488445 9
1388530389.403293176 0.0653812 0.398341 0 -12.339 0 0  -1.14047 -0.0483656 2
1388530389.503246308 0.0653812 0.398341 0 -12.047 0 0  0 0.0509875 2
1388530389.603324382 0.0653812 0.398341 0 -12.048 0 0  0 -0.000174467 2
1388530389.703278120 0.0653812 0.398341 0 -12.034 0 0  0 0.00244458 2
1388530389.803201783 0.0653812 0.398341 0 -12.031 0 0  0 0.000524044 2
1388530389.903281147 0.0653812 0.398341 0 -12.033 0 0  0 -0.000348764 2
1388530390.003285594 0.0653812 0.398341 0 -12.04 0 0  0 -0.00122167 2
1388530390.103316498 0.0653812 0.398341 0 -12.043 0 0  0 -0.000523482 2
1388530390.203244296 0.0653812 0.398341 0 -12.045 0 0  0 -0.000349293 2
1388530390.303203230 0.0653812 0.398341 0 -12.047 0 0  0 -0.000349184 2
1388530390.403311529 0.0653812 0.398341 0 -12.049 0 0  0 -0.000348663 2
1388530390.503284986 0.0653812 0.398341 0 -12.049 0 0  0 0 2
1388530390.603279592 0.0653812 0.398341 0 -12.051 0 0  0 -0.000349059 2
1388530390.703281374 0.0653812 0.398341 0 -12.056 0 0  0 -0.000872669 2
1388530390.803254365 0.0653812 0.398341 0 -12.059 0 0  0 -0.000523786 2
1388530390.903298233 0.0653812 0.398341 0 -12.063 0 0  0 -0.000697775 2
1388530391.003284850 0.0653812 0.398341 0 -12.068 0 0  0 -0.000872801 2
1388530391.103279379 0.0653812 0.398341 0 -12.069 0 0  0 -0.000174613 2
1388530391.203261687 0.0653812 0.398341 0 -12.071 0 0  0 -0.000349102 2
1388530391.303253927 0.0653812 0.398341 0 -12.07 0 0  0 0.000174617 2
1388530391.403245271 0.0653812 0.398341 0 -12.073 0 0  0 -0.000523689 2
1388530391.503282563 0.0653812 0.398341 0 -12.077 0 0  0 -0.000697821 2
1388530391.603288323 0.0653812 0.398341 0 -12.08 0 0  0 -0.000523614 2
1388530391.703242156 0.0653812 0.398341 0 -12.079 0 0  0 0.000174518 2
1388530391.803288384 0.0653812 0.398341 0 -12.082 0 0  0 -0.000523236 2
1388530391.903254705 0.0653812 0.398341 0 -12.084 0 0  0 -0.000349158 2
1388530392.003249115 0.0653812 0.398341 0 -12.086 0 0  0 -0.000349227 2
1388530392.103319562 0.0653812 0.398341 0 -12.089 0 0  0 -0.000523109 2
