0.828077 -0.104908 1.135 1.38812e+09
0.885432 -0.070796 1.13312 1.38812e+09
0.948867 -0.0674606 1.13196 1.38812e+09
1.0092 -0.0781832 1.13129 1.38812e+09
1.06624 -0.094772 1.13095 1.38812e+09
1.12094 -0.113583 1.13083 1.38812e+09
1.17404 -0.133025 1.13088 1.38812e+09
1.22601 -0.152444 1.13104 1.38812e+09
1.2771 -0.171632 1.13128 1.38812e+09
1.32748 -0.190602 1.13158 1.38812e+09
1.37722 -0.209471 1.13192 1.38812e+09
1.42637 -0.228406 1.13229 1.38812e+09
1.47496 -0.247594 1.13268 1.38812e+09
1.52297 -0.267219 1.13309 1.38812e+09
1.57039 -0.287456 1.13351 1.38812e+09
1.57811 -0.218883 1.13135 1.38812e+09
1.59131 -0.164094 1.12985 1.38812e+09
1.61088 -0.121442 1.12882 1.38812e+09
1.63581 -0.0894509 1.1281 1.38812e+09
1.66487 -0.0666612 1.12759 1.38812e+09
1.697 -0.0516621 1.12721 1.38812e+09
1.73143 -0.043156 1.12692 1.38812e+09
1.76764 -0.0399938 1.12669 1.38812e+09
1.80524 -0.0411843 1.12648 1.38812e+09
1.84402 -0.0458856 1.12628 1.38812e+09
1.88378 -0.0533898 1.12607 1.38812e+09
1.92441 -0.0631057 1.12586 1.38812e+09
1.96582 -0.0745417 1.12562 1.38812e+09
2.00793 -0.0872905 1.12537 1.38812e+09
2.05068 -0.101016 1.1251 1.38812e+09
2.09403 -0.115441 1.1248 1.38812e+09
2.13793 -0.13034 1.12447 1.38812e+09
2.18233 -0.145528 1.12412 1.38812e+09
2.22719 -0.160855 1.12374 1.38812e+09
2.27248 -0.1762 1.12334 1.38812e+09
2.31816 -0.191468 1.12291 1.38812e+09
2.36419 -0.206583 1.12246 1.38812e+09
2.41056 -0.221485 1.12198 1.38812e+09
2.45722 -0.23613 1.12148 1.38812e+09
2.50416 -0.250483 1.12095 1.38812e+09
2.55134 -0.26452 1.12041 1.38812e+09
2.59875 -0.278224 1.11984 1.38812e+09
2.64637 -0.291585 1.11925 1.38812e+09
2.69418 -0.304596 1.11864 1.38812e+09
2.74215 -0.317257 1.11801 1.38812e+09
2.79028 -0.329569 1.11737 1.38812e+09
2.83855 -0.341535 1.11671 1.38812e+09
2.88694 -0.353162 1.11603 1.38812e+09
2.93545 -0.364458 1.11533 1.38812e+09
2.98407 -0.375431 1.11463 1.38812e+09
3.03278 -0.38609 1.1139 1.38812e+09
3.08158 -0.396445 1.11317 1.38812e+09
3.13046 -0.406507 1.11242 1.38812e+09
3.17942 -0.416286 1.11166 1.38812e+09
3.22844 -0.425792 1.11088 1.38812e+09
3.27752 -0.435037 1.1101 1.38812e+09
3.32665 -0.44403 1.10931 1.38812e+09
3.37584 -0.452782 1.1085 1.38812e+09
3.42508 -0.461302 1.10769 1.38812e+09
3.47435 -0.469601 1.10687 1.38812e+09
3.52367 -0.477688 1.10604 1.38812e+09
3.57303 -0.485572 1.1052 1.38812e+09
3.62241 -0.493261 1.10436 1.38812e+09
3.64423 -0.429376 1.10225 1.38812e+09
3.67469 -0.382014 1.10078 1.38812e+09
3.70996 -0.348359 1.09976 1.38812e+09
3.74766 -0.325243 1.09903 1.38812e+09
3.78664 -0.309801 1.0985 1.38812e+09
3.82651 -0.299682 1.0981 1.38812e+09
3.8672 -0.293018 1.09779 1.38812e+09
3.90874 -0.288335 1.09754 1.38812e+09
3.95117 -0.28446 1.09731 1.38812e+09
3.99444 -0.280449 1.09711 1.38812e+09
4.03847 -0.275546 1.09692 1.38812e+09
4.08309 -0.269144 1.09673 1.38812e+09
4.1281 -0.260763 1.09654 1.38812e+09
4.17325 -0.250034 1.09635 1.38812e+09
4.21826 -0.236685 1.09616 1.38812e+09
4.26283 -0.220529 1.09596 1.38812e+09
4.30667 -0.201453 1.09575 1.38812e+09
4.34948 -0.179411 1.09554 1.38812e+09
4.39097 -0.154416 1.09533 1.38812e+09
4.43088 -0.126528 1.0951 1.38812e+09
4.46895 -0.0958497 1.09488 1.38812e+09
4.50496 -0.062516 1.09464 1.38812e+09
4.5387 -0.0266894 1.09441 1.38812e+09
4.57 0.0114476 1.09416 1.38812e+09
4.59871 0.0516982 1.09391 1.38812e+09
4.62472 0.0938553 1.09366 1.38812e+09
4.64791 0.137707 1.0934 1.38812e+09
4.66821 0.183038 1.09314 1.38812e+09
4.68556 0.229633 1.09288 1.38812e+09
4.69991 0.277282 1.09261 1.38812e+09
4.71125 0.325775 1.09233 1.38812e+09
4.71957 0.374909 1.09206 1.38812e+09
4.72487 0.424487 1.09177 1.38812e+09
4.72715 0.474316 1.09149 1.38812e+09
4.72646 0.524211 1.0912 1.38812e+09
4.71818 0.605307 1.08829 1.38812e+09
4.70392 0.680489 1.08574 1.38812e+09
4.69144 0.751638 1.08345 1.38812e+09
4.68338 0.819736 1.08133 1.38812e+09
4.68038 0.885168 1.07934 1.38812e+09
4.68222 0.948083 1.07745 1.38812e+09
4.6884 1.00858 1.07673 1.38812e+09
4.69838 1.06677 1.07643 1.38812e+09
4.7117 1.12278 1.0764 1.38812e+09
4.72797 1.17672 1.07654 1.38812e+09
4.74689 1.22869 1.07679 1.38812e+09
4.76823 1.27879 1.07711 1.38812e+09
4.7918 1.32707 1.07745 1.38812e+09
4.81747 1.37358 1.07781 1.38812e+09
4.84513 1.41834 1.07817 1.38812e+09
4.87469 1.46137 1.07853 1.38812e+09
4.90606 1.50265 1.07886 1.38812e+09
4.93917 1.54215 1.07918 1.38812e+09
4.97395 1.57985 1.07948 1.38812e+09
5.01034 1.61572 1.07976 1.38812e+09
5.04825 1.6497 1.08001 1.38812e+09
5.08763 1.68174 1.08024 1.38812e+09
5.12839 1.71179 1.08045 1.38812e+09
5.17045 1.73981 1.08063 1.38812e+09
5.21373 1.76573 1.08079 1.38812e+09
5.25815 1.78951 1.08093 1.38812e+09
5.3036 1.81109 1.08105 1.38812e+09
5.35 1.83043 1.08114 1.38812e+09
5.39724 1.84748 1.08121 1.38812e+09
5.44522 1.8622 1.08126 1.38812e+09
5.49383 1.87456 1.08129 1.38812e+09
5.54296 1.88452 1.0813 1.38812e+09
5.59251 1.89205 1.08129 1.38812e+09
5.64234 1.89713 1.08125 1.38812e+09
5.69235 1.89976 1.08121 1.38812e+09
5.74241 1.89991 1.08114 1.38812e+09
5.79241 1.89759 1.08105 1.38812e+09
5.81516 1.96371 1.07635 1.38812e+09
5.84648 2.01528 1.07152 1.38812e+09
5.88325 2.05419 1.06669 1.38812e+09
5.92338 2.08241 1.06193 1.38812e+09
5.96553 2.10176 1.05727 1.38812e+09
6.00885 2.11383 1.05275 1.38812e+09
6.05286 2.11999 1.04838 1.38812e+09
6.09728 2.12137 1.04415 1.38812e+09
6.14196 2.11893 1.04006 1.38812e+09
6.18683 2.11344 1.03611 1.38812e+09
6.23185 2.10553 1.03229 1.38812e+09
6.27704 2.09571 1.0286 1.38812e+09
6.32239 2.08442 1.02501 1.38812e+09
6.36791 2.072 1.02154 1.38812e+09
6.41361 2.05873 1.01816 1.38812e+09
6.45949 2.04484 1.01488 1.38812e+09
6.50557 2.0305 1.01168 1.38812e+09
6.55183 2.01588 1.00857 1.38812e+09
6.59828 2.0011 1.00554 1.38812e+09
6.64491 1.98624 1.00258 1.38812e+09
6.69172 1.97138 0.999694 1.38812e+09
6.73869 1.95659 0.99687 1.38812e+09
6.78582 1.94191 0.994109 1.38812e+09
6.83311 1.92738 0.991406 1.38812e+09
6.88053 1.91303 0.988759 1.38812e+09
6.92809 1.89887 0.986164 1.38812e+09
6.97577 1.88491 0.98362 1.38812e+09
7.02357 1.87118 0.981123 1.38812e+09
7.07148 1.85767 0.978671 1.38812e+09
7.11948 1.84438 0.976262 1.38812e+09
7.16759 1.83133 0.973893 1.38812e+09
7.21577 1.81849 0.971562 1.38812e+09
7.26404 1.80588 0.969269 1.38812e+09
7.31238 1.79348 0.967009 1.38812e+09
7.36079 1.7813 0.964783 1.38812e+09
7.40927 1.76932 0.962587 1.38812e+09
7.4578 1.75754 0.960422 1.38812e+09
7.50639 1.74596 0.958284 1.38812e+09
7.55504 1.73456 0.956172 1.38812e+09
7.60373 1.72334 0.954086 1.38812e+09
7.65246 1.71229 0.952024 1.38812e+09
7.70124 1.70141 0.949984 1.38812e+09
7.75006 1.69069 0.947966 1.38812e+09
7.79891 1.68012 0.945967 1.38812e+09
7.8478 1.6697 0.943988 1.38812e+09
7.89672 1.65942 0.942028 1.38812e+09
7.94567 1.64927 0.940084 1.38812e+09
7.99465 1.63925 0.938157 1.38812e+09
8.04365 1.62935 0.936245 1.38812e+09
8.09268 1.61957 0.934348 1.38812e+09
8.14173 1.60991 0.932465 1.38812e+09
8.1908 1.60035 0.930595 1.38812e+09
8.2399 1.59089 0.928737 1.38812e+09
8.28901 1.58153 0.926891 1.38812e+09
8.33814 1.57227 0.925056 1.38812e+09
8.38729 1.56309 0.923231 1.38812e+09
8.43646 1.554 0.921417 1.38812e+09
8.48564 1.54499 0.919612 1.38812e+09
8.53483 1.53606 0.917815 1.38812e+09
8.58404 1.5272 0.916028 1.38812e+09
8.63326 1.51841 0.914248 1.38812e+09
8.68249 1.50969 0.912476 1.38812e+09
8.73174 1.50104 0.91071 1.38812e+09
8.78099 1.49244 0.908952 1.38812e+09
8.83026 1.48391 0.9072 1.38812e+09
8.87953 1.47543 0.905454 1.38812e+09
8.92882 1.467 0.903714 1.38812e+09
8.97811 1.45863 0.901979 1.38812e+09
9.02741 1.4503 0.900249 1.38812e+09
9.07672 1.44202 0.898524 1.38812e+09
9.12604 1.43379 0.896804 1.38812e+09
9.17536 1.42559 0.895087 1.38812e+09
9.22469 1.41744 0.893375 1.38812e+09
9.27403 1.40933 0.891667 1.38812e+09
9.32337 1.40125 0.889963 1.38812e+09
9.37272 1.39321 0.888262 1.38812e+09
9.42208 1.3852 0.886564 1.38812e+09
9.47144 1.37722 0.884869 1.38812e+09
9.5208 1.36927 0.883177 1.38812e+09
9.57017 1.36135 0.881488 1.38812e+09
9.61954 1.35346 0.879802 1.38812e+09
9.66892 1.3456 0.878118 1.38812e+09
9.7183 1.33776 0.876436 1.38812e+09
9.76769 1.32994 0.874756 1.38812e+09
9.81708 1.32215 0.873079 1.38812e+09
9.86647 1.31438 0.871404 1.38812e+09
9.91587 1.30663 0.86973 1.38812e+09
9.96526 1.2989 0.868058 1.38812e+09
10.0147 1.29119 0.866388 1.38812e+09
10.0641 1.28349 0.864719 1.38812e+09
10.1135 1.27582 0.863052 1.38812e+09
10.1629 1.26816 0.861387 1.38812e+09
10.2123 1.26051 0.859722 1.38812e+09
10.2617 1.25288 0.858059 1.38812e+09
10.3111 1.24527 0.856397 1.38812e+09
10.3606 1.23767 0.854736 1.38812e+09
10.41 1.23008 0.853077 1.38812e+09
10.4594 1.22251 0.851418 1.38812e+09
10.5088 1.21494 0.84976 1.38812e+09
10.5582 1.20739 0.848103 1.38812e+09
10.6077 1.19985 0.846447 1.38812e+09
10.6571 1.19232 0.844792 1.38812e+09
10.7065 1.18479 0.843137 1.38812e+09
10.756 1.17728 0.841483 1.38812e+09
10.8054 1.16978 0.83983 1.38812e+09
10.8548 1.16228 0.838178 1.38812e+09
10.9043 1.1548 0.836526 1.38812e+09
10.9537 1.14732 0.834874 1.38812e+09
11.0031 1.13985 0.833224 1.38812e+09
11.0526 1.13238 0.831573 1.38812e+09
11.102 1.12492 0.829924 1.38812e+09
11.1515 1.11747 0.828274 1.38812e+09
11.2009 1.11003 0.826625 1.38812e+09
11.2504 1.10259 0.824977 1.38812e+09
11.2998 1.09515 0.823329 1.38812e+09
11.3492 1.08772 0.821681 1.38812e+09
11.3987 1.0803 0.820033 1.38812e+09
11.4481 1.07288 0.818386 1.38812e+09
11.4976 1.06547 0.81674 1.38812e+09
11.547 1.05806 0.815093 1.38812e+09
11.5965 1.05065 0.813447 1.38812e+09
11.6459 1.04325 0.811801 1.38812e+09
11.6954 1.03585 0.810155 1.38812e+09
11.7448 1.02846 0.80851 1.38812e+09
11.7644 1.0942 0.806449 1.38812e+09
11.7931 1.14356 0.805057 1.38812e+09
11.8276 1.17862 0.80412 1.38812e+09
11.8652 1.20221 0.803492 1.38812e+09
11.9044 1.2172 0.803076 1.38812e+09
11.9445 1.22607 0.802803 1.38812e+09
11.9854 1.23082 0.802628 1.38812e+09
12.0271 1.23306 0.802518 1.38812e+09
12.0697 1.23406 0.802452 1.38812e+09
12.1131 1.23481 0.802415 1.38812e+09
