1386130012.212865829 -0.000543437 0.00114489 0 178.837 -0.000139208 0.000293277  0 0.799555 2
1386130012.278186863 -0.000528549 0.00113317 0 178.839 0.00022792 -0.000179427  0 0.000534092 2
1386130012.346893961 -0.000622134 0.00114082 0 178.842 -0.00136207 0.000111334  0 0.000759717 2
1386130012.408177944 -0.000539477 0.00114259 0 178.843 0.00134874 2.88459e-05  0 0.00028681 2
1386130012.472626442 -0.000461784 0.00110528 0 178.844 0.0012055 -0.000578884  0 0.000268595 2
1386130012.538606941 -0.000589276 0.00108814 0 178.844 -0.00193227 -0.000259768  0 0 2
1386130012.604205584 -0.00045379 0.00104022 0 178.847 0.00206539 -0.000730451  0 0.000799777 2
1386130012.668630189 -0.000536407 0.00105227 0 178.848 -0.00128239 0.000186955  0 0.000272828 2
1386130012.733964172 -0.000699746 0.00107923 0 178.852 -0.00250007 0.000412755  0 0.00106797 2
1386130012.799196245 -0.000599184 0.00104174 0 178.853 0.00154161 -0.000574765  0 0.000265369 2
1386130012.864440373 -0.000605767 0.00110538 0 178.856 -0.000100905 0.0009754  0 0.000804123 2
1386130012.929137761 -0.000828741 0.00107301 0 178.859 -0.00344641 -0.000500276  0 0.000806802 2
1386130012.992263074 -0.000867852 0.00107861 0 178.862 -0.000619572 8.85692e-05  0 0.000831113 2
1386130013.059695953 -0.000972938 0.00104743 0 178.865 -0.00155839 -0.000462267  0 0.000778022 2
1386130013.128855500 -0.000892945 0.00105124 0 178.865 0.00115664 5.50193e-05  0 0 2
1386130013.189906769 -0.000993915 0.00107161 0 178.867 -0.00165385 0.000333649  0 0.000571444 2
1386130013.254968309 -0.00111772 0.00108437 0 178.87 -0.00190284 0.000196102  0 0.000802286 2
1386130013.320128389 -0.00126803 0.00111947 0 178.871 -0.0023069 0.000538704  0 0.000269749 2
1386130013.385508357 -0.00137101 0.00107461 0 178.873 -0.00157507 -0.000686129  0 0.00053361 2
1386130013.452750194 -0.00129369 0.00103215 0 178.875 0.00114987 -0.000631436  0 0.000518835 2
1386130013.515524117 -0.0012898 0.00101634 0 178.877 6.19578e-05 -0.000251844  0 0.000555763 2
1386130013.580653822 -0.00127118 0.0010175 0 178.88 0.00028596 1.78144e-05  0 0.000805535 2
1386130013.645268514 -0.00127906 0.000972748 0 178.883 -0.000121898 -0.00069263  0 0.000807834 2
1386130013.710899424 -0.00135797 0.0010733 0 178.884 -0.0012024 0.00153201  0 0.000267814 2
1386130013.777141748 -0.00132121 0.00109537 0 178.886 0.000554991 0.000333199  0 0.000526663 2
1386130013.841633020 -0.00141238 0.00113658 0 178.889 -0.00141368 0.000639119  0 0.00081351 2
1386130013.906599906 -0.00147341 0.00111732 0 178.892 -0.000939503 -0.000296506  0 0.000803455 2
1386130013.971401247 -0.00150081 0.00105815 0 178.894 -0.000422717 -0.000913101  0 0.000538375 2
1386130014.036496558 -0.00153017 0.00105201 0 178.895 -0.000451108 -9.43796e-05  0 0.000270017 2
1386130014.101550566 -0.00161005 0.00105429 0 178.897 -0.00122793 3.51575e-05  0 0.000536284 2
1386130014.166777127 -0.00155634 0.00104011 0 178.9 0.000823458 -0.000217428  0 0.000800256 2
1386130014.231865574 -0.00156866 0.00100234 0 178.902 -0.000189318 -0.000580308  0 0.000536 2
1386130014.296937229 -0.00147421 0.00097191 0 178.904 0.00145157 -0.00046766  0 0.000540231 2
1386130014.362127543 -0.00161014 0.00102561 0 178.904 -0.00208516 0.000823745  0 0 2
1386130014.428463563 -0.00159944 0.00099268 0 178.905 0.000161265 -0.000496419  0 0.000260952 2
1386130014.492364986 -0.00170995 0.000982393 0 178.907 -0.00172928 -0.000160971  0 0.000545957 2
1386130014.557576320 -0.00172504 0.000987311 0 178.909 -0.000231514 7.54143e-05  0 0.00053499 2
1386130014.622612692 -0.00178108 0.000938687 0 178.911 -0.000861663 -0.00074764  0 0.000536429 2
1386130014.687767316 -0.00185864 0.000950591 0 178.913 -0.00119042 0.000182699  0 0.000535456 2
1386130014.752876819 -0.00186453 0.000891389 0 178.916 -9.03324e-05 -0.000909275  0 0.000805785 2
1386130014.818066651 -0.00194247 0.000788507 0 178.917 -0.00119558 -0.00157818  0 0.000269626 2
1386130014.881453782 -0.00204439 0.000849742 0 178.915 -0.00160797 0.000966038  0 -0.000554588 2
1386130014.950704136 -0.0021353 0.000927558 0 178.916 -0.0013128 0.0011237  0 0.000253816 2
1386130015.013576296 -0.00231186 0.000984304 0 178.92 -0.00280826 0.000902558  0 0.00110979 2
1386130015.079019793 -0.00231141 0.000967078 0 178.921 6.96431e-06 -0.000263216  0 0.000268581 2
1386130015.143775595 -0.00231439 0.00095576 0 178.921 -4.61207e-05 -0.000174784  0 0 2
1386130015.209032782 -0.00234496 0.000915799 0 178.924 -0.000468322 -0.000612365  0 0.000799881 2
1386130015.274422556 -0.00239464 0.000912683 0 178.926 -0.00075977 -4.76404e-05  0 0.00053353 2
1386130015.339302477 -0.00249558 0.000909787 0 178.928 -0.0015559 -4.46355e-05  0 0.000537723 2
1386130015.406347739 -0.00241327 0.000879275 0 178.931 0.00122775 -0.000455096  0 0.00078252 2
1386130015.469664083 -0.00258773 0.00094879 0 178.933 -0.00275535 0.00109789  0 0.000551002 2
1386130015.534639735 -0.00254022 0.000989108 0 178.933 0.000731129 0.000620513  0 0 2
1386130015.599794522 -0.00257371 0.000965532 0 178.937 -0.000514029 -0.000361845  0 0.00107091 2
1386130015.664953727 -0.00265924 0.000953571 0 178.938 -0.00131257 -0.000183577  0 0.000269753 2
1386130015.730079776 -0.00267707 0.000872827 0 178.939 -0.000273756 -0.00123981  0 0.000265801 2
1386130015.796502189 -0.00276792 0.000848422 0 178.941 -0.00136785 -0.000367419  0 0.000525236 2
1386130015.860341326 -0.00274772 0.0008424 0 178.942 0.000316463 -9.43312e-05  0 0.000275331 2
1386130015.925880647 -0.00279988 0.000807001 0 178.942 -0.000795784 -0.00054011  0 0 2
1386130015.990723380 -0.00271508 0.000783761 0 178.944 0.00130775 -0.000358415  0 0.000538031 2
1386130016.055777767 -0.00281489 0.000802027 0 178.946 -0.00153429 0.000280783  0 0.000536281 2
1386130016.120797648 -0.0028808 0.0008134 0 178.947 -0.00101367 0.000174918  0 0.000270331 2
1386130016.185960037 -0.00299923 0.000817135 0 178.949 -0.00181742 5.73211e-05  0 0.000535392 2
1386130016.250996269 -0.00309439 0.000841718 0 178.951 -0.00146319 0.000377989  0 0.00053643 2
1386130016.316144183 -0.00322094 0.000807282 0 178.951 -0.00194251 -0.000528584  0 0 2
1386130016.380604082 -0.00332637 0.000783516 0 178.954 -0.00163558 -0.000368699  0 0.000809774 2
1386130016.446377647 -0.00326264 0.000760985 0 178.956 0.000968919 -0.000342548  0 0.000530417 2
1386130016.512684851 -0.00318296 0.000715015 0 178.958 0.00120169 -0.000693288  0 0.000526148 2
1386130016.575970267 -0.00313483 0.000719479 0 178.959 0.000760434 7.0534e-05  0 0.00027774 2
1386130016.642148801 -0.00333418 0.000708875 0 178.963 -0.00301228 -0.000160234  0 0.00105434 2
1386130016.707828148 -0.00339387 0.00062456 0 178.964 -0.000908874 -0.00128374  0 0.000267616 2
1386130016.772118344 -0.00339283 0.000652952 0 178.967 1.62347e-05 0.000441619  0 0.000811912 2
1386130016.837143545 -0.00352824 0.000702003 0 178.969 -0.0020824 0.000754349  0 0.000536521 2
1386130016.909767764 -0.00350713 0.000672371 0 178.972 0.000290705 -0.000408022  0 0.000722407 2
1386130016.967489607 -0.00364879 0.000661766 0 178.972 -0.00245428 -0.000183728  0 0 2
1386130017.041915296 -0.00369773 0.000644045 0 178.972 -0.000657493 -0.000238103  0 0 2
1386130017.097691600 -0.0036847 0.000576643 0 178.975 0.000233511 -0.00120843  0 0.000940619 2
1386130017.162334644 -0.00370195 0.0005881 0 178.978 -0.000266769 0.000177237  0 0.00080748 2
1386130017.229350101 -0.00380375 0.000613259 0 178.978 -0.00151903 0.000375416  0 0 2
1386130017.293094883 -0.00383553 0.000554848 0 178.981 -0.000498562 -0.000916329  0 0.000823036 2
