1388123175.606510489 -0.0832677 0.118836 1.301 -164.621 -0.0138546 0.0197727  0.216469 -0.478059 7
1388123175.706483960 -0.0833818 0.12136 1.274 -164.571 0 0.0252509  -0.270072 0.00872949 7
1388123175.806490317 -0.0819621 0.122534 1.247 -164.497 0.0141957 0.0117417  -0.269983 0.0129155 7
1388123175.906490994 -0.0776537 0.120449 1.232 -164.434 0.0430839 -0.0208538  -0.149999 0.0109935 7
1388123176.006499764 -0.0747984 0.118536 1.222 -164.405 0.0285502 -0.0191284  -0.0999912 0.00506223 7
1388123176.106490283 -0.0724948 0.115891 1.22 -164.463 0.0230381 -0.0264476  -0.0200019 -0.0101236 7
1388123176.206499612 -0.0702957 0.112259 1.22 -164.512 0.0219885 -0.0363198  0 -0.00855061 7
1388123176.306473827 -0.0686725 0.110087 1.212 -164.574 0.0162364 -0.0217247  -0.0800206 -0.0108259 7
1388123176.406495774 -0.0675926 0.10883 1.211 -164.603 0.0107974 -0.0125678  0 -0.0050589 7
1388123176.506491243 -0.0679746 0.10824 1.217 -164.641 0 0  0.0600027 -0.00663423 7
1388123176.606495758 -0.0680864 0.106528 1.218 -164.73 0 -0.0171217  0 -0.0155309 7
1388123176.706490560 -0.0672114 0.103713 1.215 -164.777 0 -0.0281515  -0.0300016 -0.00820296 7
1388123176.806492756 -0.0660085 0.101106 1.209 -164.941 0.0120286 -0.0260686  -0.0599987 -0.028623 7
1388123176.906497318 -0.0647305 0.0987186 1.205 -165.006 0.0127791 -0.0238701  -0.0399982 -0.0113445 4
1388123177.006537205 -0.0635533 0.0955506 1.2 -165.107 0.0117673 -0.0316675  -0.0499801 -0.0176204 4
1388123177.106472093 -0.0611307 0.0925695 1.196 -165.202 0.0242424 -0.0298308  -0.0400261 -0.0165916 4
1388123177.206499278 -0.0580471 0.0907534 1.189 -165.261 0.0308272 -0.0181556  -0.069981 -0.0102956 4
1388123177.306484835 -0.0543364 0.0886298 1.182 -165.364 0.0371121 -0.0212391  -0.0700101 -0.0179789 4
1388123177.406564976 0.0736029 -0.678391 1.18 -0.0610046 -0.0136397 0.0323108  -0.019984 28.8277 4
1388123177.506538882 0.0715967 -0.674932 1.18 -0.123001 -0.0200676 0.0345967  0 -0.0108232 4
1388123177.606543902 0.0685422 -0.671334 1.177 -0.136002 -0.0305432 0.035979  -0.0299985 -0.0022689 4
1388123177.706569031 0.0662082 -0.668535 1.177 -0.164001 -0.0233345 0.0279765  0 -0.00488567 4
1388123177.806549386 0.0626563 -0.666755 1.177 -0.175995 -0.035526 0.0178115  0 -0.00209366 4
1388123177.906576550 0.0579551 -0.6662 1.179 -0.274002 -0.0469993 0  0.0199946 -0.0171008 4
1388123178.006545058 0.0531343 -0.66656 1.176 -0.298004 -0.048223 0  -0.0300095 -0.00419047 4
1388123178.106538707 0.0482925 -0.665982 1.176 -0.306 -0.0484211 0  0 -0.00139559 4
1388123178.206614543 0.0443965 -0.663708 1.174 -0.209 -0.0389301 0.0227275  -0.0199848 0.0169169 4
1388123178.306537539 0.0415854 -0.661399 1.181 -0.0910034 -0.0281329 0.0231023  0.0700539 0.0206101 4
1388123178.406545516 0.0395107 -0.658841 1.18 -0.0270081 -0.0207455 0.0255807  0 0.0111684 4
1388123178.506582687 0.0392406 -0.656469 1.183 0.0469971 0 0.023706  0.0299889 0.0129115 4
1388123178.606521747 0.0394744 -0.654427 1.183 0.0679932 0 0.0204322  0 0.00366674 4
1388123178.807076806 0.0395513 -0.655659 1.196 0.128998 0 0  0.0648201 0.00530893 3
1388123178.907426934 0.0390617 -0.657065 1.198 0.108994 0 -0.0140104  0.0199302 -0.00347922 3
1388123179.007815958 0.0401168 -0.658341 1.199 0.0870056 0.0105095 -0.0127073  0 -0.00382274 3
1388123179.108152862 0.0406877 -0.659034 1.205 0.0549927 0 0  0.0597985 -0.00556855 3
1388123179.208496461 0.0405102 -0.659222 1.205 0.048996 0 0  0 -0.00104304 3
1388123179.308834732 0.0456296 -0.659581 1.205 0.0119934 0.0510215 0  0 -0.00643639 3
1388123179.409177616 0.0548908 -0.659488 1.207 -0.0160065 0.0922948 0  0.0199317 -0.0048702 3
1388123179.509523056 0.0734561 -0.659183 1.196 -0.134995 0.185014 0  -0.109621 -0.0206958 3
1388123179.609870391 0.0980509 -0.65923 1.192 -0.130005 0.245097 0  -0.0398615 0.000867839 3
1388123179.710219149 0.142796 -0.659667 1.188 -0.053009 0.445894 0  -0.039861 0.0133916 3
1388123179.806544397 0.191868 -0.660189 1.187 0.0169983 0.509442 0  -0.0103815 0.0126847 3
1388123180.006848708 0.324652 -0.66025 1.186 0.425995 0.66291 0  0 0.0356375 3
1388123180.107130916 0.400872 -0.662069 1.173 1.39 0.760063 -0.0181387  -0.129634 0.167777 3
1388123180.207427947 0.477705 -0.664776 1.17 2.608 0.76605 -0.0269899  -0.0299112 0.211952 3
1388123180.307715658 0.552199 -0.670364 1.166 5.813 0.742802 -0.0557246  -0.0398852 0.557774 3
1388123180.408028090 0.62422 -0.675531 1.162 8.256 0.717963 -0.0515068  -0.0398754 0.425055 3
1388123180.508369639 0.681881 -0.678203 1.157 13.023 0.574657 -0.026627  -0.0498298 0.829166 3
1388123180.608641852 0.728131 -0.6769 1.157 16.214 0.461235 0.0129944  0 0.555424 3
1388123180.708884637 0.773194 -0.67535 1.157 16.63 0.449545 0.0154592  0 0.0724299 3
1388123180.809133782 0.791041 -0.662417 1.158 24.93 0.178024 0.129006  0 1.44502 3
1388123180.909384791 0.807637 -0.649137 1.158 25.397 0.16554 0.132475  0 0.0813046 3
1388123181.006553812 0.809121 -0.617255 1.159 33.312 0.0152775 0.328109  0.0102913 1.42167 3
1388123181.106537181 0.808144 -0.581048 1.158 34.113 0 0.362124  -0.0100017 0.139823 3
1388123181.206502867 0.806123 -0.534952 1.155 38.26 -0.0202137 0.461119  -0.0300103 0.724038 3
1388123181.306512791 0.804038 -0.487087 1.148 39.412 -0.020849 0.47861  -0.0699931 0.201041 3
1388123181.406554918 0.804957 -0.42811 1.136 43.911 0 0.589521  -0.119949 0.784893 3
1388123181.506508653 0.806758 -0.361748 1.133 48.288 0.0180131 0.663923  -0.0300139 0.764285 3
1388123181.606558895 0.815023 -0.282102 1.134 52.044 0.0826169 0.796062  0 0.655216 3
1388123181.706502313 0.822594 -0.196843 1.139 54.905 0.0757439 0.853076  0.0500283 0.499621 3
1388123181.806578048 0.828077 -0.104908 1.135 59.148 0.054796 0.918655  -0.0399697 0.739982 3
1388123181.906573836 0.830963 -0.0109248 1.134 61.279 0.0288546 0.939867  -0.0100004 0.371946 3
1388123182.006529194 0.830687 0.0864109 1.127 64.467 0 0.973791  -0.0700313 0.556659 3
1388123182.207179608 0.822061 0.287215 1.127 69.226 -0.0429904 1.00077  0 0.413955 3
1388123182.307527020 0.813207 0.40058 1.115 74.52 -0.0882266 1.12973  -0.119585 0.920778 3
1388123182.407790101 0.788708 0.548013 1.114 74.241 -0.244346 1.47046  0 -0.0485668 3
1388123182.508049259 0.755527 0.710272 1.113 69.686 -0.330961 1.6184  0 -0.792943 3
1388123182.608295454 0.726668 0.863161 1.116 66.557 -0.287881 1.52513  0.0299263 -0.544772 3
1388123182.708532039 0.717046 0.936061 1.134 58.801 -0.0959836 0.727286  0.179575 -1.35048 3
1388123182.808788265 0.714795 1.00064 1.137 56.477 -0.0224554 0.644149  0.0299233 -0.404577 3
1388123182.909054968 0.717605 1.0433 1.141 51.697 0.0280216 0.425481  0.0398936 -0.832048 3
1388123183.009323225 0.726509 1.04425 1.142 44.346 0.0887997 0  0 -1.27956 3
1388123183.109604675 0.734998 1.02997 1.127 38.966 0.0846574 -0.142385  -0.149579 -0.936353 3
1388123183.111537955 0.735155 1.02969 1.127 38.751 0.0809094 -0.148236  0 -1.94095 3
1388123183.206537908 0.740167 1.00503 1.122 34.201 0.0527619 -0.259532  -0.0526316 -0.83592 3
1388123183.407019194 0.750645 0.901605 1.126 25.376 0.0522648 -0.515882  0.019952 -0.768279 3
1388123183.507397136 0.749056 0.821089 1.123 21.164 -0.0158325 -0.802132  -0.029887 -0.732363 3
1388123183.607673503 0.747963 0.729321 1.121 17.331 -0.0108945 -0.915147  -0.0199449 -0.667142 3
1388123183.707924925 0.757913 0.63916 1.124 13.684 0.0992468 -0.899349  0.0299248 -0.634923 3
1388123183.808181684 0.779384 0.547588 1.121 9.70599 0.214163 -0.913383  -0.0299232 -0.692516 3
1388123183.908533258 0.808667 0.429043 1.122 5.50301 0.291802 -1.18129  0 -0.73099 3
1388123184.008792943 0.850905 0.302414 1.123 1.791 0.42129 -1.26301  0 -0.646189 3
1388123184.109049488 0.900632 0.172326 1.116 -1.084 0.495991 -1.29755  -0.0698209 -0.500498 3
1388123184.209324672 0.963134 0.0346097 1.116 -3.442 0.623305 -1.37338  0 -0.41042 3
1388123184.309602110 1.03784 -0.102536 1.118 -4.806 0.745033 -1.36766  0.0199447 -0.237404 3
1388123184.406560766 1.11154 -0.242529 1.117 -5.451 0.760059 -1.44384  -0.0103137 -0.116106 3
1388123184.606838688 1.2613 -0.597096 1.103 -6.183 0.747762 -1.77038  -0.0699029 -0.0637899 3
1388123184.707188201 1.35568 -0.772458 1.095 -4.79001 0.940533 -1.74751  -0.0797214 0.242276 3
1388123184.807458098 1.44284 -0.930976 1.097 -1.88499 0.869271 -1.58091  0.0199462 0.505656 3
1388123184.907747084 1.54433 -1.06718 1.099 1.371 1.01198 -1.35807  0.0199424 0.566641 3
1388123185.008032145 1.6456 -1.19614 1.108 4.98199 1.00983 -1.286  0.0897442 0.628446 3
1388123185.108294774 1.74821 -1.31409 1.112 8.444 1.02336 -1.17637  0.0398952 0.602651 3
1388123185.208557433 1.8457 -1.40586 1.124 11.682 0.972313 -0.915333  0.119686 0.563656 3
1388123185.308826786 1.90429 -1.44126 1.126 14.383 0.584373 -0.353024  0.0199463 0.470148 3
1388123185.409102440 1.90932 -1.41249 1.136 17.335 0.0501654 0.286915  0.0997251 0.513804 3
1388123185.509377821 1.91299 -1.37583 1.136 19.671 0.0366053 0.365609  0 0.406592 3
1388123185.606544486 1.91999 -1.34022 1.141 21.48 0.0720351 0.366423  0.051458 0.324935 3
1388123185.806824992 1.98217 -1.29763 1.154 25.153 0.310459 0.212644  0.064909 0.320081 3
1388123185.907195507 2.06278 -1.31795 1.168 26.555 0.803164 -0.202424  0.139483 0.243791 3
1388123186.007474690 2.17174 -1.35837 1.189 27.727 1.08652 -0.403091  0.209415 0.203985 3
1388123186.107750975 2.30907 -1.42159 1.216 28.912 1.36951 -0.63047  0.269256 0.206251 3
1388123186.208005178 2.43664 -1.46263 1.229 29.942 1.27247 -0.409294  0.12967 0.179313 3
1388123186.308249645 2.55894 -1.49442 1.235 30.554 1.21999 -0.317188  0.0598537 0.106554 3
1388123186.408526481 2.67196 -1.51352 1.265 33.361 1.1271 -0.190442  0.299172 0.48856 3
1388123186.508818051 2.78112 -1.51746 1.28 34.811 1.08847 -0.0393121  0.149564 0.252339 3
1388123186.609083463 2.87751 -1.50576 1.278 35.837 0.961271 0.116764  -0.0199471 0.178597 3
1388123186.709347936 2.95999 -1.46943 1.264 36.671 0.822666 0.362258  -0.139631 0.145176 3
1388123186.806562280 3.03522 -1.42936 1.247 37.191 0.77387 0.412189  -0.174871 0.0933558 3
1388123187.007005863 3.17415 -1.33855 1.186 38.241 0.693122 0.453052  -0.304325 0.0914273 3
1388123187.107382635 3.24084 -1.29092 1.157 38.505 0.664341 0.474549  -0.288911 0.0459037 3
1388123187.207651564 3.30384 -1.24767 1.138 38.265 0.628329 0.431288  -0.18949 -0.0417752 3
1388123187.307930975 3.3679 -1.2069 1.123 37.9 0.638852 0.40662  -0.149582 -0.0635266 3
1388123187.408209005 3.43094 -1.16722 1.12 37.365 0.628654 0.395636  -0.0299168 -0.0931169 3
1388123187.508481184 3.49273 -1.1301 1.125 36.765 0.616221 0.370285  0.0498643 -0.104435 3
1388123187.608761225 3.55294 -1.09422 1.131 36.04 0.600347 0.35771  0.0598324 -0.126184 3
1388123187.709020322 3.61082 -1.05863 1.134 35.144 0.577396 0.355065  0.0299225 -0.155977 3
1388123187.809282514 3.66072 -1.03051 1.143 34.039 0.497629 0.280469  0.0897646 -0.192354 3
1388123187.909639560 3.7059 -1.00865 1.155 33.973 0.450251 0.217819  0.119573 -0.0114798 3
1388123188.006559793 3.7499 -0.98577 1.156 34.719 0.45396 0.236024  0.0103178 0.134339 3
1388123188.207340252 3.82085 -0.948798 1.163 38.067 0.353372 0.184143  0.034864 0.291033 3
1388123188.307741424 3.85347 -0.926444 1.167 39.255 0.324834 0.222644  0.0398402 0.206516 3
1388123188.408026549 3.88239 -0.901896 1.171 40.001 0.288423 0.244785  0.0398863 0.129832 3
1388123188.508314087 3.90506 -0.880228 1.169 40.413 0.226085 0.216057  -0.0199427 0.0717018 3
1388123188.608606513 3.92756 -0.848092 1.172 40.475 0.22426 0.320427  0.0299125 0.0107889 3
1388123188.708868110 3.9508 -0.8113 1.165 40.251 0.231842 0.366954  -0.0698174 -0.0389932 3
1388123188.809136017 3.97485 -0.780605 1.159 39.726 0.239879 0.306137  -0.0598397 -0.0913852 3
1388123188.909417600 4.00052 -0.745166 1.159 38.977 0.255989 0.353391  0 -0.130358 3
1388123189.009692903 4.02897 -0.702844 1.153 38.077 0.283684 0.422063  -0.0598353 -0.156649 3
1388123189.109963901 4.05846 -0.673186 1.146 36.96 0.294147 0.295771  -0.0698108 -0.194427 3
1388123189.206550616 4.08735 -0.649548 1.142 36.165 0.2991 0.244741  -0.0414136 -0.143657 3
1388123189.406884812 4.12264 -0.633904 1.153 33.795 0.176146 0.0780891  0.0549082 -0.206476 3
1388123189.507205906 4.13954 -0.629731 1.171 32.542 0.168446 0.0415943  0.179424 -0.217991 3
1388123189.607467497 4.16091 -0.624333 1.287 32.036 0.213131 0.0538425  1.15697 -0.0880827 3
1388123189.707717094 4.19 -0.615305 1.19 31.809 0.290184 0.0900499  -0.967585 -0.0395185 3
1388123189.807995921 4.2215 -0.602569 1.17 31.802 0.314138 0.127002  -0.199444 -0.00121899 3
1388123189.908268139 4.25191 -0.593302 1.202 32.056 0.303214 0.0924279  0.319131 0.0442106 3
1388123190.008527394 4.28586 -0.580563 1.214 32.141 0.33869 0.127051  0.11969 0.0147954 3
1388123190.108770110 4.32438 -0.563222 1.209 32.622 0.384291 0.172995  -0.0498789 0.0837476 3
1388123190.209009296 4.36552 -0.544021 1.197 33.547 0.410336 0.191548  -0.119714 0.161058 3
1388123190.309332877 4.40432 -0.523253 1.244 36.251 0.386797 0.207013  0.468484 0.470414 3
1388123190.406556176 4.4439 -0.500315 1.254 36.853 0.407058 0.235931  0.102856 0.10807 3
1388123190.607018608 4.53596 -0.440856 1.244 39.593 0.45924 0.296611  -0.0498847 0.238558 3
1388123190.707377653 4.58342 -0.40995 1.185 41.416 0.472933 0.307952  -0.587889 0.317036 3
1388123190.807665029 4.63247 -0.375225 1.136 43.278 0.489081 0.346249  -0.488596 0.324049 3
1388123190.907941062 4.68097 -0.334108 1.092 45.56 0.483653 0.41004  -0.438789 0.397187 3
1388123191.008229962 4.72823 -0.282165 1.06 47.53 0.471295 0.517936  -0.319078 0.34284 3
1388123191.108520709 4.76786 -0.219712 1.03 49.553 0.395135 0.622724  -0.29913 0.352057 3
1388123191.208783581 4.79625 -0.149856 1.01 51.473 0.283142 0.696725  -0.199476 0.334224 3
1388123191.309044684 4.81803 -0.0785204 0.994 53.333 0.217185 0.711498  -0.159583 0.323786 3
1388123191.409388281 4.83472 -0.0124085 0.981 55.39 0.166407 0.658855  -0.129555 0.357785 3
1388123191.509674672 4.85082 0.0486838 0.976 57.488 0.160463 0.609179  -0.0498572 0.365124 3
1388123191.606563901 4.86684 0.105571 0.976 59.412 0.165442 0.587131  0 0.346582 3
1388123191.806846126 4.89622 0.204842 0.986 64.204 0.14666 0.495657  0.0499295 0.417592 3
1388123191.907223375 4.90883 0.248661 0.997 66.989 0.125602 0.436549  0.109587 0.484248 3
1388123192.007574810 4.91571 0.292334 1.012 69.655 0.068558 0.435194  0.149475 0.463675 3
1388123192.107913130 4.91381 0.333006 1.026 72.72 -0.018928 0.405353  0.139528 0.53314 3
1388123192.208244871 4.89653 0.37542 1.036 75.572 -0.172203 0.422737  0.0996694 0.496122 3
1388123192.308583188 4.8703 0.415546 1.043 77.987 -0.261397 0.39991  0.069764 0.420076 3
1388123192.408938553 4.83119 0.460014 1.045 80.089 -0.389738 0.443098  0.0199292 0.365569 3
1388123192.509278214 4.78366 0.504331 1.043 82.026 -0.473651 0.441669  -0.0199323 0.336927 3
1388123192.609649572 4.73356 0.541371 1.042 82.979 -0.499133 0.369038  0 0.165714 3
1388123192.709974853 4.68799 0.569594 1.041 83.471 -0.454252 0.281307  0 0.0855925 3
1388123192.806535143 4.64339 0.60028 1.042 83.648 -0.461923 0.317792  0.0103562 0.0319918 3
1388123193.007137755 4.5749 0.694768 1.058 84.861 -0.341396 0.471024  0.0797597 0.105537 3
1388123193.107432701 4.54199 0.741596 1.06 85.022 -0.328204 0.466903  0.0199412 0.0280164 3
1388123193.209083262 4.52623 0.791403 1.068 84.008 -0.154969 0.489981  0.078701 -0.174103 3
1388123193.309349236 4.51387 0.840902 1.068 83.102 -0.123275 0.493669  0 -0.157707 3
1388123193.409610428 4.50954 0.890742 1.071 81.025 -0.0431662 0.497103  0.0299218 -0.36156 3
1388123193.509874314 4.50806 0.936741 1.075 79.149 -0.014762 0.458779  0.0398947 -0.326562 3
1388123193.610132390 4.51285 0.980385 1.076 77.326 0.0477388 0.435322  0 -0.317355 3
1388123193.710391920 4.52374 1.02325 1.079 75.341 0.108573 0.427568  0.0299223 -0.345551 3
1388123193.810651875 4.52832 1.05112 1.079 73.087 0.045734 0.277908  0 -0.392377 3
1388123193.910935507 4.53407 1.06263 1.079 70.746 0.0572869 0.114835  0 -0.407425 3
1388123194.006548478 4.53867 1.06797 1.075 68.734 0.0481997 0.0558565  -0.0418353 -0.367273 3
1388123194.206954211 4.54152 1.06806 1.076 64.005 0.0141778 0  0 -0.411848 3
1388123194.307236586 4.53775 1.05899 1.078 62.706 -0.0375119 -0.0904443  0.0199437 -0.226079 3
1388123194.407530310 4.53175 1.05289 1.082 61.947 -0.0598735 -0.0607643  0.0398829 -0.132083 3
1388123194.507799734 4.51592 1.04646 1.092 61.648 -0.157905 -0.0641507  0.0997313 -0.0520457 3
1388123194.608063917 4.48839 1.03037 1.101 61.699 -0.274527 -0.160534  0.0897629 0.00887816 3
1388123194.708328007 4.45894 1.01633 1.114 61.727 -0.293712 -0.139999  0.129658 0.00487403 3
1388123194.808604821 4.41685 0.99106 1.12 61.489 -0.41976 -0.251993  0.0598344 -0.041424 3
1388123194.908910203 4.37027 0.959022 1.125 60.794 -0.464342 -0.319405  0.0498478 -0.120931 3
1388123195.009174222 4.31765 0.922167 1.126 59.952 -0.524841 -0.367575  0 -0.14657 3
1388123195.109429403 4.27053 0.887251 1.127 58.858 -0.469968 -0.348268  0 -0.190452 3
1388123195.206530131 4.23642 0.860565 1.122 57.838 -0.351361 -0.274835  -0.0514929 -0.18334 3
1388123195.406957756 4.22532 0.830857 1.1 55.191 -0.055366 -0.148219  -0.109765 -0.230501 3
1388123195.507247137 4.23268 0.819636 1.082 54.032 0.0733632 -0.111886  -0.179481 -0.201701 3
1388123195.607514400 4.29711 0.844309 1.063 53.131 0.64258 0.246064  -0.189494 -0.156835 3
1388123195.707773117 4.47036 0.946358 1.036 52.622 1.72809 1.01786  -0.269303 -0.0886072 3
1388123195.808040117 4.64637 1.06283 1.016 53.083 1.75537 1.16165  -0.199467 0.0802452 3
1388123195.908312679 4.81206 1.18312 0.987 54.831 1.65245 1.19963  -0.289212 0.304254 3
1388123196.008585602 4.95622 1.30136 0.984 58.225 1.43765 1.17913  -0.0299183 0.590752 3
1388123196.108849493 5.06805 1.41151 0.979 61.802 1.11535 1.09862  -0.0498684 0.622662 3
1388123196.209105160 5.14327 1.50853 0.994 63.928 0.7503 0.967748  0.149617 0.370111 3
1388123196.309357407 5.18797 1.59282 1.018 64.134 0.445825 0.840722  0.239396 0.0358622 3
1388123196.406543881 5.22393 1.67087 1.047 63.327 0.370062 0.803079  0.298395 -0.144925 3
1388123196.606811938 5.4149 1.82828 1.102 61.871 0.953564 0.786036  0.274632 -0.126889 3
1388123196.707082018 5.51227 1.91343 1.128 59.315 0.971044 0.849156  0.2593 -0.444906 3
1388123196.807363256 5.614 1.99311 1.15 55.522 1.01442 0.794627  0.219383 -0.660147 3
1388123196.907639633 5.71421 2.08173 1.186 51.179 0.999402 0.88375  0.359008 -0.755906 3
1388123197.008000773 5.81308 2.16314 1.2 47.241 0.985162 0.811099  0.139496 -0.684838 3
1388123197.108259855 5.91272 2.24578 1.212 43.006 0.993802 0.824265  0.11969 -0.737237 3
1388123197.208515757 6.00704 2.31342 1.223 38.384 0.9408 0.674712  0.109719 -0.804632 3
1388123197.308778157 6.10897 2.37652 1.227 33.566 1.01665 0.629371  0.0398953 -0.838699 3
1388123197.409049987 6.21445 2.43211 1.221 29.295 1.05188 0.554407  -0.0598373 -0.743409 3
1388123197.509328311 6.31464 2.46949 1.211 25.168 0.999099 0.372718  -0.0997224 -0.718298 3
1388123197.606539298 6.40618 2.48951 1.194 21.544 0.941693 0.205936  -0.174877 -0.650656 3
1388123197.807025138 6.51021 2.45456 1.147 13.475 0.518898 -0.174314  -0.234431 -0.702447 3
1388123197.907320651 6.52872 2.42594 1.131 9.81999 0.18451 -0.285391  -0.159529 -0.636038 3
1388123198.007594995 6.54185 2.39155 1.11 6.57401 0.130996 -0.342971  -0.209425 -0.564982 3
1388123198.107868841 6.55057 2.35641 1.094 3.39 0.0869796 -0.350451  -0.159563 -0.554196 3
1388123198.209759008 6.55963 2.31904 1.081 0.914001 0.088902 -0.366682  -0.127588 -0.424126 3
1388123198.310013885 6.57369 2.27585 1.068 -1.599 0.140172 -0.430825  -0.12967 -0.437486 3
1388123198.410291780 6.60526 2.23203 1.059 -3.43201 0.314902 -0.436995  -0.0897506 -0.319034 3
1388123198.510549393 6.65288 2.20358 1.053 -4.85001 0.474942 -0.283752  -0.0598458 -0.246852 3
1388123198.610806668 6.70802 2.16256 1.045 -5.76601 0.549987 -0.40917  -0.0797947 -0.159462 3
1388123198.711063266 6.79354 2.13589 1.029 -7.082 0.853052 -0.266051  -0.15959 -0.229096 3
1388123198.806520026 6.87005 2.11394 1.022 -7.87601 0.801499 -0.22996  -0.0733316 -0.145176 3
1388123199.006914129 6.99978 2.00093 1.008 -10.048 0.647361 -0.563929  -0.0698623 -0.18917 3
1388123199.708521321 7.41568 1.57973 1.003 -11.241 0.592784 -0.600335  0 -0.0296771 3
1388123201.206512641 7.52313 0.874284 0.969 -16.205 0.0717281 -0.470927  -0.0226971 -0.0578363 3
1388123201.306507661 7.51718 0.836495 0.966 -13.549 -0.0594591 -0.377909  -0.0300015 0.463584 3
1388123201.506570631 7.42946 0.891038 0.955 0.207993 -0.438499 0.272626  -0.0549827 1.20015 3
1388123202.806522259 6.20048 1.76487 0.883 13.964 -0.945402 0.672201  -0.0553867 0.18469 3
1388123202.906548232 6.11698 1.8291 0.858 20.13 -0.834728 0.642195  -0.249935 1.07589 3
1388123203.006524239 5.99146 1.92019 0.867 25.97 -1.25557 0.911094  0.0900216 1.01952 3
1388123203.206537480 5.72253 2.11757 0.883 29.086 -1.34457 0.986809  0.0799947 0.271904 8
1388123203.306552010 5.63744 2.19758 0.916 29.74 -0.850766 0.799998  0.329952 0.114129 8
1388123203.406565270 5.59256 2.2582 0.935 29.614 -0.448668 0.606124  0.189975 -0.0219895 8
1388123203.806534656 5.57226 2.26471 0.929 28.953 -0.0507537 0.0162793  -0.0150011 -0.0288436 4
1388123204.306513225 5.54151 2.26476 0.905 30.343 -0.0615093 0  -0.0480021 0.0485222 4
1388123204.606520668 5.5208 2.26277 0.918 31.059 -0.0690513 0  0.0433323 0.0416544 4
1388123204.806520053 5.51295 2.25687 0.937 32.019 -0.0392202 -0.0294949  0.0950003 0.0837753 4
1388123205.206533478 5.50953 2.23432 0.948 32.339 0 -0.0563572  0.0274991 0.0139625 4
1388123205.406530073 5.51603 2.22353 0.941 31.988 0.0324892 -0.0539868  -0.0350006 -0.0306322 4
1388123205.506535294 5.52015 2.21764 0.934 31.891 0.0411898 -0.0588545  -0.0699963 -0.0169288 4
1388123205.606548671 5.52512 2.21193 0.93 31.731 0.0497091 -0.057076  -0.0399946 -0.0279195 4
1388123205.706542538 5.53034 2.20646 0.926 31.542 0.0522112 -0.054748  -0.0400025 -0.0329906 4
1388123205.806538700 5.53525 2.20208 0.924 31.368 0.0490366 -0.0438248  -0.0200008 -0.0303692 4
1388123205.906539723 5.5399 2.19843 0.921 31.16 0.0465275 -0.0365072  -0.0299997 -0.0363012 4
1388123206.006548086 5.544 2.1945 0.922 30.974 0.0409776 -0.0392406  0 -0.0324612 4
1388123206.206547702 5.5508 2.1863 0.922 30.592 0.0340089 -0.0409924  0 -0.0333362 4
1388123206.306538897 5.55319 2.18341 0.919 30.358 0.0239594 -0.0288998  -0.0300026 -0.0408432 4
1388123206.506536462 5.5563 2.17961 0.924 30.078 0.0155385 -0.0190232  0.0250003 -0.0244348 4
1388123206.706542459 5.55604 2.17998 0.929 29.941 0 0  0.0249993 -0.0119559 4
1388123206.806546180 5.55412 2.18115 0.933 30.013 -0.019204 0.0117461  0.0399985 0.012567 4
1388123207.106540727 5.54787 2.1839 0.929 30.682 -0.0208349 0  -0.0133336 0.038921 4
1388123207.306541429 5.54401 2.18586 0.919 31.002 -0.0193191 0  -0.0499998 0.0279258 4
1388123207.406556714 5.54294 2.18694 0.903 31.003 -0.0106319 0.0108357  -0.159976 0.000175742 4
1388123207.706531007 5.54414 2.18947 0.878 30.463 0 0  -0.0833405 -0.0314191 4
1388123207.906530683 5.54882 2.18853 0.863 30.138 0.0233732 0  -0.0750001 -0.0283614 4
1388123208.006503414 5.55129 2.1877 0.856 30.008 0.0246784 0  -0.0700191 -0.0226963 4
1388123208.106535397 5.55378 2.187 0.852 29.911 0.0249856 0  -0.0399872 -0.0169243 4
1388123208.206561076 5.55692 2.18557 0.841 29.686 0.0313062 -0.0143364  -0.109972 -0.0392582 4
1388123208.306525081 5.55987 2.18384 0.838 29.635 0.0295572 -0.017343  -0.0300108 -0.00890615 4
1388123208.406542915 5.56268 2.18188 0.833 29.469 0.0280762 -0.0195254  -0.0499911 -0.0289674 4
1388123208.506529693 5.56487 2.17969 0.835 29.273 0.0219098 -0.0219024  0.0200026 -0.0342128 4
1388123208.606560898 5.56697 2.17735 0.838 29.147 0.0209838 -0.0234008  0.0299906 -0.0219829 4
1388123208.706539206 5.56906 2.17495 0.84 29.044 0.0208944 -0.0240766  0.0200043 -0.0179829 4
1388123208.806537063 5.57064 2.17266 0.838 28.901 0.0158713 -0.02287  -0.0200004 -0.024957 4
1388123208.906532577 5.57181 2.16999 0.842 28.747 0.0116246 -0.026649  0.0400018 -0.0268805 4
1388123209.106543384 5.57317 2.16469 0.857 28.15 0 -0.0264991  0.0749959 -0.0520953 4
1388123209.506528004 5.56775 2.1534 0.894 27.617 -0.0135575 -0.02823  0.0925036 -0.0232569 4
1388123209.906548639 5.5573 2.15329 0.908 27.928 -0.026119 0  0.0349982 0.0135688 4
1388123210.206541620 5.55344 2.16314 0.915 27.49 -0.0128638 0.0328313  0.0233339 -0.0254817 4
1388123210.606527468 5.55542 2.18937 0.918 27.109 0 0.0655826  0 -0.0166254 4
1388123216.206530392 5.14484 2.78761 0.886 29.046 -0.0733177 0.106829  0 0.006037 4
1388123216.306513075 5.1385 2.79732 0.887 29.024 -0.0633516 0.0971475  0.0100017 -0.00384094 4
1388123216.406523194 5.13281 2.80588 0.889 29.104 -0.0569125 0.0855389  0.019998 0.0139615 4
1388123216.606512762 5.12359 2.83005 0.905 29.782 -0.0461183 0.120852  0.0800042 0.0591692 4
1388123216.706534932 5.12257 2.83753 0.907 30.158 -0.0101728 0.0747929  0.0199956 0.0656111 4
1388123216.806516077 5.12405 2.84116 0.91 30.509 0.0148183 0.036294  0.0300057 0.0612722 4
1388123218.006551061 5.15253 2.77087 0.884 31.523 0.0237293 -0.0585691  -0.021666 0.0147475 4
1388123218.506531923 5.16306 2.74087 0.883 31.493 0.0210608 -0.0600109  0 -0.0010472 4
1388123218.606504480 5.16511 2.735 0.882 31.452 0.0204862 -0.0586312  -0.0100027 -0.00715788 4
1388123218.706504158 5.16718 2.729 0.882 31.439 0.0207098 -0.0600893  0 -0.00226902 4
1388123221.406532857 5.1724 2.90016 0.897 29.094 0 0.0633945  0 -0.0151584 4
1388123222.006526086 5.19068 2.90879 0.873 28.634 0.0304641 0.0143822  -0.0400005 -0.0133808 4
1388123223.706520320 5.21848 2.9103 0.873 28.305 0.0163558 0  0 -0.00337784 4
1388123248.506609044 5.21848 2.9103 0 -18.578 0 0  -0.0352015 -0.0329943 0
1388123248.606545874 5.21848 2.9103 0 -22.555 0 0  0 -0.694557 0
1388123248.706527956 5.21848 2.9103 0 -23.947 0 0  0 -0.242993 0
1388123248.806526147 5.21848 2.9103 0 -26.564 0 0  0 -0.456759 0
1388123248.906523225 5.21848 2.9103 0 -28.174 0 0  0 -0.281006 0
1388123249.006545118 5.21848 2.9103 0 -27.793 0 0  0 0.0664819 0
1388123249.106531798 5.21848 2.9103 0 -23.864 0 0  0 0.685831 0
1388123249.206545171 5.21848 2.9103 0 -18.609 0 0  0 0.917046 0
1388123249.306539309 5.21848 2.9103 0 -15.402 0 0  0 0.55976 0
1388123249.406549189 5.21848 2.9103 0 -11.002 0 0  0 0.767871 0
1388123249.506543227 5.21848 2.9103 0 -9.71899 0 0  0 0.22394 0
1388123249.606540581 5.21848 2.9103 0 -8.95 0 0  0 0.134219 0
1388123249.706542382 5.21848 2.9103 0 -8.728 0 0  0 0.0387456 0
1388123249.806547628 5.21848 2.9103 0 -9.22701 0 0  0 -0.0870888 0
1388123249.906539154 5.21848 2.9103 0 -8.936 0 0  0 0.0507934 0
1388123250.006552216 5.21848 2.9103 0 -9.31801 0 0  0 -0.0666635 0
1388123250.106545786 5.21848 2.9103 0 -8.95 0 0  0 0.0642342 0
1388123250.406541000 5.21848 2.9103 0 -8.79601 0 0  0 0.00895902 0
1388123250.806537470 5.21848 2.9103 0 -8.358 0 0  0 0.0191117 0
1388123250.906543829 5.21848 2.9103 0 -5.494 0 0  0 0.49983 0
1388123251.006544701 5.21848 2.9103 0 -5.60201 0 0  0 -0.0188497 0
