1388513985.160242099 0 0 0 6.574 0 0  0 0.0127398 2
1388513985.260241196 0 0 0 6.588 0 0  0 0.00244347 2
1388513985.360235758 0 0 0 6.587 0 0  0 -0.00017453 2
1388513985.460246870 0 0 0 6.59 0 0  0 0.000523586 2
1388513987.460258252 0 0 0 6.634 0 0  0 0.000383967 2
1388513987.660254775 0 0 0 6.64 0 0  0 0.000523612 2
1388513987.760233547 0 0 0 6.643 0 0  0 0.000523755 2
1388513987.860227061 0 0 0 6.644 0 0  0 0.000174532 2
1388513987.960236218 0 0 0 6.645 0 0  0 0.000174504 2
1388513988.160236019 0 0 0 6.645 0 0  0 0 2
1388513988.260249790 0 0 0 6.648 0 0  0 0.000523489 2
1388513988.360249237 0 0 0 6.648 0 0  0 0 2
1388513992.660233610 0 0 0 6.721 0 0  0 0.000296303 2
1388513992.966879034 0 0 0 6.726 0 0  0 0.000284564 2
1388513993.162951939 0 0 0 6.727 0 0  0 8.90503e-05 2
1388513993.260228625 0 0 0 6.727 0 0  0 0 2
1388513993.360253777 0 0 0 6.728 0 0  0 0.000174476 2
1388513993.460232621 0 0 0 6.73 0 0  0 0.000349114 2
1388513993.560228646 0 0 0 6.731 0 0  0 0.000174527 2
1388513993.660241226 0 0 0 6.737 0 0  0 0.00104707 2
1388513993.760239907 0 0 0 6.738 0 0  0 0.000174523 2
1388513993.860231252 0 0 0 6.738 0 0  0 0 2
1388513994.060242371 0 0 0 6.74 0 0  0 0.000174511 2
1388513994.160256973 0 0 0 6.743 0 0  0 0.000523568 2
1388513994.260230443 0 0 0 6.747 0 0  0 0.00069835 2
1388513994.360238552 0 0 0 6.749 0 0  0 0.000349012 2
1388513994.460237859 0 0 0 6.75 0 0  0 0.000174521 2
1388513994.560238077 0 0 0 6.755 0 0  0 0.000872683 2
1388513994.760319105 0 0 0 6.755 0 0  0 0 2
1388513994.860260726 0 0 0 6.755 0 0  0 0 2
1388513994.960290345 0 0 0 6.755 0 0  0 0 2
1388513995.060230007 0 0 0 6.756 0 0  0 0.000174626 2
1388513995.160248944 0 0 0 6.755 0 0  0 -0.000174487 2
1388513995.260243504 0 0 0 6.756 0 0  0 0.00017453 2
1388513995.360227655 0 0 0 6.756 0 0  0 0 2
1388513995.460244844 0 0 0 6.761 0 0  0 0.000872535 2
1388513995.560235631 0 0 0 6.762 0 0  0 0.000174536 2
1388513996.060225819 0 0 0 6.771 0 0  0 0.000314159 2
1388513996.960289019 0 0 0 6.787 0 0  0 0.000310264 2
1388513997.060232525 0 0 0 6.788 0 0  0 0.000174619 2
1388513997.160252086 0 0 0 6.791 0 0  0 0.000523458 2
1388513997.260242805 0 0 0 6.794 0 0  0 0.000523693 2
1388514001.660239269 0 0 0 6.84 0 0  0 0.000182466 2
1388514001.760230267 0 0 0 6.863 0 0  0 0.00401458 2
1388514002.260241129 0 0 0 6.871 0 0  0 0.000279243 2
1388514002.360226397 0 0 0 6.878 0 0  0 0.00122191 2
1388514002.460455065 0 0 0 6.878 0 0  0 0 2
1388514002.560245338 0 0 0 6.88 0 0  0 0.000349858 2
1388514002.660232914 0 0 0 6.882 0 0  0 0.000349084 2
1388514002.760224332 0 0 0 6.885 0 0  0 0.000523689 2
1388514002.860249690 0 0 0 6.886 0 0  0 0.000174476 2
1388514002.960231260 0 0 0 6.89 0 0  0 0.00069821 2
1388514003.060239508 0 0 0 6.891 0 0  0 0.000174506 2
1388514003.160532919 0 0 0 6.896 0 0  0 0.000870132 2
1388514003.260247273 0 0 0 6.898 0 0  0 0.00035004 2
1388514003.360245255 0 0 0 6.898 0 0  0 0 2
1388514003.460222774 0 0 0 6.9 0 0  0 0.000349202 2
1388514003.560239752 0 0 0 6.905 0 0  0 0.000872536 2
1388514003.660238433 0 0 0 6.907 0 0  0 0.000349045 2
1388514003.760249404 0 0 0 6.908 0 0  0 0.000174501 2
1388514003.860247946 0 0 0 6.911 0 0  0 0.000523568 2
1388514004.160250618 0 0 0 6.918 0 0  0 0.000407266 2
1388514004.260267528 0 0 0 6.921 0 0  0 0.000523472 2
1388514004.360230241 0 0 0 6.923 0 0  0 0.000349171 2
1388514004.460244215 0 0 0 6.925 0 0  0 0.000349075 2
1388514004.560242197 0 0 0 6.926 0 0  0 0.000174524 2
1388514004.660241787 0 0 0 6.927 0 0  0 0.000174521 2
