10.8849 -0.0482754 0.667 1.38813e+09
10.9004 -0.0501702 0.634022 1.38813e+09
10.9154 -0.0493251 0.602292 1.38813e+09
10.9352 -0.0447741 0.584492 1.38813e+09
10.959 -0.0371189 0.576192 1.38813e+09
10.986 -0.0268643 0.574324 1.38813e+09
11.0158 -0.0144314 0.576761 1.38813e+09
11.0312 -0.0159042 0.549627 1.38813e+09
11.0462 -0.0239728 0.520408 1.38813e+09
11.0662 -0.0314093 0.505863 1.38813e+09
11.0909 -0.037759 0.501229 1.38813e+09
11.1195 -0.0427912 0.503205 1.38813e+09
11.1516 -0.0464627 0.509507 1.38813e+09
11.1866 -0.0488447 0.518559 1.38813e+09
11.2239 -0.0500638 0.52928 1.38813e+09
11.2633 -0.050265 0.54093 1.38813e+09
11.3043 -0.0495918 0.553005 1.38813e+09
11.3468 -0.0481766 0.565169 1.38813e+09
11.3904 -0.0461369 0.577199 1.38813e+09
11.435 -0.0435746 0.58895 1.38813e+09
11.4805 -0.0405769 0.600332 1.38813e+09
11.5266 -0.0372174 0.611292 1.38813e+09
11.5733 -0.0335582 0.621803 1.38813e+09
11.6205 -0.0296508 0.631855 1.38813e+09
11.6681 -0.0255386 0.641449 1.38813e+09
11.7161 -0.0212574 0.650592 1.38813e+09
11.7643 -0.0168369 0.659299 1.38813e+09
11.8128 -0.0123015 0.667586 1.38813e+09
11.8615 -0.0076718 0.67547 1.38813e+09
11.8778 -0.0106598 0.641869 1.38813e+09
11.8994 -0.0121105 0.621175 1.38813e+09
11.9256 -0.0126156 0.609212 1.38813e+09
11.9556 -0.0127558 0.603141 1.38813e+09
11.9888 -0.0130672 0.601031 1.38813e+09
12.0246 -0.014025 0.601568 1.38813e+09
