1388127043.295401370 0 0 0 5.037 0 0  0 0.0148743 2
1388127043.395556001 0 0 0 5.035 0 0  0 -0.000348585 2
1388127043.495368698 0 0 0 5.036 0 0  0 0.000174848 2
1388127043.595454053 0 0 0 5.038 0 0  0 0.000348826 2
1388127043.695369552 0 0 0 5.038 0 0  0 0 2
1388127043.795356149 0 0 0 5.037 0 0  0 -0.000174544 2
1388127043.895367190 0 0 0 5.035 0 0  0 -0.000349085 2
1388127043.995373413 0 0 0 5.039 0 0  0 0.000698121 2
1388127044.095368112 0 0 0 5.041 0 0  0 0.000349059 2
1388127044.195399619 0 0 0 5.042 0 0  0 0.000174465 2
1388127044.295347945 0 0 0 5.042 0 0  0 0 2
1388127044.395386784 0 0 0 5.042 0 0  0 0 2
1388127044.495379311 0 0 0 5.043 0 0  0 0.000174617 2
1388127044.595471518 0 0 0 5.044 0 0  0 0.00017436 2
1388127044.695380725 0 0 0 5.046 0 0  0 0.000349358 2
1388127044.795400145 0 0 0 5.044 0 0  0 -0.000348973 2
1388127044.895374596 0 0 0 5.048 0 0  0 0.000698259 2
1388127044.995400859 0 0 0 5.048 0 0  0 0 2
1388127045.095449968 0 0 0 5.045 0 0  0 -0.000523304 2
1388127045.195340604 0 0 0 5.043 0 0  0 -0.000349423 2
1388127045.295358628 0 0 0 5.039 0 0  0 -0.000698039 2
1388127045.395500274 0 0 0 5.04 0 0  0 0.000174273 2
1388127045.495349702 0 0 0 5.041 0 0  0 0.000174783 2
1388127045.595366747 0 0 0 5.045 0 0  0 0.000698045 2
1388127045.695446236 0 0 0 5.046 0 0  0 0.000174382 2
1388127045.795453296 0 0 0 5.047 0 0  0 0.000174508 2
1388127045.895402880 0 0 0 5.048 0 0  0 0.000174608 2
1388127045.995444931 0 0 0 5.049 0 0  0 0.000174447 2
1388127046.095363500 0 0 0 5.053 0 0  0 0.000698733 2
1388127046.195361206 0 0 0 5.054 0 0  0 0.000174524 2
1388127046.295358138 0 0 0 5.056 0 0  0 0.000349134 2
1388127046.395348509 0 0 0 5.057 0 0  0 0.000174537 2
1388127046.495411583 0 0 0 5.057 0 0  0 0 2
1388127046.595370239 0 0 0 5.058 0 0  0 0.000174592 2
1388127046.695370669 0 0 0 5.061 0 0  0 0.000523559 2
1388127046.795487101 0 0 0 5.062 0 0  0 0.000174317 2
1388127046.895391985 0 0 0 5.062 0 0  0 0 2
1388127046.995403096 0 0 0 5.062 0 0  0 0 2
1388127047.095460161 0 0 0 5.063 0 0  0 0.000174504 2
1388127047.195475468 0 0 0 5.062 0 0  0 -0.000174577 2
1388127047.295372040 0 0 0 5.061 0 0  0 -0.000174701 2
1388127047.395454737 0 0 0 5.058 0 0  0 -0.000523128 2
1388127047.495502654 0 0 0 5.058 0 0  0 0 2
1388127047.595447138 0 0 0 5.057 0 0  0 -0.000174617 2
1388127047.695462162 0 0 0 5.057 0 0  0 0 2
1388127047.795409857 0 0 0 5.057 0 0  0 0 2
1388127047.895465106 0 0 0 5.061 0 0  0 0.000697696 2
1388127047.995346177 0 0 0 5.062 0 0  0 0.000174728 2
1388127048.095403455 0 0 0 5.061 0 0  0 -0.00017442 2
1388127048.195671716 0 0 0 5.061 0 0  0 0 2
1388127048.295370432 0 0 0 5.063 0 0  0 0.000350179 2
1388127048.395479103 0 0 0 5.061 0 0  0 -0.000348745 2
1388127048.495463193 0.00069611 -0.000610252 0.007 5.061 0 0  0.0700111 0 7
1388127048.595376176 0.00212311 -0.00194791 0.038 5.061 0.0142824 -0.0133882  0.31027 0 7
1388127048.695400981 0.00505783 -0.00441361 0.148 5.063 0.0293399 -0.0246509  1.09973 0.000349037 7
1388127048.795396723 0.00760368 -0.00665724 0.271 5.061 0.0254595 -0.0224373  1.23005 -0.000349139 7
1388127048.895363486 0.0105859 -0.00901078 0.363 5.06 0.0298319 -0.0235432  0.920306 -0.000174578 7
1388127048.995367058 0.0153358 -0.0127247 0.599 5.049 0.0474979 -0.0371377  2.35992 -0.00191982 7
1388127049.095405542 0.0207766 -0.0144135 0.704 5.036 0.0543869 -0.0168819  1.0496 -0.00226806 7
1388127049.195439076 0.0263456 -0.0163244 0.968 5.079 0.0556714 -0.0191025  2.63911 0.00750244 7
1388127049.295372244 0.0277923 -0.0179439 1.155 5.051 0.0144761 -0.0162058  1.87125 -0.00489017 7
1388127049.395506491 0.0309545 -0.0195897 1.201 5.056 0.0315804 -0.0164363  0.459383 0.000871515 7
1388127049.495409340 0.0351128 -0.0205497 1.243 5.056 0.0416232 0  0.420408 0 7
1388127049.595403067 0.0336169 -0.0206529 0.337 5.043 -0.0149599 0  -9.06057 -0.00226907 7
1388127049.695505178 0.0332098 -0.0209569 0.173 5.025 0 0  -1.63833 -0.00313841 7
1388127049.795447079 0.0330457 -0.0209641 0.189 5.033 0 0  0.160093 0.00139706 7
1388127049.895402668 0.0333383 -0.0212389 0.206 5.029 0 0  0.170076 -0.000698475 7
1388127049.995420557 0.0333033 -0.0214143 0.17 5.033 0 0  -0.359936 0.000698039 7
1388127050.095362803 0.0335167 -0.0218031 0.208 5.042 0 0  0.38022 0.00157167 7
1388127050.195362670 0.0339792 -0.0220798 0.192 5.032 0 0  -0.16 -0.00174529 7
1388127050.295449213 0.0341243 -0.0223881 0.196 5.023 0 0  0.0399654 -0.00156949 7
1388127050.395446356 0.0340923 -0.022947 0.22 4.987 0 0  0.240007 -0.00628333 7
1388127050.495407180 0.0342021 -0.0236063 0.222 4.975 0 0  0.0200078 -0.00209523 7
1388127050.595448465 0.0347993 -0.0272619 0.192 5.023 0 -0.0365414  -0.299876 0.0083741 7
1388127050.695375490 0.0436295 -0.0451263 0.225 4.956 0.0883667 -0.178774  0.330241 -0.0117022 7
1388127050.795356916 0.0564969 -0.0696131 0.225 4.972 0.128698 -0.244913  0 0.00279309 7
1388127050.895378925 0.0659179 -0.10289 0.192 4.601 0.0941896 -0.332697  -0.329927 -0.0647375 7
1388127050.995405121 0.0803793 -0.159034 0.213 3.725 0.144576 -0.561292  0.209945 -0.152851 7
1388127051.095402196 0.0935535 -0.23224 0.22 3.175 0.131746 -0.732083  0.070002 -0.0959959 7
1388127051.195470296 0.0991963 -0.3403 0.212 2.637 0.0563893 -1.07986  -0.0799456 -0.0938348 7
1388127051.295369729 0.097931 -0.427564 0.211 1.879 -0.0126657 -0.87352  -0.0100101 -0.132429 7
1388127051.395346831 0.0961408 -0.477425 0.208 1.366 -0.0179064 -0.498718  -0.0300069 -0.0895559 7
1388127051.495373170 0.101262 -0.522192 0.219 1.093 0.0512004 -0.447555  0.109971 -0.0476349 7
1388127051.595450702 0.0916025 -0.565929 0.214 1.348 -0.0965218 -0.437034  -0.0499613 0.0444714 7
1388127051.695503226 0.0716134 -0.63542 0.204 10.458 -0.199786 -0.694539  -0.0999475 1.58916 7
1388127051.795450923 0.038996 -0.701811 0.227 11.02 -0.326345 -0.664262  0.23012 0.0981389 7
1388127051.895404836 0.00458701 -0.753219 0.238 11.162 -0.344248 -0.514318  0.110051 0.024795 7
1388127052.095444728 0.00591393 -0.76658 0.243 11.906 0 -0.0667912  0.024995 0.0649133 7
1388127052.195374197 0.00676109 -0.765632 0.297 12.059 0 0  0.540381 0.0267224 7
1388127052.295498028 0.00768756 -0.763144 0.396 11.691 0 0.0248505  0.988776 -0.0641487 7
1388127052.395486302 0.00842539 -0.760926 0.401 11.604 0 0.0221762  0.0500059 -0.0151861 7
1388127052.495389438 0.00876092 -0.762111 0.642 11.238 0 -0.0118587  2.41234 -0.063941 7
1388127052.595473190 0.022053 -0.761662 0.81 10.741 0.132809 0  1.67859 -0.0866702 7
1388127052.695380586 0.0510668 -0.749508 0.921 11.216 0.290407 0.12165  1.11103 0.0829799 7
1388127052.795370951 0.0777984 -0.736387 0.95 11.514 0.267342 0.131222  0.290028 0.0520159 7
1388127052.895387095 0.0960041 -0.722009 0.937 11.785 0.182027 0.143751  -0.129979 0.0472908 7
1388127052.995423209 0.104656 -0.709303 0.91 11.992 0.0864894 0.127021  -0.269903 0.0361152 7
1388127053.095360081 0.108988 -0.696257 0.873 12.092 0.0433457 0.130542  -0.370234 0.0174644 7
1388127053.195368677 0.109525 -0.683339 0.817 12.26 0 0.12917  -0.559952 0.029319 7
1388127053.295369660 0.10769 -0.671628 0.772 12.301 -0.0183466 0.117102  -0.449996 0.00715568 7
1388127053.395364363 0.106686 -0.6619 0.727 12.268 -0.0100436 0.0972838  -0.450024 -0.00575989 7
1388127053.495372609 0.10497 -0.654744 0.701 12.266 -0.0171592 0.0715591  -0.259979 -0.000349012 7
1388127053.595420737 0.103095 -0.649764 0.644 12.241 -0.0187427 0.0497741  -0.569726 -0.00436116 7
1388127053.695387640 0.0998011 -0.647074 0.646 12.173 -0.0329479 0.0269113  0.0200066 -0.0118721 7
1388127053.795374239 0.0961386 -0.645112 0.643 12.17 -0.0366292 0.019619  -0.030004 -0.000523714 7
1388127053.895407773 0.0918444 -0.645596 0.659 12.155 -0.0429281 0  0.159946 -0.00261718 7
1388127053.995405683 0.0871307 -0.645518 0.661 12.121 -0.0471381 0  0.0200004 -0.00593415 7
1388127054.095371604 0.0814983 -0.645807 0.704 11.977 -0.056343 0  0.430147 -0.0251413 7
1388127054.195657332 0.0750217 -0.644905 0.712 11.885 -0.0645812 0  0.0797721 -0.0160113 7
1388127054.295397460 0.0685676 -0.643362 0.727 11.841 -0.0647099 0.0154734  0.150391 -0.00769957 7
1388127054.395369249 0.0617725 -0.641064 0.732 11.823 -0.0679699 0.0229822  0.0500141 -0.00314242 7
1388127054.495445942 0.0559453 -0.638315 0.733 11.838 -0.0582271 0.0274767  0 0.00261605 7
1388127054.595399437 0.0509989 -0.635665 0.73 11.893 -0.0494871 0.0265056  -0.030014 0.00960366 7
1388127054.695376953 0.0467557 -0.63378 0.732 11.989 -0.0424419 0.0188612  0.0200045 0.016759 7
1388127054.795376055 0.042924 -0.632699 0.742 12.037 -0.0383165 0.0108013  0.100001 0.00837755 4
1388127054.895520422 5.3149 0.608338 0.737 179.989 0.0242306 -0.0149714  -0.0499279 29.2709 4
1388127054.995548781 5.31706 0.607581 0.735 -179.966 0.02162 0  -0.0199943 -62.8062 4
1388127055.095401985 5.31879 0.606596 0.735 179.997 0.0173323 0  0 62.9178 4
1388127055.195519671 5.32023 0.606375 0.732 179.972 0.0143695 0  -0.0299647 -0.00435829 4
1388127055.295593292 5.32133 0.60674 0.731 179.963 0.0109431 0  0 -0.00156961 4
1388127055.395544902 5.32214 0.606948 0.731 179.86 0 0  0 -0.0179855 4
1388127055.495424082 5.32244 0.606613 0.732 179.84 0 0  0.0100121 -0.00349496 4
1388127055.595432747 5.32189 0.606676 0.733 179.794 0 0  0 -0.00802774 4
1388127055.695681743 5.32205 0.605727 0.733 179.786 0 0  0 -0.00139286 4
1388127055.795511263 5.32194 0.603789 0.739 179.773 0 -0.0194155  0.0601025 -0.00227272 4
1388127055.895424251 5.32186 0.601457 0.741 179.77 0 -0.0233439  0.0200174 -0.0005241 4
1388127055.995566326 5.32179 0.598824 0.74 179.792 0 -0.0262878  0 0.00383433 4
1388127056.095653417 5.3212 0.595113 0.744 179.823 0 -0.0370787  0.0399652 0.00540567 4
1388127056.195569267 5.32064 0.591833 0.747 179.845 0 -0.0328301  0.0300253 0.00384301 4
1388127056.295429239 5.31902 0.588658 0.746 179.819 -0.0161634 -0.0317901  -0.010014 -0.00454422 4
1388127056.395488469 5.31761 0.58586 0.749 179.813 -0.0141101 -0.027969  0.0299822 -0.0010465 4
1388127056.495579625 5.31634 0.582241 0.749 179.832 -0.0126595 -0.0361597  0 0.00331311 4
1388127056.602377976 5.31531 0.579059 0.751 179.864 0 -0.029795  0.0187269 0.00522946 4
1388127056.695418927 5.31426 0.576334 0.751 179.925 -0.0112795 -0.0292848  0 0.0114428 4
1388127056.795449526 5.31364 0.57337 0.749 179.933 0 -0.0296307  -0.0199939 0.0013959 4
1388127056.895437449 5.31224 0.570111 0.748 179.937 -0.0140491 -0.0325929  -0.0100012 0.000698165 4
1388127056.995521401 5.31072 0.566184 0.747 179.904 -0.0151943 -0.039239  0 -0.00575475 4
1388127057.095390604 5.30882 0.562948 0.75 179.91 -0.0189453 -0.0324031  0.0300393 0.00104849 4
1388127057.195404714 5.30632 0.559494 0.755 179.913 -0.0250538 -0.03453  0.0499929 0.00052357 4
1388127057.295516609 5.30393 0.556631 0.76 179.891 -0.0238877 -0.0286001  0.0499441 -0.00383532 4
1388127057.395424773 5.30166 0.554183 0.759 179.862 -0.0227151 -0.0245017  -0.0100092 -0.00506616 4
1388127057.495387279 5.29797 0.551288 0.765 179.824 -0.036916 -0.0289641  0.0600225 -0.00663476 4
1388127057.595627332 5.29497 0.547536 0.771 179.878 -0.029878 -0.0374255  0.0598563 0.00940219 4
1388127057.695521453 5.29208 0.542969 0.772 179.885 -0.02894 -0.045719  0.0100106 0.00122302 4
1388127057.795508752 5.28949 0.537017 0.773 179.932 -0.0259609 -0.0595302  0.0100013 0.00820408 4
1388127057.895512950 5.28813 0.533175 0.773 179.971 -0.013559 -0.0384156  0 0.00680659 4
1388127057.995435567 5.28681 0.529734 0.773 -179.909 -0.013208 -0.0344343  0 -62.8596 4
1388127058.095436278 5.28439 0.527036 0.768 -179.846 -0.0242302 -0.0269833  -0.0499996 0.0109954 4
1388127058.195521281 5.28268 0.525244 0.77 -179.835 -0.017066 -0.0179049  0.019983 0.00191818 4
1388127058.295536584 5.2807 0.524338 0.763 -179.837 -0.0197525 0  -0.0699893 -0.000348987 4
1388127058.395519127 5.27881 0.523825 0.762 -179.827 -0.0188973 0  -0.0100017 0.00174567 4
1388127058.495472346 5.27707 0.526096 0.753 -179.897 -0.017492 0.0227255  -0.0900421 -0.012223 4
1388127058.595525920 5.27661 0.528849 0.753 -179.896 0 0.0275082  0 0.000174344 4
1388127079.095576723 6.00646 1.57433 0.739 179.554 0.0356023 0.0509991  0 0.306028 4
1388127079.295435946 6.01234 1.58276 0.694 178.945 0.0294065 0.0421551  -0.225158 -0.0531826 4
1388127079.495589259 6.02554 1.59566 0.731 179.035 0.0659802 0.064478  0.184858 0.0078479 4
1388127079.595482615 6.03185 1.60203 0.732 179.04 0.0631277 0.0636924  0.0100107 0.000873616 4
1388127079.695554072 6.03451 1.60698 0.736 179.153 0.0266062 0.0495325  0.0399714 0.0197081 4
1388127079.795581109 6.03678 1.61208 0.737 179.17 0.0227145 0.0509641  0 0.00296629 4
1388127079.895584265 6.03963 1.6183 0.737 179.128 0.0284862 0.0621715  0 -0.00733012 4
1388127079.995596972 6.04188 1.6232 0.739 179.096 0.0224715 0.0490394  0.0199975 -0.00558427 4
1388127080.095437466 6.04444 1.62662 0.737 179.188 0.0256698 0.0342346  -0.020032 0.0160827 4
1388127080.195420083 6.04773 1.6309 0.736 179.124 0.0328674 0.0428319  -0.0100017 -0.0111721 4
1388127080.295543565 6.05145 1.63433 0.74 179.06 0.037119 0.0341735  0.0399507 -0.0111564 3
1388127080.395748209 6.05539 1.63996 0.734 178.623 0.0393997 0.0562194  -0.0598775 -0.0761152 3
1388127080.495631086 6.05768 1.64562 0.708 177.501 0.0228717 0.056674  -0.260305 -0.196056 9
1388127080.595430798 6.05772 1.65032 0.664 176.906 0 0.0470735  -0.440883 -0.104056 9
1388127080.695414808 6.0566 1.654 0.599 176.366 -0.0111873 0.036881  -0.650104 -0.0942628 9
1388127080.795418586 6.05535 1.65743 0.528 175.946 -0.0124601 0.0342407  -0.709973 -0.0733011 9
1388127080.895443314 6.05441 1.66251 0.445 175.671 0 0.0507985  -0.829795 -0.0479846 9
1388127080.995427539 6.05499 1.66768 0.361 175.463 0 0.0517509  -0.840133 -0.0363086 9
1388127081.095540900 6.05434 1.67212 0.278 175.211 0 0.0442925  -0.82906 -0.0439325 9
1388127081.195443127 6.05386 1.67506 0.198 175.096 0 0.0294352  -0.800783 -0.020091 9
1388127081.295454937 6.05404 1.67732 0.131 175.021 0 0.0226404  -0.669921 -0.0130884 9
1388127081.395377559 6.05394 1.67859 0.044 175.113 0 0.0127021  -0.870674 0.0160695 9
1388127081.495429464 6.05416 1.68352 -0.032 175.293 0 0.0492946  -0.759606 0.0313996 9
1388127081.595424162 6.0544 1.68538 -0.096 175.553 0 0.0185051  -0.640034 0.045381 9
1388127081.695424658 6.05295 1.68783 -0.17 175.693 -0.0144381 0.0245224  -0.739996 0.0244345 9
1388127081.795537178 6.04532 1.68487 -0.205 175.877 -0.0761914 -0.0294959  -0.349607 0.032078 9
1388127081.895419502 6.04532 1.68487 0 176.094 0 0  2.05242 0.0379182 2
1388127081.995582443 6.04532 1.68487 0 176.068 0 0  0 -0.00453048 2
1388127082.095512959 6.04532 1.68487 0 176.077 0 0  0 0.00157202 2
1388127082.195567799 6.04532 1.68487 0 176.074 0 0  0 -0.000523357 2
1388127082.295449072 6.04532 1.68487 0 176.076 0 0  0 0.000349455 2
1388127082.395399422 6.04532 1.68487 0 176.089 0 0  0 0.00227014 2
1388127082.495587580 6.04532 1.68487 0 176.088 0 0  0 -0.000174276 2
1388127082.595429889 6.04532 1.68487 0 176.088 0 0  0 0 2
1388127082.695530117 6.04532 1.68487 0 176.091 0 0  0 0.00052312 2
1388127082.795479491 6.04532 1.68487 0 176.092 0 0  0 0.000174525 2
1388127082.895436266 6.04532 1.68487 0 176.096 0 0  0 0.000698549 2
1388127082.995437601 6.04532 1.68487 0 176.1 0 0  0 0.000698072 2
1388127083.095495714 6.04532 1.68487 0 176.101 0 0  0 0.000174336 2
1388127083.195580927 6.04532 1.68487 0 176.102 0 0  0 0.000174455 2
1388127083.295428750 6.04532 1.68487 0 176.106 0 0  0 0.000699145 2
1388127083.395433782 6.04532 1.68487 0 176.105 0 0  0 -0.000174428 2
1388127083.495581929 6.04532 1.68487 0 176.106 0 0  0 0.000174179 2
1388127083.595506434 6.04532 1.68487 0 176.109 0 0  0 0.00052404 2
1388127083.695391623 6.04532 1.68487 0 176.111 0 0  0 0.000349442 2
1388127083.795435556 6.04532 1.68487 0 176.114 0 0  0 0.000523414 2
1388127083.895550177 6.04532 1.68487 0 176.118 0 0  0 0.000697282 2
1388127083.995580704 6.04532 1.68487 0 176.121 0 0  0 0.000523484 2
1388127084.095642870 6.04532 1.68487 0 176.123 0 0  0 0.000348824 2
1388127084.195476023 6.04532 1.68487 0 176.125 0 0  0 0.000349624 2
1388127084.295487553 6.04532 1.68487 0 176.13 0 0  0 0.000872584 2
1388127084.395487138 6.04532 1.68487 0 176.136 0 0  0 0.00104729 2
1388127084.495529193 6.04532 1.68487 0 176.139 0 0  0 0.000523258 2
1388127084.595466138 6.04532 1.68487 0 176.142 0 0  0 0.000523974 2
1388127084.695418298 6.04532 1.68487 0 176.146 0 0  0 0.000698415 2
1388127084.795529287 6.04532 1.68487 0 176.149 0 0  0 0.000523064 2
1388127084.895427114 6.04532 1.68487 0 176.15 0 0  0 0.000174782 2
1388127084.995505623 6.04532 1.68487 0 176.152 0 0  0 0.000348767 2
1388127085.095461980 6.04532 1.68487 0 176.153 0 0  0 0.000174513 2
1388127085.195438169 6.04532 1.68487 0 176.153 0 0  0 0 2
1388127085.295505152 6.04532 1.68487 0 176.155 0 0  0 0.000348973 2
1388127085.395396908 6.04532 1.68487 0 176.159 0 0  0 0.000698838 2
1388127085.495434210 6.04532 1.68487 0 176.162 0 0  0 0.000523449 2
1388127085.595438758 6.04532 1.68487 0 176.167 0 0  0 0.000872645 2
1388127085.695651081 6.04532 1.68487 0 176.168 0 0  0 0.000174067 2
1388127085.795546396 6.04532 1.68487 0 176.168 0 0  0 0 2
1388127085.895575384 6.04532 1.68487 0 176.17 0 0  0 0.000348939 2
1388127085.995410847 6.04532 1.68487 0 176.173 0 0  0 0.000524507 2
1388127086.095441657 6.04532 1.68487 0 176.176 0 0  0 0.000523483 2
1388127086.195505709 6.04532 1.68487 0 176.178 0 0  0 0.000348817 2
1388127086.295398786 6.04532 1.68487 0 176.182 0 0  0 0.000698828 2
1388127086.395444812 6.04532 1.68487 0 176.184 0 0  0 0.00034888 2
1388127086.495427574 6.04532 1.68487 0 176.185 0 0  0 0.000174634 2
1388127086.595446093 6.04532 1.68487 0 176.187 0 0  0 0.000348976 2
1388127086.695500087 6.04532 1.68487 0 176.192 0 0  0 0.000872214 2
1388127086.795416141 6.04532 1.68487 0 176.195 0 0  0 0.000524084 2
1388127086.895515533 6.04532 1.68487 0 176.199 0 0  0 0.000697388 2
1388127086.995463437 6.04532 1.68487 0 176.204 0 0  0 0.000873139 2
1388127087.095512056 6.04532 1.68487 0 176.209 0 0  0 0.000872261 2
1388127087.195510527 6.04532 1.68487 0 176.209 0 0  0 0 2
1388127087.295439087 6.04532 1.68487 0 176.213 0 0  0 0.00069858 2
1388127087.395604824 6.04532 1.68487 0 176.219 0 0  0 0.00104539 2
1388127087.495395657 6.04532 1.68487 0 176.223 0 0  0 0.000699711 2
1388127087.595511261 6.04532 1.68487 0 176.224 0 0  0 0.000174236 2
1388127087.695429129 6.04532 1.68487 0 176.223 0 0  0 -0.00017458 2
1388127087.795789442 6.04532 1.68487 0 176.228 0 0  0 0.000869551 2
1388127087.895423064 6.04532 1.68487 0 176.231 0 0  0 0.000525403 2
1388127087.995437740 6.04532 1.68487 0 176.235 0 0  0 0.000698145 2
1388127088.095584759 6.04532 1.68487 0 176.238 0 0  0 0.000522709 2
1388127088.195459124 6.04532 1.68487 0 176.241 0 0  0 0.000524303 2
1388127088.295522051 6.04532 1.68487 0 176.245 0 0  0 0.000697642 2
1388127088.395464657 6.04532 1.68487 0 176.248 0 0  0 0.000523945 2
1388127088.495552456 6.04532 1.68487 0 176.249 0 0  0 0.00017445 2
1388127088.595503365 6.04532 1.68487 0 176.251 0 0  0 0.000349212 2
1388127088.695472292 6.04532 1.68487 0 176.253 0 0  0 0.000349149 2
1388127088.795945262 6.04532 1.68487 0 176.255 0 0  0 0.000347397 2
1388127088.895522102 6.04532 1.68487 0 176.259 0 0  0 0.000701048 2
1388127088.995512185 6.04532 1.68487 0 176.263 0 0  0 0.000698317 2
1388127089.095422446 6.04532 1.68487 0 176.267 0 0  0 0.000698708 2
1388127089.195429163 6.04532 1.68487 0 176.269 0 0  0 0.000349017 2
1388127089.295549641 6.04532 1.68487 0 176.272 0 0  0 0.000523014 2
1388127089.395478904 6.04532 1.68487 0 176.275 0 0  0 0.000524015 2
1388127089.495446714 6.04532 1.68487 0 176.277 0 0  0 0.000349153 2
1388127089.595386515 6.04532 1.68487 0 176.278 0 0  0 0.000174542 2
1388127089.695442955 6.04532 1.68487 0 176.28 0 0  0 0.00034901 2
1388127089.795423962 6.04532 1.68487 0 176.286 0 0  0 0.00104732 2
1388127089.895439828 6.04532 1.68487 0 176.29 0 0  0 0.00069797 2
1388127089.995573442 6.04532 1.68487 0 176.293 0 0  0 0.000522945 2
1388127090.095634064 6.04532 1.68487 0 176.296 0 0  0 0.000523327 2
1388127090.195628907 6.04532 1.68487 0 176.299 0 0  0 0.000523671 2
1388127090.295509906 6.04532 1.68487 0 176.305 0 0  0 0.00104837 2
1388127090.395609646 6.04532 1.68487 0 176.305 0 0  0 0 2
1388127090.495393702 6.04532 1.68487 0 176.311 0 0  0 0.00104939 2
1388127090.595533181 6.04532 1.68487 0 176.316 0 0  0 0.000871469 2
1388127090.695650942 6.04532 1.68487 0 176.316 0 0  0 0 2
1388127090.795396171 6.04532 1.68487 0 176.318 0 0  0 0.000349932 2
1388127090.895533902 6.04532 1.68487 0 176.321 0 0  0 0.000522924 2
1388127090.995427474 6.04532 1.68487 0 176.326 0 0  0 0.000873614 2
1388127091.095551097 6.04532 1.68487 0 176.33 0 0  0 0.000697219 2
1388127091.196543759 6.04532 1.68487 0 176.332 0 0  0 0.000345775 2
1388127091.295402559 6.04532 1.68487 0 176.334 0 0  0 0.00035307 2
1388127091.395450191 6.04532 1.68487 0 176.335 0 0  0 0.000174354 2
1388127091.495514458 6.04532 1.68487 0 176.337 0 0  0 0.000348816 2
1388127091.595506367 6.04532 1.68487 0 176.339 0 0  0 0.000349235 2
1388127091.695424099 6.04532 1.68487 0 176.34 0 0  0 0.000174581 2
1388127091.795500443 6.04532 1.68487 0 176.343 0 0  0 0.000523245 2
1388127091.895602138 6.04532 1.68487 0 176.345 0 0  0 0.000348686 2
1388127091.995486207 6.04532 1.68487 0 176.349 0 0  0 0.000698891 2
1388127092.095428526 6.04532 1.68487 0 176.35 0 0  0 0.000174704 2
1388127092.195543346 6.04532 1.68487 0 176.351 0 0  0 0.000174237 2
1388127092.295488955 6.04532 1.68487 0 176.354 0 0  0 0.000523929 2
1388127092.395423097 6.04532 1.68487 0 176.355 0 0  0 0.000174719 2
1388127092.495422481 6.04532 1.68487 0 176.352 0 0  0 -0.000523647 2
1388127092.595387706 6.04532 1.68487 0 176.353 0 0  0 0.000174664 2
1388127092.695465651 6.04532 1.68487 0 176.358 0 0  0 0.000872005 2
1388127092.795414469 6.04532 1.68487 0 176.362 0 0  0 0.000698439 2
1388127092.895427676 6.04532 1.68487 0 176.364 0 0  0 0.000348994 2
1388127092.995434384 6.04532 1.68487 0 176.368 0 0  0 0.000698034 2
1388127093.095495294 6.04532 1.68487 0 176.369 0 0  0 0.000174497 2
1388127093.195495515 6.04532 1.68487 0 176.37 0 0  0 0.000174437 2
1388127093.295425047 6.04532 1.68487 0 176.371 0 0  0 0.000174727 2
1388127093.395443836 6.04532 1.68487 0 176.374 0 0  0 0.000523546 2
1388127093.495529473 6.04532 1.68487 0 176.377 0 0  0 0.00052303 2
1388127093.595471725 6.04532 1.68487 0 176.38 0 0  0 0.000523947 2
1388127093.695636695 6.04532 1.68487 0 176.382 0 0  0 0.000348466 2
1388127093.795427737 6.04532 1.68487 0 176.387 0 0  0 0.000874512 2
1388127093.895501079 6.04532 1.68487 0 176.389 0 0  0 0.000348785 2
1388127093.995439625 6.04532 1.68487 0 176.393 0 0  0 0.000698677 2
1388127094.095569606 6.04532 1.68487 0 176.396 0 0  0 0.000522798 2
1388127094.195569824 6.04532 1.68487 0 176.4 0 0  0 0.000698246 2
