1385696559.163711759 -0.0157716 -0.0369604 0 173.943 -0.00403373 -0.00945299  0 0.776456 6
1385696559.227866866 -0.0156927 -0.0377501 0 173.854 0.00122846 -0.0123084  0 -0.0242094 6
1385696559.293210440 -0.015549 -0.038614 0 173.878 0.00220021 -0.0132215  0 0.00641096 6
1385696559.361922700 -0.0153568 -0.0396683 0 173.963 0.00279636 -0.0153431  0 0.0215883 6
1385696559.423808589 -0.0153685 -0.0406313 0 174.068 -0.000188482 -0.0155621  0 0.0296113 6
1385696559.488999698 -0.0155794 -0.0415329 0 174.164 -0.00323518 -0.0138299  0 0.0257038 6
1385696559.559970593 -0.0159814 -0.0424097 0 174.259 -0.00566414 -0.0123543  0 0.0233629 6
1385696559.623747542 -0.0164676 -0.0438845 0.283 176.35 -0.00762371 -0.0231236  4.43734 0.572227 6
1385696559.694703574 -0.0173522 -0.05086 0.337 176.417 -0.0124667 -0.0983078  0.761035 0.0164805 6
1385696559.754891485 -0.0168793 -0.0571565 0.385 176.453 0.00785736 -0.104615  0.797502 0.010438 6
1385696559.819491141 -0.0169133 -0.0636825 0.448 176.488 -0.000526189 -0.101021  0.975237 0.00945716 6
1385696559.891692634 -0.0181582 -0.0715527 0.509 176.495 -0.0172418 -0.109004  0.844858 0.00168934 6
1385696559.955246591 -0.0180723 -0.0787292 0.572 176.499 0.00135061 -0.11292  0.991284 0.00109788 6
1385696560.013282035 -0.017653 -0.0869718 0.634 176.458 0.0072247 -0.142027  1.06831 -0.0123302 6
1385696560.093308362 -0.0183996 -0.100799 0.693 176.39 -0.00932885 -0.172778  0.737257 -0.0148289 6
1385696560.150612122 -0.0195047 -0.110613 0.745 176.298 -0.0192858 -0.171277  0.907445 -0.0280194 6
1385696560.208807185 -0.0210479 -0.119533 0.79 176.296 -0.0265172 -0.153276  0.773261 -0.000599491 6
1385696560.273704778 -0.0226207 -0.128346 0.819 176.198 -0.0242358 -0.135797  0.446858 -0.0263577 6
1385696560.341749928 -0.0251264 -0.133871 0.841 176.132 -0.036823 -0.0811942  0.323315 -0.0169272 6
1385696560.403689358 -0.0279525 -0.136765 0.849 176.077 -0.0456275 -0.0467175  0.129158 -0.0155001 6
1385696560.468663686 -0.0314949 -0.139851 0.847 176.113 -0.05452 -0.0475054  -0.0307814 0.00967314 6
1385696560.535745103 -0.0355572 -0.143203 0.837 176.129 -0.0605576 -0.0499601  -0.149073 0.00416061 6
1385696560.609443893 -0.0399246 -0.147814 0.823 176.139 -0.0592607 -0.0625681  -0.189962 0.00237051 6
1385696560.669113816 -0.0432749 -0.150525 0.803 176.098 -0.0561459 -0.0454321  -0.335177 -0.0119925 6
1385696560.734263065 -0.0467184 -0.154187 0.783 176.07 -0.0528567 -0.0562068  -0.306987 -0.00750109 6
1385696560.799485333 -0.0496021 -0.156691 0.766 176.129 -0.0442122 -0.038395  -0.260647 0.0157857 6
1385696560.864248304 -0.0518289 -0.158815 0.75 176.192 -0.0343843 -0.0327914  -0.247055 0.0169791 6
1385696560.929429970 -0.0538249 -0.160982 0.738 176.195 -0.0306224 -0.0332509  -0.184101 0.000804893 6
1385696560.993966793 -0.0554112 -0.162716 0.732 176.17 -0.0245797 -0.0268733  -0.0929702 -0.00676346 6
1385696561.072085145 -0.056927 -0.164302 0.724 176.145 -0.0194043 -0.0202994  -0.102409 -0.00558417 6
1385696561.125043010 -0.0578256 -0.16523 0.723 176.143 -0.0169679 -0.017521  -0.0188829 -0.000658777 6
1385696561.189329052 -0.0589207 -0.16647 0.725 176.091 -0.0170349 -0.0192869  0.031111 -0.0141182 6
1385696561.255767958 -0.0601059 -0.168171 0.725 176.06 -0.0178392 -0.025608  0 -0.00814514 6
1385696561.321661686 -0.0608132 -0.170562 0.727 176.056 -0.0107337 -0.0362777  0.0303519 -0.0010589 6
1385696561.388752702 -0.0611688 -0.174746 0.728 176.101 -0.00530011 -0.0623744  0.0149051 0.011706 6
1385696561.451690202 -0.0620696 -0.178197 0.728 176.141 -0.0143122 -0.0548237  0 0.0110948 6
1385696561.514327068 -0.0630953 -0.181975 0.731 176.155 -0.016375 -0.0603127  0.0478951 0.00389885 6
1385696561.586395497 -0.0634866 -0.18744 0.732 176.134 -0.00543025 -0.0758299  0.0138757 -0.00508476 6
1385696561.643719806 -0.0638708 -0.192076 0.733 176.138 -0.00670146 -0.080887  0.0174446 0.00121719 6
1385696561.710146273 -0.0646013 -0.19795 0.734 176.18 -0.0109977 -0.0884204  0.0150542 0.0110333 6
1385696561.774199411 -0.0651426 -0.201561 0.735 176.239 -0.00844988 -0.0563732  0.015612 0.016078 6
1385696561.839586806 -0.0655713 -0.204375 0.738 176.212 -0.00655618 -0.0430481  0.0458804 -0.00720495 6
1385696561.904133219 -0.0656039 -0.207613 0.732 176.198 -0.000505782 -0.0501612  -0.0929564 -0.00378763 6
1385696561.977062808 -0.0655173 -0.210799 0.732 176.199 0.00118779 -0.0436854  0 0.000241011 6
1385696562.034584115 -0.0653382 -0.214096 0.732 176.219 0.00311263 -0.0573084  0 0.00606513 6
1385696562.099284195 -0.0651561 -0.217834 0.73 176.233 0.00281474 -0.0577812  -0.0309119 0.00377864 6
1385696562.169128141 -0.0648924 -0.221482 0.731 176.238 0.00377593 -0.0522234  0.0143176 0.00125067 6
1385696562.229959228 -0.0648321 -0.226488 0.732 176.246 0.000991658 -0.0823035  0.016439 0.00229405 6
1385696562.296615874 -0.0650012 -0.232555 0.733 176.236 -0.00253779 -0.0910162  0.0150023 -0.00262094 6
1385696562.364977270 -0.065235 -0.238822 0.735 176.259 -0.00341978 -0.0916756  0.0292563 0.00587473 6
1385696562.426529823 -0.0656884 -0.245053 0.735 176.274 -0.00736511 -0.101231  0 0.00425309 6
1385696562.489429528 -0.0659599 -0.251306 0.737 176.264 -0.00431757 -0.0994092  0.0317967 -0.00277326 6
1385696562.559150968 -0.0661448 -0.255762 0.739 176.2 -0.00265218 -0.0639087  0.0286856 -0.0160237 6
1385696562.623456840 -0.0662694 -0.258452 0.739 176.28 -0.00193707 -0.0418341  0 0.0217133 4
1385696562.880187774 0.0840342 0.27413 0.746 0.0339966 0.00442425 0.079935  0.0272659 -11.9817 3
1385696563.009973961 0.0847861 0.294666 0.746 0.585007 0.00579407 0.158235  0 0.0740983 3
1385696563.074647639 0.086325 0.306277 0.746 1.435 0.0237939 0.179529  0 0.229384 3
1385696563.205580434 0.0973014 0.334182 0.745 3.289 0.0838324 0.213126  -0.00763751 0.247138 3
1385696563.269996623 0.105103 0.349252 0.743 4.186 0.121119 0.233939  -0.0310481 0.243039 3
1385696563.406519504 0.144254 0.381622 0.74 5.64 0.28677 0.237103  -0.0219743 0.185881 3
1385696563.465323394 0.164775 0.395053 0.74 6.32001 0.348971 0.228408  0 0.20183 3
1385696563.594707848 0.232028 0.426282 0.748 7.04601 0.519797 0.241369  0.0618312 0.0979334 3
1385696563.659995670 0.268491 0.441375 0.746 7.35201 0.558497 0.231169  -0.0306336 0.0818024 3
