1387953333.504589517 0 0 0 23.194 0 0  0 0.0696188 2
1387953333.604571227 0 0 0 23.198 0 0  0 0.000698209 2
1387953333.704678018 0 0 0 23.202 0 0  0 0.000697336 2
1387953333.804588490 0 0 0 23.204 0 0  0 0.00034952 2
1387953333.904651918 0 0 0 23.209 0 0  0 0.000871965 2
1387953334.004590326 0 0 0 23.215 0 0  0 0.00104793 2
1387953334.104570421 0 0 0 23.217 0 0  0 0.000348944 2
1387953334.204702920 0 0 0 23.223 0 0  0 0.0010459 2
1387953334.304646004 0 0 0 23.225 0 0  0 0.000349406 2
1387953334.404647550 0 0 0 23.227 0 0  0 0.000348869 2
1387953334.504669277 0 0 0 23.23 0 0  0 0.00052353 2
1387953334.604595602 0 0 0 23.233 0 0  0 0.00052403 2
1387953334.704635069 0 0 0 23.239 0 0  0 0.00104687 2
1387953334.804563487 0 0 0 23.244 0 0  0 0.000873143 2
1387953334.904628866 0 0 0 23.246 0 0  0 0.000348979 2
1387953335.004572230 0 0 0 23.248 0 0  0 0.000349072 2
1387953335.104567627 0 0 0 23.25 0 0  0 0.000349223 2
1387953335.204615758 0 0 0 23.25 0 0  0 0 2
1387953335.304566248 0 0 0 23.25 0 0  0 0 2
1387953335.404645382 0 0 0 23.256 0 0  0 0.00104646 2
1387953335.504572337 0 0 0 23.259 0 0  0 0.000524027 2
1387953335.604575558 0 0 0 23.264 0 0  0 0.00087249 2
1387953335.704533240 0 0 0 23.268 0 0  0 0.000698377 2
1387953335.804564537 0 0 0 23.272 0 0  0 0.000697863 2
1387953335.904541354 0 0 0 23.276 0 0  0 0.000698243 2
1387953336.004579705 0 0 0 23.282 0 0  0 0.00104689 2
1387953336.104555546 0 0 0 23.287 0 0  0 0.000873062 2
1387953336.204495904 0 0 0 23.29 0 0  0 0.000523957 2
1387953336.304605289 0 0 0 23.293 0 0  0 0.000522739 2
1387953336.404584827 0 0 0 23.298 0 0  0 0.00087303 2
1387953336.504548940 0 0 0 23.299 0 0  0 0.0001745 2
1387953336.604707276 0 0 0 23.303 0 0  0 0.000696978 2
1387953336.704707004 0 0 0 23.308 0 0  0 0.000872853 2
1387953336.804556783 0 0 0 23.314 0 0  0 0.00104853 2
1387953336.904574669 0 0 0 23.318 0 0  0 0.000698289 2
1387953337.004555541 0 0 0 23.324 0 0  0 0.00104716 2
1387953337.104627203 0 0 0 23.325 0 0  0 0.000174645 2
1387953337.204606888 0 0 0 23.33 0 0  0 0.000872695 2
1387953337.304706350 0 0 0 23.335 0 0  0 0.000871651 2
1387953337.404709915 0 0 0 23.337 0 0  0 0.000349195 2
1387953337.504703220 0 0 0 23.341 0 0  0 0.000698128 2
1387953337.604652522 0 0 0 23.344 0 0  0 0.00052391 2
1387953337.704564949 0 0 0 23.346 0 0  0 0.000349513 2
1387953337.804712391 0 0 0 23.349 0 0  0 0.000522873 2
1387953337.904575019 0 0 0 23.354 0 0  0 0.000873718 2
1387953338.004541781 0 0 0 23.363 0 0  0 0.00157145 2
1387953338.104676510 0 0 0 23.367 0 0  0 0.000697142 2
1387953338.204569105 0 0 0 23.373 0 0  0 0.00104808 2
1387953338.304648590 0 0 0 23.377 0 0  0 0.000697859 2
1387953338.404575609 0 0 0 23.377 0 0  0 0 2
1387953338.504582257 0 0 0 23.382 0 0  0 0.00087246 2
1387953338.604681854 0 0 0 23.385 0 0  0 0.000523123 2
1387953338.704579475 0 0 0 23.384 0 0  0 -0.000174616 2
1387953338.804649462 0 0 0 23.391 0 0  0 0.00122087 2
1387953338.904672238 0 0 0 23.396 0 0  0 0.000872319 2
1387953339.004739363 0 0 0 23.398 0 0  0 0.000348973 2
1387953339.104664570 0 0 0 23.403 0 0  0 0.000873171 2
1387953339.204557509 0 0 0 23.406 0 0  0 0.000524205 2
1387953339.304580634 0 0 0 23.409 0 0  0 0.000523523 2
1387953339.404561015 0 0 0 23.413 0 0  0 0.000698218 2
1387953339.504841645 0 0 0 23.415 0 0  0 0.00034823 2
1387953339.604575418 0 0 0 23.417 0 0  0 0.000349805 2
1387953339.704572910 0 0 0 23.42 0 0  0 0.000523657 2
1387953339.804607213 0 0 0 23.424 0 0  0 0.000697842 2
1387953339.904578372 0 0 0 23.426 0 0  0 0.000349308 2
1387953340.004677764 0 0 0 23.43 0 0  0 0.000697388 2
1387953340.104661633 0 0 0 23.432 0 0  0 0.00034893 2
1387953340.204655079 0 0 0 23.434 0 0  0 0.00034923 2
1387953340.304572326 0 0 0 23.44 0 0  0 0.00104816 2
1387953340.404599009 0 0 0 23.445 0 0  0 0.000872285 2
1387953340.504698328 0 0 0 23.45 0 0  0 0.000871985 2
1387953340.604678783 0 0 0 23.452 0 0  0 0.000348942 2
1387953340.704581711 0 0 0 23.456 0 0  0 0.000698759 2
1387953340.804576059 0 0 0 23.461 0 0  0 0.0008729 2
1387953340.904598763 0 0 0 23.463 0 0  0 0.000348795 2
1387953341.004663026 0 0 0 23.469 0 0  0 0.00104662 2
1387953341.104589002 0 0 0 23.471 0 0  0 0.000349466 2
1387953341.204675540 0 0 0 23.473 0 0  0 0.000348572 2
1387953341.304572114 0 0 0 23.479 0 0  0 0.00104837 2
1387953341.404561223 0 0 0 23.481 0 0  0 0.000349245 2
1387953341.504672979 0 0 0 23.486 0 0  0 0.000871544 2
1387953341.604704623 0 0 0 23.491 0 0  0 0.000872242 2
1387953341.704665381 0 0 0 23.496 0 0  0 0.000873194 2
1387953341.804664549 0 0 0 23.501 0 0  0 0.000872525 2
1387953341.904610288 0 0 0 23.504 0 0  0 0.000523928 2
1387953342.004653109 0 0 0 23.507 0 0  0 0.00052342 2
1387953342.104561971 0 0 0 23.511 0 0  0 0.000698718 2
1387953342.204648304 0 0 0 23.512 0 0  0 0.000174287 2
1387953342.304566804 0 0 0 23.518 0 0  0 0.00104814 2
1387953342.404626945 0 0 0 23.524 0 0  0 0.00104666 2
1387953342.504582253 0 0 0 23.53 0 0  0 0.00104776 2
1387953342.604567733 0 0 0 23.535 0 0  0 0.000872645 2
1387953342.704641985 0 0 0 23.542 0 0  0 0.00122082 2
1387953342.804577738 0 0 0 23.546 0 0  0 0.00069853 2
1387953342.904653518 0 0 0 23.554 0 0  0 0.00139544 2
1387953343.004592489 0 0 0 23.559 0 0  0 0.000873051 2
1387953343.104683985 0 0 0 23.564 0 0  0 0.000871721 2
1387953343.204630772 0 0 0 23.565 0 0  0 0.000174863 2
1387953343.304596280 0 0 0 23.567 0 0  0 0.000348994 2
1387953343.404633236 0 0 0 23.569 0 0  0 0.000349078 2
1387953343.504595666 0 0 0 23.572 0 0  0 0.000523841 2
1387953343.604669562 0 0 0 23.572 0 0  0 0 2
1387953343.704703438 0 0 0 23.573 0 0  0 0.000174378 2
1387953343.804705685 0 0 0 23.577 0 0  0 0.000698065 2
1387953343.904707159 0 0 0 23.58 0 0  0 0.000523636 2
1387953344.004564479 0 0 0 23.583 0 0  0 0.000524392 2
1387953344.104646972 0 0 0 23.582 0 0  0 -0.000174293 2
1387953344.204681478 0 0 0 23.588 0 0  0 0.00104659 2
1387953344.304591039 0 0 0 23.591 0 0  0 0.000524118 2
1387953344.404623593 0 0 0 23.594 0 0  0 0.000523474 2
1387953344.504653496 0 0 0 23.597 0 0  0 0.000523488 2
1387953344.604658876 0 0 0 23.601 0 0  0 0.000698044 2
1387953344.704659724 0 0 0 23.608 0 0  0 0.00122171 2
1387953344.804579764 0 0 0 23.612 0 0  0 0.00069864 2
1387953344.904563073 0 0 0 23.617 0 0  0 0.000872997 2
1387953345.004630200 0 0 0 23.622 0 0  0 0.000871933 2
1387953345.104602689 -0.000306837 0.00106686 0.012 23.624 0 0.0106715  0.120033 0.000349303 7
1387953345.204592013 -0.00106543 0.00262062 0.07 23.625 0 0.0155393  0.580062 0.000174456 7
1387953345.304706001 -0.00188565 0.00464392 0.179 23.627 0 0.0202099  1.08876 0.000348809 7
1387953345.404579384 -0.00267535 0.00700846 0.32 23.628 0 0.0236754  1.41179 0.000174658 7
1387953345.504575133 -0.00434026 0.00881427 0.486 23.622 -0.0166498 0.0180588  1.66007 -0.00104733 7
1387953345.604557819 -0.00352903 0.00947462 0.507 23.641 0 0  0.210036 0.00331688 7
1387953345.704677039 -0.00308794 0.0116398 0.561 23.654 0 0.021626  0.539357 0.00226598 7
1387953345.804719937 -0.00304608 0.0131323 0.616 23.639 0 0.0149191  0.549764 -0.00261676 7
1387953345.904601698 -0.00291385 0.0130937 0.212 23.626 0 0  -4.04478 -0.0022717 7
1387953346.004589342 -0.00291203 0.0128674 0.217 23.625 0 0  0.0500062 -0.000174459 7
1387953346.104589209 -0.00309754 0.0125399 0.168 23.647 0 0  -0.490001 0.00383962 7
1387953346.204657656 -0.00280742 0.0126664 0.194 23.66 0 0  0.259822 0.00226746 7
1387953346.304682046 -0.00293653 0.0125406 0.191 23.631 0 0  -0.0299927 -0.0050601 7
1387953346.404671854 -0.00303549 0.0122925 0.129 23.643 0 0  -0.620063 0.00209446 7
1387953346.504587771 -0.00248752 0.0126488 0.184 23.643 0 0  0.550463 0 7
1387953346.604574021 -0.00285934 0.0121717 0.17 23.658 0 0  -0.140019 0.00261858 7
1387953346.704660492 -0.00267978 0.0120832 0.111 23.658 0 0  -0.58949 0 7
1387953346.804582204 -0.00274115 0.0121604 0.178 23.637 0 0  0.670525 -0.00366838 7
1387953346.904570132 -0.00283317 0.011822 0.122 23.633 0 0  -0.560068 -0.000698165 7
1387953347.004666165 -0.00270879 0.0120651 0.162 23.681 0 0  0.399616 0.0083696 7
1387953347.104597310 -0.00327409 0.011417 0.1 23.758 0 0  -0.620427 0.0134482 7
1387953347.204568684 -0.00509511 0.0113939 0.012 24.119 -0.0182154 0  -0.880252 0.0630244 7
1387953347.304648865 -0.00643467 0.0104679 0.026 24.323 -0.0133849 0  0.139888 0.0355763 7
1387953347.404589302 -0.00752993 0.00769793 0 24.038 -0.0109591 -0.0277159  -0.260155 -0.0497715 7
1387953347.504601530 -0.00627961 0.0111527 -0.097 23.683 0.0125016 0.0345438  -0.969881 -0.0619515 7
1387953347.604575418 -0.00657361 0.0125043 0.056 23.62 0 0.0135195  1.5304 -0.0109984 7
1387953347.704574027 -0.0113253 0.00881342 0.029 23.864 -0.0475179 -0.0369095  -0.270004 0.0425865 7
1387953347.804672299 -0.0143323 0.00660879 -0.028 23.808 -0.0300398 -0.0220247  -0.56944 -0.00976421 7
1387953348.004682584 -0.0187267 0.00844906 -0.048 23.849 -0.0219708 0  -0.0999949 0.00357777 7
1387953348.204699424 -0.0199252 0.00309916 -0.018 24.217 0 -0.0267473  0.149987 0.0321112 7
1387953348.504575690 -0.0503515 -0.0459324 0.18 11.318 -0.101463 -0.163506  0.660272 -0.750743 7
1387953348.604622350 -0.0622762 -0.0619516 0.356 11.182 -0.119191 -0.160117  1.75918 -0.0237254 7
1387953348.704682423 -0.0809669 -0.0743133 0.771 10.945 -0.186795 -0.123543  4.14751 -0.0413396 7
1387953348.804682148 -0.108268 -0.089615 0.794 10.852 -0.273011 -0.153017  0.230001 -0.0162315 7
1387953349.104700042 -0.199764 -0.139473 0.814 10.754 -0.304969 -0.166185  0.0666627 -0.0057011 7
1387953349.304711459 -0.248901 -0.157081 1.03 10.69 -0.245671 -0.088035  1.07994 -0.00558475 7
1387953349.504586305 -0.268073 -0.164375 1.165 11.293 -0.0959218 -0.0364928  0.675423 0.0526547 7
1387953349.604700636 -0.276838 -0.167042 1.157 11.38 -0.0875504 -0.0266378  -0.0799086 0.015167 7
1387953349.704716223 -0.278037 -0.168302 1.134 11.767 -0.011984 -0.0125962  -0.229964 0.0675337 7
1387953349.804683337 -0.276971 -0.169617 1.08 11.925 0.0106625 -0.0131575  -0.540178 0.0275853 7
1387953349.904579629 -0.276067 -0.166431 1.009 11.978 0 0.0318928  -0.710737 0.00925976 7
1387953350.004691940 -0.276098 -0.162908 0.971 12.131 0 0.0351922  -0.379574 0.0266736 7
1387953350.104685941 -0.275708 -0.161198 0.929 12.201 0 0.0171063  -0.420025 0.0122182 7
1387953350.204710108 -0.278042 -0.159086 0.919 12.485 -0.0233289 0.0211141  -0.0999758 0.0495553 7
1387953350.304579797 -0.279568 -0.155613 0.934 12.696 -0.0152824 0.0347725  0.150196 0.0368746 7
1387953350.404685334 -0.280977 -0.151698 0.942 12.834 -0.0140736 0.0391102  0.0799157 0.0240601 7
1387953350.504692604 -0.282192 -0.147318 0.943 12.844 -0.0121565 0.0437984  0 0.00174524 7
1387953350.604592458 -0.283096 -0.140119 0.978 13.067 0 0.0720608  0.350351 0.03896 7
1387953350.704665100 -0.28627 -0.13013 0.994 13.099 -0.0317181 0.0998162  0.159884 0.00558093 7
1387953350.804697860 -0.287751 -0.118203 0.986 13.027 -0.0148032 0.119232  -0.0799738 -0.0125622 7
1387953350.904565518 -0.288518 -0.105739 0.98 12.943 0 0.124807  -0.0600795 -0.0146803 7
1387953351.004565737 -0.292004 -0.0922561 0.971 12.898 -0.0348576 0.134827  -0.0899998 -0.00785398 7
1387953351.104645914 -0.295372 -0.079624 0.966 12.884 -0.0336547 0.12622  -0.0499599 -0.00244149 7
1387953351.204541727 -0.299619 -0.0670036 0.963 12.83 -0.0425164 0.126335  -0.0300313 -0.00943459 4
1387953351.304734076 -0.30395 -0.0578217 0.965 12.797 -0.0432292 0.0916433  0.0199616 -0.00574853 4
1387953351.404646781 -0.306583 -0.0488869 0.968 12.776 -0.0263431 0.0894258  0.0300262 -0.00366838 4
1387953351.504797721 6.77592 0.107127 0.967 179.982 0.0134085 -0.0833448  0 29.139 4
1387953351.604708607 6.77814 0.100511 0.966 179.93 0.022158 -0.0662161  -0.0100089 -0.00908382 4
1387953351.704682070 6.77779 0.0965133 0.969 179.728 0 -0.0399924  0.030008 -0.0352651 4
1387953351.804664129 6.77734 0.0922847 0.968 179.65 0 -0.0422929  -0.0100018 -0.013616 4
1387953351.905092124 6.77647 0.0908178 0.969 179.55 0 -0.0146074  0 -0.0173788 4
1387953352.004820598 6.77389 0.0899231 0.97 179.52 -0.0258751 0  0.0100272 -0.00525036 4
1387953352.104782887 6.76942 0.0894038 0.97 179.477 -0.0446792 0  0 -0.00750762 4
1387953352.204838908 6.76481 0.0894381 0.972 179.415 -0.0460686 0  0.0199888 -0.010815 4
1387953352.304782891 6.75889 0.0934019 0.976 179.332 -0.0592381 0.0396598  0.0400224 -0.0144944 4
1387953352.404772490 6.75337 0.0981503 0.978 179.3 -0.0552278 0.0474888  0.0200021 -0.00558556 4
1387953352.504834523 6.74685 0.103189 0.979 179.26 -0.0651544 0.0503552  0 -0.00697698 4
1387953352.604732488 6.74043 0.107278 0.976 179.224 -0.0643382 0.0409361  -0.0300306 -0.00628965 4
1387953352.704654554 6.73533 0.110842 0.978 179.157 -0.0510085 0.0356671  0.0200156 -0.0117029 4
1387953352.804661197 6.72873 0.114414 0.977 179.103 -0.0660112 0.0357117  0 -0.00942413 4
1387953352.904653029 6.72419 0.116924 0.976 179.013 -0.0454188 0.0251031  -0.0100008 -0.0157093 4
1387953353.004729994 6.7202 0.119716 0.979 178.973 -0.0397824 0.0278973  0.0299769 -0.00697594 4
1387953353.104665829 6.71361 0.123883 0.981 179.006 -0.0660226 0.0417011  0.0200128 0.00576328 4
1387953353.204662551 6.70693 0.128369 0.976 179.024 -0.0667564 0.0448582  -0.0500016 0.0031418 4
1387953353.304836537 6.69884 0.131187 0.978 179.009 -0.0807859 0.0281361  0.0199653 -0.00261351 4
1387953353.404796312 6.69046 0.132719 0.979 178.976 -0.0837827 0.0153259  0.010004 -0.0057619 4
1387953353.604830904 6.67438 0.136066 0.983 178.942 -0.0803955 0.0167322  0.0199965 -0.0029665 4
1387953353.704641703 6.66652 0.135365 0.996 178.733 -0.0787533 0  0.130246 -0.0365466 4
1387953353.804749059 6.65885 0.134095 0.996 178.637 -0.0766563 -0.0126807  0 -0.0167371 4
1387953353.904801446 6.65197 0.133594 0.994 178.6 -0.0687181 0  -0.0199895 -0.00645429 4
1387953354.004757174 6.64344 0.134028 0.999 178.577 -0.0853295 0  0.0500221 -0.00401616 4
1387953354.104775053 6.63583 0.13376 0.999 178.565 -0.0761439 0  0 -0.00209404 4
1387953354.204636149 6.6293 0.131482 1.003 178.593 -0.0653885 -0.0228125  0.0400556 0.00489386 4
1387953354.304668147 6.62405 0.130076 1.005 178.597 -0.0524992 -0.0140514  0.0199936 0.000697858 4
1387953354.404662007 6.6212 0.127962 1.005 178.583 -0.0284412 -0.0211449  0 -0.0024436 4
1387953354.504616478 6.61842 0.124331 1.008 178.592 -0.0278158 -0.0363225  0.0300137 0.00157148 4
1387953354.604657271 6.6154 0.121902 1.003 178.606 -0.0301808 -0.0242823  -0.0499796 0.00244245 4
1387953354.704654136 6.61442 0.119696 1 178.608 0 -0.0220594  -0.0300009 0.000349051 4
1387953354.804846761 6.61241 0.117263 0.995 178.589 -0.0200514 -0.0242862  -0.0499039 -0.00330976 4
1387953354.904794950 6.60998 0.115255 0.994 178.595 -0.0243061 -0.0200945  -0.0100052 0.00104783 4
1387953355.104867389 6.60494 0.112883 0.996 178.559 -0.0251861 -0.0118526  0 -0.00314048 4
1387953355.204811522 6.60361 0.112083 0.993 178.492 -0.0132834 0  -0.0300168 -0.0117003 4
1387953355.304808805 6.6029 0.110479 0.996 178.417 0 -0.0160373  0.0300008 -0.0130903 4
1387953355.404748818 6.6014 0.109689 0.992 178.311 -0.0150448 0  -0.040024 -0.0185116 4
1387953355.504644413 6.59974 0.1144 0.999 177.954 -0.0165887 0.0471576  0.0700732 -0.0623734 4
1387953355.604644491 6.59774 0.118911 0.996 177.947 -0.0200185 0.0451105  -0.03 -0.00122172 4
1387953355.704737385 6.59474 0.124158 0.998 177.968 -0.0299734 0.0524215  0.0199814 0.00366194 4
1387953355.804658058 6.59382 0.129407 0.996 178.002 0 0.0525318  -0.0200159 0.00593873 4
1387953355.904712047 6.59209 0.135515 0.993 178.036 -0.0172905 0.0610496  -0.0299838 0.00593099 4
1387953356.004787344 6.59109 0.141435 0.997 178.046 0 0.0591541  0.0399699 0.00174389 4
1387953356.104848739 6.58959 0.147482 0.996 178.077 -0.0149655 0.0604257  0 0.00540722 4
1387953356.204663527 6.58875 0.153053 0.988 178.171 0 0.0558215  -0.0801484 0.0164365 4
1387953356.804829302 6.57894 0.197774 0.984 178.262 -0.0163482 0.0745134  0 0.00264637 4
1387953357.404836475 6.56118 0.226241 0.992 178.092 -0.0295914 0.047444  0.0133332 -0.00494504 4
1387953357.904856621 6.54576 0.239114 0.996 177.297 -0.0308478 0.0257455  0 -0.0277496 4
1387953358.204806834 6.53386 0.254073 0.999 177.135 -0.0396643 0.0498704  0.0100017 -0.00942633 4
1387953358.504856029 6.52273 0.277043 0.99 176.582 -0.0370884 0.0765553  -0.0299951 -0.032167 4
1387953358.704817283 6.51881 0.306097 0.981 176.713 -0.019647 0.145298  -0.0450087 0.0114342 4
1387953358.804820221 6.52004 0.317164 0.977 177.059 0.0123155 0.110669  -0.0399988 0.0603866 4
1387953359.104666175 6.52648 0.32162 0.95 177.488 0.0214802 0.0148616  -0.0900462 0.024971 4
1387953359.404827592 6.52303 0.313282 0.986 177.653 -0.0114773 -0.0277775  0.119935 0.00959415 4
1387953359.604843953 6.51897 0.29544 1.013 177.338 -0.0203345 -0.0892058  0.134989 -0.0274867 4
1387953359.804851100 6.51274 0.275687 1.023 177.197 -0.0311104 -0.0987619  0.0499982 -0.0123042 4
1387953360.004866119 6.50661 0.257699 1.038 177.154 -0.0306577 -0.0899295  0.0749944 -0.00375211 4
1387953360.104821290 6.50491 0.24769 1.004 177.222 -0.0169848 -0.100138  -0.340152 0.0118735 4
1387953360.204618273 6.50392 0.240652 0.989 177.301 0 -0.0705274  -0.150305 0.0138161 4
1387953360.304615134 6.50575 0.231223 0.986 177.379 0.0183284 -0.0942863  -0.0300009 0.013614 4
1387953360.404635327 6.50974 0.221198 0.983 177.459 0.0399118 -0.10023  -0.0299939 0.0139598 4
1387953360.504648953 6.51328 0.212881 0.986 177.566 0.0353571 -0.0831656  0.0299959 0.0186725 4
1387953360.604652034 6.51683 0.204533 0.991 177.593 0.0355381 -0.0834795  0.0499985 0.00471232 4
1387953360.704653853 6.52092 0.194893 0.994 177.58 0.0408644 -0.0963888  0.0299995 -0.00226897 4
1387953360.804829651 6.52503 0.18189 1 177.582 0.0409958 -0.129805  0.0598947 0.000348428 4
1387953360.904647373 6.53118 0.169086 1.003 177.55 0.0616219 -0.128272  0.0300548 -0.00559518 4
1387953361.004711703 6.53511 0.158476 1.001 177.587 0.0393236 -0.106037  -0.0199871 0.00645351 4
1387953361.104733576 6.537 0.149919 1.002 177.631 0.0188773 -0.0855466  0 0.00767771 4
1387953361.204732955 6.53826 0.14198 0.999 177.613 0.0125641 -0.0793909  -0.0300002 -0.00314155 4
1387953361.304633224 6.53725 0.136757 0.996 177.57 -0.010102 -0.0522881  -0.0300299 -0.00751245 4
1387953361.404846877 6.53649 0.134036 0.989 177.541 0 -0.0271503  -0.0698508 -0.00505055 4
1387953361.504680659 6.53656 0.13365 0.993 177.541 0 0  0.0400666 0 4
1387953361.604852410 6.53489 0.134427 0.989 177.575 -0.0166562 0  -0.0399314 0.00592385 4
1387953361.704752616 6.53362 0.135593 0.982 177.581 -0.0127221 0.0116726  -0.0700699 0.00104833 4
1387953361.804800876 6.53284 0.13742 0.979 177.567 0 0.0182534  -0.0299855 -0.00244227 4
1387953361.904787615 6.53174 0.139662 0.974 177.583 -0.0109888 0.0224241  -0.0500066 0.00279286 4
1387953362.004757380 6.53009 0.142292 0.969 177.61 -0.0165601 0.0263113  -0.0500151 0.00471372 4
1387953362.104666945 6.52913 0.145325 0.965 177.642 0 0.030354  -0.0400362 0.0055902 4
1387953362.404929009 6.52584 0.153757 0.963 177.661 -0.0109611 0.0280836  0 0.00110441 4
1387953362.504842416 6.52459 0.156723 0.963 177.66 -0.0124469 0.0296874  0 -0.000174755 4
1387953362.804688993 6.52739 0.15527 0.953 177.749 0 0  -0.0333504 0.00518044 4
1387953362.904869815 6.52793 0.155471 0.953 177.766 0 0  0 0.00296174 4
1387953363.304814880 6.52471 0.16381 0.952 177.962 0 0.0208501  0 0.00855329 4
1387953363.504862737 6.52472 0.161091 0.973 178.162 0 -0.0135922  0.104975 0.0174491 4
1387953363.604822794 6.52436 0.159786 0.972 178.165 0 -0.0130551  -0.010004 0.000523853 4
1387953363.804657007 6.52177 0.160796 0.987 178.595 -0.012954 0  0.0750622 0.0375557 4
1387953363.904723293 6.52095 0.164507 0.985 178.712 0 0.0370858  -0.0199868 0.0204068 4
1387953364.004840216 6.52085 0.168816 0.981 178.855 0 0.0430431  -0.0399533 0.024929 4
1387953364.104858302 6.52185 0.173288 0.978 178.908 0 0.0447106  -0.0299946 0.00924865 4
1387953364.204765081 6.5238 0.180176 0.978 179.055 0.0195028 0.0689402  0 0.0256803 4
1387953364.304680998 6.52563 0.184483 0.972 179.393 0.0183024 0.0431065  -0.0600505 0.0590417 4
1387953364.404835915 6.52733 0.186755 0.971 179.544 0.0170114 0.0226884  0 0.0263137 4
1387953364.604685702 6.53258 0.189968 0.975 179.785 0.0262793 0.0160772  0.020015 0.021047 4
1387953364.704701066 6.53599 0.189926 0.976 -179.948 0.0340375 0  0 -62.7756 4
1387953364.804814289 6.53915 0.189973 0.977 -179.928 0.0316268 0  0 0.00348662 4
1387953364.904771764 6.54416 0.186106 0.991 -179.618 0.0500824 -0.0386839  0.14006 0.0541283 4
1387953365.004867731 6.54863 0.181548 0.994 -179.595 0.0446939 -0.0455307  0.0299712 0.00401037 4
1387953365.104896445 6.55124 0.175366 0.995 -179.493 0.026073 -0.0618023  0 0.0177973 4
1387953365.204748526 6.55478 0.16381 1.012 -179.294 0.0354667 -0.115731  0.170252 0.0347836 4
1387953365.304680856 6.5571 0.147226 1.013 -179.288 0.0231431 -0.165955  0.0100068 0.00104783 4
1387953365.404711942 6.56071 0.12861 1.009 -179.265 0.0361544 -0.186106  -0.0399876 0.00401297 4
1387953365.504837805 6.56329 0.114337 1.007 -179.293 0.0257481 -0.142546  -0.0199749 -0.00488076 4
1387953365.804850467 6.56719 0.0676375 1.004 -179.354 0.0130146 -0.155659  0 -0.00354868 4
1387953365.904694449 6.5667 0.0547933 1.007 -179.569 0 -0.128643  0.0300469 -0.0375832 4
1387953366.004687891 6.56605 0.0410488 1.006 -179.898 0 -0.137454  -0.0100007 -0.057425 4
1387953366.104702355 6.56405 0.0291946 1.007 179.948 -0.0199333 -0.118525  0 62.7959 4
1387953366.204659266 6.5619 0.0177886 0.998 179.856 -0.0214867 -0.114109  -0.0900388 -0.016064 4
1387953366.304836951 6.56091 0.00668457 0.997 179.759 0 -0.110843  0 -0.0168997 4
1387953366.404759225 6.55843 -0.00325399 0.987 179.647 -0.0247906 -0.0994629  -0.100078 -0.0195628 4
1387953366.504661173 6.55712 -0.0122427 0.979 179.682 -0.0130663 -0.0899748  -0.0800785 0.00611462 4
1387953366.604851642 6.55558 -0.0200307 0.979 179.669 -0.0154154 -0.0777322  0 -0.0022647 4
1387953366.704769720 6.55284 -0.026746 0.976 179.714 -0.0274466 -0.0672084  -0.0300246 0.00786043 4
1387953366.804659240 6.55033 -0.0303077 0.966 179.764 -0.0250796 -0.0356565  -0.100111 0.00873633 4
1387953366.905185711 6.54607 -0.0330412 0.965 179.733 -0.0423955 -0.0271914  0 -0.00538221 4
1387953367.004801315 6.54185 -0.0376534 0.965 179.744 -0.0423379 -0.0463003  0 0.00192738 4
1387953367.104815713 6.53772 -0.0424106 0.966 179.726 -0.0413794 -0.0475646  0 -0.00314125 4
1387953367.404856866 6.53146 -0.0521518 0.969 179.651 -0.0208521 -0.0324663  0 -0.00436271 4
1387953367.604820563 6.52873 -0.0502974 0.97 179.446 -0.0136597 0  0 -0.0178929 4
1387953367.704754712 6.52697 -0.0470084 0.969 179.071 -0.0175946 0.0329114  -0.0100066 -0.065493 4
1387953367.904750255 6.52467 -0.0426856 0.972 178.728 -0.0114786 0.0216147  0.0150003 -0.0299331 4
1387953368.104824576 6.52454 -0.0423827 0.977 178.344 0 0  0.0249907 -0.0334979 4
1387953368.205006031 6.52718 -0.0379143 0.971 178.05 0.0262602 0.0446031  -0.0598913 -0.0512197 4
1387953368.304600541 6.53107 -0.0308053 0.972 177.937 0.0391253 0.0713801  0.0100407 -0.0198025 4
1387953368.404663128 6.53487 -0.0229677 0.982 177.79 0.0379124 0.0783264  0.0999375 -0.0256403 4
1387953368.504743797 6.53864 -0.0157196 0.987 177.646 0.037715 0.0724229  0.0499597 -0.0251125 4
1387953368.604654968 6.54109 -0.0094506 0.998 177.511 0.0245691 0.0627459  0.110098 -0.0235829 4
1387953368.704665522 6.54304 -0.00505089 1.006 177.353 0.0194462 0.0439924  0.0799916 -0.0275733 4
1387953368.804758138 6.54533 0.000180652 1.027 177.183 0.0228465 0.052267  0.209806 -0.0296432 4
1387953368.904754088 6.54632 0.00484261 1.033 177.095 0 0.0466215  0.0600024 -0.0153594 4
1387953369.004644381 6.54736 0.00895185 1.039 177.044 0.0104074 0.0411376  0.0600659 -0.00891106 4
1387953369.104695719 6.54693 0.0150587 1.042 176.951 0 0.0610371  0.0299846 -0.0162231 4
1387953369.204636154 6.54438 0.0233095 1.043 176.884 -0.0254991 0.0825572  0.010006 -0.0117007 4
1387953369.304852455 6.5439 0.0359193 1.045 176.832 0 0.125825  0.0199568 -0.00905613 4
1387953369.404650834 6.54281 0.0511266 1.048 176.785 -0.010948 0.152381  0.0300606 -0.00821961 4
1387953369.504668089 6.54053 0.0681549 1.055 176.786 -0.0228102 0.170253  0.0699879 0.000174573 4
1387953369.604631361 6.53926 0.0847861 1.058 176.765 -0.0126959 0.166373  0.030011 -0.00366652 4
1387953369.704770705 6.53711 0.102111 1.067 176.769 -0.0214761 0.173003  0.0898748 0.00069711 4
1387953369.804841738 6.53417 0.12011 1.062 176.766 -0.0294124 0.179864  -0.0499645 -0.000523272 4
1387953369.904762402 6.53286 0.138952 1.054 176.778 -0.0130886 0.188575  -0.0800635 0.00209607 4
1387953370.004761919 6.52984 0.159802 1.04 176.795 -0.0301349 0.208501  -0.140001 0.00296711 4
1387953370.104731200 6.52738 0.178144 1.035 176.808 -0.0246114 0.18347  -0.0500154 0.00226954 4
1387953370.204749296 6.52677 0.195095 1.035 176.845 0 0.169484  0 0.00645666 4
1387953370.304837093 6.5259 0.209059 1.034 176.846 0 0.139516  0 0.000174284 4
1387953370.404770470 6.52796 0.21999 1.039 176.79 0.020618 0.109379  0.0500333 -0.00978032 4
1387953370.504731017 6.53012 0.230784 1.039 176.79 0.0216447 0.107987  0 0 4
1387953370.604787527 6.53426 0.240125 1.039 176.765 0.0413097 0.0933548  0 -0.00436079 4
1387953370.713592354 6.5409 0.251333 1.041 176.714 0.0610222 0.103009  0.0183815 -0.00818096 4
1387953370.804624740 6.54741 0.260033 1.041 176.659 0.0715928 0.0955705  0 -0.0105448 4
1387953370.904621186 6.55493 0.267318 1.039 176.586 0.0751959 0.0728542  -0.0200007 -0.0127413 4
1387953371.004828341 6.56459 0.270767 1.042 176.37 0.0963384 0.0344181  0.029938 -0.0376213 4
1387953371.104790213 6.57206 0.272558 1.038 176.232 0.0747297 0.0179195  -0.0400153 -0.0240946 4
1387953371.204831842 6.57611 0.271391 1.045 176.037 0.0405144 -0.0116612  0.0699709 -0.0340199 4
1387953371.304706070 6.57791 0.266564 1.028 175.808 0.0180741 -0.0483315  -0.170214 -0.0400184 4
1387953371.404685333 6.57752 0.260121 1.021 175.594 0 -0.0644458  -0.0700145 -0.0373577 4
1387953371.504823911 6.57553 0.254415 1.011 175.38 -0.0198973 -0.0569849  -0.0998616 -0.0372983 4
1387953371.604811133 6.57394 0.24994 1.002 175.146 -0.0158154 -0.0447527  -0.0900115 -0.040846 4
1387953371.704668382 6.57094 0.244345 0.998 175.028 -0.0300658 -0.0560319  -0.0400572 -0.0206243 4
1387953371.804739489 6.56973 0.238847 0.982 174.895 -0.0121442 -0.0549414  -0.159886 -0.0231964 4
1387953371.904748154 6.56865 0.233782 0.976 174.787 -0.0108063 -0.0506425  -0.0599948 -0.0188479 4
1387953372.004836860 6.5663 0.229122 0.972 174.712 -0.0234559 -0.0465624  -0.0399645 -0.0130784 4
1387953372.104652069 6.56572 0.223277 0.968 174.674 0 -0.0585556  -0.0400741 -0.00664455 4
1387953372.204625676 6.56406 0.220898 0.966 174.627 -0.0166314 -0.023799  -0.0200053 -0.0082052 4
1387953372.304742249 6.56212 0.219883 0.963 174.586 -0.0193424 -0.0101367  -0.0299651 -0.0071475 4
1387953372.404851971 6.56097 0.218975 0.967 174.569 -0.0114775 0  0.0399562 -0.00296384 4
1387953372.504837667 6.55825 0.21816 0.961 174.57 -0.0272409 0  -0.0600086 0.000174628 4
1387953372.604850942 6.55445 0.218808 0.958 174.588 -0.037975 0  -0.029996 0.00314111 4
1387953372.704654973 6.55137 0.216992 0.963 174.604 -0.0308865 -0.0182014  0.0500982 0.00279806 4
1387953372.804645832 6.54543 0.216185 0.962 174.679 -0.0593564 0  -0.0100009 0.0130911 4
1387953372.904664764 6.53941 0.216778 0.96 174.77 -0.0602126 0  -0.0199962 0.0158795 4
1387953373.004820451 6.53499 0.218981 0.952 174.863 -0.0441376 0.0220019  -0.0798756 0.0162063 4
1387953373.104715410 6.52918 0.219524 0.95 174.948 -0.0581449 0  -0.020021 0.0148509 4
1387953373.204722333 6.52412 0.219138 0.961 175.079 -0.0506168 0  0.109992 0.0228622 4
1387953373.304761455 6.51812 0.220998 0.959 175.325 -0.059942 0.0185878  -0.0199922 0.0429183 4
1387953373.404640216 6.51331 0.223323 0.971 175.636 -0.0481726 0.0232777  0.120146 0.0543456 4
1387953373.504656914 6.51145 0.225805 0.966 175.981 -0.0186115 0.024816  -0.0499917 0.0602039 4
1387953373.604649798 6.51115 0.228265 0.952 176.291 0 0.0246042  -0.14001 0.0541091 4
1387953373.704661119 6.51035 0.229659 0.947 176.543 0 0.0139347  -0.0499943 0.0439773 4
1387953373.804721329 6.51129 0.229264 0.946 176.753 0 0  0 0.0366299 4
1387953373.904671887 6.51353 0.227322 0.949 177.015 0.0224108 -0.0194301  0.0300148 0.0457503 4
1387953374.004661699 6.51678 0.225429 0.957 177.233 0.0325471 -0.0189341  0.0800082 0.038052 4
1387953374.104677282 6.52216 0.22252 0.953 177.465 0.0537433 -0.0290855  -0.0399938 0.0404854 4
1387953374.204771085 6.52818 0.217749 0.944 177.748 0.0601581 -0.0476685  -0.0899157 0.0493465 4
1387953374.304664165 6.53526 0.210982 0.944 178.074 0.0709054 -0.0677407  0 0.0569587 4
1387953374.404747004 6.54388 0.205026 0.945 178.42 0.0860915 -0.0595148  0 0.0603384 4
1387953374.504732343 6.55035 0.201297 0.944 178.725 0.0647481 -0.037293  -0.0100015 0.0532404 4
1387953374.604726762 6.55747 0.195406 0.946 178.983 0.071155 -0.0589089  0.0200011 0.0450319 4
1387953374.704678302 6.56515 0.189518 0.957 179.179 0.0768442 -0.0589149  0.110053 0.0342251 4
1387953374.804788307 6.57193 0.184046 0.963 179.313 0.067756 -0.0546594  0.0599341 0.0233617 4
1387953374.904690677 6.57979 0.179209 0.965 179.367 0.0786311 -0.0484103  0.0200195 0.00943397 4
1387953375.004699486 6.58739 0.174432 0.968 179.385 0.0759695 -0.0477702  0.0299974 0.00314142 4
1387953375.104859982 6.59329 0.168412 0.969 179.423 0.0589088 -0.0601043  0 0.00662164 4
1387953375.204723380 6.59911 0.161586 0.97 179.459 0.0582621 -0.0683538  0.0100137 0.00629166 4
1387953375.304688119 6.60669 0.154498 0.973 179.498 0.07592 -0.0708999  0.0300106 0.00680927 4
1387953375.404700492 6.61058 0.150495 0.984 179.779 0.0388084 -0.0400306  0.109986 0.0490377 4
1387953375.504791986 6.61493 0.145985 0.985 179.874 0.0435132 -0.0450529  0 0.0165654 4
1387953375.604644276 6.61837 0.14228 0.986 179.943 0.0344042 -0.0371056  0.0100148 0.0120606 4
1387953375.704715246 6.62161 0.139488 0.986 179.999 0.0324152 -0.0279055  0 0.00976687 4
1387953376.004782804 6.62548 0.137306 0.988 -179.907 0.0128905 0  0 -20.9338 4
1387953376.504852541 6.62757 0.141211 0.996 -179.523 0 0  0.0159978 0.0134023 4
1387953377.004765625 6.59289 0.104899 1 -178.479 -0.0693617 -0.072635  0 0.0364488 4
1387953377.104847000 6.58563 0.0974354 0.994 -178.454 -0.0725071 -0.07458  -0.0599512 0.00435971 4
1387953377.504830960 6.56198 0.041946 0.971 -179.614 -0.0591357 -0.138729  -0.0575023 -0.0506166 4
1387953377.804834888 6.55939 0.0423924 0.969 179.052 0 0  0 20.8661 4
1387953378.004836722 6.56023 0.0459504 0.971 178.925 0 0.01779  0 -0.0110827 4
1387953378.504818596 6.57383 0.0447739 0.993 177.808 0.0272199 0  0.0440016 -0.0389921 4
1387953378.604856882 6.57565 0.0452426 1.004 177.616 0.0181079 0  0.109958 -0.0334974 4
1387953378.704859751 6.57847 0.0476942 1.003 177.603 0.0281901 0.0245154  0 -0.00226895 4
1387953378.804674256 6.58082 0.0573971 1.006 177.699 0.0236121 0.0972095  0.0300558 0.0167864 4
1387953378.904668677 6.58307 0.0673214 1.006 177.697 0.0225233 0.0992485  0 -0.000349226 4
1387953379.004806618 6.58681 0.0838669 1.005 177.782 0.0373158 0.165226  0 0.0148149 4
1387953379.104745446 6.58871 0.100307 1.011 177.751 0.0189892 0.164502  0.0600367 -0.00541369 4
1387953379.204824234 6.58981 0.113969 1.016 177.704 0.0110448 0.136508  0.0499606 -0.00819674 4
1387953379.504745964 6.58575 0.129696 1.025 177.629 -0.0135468 0.0524375  0.0300078 -0.00436445 4
1387953379.604815810 6.58469 0.134193 1.029 177.602 -0.0106088 0.0449429  0.0399721 -0.00470901 4
