1388306656.463147462 0 0 0 18.424 0 0  0 0.0458632 2
1388306656.563121634 0 0 0 18.425 0 0  0 0.000174482 2
1388306656.663147270 0 0 0 18.425 0 0  0 0 2
1388306656.763110891 0 0 0 18.425 0 0  0 0 2
1388306656.963128786 0 0 0 18.428 0 0  0 0.000261799 2
1388306657.063111823 0 0 0 18.43 0 0  0 0.000349266 2
1388306657.163120555 0 0 0 18.432 0 0  0 0.000348844 2
1388306657.263104077 0 0 0 18.435 0 0  0 0.00052373 2
1388306657.363149205 0 0 0 18.435 0 0  0 0 2
1388306657.463128743 0 0 0 18.434 0 0  0 -0.000174473 2
1388306657.563023784 0 0 0 18.435 0 0  0 0.00017462 2
1388306657.663122188 0 0 0 18.435 0 0  0 0 2
1388306657.763007945 0 0 0 18.436 0 0  0 0.00017497 2
1388306657.863044613 0 0 0 18.437 0 0  0 0.000174373 2
1388306657.963064672 0 0 0 18.438 0 0  0 0.000174402 2
1388306658.063020675 0 0 0 18.438 0 0  0 0 2
1388306658.163041498 0 0 0 18.443 0 0  0 0.000872669 2
1388306658.263023345 0 0 0 18.443 0 0  0 0 2
1388306658.363015454 0 0 0 18.443 0 0  0 0 2
1388306658.463039486 0 0 0 18.443 0 0  0 0 2
1388306658.562997793 0 0 0 18.446 0 0  0 0.000523529 2
1388306658.663153835 0 0 0 18.444 0 0  0 -0.000348331 2
1388306658.763154679 0 0 0 18.445 0 0  0 0.000174436 2
1388306658.863153291 0 0 0 18.448 0 0  0 0.000523651 2
1388306658.963196530 0 0 0 18.449 0 0  0 0.000174362 2
1388306659.063154980 0 0 0 18.448 0 0  0 -0.00017451 2
1388306659.163130891 0 0 0 18.448 0 0  0 0 2
1388306659.263098705 0 0 0 18.45 0 0  0 0.000349319 2
1388306659.363039759 0 0 0 18.453 0 0  0 0.00052362 2
1388306659.463128186 0 0 0 18.455 0 0  0 0.000348898 2
1388306659.563042010 0 0 0 18.456 0 0  0 0.000174588 2
1388306659.663132533 0 0 0 18.456 0 0  0 0 2
1388306659.763135127 0 0 0 18.457 0 0  0 0.000174765 2
1388306659.863034765 0 0 0 18.457 0 0  0 0 2
1388306659.963151899 0 0 0 18.459 0 0  0 0.000348466 2
1388306660.063037507 0 0 0 18.459 0 0  0 0 2
1388306660.163124883 0 0 0 18.461 0 0  0 0.000348902 2
1388306660.263023481 0 0 0 18.462 0 0  0 0.000174614 2
1388306660.363114142 0 0 0 18.464 0 0  0 0.000348891 2
1388306660.477660416 0 0 0 18.467 0 0  0 0.000456856 2
1388306660.563145166 0 0 0 18.467 0 0  0 0 2
1388306660.663037334 0 0 0 18.47 0 0  0 0.000524209 2
1388306660.763145244 0 0 0 18.472 0 0  0 0.000348831 2
1388306660.863027864 0 0 0 18.475 0 0  0 0.000524259 2
1388306660.963054819 0 0 0 18.475 0 0  0 0 2
1388306661.063106157 0 0 0 18.48 0 0  0 0.00087207 2
1388306661.163150797 0 0 0 18.481 0 0  0 0.000174692 2
1388306661.263014473 0 0 0 18.483 0 0  0 0.00034935 2
1388306661.363012874 0 0 0 18.483 0 0  0 0 2
1388306661.463151936 0 0 0 18.484 0 0  0 0.000174195 2
1388306661.563116184 0 0 0 18.486 0 0  0 0.000349332 2
1388306661.663019321 0 0 0 18.487 0 0  0 0.000174606 2
1388306661.763053550 0 0 0 18.487 0 0  0 0 2
1388306661.863032319 0 0 0 18.491 0 0  0 0.000698229 2
1388306661.963018994 0 0 0 18.496 0 0  0 0.000872967 2
1388306662.063107210 0 0 0 18.496 0 0  0 0 2
1388306662.163148913 0 0 0 18.497 0 0  0 0.000174364 2
1388306662.263157227 0 0 0 18.498 0 0  0 0.000174423 2
1388306662.363158777 0 0 0 18.5 0 0  0 0.000349202 2
1388306662.463043407 0 0 0 18.502 0 0  0 0.00034961 2
1388306662.563030417 0 0 0 18.504 0 0  0 0.000348919 2
1388306662.663003958 0 0 0 18.503 0 0  0 -0.000174483 2
1388306662.763158311 0 0 0 18.505 0 0  0 0.000348336 2
1388306663.063153164 -0.00546996 -0.00212314 0.147 18.511 -0.0182335 0  0.490008 0.000349102 7
1388306663.163110216 -0.00739258 -0.00293853 0.228 18.512 -0.0192344 0  0.810348 0.000174512 7
1388306663.263018316 -0.00941266 -0.00381426 0.385 18.513 -0.0202194 0  1.57144 0.000174931 7
1388306663.363123922 -0.0114324 -0.00468299 0.444 18.514 -0.0201763 0  0.589378 0.000174253 7
1388306663.663149994 -0.0145405 -0.00832468 1.027 18.523 -0.0103593 -0.0121379  1.94316 0.000523599 7
1388306666.963074167 -1.33391 -0.734113 1.029 12.695 -0.399819 -0.219941  0 -0.0308243 7
1388306667.063132417 -1.37508 -0.758087 1.03 12.669 -0.411435 -0.239609  0 -0.00453522 7
1388306667.163087178 -1.40656 -0.782822 1.081 12.747 -0.314915 -0.247459  0.510231 0.0136197 7
1388306667.263195154 -1.43408 -0.803344 1.08 12.803 -0.274926 -0.205  0 0.00976343 7
1388306667.363022088 -1.45096 -0.817392 1.061 12.94 -0.169082 -0.140721  -0.190329 0.0239523 7
1388306667.463131467 -1.46527 -0.828663 1.065 12.953 -0.142949 -0.112588  0.0399563 0.00226653 7
1388306667.563202153 -1.47912 -0.839585 1.067 12.968 -0.138381 -0.109138  0.0199859 0.0026162 7
1388306667.663098661 -1.48442 -0.843193 0.988 12.832 -0.0530829 -0.0361263  -0.790818 -0.0237612 7
1388306667.763221035 -1.4881 -0.846981 0.962 12.712 -0.0367218 -0.0378314  -0.259682 -0.0209183 7
1388306670.763009339 -1.18524 -0.732749 0.947 13.157 0.100958 0.0380802  0 0.00258909 4
1388306671.863395571 8.36506 0.975717 0.949 179.964 -0.111125 0  0 2.64574 4
1388306674.276436293 9.18438 -2.28842 0.819 -106.31 0.339538 -1.35271  -0.0538739 -2.07059 3
1388306674.376832791 9.24089 -2.42718 0.807 -100.971 0.562899 -1.38216  -0.119526 0.928151 3
1388306674.477246178 9.30652 -2.56629 0.803 -101.654 0.653528 -1.38533  -0.0398353 -0.118715 3
1388306674.577606230 9.3791 -2.70078 0.802 -103.645 0.723196 -1.34012  0 -0.346248 3
1388306677.327912392 13.0371 -0.0231496 0.772 128.165 1.33003 0.973577  -0.0109079 1.47105 3
1388306677.428365174 13.1785 0.060255 0.785 124.597 1.40775 0.830287  0.129414 -0.619926 3
1388306677.529115493 13.3226 0.137033 0.788 124.88 1.43077 0.762063  0.0297766 0.0490245 3
1388306677.629776399 13.4699 0.203185 0.794 126.136 1.46298 0.657172  0.0596061 0.217774 3
1388306679.239470905 15.8258 1.14667 0.797 127.382 1.46357 0.586124  0 0.0135099 3
1388306679.339973771 15.738 1.07239 0.796 -152.924 -0.873333 -0.739004  0 -48.6778 3
1388306679.440508275 15.6502 0.997054 0.796 -152.697 -0.873334 -0.749388  0 0.0394079 3
1388306681.292588621 11.8101 -0.364593 0.804 -123.725 -2.07343 -0.735199  0 0.273021 3
1388306681.493687391 11.3927 -0.512003 0.804 -123.645 -2.07554 -0.733022  0 0.00694333 3
1388306682.198043995 11.2173 -0.817667 0.822 -153.728 -0.249014 -0.433962  0.0255552 -0.745428 3
1388306682.599806788 11.2989 -0.650929 0.919 -172.476 0.203136 0.415017  0.241436 -0.814447 3
1388306682.791460786 11.2492 -0.541734 0.932 178.611 -0.259594 0.56975  0.0678306 31.9723 8
1388306682.891449907 11.2233 -0.474974 0.922 177.158 -0.258829 0.667674  -0.100011 -0.253624 8
1388306682.991487487 11.1716 -0.381498 0.904 175.64 -0.516711 0.934413  -0.179932 -0.264841 8
1388306683.091371001 11.13 -0.298037 0.89 174.817 -0.416036 0.835577  -0.140163 -0.143808 8
1388306683.491222264 11.1376 -0.249379 0.909 173.779 0.0189097 0.12169  0.0475177 -0.0453081 4
1388306683.591501011 11.1261 -0.219166 0.91 173.721 -0.114667 0.301294  0 -0.0100948 4
1388306683.691493899 11.1181 -0.198899 0.91 173.745 -0.0801581 0.202678  0 0.00418912 4
1388306683.791259652 11.106 -0.097804 0.886 174.3 -0.121153 1.01333  -0.240564 0.0970932 9
1388306683.891560463 11.0871 0.0117389 0.853 174.976 -0.188664 1.09214  -0.32901 0.117631 9
1388306683.991427768 11.0805 0.0793657 0.799 175.996 -0.0653684 0.677166  -0.540718 0.17826 9
1388306684.091474713 11.0903 0.117818 0.759 175.776 0.0975743 0.384339  -0.399812 -0.0383793 9
1388306688.491361522 11.0903 0.117818 0 173.595 0 0  -0.172504 -0.0086515 2
1388306688.691289461 11.0903 0.117818 0 173.594 0 0  0 -8.72916e-05 2
1388306688.791474575 11.0903 0.117818 0 173.593 0 0  0 -0.000174198 2
1388306694.691460372 11.0903 0.117818 0 173.519 0 0  0 -0.000218906 2
1388306694.891262657 11.0903 0.117818 0 173.518 0 0  0 -8.73465e-05 2
1388306694.991417361 11.0903 0.117818 0 173.517 0 0  0 -0.000174334 2
1388306695.191307799 11.0903 0.117818 0 173.512 0 0  0 -0.00043654 2
1388306695.291427377 11.0903 0.117818 0 173.511 0 0  0 -0.000174312 2
1388306695.391462226 11.0903 0.117818 0 173.505 0 0  0 -0.00104684 2
1388306695.491255438 11.0903 0.117818 0 173.503 0 0  0 -0.000349847 2
1388306695.591219547 11.0903 0.117818 0 173.5 0 0  0 -0.000523749 2
1388306695.691343381 11.0903 0.117818 0 173.499 0 0  0 -0.000174304 2
1388306696.191376311 11.0903 0.117818 0 173.491 0 0  0 -0.000279247 2
1388306696.291240970 11.0903 0.117818 0 173.49 0 0  0 -0.000174757 2
1388306696.391272817 11.0903 0.117818 0 173.489 0 0  0 -0.000174465 2
1388306696.491268078 11.0903 0.117818 0 173.487 0 0  0 -0.000349057 2
1388306696.891275444 11.0903 0.117818 0 173.486 0 0  0 -4.36293e-05 2
1388306696.991415201 11.0903 0.117818 0 173.482 0 0  0 -0.00069719 2
1388306700.391261858 11.0903 0.117818 0 173.426 0 0  0 -0.000287478 2
1388306700.491243007 11.0903 0.117818 0 173.424 0 0  0 -0.00034919 2
1388306700.891395356 11.0903 0.117818 0 173.419 0 0  0 -0.000218067 2
1388306700.991260152 11.0903 0.117818 0 173.417 0 0  0 -0.000349596 2
1388306701.191458240 11.0903 0.117818 0 173.417 0 0  0 0 2
1388306701.291314234 11.0903 0.117818 0 173.416 0 0  0 -0.000174772 2
1388306701.391322411 11.0903 0.117818 0 173.417 0 0  0 0.000174506 2
1388306701.491254038 11.0903 0.117818 0 173.415 0 0  0 -0.000349279 2
1388306701.591258799 11.0903 0.117818 0 173.413 0 0  0 -0.000349024 2
1388306701.691464770 11.0903 0.117818 0 173.413 0 0  0 0 2
1388306701.791312516 11.0903 0.117818 0 173.414 0 0  0 0.000174786 2
1388306701.891346889 11.0903 0.117818 0 173.409 0 0  0 -0.000872385 2
1388306701.991460251 11.0903 0.117818 0 173.408 0 0  0 -0.000174323 2
1388306702.491487322 11.0903 0.117818 0 173.407 0 0  0 -3.49022e-05 2
1388306702.591227862 11.0903 0.117818 0 173.395 0 0  0 -0.00209986 2
1388306702.691474393 11.0903 0.117818 0 173.397 0 0  0 0.000348182 2
1388306706.891509829 11.0903 0.117818 0 173.347 0 0  0 -0.000207774 2
1388306706.991294934 11.0903 0.117818 0 173.33 0 0  0 -0.00297348 2
1388306707.091472618 11.0903 0.117818 0 173.33 0 0  0 0 2
1388306707.191300606 11.0903 0.117818 0 173.327 0 0  0 -0.000524463 2
1388306707.491357689 11.0903 0.117818 0 173.316 0 0  0 -0.000639841 2
1388306707.591271860 11.0903 0.117818 0 173.315 0 0  0 -0.00017467 2
1388306708.991442582 11.0903 0.117818 0 173.286 0 0  0 -0.000361492 2
1388306709.391559662 11.0903 0.117818 0 173.279 0 0  0 -0.000305342 2
1388306709.491312639 11.0903 0.117818 0 173.281 0 0  0 0.000349988 2
1388306709.591330458 11.0903 0.117818 0 173.279 0 0  0 -0.000349062 2
1388306709.691459948 11.0903 0.117818 0 173.278 0 0  0 -0.000174295 2
1388306709.791225849 11.0903 0.117818 0 173.275 0 0  0 -0.000524789 2
1388306709.891243732 11.0903 0.117818 0 173.272 0 0  0 -0.00052355 2
1388306709.991269024 11.0903 0.117818 0 173.27 0 0  0 -0.000348952 2
1388306710.091301997 11.0903 0.117818 0 173.27 0 0  0 0 2
1388306710.191322539 11.0903 0.117818 0 173.27 0 0  0 0 2
1388306710.391290354 11.0903 0.117818 0 173.27 0 0  0 0 2
1388306710.491397916 11.0903 0.117818 0 173.267 0 0  0 -0.000523081 2
1388306710.591482430 11.0903 0.117818 0 173.27 0 0  0 0.000523202 2
1388306710.691487398 11.0903 0.117818 0 173.27 0 0  0 0 2
1388306710.791360502 11.0903 0.117818 0 173.268 0 0  0 -0.000349484 2
1388306710.891320975 11.0903 0.117818 0 173.266 0 0  0 -0.000349262 2
1388306711.291645703 11.0903 0.117818 0 173.265 0 0  0 -4.35947e-05 2
1388306711.391490233 11.0903 0.117818 0 173.254 0 0  0 -0.00192288 2
1388306711.491259980 11.0903 0.117818 0 173.253 0 0  0 -0.000174923 2
1388306711.591222479 11.0903 0.117818 0 173.251 0 0  0 -0.000349171 2
1388306711.691866423 11.0903 0.117818 0 173.25 0 0  0 -0.000173404 2
1388306711.791462954 11.0903 0.117818 0 173.246 0 0  0 -0.000700993 2
1388306711.891621016 11.0903 0.117818 0 173.245 0 0  0 -0.000174245 2
1388306711.991265395 11.0903 0.117818 0 173.241 0 0  0 -0.000700656 2
1388306712.191598199 11.0903 0.117818 0 173.234 0 0  0 -0.000609848 2
1388306712.291464182 11.0903 0.117818 0 173.232 0 0  0 -0.000349509 2
1388306712.391484377 11.0903 0.117818 0 173.23 0 0  0 -0.00034897 2
1388306712.491491287 11.0903 0.117818 0 173.231 0 0  0 0.000174508 2
1388306712.591299516 11.0903 0.117818 0 173.228 0 0  0 -0.000524567 2
1388306712.691440745 11.0903 0.117818 0 173.224 0 0  0 -0.00069718 2
1388306712.791412532 11.0903 0.117818 0 173.221 0 0  0 -0.000523792 2
1388306712.891392917 11.0903 0.117818 0 173.221 0 0  0 0 2
1388306712.991257632 11.0903 0.117818 0 173.217 0 0  0 -0.000699027 2
1388306713.091247098 11.0903 0.117818 0 173.214 0 0  0 -0.000523699 2
1388306713.191451882 11.0903 0.117818 0 173.214 0 0  0 0 2
1388306713.291209891 11.0903 0.117818 0 173.21 0 0  0 -0.000699774 2
1388306713.391490867 11.0903 0.117818 0 173.208 0 0  0 -0.000348146 2
1388306713.491304959 11.0903 0.117818 0 173.207 0 0  0 -0.000174845 2
1388306713.591430335 11.0903 0.117818 0 173.206 0 0  0 -0.000174302 2
1388306713.691319498 11.0903 0.117818 0 173.203 0 0  0 -0.000524142 2
1388306713.791462054 11.0903 0.117818 0 173.202 0 0  0 -0.000174272 2
1388306713.891221233 11.0903 0.117818 0 173.201 0 0  0 -0.000175025 2
1388306713.991493003 11.0903 0.117818 0 173.202 0 0  0 0.00017413 2
1388306714.091261415 11.0903 0.117818 0 173.201 0 0  0 -0.000175009 2
1388306714.191493016 11.0903 0.117818 0 173.202 0 0  0 0.0001742 2
1388306714.291379045 11.0903 0.117818 0 173.201 0 0  0 -0.000174803 2
1388306714.391405873 11.0903 0.117818 0 173.194 0 0  0 -0.0012214 2
1388306714.491223944 11.0903 0.117818 0 173.193 0 0  0 -0.000174838 2
1388306714.591467346 11.0903 0.117818 0 173.186 0 0  0 -0.00121876 2
1388306714.691319151 11.0903 0.117818 0 173.185 0 0  0 -0.000174779 2
1388306714.791261816 11.0903 0.117818 0 173.178 0 0  0 -0.00122243 2
1388306714.891339833 11.0903 0.117818 0 173.178 0 0  0 0 2
1388306714.991266926 11.0903 0.117818 0 173.179 0 0  0 0.000174648 2
1388306715.091254990 11.0903 0.117818 0 173.181 0 0  0 0.000349082 2
1388306715.191292292 11.0903 0.117818 0 173.182 0 0  0 0.000174538 2
1388306715.291485692 11.0903 0.117818 0 173.18 0 0  0 -0.00034845 2
1388306715.391351818 11.0903 0.117818 0 173.178 0 0  0 -0.000349508 2
1388306715.491346511 11.0903 0.117818 0 173.176 0 0  0 -0.000349059 2
1388306715.691432364 11.0903 0.117818 0 173.17 0 0  0 -0.000523378 2
1388306715.791308191 11.0903 0.117818 0 173.165 0 0  0 -0.00087377 2
1388306715.891366657 11.0903 0.117818 0 173.165 0 0  0 0 2
1388306715.991271187 11.0903 0.117818 0 173.164 0 0  0 -0.000174687 2
1388306716.091476730 11.0903 0.117818 0 173.163 0 0  0 -0.000174162 2
1388306716.191283761 11.0903 0.117818 0 173.158 0 0  0 -0.000874372 2
1388306716.291445397 11.0903 0.117818 0 173.157 0 0  0 -0.000174239 2
1388306716.391260318 11.0903 0.117818 0 173.154 0 0  0 -0.000524615 2
1388306716.491452317 11.0903 0.117818 0 173.153 0 0  0 -0.000174186 2
1388306716.591228418 11.0903 0.117818 0 173.149 0 0  0 -0.000699648 2
1388306716.691486060 11.0903 0.117818 0 173.146 0 0  0 -0.000522298 2
1388306716.791497110 11.0903 0.117818 0 173.141 0 0  0 -0.000872588 2
1388306716.891434751 11.0903 0.117818 0 173.139 0 0  0 -0.000349258 2
1388306716.991218250 11.0903 0.117818 0 173.138 0 0  0 -0.000174899 2
1388306717.091483858 11.0903 0.117818 0 173.138 0 0  0 0 2
1388306717.191314640 11.0903 0.117818 0 173.134 0 0  0 -0.000699348 2
1388306717.291496306 11.0903 0.117818 0 173.132 0 0  0 -0.000348408 2
1388306717.391285190 11.0903 0.117818 0 173.129 0 0  0 -0.000524752 2
1388306717.491300420 11.0903 0.117818 0 173.129 0 0  0 0 2
1388306717.591323395 11.0903 0.117818 0 173.127 0 0  0 -0.00034896 2
1388306717.691482852 11.0903 0.117818 0 173.124 0 0  0 -0.000522727 2
1388306717.791274948 11.0903 0.117818 0 173.123 0 0  0 -0.000174884 2
1388306717.891444527 11.0903 0.117818 0 173.121 0 0  0 -0.000348533 2
1388306717.991258825 11.0903 0.117818 0 173.12 0 0  0 -0.000174845 2
1388306718.091436514 11.0903 0.117818 0 173.119 0 0  0 -0.000174211 2
1388306718.191265611 11.0903 0.117818 0 173.115 0 0  0 -0.00069936 2
1388306718.291329885 11.0903 0.117818 0 173.113 0 0  0 -0.000348816 2
1388306718.391392808 11.0903 0.117818 0 173.112 0 0  0 -0.000174411 2
1388306718.491428149 11.0903 0.117818 0 173.111 0 0  0 -0.000174459 2
1388306718.591421947 11.0903 0.117818 0 173.111 0 0  0 0 2
1388306718.691387942 11.0903 0.117818 0 173.108 0 0  0 -0.000523822 2
1388306718.791238699 11.0903 0.117818 0 173.108 0 0  0 0 2
1388306718.891248067 11.0903 0.117818 0 173.106 0 0  0 -0.000349008 2
1388306718.991318748 11.0903 0.117818 0 173.104 0 0  0 -0.000348794 2
1388306719.091347466 11.0903 0.117818 0 173.102 0 0  0 -0.000349024 2
1388306719.191266732 11.0903 0.117818 0 173.099 0 0  0 -0.000523984 2
1388306719.291285600 11.0903 0.117818 0 173.097 0 0  0 -0.000348975 2
1388306719.391337009 11.0903 0.117818 0 173.094 0 0  0 -0.000523375 2
1388306719.491379758 11.0903 0.117818 0 173.094 0 0  0 0 2
1388306719.591385354 11.0903 0.117818 0 173.093 0 0  0 -0.000174511 2
1388306719.691220602 11.0903 0.117818 0 173.092 0 0  0 -0.000174808 2
1388306719.791369931 11.0903 0.117818 0 173.091 0 0  0 -0.00017426 2
1388306719.891452071 11.0903 0.117818 0 173.087 0 0  0 -0.000697591 2
1388306719.991260716 11.0903 0.117818 0 173.088 0 0  0 0.000174855 2
1388306720.091451808 11.0903 0.117818 0 173.087 0 0  0 -0.000174187 2
1388306720.191463684 11.0903 0.117818 0 173.086 0 0  0 -0.0001745 2
1388306720.291453772 11.0903 0.117818 0 173.086 0 0  0 0 2
1388306720.391465095 11.0903 0.117818 0 173.085 0 0  0 -0.000174501 2
1388306720.491227016 11.0903 0.117818 0 173.081 0 0  0 -0.00069983 2
1388306720.591457360 11.0903 0.117818 0 173.079 0 0  0 -0.000348238 2
1388306720.691277665 11.0903 0.117818 0 173.075 0 0  0 -0.000699421 2
1388306720.791439904 11.0903 0.117818 0 173.075 0 0  0 0 2
1388306720.891450393 11.0903 0.117818 0 173.07 0 0  0 -0.00087251 2
1388306720.991452778 11.0903 0.117818 0 173.068 0 0  0 -0.000349115 2
1388306721.091203522 11.0903 0.117818 0 173.068 0 0  0 0 2
1388306721.191459775 11.0903 0.117818 0 173.067 0 0  0 -0.000174074 2
1388306721.291227064 11.0903 0.117818 0 173.067 0 0  0 0 2
1388306721.391392044 11.0903 0.117818 0 173.067 0 0  0 0 2
1388306721.591223672 11.0903 0.117818 0 173.064 0 0  0 -0.000262001 2
1388306721.691334027 11.0903 0.117818 0 173.06 0 0  0 -0.000697395 2
1388306721.791414845 11.0903 0.117818 0 173.058 0 0  0 -0.000348759 2
1388306721.891383559 11.0903 0.117818 0 173.056 0 0  0 -0.000349233 2
1388306721.991463187 11.0903 0.117818 0 173.057 0 0  0 0.000174465 2
1388306722.091380146 11.0903 0.117818 0 173.052 0 0  0 -0.00087341 2
1388306722.191237895 11.0903 0.117818 0 173.049 0 0  0 -0.00052439 2
1388306722.291243977 11.0903 0.117818 0 173.047 0 0  0 -0.000349019 2
1388306722.391229106 11.0903 0.117818 0 173.047 0 0  0 0 2
1388306722.491311732 11.0903 0.117818 0 173.045 0 0  0 -0.000348752 2
1388306722.591224856 11.0903 0.117818 0 173.042 0 0  0 -0.000524099 2
1388306722.691321315 11.0903 0.117818 0 173.04 0 0  0 -0.000348704 2
1388306722.791235347 11.0903 0.117818 0 173.04 0 0  0 0 2
1388306722.891372795 11.0903 0.117818 0 173.039 0 0  0 -0.000174281 2
1388306722.991443071 11.0903 0.117818 0 173.039 0 0  0 0 2
1388306723.091208548 11.0903 0.117818 0 173.037 0 0  0 -0.000349944 2
1388306723.191400828 11.0903 0.117818 0 173.036 0 0  0 -0.000174185 2
1388306723.291237892 11.0903 0.117818 0 173.033 0 0  0 -0.000524415 2
1388306723.391425641 11.0903 0.117818 0 173.028 0 0  0 -0.000871049 2
1388306723.491266059 11.0903 0.117818 0 173.027 0 0  0 -0.000174799 2
1388306723.591250002 11.0903 0.117818 0 173.023 0 0  0 -0.000698276 2
1388306723.691290160 11.0903 0.117818 0 173.023 0 0  0 0 2
1388306723.791461704 11.0903 0.117818 0 173.023 0 0  0 0 2
1388306723.891450603 11.0903 0.117818 0 173.022 0 0  0 -0.00017454 2
1388306723.991226845 11.0903 0.117818 0 173.017 0 0  0 -0.000874642 2
1388306724.091465287 11.0903 0.117818 0 173.013 0 0  0 -0.000696421 2
1388306724.191478288 11.0903 0.117818 0 173.012 0 0  0 -0.000174498 2
1388306724.291245791 11.0903 0.117818 0 173.011 0 0  0 -0.000174927 2
1388306724.391413056 11.0903 0.117818 0 173.007 0 0  0 -0.000696998 2
1388306724.492097516 11.0903 0.117818 0 173.008 0 0  0 0.000173334 2
1388306724.591375151 11.0903 0.117818 0 173.007 0 0  0 -0.00017579 2
1388306724.691429501 11.0903 0.117818 0 173.007 0 0  0 0 2
1388306724.791285979 11.0903 0.117818 0 173.003 0 0  0 -0.000699168 2
1388306724.891431749 11.0903 0.117818 0 173.001 0 0  0 -0.000348532 2
1388306724.991430778 11.0903 0.117818 0 173.003 0 0  0 0.000349044 2
1388306725.091435048 11.0903 0.117818 0 173.003 0 0  0 0 2
1388306725.191361852 11.0903 0.117818 0 173.004 0 0  0 0.000174648 2
1388306725.291432546 11.0903 0.117818 0 172.999 0 0  0 -0.000871985 2
1388306725.391262490 11.0903 0.117818 0 172.994 0 0  0 -0.000874171 2
1388306725.491369841 11.0903 0.117818 0 172.992 0 0  0 -0.000348666 2
1388306725.591313899 11.0903 0.117818 0 172.991 0 0  0 -0.000174701 2
1388306725.691429422 11.0903 0.117818 0 172.989 0 0  0 -0.000348638 2
1388306725.791394371 11.0903 0.117818 0 172.989 0 0  0 0 2
1388306725.891428532 11.0903 0.117818 0 172.987 0 0  0 -0.000348921 2
1388306725.991235779 11.0903 0.117818 0 172.983 0 0  0 -0.000699513 2
1388306726.091459075 11.0903 0.117818 0 172.981 0 0  0 -0.000348263 2
1388306726.191251301 11.0903 0.117818 0 172.98 0 0  0 -0.000174884 2
1388306726.291251374 11.0903 0.117818 0 172.983 0 0  0 0.00052356 2
1388306726.391386107 11.0903 0.117818 0 172.979 0 0  0 -0.000697142 2
1388306726.491289942 11.0903 0.117818 0 172.978 0 0  0 -0.000174688 2
1388306726.591207610 11.0903 0.117818 0 172.981 0 0  0 0.000523992 2
1388306726.691230519 11.0903 0.117818 0 172.978 0 0  0 -0.000523441 2
1388306726.791348348 11.0903 0.117818 0 172.978 0 0  0 0 2
