0.305924 -0.244454 0.722 1.38804e+09
0.315395 -0.239047 0.725859 1.38804e+09
0.331368 -0.234413 0.727299 1.38804e+09
0.352864 -0.230905 0.727134 1.38804e+09
0.378996 -0.228896 0.725916 1.38804e+09
0.408968 -0.228712 0.724021 1.38804e+09
0.442069 -0.230613 0.721704 1.38804e+09
0.477663 -0.234792 0.719137 1.38804e+09
0.515188 -0.241386 0.716435 1.38804e+09
0.554143 -0.25048 0.713675 1.38804e+09
0.594085 -0.262117 0.71091 1.38804e+09
0.634621 -0.276308 0.708173 1.38804e+09
0.675403 -0.293035 0.705485 1.38804e+09
0.71612 -0.312262 0.702862 1.38804e+09
0.756498 -0.333935 0.700311 1.38804e+09
0.796289 -0.357988 0.697838 1.38804e+09
0.835275 -0.384345 0.695446 1.38804e+09
0.873257 -0.412922 0.693135 1.38804e+09
0.910056 -0.443629 0.690905 1.38804e+09
0.945511 -0.476372 0.688755 1.38804e+09
0.979476 -0.51105 0.686685 1.38804e+09
1.01182 -0.54756 0.684694 1.38804e+09
1.04242 -0.585796 0.682778 1.38804e+09
1.07116 -0.625647 0.680938 1.38804e+09
1.07394 -0.632164 0.685107 1.38804e+09
1.0801 -0.644715 0.686948 1.38804e+09
1.08934 -0.662189 0.687231 1.38804e+09
1.10152 -0.683578 0.686478 1.38804e+09
1.11658 -0.708002 0.685044 1.38804e+09
1.13441 -0.734705 0.683169 1.38804e+09
1.15494 -0.763032 0.681014 1.38804e+09
1.17806 -0.79242 0.678689 1.38804e+09
1.20368 -0.822382 0.676267 1.38804e+09
1.23168 -0.852495 0.673797 1.38804e+09
1.26194 -0.882393 0.671313 1.38804e+09
1.29437 -0.911757 0.668836 1.38804e+09
1.32882 -0.940308 0.66638 1.38804e+09
1.36519 -0.967804 0.663955 1.38804e+09
1.40334 -0.994032 0.661567 1.38804e+09
1.44316 -1.01881 0.659219 1.38804e+09
1.48451 -1.04197 0.656913 1.38804e+09
1.52726 -1.06337 0.654651 1.38804e+09
1.57129 -1.08289 0.652432 1.38804e+09
1.61647 -1.10042 0.650257 1.38804e+09
1.66266 -1.11588 0.648125 1.38804e+09
1.70973 -1.12917 0.646035 1.38804e+09
1.75756 -1.14023 0.643988 1.38804e+09
1.806 -1.149 0.641982 1.38804e+09
1.85494 -1.15544 0.640017 1.38804e+09
1.90423 -1.15951 0.638091 1.38804e+09
1.95375 -1.16119 0.636204 1.38804e+09
2.00337 -1.16044 0.634354 1.38804e+09
2.05295 -1.15726 0.632543 1.38804e+09
2.10236 -1.15165 0.630767 1.38804e+09
2.11089 -1.14349 0.634508 1.38804e+09
2.12563 -1.13462 0.635735 1.38804e+09
2.14574 -1.12528 0.635284 1.38804e+09
2.17044 -1.11567 0.633733 1.38804e+09
2.19904 -1.10594 0.63148 1.38804e+09
2.23092 -1.09615 0.6288 1.38804e+09
2.26556 -1.08634 0.625879 1.38804e+09
2.30252 -1.07652 0.622843 1.38804e+09
2.34142 -1.06666 0.619777 1.38804e+09
2.38193 -1.05678 0.616738 1.38804e+09
2.42381 -1.04685 0.613762 1.38804e+09
2.46682 -1.03687 0.610871 1.38804e+09
2.51078 -1.02682 0.608079 1.38804e+09
2.55554 -1.01671 0.605393 1.38804e+09
2.60096 -1.00653 0.602816 1.38804e+09
2.64693 -0.996279 0.600348 1.38804e+09
2.69336 -0.985952 0.597987 1.38804e+09
2.74018 -0.975552 0.59573 1.38804e+09
2.78731 -0.965081 0.593572 1.38804e+09
2.83472 -0.954538 0.59151 1.38804e+09
2.88234 -0.943928 0.58954 1.38804e+09
2.93015 -0.933252 0.587656 1.38804e+09
2.97812 -0.922513 0.585856 1.38804e+09
3.02621 -0.911713 0.584133 1.38804e+09
3.0744 -0.900856 0.582484 1.38804e+09
3.12268 -0.889944 0.580906 1.38804e+09
3.17103 -0.87898 0.579394 1.38804e+09
3.21944 -0.867966 0.577944 1.38804e+09
3.2679 -0.856906 0.576554 1.38804e+09
3.3164 -0.845801 0.57522 1.38804e+09
3.36492 -0.834654 0.573939 1.38804e+09
3.41348 -0.823467 0.572708 1.38804e+09
3.46205 -0.812242 0.571525 1.38804e+09
3.51064 -0.800981 0.570386 1.38804e+09
3.55924 -0.789686 0.569289 1.38804e+09
3.60785 -0.778359 0.568232 1.38804e+09
3.65647 -0.767001 0.567213 1.38804e+09
3.70509 -0.755614 0.56623 1.38804e+09
3.75372 -0.744199 0.56528 1.38804e+09
3.80235 -0.732758 0.564362 1.38804e+09
3.85098 -0.721293 0.563474 1.38804e+09
3.89961 -0.709803 0.562615 1.38804e+09
3.94824 -0.698291 0.561782 1.38804e+09
3.99687 -0.686758 0.560975 1.38804e+09
4.0455 -0.675205 0.560192 1.38804e+09
4.09412 -0.663632 0.559431 1.38804e+09
4.14275 -0.652041 0.558692 1.38804e+09
4.19137 -0.640432 0.557973 1.38804e+09
4.23999 -0.628807 0.557273 1.38804e+09
4.28861 -0.617165 0.556591 1.38804e+09
4.33723 -0.605509 0.555926 1.38804e+09
4.38584 -0.593838 0.555278 1.38804e+09
4.43445 -0.582154 0.554644 1.38804e+09
4.48306 -0.570456 0.554026 1.38804e+09
4.53167 -0.558746 0.55342 1.38804e+09
4.58027 -0.547024 0.552828 1.38804e+09
4.62887 -0.535291 0.552247 1.38804e+09
4.67747 -0.523547 0.551679 1.38804e+09
4.72607 -0.511793 0.551121 1.38804e+09
4.77466 -0.500029 0.550573 1.38804e+09
4.82326 -0.488256 0.550035 1.38804e+09
4.87185 -0.476474 0.549506 1.38804e+09
4.92044 -0.464683 0.548986 1.38804e+09
4.96902 -0.452884 0.548474 1.38804e+09
5.01761 -0.441078 0.54797 1.38804e+09
5.06619 -0.429264 0.547473 1.38804e+09
5.11477 -0.417443 0.546983 1.38804e+09
5.16336 -0.405616 0.5465 1.38804e+09
5.21193 -0.393782 0.546023 1.38804e+09
5.26051 -0.381942 0.545551 1.38804e+09
5.30909 -0.370096 0.545085 1.38804e+09
5.35766 -0.358245 0.544625 1.38804e+09
5.40624 -0.346389 0.544169 1.38804e+09
5.45481 -0.334527 0.543718 1.38804e+09
5.50338 -0.322661 0.543271 1.38804e+09
5.55195 -0.31079 0.542829 1.38804e+09
5.60052 -0.298914 0.54239 1.38804e+09
5.64909 -0.287035 0.541955 1.38804e+09
5.69766 -0.275151 0.541524 1.38804e+09
5.74622 -0.263264 0.541096 1.38804e+09
5.79479 -0.251373 0.540671 1.38804e+09
5.84335 -0.239479 0.540249 1.38804e+09
5.89192 -0.227581 0.539829 1.38804e+09
5.94048 -0.215681 0.539413 1.38804e+09
5.98904 -0.203777 0.538999 1.38804e+09
6.0376 -0.191871 0.538587 1.38804e+09
6.08616 -0.179961 0.538178 1.38804e+09
6.13472 -0.168049 0.53777 1.38804e+09
6.18328 -0.156135 0.537365 1.38804e+09
6.23184 -0.144218 0.536962 1.38804e+09
6.2804 -0.132299 0.53656 1.38804e+09
6.32896 -0.120378 0.53616 1.38804e+09
6.37752 -0.108455 0.535761 1.38804e+09
6.42608 -0.0965301 0.535365 1.38804e+09
6.47463 -0.0846032 0.534969 1.38804e+09
6.52319 -0.0726744 0.534575 1.38804e+09
6.57174 -0.060744 0.534182 1.38804e+09
6.6203 -0.048812 0.53379 1.38804e+09
6.66885 -0.0368784 0.5334 1.38804e+09
6.71741 -0.0249433 0.53301 1.38804e+09
6.76596 -0.0130068 0.532622 1.38804e+09
6.81452 -0.00106903 0.532235 1.38804e+09
6.86307 0.0108701 0.531848 1.38804e+09
6.91162 0.0228104 0.531462 1.38804e+09
6.96018 0.0347518 0.531077 1.38804e+09
7.00873 0.0466944 0.530693 1.38804e+09
7.05728 0.058638 0.53031 1.38804e+09
7.10583 0.0705827 0.529927 1.38804e+09
7.15439 0.0825283 0.529545 1.38804e+09
7.20294 0.0944748 0.529163 1.38804e+09
7.25149 0.106422 0.528782 1.38804e+09
7.30004 0.11837 0.528402 1.38804e+09
7.34859 0.130319 0.528022 1.38804e+09
7.39714 0.142269 0.527643 1.38804e+09
7.44569 0.15422 0.527264 1.38804e+09
7.49425 0.166171 0.526885 1.38804e+09
7.5428 0.178123 0.526507 1.38804e+09
7.59135 0.190075 0.52613 1.38804e+09
7.6399 0.202028 0.525752 1.38804e+09
7.68845 0.213982 0.525375 1.38804e+09
7.737 0.225936 0.524999 1.38804e+09
7.78555 0.237891 0.524622 1.38804e+09
7.8341 0.249846 0.524246 1.38804e+09
7.88265 0.261802 0.52387 1.38804e+09
7.9312 0.273758 0.523495 1.38804e+09
7.97974 0.285715 0.52312 1.38804e+09
8.02829 0.297672 0.522745 1.38804e+09
8.07684 0.309629 0.52237 1.38804e+09
8.12539 0.321587 0.521995 1.38804e+09
8.17394 0.333545 0.521621 1.38804e+09
8.22249 0.345503 0.521246 1.38804e+09
8.27104 0.357462 0.520872 1.38804e+09
8.31959 0.369421 0.520499 1.38804e+09
8.36814 0.381381 0.520125 1.38804e+09
8.41668 0.39334 0.519751 1.38804e+09
8.46523 0.4053 0.519378 1.38804e+09
8.51378 0.41726 0.519005 1.38804e+09
8.56233 0.429221 0.518631 1.38804e+09
8.61088 0.441182 0.518258 1.38804e+09
8.65943 0.453142 0.517885 1.38804e+09
8.70797 0.465104 0.517512 1.38804e+09
8.75652 0.477065 0.51714 1.38804e+09
8.80507 0.489026 0.516767 1.38804e+09
8.85362 0.500988 0.516394 1.38804e+09
8.90217 0.51295 0.516022 1.38804e+09
8.95072 0.524912 0.51565 1.38804e+09
8.99926 0.536874 0.515277 1.38804e+09
9.04781 0.548836 0.514905 1.38804e+09
9.09636 0.560799 0.514533 1.38804e+09
9.14491 0.572762 0.514161 1.38804e+09
9.19345 0.584724 0.513789 1.38804e+09
9.242 0.596687 0.513417 1.38804e+09
9.29055 0.60865 0.513045 1.38804e+09
9.3391 0.620613 0.512673 1.38804e+09
9.38765 0.632577 0.512301 1.38804e+09
9.43619 0.64454 0.511929 1.38804e+09
9.48474 0.656503 0.511557 1.38804e+09
9.53329 0.668467 0.511186 1.38804e+09
9.58184 0.68043 0.510814 1.38804e+09
9.63038 0.692394 0.510442 1.38804e+09
9.67893 0.704358 0.510071 1.38804e+09
9.72748 0.716322 0.509699 1.38804e+09
9.77603 0.728286 0.509328 1.38804e+09
9.82457 0.74025 0.508956 1.38804e+09
9.87312 0.752214 0.508585 1.38804e+09
9.92167 0.764178 0.508213 1.38804e+09
9.97022 0.776142 0.507842 1.38804e+09
10.0188 0.788107 0.50747 1.38804e+09
10.0673 0.800071 0.507099 1.38804e+09
10.1159 0.812035 0.506727 1.38804e+09
10.1644 0.824 0.506356 1.38804e+09
10.213 0.835964 0.505985 1.38804e+09
10.2615 0.847929 0.505613 1.38804e+09
10.31 0.859893 0.505242 1.38804e+09
10.3586 0.871858 0.504871 1.38804e+09
10.4071 0.883823 0.5045 1.38804e+09
10.4557 0.895787 0.504128 1.38804e+09
10.5042 0.907752 0.503757 1.38804e+09
10.5528 0.919717 0.503386 1.38804e+09
10.6013 0.931682 0.503015 1.38804e+09
10.6499 0.943646 0.502643 1.38804e+09
10.6584 0.952582 0.50798 1.38804e+09
10.6732 0.962503 0.511363 1.38804e+09
10.6934 0.972828 0.513423 1.38804e+09
10.7184 0.983014 0.51459 1.38804e+09
10.7475 0.992608 0.515155 1.38804e+09
10.78 1.00125 0.515314 1.38804e+09
10.8155 1.00864 0.515201 1.38804e+09
10.8535 1.01457 0.514906 1.38804e+09
