1386492938.051534037 6.18178e-31 -6.34607e-31 0 -0.371 1.48119e-31 -1.52056e-31  0 -0.00155149 6
1386492938.181999747 6.19419e-31 -6.35867e-31 0 -0.034 9.50813e-33 -9.65761e-33  0 0.0450828 6
1386492938.247046083 -0.00955561 0.00199736 0.24 170.505 -0.146905 0.0307067  3.68968 45.7592 6
1386492938.377600972 -0.0689952 0.00603861 0.279 171.296 -0.455284 0.0309544  0.298725 0.105745 6
1386492938.442735436 -0.0960969 0.00350367 0.252 171.615 -0.416088 -0.0389185  -0.414527 0.0854786 6
1386492938.581849991 -0.120523 -0.0149268 0.298 172.154 -0.175585 -0.132484  0.330663 0.067623 6
1386492938.638573752 -0.127551 -0.024915 0.341 172.234 -0.123894 -0.176085  0.75806 0.024611 6
1386492938.768705719 -0.135005 -0.0477945 0.471 172.252 -0.0572758 -0.175817  0.998986 0.00241488 6
1386492938.834107170 -0.135514 -0.0491897 0.533 172.206 -0.00778796 -0.0213334  0.947991 -0.0122771 6
1386492938.964331330 -0.1415 -0.0722274 0.621 171.863 -0.045969 -0.176907  0.675758 -0.0459688 6
1386492939.031648237 -0.144092 -0.0848472 0.647 171.723 -0.0384984 -0.187469  0.386233 -0.0362977 6
1386492939.160202010 -0.146499 -0.107989 0.654 171.471 -0.0187224 -0.180018  0.0544519 -0.0342151 6
1386492939.225257246 -0.147304 -0.118656 0.656 171.43 -0.0123776 -0.163959  0.0307431 -0.0109998 6
1386492939.355735236 -0.147846 -0.129764 0.638 171.388 -0.00415602 -0.0851342  -0.137954 -0.00561705 6
1386492939.420589171 -0.148049 -0.133 0.636 171.372 -0.00312749 -0.0498994  -0.0308385 -0.00430761 6
1386492939.551400485 -0.148969 -0.136141 0.636 171.361 -0.00703756 -0.0240145  0 -0.00146787 6
1386492939.682017005 -0.151417 -0.139931 0.628 171.355 -0.0187377 -0.0290166  -0.061248 -0.000801294 6
1386492939.747070285 -0.153242 -0.140918 0.634 171.351 -0.028055 -0.0151654  0.0922321 -0.00107258 6
1386492939.877696742 -0.154558 -0.144221 0.644 171.403 -0.010071 -0.0252847  0.0765542 0.0069481 6
1386492939.942821567 -0.155014 -0.146416 0.65 171.299 -0.00701018 -0.033714  0.0921308 -0.0278728 6
1386492940.072523170 -0.156518 -0.149635 0.658 171.285 -0.0115923 -0.0248161  0.06168 -0.00188287 6
1386492940.138163728 -0.157441 -0.150956 0.663 171.297 -0.0140686 -0.0201289  0.0761724 0.00318895 6
1386492940.268816036 -0.158345 -0.151779 0.67 171.254 -0.0069204 -0.00629971  0.0535773 -0.00574409 6
1386492940.333948554 -0.159091 -0.151811 0.675 171.268 -0.0114524 -0.000486139  0.0767666 0.00375355 6
1386492940.463846226 -0.160521 -0.151998 0.682 171.258 -0.0110046 -0.00143679  0.0538886 -0.00134493 6
1386492940.530016736 -0.161662 -0.151996 0.681 171.318 -0.0172521 2.84942e-05  -0.0151125 0.0158251 6
1386492940.660569398 -0.164026 -0.151858 0.682 171.34 -0.018109 0.00105539  0.00765974 0.00294155 6
1386492940.724381574 -0.165439 -0.151693 0.684 171.285 -0.0221346 0.00258477  0.031342 -0.0150411 6
1386492940.855611533 -0.166947 -0.151418 0.682 171.349 -0.0114928 0.0020954  -0.0152404 0.00851124 6
1386492940.921286430 -0.168172 -0.1512 0.683 171.281 -0.0186506 0.00332528  0.0152265 -0.0180694 6
1386492941.049424279 -0.170891 -0.150847 0.686 171.251 -0.0212221 0.00275357  0.0234123 -0.00408605 6
1386492941.182599371 -0.173591 -0.151891 0.689 171.194 -0.0202692 -0.00784298  0.0225267 -0.00747104 6
1386492941.247099360 -0.174668 -0.152888 0.689 171.208 -0.0167048 -0.0154479  0 0.00378623 4
1386492941.377050335 0.808095 0.127591 0.684 -0.0249939 0.0193206 0.0246084  -0.038476 -22.9977 4
1386492941.441164710 0.809439 0.129052 0.676 -0.0249939 0.0209584 0.0227848  -0.124777 0 4
1386492941.576251695 0.8105 0.131619 0.662 -0.0519867 0.00785505 0.0190006  -0.103637 -0.00348748 4
1386492941.703248158 0.808944 0.133248 0.648 -0.00999451 -0.012249 0.0128244  -0.110239 0.00577104 4
1386492941.835183183 0.806226 0.133817 0.633 -0.0799866 -0.0205994 0.00431409  -0.113692 -0.00925904 4
1386492942.028008023 0.799859 0.130856 0.626 -0.0189972 -0.0330207 -0.0153532  -0.0363024 0.00552038 4
1386492942.225203724 0.791537 0.124739 0.629 -0.0279999 -0.0422024 -0.0310226  0.0152133 -0.000796805 4
1386492942.421171470 0.779717 0.115793 0.649 -0.00698853 -0.0603174 -0.0456487  0.102058 0.00187131 4
1386492942.681720950 0.76103 0.100408 0.679 0.126007 -0.0717206 -0.0590505  0.115141 0.00890891 4
1386492965.442884607 0.669975 -0.506564 0 6.33601 -0.00400046 -0.026667  -0.0298315 0.00476184 0
1386492965.571319664 0.657552 -0.513293 0 3.31001 -0.0967223 -0.0523904  0 -0.411209 0
1386492965.639039636 0.645788 -0.513561 0 3.37901 -0.173718 -0.00395445  0 0.0177833 0
1386492965.701849698 0.640825 -0.511421 0 5.11801 -0.0790286 0.0340745  0 0.483223 0
1386492965.832741493 0.636903 -0.498745 0 4.31001 -0.0299583 0.0968417  0 -0.10774 0
1386492965.963086660 0.636947 -0.509673 0 6.21001 0.000332251 -0.0838377  0 0.25441 0
1386492966.036508915 0.636477 -0.512969 0 6.29901 -0.00639395 -0.0448945  0 0.0211574 0
1386492966.093044160 0.639713 -0.51012 0 4.54501 0.0572397 0.0503917  0 -0.541486 0
1386492966.158643267 0.640047 -0.528331 0 2.40901 0.00509443 -0.277612  0 -0.568304 0
1386492966.290112548 0.634855 -0.531819 0 3.526 -0.0394984 -0.0265257  0 0.148287 0
1386492966.418720613 0.645716 -0.512195 0 6.882 0.0844572 0.152586  0 0.45544 0
1386492966.549655472 0.651737 -0.511816 0 7.86601 0.0459807 0.00289218  0 0.131166 0
1386492966.745312247 0.659391 -0.493921 0 7.11 0.0391181 0.0914608  0 -0.067439 0
1386492966.940875675 0.635546 -0.500745 0 2.20201 -0.121929 -0.034893  0 -0.438019 0
1386492967.136366552 0.63683 -0.503707 0 -4.12199 0.00656996 -0.0151538  0 -0.564603 0
1386492967.267123641 0.638343 -0.502543 0 -6.17799 0.0115737 0.00890424  0 -0.274432 0
1386492967.463391726 0.643259 -0.509064 0 -7.5 0.0250439 -0.0332251  0 -0.11756 0
1386492967.658112721 0.645502 -0.516372 0 -7.23299 0.0115227 -0.0375281  0 0.023933 0
1386492967.788818103 0.645652 -0.516834 0 -8.11699 0.00114356 -0.00353597  0 -0.118042 0
1386492968.049517321 0.640303 -0.51227 0 -8.286 -0.0205164 0.0175046  0 -0.0113146 0
