1386491789.109431225 2.98615e-30 7.56751e-30 0 -176.265 7.53166e-31 1.90868e-30  0 -0.775931 6
1386491789.241773432 2.99482e-30 7.58902e-30 0 -176.649 6.55598e-32 1.62518e-31  0 -0.0506423 6
1386491789.304942731 2.99603e-30 7.59199e-30 0 -176.819 1.91367e-32 4.70325e-32  0 -0.0469695 6
1386491789.438353190 2.99619e-30 7.59238e-30 0 -176.889 1.20184e-33 2.94899e-33  0 -0.00915864 6
1386491789.495627048 2.99621e-30 7.59243e-30 0 -176.738 3.35286e-34 8.30068e-34  0 0.0460151 6
1386491789.625918107 2.99621e-30 7.59244e-30 0 -176.27 2.09893e-35 5.32314e-35  0 0.0626918 6
1386491789.692064977 -0.00711289 -0.000116837 0.246 170.307 -0.107532 -0.00176633  3.719 91.4467 6
1386491789.821467008 -0.0119289 -0.00166839 0.278 170.488 -0.0372172 -0.0119901  0.247291 0.0244126 6
1386491789.951744995 -0.0163219 -0.00555509 0.363 170.583 -0.0337203 -0.0298339  0.652451 0.0127252 6
1386491790.017029764 -0.0185454 -0.00810287 0.422 170.599 -0.034058 -0.0390256  0.903733 0.00427918 6
1386491790.147556916 -0.0238873 -0.015398 0.558 170.588 -0.0409258 -0.0558897  1.04193 -0.00147106 6
1386491790.212587000 -0.0263311 -0.0183596 0.615 170.542 -0.0375804 -0.0455422  0.876517 -0.0123432 6
1386491790.342988385 -0.0358688 -0.0258841 0.69 170.474 -0.0731411 -0.0577024  0.575147 -0.00910244 6
1386491790.411315555 -0.0420742 -0.0310132 0.707 170.493 -0.0908184 -0.075067  0.248803 0.00485259 6
1386491790.538421667 -0.0534622 -0.042176 0.715 170.653 -0.0895944 -0.0878225  0.0629395 0.0219705 6
1386491790.603574935 -0.0586126 -0.0472205 0.714 170.774 -0.0790503 -0.0774258  -0.0153484 0.0324141 6
1386491790.733960680 -0.0687593 -0.0547741 0.695 170.931 -0.0778205 -0.0579328  -0.145721 0.0210155 6
1386491790.799062618 -0.0739067 -0.0574239 0.688 171.005 -0.0790669 -0.0407023  -0.107524 0.0198402 6
1386491790.929576324 -0.0833939 -0.0606155 0.668 171.212 -0.0726912 -0.0244542  -0.153241 0.0276817 6
1386491790.994596164 -0.0882565 -0.0617969 0.666 171.233 -0.0747862 -0.0181689  -0.0307598 0.00563599 6
1386491791.129770427 -0.0971087 -0.0646286 0.663 171.29 -0.0654878 -0.0209486  -0.0221936 0.00735858 6
1386491791.197234935 -0.101875 -0.0653546 0.664 171.313 -0.0706495 -0.0107609  0.0148226 0.00595283 6
1386491791.320669057 -0.110697 -0.0668119 0.671 171.333 -0.0714688 -0.0118068  0.0567104 0.0028264 6
1386491791.386355593 -0.11529 -0.0675231 0.674 171.37 -0.0699259 -0.0108259  0.0456715 0.0098318 6
1386491791.516083875 -0.122959 -0.0677002 0.681 171.426 -0.0591133 -0.00136562  0.0539589 0.00753406 6
1386491791.647253037 -0.129357 -0.068571 0.688 171.324 -0.0487835 -0.00663826  0.0533662 -0.0135707 6
1386491791.711744956 -0.132307 -0.0688953 0.685 171.279 -0.0457417 -0.00502907  -0.0465175 -0.0121777 6
1386491791.842141083 -0.138026 -0.0696522 0.688 171.27 -0.0438576 -0.00580449  0.0230068 -0.00120499 6
1386491791.907693178 -0.140375 -0.0701126 0.689 171.25 -0.0358313 -0.00702398  0.015255 -0.00532615 6
1386491792.036588582 -0.145468 -0.0721098 0.69 171.219 -0.0395146 -0.0154945  0.00775823 -0.0041984 6
1386491792.102865057 -0.147848 -0.0737981 0.692 171.17 -0.035904 -0.025474  0.0301766 -0.0129026 6
1386491792.233750922 -0.152016 -0.0772248 0.69 171.054 -0.0318478 -0.0261812  -0.0152805 -0.0154679 6
1386491792.298414682 -0.153782 -0.0789039 0.69 171.024 -0.0272969 -0.0259658  0 -0.00809692 6
1386491792.429183381 -0.157376 -0.0817817 0.694 170.962 -0.0274858 -0.0220069  0.0305884 -0.00827448 6
1386491792.493864025 -0.159332 -0.0828688 0.694 170.948 -0.030248 -0.0168068  0 -0.00377977 6
1386491792.624539091 -0.162437 -0.0859622 0.696 170.969 -0.02376 -0.0236727  0.0153051 0.00280429 6
1386491792.689145279 -0.164002 -0.08801 0.696 170.898 -0.024227 -0.0316971  0 -0.0191803 4
1386491792.820942132 0.787624 0.0654953 0.691 -0.0379944 0.016423 0.0344272  -0.0379372 -22.6363 4
1386491792.950126991 0.789737 0.0687656 0.683 -0.126999 0.0163575 0.0253151  -0.0619268 -0.0120248 4
1386491793.015455373 0.790077 0.0699753 0.677 -0.134995 0.00520324 0.0185165  -0.0918437 -0.00213613 3
1386491793.146308288 0.791382 0.0722732 0.668 -0.237 0.00997289 0.0175615  -0.0687795 -0.0136055 3
1386491793.211321620 0.792727 0.0738947 0.664 -0.268997 0.0206863 0.0249408  -0.0615258 -0.00859001 3
1386491793.341269958 0.798118 0.0804128 0.661 -0.391998 0.0414821 0.0501591  -0.0230861 -0.0165202 3
1386491793.406824767 0.801228 0.0847609 0.664 -0.255997 0.0474375 0.0663273  0.0457632 0.036209 3
1386491793.537597651 0.814077 0.0966298 0.668 -0.151001 0.0982605 0.0907597  0.0305874 0.014013 3
1386491793.603365734 0.823375 0.102469 0.669 -0.0930023 0.141369 0.0887792  0.0152049 0.0153915 3
1386491793.731709657 0.862592 0.115436 0.677 -0.0699921 0.305563 0.101035  0.0623325 0.00312913 3
1386491793.798253189 0.886729 0.120915 0.683 -0.0800018 0.36273 0.0823459  0.0901665 -0.0026254 3
1386491793.928527686 0.956791 0.131132 0.702 -0.125992 0.5378 0.0784217  0.145846 -0.00616143 3
1386491793.993617724 0.995062 0.136033 0.706 -0.177994 0.587976 0.0753027  0.0614533 -0.0139438 3
1386491794.124110703 1.07765 0.14276 0.718 -0.325989 0.632921 0.0515453  0.091959 -0.0197942 3
1386491794.254450390 1.16332 0.149248 0.734 -0.468994 0.657226 0.0497813  0.122756 -0.0191493 3
1386491794.320774385 1.20639 0.14984 0.74 -0.569992 0.649389 0.00892794  0.090465 -0.0265778 3
1386491794.449918602 1.28596 0.143852 0.754 -0.695999 0.616194 -0.046369  0.108406 -0.0170293 3
1386491794.515084237 1.32425 0.139611 0.758 -0.780991 0.587482 -0.065071  0.061382 -0.0227632 3
1386491794.644790176 1.39304 0.126796 0.768 -0.751999 0.530345 -0.0988043  0.0770975 0.00390114 3
1386491794.710372007 1.42664 0.119279 0.77 -0.677994 0.512428 -0.114618  0.0304963 0.019695 3
1386491794.840176336 1.48892 0.101537 0.778 -0.409988 0.479762 -0.136681  0.0616312 0.0360356 3
1386491794.905653270 1.51825 0.0916248 0.778 -0.213989 0.447906 -0.151391  0 0.0522448 3
1386491795.037221207 1.57757 0.0724024 0.777 0.240005 0.450921 -0.146102  -0.00760064 0.0602252 3
1386491795.101433658 1.60761 0.0630422 0.776 0.48201 0.467707 -0.145769  -0.0155733 0.0657781 3
1386491795.231353498 1.66956 0.0468536 0.777 0.557999 0.476878 -0.124605  0.00769705 0.0102083 3
1386491795.296451580 1.70186 0.0400377 0.777 0.652008 0.496168 -0.104702  0 0.0252046 3
1386491795.427206338 1.77249 0.0273498 0.778 1.608 0.5402 -0.0970361  0.00764791 0.127607 3
1386491795.557263071 1.84601 0.0191004 0.777 3.239 0.565292 -0.0634288  -0.00768895 0.218876 3
1386491795.623185718 1.88355 0.0164159 0.774 4.34201 0.569454 -0.0407232  -0.0455079 0.292027 3
1386491795.753734803 1.95562 0.0166961 0.773 7.27 0.552042 0.00214646  -0.00765995 0.391448 3
1386491795.817997915 1.98998 0.0180946 0.774 8.875 0.53469 0.0217617  0.015561 0.435903 3
1386491795.948571818 2.05553 0.0271589 0.769 12.437 0.501955 0.0694192  -0.0382925 0.47612 3
1386491796.013428009 2.08665 0.0335868 0.769 14.375 0.479878 0.099111  0 0.521527 3
1386491796.142523254 2.14449 0.0558718 0.766 19.704 0.448041 0.172624  -0.0232387 0.720466 3
1386491796.209172242 2.17159 0.0708139 0.767 22.386 0.406636 0.224191  0.015004 0.70233 3
1386491796.339597466 2.21714 0.114568 0.772 27.09 0.349212 0.335473  0.0383361 0.629483 3
1386491796.404471542 2.23718 0.140166 0.766 29.285 0.308909 0.394572  -0.0924869 0.590526 3
1386491796.535158754 2.26932 0.20112 0.763 32.898 0.245917 0.466415  -0.0229556 0.482517 3
1386491796.600229811 2.28457 0.232619 0.765 34.574 0.234447 0.484063  0.0307356 0.449534 3
1386491796.730266887 2.31342 0.298689 0.773 37.397 0.221839 0.508087  0.0615209 0.378897 3
1386491796.860934939 2.3439 0.36451 0.779 39.773 0.233311 0.503726  0.0459179 0.317363 3
1386491796.926166677 2.3599 0.397072 0.786 40.725 0.245282 0.499175  0.10731 0.254714 3
1386491797.056000834 2.39564 0.457493 0.797 42.148 0.275247 0.465371  0.0847235 0.191291 3
1386491797.121209081 2.41465 0.487145 0.802 42.781 0.291583 0.454738  0.0766774 0.169424 3
1386491797.251912396 2.46071 0.534743 0.812 43.812 0.352388 0.364164  0.0765092 0.137674 3
1386491797.317173463 2.4852 0.557034 0.817 44.273 0.375232 0.341576  0.0766154 0.123289 3
1386491797.447456928 2.53267 0.599676 0.828 44.117 0.364342 0.327297  0.0844313 -0.0208992 3
1386491797.512769348 2.55878 0.619847 0.837 43.04 0.399754 0.308844  0.137799 -0.287803 3
1386491797.642709106 2.61747 0.657248 0.849 40.498 0.451726 0.28783  0.0923505 -0.341438 3
1386491797.710249041 2.64898 0.675129 0.86 39.339 0.466515 0.264751  0.162867 -0.299501 3
1386491797.838684897 2.71399 0.707423 0.863 37.373 0.506177 0.251439  0.023358 -0.267162 3
1386491797.904307935 2.74622 0.722153 0.862 36.572 0.491126 0.224465  -0.0152386 -0.213035 3
1386491798.033332055 2.80982 0.750404 0.857 35.41 0.492917 0.218958  -0.0387524 -0.157186 3
1386491798.165139838 2.87561 0.778601 0.846 34.552 0.499142 0.213925  -0.0834549 -0.113612 3
1386491798.229810016 2.90661 0.792275 0.839 34.181 0.479282 0.211452  -0.108242 -0.100127 3
1386491798.359063680 2.96662 0.820565 0.824 33.471 0.464315 0.218874  -0.116051 -0.0958711 3
1386491798.425346250 2.99817 0.834422 0.813 33.12 0.476015 0.209046  -0.165956 -0.0924235 3
1386491798.555891525 3.05594 0.860768 0.793 32.483 0.442515 0.201817  -0.153204 -0.0851651 3
1386491798.620990113 3.08504 0.874413 0.781 32.122 0.447027 0.209607  -0.184336 -0.0967841 3
1386491798.751450271 3.1381 0.895651 0.759 31.49 0.406705 0.162794  -0.168634 -0.0845511 3
1386491798.816541775 3.16471 0.905517 0.747 31.159 0.408857 0.151578  -0.184356 -0.0887509 3
1386491798.945293336 3.22158 0.923451 0.731 30.654 0.441666 0.139284  -0.12427 -0.0684574 3
1386491799.012818020 3.2528 0.933804 0.727 30.606 0.462352 0.153327  -0.0592376 -0.0124078 3
1386491799.142296788 3.31783 0.960621 0.713 30.167 0.502273 0.207113  -0.108126 -0.0591751 3
1386491799.207534059 3.35183 0.975195 0.71 29.909 0.521095 0.223401  -0.045986 -0.069023 3
1386491799.339104839 3.41763 1.00925 0.701 28.637 0.500091 0.25881  -0.0684042 -0.168735 3
1386491799.468456722 3.48195 1.04097 0.69 26.388 0.497284 0.245214  -0.0850393 -0.303456 3
1386491799.533279461 3.51292 1.05398 0.686 25.035 0.477744 0.200838  -0.0617067 -0.36429 3
1386491799.662199743 3.57737 1.06336 0.68 22.863 0.499896 0.0727517  -0.0465404 -0.294046 3
1386491799.729006311 3.60667 1.04375 0.679 28.745 0.438689 -0.293638  -0.0149686 1.53668 3
1386491799.859189005 3.55614 0.984171 0.676 34.538 -0.388153 -0.457634  -0.0230445 0.776654 3
1386491799.924374831 3.55776 0.954535 0.675 34.455 0.0248742 -0.454625  -0.0153408 -0.0222251 3
1386491800.055256406 3.58666 0.896875 0.677 31.594 0.220805 -0.440555  0.015281 -0.381518 3
1386491800.120332106 3.60293 0.872808 0.677 29.614 0.2499 -0.369832  0 -0.531039 3
1386491800.250267557 3.63949 0.843124 0.683 26.57 0.281415 -0.22845  0.0461768 -0.408877 3
1386491800.316412597 3.663 0.836043 0.692 25.396 0.355477 -0.107057  0.136065 -0.309775 3
1386491800.445764687 3.71973 0.85187 0.698 24.046 0.43856 0.122357  0.046385 -0.182154 3
1386491800.510913048 3.75202 0.866263 0.704 23.607 0.495514 0.220933  0.0920975 -0.117607 3
1386491800.642186612 3.82886 0.914597 0.7 22.801 0.585386 0.368193  -0.0304707 -0.107161 3
1386491800.771868265 3.90844 0.970392 0.702 21.517 0.61362 0.430248  0.0154224 -0.17281 3
1386491800.837278133 3.94917 0.997943 0.701 20.791 0.62278 0.421202  -0.0152882 -0.193718 3
1386491800.968567478 4.03437 1.04571 0.707 18.885 0.648963 0.363816  0.0457006 -0.253378 3
1386491801.032527608 4.07647 1.06513 0.71 17.891 0.658197 0.303649  0.0469042 -0.271241 3
1386491801.163110529 4.16495 1.09177 0.717 15.872 0.677536 0.203994  0.0536058 -0.269853 3
1386491801.228156848 4.2067 1.10094 0.72 14.855 0.641975 0.140944  0.046121 -0.272882 3
1386491801.358641596 4.28331 1.10969 0.725 12.962 0.587047 0.0671226  0.0383187 -0.253203 3
1386491801.423729748 4.32068 1.11262 0.727 12.119 0.574163 0.044972  0.0307276 -0.22605 3
1386491801.553986134 4.39173 1.11322 0.728 10.572 0.545467 0.00460254  0.00767717 -0.207285 3
1386491801.619137836 4.42738 1.11317 0.727 9.873 0.547258 -0.000832192  -0.0153488 -0.187254 3
1386491801.749571130 4.48896 1.07843 0.723 16.668 0.472083 -0.266332  -0.030667 0.909239 3
1386491801.813657413 4.51122 1.05976 0.721 20.046 0.347371 -0.291336  -0.0312079 0.919968 3
1386491801.945000418 4.54881 1.0269 0.724 22.312 0.286178 -0.250194  0.022841 0.301114 3
1386491802.075315757 4.5912 1.00621 0.73 21.414 0.325347 -0.158723  0.0460422 -0.120272 3
1386491802.140270434 4.61301 0.998816 0.73 20.586 0.335636 -0.113875  0 -0.222484 3
1386491802.270806003 4.67076 0.998154 0.738 19.075 0.442418 -0.00507188  0.061286 -0.202027 3
1386491802.335981422 4.70288 1.00048 0.735 18.391 0.492925 0.0356834  -0.0460296 -0.18317 3
1386491802.466656292 4.78117 1.01499 0.732 17.265 0.599093 0.11104  -0.0229577 -0.150393 3
1386491802.531543455 4.82245 1.02432 0.731 16.736 0.636149 0.143782  -0.0154114 -0.142288 3
1386491802.665317568 4.92384 1.05034 0.725 15.623 0.757955 0.194478  -0.0448517 -0.145212 3
1386491802.727242263 4.97152 1.06268 0.721 14.974 0.769914 0.199358  -0.0645946 -0.182919 3
1386491802.857388296 5.07491 1.09395 0.712 13.415 0.794401 0.240239  -0.0691531 -0.209069 3
1386491802.922986259 5.12677 1.10862 0.705 12.543 0.790566 0.223654  -0.106711 -0.232011 3
1386491803.053169568 5.20819 1.10077 0.69 13.076 0.625431 -0.0602578  -0.115222 0.0714584 3
1386491803.117890493 5.23371 1.08137 0.684 14.036 0.394354 -0.299744  -0.0927057 0.258885 3
1386491803.249460023 5.25263 1.04012 0.671 13.498 0.143772 -0.313543  -0.0988071 -0.0713694 3
1386491803.313820862 5.26001 1.02262 0.664 12.711 0.114675 -0.271892  -0.108762 -0.213418 3
1386491803.444437851 5.2741 1.00775 0.644 10.778 0.107902 -0.11383  -0.153119 -0.258291 3
1386491803.577514576 5.30659 1.01674 0.627 9.01601 0.244106 0.06755  -0.127746 -0.231089 3
1386491803.639774314 5.32698 1.02647 0.624 8.461 0.32755 0.156274  -0.0481852 -0.155586 3
1386491803.770897865 5.39331 1.06584 0.618 7.576 0.50589 0.300201  -0.0457584 -0.117798 3
1386491803.835193163 5.43322 1.08932 0.615 6.985 0.620732 0.365309  -0.0466597 -0.160431 3
1386491803.965963965 5.50452 1.03945 0.613 13.079 0.54523 -0.38136  -0.0152939 0.813335 3
1386491804.030734193 5.53353 1.0123 0.617 17.115 0.447838 -0.419179  0.0617568 1.08756 3
1386491804.161058421 5.59807 0.966919 0.632 20.575 0.495212 -0.34823  0.115098 0.463371 3
1386491804.227444349 5.62601 0.946343 0.643 20.536 0.420839 -0.309948  0.165698 -0.0102537 3
1386491804.356550122 5.68149 0.910639 0.658 19.334 0.429776 -0.276549  0.116184 -0.162495 3
1386491804.421996838 5.71036 0.895915 0.663 18.547 0.44106 -0.224972  0.076398 -0.209873 3
1386491804.552092711 5.77376 0.884752 0.673 17.328 0.487315 -0.0858107  0.0768664 -0.163539 3
1386491804.617348072 5.80768 0.884476 0.672 16.89 0.519941 -0.00423368  -0.0153244 -0.117149 3
1386491804.749360565 5.88561 0.8962 0.668 16.821 0.590324 0.0888099  -0.0303002 -0.00912248 7
1386491804.813039118 5.92666 0.905301 0.658 16.927 0.644491 0.142932  -0.157039 0.0290537 7
1386491804.943137224 6.01486 0.932092 0.64 17.216 0.677966 0.205927  -0.138357 0.0387709 7
1386491805.007867471 6.05536 0.9453 0.631 17.361 0.62569 0.204041  -0.139039 0.0390977 7
1386491805.138661695 6.1217 0.967297 0.614 17.405 0.507186 0.168183  -0.129975 0.00587021 7
1386491805.203817846 6.14962 0.976044 0.608 17.49 0.428514 0.134245  -0.0920865 0.0227706 7
1386491805.334453837 6.18613 0.984537 0.597 17.648 0.279481 0.0650101  -0.0842034 0.0211098 7
1386491805.399410067 6.19956 0.986982 0.592 17.795 0.206751 0.0376456  -0.0769749 0.0394946 7
1386491805.530085740 6.21352 0.987854 0.558 17.774 0.106849 0.00667493  -0.260186 -0.00280428 8
1386491805.595085379 6.21781 0.988365 0.523 17.763 0.0660472 0.00786439  -0.538465 -0.00295408 8
1386491805.725411992 6.22026 0.989558 0.447 17.773 0.0187532 0.00914904  -0.58315 0.0013405 8
1386491805.790627150 6.22103 0.990114 0.408 17.843 0.0118332 0.00853648  -0.59802 0.0187317 8
1386491805.921041781 6.21798 0.999832 0.316 18.029 -0.023375 0.0745171  -0.705442 0.0248929 8
1386491806.051438747 6.22583 1.01094 0.238 18.142 0.0602083 0.0851617  -0.598173 0.0151236 8
1386491806.116492184 6.23063 1.01925 0.201 18.125 0.0737987 0.127706  -0.568763 -0.0045605 8
1386491806.246896750 6.27373 1.04716 0.141 17.999 0.330512 0.214081  -0.460107 -0.0168627 8
1386491806.311946665 6.29627 1.06295 0 18.13 0.346424 0.242692  -2.16757 0.0351472 2
1386491806.442275318 6.31863 1.07376 0 19.142 0.171581 0.0829602  0 0.135524 2
1386491806.507429069 6.31696 1.07462 0 19.128 -0.0255739 0.0132189  0 -0.00374824 2
1386491806.637127905 6.31503 1.07638 0 19.144 -0.0148631 0.013545  0 0.00215396 2
1386491806.702999411 6.31618 1.07661 0 19.143 0.0174436 0.0035547  0 -0.000266836 2
1386491806.833290337 6.31629 1.07676 0 19.155 0.000794777 0.0011163  0 0.00160659 2
1386491806.898462992 6.31555 1.07663 0 19.159 -0.0113613 -0.00198327  0 0.0010747 2
1386491807.028828255 6.31539 1.07666 0 19.166 -0.0011916 0.000257555  0 0.000935623 2
1386491807.094067056 6.3154 1.0767 0 19.168 9.37057e-05 0.000534838  0 0.000534765 2
1386491807.224326971 6.3154 1.07682 0 19.172 -2.29225e-06 0.00094227  0 0.000537703 2
1386491807.289447139 6.31542 1.07691 0 19.175 0.000379605 0.00137369  0 0.000801564 2
1386491807.419852577 6.31539 1.07691 0 19.178 -0.000222896 -3.01316e-05  0 0.000402317 2
1386491807.550152651 6.31535 1.07692 0 19.183 -0.000329353 0.000127459  0 0.000668345 2
1386491807.615529683 6.3154 1.07699 0 19.187 0.000820362 0.0010471  0 0.00107134 2
1386491807.745816450 6.31532 1.0771 0 19.191 -0.000620612 0.000843824  0 0.000535548 2
1386491807.811064209 6.31536 1.0771 0 19.195 0.000598921 4.13879e-05  0 0.00106938 2
1386491807.946048666 6.31544 1.07729 0 19.199 0.000560582 0.00140608  0 0.00051691 2
1386491808.006145645 6.31544 1.07735 0 19.202 5.95203e-05 0.000868484  0 0.000872994 2
1386491808.137084654 6.3155 1.07755 0 19.207 0.000497985 0.00154516  0 0.000665083 2
1386491808.201812877 6.31552 1.07754 0 19.21 0.000291151 -8.07785e-05  0 0.000810532 2
1386491808.332486185 6.3156 1.0776 0 19.214 0.000606201 0.000465983  0 0.000533964 2
1386491808.397171974 6.31568 1.0776 0 19.217 0.00119738 -5.30032e-05  0 0.000811063 2
1386491808.528006799 6.31568 1.07767 0 19.225 2.24328e-05 0.000542444  0 0.00106661 2
1386491808.592802175 6.31575 1.07776 0 19.227 0.0010459 0.00143167  0 0.000538424 2
1386491808.723477531 6.31587 1.07768 0 19.234 0.000937756 -0.000673471  0 0.000935441 2
1386491808.788639640 6.31596 1.07773 0 19.236 0.00126756 0.000809731  0 0.000535394 2
1386491808.923610716 6.31619 1.07791 0 19.242 0.00171451 0.00134487  0 0.000775442 2
1386491809.049312806 6.31633 1.07793 0 19.247 0.00111298 0.000128327  0 0.00069491 2
1386491809.114481108 6.31639 1.07795 0 19.248 0.000976954 0.000366278  0 0.000265628 2
1386491809.244808567 6.31645 1.078 0 19.251 0.000457778 0.000395201  0 0.000402557 2
1386491809.309937143 6.31646 1.07801 0 19.255 0.000183965 0.000180748  0 0.00107134 2
1386491809.440415434 6.31664 1.07804 0 19.263 0.00138517 0.000220687  0 0.00106952 2
1386491809.505550428 6.31669 1.07808 0 19.266 0.00076003 0.000523839  0 0.00080547 2
1386491809.636037314 6.31667 1.07817 0 19.27 -0.000211183 0.000698392  0 0.000534727 2
1386491809.701220380 6.31668 1.0782 0 19.272 0.000145386 0.000417169  0 0.000535222 2
1386491809.831390506 6.31673 1.07806 0 19.278 0.000394521 -0.00101526  0 0.000804042 2
1386491809.902983142 6.31672 1.07809 0 19.282 -5.01391e-05 0.000325419  0 0.000974609 2
1386491810.026946524 6.31669 1.0782 0 19.286 -0.000274733 0.000898704  0 0.000565015 2
1386491810.095848827 6.31674 1.07826 0 19.289 0.000761805 0.000951967  0 0.000757565 2
1386491810.221925803 6.31685 1.07842 0 19.294 0.000837448 0.00120561  0 0.000692844 2
1386491810.287239611 6.31687 1.07843 0 19.295 0.000291302 0.000247529  0 0.000265037 2
1386491810.422100146 6.317 1.07842 0 19.301 0.000985885 -5.78015e-05  0 0.000778052 2
1386491810.547752331 6.31708 1.0783 0 19.306 0.000605963 -0.000952089  0 0.000693067 2
1386491810.613010945 6.31713 1.07827 0 19.308 0.000784222 -0.000448011  0 0.000534602 2
1386491810.744139758 6.31731 1.07833 0 19.313 0.00143346 0.000396039  0 0.000666152 2
1386491810.809299042 6.31735 1.0784 0 19.315 0.000483105 0.00105354  0 0.000535417 2
1386491810.938744126 6.31741 1.07853 0 19.321 0.000526692 0.00103198  0 0.000808545 2
1386491811.004746536 6.31747 1.07846 0 19.322 0.000878207 -0.00102914  0 0.000266306 2
1386491811.134471300 6.31762 1.07851 0 19.328 0.00113275 0.000365793  0 0.000806802 2
1386491811.199161212 6.31765 1.07854 0 19.329 0.000488939 0.000488261  0 0.000271709 2
1386491811.330496137 6.31773 1.07869 0 19.332 0.000596655 0.00115214  0 0.000397442 2
1386491811.395697415 6.3177 1.07872 0 19.334 -0.000443406 0.000457642  0 0.000535072 2
1386491811.526167888 6.31772 1.07871 0 19.341 0.000178607 -9.23857e-05  0 0.00093691 2
1386491811.590301557 6.31788 1.07878 0 19.343 0.00250405 0.00109191  0 0.00054398 2
1386491811.721862313 6.31809 1.07879 0 19.349 0.00157125 6.20093e-05  0 0.000795543 2
1386491811.851892040 6.31839 1.07893 0 19.354 0.00233753 0.0011011  0 0.000671782 2
1386491811.916062066 6.31846 1.07909 0 19.356 0.00105336 0.00249538  0 0.000543671 2
1386491812.047912625 6.31799 1.07897 0 19.361 -0.00358059 -0.000953041  0 0.000662505 2
1386491812.112650744 6.31809 1.07901 0 19.363 0.00156534 0.000758254  0 0.000538901 2
1386491812.244329317 6.3183 1.07905 0 19.365 0.0016095 0.000238758  0 0.000264944 2
1386491812.308656171 6.31836 1.07907 0 19.368 0.000940592 0.000332628  0 0.000815589 2
1386491812.438448161 6.3224 1.08093 0 19.369 0.0310659 0.0143203  0 0.000133371 2
1386491812.503919028 6.32365 1.08112 0 19.373 0.0191351 0.00298264  0 0.00106574 2
1386491812.634174803 6.32264 1.08096 0 19.378 -0.00771314 -0.00125345  0 0.000670617 2
1386491812.699383045 6.32268 1.081 0 19.381 0.000612284 0.000714672  0 0.000804565 2
1386491812.829817541 6.32253 1.08101 0 19.383 -0.00118366 7.91602e-05  0 0.000267471 2
1386491812.893332192 6.32147 1.08093 0 19.385 -0.0167289 -0.00134549  0 0.000549281 2
1386491813.025221568 6.32094 1.08103 0 19.39 -0.00401558 0.000800246  0 0.000660291 2
1386491813.090465711 6.32069 1.08098 0 19.393 -0.00374197 -0.000876342  0 0.000804122 2
1386491813.220775960 6.3206 1.08036 0 19.363 -0.000747945 -0.00474799  0 -0.00401793 2
1386491813.285983375 6.31989 1.07957 0 19.369 -0.0108346 -0.0121271  0 0.00160507 2
1386491813.416286099 6.28542 1.04382 0 17.983 -0.264534 -0.274367  0 -0.185647 2
1386491813.544871557 6.15496 1.07519 0 15.593 -1.01458 0.24397  0 -0.324402 2
1386491813.612022525 6.09521 1.08361 0 15.543 -0.889827 0.125471  0 -0.0129964 2
1386491813.742213644 6.0892 1.08714 0 13.972 -0.0461088 0.0270993  0 -0.210607 2
1386491813.807735202 6.09542 1.09103 0 12.367 0.0948592 0.0593815  0 -0.42753 2
1386491813.873843235 6.09841 1.09412 0 9.84201 0.0453091 0.0466894  0 -0.666628 2
1386491814.002494481 6.07846 1.00655 0 4.966 -0.155073 -0.680703  0 -0.661497 2
1386491814.132766020 6.01616 0.901814 0 7.298 -0.47827 -0.80395  0 0.312433 2
1386491814.198613899 5.97396 0.848073 0 12.823 -0.640853 -0.816133  0 1.46443 2
1386491814.331494351 5.85827 0.731722 0 29.875 -0.87063 -0.875611  0 2.23971 2
1386491814.393892987 5.80232 0.681226 0 40.298 -0.896644 -0.809248  0 2.91538 2
1386491814.524307772 5.78115 0.671275 0 62.446 -0.162356 -0.0763057  0 2.96405 2
1386491814.596260411 5.79444 0.722784 0 72.899 0.184688 0.715875  0 2.53555 2
1386491814.719815052 5.88203 0.919391 0 93.361 0.708929 1.59126  0 2.89046 2
1386491814.784878831 5.9217 1.04052 0 104.536 0.609667 1.86177  0 2.99768 2
1386491814.919130396 5.83725 1.27583 0 129.38 -0.629009 1.75269  0 3.22983 2
1386491815.046114116 5.71776 1.35157 0 155.526 -0.941006 0.596485  0 3.59364 2
1386491815.110911998 5.65475 1.37467 0 167.046 -0.972402 0.356523  0 3.10291 2
1386491815.241564899 5.57101 1.30721 0 -173.603 -0.640916 -0.516337  0 -45.5057 2
1386491815.308926921 5.53616 1.26786 0 -164.895 -0.517379 -0.584144  0 2.25622 2
1386491815.436992284 5.45513 1.21468 0 -146.405 -0.632675 -0.41529  0 2.5199 2
1386491815.503146758 5.441 1.18206 0 -137.301 -0.213631 -0.493008  0 2.40187 2
1386491815.632463554 5.43115 1.20262 0 -123.866 -0.0762136 0.158929  0 1.81326 2
1386491815.697508619 5.42927 1.20596 0 -120.325 -0.0287877 0.0514421  0 0.950143 2
1386491815.827785810 5.42891 1.20647 0 -114.204 -0.00277342 0.0039026  0 0.820033 2
1386491815.892982056 5.42874 1.2067 0 -111.866 -0.00271934 0.00355353  0 0.625892 2
1386491816.023460078 5.42839 1.20708 0 -106.366 -0.00264022 0.00287574  0 0.735703 2
1386491816.093530818 5.42821 1.20726 0 -103.535 -0.00262022 0.00255649  0 0.705149 2
1386491816.218854743 5.42787 1.20748 0 -93.17 -0.00266149 0.00178514  0 1.44349 2
1386491816.349298950 5.42752 1.20755 0 -71.015 -0.00274594 0.000573668  0 2.96432 2
1386491816.414505312 5.42734 1.20755 0 -57.811 -0.00262847 -6.52024e-05  0 3.53421 2
1386491816.544948873 5.42708 1.20741 0 -32.184 -0.00205433 -0.00104977  0 3.42888 2
1386491816.610509936 5.42696 1.20733 0 -21.297 -0.00170433 -0.00132954  0 2.89827 2
1386491816.740175816 5.3879 1.14748 0 -7.252 -0.301257 -0.461575  0 1.89049 2
1386491816.805687086 5.33394 1.12201 0 -3.74699 -0.823653 -0.388722  0 0.933792 2
1386491816.936484239 5.18785 1.11856 0 -0.626999 -1.11698 -0.0263387  0 0.416325 2
1386491817.001644930 5.12265 1.12011 0 -1.765 -1.00047 0.0236624  0 -0.304813 2
1386491817.135085903 5.00338 1.12917 0 -4.00899 -0.893849 0.067915  0 -0.2935 2
1386491817.196348774 5.00086 1.14772 0 -2.047 -0.0410618 0.302867  0 0.558955 2
1386491817.331289282 4.91834 1.15353 0 2.57001 -0.611527 0.0430267  0 0.597166 2
1386491817.392123477 4.87268 1.14899 0 4.944 -0.750656 -0.0746951  0 0.681097 2
1386491817.523041831 4.78393 1.12886 0 7.88501 -0.677915 -0.153728  0 0.392079 2
1386491817.587376426 4.74341 1.1176 0 10.387 -0.629828 -0.17501  0 0.678766 2
1386491817.718571000 4.73153 1.07318 0 14.009 -0.0905371 -0.338607  0 0.481847 2
1386491817.849037031 4.59047 1.02349 0 14.549 -1.08119 -0.38082  0 0.0722405 2
1386491817.913045633 4.51027 1.00503 0 15.091 -1.25301 -0.288454  0 0.147786 2
1386491818.044577516 4.34062 0.997441 0 12.195 -1.28975 -0.0576934  0 -0.384277 2
1386491818.109611200 4.26137 0.995661 0 10.859 -1.21868 -0.0273841  0 -0.358546 2
1386491818.244032583 4.19224 1.01815 0 12.304 -0.514293 0.167284  0 0.187618 2
1386491818.304828169 4.15756 1.02668 0 13.597 -0.570339 0.140381  0 0.371196 2
1386491818.435546895 4.08603 1.03877 0 17.154 -0.547209 0.092497  0 0.474924 2
1386491818.500663351 4.05209 1.04235 0 18.698 -0.521322 0.0549722  0 0.413839 2
1386491818.632552912 3.98735 1.04362 0 18.413 -0.490801 0.0095927  0 -0.0377133 2
1386491818.696793087 3.95782 1.0451 0 16.283 -0.459785 0.0231082  0 -0.578697 2
1386491818.829600829 3.88736 1.01244 0 12.832 -0.530534 -0.245916  0 -0.453523 2
1386491818.891876835 3.85192 0.998309 0 10.791 -0.569114 -0.226946  0 -0.572005 2
1386491819.021474506 3.77446 1.00206 0 5.51901 -0.597645 0.0289415  0 -0.709994 2
1386491819.151874732 3.72576 1.01887 0 1.69701 -0.373453 0.128914  0 -0.511553 2
1386491819.219759401 3.70787 1.02921 0 0.680008 -0.263672 0.152289  0 -0.261472 2
1386491819.348577934 3.69057 1.05186 0 -2.04999 -0.13429 0.175814  0 -0.36988 2
1386491819.412824187 3.68611 1.06109 0 -3.03 -0.06944 0.143746  0 -0.266232 2
1386491819.542853675 3.67811 1.08254 0 -4.306 -0.0615105 0.164964  0 -0.171272 2
1386491819.609112926 3.66606 1.08614 0 -5.028 -0.18186 0.0543018  0 -0.190181 2
1386491819.738441295 3.6252 1.10805 0 -5.78099 -0.315905 0.169393  0 -0.101619 2
1386491819.803105246 3.60324 1.11982 0 -5.26799 -0.33966 0.182033  0 0.138463 2
1386491819.934332273 3.58731 1.10489 0 -4.29199 -0.121363 -0.113783  0 0.129808 2
1386491819.999443781 3.59057 1.08834 0 -3.44899 0.0500594 -0.254059  0 0.225969 2
1386491820.130064668 3.64456 1.06016 0 -1.582 0.413344 -0.215801  0 0.249463 2
1386491820.205395134 3.6585 1.05432 0 -1.183 0.185028 -0.0775073  0 0.0924447 2
1386491820.325453422 3.68754 1.11863 0 -3.14999 0.241859 0.535669  0 -0.285949 2
1386491820.391616890 3.69813 1.16651 0 -4.377 0.160115 0.723693  0 -0.323672 2
1386491820.520325594 3.69493 1.17642 0 -4.422 -0.0248411 0.0770016  0 -0.00610189 2
1386491820.651662978 3.6902 1.17737 0 -4.308 -0.0360577 0.00719258  0 0.0151491 2
1386491820.716327397 3.68728 1.17608 0 -4.181 -0.0450719 -0.0198362  0 0.0342777 2
1386491820.846131312 3.68614 1.17614 0 -4.166 -0.00883125 0.000421577  0 0.0020168 2
1386491820.912488059 3.68707 1.17718 0 -3.998 0.0140612 0.0156555  0 0.0441875 2
1386491821.042195711 3.70551 1.18843 0 -3.239 0.142175 0.0867195  0 0.10213 2
1386491821.107078704 3.70998 1.19089 0 -3.13699 0.0688319 0.0380124  0 0.027439 2
1386491821.237702302 3.72462 1.19848 0 -2.78099 0.112055 0.0580943  0 0.0475674 2
1386491821.302932686 3.7267 1.20016 0 -2.793 0.0319757 0.0257821  0 -0.00321309 2
1386491821.431814193 3.72625 1.20048 0 -2.80899 -0.00351705 0.00243255  0 -0.00216555 2
1386491821.497777033 3.7259 1.20048 0 -2.845 -0.00520209 5.2812e-05  0 -0.00952818 2
1386491821.628822833 3.72603 1.20001 0 -2.76199 0.00096035 -0.00355578  0 0.0110554 2
1386491821.694009702 3.7261 1.19974 0 -2.73799 0.00101771 -0.00418309  0 0.00642637 2
1386491821.824314059 3.72645 1.19919 0 -2.702 0.00270538 -0.00422075  0 0.00482133 2
1386491821.889525659 3.72659 1.19907 0 -2.69699 0.00209245 -0.00184916  0 0.00133951 2
1386491822.021115540 3.7269 1.19907 0 -2.698 0.00236255 1.26151e-05  0 -0.000133573 2
1386491822.086835116 3.7274 1.19918 0 -2.674 0.00766257 0.00162028  0 0.00637428 2
1386491822.215742169 3.72733 1.1994 0 -2.702 -0.000548874 0.0017542  0 -0.00379103 2
1386491822.345883841 3.72704 1.19934 0 -2.71599 -0.00223136 -0.000476454  0 -0.00187651 2
1386491822.420647390 3.72667 1.19875 0 -2.68199 -0.00495971 -0.00787839  0 0.00793638 2
1386491822.543717468 3.72696 1.19816 0 -2.614 0.00240412 -0.00478756  0 0.00964251 2
1386491822.606478347 3.72711 1.19789 0 -2.60699 0.00232294 -0.00430631  0 0.0019477 2
1386491822.736122825 3.72736 1.19759 0 -2.58299 0.00194712 -0.00230829  0 0.00323126 2
1386491822.801385643 3.7278 1.19768 0 -2.58299 0.00675046 0.0012571  0 0 2
1386491822.934123240 3.72778 1.19766 0 -2.57199 -0.000154655 -0.000150625  0 0.00144657 2
1386491822.997671073 3.72795 1.19746 0 -2.56299 0.0026018 -0.00309688  0 0.00247257 2
1386491823.137501084 3.73408 1.19935 0 -2.15599 0.0438503 0.0135524  0 0.0508006 2
1386491823.193417808 3.73458 1.19938 0 -2.179 0.00893884 0.000463927  0 -0.00718219 2
1386491823.322806458 3.73463 1.20077 0 -2.327 0.00042492 0.0107639  0 -0.0199631 2
1386491823.387787693 3.73468 1.20117 0 -2.42799 0.000670451 0.00617029  0 -0.027127 2
1386491823.521394425 3.73476 1.20124 0 -2.38899 0.000628089 0.000478395  0 0.00509483 2
1386491823.584749036 3.73486 1.20124 0 -2.38499 0.00153702 -4.38674e-05  0 0.00110134 2
1386491823.714579002 3.73491 1.20123 0 -2.375 0.000391396 -7.26206e-05  0 0.00134358 2
1386491823.781843774 3.73488 1.20109 0 -2.347 -0.000434764 -0.00200278  0 0.00726517 2
1386491823.910037268 3.73495 1.20152 0 -2.33699 0.000539579 0.00331815  0 0.00136281 2
1386491824.041387573 3.73484 1.20146 0 -2.327 -0.000831458 -0.000445225  0 0.00132803 2
1386491824.235913849 3.73504 1.20164 0 -2.312 0.00101948 0.000928103  0 0.00134578 2
1386491824.304490023 3.73504 1.20169 0 -2.30699 -2.27965e-05 0.000762554  0 0.00127379 2
1386491824.433854921 3.73525 1.20195 0 -2.302 0.00166297 0.00198172  0 0.000673176 2
1386491824.506666911 3.73529 1.20202 0 -2.299 0.000492612 0.000969361  0 0.000720544 2
1386491824.636243349 3.73532 1.20205 0 -2.287 0.000255993 0.000258689  0 0.00161545 2
1386491824.691393283 3.73536 1.20204 0 -2.28499 0.000664116 -0.000167633  0 0.000637421 2
1386491824.821371378 3.73524 1.20207 0 -2.276 -0.000912123 0.000248067  0 0.00120682 2
1386491824.888236587 3.73536 1.20209 0 -2.26799 0.00175697 0.000299123  0 0.00209101 2
1386491825.018076722 3.73523 1.20212 0 -2.25699 -0.000965408 0.000187168  0 0.00147885 2
1386491825.148896262 3.73502 1.20218 0 -2.24899 -0.0016101 0.000494331  0 0.00106673 2
1386491825.215699348 3.73504 1.20217 0 -2.245 0.000209982 -0.000134197  0 0.00104448 2
1386491825.344108348 3.7348 1.20209 0 -2.23799 -0.00179745 -0.000690342  0 0.000951951 2
1386491825.409062761 3.73485 1.20208 0 -2.23399 0.000670358 -5.09849e-05  0 0.00107421 2
1386491825.539439954 3.73489 1.20203 0 -2.22299 0.00034798 -0.000409997  0 0.00147276 2
1386491825.604696872 3.73493 1.20201 0 -2.218 0.00054675 -0.000295649  0 0.0013345 2
1386491825.734938990 3.73503 1.20199 0 -2.209 0.000765406 -0.000147509  0 0.00120642 2
1386491825.802018809 3.73503 1.2019 0 -2.20299 4.85546e-05 -0.00131979  0 0.00156423 2
1386491825.932476415 3.73508 1.20183 0 -2.19 0.000404348 -0.000579395  0 0.00173723 2
1386491825.995037054 3.73505 1.20184 0 -2.185 -0.000515224 0.00023179  0 0.00139627 2
1386491826.126250693 3.73513 1.20178 0 -2.17499 0.000615072 -0.000447227  0 0.00133144 2
1386491826.191193773 3.73506 1.20175 0 -2.17 -0.00114565 -0.000546766  0 0.00134095 2
1386491826.321558504 3.73499 1.20161 0 -2.16299 -0.000553463 -0.0010546  0 0.00093767 2
1386491826.386932011 3.7351 1.20162 0 -2.15799 0.0016749 0.000132073  0 0.00133619 2
1386491826.517065814 3.73514 1.20161 0 -2.14799 0.000370533 -3.77918e-05  0 0.00134044 2
1386491826.649534580 3.7354 1.2016 0 -2.138 0.0019083 -7.66661e-05  0 0.00131682 2
1386491826.712628241 3.73536 1.20162 0 -2.133 -0.000554131 0.000275381  0 0.00138448 2
1386491826.843335053 3.73535 1.20175 0 -2.121 -9.85669e-05 0.00098651  0 0.00160148 2
1386491826.909640315 3.73531 1.20176 0 -2.116 -0.000628967 0.000190624  0 0.00131742 2
1386491826.972818552 3.73531 1.20179 0 -2.112 0.000105136 0.000463  0 0.00110441 2
1386491827.103765936 3.73526 1.20176 0 -2.10599 -0.0004295 -0.000266538  0 0.000801303 2
1386491827.234035929 3.73537 1.20173 0 -2.097 0.000857119 -0.000189917  0 0.00120412 2
1386491827.299160213 3.73544 1.20172 0 -2.09099 0.00109052 -0.000191756  0 0.0016112 2
1386491827.431291679 3.73522 1.2017 0 -2.08299 -0.00167022 -0.000161269  0 0.00105614 2
1386491827.494683855 3.73517 1.20173 0 -2.077 -0.000745362 0.000487043  0 0.00165103 2
1386491827.624844518 3.7355 1.20155 0 -2.06799 0.00249887 -0.00133762  0 0.00120717 2
1386491827.691959323 3.73556 1.20151 0 -2.065 0.000870015 -0.000699076  0 0.000777741 2
1386491827.820126168 3.73565 1.2014 0 -2.05899 0.000748848 -0.000836695  0 0.000818687 2
1386491827.951126464 3.73562 1.2014 0 -2.04799 -0.000218356 -1.12546e-05  0 0.00146575 2
1386491828.015766935 3.73561 1.20137 0 -2.04399 -0.000221093 -0.00038018  0 0.00107943 2
1386491828.146026549 3.73605 1.20137 0 -2.034 0.00338793 -2.24746e-05  0 0.00133915 2
1386491828.211659331 3.73607 1.20139 0 -2.02699 0.000323539 0.000255583  0 0.00186247 2
1386491828.341320574 3.73616 1.20141 0 -2.019 0.000686287 0.000183966  0 0.00107626 2
1386491828.407007408 3.73616 1.20135 0 -2.01399 -3.89592e-06 -0.00101995  0 0.00132982 2
1386491828.546659776 3.7363 1.20123 0 -2.004 0.000984519 -0.000859645  0 0.00124908 2
1386491828.604522567 3.73635 1.20118 0 -2.002 0.000903411 -0.000786106  0 0.000602933 2
1386491828.733061387 3.73642 1.20122 0 -1.993 0.000553289 0.000325684  0 0.00122241 2
