0.261612 -0.798253 0.991 1.00006
0.279387 -0.79835 0.989727 1.10006
0.302346 -0.798033 0.989043 1.20006
0.329634 -0.796938 0.988752 1.30006
0.360515 -0.794727 0.988721 1.40006
0.394343 -0.791098 0.988859 1.50006
0.430548 -0.785801 0.989104 1.60006
0.468625 -0.778631 0.989416 1.70006
0.508123 -0.769431 0.989764 1.80006
0.548638 -0.758086 0.990131 1.90006
0.589808 -0.744519 0.990502 2.00006
0.631307 -0.728685 0.990869 2.10006
0.67284 -0.710563 0.991226 2.20006
0.714143 -0.69016 0.991569 2.30006
0.754975 -0.667497 0.991896 2.40006
0.79512 -0.642614 0.992206 2.50006
0.834378 -0.615564 0.992496 2.60006
0.87257 -0.586407 0.992768 2.70006
0.909533 -0.555218 0.99302 2.80006
0.922219 -0.544732 0.991821 2.90006
0.937831 -0.529408 0.991248 3.00006
0.95602 -0.510263 0.991092 3.10006
0.976488 -0.488051 0.991207 3.20006
0.998944 -0.463341 0.991494 3.30006
1.02311 -0.436573 0.991881 3.40006
1.04873 -0.408097 0.992322 3.50006
1.07559 -0.378198 0.992784 3.60006
1.10348 -0.347108 0.993244 3.70006
1.13224 -0.315019 0.993687 3.80006
1.16173 -0.282092 0.994104 3.90006
1.19183 -0.248462 0.994489 4.00006
1.22245 -0.21424 0.994837 4.10006
1.2535 -0.179521 0.995148 4.20006
1.2849 -0.144384 0.995419 4.30006
1.31661 -0.108896 0.995652 4.40006
1.34857 -0.0731112 0.995846 4.50006
1.38073 -0.0370775 0.996003 4.60006
1.41307 -0.000834045 0.996125 4.70006
1.44556 0.0355862 0.996211 4.80006
1.47817 0.0721553 0.996265 4.90006
1.51089 0.10885 0.996287 5.00006
1.54368 0.145651 0.996278 5.10006
1.57655 0.182541 0.996241 5.20006
1.60947 0.219507 0.996176 5.30006
1.64245 0.256537 0.996085 5.40006
1.67546 0.293621 0.995969 5.50006
1.70851 0.330751 0.99583 5.60006
1.74158 0.367919 0.995669 5.70006
1.77468 0.405121 0.995486 5.80006
1.80779 0.442351 0.995284 5.90006
1.84092 0.479605 0.995062 6.00006
1.87407 0.516879 0.994823 6.10006
1.90722 0.554171 0.994567 6.20006
1.94038 0.591478 0.994295 6.30006
1.97355 0.628798 0.994007 6.40006
2.00672 0.666129 0.993706 6.50006
2.03989 0.70347 0.99339 6.60006
2.07307 0.740819 0.993062 6.70006
2.10625 0.778175 0.992722 6.80006
2.13943 0.815537 0.99237 6.90006
2.17262 0.852905 0.992008 7.00006
2.2058 0.890278 0.991635 7.10006
2.23898 0.927655 0.991252 7.20006
2.27217 0.965036 0.99086 7.30006
2.30535 1.00242 0.99046 7.40006
2.33854 1.03981 0.990051 7.50006
2.37172 1.0772 0.989635 7.60006
2.4049 1.11459 0.989211 7.70006
2.43808 1.15198 0.988781 7.80006
2.47126 1.18938 0.988343 7.90006
2.50444 1.22678 0.9879 8.00006
2.53762 1.26418 0.987451 8.10006
2.5708 1.30158 0.986996 8.20006
2.60398 1.33898 0.986536 8.30006
2.63716 1.37639 0.986071 8.40006
2.67033 1.41379 0.985602 8.50006
2.70351 1.4512 0.985128 8.60006
2.73668 1.48861 0.984649 8.70006
2.76985 1.52602 0.984167 8.80006
2.80303 1.56343 0.983681 8.90006
2.8362 1.60084 0.983192 9.00006
2.86937 1.63825 0.982699 9.10006
2.90254 1.67566 0.982204 9.20006
2.93571 1.71307 0.981705 9.30006
2.96888 1.75049 0.981203 9.40006
3.00205 1.7879 0.980699 9.50006
3.03522 1.82531 0.980192 9.60006
3.06839 1.86273 0.979683 9.70006
3.10155 1.90015 0.979172 9.80006
3.13472 1.93756 0.978658 9.90006
3.16789 1.97498 0.978143 10.0001
3.20105 2.01239 0.977625 10.1001
3.23422 2.04981 0.977106 10.2001
3.26738 2.08723 0.976585 10.3001
3.30054 2.12465 0.976063 10.4001
3.33371 2.16207 0.975539 10.5001
3.36687 2.19949 0.975013 10.6001
3.40004 2.23691 0.974487 10.7001
3.4332 2.27433 0.973959 10.8001
3.46636 2.31175 0.973429 10.9001
3.49952 2.34917 0.972899 11.0001
3.53268 2.38659 0.972367 11.1001
3.56585 2.42401 0.971835 11.2001
3.59901 2.46143 0.971302 11.3001
3.63217 2.49885 0.970767 11.4001
3.66533 2.53627 0.970232 11.5001
3.69849 2.57369 0.969696 11.6001
3.73165 2.61111 0.969159 11.7001
3.76481 2.64854 0.968622 11.8001
3.79797 2.68596 0.968084 11.9001
3.83113 2.72338 0.967545 12.0001
3.86429 2.7608 0.967005 12.1001
3.89745 2.79823 0.966465 12.2001
3.93061 2.83565 0.965925 12.3001
3.96376 2.87307 0.965384 12.4001
3.99692 2.9105 0.964842 12.5001
4.03008 2.94792 0.9643 12.6001
4.06324 2.98534 0.963758 12.7001
4.0964 3.02277 0.963215 12.8001
4.12956 3.06019 0.962672 12.9001
4.16271 3.09762 0.962128 13.0001
4.19587 3.13504 0.961584 13.1001
4.22903 3.17246 0.96104 13.2001
4.26219 3.20989 0.960495 13.3001
4.29534 3.24731 0.95995 13.4001
4.3285 3.28474 0.959405 13.5001
4.36166 3.32216 0.95886 13.6001
4.39482 3.35959 0.958314 13.7001
4.42797 3.39701 0.957768 13.8001
4.46113 3.43443 0.957222 13.9001
4.49429 3.47186 0.956675 14.0001
4.52744 3.50928 0.956129 14.1001
4.5606 3.54671 0.955582 14.2001
4.59376 3.58413 0.955035 14.3001
4.60566 3.59487 0.953499 14.4001
4.62013 3.61065 0.952467 14.5001
4.63711 3.63035 0.951779 14.6001
4.65657 3.65299 0.951322 14.7001
4.6785 3.67778 0.951022 14.8001
4.70288 3.70402 0.950827 14.9001
4.72967 3.73112 0.950703 15.0001
4.75879 3.75856 0.950625 15.1001
4.79017 3.7859 0.950577 15.2001
4.8237 3.81277 0.950548 15.3001
4.85928 3.83883 0.950531 15.4001
4.89678 3.86379 0.950521 15.5001
4.93606 3.88743 0.950513 15.6001
4.977 3.90953 0.950507 15.7001
5.01943 3.9299 0.9505 15.8001
5.06322 3.94841 0.950491 15.9001
5.10823 3.96493 0.950479 16.0001
5.1543 3.97934 0.950465 16.1001
5.20129 3.99155 0.950447 16.2001
5.24905 4.0015 0.950426 16.3001
5.29743 4.00911 0.950402 16.4001
5.34629 4.01435 0.950374 16.5001
5.39549 4.01718 0.950342 16.6001
5.44489 4.01757 0.950307 16.7001
5.49434 4.0155 0.950268 16.8001
5.5437 4.01097 0.950226 16.9001
5.59285 4.00398 0.950181 17.0001
5.64165 3.99453 0.950132 17.1001
5.68996 3.98266 0.95008 17.2001
5.73765 3.96837 0.950025 17.3001
5.75386 3.96185 0.947878 17.4001
5.77464 3.95262 0.946063 17.5001
5.79932 3.94138 0.944491 17.6001
5.82737 3.92864 0.943098 17.7001
5.85827 3.91473 0.941838 17.8001
5.8916 3.89989 0.94068 17.9001
5.92696 3.8843 0.939599 18.0001
5.96405 3.86808 0.938578 18.1001
6.00258 3.85133 0.937604 18.2001
6.04232 3.83413 0.936667 18.3001
6.08306 3.81657 0.93576 18.4001
6.12466 3.79867 0.934878 18.5001
6.16696 3.78051 0.934017 18.6001
6.20986 3.76211 0.933173 18.7001
6.25325 3.7435 0.932344 18.8001
6.29705 3.72472 0.931527 18.9001
6.3412 3.70579 0.930722 19.0001
6.38564 3.68673 0.929927 19.1001
6.43032 3.66756 0.92914 19.2001
6.4752 3.64829 0.928361 19.3001
6.52024 3.62894 0.927588 19.4001
6.56543 3.60951 0.926822 19.5001
6.61072 3.59001 0.926062 19.6001
6.65612 3.57046 0.925307 19.7001
6.70159 3.55086 0.924556 19.8001
6.74713 3.53122 0.92381 19.9001
6.79272 3.51153 0.923068 20.0001
6.83836 3.49181 0.922329 20.1001
6.88403 3.47206 0.921594 20.2001
6.92974 3.45228 0.920862 20.3001
6.97546 3.43248 0.920134 20.4001
7.02121 3.41265 0.919407 20.5001
7.06697 3.39281 0.918684 20.6001
7.11275 3.37294 0.917962 20.7001
7.15854 3.35306 0.917243 20.8001
7.20433 3.33316 0.916526 20.9001
7.25013 3.31325 0.915811 21.0001
7.29594 3.29333 0.915098 21.1001
7.34174 3.27339 0.914387 21.2001
7.38755 3.25344 0.913677 21.3001
7.43337 3.23348 0.912969 21.4001
7.47918 3.21352 0.912262 21.5001
7.52499 3.19354 0.911556 21.6001
7.57081 3.17355 0.910852 21.7001
7.61662 3.15356 0.910149 21.8001
7.66243 3.13356 0.909447 21.9001
7.70824 3.11355 0.908746 22.0001
7.75405 3.09353 0.908046 22.1001
7.79986 3.07351 0.907347 22.2001
7.84567 3.05349 0.906649 22.3001
7.89147 3.03345 0.905952 22.4001
7.93728 3.01342 0.905256 22.5001
7.98308 2.99337 0.90456 22.6001
8.02888 2.97333 0.903865 22.7001
8.07468 2.95327 0.903171 22.8001
8.12048 2.93322 0.902477 22.9001
8.16628 2.91316 0.901784 23.0001
8.21208 2.89309 0.901092 23.1001
8.25787 2.87303 0.9004 23.2001
8.30366 2.85295 0.899708 23.3001
8.34946 2.83288 0.899017 23.4001
8.39525 2.8128 0.898327 23.5001
8.44104 2.79272 0.897637 23.6001
8.48683 2.77264 0.896947 23.7001
8.53261 2.75255 0.896258 23.8001
8.5784 2.73246 0.895569 23.9001
8.62418 2.71237 0.89488 24.0001
8.66997 2.69228 0.894192 24.1001
8.71575 2.67218 0.893504 24.2001
8.76154 2.65208 0.892816 24.3001
8.80732 2.63198 0.892129 24.4001
8.8531 2.61188 0.891441 24.5001
8.89888 2.59178 0.890754 24.6001
8.94466 2.57167 0.890068 24.7001
8.99044 2.55156 0.889381 24.8001
9.03621 2.53146 0.888695 24.9001
9.08199 2.51135 0.888009 25.0001
9.12777 2.49123 0.887323 25.1001
9.17354 2.47112 0.886637 25.2001
9.21932 2.45101 0.885951 25.3001
9.2651 2.43089 0.885266 25.4001
9.31087 2.41077 0.88458 25.5001
9.35664 2.39065 0.883895 25.6001
9.40242 2.37053 0.88321 25.7001
9.44819 2.35041 0.882525 25.8001
9.49396 2.33029 0.88184 25.9001
9.53973 2.31017 0.881156 26.0001
9.58551 2.29005 0.880471 26.1001
9.63128 2.26992 0.879787 26.2001
9.67705 2.2498 0.879102 26.3001
9.72282 2.22967 0.878418 26.4001
9.76859 2.20955 0.877734 26.5001
9.81436 2.18942 0.877049 26.6001
9.86013 2.16929 0.876365 26.7001
9.9059 2.14916 0.875681 26.8001
9.95167 2.12903 0.874997 26.9001
9.99744 2.1089 0.874313 27.0001
10.0432 2.08877 0.873629 27.1001
10.089 2.06864 0.872946 27.2001
10.1347 2.04851 0.872262 27.3001
10.1805 2.02838 0.871578 27.4001
10.2263 2.00825 0.870895 27.5001
10.272 1.98812 0.870211 27.6001
10.3178 1.96798 0.869527 27.7001
10.3636 1.94785 0.868844 27.8001
10.4093 1.92771 0.86816 27.9001
10.4551 1.90758 0.867477 28.0001
10.5009 1.88745 0.866793 28.1001
10.5466 1.86731 0.86611 28.2001
10.5924 1.84718 0.865427 28.3001
10.6382 1.82704 0.864743 28.4001
10.6839 1.8069 0.86406 28.5001
10.7297 1.78677 0.863377 28.6001
10.7755 1.76663 0.862693 28.7001
10.8212 1.74649 0.86201 28.8001
10.867 1.72636 0.861327 28.9001
10.9128 1.70622 0.860644 29.0001
10.9585 1.68608 0.859961 29.1001
11.0043 1.66595 0.859277 29.2001
11.0501 1.64581 0.858594 29.3001
11.0958 1.62567 0.857911 29.4001
11.1416 1.60553 0.857228 29.5001
11.1874 1.58539 0.856545 29.6001
11.2331 1.56525 0.855862 29.7001
11.2789 1.54512 0.855179 29.8001
11.3247 1.52498 0.854496 29.9001
11.3704 1.50484 0.853813 30.0001
11.4162 1.4847 0.85313 30.1001
11.462 1.46456 0.852447 30.2001
11.5077 1.44442 0.851764 30.3001
11.5535 1.42428 0.851081 30.4001
11.5993 1.40414 0.850398 30.5001
11.645 1.384 0.849715 30.6001
11.6908 1.36386 0.849032 30.7001
11.7365 1.34372 0.848349 30.8001
11.7823 1.32358 0.847666 30.9001
11.8281 1.30344 0.846983 31.0001
11.8738 1.2833 0.8463 31.1001
11.9196 1.26316 0.845617 31.2001
11.9654 1.24302 0.844934 31.3001
12.0111 1.22288 0.844251 31.4001
12.0569 1.20274 0.843568 31.5001
12.1027 1.1826 0.842885 31.6001
12.1484 1.16246 0.842202 31.7001
12.1942 1.14232 0.841519 31.8001
12.24 1.12218 0.840836 31.9001
12.2857 1.10204 0.840153 32.0001
12.3315 1.0819 0.83947 32.1001
12.3772 1.06176 0.838788 32.2001
12.423 1.04161 0.838105 32.3001
12.4688 1.02147 0.837422 32.4001
12.5145 1.00133 0.836739 32.5001
12.5603 0.981192 0.836056 32.6001
12.6061 0.961051 0.835373 32.7001
12.6518 0.94091 0.83469 32.8001
12.6976 0.920768 0.834007 32.9001
12.7434 0.900627 0.833324 33.0001
12.7891 0.880486 0.832641 33.1001
12.8349 0.860345 0.831959 33.2001
12.8806 0.840203 0.831276 33.3001
12.9264 0.820062 0.830593 33.4001
12.9722 0.799921 0.82991 33.5001
13.0179 0.779779 0.829227 33.6001
13.0637 0.759638 0.828544 33.7001
13.1095 0.739496 0.827861 33.8001
13.1552 0.719355 0.827178 33.9001
13.201 0.699214 0.826495 34.0001
13.2468 0.679072 0.825813 34.1001
13.2925 0.658931 0.82513 34.2001
13.3383 0.638789 0.824447 34.3001
13.384 0.618647 0.823764 34.4001
13.4298 0.598506 0.823081 34.5001
13.4756 0.578364 0.822398 34.6001
13.5213 0.558223 0.821715 34.7001
13.5671 0.538081 0.821033 34.8001
13.6129 0.517939 0.82035 34.9001
13.6586 0.497798 0.819667 35.0001
13.7044 0.477656 0.818984 35.1001
13.7502 0.457514 0.818301 35.2001
13.7959 0.437373 0.817618 35.3001
13.8417 0.417231 0.816935 35.4001
13.8874 0.397089 0.816252 35.5001
13.9332 0.376948 0.81557 35.6001
13.979 0.356806 0.814887 35.7001
14.0247 0.336664 0.814204 35.8001
14.0705 0.316522 0.813521 35.9001
14.1163 0.296381 0.812838 36.0001
14.162 0.276239 0.812155 36.1001
14.2078 0.256097 0.811472 36.2001
14.2536 0.235955 0.81079 36.3001
14.2993 0.215814 0.810107 36.4001
14.3451 0.195672 0.809424 36.5001
14.3908 0.17553 0.808741 36.6001
14.4366 0.155388 0.808058 36.7001
14.4824 0.135247 0.807375 36.8001
14.4981 0.128237 0.805838 36.9001
14.5183 0.118282 0.804806 37.0001
14.5425 0.10634 0.804117 37.1001
14.5702 0.093214 0.803662 37.2001
14.6011 0.0795737 0.803364 37.3001
14.6349 0.0659752 0.803173 37.4001
14.6712 0.0528816 0.803054 37.5001
14.7097 0.0406789 0.802984 37.6001
14.7502 0.029687 0.802945 37.7001
14.7924 0.0201705 0.802928 37.8001
14.836 0.012346 0.802925 37.9001
14.8808 0.00638945 0.802931 38.0001
