-0.0759391 -0.456684 0.949 1.38813e+09
-0.0687934 -0.455881 0.944749 1.38813e+09
-0.054757 -0.454887 0.940805 1.38813e+09
-0.0349272 -0.454024 0.937097 1.38813e+09
-0.010233 -0.453665 0.933578 1.38813e+09
0.0185273 -0.45418 0.930216 1.38813e+09
0.0506595 -0.455909 0.926986 1.38813e+09
0.0855531 -0.459144 0.923872 1.38813e+09
0.122667 -0.46413 0.920862 1.38813e+09
0.161519 -0.471059 0.917946 1.38813e+09
0.167814 -0.475187 0.912757 1.38813e+09
0.180697 -0.481143 0.907637 1.38813e+09
0.199142 -0.488607 0.902646 1.38813e+09
0.222293 -0.497258 0.897824 1.38813e+09
0.249418 -0.506845 0.893193 1.38813e+09
0.27989 -0.517182 0.888765 1.38813e+09
0.313175 -0.528132 0.884545 1.38813e+09
0.348823 -0.539595 0.88053 1.38813e+09
0.386452 -0.551488 0.876718 1.38813e+09
0.425741 -0.56375 0.873102 1.38813e+09
0.466421 -0.576329 0.869676 1.38813e+09
0.508265 -0.589181 0.866431 1.38813e+09
0.551085 -0.60227 0.863358 1.38813e+09
0.59472 -0.615566 0.860451 1.38813e+09
0.639038 -0.629043 0.8577 1.38813e+09
0.683926 -0.642677 0.855097 1.38813e+09
0.729291 -0.656451 0.852635 1.38813e+09
0.775054 -0.670348 0.850307 1.38813e+09
0.82115 -0.684352 0.848104 1.38813e+09
0.867524 -0.698451 0.846021 1.38813e+09
0.91413 -0.712636 0.844051 1.38813e+09
0.960928 -0.726895 0.842187 1.38813e+09
1.00789 -0.741222 0.840424 1.38813e+09
1.05498 -0.755609 0.838757 1.38813e+09
1.10218 -0.770049 0.837179 1.38813e+09
1.14948 -0.784538 0.835687 1.38813e+09
1.19685 -0.799071 0.834275 1.38813e+09
1.24429 -0.813643 0.83294 1.38813e+09
1.29178 -0.828251 0.831676 1.38813e+09
1.33931 -0.842892 0.830481 1.38813e+09
1.38688 -0.857563 0.82935 1.38813e+09
1.43447 -0.872261 0.828279 1.38813e+09
1.48209 -0.886985 0.827266 1.38813e+09
1.52973 -0.901731 0.826307 1.38813e+09
1.57738 -0.916499 0.825399 1.38813e+09
1.62505 -0.931287 0.82454 1.38813e+09
1.67273 -0.946093 0.823726 1.38813e+09
1.72041 -0.960917 0.822956 1.38813e+09
1.7681 -0.975756 0.822227 1.38813e+09
1.8158 -0.990611 0.821536 1.38813e+09
1.86349 -1.00548 0.820882 1.38813e+09
1.91119 -1.02036 0.820262 1.38813e+09
1.9589 -1.03526 0.819675 1.38813e+09
2.0066 -1.05016 0.819119 1.38813e+09
2.0543 -1.06508 0.818592 1.38813e+09
2.102 -1.08 0.818093 1.38813e+09
2.14971 -1.09494 0.817619 1.38813e+09
2.19741 -1.10989 0.81717 1.38813e+09
2.24511 -1.12484 0.816745 1.38813e+09
2.29281 -1.13981 0.816341 1.38813e+09
2.34051 -1.15478 0.815958 1.38813e+09
2.34632 -1.16007 0.813344 1.38813e+09
2.35855 -1.16767 0.811558 1.38813e+09
2.37633 -1.17696 0.810335 1.38813e+09
2.39891 -1.18729 0.809495 1.38813e+09
2.42568 -1.19807 0.808916 1.38813e+09
2.45608 -1.20882 0.808513 1.38813e+09
2.48962 -1.21912 0.808232 1.38813e+09
2.52588 -1.22861 0.808032 1.38813e+09
2.56447 -1.237 0.807888 1.38813e+09
2.60504 -1.24404 0.807782 1.38813e+09
2.64728 -1.24952 0.807702 1.38813e+09
2.6909 -1.25328 0.807639 1.38813e+09
2.73564 -1.25517 0.807589 1.38813e+09
2.78126 -1.25508 0.807547 1.38813e+09
2.78812 -1.25272 0.805026 1.38813e+09
2.80179 -1.24946 0.803395 1.38813e+09
2.8212 -1.24547 0.802377 1.38813e+09
2.84544 -1.24097 0.801779 1.38813e+09
2.87374 -1.23612 0.801468 1.38813e+09
2.90547 -1.23101 0.80135 1.38813e+09
2.94008 -1.22571 0.801362 1.38813e+09
2.97711 -1.22027 0.801458 1.38813e+09
3.01616 -1.21471 0.801607 1.38813e+09
3.05691 -1.20905 0.801789 1.38813e+09
3.09909 -1.20332 0.80199 1.38813e+09
3.14246 -1.1975 0.802199 1.38813e+09
3.18684 -1.19163 0.802409 1.38813e+09
3.23206 -1.1857 0.802617 1.38813e+09
3.27799 -1.17972 0.802819 1.38813e+09
3.32451 -1.17369 0.803013 1.38813e+09
3.37152 -1.16763 0.8032 1.38813e+09
3.41896 -1.16153 0.803377 1.38813e+09
3.46674 -1.1554 0.803545 1.38813e+09
3.51481 -1.14924 0.803704 1.38813e+09
3.56313 -1.14305 0.803854 1.38813e+09
3.61166 -1.13684 0.803995 1.38813e+09
3.66035 -1.13061 0.804128 1.38813e+09
3.7092 -1.12436 0.804253 1.38813e+09
3.75816 -1.11809 0.804369 1.38813e+09
3.80722 -1.11181 0.804479 1.38813e+09
3.85637 -1.10551 0.804581 1.38813e+09
3.90559 -1.0992 0.804677 1.38813e+09
3.95487 -1.09287 0.804766 1.38813e+09
4.0042 -1.08654 0.80485 1.38813e+09
4.05357 -1.08019 0.804927 1.38813e+09
4.10298 -1.07384 0.805 1.38813e+09
4.15242 -1.06748 0.805067 1.38813e+09
4.20188 -1.06111 0.805129 1.38813e+09
4.25136 -1.05473 0.805187 1.38813e+09
4.30085 -1.04834 0.805241 1.38813e+09
4.35036 -1.04195 0.80529 1.38813e+09
4.39989 -1.03556 0.805336 1.38813e+09
4.44942 -1.02915 0.805378 1.38813e+09
4.49896 -1.02275 0.805417 1.38813e+09
4.54851 -1.01633 0.805452 1.38813e+09
4.59807 -1.00992 0.805484 1.38813e+09
4.64762 -1.0035 0.805514 1.38813e+09
4.69719 -0.99707 0.80554 1.38813e+09
4.74675 -0.990641 0.805564 1.38813e+09
4.79632 -0.984208 0.805586 1.38813e+09
4.84589 -0.977772 0.805605 1.38813e+09
4.89546 -0.971333 0.805622 1.38813e+09
4.94504 -0.96489 0.805637 1.38813e+09
4.99461 -0.958445 0.80565 1.38813e+09
5.04419 -0.951997 0.805661 1.38813e+09
5.09376 -0.945546 0.805671 1.38813e+09
5.14334 -0.939093 0.805679 1.38813e+09
5.19292 -0.932637 0.805685 1.38813e+09
5.2425 -0.92618 0.80569 1.38813e+09
5.29207 -0.91972 0.805693 1.38813e+09
5.34165 -0.913258 0.805695 1.38813e+09
5.39123 -0.906794 0.805696 1.38813e+09
5.44081 -0.900329 0.805696 1.38813e+09
5.49039 -0.893861 0.805694 1.38813e+09
5.53997 -0.887392 0.805692 1.38813e+09
5.58955 -0.880922 0.805688 1.38813e+09
5.63912 -0.87445 0.805684 1.38813e+09
5.6887 -0.867976 0.805678 1.38813e+09
5.73828 -0.861502 0.805672 1.38813e+09
5.78786 -0.855026 0.805665 1.38813e+09
5.83744 -0.848548 0.805658 1.38813e+09
5.88702 -0.84207 0.805649 1.38813e+09
5.93659 -0.83559 0.80564 1.38813e+09
5.98617 -0.82911 0.80563 1.38813e+09
6.03575 -0.822628 0.80562 1.38813e+09
6.08533 -0.816145 0.805609 1.38813e+09
6.13491 -0.809662 0.805598 1.38813e+09
6.18448 -0.803177 0.805586 1.38813e+09
6.23406 -0.796692 0.805574 1.38813e+09
6.28364 -0.790206 0.805561 1.38813e+09
6.33322 -0.783719 0.805547 1.38813e+09
6.38279 -0.777232 0.805534 1.38813e+09
6.43237 -0.770743 0.80552 1.38813e+09
6.48195 -0.764254 0.805505 1.38813e+09
6.53152 -0.757765 0.805491 1.38813e+09
6.5811 -0.751275 0.805476 1.38813e+09
6.63068 -0.744784 0.80546 1.38813e+09
6.68025 -0.738293 0.805445 1.38813e+09
6.72983 -0.731801 0.805429 1.38813e+09
6.77941 -0.725309 0.805412 1.38813e+09
6.82898 -0.718816 0.805396 1.38813e+09
6.87856 -0.712323 0.805379 1.38813e+09
6.92814 -0.705829 0.805363 1.38813e+09
6.97771 -0.699335 0.805345 1.38813e+09
7.02729 -0.69284 0.805328 1.38813e+09
7.07687 -0.686346 0.805311 1.38813e+09
7.12644 -0.67985 0.805293 1.38813e+09
7.17602 -0.673355 0.805275 1.38813e+09
7.2256 -0.666859 0.805257 1.38813e+09
7.27517 -0.660363 0.805239 1.38813e+09
7.32475 -0.653866 0.805221 1.38813e+09
7.37432 -0.64737 0.805203 1.38813e+09
7.4239 -0.640873 0.805184 1.38813e+09
7.47348 -0.634375 0.805166 1.38813e+09
7.52305 -0.627878 0.805147 1.38813e+09
7.57263 -0.62138 0.805128 1.38813e+09
7.6222 -0.614882 0.805109 1.38813e+09
7.67178 -0.608384 0.80509 1.38813e+09
7.72136 -0.601885 0.805071 1.38813e+09
7.77093 -0.595387 0.805052 1.38813e+09
7.82051 -0.588888 0.805033 1.38813e+09
7.87008 -0.582389 0.805014 1.38813e+09
7.91966 -0.57589 0.804994 1.38813e+09
7.96924 -0.569391 0.804975 1.38813e+09
8.01881 -0.562891 0.804955 1.38813e+09
8.06839 -0.556392 0.804936 1.38813e+09
8.11796 -0.549892 0.804916 1.38813e+09
8.16754 -0.543392 0.804896 1.38813e+09
8.21711 -0.536892 0.804877 1.38813e+09
8.26669 -0.530392 0.804857 1.38813e+09
8.31627 -0.523892 0.804837 1.38813e+09
8.36584 -0.517391 0.804817 1.38813e+09
8.41542 -0.510891 0.804797 1.38813e+09
8.46499 -0.504391 0.804777 1.38813e+09
8.51457 -0.49789 0.804757 1.38813e+09
8.56414 -0.491389 0.804737 1.38813e+09
8.61372 -0.484888 0.804717 1.38813e+09
8.66329 -0.478387 0.804697 1.38813e+09
8.71287 -0.471887 0.804677 1.38813e+09
8.76245 -0.465385 0.804657 1.38813e+09
8.81202 -0.458884 0.804637 1.38813e+09
8.8616 -0.452383 0.804617 1.38813e+09
8.91117 -0.445882 0.804597 1.38813e+09
8.96075 -0.439381 0.804576 1.38813e+09
9.01032 -0.432879 0.804556 1.38813e+09
9.0599 -0.426378 0.804536 1.38813e+09
9.10947 -0.419876 0.804516 1.38813e+09
9.15905 -0.413375 0.804495 1.38813e+09
9.20863 -0.406873 0.804475 1.38813e+09
9.2582 -0.400372 0.804455 1.38813e+09
9.30778 -0.39387 0.804434 1.38813e+09
9.35735 -0.387368 0.804414 1.38813e+09
9.40693 -0.380867 0.804394 1.38813e+09
9.4565 -0.374365 0.804373 1.38813e+09
9.50608 -0.367863 0.804353 1.38813e+09
9.55565 -0.361361 0.804332 1.38813e+09
9.60523 -0.354859 0.804312 1.38813e+09
9.6548 -0.348357 0.804292 1.38813e+09
9.70438 -0.341855 0.804271 1.38813e+09
9.75396 -0.335353 0.804251 1.38813e+09
9.80353 -0.328851 0.80423 1.38813e+09
9.85311 -0.322349 0.80421 1.38813e+09
9.90268 -0.315847 0.804189 1.38813e+09
9.95226 -0.309345 0.804169 1.38813e+09
10.0018 -0.302843 0.804148 1.38813e+09
10.0514 -0.296341 0.804128 1.38813e+09
10.101 -0.289839 0.804108 1.38813e+09
10.1506 -0.283336 0.804087 1.38813e+09
10.2001 -0.276834 0.804067 1.38813e+09
10.2497 -0.270332 0.804046 1.38813e+09
10.2993 -0.26383 0.804026 1.38813e+09
10.3489 -0.257328 0.804005 1.38813e+09
10.3984 -0.250825 0.803985 1.38813e+09
10.448 -0.244323 0.803964 1.38813e+09
10.4976 -0.237821 0.803944 1.38813e+09
10.5472 -0.231318 0.803923 1.38813e+09
10.5967 -0.224816 0.803902 1.38813e+09
10.6463 -0.218314 0.803882 1.38813e+09
10.6959 -0.211811 0.803861 1.38813e+09
10.7455 -0.205309 0.803841 1.38813e+09
10.795 -0.198807 0.80382 1.38813e+09
10.8446 -0.192304 0.8038 1.38813e+09
10.8942 -0.185802 0.803779 1.38813e+09
10.9438 -0.179299 0.803759 1.38813e+09
10.9933 -0.172797 0.803738 1.38813e+09
11.0429 -0.166295 0.803718 1.38813e+09
11.0925 -0.159792 0.803697 1.38813e+09
11.1421 -0.15329 0.803677 1.38813e+09
11.1916 -0.146787 0.803656 1.38813e+09
11.2412 -0.140285 0.803635 1.38813e+09
11.2908 -0.133782 0.803615 1.38813e+09
11.3404 -0.12728 0.803594 1.38813e+09
11.3899 -0.120777 0.803574 1.38813e+09
11.4395 -0.114275 0.803553 1.38813e+09
11.4891 -0.107773 0.803533 1.38813e+09
11.5387 -0.10127 0.803512 1.38813e+09
11.5882 -0.0947675 0.803491 1.38813e+09
11.6378 -0.088265 0.803471 1.38813e+09
11.6874 -0.0817625 0.80345 1.38813e+09
11.737 -0.07526 0.80343 1.38813e+09
11.7865 -0.0687575 0.803409 1.38813e+09
11.8361 -0.062255 0.803389 1.38813e+09
11.8857 -0.0557525 0.803368 1.38813e+09
11.9353 -0.04925 0.803348 1.38813e+09
11.9848 -0.0427474 0.803327 1.38813e+09
12.0344 -0.0362449 0.803306 1.38813e+09
12.084 -0.0297424 0.803286 1.38813e+09
12.1336 -0.0232398 0.803265 1.38813e+09
12.1831 -0.0167373 0.803245 1.38813e+09
12.2327 -0.0102348 0.803224 1.38813e+09
12.2823 -0.00373223 0.803204 1.38813e+09
12.3319 0.00277031 0.803183 1.38813e+09
12.3815 0.00927286 0.803162 1.38813e+09
12.431 0.0157754 0.803142 1.38813e+09
12.4806 0.022278 0.803121 1.38813e+09
12.5302 0.0287805 0.803101 1.38813e+09
12.5798 0.0352831 0.80308 1.38813e+09
12.6293 0.0417856 0.80306 1.38813e+09
12.6789 0.0482882 0.803039 1.38813e+09
12.7285 0.0547907 0.803018 1.38813e+09
12.7781 0.0612933 0.802998 1.38813e+09
12.8276 0.0677959 0.802977 1.38813e+09
12.8772 0.0742984 0.802957 1.38813e+09
12.9268 0.080801 0.802936 1.38813e+09
12.9764 0.0873036 0.802915 1.38813e+09
13.0259 0.0938061 0.802895 1.38813e+09
13.0755 0.100309 0.802874 1.38813e+09
13.1251 0.106811 0.802854 1.38813e+09
13.1747 0.113314 0.802833 1.38813e+09
13.2242 0.119816 0.802813 1.38813e+09
13.2738 0.126319 0.802792 1.38813e+09
13.3234 0.132822 0.802771 1.38813e+09
13.373 0.139324 0.802751 1.38813e+09
13.4225 0.145827 0.80273 1.38813e+09
13.4721 0.152329 0.80271 1.38813e+09
13.5217 0.158832 0.802689 1.38813e+09
13.5713 0.165334 0.802669 1.38813e+09
13.6208 0.171837 0.802648 1.38813e+09
13.6704 0.17834 0.802627 1.38813e+09
13.72 0.184842 0.802607 1.38813e+09
13.7696 0.191345 0.802586 1.38813e+09
13.8191 0.197847 0.802566 1.38813e+09
13.8687 0.20435 0.802545 1.38813e+09
13.9183 0.210853 0.802524 1.38813e+09
13.9679 0.217355 0.802504 1.38813e+09
14.0174 0.223858 0.802483 1.38813e+09
14.067 0.23036 0.802463 1.38813e+09
14.1166 0.236863 0.802442 1.38813e+09
14.1662 0.243365 0.802422 1.38813e+09
14.2157 0.249868 0.802401 1.38813e+09
14.2653 0.256371 0.80238 1.38813e+09
14.3149 0.262873 0.80236 1.38813e+09
14.3645 0.269376 0.802339 1.38813e+09
14.414 0.275878 0.802319 1.38813e+09
14.4636 0.282381 0.802298 1.38813e+09
14.5132 0.288884 0.802278 1.38813e+09
14.5628 0.295386 0.802257 1.38813e+09
14.6123 0.301889 0.802236 1.38813e+09
14.6619 0.308391 0.802216 1.38813e+09
14.7115 0.314894 0.802195 1.38813e+09
14.7611 0.321397 0.802175 1.38813e+09
14.8106 0.327899 0.802154 1.38813e+09
14.8602 0.334402 0.802133 1.38813e+09
14.9098 0.340904 0.802113 1.38813e+09
14.9594 0.347407 0.802092 1.38813e+09
15.0089 0.35391 0.802072 1.38813e+09
15.0585 0.360412 0.802051 1.38813e+09
15.1081 0.366915 0.802031 1.38813e+09
15.1577 0.373417 0.80201 1.38813e+09
15.2072 0.37992 0.801989 1.38813e+09
15.2568 0.386422 0.801969 1.38813e+09
15.3064 0.392925 0.801948 1.38813e+09
15.356 0.399428 0.801928 1.38813e+09
15.4055 0.40593 0.801907 1.38813e+09
15.4551 0.412433 0.801886 1.38813e+09
15.5047 0.418935 0.801866 1.38813e+09
15.5543 0.425438 0.801845 1.38813e+09
15.6038 0.431941 0.801825 1.38813e+09
15.6534 0.438443 0.801804 1.38813e+09
15.703 0.444946 0.801784 1.38813e+09
15.7526 0.451448 0.801763 1.38813e+09
15.8022 0.457951 0.801742 1.38813e+09
15.8517 0.464454 0.801722 1.38813e+09
15.9013 0.470956 0.801701 1.38813e+09
15.9509 0.477459 0.801681 1.38813e+09
16.0005 0.483961 0.80166 1.38813e+09
16.05 0.490464 0.80164 1.38813e+09
16.0996 0.496967 0.801619 1.38813e+09
16.1492 0.503469 0.801598 1.38813e+09
16.1988 0.509972 0.801578 1.38813e+09
16.2483 0.516474 0.801557 1.38813e+09
16.2979 0.522977 0.801537 1.38813e+09
16.3475 0.52948 0.801516 1.38813e+09
16.3971 0.535982 0.801495 1.38813e+09
16.4466 0.542485 0.801475 1.38813e+09
16.4962 0.548987 0.801454 1.38813e+09
16.5458 0.55549 0.801434 1.38813e+09
16.5954 0.561993 0.801413 1.38813e+09
16.6449 0.568495 0.801393 1.38813e+09
16.6945 0.574998 0.801372 1.38813e+09
16.7441 0.5815 0.801351 1.38813e+09
16.7937 0.588003 0.801331 1.38813e+09
16.8432 0.594506 0.80131 1.38813e+09
16.8928 0.601008 0.80129 1.38813e+09
16.9424 0.607511 0.801269 1.38813e+09
16.992 0.614013 0.801248 1.38813e+09
17.0415 0.620516 0.801228 1.38813e+09
17.0911 0.627018 0.801207 1.38813e+09
17.1407 0.633521 0.801187 1.38813e+09
17.1903 0.640024 0.801166 1.38813e+09
17.2398 0.646526 0.801146 1.38813e+09
17.2894 0.653029 0.801125 1.38813e+09
17.339 0.659531 0.801104 1.38813e+09
17.3886 0.666034 0.801084 1.38813e+09
17.4381 0.672537 0.801063 1.38813e+09
17.4877 0.679039 0.801043 1.38813e+09
17.5373 0.685542 0.801022 1.38813e+09
17.5869 0.692044 0.801002 1.38813e+09
17.6364 0.698547 0.800981 1.38813e+09
17.686 0.70505 0.80096 1.38813e+09
17.7356 0.711552 0.80094 1.38813e+09
17.7852 0.718055 0.800919 1.38813e+09
17.8347 0.724557 0.800899 1.38813e+09
17.8843 0.73106 0.800878 1.38813e+09
17.9339 0.737563 0.800857 1.38813e+09
17.9835 0.744065 0.800837 1.38813e+09
18.033 0.750568 0.800816 1.38813e+09
18.0826 0.75707 0.800796 1.38813e+09
18.1322 0.763573 0.800775 1.38813e+09
18.1818 0.770076 0.800755 1.38813e+09
18.2313 0.776578 0.800734 1.38813e+09
18.2809 0.783081 0.800713 1.38813e+09
18.3305 0.789583 0.800693 1.38813e+09
18.3801 0.796086 0.800672 1.38813e+09
18.4296 0.802589 0.800652 1.38813e+09
18.4792 0.809091 0.800631 1.38813e+09
18.5288 0.815594 0.80061 1.38813e+09
18.5784 0.822096 0.80059 1.38813e+09
18.6279 0.828599 0.800569 1.38813e+09
18.6775 0.835102 0.800549 1.38813e+09
18.7271 0.841604 0.800528 1.38813e+09
18.7767 0.848107 0.800508 1.38813e+09
18.8262 0.854609 0.800487 1.38813e+09
18.8758 0.861112 0.800466 1.38813e+09
18.9254 0.867615 0.800446 1.38813e+09
18.975 0.874117 0.800425 1.38813e+09
19.0245 0.88062 0.800405 1.38813e+09
19.0741 0.887122 0.800384 1.38813e+09
19.1237 0.893625 0.800363 1.38813e+09
19.1733 0.900128 0.800343 1.38813e+09
19.2229 0.90663 0.800322 1.38813e+09
19.2724 0.913133 0.800302 1.38813e+09
19.322 0.919635 0.800281 1.38813e+09
19.3716 0.926138 0.800261 1.38813e+09
19.4212 0.932641 0.80024 1.38813e+09
19.4707 0.939143 0.800219 1.38813e+09
19.5203 0.945646 0.800199 1.38813e+09
19.5699 0.952148 0.800178 1.38813e+09
19.6195 0.958651 0.800158 1.38813e+09
19.669 0.965153 0.800137 1.38813e+09
19.7186 0.971656 0.800117 1.38813e+09
19.7682 0.978159 0.800096 1.38813e+09
19.7749 0.981168 0.797586 1.38813e+09
19.7884 0.985378 0.795937 1.38813e+09
19.8077 0.990311 0.794873 1.38813e+09
19.8319 0.995455 0.794205 1.38813e+09
19.8602 1.00033 0.793804 1.38813e+09
