1388516229.132604898 0.309151 -0.925534 1.209 9.333 0.0416949 -0.124826  0.163056 0.021969 7
1388516229.232582693 0.313292 -0.941631 1.221 9.395 0.0414159 -0.161001  0.120027 0.0108235 7
1388516229.332589895 0.317921 -0.953755 1.222 9.437 0.0462848 -0.121229  0 0.00732982 7
1388516229.432578375 0.319145 -0.962551 1.221 9.605 0.0122394 -0.0879758  -0.0100012 0.0293248 7
1388516229.532584531 0.319541 -0.968832 1.221 9.683 0 -0.0628  0 0.0136127 7
1388516229.632598788 0.321205 -0.973148 1.214 9.761 0.0166433 -0.0431615  -0.06999 0.0136116 7
1388516229.732591740 0.322857 -0.97143 1.211 9.877 0.016517 0.0171876  -0.0300021 0.0202473 7
1388516229.832580845 0.324802 -0.968844 1.213 9.943 0.0194578 0.025862  0.0200022 0.0115204 7
1388516229.932597201 0.328298 -0.966362 1.209 10.019 0.0349542 0.0248159  -0.0399935 0.0132624 7
1388516230.032596509 0.333231 -0.962173 1.203 10.055 0.0493301 0.0418926  -0.0600004 0.00628327 7
1388516230.132594000 0.33965 -0.956887 1.202 10.114 0.064191 0.0528594  -0.0100003 0.0102977 4
1388516230.232643387 0.345755 -0.949259 1.207 10.158 0.0610188 0.076238  0.0499753 0.0076756 4
1388516230.332569923 0.349664 -0.936299 1.213 10.204 0.039119 0.129695  0.0600441 0.0080345 4
1388516230.432547369 0.354246 -0.920939 1.203 10.206 0.0458225 0.15364  -0.100023 0.000349119 4
1388516230.532555897 0.358891 -0.907259 1.196 10.173 0.0464551 0.136788  -0.069994 -0.00575909 4
1388516230.632577135 0.362807 -0.893369 1.19 10.198 0.0391508 0.138871  -0.0599873 0.00436233 4
1388516230.732618765 0.365624 -0.871888 1.191 10.234 0.0281558 0.214722  0 0.00628061 4
1388516230.832575264 0.365635 -0.847862 1.19 10.294 0 0.240363  -0.0100044 0.0104764 4
1388516230.932562491 0.362774 -0.827361 1.19 10.458 -0.02862 0.205037  0 0.0286271 4
1388516231.032565849 0.35819 -0.811419 1.195 10.553 -0.0458395 0.159407  0.0499983 0.0165801 4
1388516231.132540715 0.354018 -0.796477 1.195 10.581 -0.0417281 0.149467  0 0.00488813 4
1388516231.232583044 0.348588 -0.782675 1.198 10.656 -0.0542785 0.137956  0.0299873 0.0130844 4
1388516231.332570899 0.344261 -0.773483 1.196 10.625 -0.0432754 0.0919327  -0.0200024 -0.0054112 4
1388516231.432570836 0.33895 -0.758327 1.194 10.587 -0.053105 0.151556  -0.02 -0.00663227 4
1388516231.532621335 0.337002 -0.744969 1.193 10.511 -0.0194767 0.133511  0 -0.0132578 4
1388516231.632571408 0.337235 -0.727946 1.195 10.432 0 0.170323  0.02001 -0.0137949 4
1388516231.732569392 0.340789 -0.713769 1.206 10.396 0.0355422 0.141771  0.110002 -0.00628336 4
1388516231.832551099 0.345485 -0.706932 1.202 10.466 0.0469682 0.0683798  -0.0400073 0.0122195 4
1388516231.932567520 0.351341 -0.702924 1.207 10.523 0.0585514 0.0400776  0.0499918 0.00994677 4
1388516232.063331844 0.354954 -0.689497 1.198 10.552 0.0276256 0.102677  -0.0688261 0.00387071 4
1388516232.132541761 0.356788 -0.685352 1.2 10.537 0.0265052 0.059894  0.0288976 -0.00378277 4
1388516232.232557272 0.360051 -0.683389 1.205 10.508 0.032623 0.019622  0.0499922 -0.00506055 4
1388516232.332566077 0.362887 -0.676788 1.218 10.459 0.0283592 0.0660071  0.129989 -0.00855149 4
1388516232.432555471 0.366298 -0.671975 1.234 10.371 0.0341161 0.0481365  0.160017 -0.0153604 4
1388516232.532563302 0.369563 -0.667807 1.243 10.271 0.0326495 0.0416782  0.089993 -0.017452 4
1388516232.732852738 0.376149 -0.65888 1.248 10.196 0.0328816 0.0445691  0.0249639 -0.00653551 4
1388516232.832863289 0.380344 -0.654667 1.257 9.916 0.0419473 0.0421308  0.0899905 -0.048864 4
1388516232.932569404 0.386434 -0.654499 1.26 9.317 0.0610733 0  0.0300884 -0.104853 4
1388516233.032571157 0.396386 -0.656445 1.252 8.893 0.0995163 -0.0194614  -0.0799986 -0.0740008 4
1388516233.132569485 0.408748 -0.659889 1.238 8.608 0.123631 -0.0344389  -0.140002 -0.0497427 4
1388516233.232569425 0.420518 -0.668963 1.223 8.35 0.117693 -0.0907335  -0.15 -0.0450294 4
1388516233.332571389 0.430576 -0.676124 1.214 8.184 0.100582 -0.0716156  -0.0899982 -0.028972 4
1388516233.432568110 0.436574 -0.682363 1.208 8.066 0.0599764 -0.0623906  -0.060002 -0.0205956 4
1388516233.532567491 0.442229 -0.6958 1.203 7.984 0.0565529 -0.134367  -0.0500003 -0.0143117 4
1388516233.632577484 0.448987 -0.712382 1.2 7.839 0.0675789 -0.165805  -0.029997 -0.0253047 4
1388516233.732563454 0.453797 -0.728535 1.19 7.759 0.048107 -0.16155  -0.100014 -0.0139647 4
1388516233.832579944 0.458854 -0.745948 1.187 7.723 0.0505553 -0.174108  -0.0299951 -0.00628211 4
1388516233.932566400 0.463368 -0.760281 1.176 7.682 0.04515 -0.143343  -0.110015 -0.0071568 4
1388516234.032557464 0.467099 -0.771918 1.169 7.678 0.0373092 -0.116388  -0.0700063 -0.000698227 4
1388516234.132555938 0.47006 -0.780717 1.159 7.596 0.0296145 -0.0879917  -0.100002 -0.0143119 4
1388516234.232560483 0.472089 -0.787338 1.157 7.643 0.0202892 -0.0661999  -0.0199991 0.00820266 4
1388516234.432626918 0.475226 -0.801931 1.156 7.603 0.0156788 -0.0729418  0 -0.0034895 4
1388516234.532550381 0.474497 -0.810591 1.155 7.662 0 -0.0866672  -0.0100077 0.0103053 4
1388516234.632571269 0.472169 -0.81781 1.154 7.691 -0.023275 -0.0721696  0 0.00506036 4
1388516234.732561708 0.469477 -0.820614 1.152 7.608 -0.0269222 -0.0280429  -0.0200019 -0.0144876 4
1388516234.832561225 0.467285 -0.823074 1.153 7.623 -0.0219202 -0.024601  0.01 0.00261807 4
1388516234.932555292 0.466395 -0.822727 1.158 7.624 0 0  0.050003 0.000174531 4
1388516235.032568436 0.466648 -0.820969 1.161 7.7 0 0.017579  0.0299961 0.0132627 4
1388516235.132575287 0.466411 -0.817626 1.165 7.712 0 0.033425  0.0399973 0.00209427 4
1388516235.232551198 0.465725 -0.813956 1.169 7.72 0 0.0367066  0.0400096 0.00139658 4
1388516235.332573206 0.465128 -0.811205 1.17 7.716 0 0.0275134  0 -0.000697928 4
1388516235.432603943 0.464808 -0.811006 1.175 7.811 0 0  0.0499846 0.0165755 4
1388516235.532557016 0.465595 -0.808667 1.18 7.854 0 0.0233945  0.0500235 0.00750848 4
1388516235.632549409 0.466067 -0.806162 1.183 7.96 0 0.0250557  0.0300023 0.0185019 4
1388516235.732562686 0.466552 -0.80053 1.19 8.015 0 0.0563128  0.0699907 0.00959809 4
1388516235.832544324 0.468086 -0.796229 1.196 8.039 0.0153452 0.0430217  0.060011 0.00418942 4
1388516235.932555783 0.468586 -0.792809 1.207 7.966 0 0.0341907  0.109987 -0.0127394 4
1388516236.032562357 0.47025 -0.787745 1.211 7.872 0.0166398 0.0506394  0.0399974 -0.016405 4
1388516236.132547979 0.470453 -0.779206 1.218 7.655 0 0.0854015  0.0700101 -0.0378791 4
1388516236.232552384 0.469015 -0.773025 1.225 7.443 -0.0143856 0.0618047  0.0699969 -0.0369994 4
1388516236.332551623 0.467068 -0.767392 1.226 7.414 -0.0194707 0.0563352  0.0100001 -0.00506146 4
1388516236.432572442 0.464486 -0.766364 1.23 7.362 -0.0258121 0.0102796  0.0399917 -0.00907383 4
1388516236.532557504 0.461736 -0.761965 1.231 7.267 -0.0275067 0.0439924  0.0100015 -0.0165831 4
1388516236.633777287 0.459106 -0.757255 1.233 7.248 -0.0259775 0.0465366  0.019759 -0.00327617 4
1388516236.732570086 0.455954 -0.754891 1.231 7.324 -0.0319029 0.0239239  -0.0202444 0.0134265 4
1388516236.832540972 0.451631 -0.752478 1.222 7.291 -0.0432435 0.0241323  -0.0900262 -0.00576126 4
1388516236.932572758 0.447857 -0.751314 1.214 7.276 -0.0377353 0.0116398  -0.0799746 -0.00261714 4
1388516237.032555233 0.444709 -0.748579 1.212 7.318 -0.03148 0.0273522  -0.0200035 0.00733164 4
1388516237.132571164 0.443652 -0.744961 1.205 7.264 -0.0105664 0.0361745  -0.0699889 -0.00942326 4
1388516237.232603997 0.440989 -0.74364 1.202 7.2 -0.0266243 0.0132127  -0.0299902 -0.0111665 4
1388516237.332551972 0.439132 -0.746308 1.199 7.216 -0.0185799 -0.0266943  -0.0300156 0.00279403 4
1388516237.432553306 0.437664 -0.748628 1.196 7.254 -0.0146788 -0.0231982  -0.0299996 0.00663218 4
1388516237.532567977 0.435635 -0.747683 1.193 7.255 -0.0202921 0  -0.0299956 0.000174495 4
1388516237.632555415 0.433369 -0.745724 1.192 7.234 -0.022659 0.0195946  -0.0100013 -0.00366564 4
1388516237.732550116 0.431061 -0.748429 1.195 7.325 -0.0230774 -0.0270496  0.0300016 0.0158833 4
1388516237.832545791 0.429975 -0.750704 1.198 7.427 -0.0108642 -0.0227538  0.0300013 0.0178032 4
1388516237.932555017 0.42895 -0.750365 1.198 7.479 -0.0102452 0  0 0.00907488 4
1388516238.032571646 0.428419 -0.754126 1.201 7.577 0 -0.0376055  0.029995 0.0171014 4
1388516238.132564460 0.427418 -0.756479 1.201 7.672 -0.0100089 -0.0235287  0 0.0165818 4
1388516238.232554060 0.427191 -0.757348 1.203 7.715 0 0  0.0200021 0.00750573 4
1388516238.332557277 0.426771 -0.757885 1.204 7.727 0 0  0 0.00209434 4
1388516238.432560639 0.427497 -0.757058 1.212 7.608 0 0  0.0799973 -0.0207688 4
1388516238.532563931 0.42953 -0.75401 1.21 7.476 0.0203245 0.0304832  -0.0199993 -0.0230376 4
1388516238.632562608 0.431699 -0.749573 1.208 7.375 0.0216944 0.0443688  -0.0200003 -0.017628 4
1388516238.732574070 0.433353 -0.74562 1.209 7.27 0.0165324 0.0395264  0 -0.0183239 4
1388516238.832576451 0.43499 -0.742187 1.206 7.14 0.0163778 0.0343321  -0.0299993 -0.0226888 4
1388516238.932553481 0.435984 -0.739016 1.207 7.077 0 0.0317178  0.0100023 -0.0109981 4
1388516239.032674732 0.524176 -0.677878 1.204 -0.0890002 0 0.0179118  -0.0299637 -1.24919 4
1388516239.132643937 0.525049 -0.678424 1.2 -0.0360003 0 0  -0.0400123 0.00925309 4
1388516239.232626625 0.525182 -0.679624 1.198 -0.00699997 0 -0.0119979  -0.0200035 0.00506238 4
1388516239.332598558 0.523155 -0.679654 1.197 0.103 -0.0202787 0  -0.0100028 0.019204 4
1388516239.432626290 0.52176 -0.68137 1.199 0.243 -0.0139468 -0.0171548  0.0199945 0.0244279 4
1388516239.532627415 0.519418 -0.681011 1.2 0.39 -0.0234141 0  0 0.025656 4
1388516239.632614501 0.516756 -0.680233 1.201 0.423 -0.0266304 0  0.0100013 0.00576033 4
1388516239.732618699 0.513114 -0.681268 1.2 0.492 -0.036411 -0.0103526  0 0.0120422 4
1388516239.832613258 0.511461 -0.682068 1.2 0.583 -0.0165314 0  0 0.0158834 4
1388516239.932618012 0.509629 -0.68124 1.199 0.647 -0.0183181 0  0 0.0111696 4
1388516240.032606777 0.509813 -0.681586 1.2 0.75 0 0  0.0100011 0.0179789 4
1388516240.132655045 0.50869 -0.682754 1.203 0.95 -0.0112267 -0.0116787  0.0299855 0.0348898 4
1388516240.232614473 0.506914 -0.685025 1.201 1.061 -0.017762 -0.0227188  -0.0200081 0.0193809 4
1388516240.332645629 0.505378 -0.685786 1.198 1.214 -0.0153581 0  -0.0299907 0.0266954 4
1388516240.432643541 0.505057 -0.685197 1.197 1.311 0 0  -0.0100002 0.0169299 4
1388516240.632660666 0.504084 -0.680789 1.195 1.463 0 0.0220417  0 0.0132634 4
1388516240.732608709 0.505553 -0.680763 1.194 1.553 0.0146995 0  -0.0100052 0.0157162 4
1388516240.832639867 0.507725 -0.679354 1.193 1.634 0.0217118 0.0140895  0 0.0141328 4
1388516240.932636593 0.509183 -0.680492 1.193 1.892 0.014575 -0.0113824  0 0.0450309 4
1388516241.032644979 0.510176 -0.682537 1.193 2.037 0 -0.0204506  0 0.0253052 4
1388516241.133972181 0.510158 -0.683749 1.197 2.304 0 -0.011956  0.0394761 0.0459898 4
1388516241.232647159 0.510826 -0.684458 1.197 2.697 0 0  0 0.0695126 4
1388516241.332619788 0.510961 -0.682298 1.197 2.974 0 0.0216018  0 0.0483588 4
1388516241.432625662 0.511013 -0.680318 1.197 2.989 0 0.0198034  0 0.0026179 4
1388516241.532600244 0.514013 -0.672943 1.204 3.49 0.030009 0.0737623  0.0700178 0.0874633 4
1388516241.632660526 0.517587 -0.663702 1.209 3.781 0.0357213 0.0923547  0.0499699 0.0507584 4
1388516241.732619329 0.518118 -0.651262 1.212 3.95 0 0.124453  0.0300124 0.0295083 4
1388516241.832621918 0.516939 -0.639434 1.214 4.042 -0.0117926 0.118278  0.0199995 0.0160566 4
1388516241.932632611 0.515729 -0.62624 1.216 4.124 -0.0120942 0.131928  0.0199979 0.0143101 4
1388516242.032627100 0.515645 -0.613 1.213 4.175 0 0.132408  -0.0300017 0.00890161 4
1388516242.132616841 0.516157 -0.598008 1.215 4.236 0 0.149938  0.0200021 0.0106476 4
1388516242.332635989 0.511382 -0.568029 1.21 4.408 -0.023873 0.149881  -0.0249976 0.0150084 4
1388516242.432640328 0.511442 -0.559737 1.208 4.545 0 0.082909  -0.0199991 0.02391 4
1388516242.532616032 0.51107 -0.554517 1.207 4.649 0 0.0522123  -0.0100024 0.0181559 4
1388516242.632618132 0.50958 -0.55128 1.21 4.765 -0.014894 0.0323768  0.0299994 0.0202454 4
1388516242.732611156 0.509148 -0.548459 1.207 4.716 0 0.0282084  -0.0300021 -0.00855267 4
1388516242.832639240 0.509117 -0.539802 1.205 4.729 0 0.0865504  -0.0199944 0.00226821 4
1388516242.932602721 0.509173 -0.532094 1.2 4.757 0 0.0771029  -0.0500183 0.00488869 4
1388516243.032639532 0.509621 -0.52523 1.199 4.778 0 0.0686103  0 0.00366383 4
1388516243.132618239 0.50936 -0.514441 1.205 4.768 0 0.107915  0.0600128 -0.00174557 4
1388516243.232640243 0.510175 -0.505159 1.197 4.714 0 0.0928045  -0.0799824 -0.00942269 4
1388516243.332649749 0.511985 -0.500699 1.191 4.75 0.0180951 0.0445904  -0.0599943 0.00628247 4
1388516243.432652762 0.514589 -0.49657 1.194 4.755 0.0260412 0.0412895  0.0299991 0.000872658 4
1388516243.532616939 0.516235 -0.494095 1.191 4.737 0.0164663 0.0247629  -0.0300108 -0.00314266 4
1388516243.632626026 0.51763 -0.491621 1.189 4.725 0.0139495 0.0247391  -0.0199982 -0.00209422 4
1388516243.732705510 0.518631 -0.49161 1.191 4.654 0.0100021 0  0.0199841 -0.012382 4
1388516243.835338466 0.518929 -0.492027 1.192 4.664 0 0  0 0.00170059 4
1388516243.932624158 0.519174 -0.493332 1.2 4.588 0 -0.0134089  0.082232 -0.0136346 4
1388516244.032623398 0.521928 -0.496039 1.209 4.561 0.0275315 -0.0270748  0.0900007 -0.0047125 4
1388516244.132659306 0.524571 -0.49835 1.209 4.554 0.0264224 -0.023103  0 -0.00122129 4
1388516244.232726361 0.525909 -0.502696 1.213 4.46 0.0133723 -0.0434276  0.0399732 -0.0163951 4
1388516244.332614899 0.526719 -0.510193 1.216 4.471 0 -0.0750497  0.0300335 0.00192212 4
1388516246.032655315 0.510935 -0.454745 1.165 5.243 0 0.0326154  -0.0299993 0.00792565 4
1388516246.132645127 0.510213 -0.452813 1.162 5.257 0 0.0193213  -0.0300031 0.0024437 4
1388516246.232629419 0.509424 -0.449327 1.157 5.328 0 0.0348683  -0.0500079 0.0123938 4
1388516246.332632705 0.507401 -0.445123 1.158 5.318 -0.0202265 0.0420373  0 -0.00174515 4
1388516246.432599610 0.503116 -0.441429 1.15 5.417 -0.0428661 0.0369467  -0.0800265 0.0172845 4
1388516246.532613169 0.499932 -0.439589 1.144 5.412 -0.0318352 0.0184001  -0.0599919 -0.000872566 4
1388516246.632630984 0.496877 -0.437802 1.144 5.41 -0.0305448 0.0178714  0 -0.000348978 4
1388516246.732678414 0.49339 -0.435966 1.142 5.4 -0.0348581 0.0183528  -0.0199905 -0.00174454 4
1388516246.832640914 0.491296 -0.43622 1.15 5.346 -0.0209459 0  0.08003 -0.0094283 4
1388516246.932600201 0.487694 -0.435827 1.162 5.323 -0.036032 0  0.120049 -0.00401602 4
1388516247.032628147 0.483831 -0.433441 1.17 5.25 -0.038624 0.0238486  0.0799776 -0.0127373 4
1388516248.232631236 0.530675 -0.540952 1.233 3.43 0.0390369 -0.0895921  0.0524999 -0.0264708 4
1388516248.332645003 0.536905 -0.545448 1.232 3.225 0.0622921 -0.0449538  0 -0.0357743 4
1388516248.432671198 0.543447 -0.550135 1.232 3.226 0.0654035 -0.0468518  0 0.000174558 4
1388516248.532608418 0.54712 -0.552371 1.232 3.191 0.0367529 -0.0223774  0 -0.00611263 4
1388516248.632652844 0.551079 -0.554232 1.23 3.161 0.0395712 -0.0186046  -0.0199911 -0.00523362 4
1388516249.232643597 0.540298 -0.529208 1.186 3.35 -0.0179696 0.0417083  -0.0733345 0.00549788 4
1388516249.332613293 0.53867 -0.522488 1.183 3.301 -0.0162842 0.0672175  -0.0300091 -0.00855467 4
1388516249.432632157 0.538143 -0.511407 1.179 3.268 0 0.110789  -0.0399925 -0.0057585 4
1388516249.532635235 0.537129 -0.497143 1.175 3.285 -0.0101465 0.142633  -0.0399988 0.002967 4
1388516249.632626584 0.537074 -0.492959 1.171 3.315 0 0.0418421  -0.0400035 0.00523639 4
1388516249.732620585 0.536984 -0.48634 1.17 3.388 0 0.0661966  -0.0100006 0.0127417 4
1388516249.832656630 0.536366 -0.484452 1.169 3.482 0 0.0188735  0 0.0164002 4
1388516249.932673817 0.53606 -0.489321 1.173 3.589 0 -0.0486807  0.0399931 0.0186719 4
1388516250.032619765 0.538463 -0.49372 1.176 3.523 0.0240476 -0.044016  0.0300162 -0.0115254 4
1388516250.132618099 0.540689 -0.499172 1.178 3.478 0.022254 -0.0545199  0.0200003 -0.00785413 4
1388516250.232623622 0.542351 -0.503297 1.184 3.296 0.0166165 -0.0412513  0.0599967 -0.0317633 4
1388516250.332614057 0.545474 -0.508576 1.186 3.264 0.0312424 -0.0527942  0.0200019 -0.00558568 4
1388516250.932611867 0.550393 -0.565316 1.193 2.956 0 -0.0945661  0.0116667 -0.00895938 4
1388516251.032642955 0.551411 -0.573997 1.191 3.034 0.0101736 -0.0867857  -0.0199938 0.0136093 4
1388516251.132646381 0.551904 -0.583415 1.191 3.255 0 -0.0941744  0 0.0385704 4
1388516251.232635984 0.551616 -0.594144 1.189 3.373 0 -0.107298  -0.0200021 0.020597 4
1388516251.332622933 0.550629 -0.60633 1.194 3.522 0 -0.121878  0.0500065 0.0260088 4
1388516251.432635928 0.549443 -0.619773 1.197 3.851 -0.0118587 -0.134414  0.0299961 0.057414 4
1388516251.532638869 0.547749 -0.631859 1.2 4.046 -0.0169422 -0.120853  0.0299991 0.0340329 4
1388516251.632636431 0.543617 -0.641522 1.203 4.161 -0.0413236 -0.0966336  0.0300007 0.0200717 4
1388516251.733918513 0.538479 -0.649135 1.206 4.141 -0.0507282 -0.0751739  0.0296202 -0.00344639 4
1388516251.832617099 0.53435 -0.656832 1.207 4.112 -0.0418291 -0.077983  0.0101319 -0.00512824 4
1388516251.932624857 0.533216 -0.66194 1.213 3.977 -0.0113414 -0.0510739  0.0599953 -0.0235602 4
1388516252.032614595 0.530427 -0.66606 1.217 3.883 -0.0278981 -0.0412054  0.0400041 -0.0164078 4
1388516252.132659862 0.526833 -0.668056 1.222 3.667 -0.0359191 -0.019947  0.0499774 -0.037682 4
1388516252.232637453 0.520957 -0.66951 1.227 3.505 -0.0587754 -0.0145425  0.0500112 -0.0282808 4
1388516252.332617484 0.518283 -0.668306 1.23 3.324 -0.0267394 0.0120413  0.030006 -0.0315967 4
1388516252.432622101 0.516562 -0.664894 1.23 3.178 -0.0172171 0.0341149  0 -0.0254806 4
1388516252.532651231 0.51421 -0.663248 1.234 3.126 -0.0235117 0.0164577  0.0399884 -0.00907308 4
1388516252.632615061 0.514042 -0.660891 1.234 3.01 0 0.0235768  0 -0.0202532 4
1388516252.732653967 0.514133 -0.660071 1.236 3.005 0 0  0.0199922 -0.000872345 4
1388516252.832617520 0.515207 -0.662979 1.237 3.061 0.010742 -0.0290882  0.0100036 0.00977736 4
1388516252.932626883 0.516327 -0.665789 1.237 3.074 0.0112038 -0.0280998  0 0.0022688 4
1388516253.032614180 0.517479 -0.672437 1.236 3.164 0.0115171 -0.06649  -0.0100013 0.01571 4
1388516253.132607833 0.518285 -0.678201 1.24 3.386 0 -0.057639  0.0400025 0.0387488 4
1388516253.232633751 0.519533 -0.68165 1.233 3.54 0.0124805 -0.034484  -0.0699819 0.026871 4
1388516253.332616507 0.520077 -0.686463 1.235 3.634 0 -0.0481373  0.0200034 0.0164091 4
1388516253.432622587 0.519253 -0.692552 1.232 3.821 0 -0.0608804  -0.0299982 0.0326356 4
1388516253.532624971 0.518853 -0.695993 1.228 3.914 0 -0.0344163  -0.039999 0.0162312 4
1388516253.632673588 0.518546 -0.696074 1.222 4.023 0 0  -0.0599708 0.0190149 4
1388516253.732670452 0.518785 -0.695114 1.221 3.98 0 0  -0.0100003 -0.00750519 4
1388516253.832639657 0.520391 -0.695186 1.214 4.195 0.0160651 0  -0.0700216 0.0375362 4
1388516253.932625558 0.522908 -0.695514 1.21 4.336 0.02517 0  -0.0400056 0.0246126 4
1388516254.032620813 0.524894 -0.693504 1.228 4.565 0.019865 0.0201106  0.180009 0.03997 4
1388516254.132671388 0.524178 -0.689124 1.252 4.717 0 0.0437744  0.239879 0.0265155 4
1388516254.232659590 0.52289 -0.68443 1.264 4.748 -0.0128894 0.0469478  0.120014 0.00541118 4
1388516254.332619997 0.521506 -0.676241 1.295 4.829 -0.0138438 0.0819217  0.310123 0.0141428 4
1388516254.432600515 0.520128 -0.664696 1.288 4.842 -0.0137816 0.115466  -0.0700136 0.00226929 4
1388516254.532619522 0.520166 -0.652791 1.256 4.983 0 0.11903  -0.319939 0.0246046 4
1388516254.632639925 0.519783 -0.641614 1.227 5.13 0 0.111752  -0.289941 0.025651 4
1388516254.732646635 0.518021 -0.63397 1.205 5.255 -0.0176221 0.0764281  -0.219985 0.0218152 4
1388516254.832662637 0.516813 -0.629214 1.188 5.333 -0.0120778 0.0475525  -0.169973 0.0136114 4
1388516254.932609632 0.5156 -0.625381 1.178 5.409 -0.0121343 0.0383554  -0.100053 0.0132716 4
1388516255.032615438 0.5144 -0.622622 1.159 5.497 -0.0120004 0.0275885  -0.189989 0.0153581 4
1388516255.132710917 0.51268 -0.623538 1.15 5.605 -0.017188 0  -0.0899142 0.0188315 4
1388516255.232660006 0.511526 -0.623368 1.146 5.758 -0.0115376 0  -0.0400204 0.0267171 4
1388516255.332627190 0.512149 -0.623132 1.142 5.874 0 0  -0.0400131 0.0202525 4
1388516255.432615048 0.513387 -0.621748 1.143 5.971 0.0123794 0.0138408  0.0100012 0.0169318 4
1388516255.532623574 0.515267 -0.61809 1.145 6.115 0.0187956 0.0365767  0.0199983 0.0251306 4
1388516255.632626724 0.516227 -0.613249 1.15 6.22 0 0.0483997  0.0499984 0.0183253 4
1388516255.732623449 0.516558 -0.609031 1.153 6.283 0 0.0421849  0.030001 0.0109959 4
1388516255.832642799 0.516614 -0.604338 1.154 6.285 0 0.0469266  0 0.000349139 4
1388516255.932621718 0.51579 -0.603261 1.161 6.302 0 0.0107644  0.0700148 0.00296755 4
1388516256.032732282 0.514831 -0.60227 1.169 6.179 0 0  0.0799116 -0.0214439 4
1388516256.132615795 0.513642 -0.601251 1.172 6.064 -0.0119041 0.0102065  0.030035 -0.0200947 4
1388516256.232602603 0.513452 -0.600775 1.176 6.43 0 0  0.0400053 0.0638875 3
1388516256.332696056 0.513071 -0.601115 1.175 6.615 0 0  0 0.0322585 3
1388516256.432598426 0.513425 -0.596892 1.161 7.613 0 0.0422675  -0.140137 0.174354 9
1388516256.532602760 0.51616 -0.588096 1.115 8.577 0.0273528 0.0879549  -0.45998 0.168243 9
1388516256.632614990 0.518093 -0.574952 1.053 9.439 0.0193272 0.131433  -0.619924 0.150429 9
1388516256.732599912 0.520291 -0.559431 1.011 9.979 0.0219834 0.155233  -0.420063 0.0942618 9
1388516256.832604389 0.524667 -0.540297 0.926 10.733 0.043754 0.191329  -0.849962 0.131592 9
1388516257.032588129 0.536001 -0.508967 0.903 10.892 0.0566749 0.156662  -0.115009 0.0138765 9
1388516257.132600219 0.547353 -0.508262 0.751 11.562 0.113503 0  -1.51982 0.116923 9
1388516257.332587872 0.562073 -0.511471 0.522 11.698 0.0736059 -0.0160462  -1.14507 0.0118689 9
1388516257.432592836 0.569658 -0.513153 0.509 11.704 0.0758435 -0.0168187  -0.129994 0.00104724 9
1388516257.532588789 0.577276 -0.51495 0.494 11.698 0.0761888 -0.0179679  -0.150006 -0.00104733 9
1388516257.632595014 0.58444 -0.522546 0.335 11.428 0.0716373 -0.075955  -1.5899 -0.047121 9
1388516257.732591741 0.591631 -0.530829 0.32 11.407 0.0719127 -0.0828297  -0.150005 -0.0036653 9
1388516257.832596845 0.601859 -0.540728 0.247 11.16 0.102269 -0.0989928  -0.729963 -0.0431074 9
1388516257.932597762 0.612024 -0.558684 0.187 10.875 0.101649 -0.179554  -0.599994 -0.0497414 9
1388516258.032596022 0.612024 -0.558684 0 10.9 0 0  -1.87003 0.00436333 2
1388516258.132594144 0.612024 -0.558684 0 11.376 0 0  0 0.0830792 2
1388516258.932589241 0.612024 -0.558684 0 11.91 0 0  0 0.0116502 2
1388516259.032601748 0.612024 -0.558684 0 11.911 0 0  0 0.000174748 2
1388516259.132590650 0.612024 -0.558684 0 11.904 0 0  0 -0.00122186 2
1388516259.232619291 0.612024 -0.558684 0 11.902 0 0  0 -0.000349107 2
1388516259.332591784 0.612024 -0.558684 0 11.901 0 0  0 -0.000174485 2
1388516259.432601289 0.612024 -0.558684 0 11.894 0 0  0 -0.00122161 2
1388516259.532607580 0.612024 -0.558684 0 11.892 0 0  0 -0.000349185 2
1388516259.932593080 0.612024 -0.558684 0 11.88 0 0  0 -0.00052358 2
1388516261.632619390 0.612024 -0.558684 0 11.853 0 0  0 -0.000277199 2
