1388054824.230894809 0.14238 -0.309921 1.023 18.067 0.0236863 -0.0515584  0.170186 0.052458 7
1388054824.330872651 0.140739 -0.316338 1.012 18.332 -0.0164105 -0.064182  -0.110024 0.0462617 7
1388054824.430881990 0.138301 -0.326353 1.002 18.527 -0.0243797 -0.100148  -0.0999907 0.0340307 7
1388054824.530888589 0.133974 -0.338164 0.998 18.756 -0.0432654 -0.118096  -0.0399974 0.0399654 7
1388054824.630891410 0.129516 -0.350543 0.993 18.895 -0.0445774 -0.123793  -0.0499986 0.0242594 7
1388054824.730883009 0.124883 -0.365803 0.994 18.979 -0.0463359 -0.152612  0.0100008 0.0146619 7
1388054824.830882662 0.119568 -0.381925 0.989 18.94 -0.0531536 -0.161213  -0.0500002 -0.00680673 7
1388054824.930882479 0.115328 -0.399518 0.987 18.902 -0.0424022 -0.175938  -0.02 -0.00663228 7
1388054825.030876534 0.111351 -0.418242 0.989 18.878 -0.0397713 -0.187243  0.0200012 -0.00418907 7
1388054825.130876544 0.110981 -0.434886 0.99 18.717 0 -0.166442  0 -0.0281 7
1388054825.230891747 0.111155 -0.451747 0.985 18.624 0 -0.168587  -0.0499924 -0.0162288 7
1388054825.330891700 0.109892 -0.467973 0.977 18.361 -0.0126355 -0.162258  -0.08 -0.0459023 7
1388054825.430883871 0.107867 -0.482551 0.98 18.245 -0.020245 -0.145789  0.0300023 -0.0202473 7
1388054825.704914487 0.0944806 -0.511961 0.971 17.847 -0.0488515 -0.107327  -0.032843 -0.0253491 4
1388054825.805028544 0.0888664 -0.522313 0.971 17.713 -0.0560779 -0.103397  0 -0.0233609 4
1388054825.904980667 0.082674 -0.531883 0.963 17.57 -0.0619544 -0.0957433  -0.0800383 -0.0249701 4
1388054826.004980672 0.0762477 -0.541081 0.979 17.431 -0.0642622 -0.0919831  0.16 -0.0242601 4
1388054826.104976875 0.0696843 -0.550785 0.966 17.298 -0.0656371 -0.0970417  -0.130005 -0.0232137 4
1388054826.204978598 0.0644359 -0.559226 0.949 16.983 -0.0524831 -0.0844115  -0.169997 -0.054977 4
1388054826.304977738 0.0602833 -0.567419 0.94 16.709 -0.0415257 -0.0819294  -0.0900008 -0.0478225 4
1388054826.404986449 0.0567765 -0.576648 0.94 16.446 -0.0350659 -0.0922816  0 -0.0458982 4
1388054826.505058808 0.212296 -0.542636 0.936 -0.205999 -0.0540917 -0.0565056  -0.0399711 -2.90422 4
1388054826.605039909 0.205224 -0.54636 0.938 -0.328999 -0.07073 -0.0372422  0.0200038 -0.0214715 4
1388054826.705029519 0.196608 -0.546272 0.935 -0.449999 -0.0861705 0  -0.0300031 -0.0211207 4
1388054826.805059810 0.18654 -0.54335 0.933 -0.608999 -0.100655 0.0292038  -0.0199939 -0.0277424 4
1388054826.904993516 0.174636 -0.539651 0.933 -0.654999 -0.119115 0.0370174  0 -0.00803376 4
1388054827.005036441 0.164291 -0.535704 0.93 -0.706999 -0.103408 0.0394566  -0.0299871 -0.00907183 4
1388054827.105033422 0.153665 -0.531662 0.926 -0.756999 -0.106265 0.0404145  -0.0400012 -0.00872694 4
1388054827.204992178 0.144448 -0.527537 0.925 -0.803999 -0.0922067 0.0412744  -0.0100041 -0.00820642 4
1388054827.305015998 0.138062 -0.521744 0.923 -0.925999 -0.0638399 0.0579167  -0.0199952 -0.0212879 4
1388054827.405053268 0.133386 -0.514304 0.925 -1.047 -0.046749 0.0743704  0.0199925 -0.0211107 4
1388054827.505073456 0.129644 -0.505534 0.936 -1.142 -0.0374055 0.087676  0.109978 -0.0165773 4
1388054827.605033396 0.126741 -0.495193 0.949 -1.206 -0.0290408 0.103459  0.130052 -0.0111746 4
1388054827.705017668 0.12404 -0.48526 0.947 -1.188 -0.0270236 0.0993436  -0.0200031 0.00314219 4
1388054827.905429806 0.119999 -0.464945 0.952 -1.047 -0.0201588 0.101367  0.0249486 0.0122792 4
1388054828.005711249 0.119112 -0.456027 0.967 -0.874 0 0.0889242  0.149579 0.0301093 3
1388054828.105957646 0.120293 -0.446243 0.975 -0.805999 0.0117845 0.0976051  0.0798034 0.0118392 3
1388054828.206230797 0.121358 -0.436009 0.978 -0.800999 0.0106236 0.102057  0.0299183 0.000870307 3
1388054828.306546649 0.125196 -0.419878 0.994 -2.658 0.0382552 0.160807  0.159496 -0.323087 3
1388054828.406794156 0.132843 -0.400997 0.999 -4.242 0.076278 0.188336  0.0498766 -0.275778 3
1388054828.507053769 0.158226 -0.388594 1 -7.706 0.253176 0.123715  0 -0.603017 3
1388054828.607303335 0.193507 -0.377043 1.003 -9.448 0.351927 0.115219  0.0299253 -0.303279 3
1388054828.707546331 0.232936 -0.37018 1.004 -10.492 0.393336 0.0684694  0 -0.181771 3
1388054828.807808663 0.290028 -0.374032 1.006 -13.211 0.569428 -0.0384284  0.0199477 -0.473313 3
1388054828.905083684 0.345041 -0.3841 1.007 -14.819 0.565546 -0.103498  0.0102801 -0.288511 3
1388054829.005047639 0.399884 -0.399178 0.998 -16.437 0.54862 -0.150833  -0.0900325 -0.282496 3
1388054829.105058341 0.455617 -0.421066 1.002 -18.075 0.557273 -0.218858  0.0399957 -0.285854 3
1388054829.205047453 0.513002 -0.448729 0.996 -19.602 0.573918 -0.276655  -0.0600065 -0.266541 3
1388054829.304999173 0.565774 -0.481594 0.982 -21.203 0.527968 -0.32881  -0.140068 -0.279562 3
1388054829.405050770 0.614112 -0.522079 0.98 -22.547 0.483137 -0.404643  -0.0199897 -0.234451 3
1388054829.505027400 0.658051 -0.569761 0.978 -23.971 0.439489 -0.476928  -0.0200047 -0.248593 3
1388054829.605049168 0.698156 -0.623844 0.972 -25.356 0.40096 -0.540717  -0.0599869 -0.241675 3
1388054829.705037422 0.735185 -0.682117 0.953 -26.672 0.370336 -0.582801  -0.190022 -0.229712 3
1388054829.804993219 0.769718 -0.745798 0.935 -28.006 0.345481 -0.637083  -0.18008 -0.23293 3
1388054829.905028311 0.802225 -0.812609 0.923 -29.085 0.324959 -0.667878  -0.119958 -0.188255 3
1388054830.105431497 0.860077 -0.960334 0.89 -31.331 0.288676 -0.737139  -0.164668 -0.195606 3
1388054830.205705540 0.885252 -1.04481 0.883 -29.641 0.251068 -0.842425  -0.0698087 0.294155 3
1388054830.305994173 0.908971 -1.12976 0.879 -27.106 0.236506 -0.847132  -0.0398849 0.441168 3
1388054830.406238343 0.93013 -1.19097 0.877 -23.86 0.211078 -0.610574  -0.0199513 0.565154 3
1388054830.506481919 0.951996 -1.23311 0.872 -20.851 0.218128 -0.420386  -0.0498785 0.523893 3
1388054830.606753402 0.979059 -1.25726 0.869 -17.743 0.269895 -0.24085  -0.0299188 0.54098 3
1388054830.706994160 1.00708 -1.24812 0.868 -15.402 0.279583 0.0912318  0 0.4076 3
1388054831.055447327 1.19845 -1.10762 0.848 -8.371 0.549187 0.403202  -0.0573965 0.352168 3
1388054831.155657580 1.265 -1.04921 0.848 -6.688 0.664139 0.582856  0 0.293123 3
1388054831.355920997 1.44582 -0.823847 0.863 -3.316 0.902885 1.12534  0.0749013 0.293875 3
1388054831.456193664 1.55081 -0.703034 0.871 -3.947 1.04707 1.20484  0.0797825 -0.109831 3
1388054831.556452251 1.66642 -0.588916 0.881 -6.504 1.15308 1.13824  0.0997421 -0.44513 3
1388054831.656696580 1.77537 -0.483363 0.893 -10.094 1.08685 1.05295  0.119708 -0.625046 3
1388054831.756945644 1.88063 -0.394697 0.902 -14.182 1.05003 0.884461  0.0897764 -0.711718 3
1388054831.857191820 1.97358 -0.334245 0.911 -18.089 0.927227 0.603039  0.089779 -0.680226 3
1388054831.957443505 2.05093 -0.301017 0.913 -21.635 0.771481 0.331438  0.0199498 -0.61734 3
1388054832.057678908 2.11305 -0.291786 0.912 -24.7 0.619828 0.0920963  0 -0.533687 3
1388054832.157923018 2.16092 -0.305994 0.921 -27.306 0.477537 -0.141731  0.0897808 -0.453725 3
1388054832.258200609 2.19647 -0.334709 0.909 -29.561 0.354436 -0.286356  -0.119668 -0.392482 3
1388054832.355667059 2.22634 -0.374873 0.903 -31.36 0.306473 -0.412081  -0.0615596 -0.322146 3
1388054832.455606884 2.25402 -0.421822 0.89 -33.173 0.276972 -0.46977  -0.130078 -0.316619 3
1388054832.555644406 2.28096 -0.469856 0.889 -34.926 0.26937 -0.480165  0 -0.305842 3
1388054832.655624732 2.30897 -0.514699 0.879 -36.711 0.280082 -0.448519  -0.10002 -0.311603 3
1388054832.755611489 2.3373 -0.556214 0.878 -38.435 0.283366 -0.415207  -0.0100013 -0.300935 3
1388054832.855658841 2.36815 -0.594937 0.877 -39.988 0.308366 -0.387044  0 -0.270921 3
1388054832.955648061 2.39889 -0.631343 0.876 -40.796 0.307427 -0.364092  -0.0100011 -0.141038 3
1388054833.055621213 2.42895 -0.663276 0.884 -42.966 0.30068 -0.319419  0.0800215 -0.378838 3
1388054833.155669545 2.45876 -0.694991 0.888 -44.552 0.297979 -0.316999  0.0399807 -0.276676 3
1388054833.255649563 2.48683 -0.726579 0.883 -45.911 0.280689 -0.315938  -0.05001 -0.237238 3
1388054833.555944855 2.57559 -0.826538 0.881 -47.576 0.295582 -0.332869  0 -0.0967705 3
1388054833.656229536 2.60768 -0.864698 0.892 -49.797 0.319966 -0.380523  0.109688 -0.386538 3
1388054833.756480295 2.63611 -0.9013 0.894 -48.537 0.283591 -0.365106  0.01995 0.219362 3
1388054833.856758743 2.67234 -0.933481 0.906 -45.088 0.361363 -0.320917  0.119667 0.600292 3
1388054833.957011107 2.71447 -0.961412 0.906 -42.971 0.420162 -0.278606  0 0.368556 3
1388054834.057255034 2.76225 -0.985789 0.905 -41.09 0.476681 -0.24317  0 0.327498 3
1388054834.157499479 2.81721 -1.00678 0.908 -39.429 0.548286 -0.209359  0.0299268 0.289192 3
1388054834.257735642 2.87906 -1.02528 0.909 -38.085 0.616995 -0.184638  0 0.23402 3
1388054834.357984028 2.94517 -1.04291 0.91 -36.925 0.659528 -0.175792  0 0.201957 3
1388054834.458260732 3.01103 -1.06091 0.907 -36.017 0.656741 -0.179519  -0.0299172 0.158039 3
1388054834.555655704 3.07039 -1.08303 0.908 -35.285 0.609457 -0.227094  0.0102675 0.131175 3
1388054834.655617328 3.12792 -1.10752 0.907 -34.958 0.575525 -0.245074  -0.0100038 0.0570945 3
1388054834.755656197 3.18372 -1.1346 0.907 -34.484 0.557824 -0.270698  0 0.0826963 3
1388054834.855600770 3.23704 -1.16584 0.9 -33.509 0.533452 -0.312553  -0.0700388 0.170264 3
1388054834.955601665 3.28745 -1.20052 0.894 -32.467 0.504083 -0.346824  -0.0599995 0.181862 3
1388054835.055632305 3.33182 -1.23976 0.889 -30.863 0.443579 -0.392214  -0.0499847 0.279865 3
1388054835.155624997 3.36574 -1.27978 0.891 -29.669 0.339244 -0.400262  0.0200015 0.208408 3
1388054835.255664943 3.39283 -1.32221 0.894 -28.436 0.270818 -0.424117  0.029988 0.215113 3
1388054835.355598098 3.41978 -1.36764 0.888 -27.118 0.269626 -0.454588  -0.0600401 0.230188 3
1388054835.455605925 3.44433 -1.4235 0.885 -25.765 0.245508 -0.558601  -0.0299977 0.236125 3
1388054835.555662198 3.46845 -1.4814 0.88 -24.435 0.241034 -0.578697  -0.0499719 0.231998 3
1388054835.755959382 3.49811 -1.59788 0.864 -21.927 0.148107 -0.581517  -0.0798813 0.21854 3
1388054835.856292033 3.51318 -1.65794 0.861 -19.823 0.150162 -0.598573  -0.0299005 0.366 3
1388054835.956566995 3.53203 -1.71884 0.864 -17.695 0.187945 -0.607321  0.0299177 0.370388 3
1388054836.056823073 3.55687 -1.76707 0.857 -15.627 0.247852 -0.48113  -0.0698212 0.360012 3
1388054836.364311983 3.74321 -1.7439 0.855 -8.591 0.605992 0.0753705  0 0.399368 3
1388054836.464589022 3.81315 -1.71306 0.86 -6.509 0.697477 0.30749  0.0498619 0.362374 3
1388054836.564837630 3.88962 -1.65441 0.866 -4.873 0.7628 0.585078  0.0598512 0.284828 3
1388054836.665092274 3.96849 -1.58369 0.871 -3.989 0.786715 0.705374  0.049873 0.153895 3
1388054836.764530642 4.04562 -1.50746 0.872 -3.617 0.7756 0.766664  0.0100565 0.0652931 3
1388054836.864515436 4.13329 -1.42469 0.88 -3.537 0.876879 0.827749  0.0800122 0.0139647 3
1388054836.964533323 4.22973 -1.3458 0.886 -3.602 0.964175 0.788835  0.0599893 -0.0113427 3
1388054837.064505989 4.32329 -1.27793 0.889 -3.785 0.935893 0.678816  0.0300082 -0.0319482 3
1388054837.164488005 4.41543 -1.22071 0.896 -4.09 0.92162 0.572364  0.0700126 -0.0532422 3
1388054837.264531250 4.51 -1.1695 0.901 -4.494 0.945274 0.511879  0.0499784 -0.0704809 3
1388054837.364512992 4.60173 -1.12992 0.908 -4.953 0.917395 0.395832  0.0700128 -0.0801252 3
1388054837.464477986 4.68503 -1.10114 0.916 -5.346 0.833341 0.287892  0.080028 -0.0686154 3
1388054837.564469113 4.76559 -1.08171 0.924 -5.685 0.805615 0.19436  0.0800071 -0.059172 3
1388054837.664528724 4.84524 -1.07201 0.929 -6.019 0.796103 0.0968968  0.0499702 -0.0582592 3
1388054837.764484865 4.93059 -1.07129 0.935 -6.291 0.853878 0  0.0600263 -0.0474938 3
1388054837.964812638 5.12156 -1.09832 0.941 -7.56 0.953287 -0.134915  0.0299509 -0.11056 3
1388054838.065163468 5.22168 -1.11753 0.942 -10.971 0.99763 -0.191496  0 -0.59325 3
1388054838.165482183 5.32431 -1.14326 0.941 -14.315 1.0231 -0.256438  0 -0.581784 3
1388054838.265802243 5.43747 -1.17827 0.946 -17.574 1.12799 -0.348978  0.0498405 -0.566988 3
1388054838.366129307 5.5275 -1.2114 0.942 -20.258 0.897391 -0.330215  -0.0398696 -0.466919 3
1388054838.466449855 5.5953 -1.24119 0.942 -22.442 0.675802 -0.29696  0 -0.379962 3
1388054838.566757413 5.63779 -1.26496 0.928 -24.123 0.423543 -0.237004  -0.139571 -0.29249 3
1388054838.667077093 5.64973 -1.27787 0.911 -25.522 0.11906 -0.128681  -0.169458 -0.243394 3
1388054838.767398809 5.64681 -1.28871 0.881 -26.868 -0.029076 -0.10798  -0.299038 -0.234168 3
1388054838.867725497 5.63897 -1.30032 0.857 -28.154 -0.0782044 -0.115804  -0.239219 -0.223719 3
1388054838.964465219 5.6293 -1.31545 0.836 -29.489 -0.0999746 -0.156364  -0.217077 -0.240854 3
1388054839.064460404 5.62121 -1.33187 0.826 -30.982 -0.0808285 -0.164225  -0.100005 -0.26059 3
1388054839.164456478 5.61168 -1.35727 0.826 -32.714 -0.0953254 -0.25396  0 -0.302303 3
1388054839.264464407 5.60381 -1.38908 0.837 -34.552 -0.0786991 -0.318071  0.109991 -0.320766 3
1388054839.364462644 5.59716 -1.42791 0.861 -36.391 -0.0664936 -0.388377  0.240004 -0.320971 3
1388054839.464469700 5.59922 -1.48095 0.862 -38.144 0.0205627 -0.530313  0 -0.305935 3
1388054839.564455902 5.60371 -1.53757 0.855 -39.777 0.0448831 -0.566242  -0.0700097 -0.285051 3
1388054839.664498245 5.61028 -1.60846 0.849 -40.928 0.0656938 -0.708678  -0.0599746 -0.200803 3
1388054839.764455481 5.61721 -1.68219 0.848 -41.323 0.0693261 -0.737594  -0.0100043 -0.0689701 3
1388054839.864464041 5.627 -1.75377 0.835 -42.615 0.0978866 -0.715712  -0.129989 -0.225477 3
1388054839.964505131 5.65574 -1.82454 0.83 -43.182 0.287311 -0.707385  -0.0499795 -0.0989194 3
1388054840.164877982 5.7008 -1.98207 0.813 -44.368 0.224905 -0.786219  -0.0848418 -0.103306 3
1388054840.265205071 5.71867 -2.05227 0.801 -41.351 0.178082 -0.699659  -0.119609 0.524849 3
1388054840.365524907 5.73293 -2.12217 0.802 -37.596 0.142104 -0.696785  0 0.653282 3
1388054840.465825434 5.74874 -2.18563 0.806 -33.651 0.157607 -0.632699  0.0398801 0.686469 3
1388054840.566160310 5.77073 -2.22937 0.814 -29.597 0.219177 -0.435993  0.079733 0.705195 3
1388054840.666466043 5.80415 -2.27039 0.825 -26.003 0.333221 -0.408889  0.109665 0.625359 3
1388054840.766765091 5.85407 -2.26842 0.831 -22.98 0.497718 0.0196745  0.0598211 0.52604 3
1388054840.867071144 5.89138 -2.24039 0.828 -20.248 0.371962 0.279427  -0.0299085 0.475369 3
1388054840.967376712 5.90906 -2.18848 0.835 -17.937 0.176281 0.517523  0.0697868 0.402117 3
1388054841.067689544 5.92511 -2.12727 0.838 -16.213 0.160011 0.610204  0.0299064 0.299956 3
1388054841.164456696 5.89961 -2.05177 0.847 -14.922 -0.263534 0.780197  0.0930068 0.23285 3
1388054841.264464668 5.86996 -1.97526 0.863 -13.663 -0.296491 0.765015  0.159987 0.219719 3
1388054841.364455163 5.86923 -1.90744 0.88 -12.195 0 0.678285  0.170016 0.256239 3
1388054841.656614851 5.95073 -1.70354 0.932 -8.517 0.278963 0.697884  0.177985 0.21972 3
1388054841.664461879 5.95296 -1.69811 0.932 -8.46 0.283313 0.692389  0 0.126779 3
1388054841.764527196 5.97886 -1.62287 0.954 -7.305 0.258874 0.751891  0.219856 0.201454 3
1388054841.864505280 6.00448 -1.55445 0.97 -6.18 0.256291 0.684425  0.160035 0.196393 3
1388054841.964479959 6.02103 -1.48959 0.987 -4.977 0.165469 0.648765  0.170043 0.210016 3
1388054842.064527873 6.03335 -1.42698 1.003 -3.803 0.123206 0.625719  0.159923 0.204803 3
1388054842.164483595 6.0459 -1.36187 1.01 -2.734 0.125503 0.651377  0.070031 0.186658 3
1388054842.364819460 6.1762 -1.22895 1.016 -0.441 0.650401 0.663507  0.0299497 0.199766 3
1388054842.465164944 6.25213 -1.16509 1.02 -3.118 0.7567 0.636364  0.0398623 -0.465616 3
1388054842.565422277 6.33373 -1.10786 1.016 -6.725 0.813936 0.570875  -0.0398973 -0.627924 3
1388054842.665677021 6.41598 -1.06498 1.014 -11.408 0.820372 0.427697  -0.0199492 -0.815261 3
1388054842.765913574 6.49414 -1.04624 1.011 -15.159 0.779825 0.18696  -0.0299292 -0.653128 3
1388054842.866167251 6.56536 -1.0456 1.006 -20.264 0.710363 0  -0.0498735 -0.888736 3
1388054842.966408998 6.62872 -1.06383 0.992 -24.239 0.63204 -0.181911  -0.139662 -0.692095 3
1388054843.066651998 6.68992 -1.08554 0.977 -26.437 0.610569 -0.216598  -0.149636 -0.382693 3
1388054843.166900437 6.73163 -1.12819 0.934 -29.593 0.416083 -0.425372  -0.428934 -0.549461 3
1388054843.267147466 6.77337 -1.17607 0.908 -31.544 0.416299 -0.477629  -0.259359 -0.339675 3
1388054843.364521361 6.80666 -1.23641 0.87 -33.049 0.341865 -0.619684  -0.390248 -0.269756 3
1388054843.464517586 6.8354 -1.31615 0.842 -34.471 0.287457 -0.797468  -0.280011 -0.248195 3
1388054843.564460327 6.86276 -1.38199 0.812 -36.096 0.273754 -0.658751  -0.300172 -0.283778 3
1388054843.664519911 6.88968 -1.44714 0.792 -37.68 0.26907 -0.651057  -0.199881 -0.276295 3
1388054843.764454299 6.92373 -1.50081 0.79 -38.179 0.340734 -0.537081  -0.0200131 -0.0871492 3
1388054843.864445898 6.97925 -1.52577 0.77 -39.884 0.55516 -0.249661  -0.200017 -0.297604 3
1388054843.964509064 7.03372 -1.54833 0.766 -40.273 0.544424 -0.225421  -0.0399747 -0.0678504 3
1388054844.064452807 7.09743 -1.5609 0.757 -43.034 0.637416 -0.125736  -0.0900507 -0.482157 3
1388054844.164475835 7.15825 -1.5783 0.757 -45.123 0.608062 -0.173987  0 -0.364515 3
1388054844.264482761 7.22279 -1.59457 0.757 -47.07 0.645414 -0.162743  0 -0.339792 3
1388054844.364497528 7.29034 -1.60995 0.764 -48.678 0.675351 -0.153726  0.0699897 -0.280607 3
1388054844.564776438 7.3733 -1.66695 0.78 -51.357 0.414223 -0.284635  0.0798886 -0.233461 3
1388054844.665037966 7.40806 -1.74029 0.787 -50.866 0.346697 -0.731481  0.0698174 0.0854723 3
1388054844.765285667 7.42241 -1.81278 0.797 -49.589 0.143133 -0.723097  0.0997529 0.222327 3
1388054844.865539375 7.42975 -1.89147 0.81 -47.976 0.0732364 -0.784929  0.129671 0.280809 3
1388054844.965777574 7.43401 -1.97397 0.815 -46.228 0.042487 -0.823006  0.0498812 0.304359 3
1388054845.066053020 7.43773 -2.059 0.822 -44.286 0.0371251 -0.847965  0.0698077 0.338012 3
1388054845.166354431 7.44396 -2.14539 0.836 -42.102 0.0621167 -0.861306  0.139579 0.380034 3
1388054845.266597766 7.45414 -2.23095 0.847 -39.871 0.101523 -0.853531  0.109733 0.388438 3
1388054845.366840042 7.46967 -2.31285 0.828 -37.313 0.154879 -0.817022  -0.189541 0.445376 3
1388054845.467096801 7.49116 -2.39032 0.831 -34.705 0.214428 -0.772673  0.0299232 0.454016 3
1388054845.564463738 7.51652 -2.46163 0.834 -31.963 0.260394 -0.732444  0.0308113 0.491511 3
1388054845.664456400 7.54727 -2.53079 0.841 -29.133 0.307525 -0.69164  0.0700051 0.493964 3
1388054845.764468169 7.62286 -2.52382 0.848 -26.422 0.755807 0.0697444  0.0699918 0.473103 3
1388054845.864473871 7.70163 -2.50037 0.854 -23.759 0.787706 0.234422  0.0599966 0.464755 3
1388054845.964526907 7.78329 -2.47011 0.861 -21.006 0.816105 0.302477  0.0699629 0.480234 3
1388054846.064456737 7.86043 -2.45609 0.86 -18.286 0.772033 0.140273  -0.010007 0.475063 3
1388054846.164461452 7.93239 -2.44944 0.864 -15.461 0.719478 0.0665784  0.0399981 0.493032 3
1388054846.264480247 8.00641 -2.43823 0.867 -12.638 0.740095 0.112051  0.0299944 0.492614 3
1388054846.364462052 8.0834 -2.42843 0.871 -9.903 0.770042 0.0979985  0.0400073 0.477434 3
1388054846.464480160 8.16427 -2.42002 0.879 -7.319 0.808571 0.0841153  0.0799855 0.450911 3
1388054846.564501443 8.19806 -2.48934 0.875 -4.995 0.337791 -0.693092  -0.0399915 0.405528 3
1388054847.032356343 8.30936 -2.92706 0.919 5.545 0.23791 -0.935581  0.0940463 0.393194 3
1388054847.132626300 8.33288 -3.00182 0.938 5.826 0.234473 -0.745572  0.189488 0.0489117 3
1388054847.232887193 8.35216 -3.05725 0.958 6.436 0.192346 -0.55295  0.19948 0.106188 3
1388054847.333137362 8.38439 -3.1214 0.97 7.243 0.32151 -0.639808  0.119701 0.140496 3
1388054847.433383626 8.43028 -3.18599 0.971 8.074 0.45777 -0.644411  0 0.144681 3
1388054847.533616147 8.47688 -3.22847 0.974 9.134 0.464946 -0.423788  0.0299304 0.184576 3
1388054847.633893791 8.52576 -3.25223 0.98 10.457 0.487428 -0.236942  0.0598339 0.230268 3
1388054847.734133008 8.58049 -3.26465 0.984 11.727 0.545937 -0.123924  0.0399045 0.221128 3
1388054847.834369239 8.64272 -3.26556 0.985 12.649 0.620881 0  0 0.16054 3
1388054847.934630487 8.7065 -3.25807 0.982 13.245 0.636105 0.0747197  -0.0299218 0.103751 3
1388054848.032511318 8.76788 -3.24551 0.975 13.724 0.627117 0.128326  -0.0715155 0.0854113 3
1388054848.132559726 8.82844 -3.22874 0.969 14.124 0.605311 0.167636  -0.059971 0.0697793 3
1388054848.232513764 8.8868 -3.20996 0.964 14.473 0.583859 0.187863  -0.050023 0.0609402 3
1388054848.332518755 8.92846 -3.19229 0.964 14.765 0.416608 0.176747  0 0.050961 3
1388054848.432513588 8.96643 -3.17524 0.96 14.944 0.379667 0.170479  -0.0400021 0.0312428 3
1388054848.532520810 9.00058 -3.15759 0.959 15.104 0.341534 0.176491  0 0.0279232 3
1388054848.632575691 9.02484 -3.14127 0.955 15.215 0.242396 0.163138  -0.0399781 0.0193625 3
1388054848.732535427 9.04892 -3.12641 0.951 15.264 0.240952 0.148588  -0.0400161 0.00855552 3
1388054848.832517111 9.06448 -3.11253 0.951 15.301 0.155603 0.138896  0 0.00645902 3
1388054849.032843867 9.06888 -3.06761 0.946 15.451 0.0219769 0.22421  -0.0249592 0.0130686 3
1388054849.133147491 9.06856 -3.03736 0.949 14.419 0 0.301605  0.0299092 -0.179573 3
1388054849.233424401 9.07117 -3.01225 0.944 13.13 0.0259776 0.250385  -0.0498619 -0.224352 3
1388054849.333674667 9.07641 -2.98625 0.941 11.697 0.0523112 0.259357  -0.0299251 -0.249481 3
1388054849.433932310 9.08717 -2.96332 0.934 10.517 0.107286 0.228699  -0.0698201 -0.20542 3
1388054849.534191108 9.11172 -2.95261 0.929 9.093 0.244869 0.1069  -0.0498709 -0.247893 3
1388054849.634442488 9.15566 -2.9438 0.92 7.636 0.438291 0.0878257  -0.0897743 -0.253657 3
1388054849.734687228 9.21336 -2.93685 0.909 6.281 0.57561 0.0693567  -0.109731 -0.235915 3
1388054849.834936999 9.28857 -2.9314 0.897 5.072 0.750228 0.0543095  -0.119701 -0.210485 3
1388054849.935198693 9.39331 -2.92615 0.891 4.09 1.04471 0.0523675  -0.0598434 -0.170944 3
1388054850.032504651 9.50898 -2.91789 0.884 3.252 1.1887 0.0849112  -0.071938 -0.150308 3
1388054850.132574767 9.62663 -2.91353 0.875 2.501 1.17567 0.0435818  -0.0899369 -0.130982 3
1388054850.232569710 9.74351 -2.91 0.867 1.867 1.16888 0.0353372  -0.080004 -0.11066 3
1388054850.332570364 9.86032 -2.90791 0.859 1.325 1.16806 0.0208294  -0.0799995 -0.0945962 3
1388054850.432637494 9.97472 -2.90666 0.854 0.777 1.14331 0.0124926  -0.0499665 -0.0955799 3
1388054850.532548218 10.0865 -2.90431 0.847 0.149 1.11888 0.0235752  -0.0700625 -0.109705 3
1388054850.632546133 10.197 -2.90278 0.841 -0.407999 1.10465 0.0152893  -0.0600013 -0.0972167 3
1388054850.732579626 10.3029 -2.90101 0.84 -1.16 1.05918 0.0177167  0 -0.131205 3
1388054850.832525886 10.3919 -2.89908 0.836 -1.93 0.889994 0.0193215  -0.0400215 -0.134463 3
1388054850.932579244 10.4791 -2.89386 0.835 -2.691 0.871992 0.0521452  0 -0.132749 3
1388054851.032540533 10.5539 -2.88761 0.831 -3.37 0.747614 0.0625414  -0.0400155 -0.118554 3
1388054851.232843783 10.696 -2.88218 0.829 -4.215 0.709402 0.027067  0 -0.0736285 3
1388054851.332551685 10.7629 -2.86808 0.829 -5.844 0.67119 0.141471  0 -0.285147 3
1388054851.432575313 10.8288 -2.85807 0.823 -4.436 0.658732 0.100034  -0.0599858 0.245684 8
1388054851.532496487 10.8879 -2.84654 0.821 -3.11 0.59186 0.115404  -0.0200158 0.231613 8
1388054851.632572910 10.9439 -2.84773 0.82 -1.963 0.559985 -0.0118804  0 0.200036 8
1388054851.732524701 10.9956 -2.85112 0.821 -1.317 0.516438 -0.0339426  0.0100048 0.112803 8
1388054851.832550709 11.0377 -2.85787 0.816 -0.935999 0.421456 -0.0674434  -0.049987 0.0664798 8
1388054851.932575091 11.0503 -2.86196 0.814 -0.775 0.125626 -0.040902  -0.0199951 0.0280928 4
1388054852.232675977 11.065 -2.88443 0.81 -0.720999 0.0491392 -0.0748846  -0.0133289 0.00314059 4
1388054852.332837085 11.0691 -2.89026 0.812 -0.659999 0.0401121 -0.0582178  0.0199678 0.0106294 4
1388054852.432832424 11.0742 -2.89497 0.814 -0.561999 0.0510146 -0.0471  0.0200009 0.0171049 4
1388054852.532832613 11.0784 -2.89891 0.821 -0.434 0.0428546 -0.0393245  0.0699999 0.0223401 4
1388054852.632895663 11.0815 -2.90237 0.824 -0.327999 0.0305686 -0.0345636  0.0299811 0.018489 4
1388054852.732827881 11.084 -2.9062 0.832 -0.264 0.0252776 -0.0384178  0.0800543 0.0111775 4
1388054852.832884678 11.0858 -2.91106 0.819 -0.250999 0.0175347 -0.0485098  -0.129926 0.00226773 9
1388054852.932839667 11.0877 -2.91684 0.786 -0.327999 0.0187905 -0.0578295  -0.330149 -0.013445 9
1388054853.032884160 11.0897 -2.92146 0.73 -0.457999 0.020684 -0.0462007  -0.559751 -0.0226792 9
1388054853.132889276 11.0913 -2.92766 0.669 -0.542999 0.0161281 -0.0619419  -0.609969 -0.0148345 9
1388054853.232879319 11.0919 -2.93245 0.591 -0.65 0 -0.0479041  -0.780078 -0.0186769 9
1388054853.332877002 11.0917 -2.93604 0.515 -0.725999 0 -0.0359165  -0.760018 -0.0132647 9
1388054853.432843604 11.0916 -2.93987 0.434 -0.797999 0 -0.0383794  -0.810271 -0.0125707 9
1388054853.532873759 11.0909 -2.94299 0.356 -0.971999 0 -0.0311741  -0.779765 -0.0303595 9
1388054853.632890492 11.0897 -2.94563 0.279 -1.172 -0.0120609 -0.0263883  -0.769871 -0.0349007 9
1388054853.732826364 11.0881 -2.94816 0.225 -1.289 -0.015687 -0.0253422  -0.540347 -0.0204336 9
1388054853.832897860 11.0825 -2.95541 0.187 -1.008 -0.0558204 -0.0724518  -0.379729 0.0490087 9
1388054853.932828861 11.0717 -2.96277 0.11 -0.756999 -0.108865 -0.0736477  -0.770532 0.0438381 9
1388054854.032885018 11.0717 -2.96277 0 0 0 0  -1.09938 0.132047 2
1388054854.132833426 11.0717 -2.96277 0 0.376001 0 0  0 0.0656585 2
1388054854.232831206 11.0717 -2.96277 0 0.364 0 0  0 -0.00209462 2
1388054854.332930299 11.0717 -2.96277 0 0.358002 0 0  0 -0.00104592 2
1388054854.432836003 11.0717 -2.96277 0 0.356001 0 0  0 -0.000349537 2
1388054854.532877244 11.0717 -2.96277 0 0.358002 0 0  0 0.000349063 2
1388054854.632868079 11.0717 -2.96277 0 0.35 0 0  0 -0.00139662 2
1388054854.732902026 11.0717 -2.96277 0 0.344002 0 0  0 -0.0010466 2
1388054854.832875346 11.0717 -2.96277 0 0.339001 0 0  0 -0.000873084 2
1388054854.932823011 11.0717 -2.96277 0 0.334002 0 0  0 -0.000872975 2
1388054855.032828730 11.0717 -2.96277 0 0.329 0 0  0 -0.000872801 2
1388054855.132837565 11.0717 -2.96277 0 0.325001 0 0  0 -0.000698019 2
1388054855.232907617 11.0717 -2.96277 0 0.318001 0 0  0 -0.00122087 2
1388054855.332882839 11.0717 -2.96277 0 0.312 0 0  0 -0.00104755 2
1388054855.432824859 11.0717 -2.96277 0 0.308001 0 0  0 -0.000698486 2
1388054855.532879557 11.0717 -2.96277 0 0.298 0 0  0 -0.00174442 2
1388054855.632895268 11.0717 -2.96277 0 0.290001 0 0  0 -0.00139594 2
1388054855.732872491 11.0717 -2.96277 0 0.286001 0 0  0 -0.00069824 2
1388054855.832822344 11.0717 -2.96277 0 0.279001 0 0  0 -0.00122234 2
1388054855.932881860 11.0717 -2.96277 0 0.272001 0 0  0 -0.001221 2
1388054856.032880386 11.0717 -2.96277 0 0.264 0 0  0 -0.00139652 2
1388054856.132829174 11.0717 -2.96277 0 0.256001 0 0  0 -0.00139688 2
1388054856.232878298 11.0717 -2.96277 0 0.251001 0 0  0 -0.00087209 2
1388054856.332865152 11.0717 -2.96277 0 0.245001 0 0  0 -0.00104743 2
1388054856.432829377 11.0717 -2.96277 0 0.241001 0 0  0 -0.000698331 2
1388054856.532865362 11.0717 -2.96277 0 0.233002 0 0  0 -0.00139566 2
1388054856.632887308 11.0717 -2.96277 0 0.227001 0 0  0 -0.00104706 2
1388054856.732884735 11.0717 -2.96277 0 0.220001 0 0  0 -0.00122176 2
1388054856.832871119 11.0717 -2.96277 0 0.213001 0 0  0 -0.00122189 2
1388054856.932872600 11.0717 -2.96277 0 0.207001 0 0  0 -0.00104727 2
1388054857.032872702 11.0717 -2.96277 0 0.199001 0 0  0 -0.00139616 2
1388054857.132884799 11.0717 -2.96277 0 0.193001 0 0  0 -0.00104716 2
1388054857.232887905 11.0717 -2.96277 0 0.187 0 0  0 -0.00104726 2
1388054857.508044629 11.0717 -2.96277 0 0.168001 0 0  0 -0.00120512 2
1388054857.516510356 11.0717 -2.96277 0 0.168001 0 0  0 0 2
1388054857.532825666 11.0717 -2.96277 0 0.167002 0 0  0 -0.00106916 2
1388054857.632833531 11.0717 -2.96277 0 0.164001 0 0  0 -0.000523603 2
1388054857.732828629 11.0717 -2.96277 0 0.161001 0 0  0 -0.00052367 2
1388054857.832887954 11.0717 -2.96277 0 0.152 0 0  0 -0.00157 2
1388054857.932830703 11.0717 -2.96277 0 0.147001 0 0  0 -0.000873018 2
1388054858.032834962 11.0717 -2.96277 0 0.141001 0 0  0 -0.00104724 2
1388054858.132834107 11.0717 -2.96277 0 0.133001 0 0  0 -0.00139617 2
1388054858.232892989 11.0717 -2.96277 0 0.126001 0 0  0 -0.00122101 2
1388054858.332820589 11.0717 -2.96277 0 0.120001 0 0  0 -0.00104805 2
1388054858.432848396 11.0717 -2.96277 0 0.115002 0 0  0 -0.000872276 2
1388054858.532890609 11.0717 -2.96277 0 0.107 0 0  0 -0.00139591 2
1388054858.632871644 11.0717 -2.96277 0 0.0980015 0 0  0 -0.0015709 2
1388054858.732839994 11.0717 -2.96277 0 0.0930004 0 0  0 -0.000873127 2
1388054858.832827610 11.0717 -2.96277 0 0.0870018 0 0  0 -0.00104708 2
1388054858.932829031 11.0717 -2.96277 0 0.0799999 0 0  0 -0.00122204 2
1388054859.032889535 11.0717 -2.96277 0 0.0710011 0 0  0 -0.00156965 2
1388054859.132884096 11.0717 -2.96277 0 0.0670013 0 0  0 -0.000698119 2
1388054859.232889721 11.0717 -2.96277 0 0.0630016 0 0  0 -0.000698042 2
1388054859.332903186 11.0717 -2.96277 0 0.0560017 0 0  0 -0.00122156 2
1388054859.432872365 11.0717 -2.96277 0 0.0480003 0 0  0 -0.00139693 2
1388054859.532887964 11.0717 -2.96277 0 0.0400009 0 0  0 -0.00139594 2
1388054859.632886239 11.0717 -2.96277 0 0.0340004 0 0  0 -0.00104731 2
1388054859.732828869 11.0717 -2.96277 0 0.0320015 0 0  0 -0.000349074 2
1388054859.832833385 11.0717 -2.96277 0 0.0270004 0 0  0 -0.000872812 2
1388054859.932835962 11.0717 -2.96277 0 0.0250015 0 0  0 -0.000348865 2
1388054860.032828706 11.0717 -2.96277 0 0.019001 0 0  0 -0.00104736 2
1388054860.132847767 11.0717 -2.96277 0 0.0150013 0 0  0 -0.000697948 2
1388054860.232864139 11.0717 -2.96277 0 0.00800133 0 0  0 -0.00122153 2
1388054860.332890294 11.0717 -2.96277 0 0.00200081 0 0  0 -0.00104701 2
1388054860.432887780 11.0717 -2.96277 0 -0.00299835 0 0  0 -0.00087254 2
1388054860.532840372 11.0717 -2.96277 0 -0.00999832 0 0  0 -0.0012223 2
1388054860.632841769 11.0717 -2.96277 0 -0.0159988 0 0  0 -0.00104727 2
1388054860.732888032 11.0717 -2.96277 0 -0.0219994 0 0  0 -0.0010468 2
1388054860.832892464 11.0717 -2.96277 0 -0.0279999 0 0  0 -0.00104724 2
1388054860.932890203 11.0717 -2.96277 0 -0.0339985 0 0  0 -0.00104698 2
1388054861.032905823 11.0717 -2.96277 0 -0.0409985 0 0  0 -0.00122153 2
1388054861.132850212 11.0717 -2.96277 0 -0.0479984 0 0  0 -0.0012224 2
1388054861.232850713 11.0717 -2.96277 0 -0.0549984 0 0  0 -0.00122172 2
1388054861.332895583 11.0717 -2.96277 0 -0.0579987 0 0  0 -0.000523409 2
1388054861.432838767 11.0717 -2.96277 0 -0.0629997 0 0  0 -0.000873347 2
1388054861.532883229 11.0717 -2.96277 0 -0.0709991 0 0  0 -0.00139554 2
1388054861.632818783 11.0717 -2.96277 0 -0.0789986 0 0  0 -0.00139706 2
1388054861.732847466 11.0717 -2.96277 0 -0.0889988 0 0  0 -0.00174487 2
1388054861.832882613 11.0717 -2.96277 0 -0.0959988 0 0  0 -0.0012213 2
1388054861.932847025 11.0717 -2.96277 0 -0.102999 0 0  0 -0.00122216 2
1388054862.032837618 11.0717 -2.96277 0 -0.109999 0 0  0 -0.00122184 2
1388054862.132890065 11.0717 -2.96277 0 -0.115999 0 0  0 -0.00104674 2
1388054862.232844605 11.0717 -2.96277 0 -0.123999 0 0  0 -0.0013968 2
1388054862.332845270 11.0717 -2.96277 0 -0.132999 0 0  0 -0.00157092 2
1388054862.432887598 11.0717 -2.96277 0 -0.139 0 0  0 -0.00104684 2
1388054862.809154513 11.0717 -2.96277 0 -0.158998 0 0  0 -0.000927641 2
1388054862.909329472 11.0717 -2.96277 0 -0.164999 0 0  0 -0.00104546 2
1388054863.009400483 11.0717 -2.96277 0 -0.175999 0 0  0 -0.00191844 2
1388054863.109337704 11.0717 -2.96277 0 -0.184999 0 0  0 -0.00157192 2
1388054863.209317583 11.0717 -2.96277 0 -0.191999 0 0  0 -0.00122197 2
1388054863.309343015 11.0717 -2.96277 0 -0.198999 0 0  0 -0.00122141 2
1388054863.409377639 11.0717 -2.96277 0 -0.205999 0 0  0 -0.0012213 2
1388054863.509383218 11.0717 -2.96277 0 -0.210999 0 0  0 -0.000872469 2
1388054863.609327509 11.0717 -2.96277 0 -0.216 0 0  0 -0.000873338 2
1388054863.709358961 11.0717 -2.96277 0 -0.223 0 0  0 -0.00122134 2
1388054863.809308648 11.0717 -2.96277 0 -0.231998 0 0  0 -0.00157139 2
1388054863.909417061 11.0717 -2.96277 0 -0.237 0 0  0 -0.000871906 2
1388054864.009349841 11.0717 -2.96277 0 -0.241999 0 0  0 -0.000873105 2
1388054864.109329718 11.0717 -2.96277 0 -0.247 0 0  0 -0.000873027 2
1388054864.209375683 11.0717 -2.96277 0 -0.251999 0 0  0 -0.000872117 2
1388054864.309385991 11.0717 -2.96277 0 -0.258999 0 0  0 -0.0012216 2
1388054864.409335566 11.0717 -2.96277 0 -0.266998 0 0  0 -0.00139687 2
1388054864.509325518 11.0717 -2.96277 0 -0.273998 0 0  0 -0.00122185 2
1388054864.609327962 11.0717 -2.96277 0 -0.282999 0 0  0 -0.00157089 2
1388054864.709335940 11.0717 -2.96277 0 -0.289 0 0  0 -0.0010472 2
1388054864.809320134 11.0717 -2.96277 0 -0.296 0 0  0 -0.00122192 2
1388054864.909391457 11.0717 -2.96277 0 -0.302 0 0  0 -0.00104654 2
1388054865.009335438 11.0717 -2.96277 0 -0.309 0 0  0 -0.00122241 2
1388054865.109386087 11.0717 -2.96277 0 -0.311998 0 0  0 -0.000523046 2
1388054865.209369845 11.0717 -2.96277 0 -0.318998 0 0  0 -0.00122192 2
1388054865.309318338 11.0717 -2.96277 0 -0.323 0 0  0 -0.000698774 2
1388054865.409327308 11.0717 -2.96277 0 -0.331999 0 0  0 -0.00157046 2
1388054865.509318914 11.0717 -2.96277 0 -0.338999 0 0  0 -0.00122183 2
1388054865.609328018 11.0717 -2.96277 0 -0.345999 0 0  0 -0.00122161 2
1388054865.709325881 11.0717 -2.96277 0 -0.351999 0 0  0 -0.00104731 2
1388054865.809326146 11.0717 -2.96277 0 -0.358999 0 0  0 -0.00122172 2
1388054865.909295222 11.0717 -2.96277 0 -0.362999 0 0  0 -0.000698297 2
1388054866.009395706 11.0717 -2.96277 0 -0.369999 0 0  0 -0.0012205 2
1388054866.109337130 11.0717 -2.96277 0 -0.377998 0 0  0 -0.00139698 2
1388054866.209385467 11.0717 -2.96277 0 -0.384998 0 0  0 -0.00122113 2
1388054866.309363262 11.0717 -2.96277 0 -0.393999 0 0  0 -0.00157128 2
1388054866.409347052 11.0717 -2.96277 0 -0.401999 0 0  0 -0.00139639 2
1388054866.509359727 11.0717 -2.96277 0 -0.407999 0 0  0 -0.00104716 2
1388054866.609332162 11.0717 -2.96277 0 -0.412998 0 0  0 -0.000872759 2
1388054866.709327983 11.0717 -2.96277 0 -0.42 0 0  0 -0.00122211 2
1388054866.809507863 11.0717 -2.96277 0 -0.428999 0 0  0 -0.00156778 2
1388054866.909376717 11.0717 -2.96277 0 -0.435999 0 0  0 -0.00122333 2
1388054867.009335562 11.0717 -2.96277 0 -0.443998 0 0  0 -0.00139674 2
1388054867.109330033 11.0717 -2.96277 0 -0.451999 0 0  0 -0.00139641 2
1388054867.209331601 11.0717 -2.96277 0 -0.457999 0 0  0 -0.00104727 2
1388054867.309382079 11.0717 -2.96277 0 -0.466999 0 0  0 -0.00156997 2
1388054867.409324313 11.0717 -2.96277 0 -0.471999 0 0  0 -0.000873189 2
1388054867.509384283 11.0717 -2.96277 0 -0.48 0 0  0 -0.00139549 2
1388054867.609376967 11.0717 -2.96277 0 -0.487 0 0  0 -0.00122181 2
1388054867.709375467 11.0717 -2.96277 0 -0.490999 0 0  0 -0.000698092 2
1388054867.809338755 11.0717 -2.96277 0 -0.495999 0 0  0 -0.000873005 2
1388054868.093005120 11.0717 -2.96277 0 -0.520999 0 0  0 -0.00153816 2
1388054868.109969487 11.0717 -2.96277 0 -0.522999 0 0  0 -0.00205749 2
1388054868.210086990 11.0717 -2.96277 0 -0.525999 0 0  0 -0.000523029 2
1388054868.309999648 11.0717 -2.96277 0 -0.532999 0 0  0 -0.00122279 2
1388054868.410025384 11.0717 -2.96277 0 -0.537999 0 0  0 -0.00087246 2
1388054868.510040324 11.0717 -2.96277 0 -0.544999 0 0  0 -0.00122154 2
1388054868.610004183 11.0717 -2.96277 0 -0.551999 0 0  0 -0.00122217 2
1388054868.709994395 11.0717 -2.96277 0 -0.558999 0 0  0 -0.00122184 2
1388054868.810052584 11.0717 -2.96277 0 -0.565 0 0  0 -0.00104668 2
1388054868.910043199 11.0717 -2.96277 0 -0.572999 0 0  0 -0.00139629 2
1388054869.009968799 11.0717 -2.96277 0 -0.577999 0 0  0 -0.000873334 2
1388054869.110014990 11.0717 -2.96277 0 -0.584999 0 0  0 -0.00122116 2
1388054869.210015640 11.0717 -2.96277 0 -0.593999 0 0  0 -0.00157076 2
1388054869.310026508 11.0717 -2.96277 0 -0.600999 0 0  0 -0.00122159 2
1388054869.409984673 11.0717 -2.96277 0 -0.609999 0 0  0 -0.00157142 2
1388054869.510034342 11.0717 -2.96277 0 -0.619999 0 0  0 -0.0017445 2
1388054869.609965681 11.0717 -2.96277 0 -0.627999 0 0  0 -0.00139729 2
1388054869.710007595 11.0717 -2.96277 0 -0.633999 0 0  0 -0.00104668 2
1388054869.810007565 11.0717 -2.96277 0 -0.642999 0 0  0 -0.00157077 2
1388054869.910037901 11.0717 -2.96277 0 -0.65 0 0  0 -0.00122152 2
1388054870.010047349 11.0717 -2.96277 0 -0.655999 0 0  0 -0.00104702 2
1388054870.109989333 11.0717 -2.96277 0 -0.662999 0 0  0 -0.00122243 2
1388054870.209990639 11.0717 -2.96277 0 -0.667999 0 0  0 -0.000872673 2
1388054870.310044974 11.0717 -2.96277 0 -0.671999 0 0  0 -0.000697702 2
1388054870.410054433 11.0717 -2.96277 0 -0.677999 0 0  0 -0.00104719 2
1388054870.510071417 11.0717 -2.96277 0 -0.683 0 0  0 -0.000872536 2
1388054870.609994466 11.0717 -2.96277 0 -0.686999 0 0  0 -0.000698619 2
1388054870.710037485 11.0717 -2.96277 0 -0.693999 0 0  0 -0.0012212 2
1388054870.809991914 11.0717 -2.96277 0 -0.702999 0 0  0 -0.00157148 2
1388054870.909982378 11.0717 -2.96277 0 -0.710999 0 0  0 -0.00139646 2
1388054871.009994062 11.0717 -2.96277 0 -0.719999 0 0  0 -0.00157058 2
1388054871.110000557 11.0717 -2.96277 0 -0.726999 0 0  0 -0.00122165 2
1388054871.210029832 11.0717 -2.96277 0 -0.734999 0 0  0 -0.00139575 2
1388054871.309971125 11.0717 -2.96277 0 -0.740999 0 0  0 -0.0010479 2
1388054871.409998235 11.0717 -2.96277 0 -0.751999 0 0  0 -0.00191929 2
1388054871.510055107 11.0717 -2.96277 0 -0.761999 0 0  0 -0.00174438 2
1388054871.610046244 11.0717 -2.96277 0 -0.767999 0 0  0 -0.00104721 2
1388054871.710245226 11.0717 -2.96277 0 -0.775 0 0  0 -0.00121947 2
1388054871.810000828 11.0717 -2.96277 0 -0.780999 0 0  0 -0.00104969 2
1388054871.910013184 11.0717 -2.96277 0 -0.784999 0 0  0 -0.000697995 2
1388054872.009970072 11.0717 -2.96277 0 -0.792999 0 0  0 -0.00139693 2
1388054872.110036418 11.0717 -2.96277 0 -0.798999 0 0  0 -0.00104643 2
1388054872.210004218 11.0717 -2.96277 0 -0.806999 0 0  0 -0.00139678 2
1388054872.309970329 11.0717 -2.96277 0 -0.811999 0 0  0 -0.00087298 2
1388054872.409970262 11.0717 -2.96277 0 -0.820999 0 0  0 -0.00157077 2
1388054872.509970246 11.0717 -2.96277 0 -0.826999 0 0  0 -0.00104712 2
1388054872.610003391 11.0717 -2.96277 0 -0.835999 0 0  0 -0.00157041 2
1388054872.709967454 11.0717 -2.96277 0 -0.844999 0 0  0 -0.00157133 2
1388054872.809970665 11.0717 -2.96277 0 -0.855999 0 0  0 -0.00191974 2
1388054872.910002967 11.0717 -2.96277 0 -0.859999 0 0  0 -0.000697856 2
1388054873.009967189 11.0717 -2.96277 0 -0.866999 0 0  0 -0.00122216 2
1388054873.110011269 11.0717 -2.96277 0 -0.872999 0 0  0 -0.00104683 2
1388054873.410181958 11.0717 -2.96277 0 -0.897999 0 0  0 -0.00145359 2
1388054873.518769901 11.0717 -2.96277 0 -0.905999 0 0  0 -0.0012859 2
1388054873.618702184 11.0717 -2.96277 0 -0.911999 0 0  0 -0.00104783 2
1388054873.718709376 11.0717 -2.96277 0 -0.919999 0 0  0 -0.00139623 2
1388054873.818700575 11.0717 -2.96277 0 -0.927999 0 0  0 -0.00139645 2
1388054873.918707457 11.0717 -2.96277 0 -0.936999 0 0  0 -0.00157066 2
1388054874.018711635 11.0717 -2.96277 0 -0.943999 0 0  0 -0.00122167 2
1388054874.118712535 11.0717 -2.96277 0 -0.952999 0 0  0 -0.00157075 2
1388054874.218715281 11.0717 -2.96277 0 -0.958999 0 0  0 -0.00104709 2
1388054874.318707244 11.0717 -2.96277 0 -0.964999 0 0  0 -0.00104737 2
1388054874.418706442 11.0717 -2.96277 0 -0.974999 0 0  0 -0.00174538 2
1388054874.518720816 11.0717 -2.96277 0 -0.983999 0 0  0 -0.00157054 2
1388054874.618712349 11.0717 -2.96277 0 -0.989999 0 0  0 -0.00104721 2
1388054874.718711321 11.0717 -2.96277 0 -0.999 0 0  0 -0.00157095 2
1388054874.818716717 11.0717 -2.96277 0 -1.006 0 0  0 -0.00122166 2
1388054874.918701984 11.0717 -2.96277 0 -1.015 0 0  0 -0.001571 2
1388054875.018706009 11.0717 -2.96277 0 -1.024 0 0  0 -0.0015707 2
1388054875.118711217 11.0717 -2.96277 0 -1.032 0 0  0 -0.00139626 2
1388054875.218704521 11.0717 -2.96277 0 -1.039 0 0  0 -0.00122181 2
1388054875.318703497 11.0717 -2.96277 0 -1.043 0 0  0 -0.000698088 2
1388054875.418700993 11.0717 -2.96277 0 -1.048 0 0  0 -0.000872706 2
1388054875.518712315 11.0717 -2.96277 0 -1.056 0 0  0 -0.001396 2
1388054875.618710293 11.0717 -2.96277 0 -1.062 0 0  0 -0.00104731 2
1388054875.718705225 11.0717 -2.96277 0 -1.074 0 0  0 -0.00209452 2
1388054875.818709070 11.0717 -2.96277 0 -1.081 0 0  0 -0.00122168 2
1388054875.918720802 11.0717 -2.96277 0 -1.088 0 0  0 -0.00122158 2
1388054876.018716156 11.0717 -2.96277 0 -1.092 0 0  0 -0.000698114 2
1388054876.118706607 11.0717 -2.96277 0 -1.1 0 0  0 -0.00139646 2
1388054876.218710751 11.0717 -2.96277 0 -1.106 0 0  0 -0.00104708 2
1388054876.318713402 11.0717 -2.96277 0 -1.114 0 0  0 -0.00139629 2
1388054876.418702391 11.0717 -2.96277 0 -1.121 0 0  0 -0.00122186 2
1388054876.518710124 11.0717 -2.96277 0 -1.13 0 0  0 -0.00157064 2
1388054876.618744445 11.0717 -2.96277 0 -1.136 0 0  0 -0.00104676 2
1388054876.718713166 11.0717 -2.96277 0 -1.144 0 0  0 -0.00139677 2
1388054876.818706814 11.0717 -2.96277 0 -1.148 0 0  0 -0.000698125 2
1388054876.918711245 11.0717 -2.96277 0 -1.156 0 0  0 -0.00139627 2
1388054877.018706739 11.0717 -2.96277 0 -1.164 0 0  0 -0.00139639 2
1388054877.118701992 11.0717 -2.96277 0 -1.173 0 0  0 -0.00157084 2
1388054877.218759926 11.0717 -2.96277 0 -1.182 0 0  0 -0.00156986 2
1388054877.318701274 11.0717 -2.96277 0 -1.188 0 0  0 -0.00104774 2
1388054877.418707679 11.0717 -2.96277 0 -1.196 0 0  0 -0.00139624 2
1388054877.518886096 11.0717 -2.96277 0 -1.207 0 0  0 -0.00191639 2
1388054877.618717574 11.0717 -2.96277 0 -1.216 0 0  0 -0.00157358 2
1388054877.718769955 11.0717 -2.96277 0 -1.225 0 0  0 -0.00156994 2
1388054877.818721416 11.0717 -2.96277 0 -1.234 0 0  0 -0.00157153 2
1388054877.918781336 11.0717 -2.96277 0 -1.24 0 0  0 -0.00104649 2
1388054878.018698698 11.0717 -2.96277 0 -1.247 0 0  0 -0.00122274 2
1388054878.118785555 11.0717 -2.96277 0 -1.256 0 0  0 -0.00156957 2
1388054878.218708031 11.0717 -2.96277 0 -1.265 0 0  0 -0.00157198 2
1388054878.318773270 11.0717 -2.96277 0 -1.27 0 0  0 -0.000872116 2
1388054878.418772486 11.0717 -2.96277 0 -1.277 0 0  0 -0.00122173 2
1388054878.518754938 11.0717 -2.96277 0 -1.283 0 0  0 -0.00104731 2
1388054878.619001185 11.0717 -2.96277 0 -1.292 0 0  0 -0.00156691 2
1388054878.719049674 11.0717 -2.96277 0 -1.299 0 0  0 -0.00122113 2
1388054878.818735760 11.0717 -2.96277 0 -1.307 0 0  0 -0.00140073 2
1388054878.918715930 11.0717 -2.96277 0 -1.314 0 0  0 -0.00122197 2
1388054879.018791969 11.0717 -2.96277 0 -1.322 0 0  0 -0.00139527 2
1388054879.118741760 11.0717 -2.96277 0 -1.331 0 0  0 -0.00157155 2
1388054879.218722213 11.0717 -2.96277 0 -1.341 0 0  0 -0.00174571 2
1388054879.318777510 11.0717 -2.96277 0 -1.348 0 0  0 -0.00122105 2
1388054879.418749966 11.0717 -2.96277 0 -1.356 0 0  0 -0.00139655 2
1388054879.518756286 11.0717 -2.96277 0 -1.363 0 0  0 -0.00122165 2
1388054879.618718611 11.0717 -2.96277 0 -1.371 0 0  0 -0.00139685 2
1388054879.718712970 11.0717 -2.96277 0 -1.378 0 0  0 -0.00122179 2
1388054879.818709692 11.0717 -2.96277 0 -1.386 0 0  0 -0.00139621 2
1388054879.918738712 11.0717 -2.96277 0 -1.394 0 0  0 -0.00139592 2
1388054880.018701797 11.0717 -2.96277 0 -1.402 0 0  0 -0.00139684 2
1388054880.118704444 11.0717 -2.96277 0 -1.409 0 0  0 -0.00122169 2
1388054880.218733146 11.0717 -2.96277 0 -1.418 0 0  0 -0.00157031 2
1388054880.318746240 11.0717 -2.96277 0 -1.425 0 0  0 -0.00122157 2
1388054880.418739602 11.0717 -2.96277 0 -1.433 0 0  0 -0.00139642 2
1388054880.518743875 11.0717 -2.96277 0 -1.441 0 0  0 -0.0013961 2
1388054880.618767599 11.0717 -2.96277 0 -1.451 0 0  0 -0.00174496 2
1388054880.718768353 11.0717 -2.96277 0 -1.46 0 0  0 -0.00157075 2
1388054880.818721662 11.0717 -2.96277 0 -1.466 0 0  0 -0.00104778 2
1388054880.918716622 11.0717 -2.96277 0 -1.473 0 0  0 -0.00122179 2
1388054881.018775694 11.0717 -2.96277 0 -1.482 0 0  0 -0.00156984 2
1388054881.118767290 11.0717 -2.96277 0 -1.491 0 0  0 -0.0015709 2
1388054881.218763181 11.0717 -2.96277 0 -1.499 0 0  0 -0.00139639 2
1388054881.318765210 11.0717 -2.96277 0 -1.507 0 0  0 -0.00139613 2
1388054881.418708613 11.0717 -2.96277 0 -1.517 0 0  0 -0.00174636 2
1388054881.518731850 11.0717 -2.96277 0 -1.526 0 0  0 -0.0015704 2
1388054881.618730607 11.0717 -2.96277 0 -1.535 0 0  0 -0.00157079 2
1388054881.718713677 11.0717 -2.96277 0 -1.541 0 0  0 -0.00104747 2
1388054881.818712438 11.0717 -2.96277 0 -1.547 0 0  0 -0.00104713 2
1388054881.918723170 11.0717 -2.96277 0 -1.555 0 0  0 -0.00139618 2
1388054882.018712950 11.0717 -2.96277 0 -1.566 0 0  0 -0.00192 2
1388054882.118770098 11.0717 -2.96277 0 -1.577 0 0  0 -0.00191871 2
1388054882.218764222 11.0717 -2.96277 0 -1.583 0 0  0 -0.00104735 2
1388054882.318729266 11.0717 -2.96277 0 -1.593 0 0  0 -0.00174598 2
1388054882.418790181 11.0717 -2.96277 0 -1.599 0 0  0 -0.00104648 2
1388054882.518742337 11.0717 -2.96277 0 -1.609 0 0  0 -0.0017462 2
1388054882.618717987 11.0717 -2.96277 0 -1.618 0 0  0 -0.00157115 2
1388054882.718735294 11.0717 -2.96277 0 -1.624 0 0  0 -0.00104711 2
1388054882.818716797 11.0717 -2.96277 0 -1.628 0 0  0 -0.00069821 2
1388054882.918728401 11.0717 -2.96277 0 -1.636 0 0  0 -0.001396 2
1388054883.018709197 11.0717 -2.96277 0 -1.645 0 0  0 -0.00157123 2
1388054883.118715047 11.0717 -2.96277 0 -1.655 0 0  0 -0.0017451 2
1388054883.218852340 11.0717 -2.96277 0 -1.663 0 0  0 -0.00139441 2
1388054883.318774912 11.0717 -2.96277 0 -1.672 0 0  0 -0.00157198 2
1388054883.418764962 11.0717 -2.96277 0 -1.681 0 0  0 -0.00157092 2
1388054883.518724616 11.0717 -2.96277 0 -1.689 0 0  0 -0.00139689 2
1388054883.618723715 11.0717 -2.96277 0 -1.698 0 0  0 -0.00157078 2
1388054883.718767291 11.0717 -2.96277 0 -1.706 0 0  0 -0.00139572 2
1388054884.029663236 11.0717 -2.96277 0 -1.736 0 0  0 -0.00168415 2
1388054884.129981046 11.0717 -2.96277 0 -1.743 0 0  0 -0.00121785 2
1388054884.229899875 11.0717 -2.96277 0 -1.746 0 0  0 -0.000524069 2
1388054884.329959932 11.0717 -2.96277 0 -1.758 0 0  0 -0.00209315 2
1388054884.429904535 11.0717 -2.96277 0 -1.768 0 0  0 -0.00174617 2
1388054884.529913791 11.0717 -2.96277 0 -1.778 0 0  0 -0.00174521 2
1388054884.629941446 11.0717 -2.96277 0 -1.786 0 0  0 -0.00139594 2
1388054884.729922484 11.0717 -2.96277 0 -1.793 0 0  0 -0.00122196 2
1388054884.829943213 11.0717 -2.96277 0 -1.799 0 0  0 -0.0010469 2
1388054884.929950093 11.0717 -2.96277 0 -1.805 0 0  0 -0.00104722 2
1388054885.029948684 11.0717 -2.96277 0 -1.814 0 0  0 -0.00157079 2
1388054885.129894097 11.0717 -2.96277 0 -1.824 0 0  0 -0.00174632 2
1388054885.229917565 11.0717 -2.96277 0 -1.829 0 0  0 -0.00087248 2
1388054885.330059464 11.0717 -2.96277 0 -1.839 0 0  0 -0.00174273 2
1388054885.429953843 11.0717 -2.96277 0 -1.846 0 0  0 -0.00122302 2
1388054885.529946149 11.0717 -2.96277 0 -1.856 0 0  0 -0.0017455 2
1388054885.629908000 11.0717 -2.96277 0 -1.863 0 0  0 -0.00122219 2
1388054885.729958426 11.0717 -2.96277 0 -1.874 0 0  0 -0.00191901 2
1388054885.829895995 11.0717 -2.96277 0 -1.881 0 0  0 -0.00122249 2
1388054885.929939759 11.0717 -2.96277 0 -1.891 0 0  0 -0.00174444 2
1388054886.029947091 11.0717 -2.96277 0 -1.902 0 0  0 -0.00191983 2
1388054886.129944842 11.0717 -2.96277 0 -1.908 0 0  0 -0.00104715 2
1388054886.229892880 11.0717 -2.96277 0 -1.917 0 0  0 -0.00157158 2
1388054886.329891738 11.0717 -2.96277 0 -1.924 0 0  0 -0.00122174 2
1388054886.429898634 11.0717 -2.96277 0 -1.932 0 0  0 -0.00139623 2
1388054886.529951000 11.0717 -2.96277 0 -1.941 0 0  0 -0.00156994 2
1388054886.629947754 11.0717 -2.96277 0 -1.95 0 0  0 -0.00157082 2
1388054886.729952101 11.0717 -2.96277 0 -1.958 0 0  0 -0.00139627 2
1388054886.829894701 11.0717 -2.96277 0 -1.966 0 0  0 -0.00139713 2
1388054886.929952297 11.0717 -2.96277 0 -1.975 0 0  0 -0.00156986 2
1388054887.029891293 11.0717 -2.96277 0 -1.983 0 0  0 -0.00139701 2
1388054887.129931796 11.0717 -2.96277 0 -1.991 0 0  0 -0.00139576 2
1388054887.229895430 11.0717 -2.96277 0 -2.001 0 0  0 -0.001746 2
1388054887.329951525 11.0717 -2.96277 0 -2.008 0 0  0 -0.00122104 2
1388054887.429947981 11.0717 -2.96277 0 -2.016 0 0  0 -0.00139621 2
1388054887.529944973 11.0717 -2.96277 0 -2.024 0 0  0 -0.00139637 2
1388054887.629945602 11.0717 -2.96277 0 -2.033 0 0  0 -0.00157076 2
1388054887.729943792 11.0717 -2.96277 0 -2.041 0 0  0 -0.00139635 2
1388054887.829952570 11.0717 -2.96277 0 -2.05 0 0  0 -0.00157063 2
1388054887.929907864 11.0717 -2.96277 0 -2.058 0 0  0 -0.00139695 2
1388054888.029922348 11.0717 -2.96277 0 -2.066 0 0  0 -0.00139596 2
1388054888.129912642 11.0717 -2.96277 0 -2.075 0 0  0 -0.00157092 2
1388054888.229894623 11.0717 -2.96277 0 -2.086 0 0  0 -0.00192032 2
1388054888.329912183 11.0717 -2.96277 0 -2.097 0 0  0 -0.00191947 2
1388054888.429898883 11.0717 -2.96277 0 -2.106 0 0  0 -0.00157097 2
1388054888.529953161 11.0717 -2.96277 0 -2.115 0 0  0 -0.00156991 2
1388054888.629890812 11.0717 -2.96277 0 -2.123 0 0  0 -0.0013972 2
1388054888.729916233 11.0717 -2.96277 0 -2.131 0 0  0 -0.00139597 2
1388054888.829952595 11.0717 -2.96277 0 -2.139 0 0  0 -0.00139565 2
1388054888.929951948 11.0717 -2.96277 0 -2.147 0 0  0 -0.00139634 2
1388054889.029945923 11.0717 -2.96277 0 -2.155 0 0  0 -0.00139625 2
1388054889.346519941 11.0717 -2.96277 0 -2.181 0 0  0 -0.00143343 2
1388054889.355416655 11.0717 -2.96277 0 -2.181 0 0  0 0 2
1388054889.455508251 11.0717 -2.96277 0 -2.189 0 0  0 -0.00139505 2
1388054889.555454445 11.0717 -2.96277 0 -2.195 0 0  0 -0.00104769 2
1388054889.655421140 11.0717 -2.96277 0 -2.203 0 0  0 -0.00139679 2
1388054889.755455251 11.0717 -2.96277 0 -2.209 0 0  0 -0.00104676 2
1388054889.855396049 11.0717 -2.96277 0 -2.216 0 0  0 -0.00122262 2
1388054889.955425249 11.0717 -2.96277 0 -2.224 0 0  0 -0.00139575 2
1388054890.055399397 11.0717 -2.96277 0 -2.233 0 0  0 -0.00157117 2
1388054890.155507220 11.0717 -2.96277 0 -2.242 0 0  0 -0.00156907 2
1388054890.255433536 11.0717 -2.96277 0 -2.252 0 0  0 -0.00174666 2
1388054890.355395717 11.0717 -2.96277 0 -2.257 0 0  0 -0.000873015 2
1388054890.455434732 11.0717 -2.96277 0 -2.265 0 0  0 -0.00139578 2
1388054890.555407955 11.0717 -2.96277 0 -2.274 0 0  0 -0.00157119 2
1388054890.655466960 11.0717 -2.96277 0 -2.282 0 0  0 -0.00139551 2
1388054890.755441114 11.0717 -2.96277 0 -2.29 0 0  0 -0.00139652 2
1388054890.855461754 11.0717 -2.96277 0 -2.297 0 0  0 -0.00122147 2
1388054890.955476999 11.0717 -2.96277 0 -2.306 0 0  0 -0.00157053 2
1388054891.055472033 11.0717 -2.96277 0 -2.315 0 0  0 -0.00157101 2
1388054891.155455166 11.0717 -2.96277 0 -2.325 0 0  0 -0.0017455 2
1388054891.255456490 11.0717 -2.96277 0 -2.334 0 0  0 -0.00157074 2
1388054891.355447739 11.0717 -2.96277 0 -2.344 0 0  0 -0.00174552 2
1388054891.455457649 11.0717 -2.96277 0 -2.352 0 0  0 -0.00139619 2
1388054891.555431060 11.0717 -2.96277 0 -2.362 0 0  0 -0.00174583 2
1388054891.655434031 11.0717 -2.96277 0 -2.371 0 0  0 -0.00157072 2
1388054891.755402079 11.0717 -2.96277 0 -2.376 0 0  0 -0.000872964 2
1388054891.855416237 11.0717 -2.96277 0 -2.377 0 0  0 -0.000174412 2
