7.26723 2.46864 0.861 19.5477
7.31308 2.4457 0.864444 19.6477
7.35612 2.41814 0.867352 19.7477
7.39744 2.38834 0.869897 19.8477
7.43765 2.35729 0.872196 19.9477
7.47699 2.32536 0.874324 20.0477
7.51553 2.29262 0.876331 20.1477
7.55321 2.25904 0.878252 20.2477
7.58995 2.22455 0.880106 20.3477
7.63875 2.21014 0.883882 20.4477
7.68658 2.19454 0.887212 20.5477
7.73398 2.17867 0.890219 20.6477
7.78135 2.16326 0.892984 20.7477
7.83282 2.15691 0.896855 20.8477
7.8836 2.15028 0.900228 20.9477
7.93365 2.14211 0.903197 21.0477
7.98302 2.1321 0.905833 21.1477
8.03177 2.12038 0.908187 21.2477
8.08 2.10718 0.910298 21.3477
8.1278 2.09277 0.912195 21.4477
8.17525 2.07738 0.913902 21.5477
8.22243 2.06125 0.915437 21.6477
8.26941 2.04453 0.916815 21.7477
8.31623 2.02739 0.918048 21.8477
8.36295 2.00994 0.919147 21.9477
8.40961 1.99227 0.920121 22.0477
8.45623 1.97447 0.920978 22.1477
8.50283 1.95659 0.921725 22.2477
8.54943 1.93868 0.92237 22.3477
8.59605 1.92079 0.922917 22.4477
8.64269 1.90294 0.923372 22.5477
8.68937 1.88516 0.92374 22.6477
8.73609 1.86746 0.924027 22.7477
8.78285 1.84986 0.924236 22.8477
8.82966 1.83237 0.924372 22.9477
8.87652 1.81498 0.924439 23.0477
8.92342 1.79772 0.924441 23.1477
8.97037 1.78057 0.92438 23.2477
9.01736 1.76355 0.924261 23.3477
9.0644 1.74664 0.924086 23.4477
9.11149 1.72986 0.923859 23.5477
9.15862 1.71319 0.923582 23.6477
9.20579 1.69663 0.923258 23.7477
9.253 1.68019 0.92289 23.8477
9.30025 1.66385 0.92248 23.9477
9.34754 1.64762 0.92203 24.0477
9.39487 1.63149 0.921543 24.1477
9.44222 1.61546 0.92102 24.2477
9.48961 1.59953 0.920463 24.3477
9.53703 1.58368 0.919875 24.4477
9.58448 1.56792 0.919257 24.5477
9.63196 1.55224 0.91861 24.6477
9.67946 1.53665 0.917936 24.7477
9.72699 1.52113 0.917238 24.8477
9.77454 1.50568 0.916515 24.9477
9.82212 1.49031 0.915769 25.0477
9.86972 1.475 0.915002 25.1477
9.91734 1.45975 0.914215 25.2477
9.96498 1.44457 0.913409 25.3477
10.0126 1.42945 0.912584 25.4477
10.0603 1.41438 0.911743 25.5477
10.108 1.39937 0.910885 25.6477
10.1557 1.3844 0.910012 25.7477
10.2034 1.36949 0.909125 25.8477
10.2512 1.35462 0.908224 25.9477
10.2989 1.3398 0.90731 26.0477
10.3467 1.32502 0.906383 26.1477
10.3945 1.31028 0.905446 26.2477
10.4423 1.29558 0.904497 26.3477
10.4901 1.28092 0.903538 26.4477
10.5379 1.26629 0.90257 26.5477
10.5857 1.2517 0.901592 26.6477
10.6335 1.23713 0.900606 26.7477
10.6814 1.2226 0.899611 26.8477
10.7292 1.2081 0.898608 26.9477
10.7771 1.19363 0.897599 27.0477
10.8249 1.17918 0.896582 27.1477
10.8728 1.16476 0.895559 27.2477
10.9207 1.15036 0.894529 27.3477
10.9686 1.13599 0.893494 27.4477
11.0165 1.12163 0.892453 27.5477
11.0644 1.1073 0.891407 27.6477
11.1123 1.09299 0.890357 27.7477
11.1602 1.0787 0.889301 27.8477
11.2081 1.06443 0.888241 27.9477
11.2561 1.05017 0.887177 28.0477
11.304 1.03593 0.886109 28.1477
11.3519 1.02171 0.885037 28.2477
11.3999 1.0075 0.883962 28.3477
11.4478 0.993304 0.882883 28.4477
11.4957 0.979124 0.881801 28.5477
11.5437 0.964957 0.880716 28.6477
11.5917 0.950802 0.879629 28.7477
11.6396 0.93666 0.878539 28.8477
11.6876 0.922529 0.877446 28.9477
11.7355 0.908409 0.876351 29.0477
11.7835 0.894299 0.875254 29.1477
11.8315 0.880199 0.874154 29.2477
11.8795 0.866109 0.873053 29.3477
11.9274 0.852028 0.871949 29.4477
11.9754 0.837955 0.870844 29.5477
12.0234 0.823891 0.869737 29.6477
12.0714 0.809834 0.868629 29.7477
12.1194 0.795785 0.867519 29.8477
12.1673 0.781743 0.866408 29.9477
12.2153 0.767708 0.865295 30.0477
12.2633 0.753679 0.864181 30.1477
12.3113 0.739657 0.863066 30.2477
12.3593 0.72564 0.86195 30.3477
12.4073 0.711629 0.860833 30.4477
12.4553 0.697624 0.859714 30.5477
12.5033 0.683623 0.858595 30.6477
12.5513 0.669628 0.857475 30.7477
12.5993 0.655637 0.856354 30.8477
12.6473 0.64165 0.855232 30.9477
12.6953 0.627668 0.854109 31.0477
12.7433 0.61369 0.852986 31.1477
12.7913 0.599716 0.851862 31.2477
12.8393 0.585745 0.850737 31.3477
12.8874 0.571778 0.849612 31.4477
12.9354 0.557814 0.848486 31.5477
12.9834 0.543854 0.84736 31.6477
13.0314 0.529896 0.846233 31.7477
13.0794 0.515942 0.845106 31.8477
13.1274 0.50199 0.843978 31.9477
13.1754 0.488041 0.842849 32.0477
13.2234 0.474094 0.841721 32.1477
13.2715 0.46015 0.840592 32.2477
13.3195 0.446208 0.839462 32.3477
13.3675 0.432268 0.838332 32.4477
13.4155 0.41833 0.837202 32.5477
13.4635 0.404395 0.836072 32.6477
13.5116 0.390461 0.834941 32.7477
13.5596 0.376529 0.83381 32.8477
13.6076 0.362599 0.832679 32.9477
13.6556 0.34867 0.831547 33.0477
13.7036 0.334743 0.830415 33.1477
13.7517 0.320818 0.829284 33.2477
13.7997 0.306894 0.828151 33.3477
13.8477 0.292971 0.827019 33.4477
13.8957 0.27905 0.825886 33.5477
13.9437 0.26513 0.824754 33.6477
13.9918 0.251211 0.823621 33.7477
14.0398 0.237293 0.822488 33.8477
14.0878 0.223376 0.821355 33.9477
14.1358 0.209461 0.820221 34.0477
14.1839 0.195546 0.819088 34.1477
14.2319 0.181632 0.817954 34.2477
14.2799 0.167719 0.81682 34.3477
14.3279 0.153807 0.815687 34.4477
14.376 0.139896 0.814553 34.5477
14.424 0.125986 0.813419 34.6477
14.472 0.112076 0.812284 34.7477
14.52 0.0981669 0.81115 34.8477
14.5681 0.0842585 0.810016 34.9477
14.6161 0.0703509 0.808882 35.0477
14.6658 0.05562 0.811322 35.1477
14.7153 0.0409761 0.812883 35.2477
14.765 0.0279465 0.813847 35.3477
14.815 0.0172273 0.814407 35.4477
14.8653 0.00911172 0.814695 35.5477
