-0.083256 -0.116329 0.942 1.38771e+09
-0.0710335 -0.116108 0.945206 1.38771e+09
-0.0591331 -0.113041 0.948382 1.38771e+09
-0.041245 -0.109075 0.949859 1.38771e+09
-0.0183056 -0.104469 0.950178 1.38771e+09
0.00889585 -0.0994276 0.949713 1.38771e+09
0.0396865 -0.0940852 0.94872 1.38771e+09
0.0734949 -0.0885221 0.947373 1.38771e+09
0.109838 -0.082786 0.945793 1.38771e+09
0.148307 -0.0769059 0.944059 1.38771e+09
0.18856 -0.0709006 0.942227 1.38771e+09
0.230309 -0.0647827 0.940334 1.38771e+09
0.273312 -0.058562 0.938402 1.38771e+09
0.317365 -0.0522465 0.936448 1.38771e+09
0.3623 -0.0458429 0.934483 1.38771e+09
0.407972 -0.0393575 0.932511 1.38771e+09
0.454262 -0.032796 0.930538 1.38771e+09
0.50107 -0.0261638 0.928565 1.38771e+09
0.548311 -0.0194657 0.926594 1.38771e+09
0.595916 -0.0127064 0.924624 1.38771e+09
0.643823 -0.00589017 0.922656 1.38771e+09
0.691985 0.000978873 0.92069 1.38771e+09
0.74036 0.00789704 0.918725 1.38771e+09
0.788912 0.0148609 0.916761 1.38771e+09
0.837613 0.0218672 0.914798 1.38771e+09
0.886438 0.0289131 0.912835 1.38771e+09
0.935366 0.0359958 0.910873 1.38771e+09
0.984381 0.043113 0.90891 1.38771e+09
1.03347 0.0502622 0.906946 1.38771e+09
1.08261 0.0574414 0.904982 1.38771e+09
1.13181 0.0646488 0.903017 1.38771e+09
1.18105 0.0718824 0.901051 1.38771e+09
1.23032 0.0791407 0.899084 1.38771e+09
1.27962 0.0864222 0.897115 1.38771e+09
1.32894 0.0937255 0.895146 1.38771e+09
1.37829 0.101049 0.893176 1.38771e+09
1.42765 0.108393 0.891204 1.38771e+09
1.47702 0.115754 0.889231 1.38771e+09
1.5264 0.123133 0.887257 1.38771e+09
1.5758 0.130528 0.885282 1.38771e+09
1.6252 0.137938 0.883306 1.38771e+09
1.6746 0.145363 0.881328 1.38771e+09
1.72401 0.152802 0.87935 1.38771e+09
1.77342 0.160253 0.877371 1.38771e+09
1.82284 0.167718 0.87539 1.38771e+09
1.87226 0.175194 0.873409 1.38771e+09
1.92167 0.182681 0.871427 1.38771e+09
1.97109 0.190179 0.869444 1.38771e+09
2.02052 0.197687 0.86746 1.38771e+09
2.06994 0.205204 0.865475 1.38771e+09
2.11936 0.212731 0.86349 1.38771e+09
2.16878 0.220267 0.861503 1.38771e+09
2.2182 0.22781 0.859517 1.38771e+09
2.26762 0.235362 0.857529 1.38771e+09
2.31705 0.242921 0.855541 1.38771e+09
2.36647 0.250487 0.853552 1.38771e+09
2.41589 0.25806 0.851563 1.38771e+09
2.46531 0.26564 0.849573 1.38771e+09
2.51473 0.273225 0.847583 1.38771e+09
2.56414 0.280817 0.845592 1.38771e+09
2.61356 0.288414 0.843601 1.38771e+09
2.66298 0.296017 0.841609 1.38771e+09
2.7124 0.303624 0.839617 1.38771e+09
2.76181 0.311237 0.837625 1.38771e+09
2.81123 0.318854 0.835632 1.38771e+09
2.86064 0.326475 0.833639 1.38771e+09
2.91006 0.334101 0.831645 1.38771e+09
2.95947 0.341731 0.829652 1.38771e+09
3.00889 0.349364 0.827658 1.38771e+09
3.0583 0.357001 0.825663 1.38771e+09
3.10771 0.364642 0.823669 1.38771e+09
3.15712 0.372286 0.821674 1.38771e+09
3.20653 0.379933 0.819679 1.38771e+09
3.25595 0.387583 0.817683 1.38771e+09
3.30536 0.395236 0.815688 1.38771e+09
3.35477 0.402892 0.813692 1.38771e+09
3.40418 0.41055 0.811696 1.38771e+09
3.45359 0.418211 0.8097 1.38771e+09
3.503 0.425875 0.807704 1.38771e+09
3.5524 0.43354 0.805708 1.38771e+09
3.60181 0.441208 0.803711 1.38771e+09
3.65122 0.448878 0.801715 1.38771e+09
3.70063 0.456549 0.799718 1.38771e+09
3.75004 0.464223 0.797721 1.38771e+09
3.79944 0.471898 0.795724 1.38771e+09
3.84885 0.479575 0.793727 1.38771e+09
3.89826 0.487254 0.79173 1.38771e+09
3.94766 0.494934 0.789732 1.38771e+09
3.99707 0.502616 0.787735 1.38771e+09
4.04648 0.510299 0.785737 1.38771e+09
4.09588 0.517984 0.78374 1.38771e+09
4.14529 0.52567 0.781742 1.38771e+09
4.19469 0.533357 0.779744 1.38771e+09
4.2441 0.541045 0.777747 1.38771e+09
4.2935 0.548734 0.775749 1.38771e+09
4.34291 0.556425 0.773751 1.38771e+09
4.39231 0.564116 0.771753 1.38771e+09
4.44172 0.571809 0.769755 1.38771e+09
4.49112 0.579502 0.767757 1.38771e+09
4.54053 0.587196 0.765758 1.38771e+09
4.58993 0.594891 0.76376 1.38771e+09
4.63934 0.602587 0.761762 1.38771e+09
4.68874 0.610284 0.759764 1.38771e+09
4.73814 0.617981 0.757765 1.38771e+09
4.78755 0.625679 0.755767 1.38771e+09
4.83695 0.633378 0.753768 1.38771e+09
4.88636 0.641077 0.75177 1.38771e+09
4.93576 0.648777 0.749772 1.38771e+09
4.98516 0.656478 0.747773 1.38771e+09
5.03457 0.664179 0.745774 1.38771e+09
5.08397 0.67188 0.743776 1.38771e+09
5.13337 0.679582 0.741777 1.38771e+09
5.18278 0.687285 0.739779 1.38771e+09
5.23218 0.694988 0.73778 1.38771e+09
5.28158 0.702691 0.735781 1.38771e+09
5.33099 0.710395 0.733783 1.38771e+09
5.38039 0.718099 0.731784 1.38771e+09
5.42979 0.725804 0.729785 1.38771e+09
5.47919 0.733509 0.727787 1.38771e+09
5.5286 0.741214 0.725788 1.38771e+09
5.578 0.74892 0.723789 1.38771e+09
5.6274 0.756626 0.72179 1.38771e+09
5.6768 0.764332 0.719791 1.38771e+09
5.72621 0.772039 0.717793 1.38771e+09
5.77561 0.779746 0.715794 1.38771e+09
5.82501 0.787453 0.713795 1.38771e+09
5.87441 0.79516 0.711796 1.38771e+09
5.92382 0.802868 0.709797 1.38771e+09
5.97322 0.810575 0.707798 1.38771e+09
5.98489 0.814564 0.711025 1.38771e+09
6.00251 0.81976 0.712615 1.38771e+09
6.02522 0.825561 0.713101 1.38771e+09
6.05229 0.831404 0.712844 1.38771e+09
6.0831 0.836807 0.712088 1.38771e+09
6.11708 0.841363 0.710996 1.38771e+09
6.15373 0.844738 0.709679 1.38771e+09
6.19261 0.846658 0.708213 1.38771e+09
6.23331 0.846904 0.706645 1.38771e+09
6.27547 0.845301 0.705009 1.38771e+09
6.31877 0.841712 0.703328 1.38771e+09
6.36291 0.836034 0.701616 1.38771e+09
6.40761 0.828191 0.699881 1.38771e+09
6.41802 0.822141 0.702926 1.38771e+09
6.43402 0.813611 0.704277 1.38771e+09
6.45492 0.80353 0.704489 1.38771e+09
6.48019 0.792719 0.703937 1.38771e+09
6.50929 0.781838 0.702874 1.38771e+09
6.54176 0.771406 0.701471 1.38771e+09
6.57712 0.761831 0.699844 1.38771e+09
6.61499 0.753436 0.698068 1.38771e+09
6.65496 0.746479 0.696194 1.38771e+09
6.69672 0.741167 0.694257 1.38771e+09
6.73993 0.737664 0.692279 1.38771e+09
6.75193 0.740175 0.694848 1.38771e+09
6.76996 0.743183 0.695529 1.38771e+09
6.79308 0.746448 0.694942 1.38771e+09
6.82049 0.749782 0.693512 1.38771e+09
6.85152 0.753078 0.691531 1.38771e+09
6.88559 0.756291 0.689197 1.38771e+09
6.92221 0.759406 0.686646 1.38771e+09
6.96097 0.762427 0.683968 1.38771e+09
7.00154 0.765367 0.681224 1.38771e+09
7.04361 0.768241 0.678453 1.38771e+09
7.08695 0.77106 0.675681 1.38771e+09
7.13135 0.77384 0.672924 1.38771e+09
7.17664 0.77659 0.670193 1.38771e+09
7.22267 0.77932 0.667492 1.38771e+09
7.26934 0.782037 0.664825 1.38771e+09
7.31652 0.784747 0.662191 1.38771e+09
7.36415 0.787456 0.65959 1.38771e+09
7.41215 0.790166 0.657022 1.38771e+09
7.46046 0.792881 0.654485 1.38771e+09
7.50903 0.795602 0.651977 1.38771e+09
7.55782 0.798332 0.649496 1.38771e+09
7.60679 0.801071 0.647041 1.38771e+09
7.65591 0.803821 0.64461 1.38771e+09
7.70516 0.806581 0.642201 1.38771e+09
7.75452 0.809352 0.639814 1.38771e+09
7.80397 0.812134 0.637445 1.38771e+09
7.85349 0.814926 0.635095 1.38771e+09
7.90308 0.81773 0.632762 1.38771e+09
7.95272 0.820544 0.630444 1.38771e+09
8.00241 0.823369 0.628141 1.38771e+09
8.05213 0.826203 0.625852 1.38771e+09
8.10188 0.829047 0.623576 1.38771e+09
8.15166 0.8319 0.621312 1.38771e+09
8.20146 0.834762 0.619059 1.38771e+09
8.25128 0.837632 0.616817 1.38771e+09
8.30112 0.840511 0.614585 1.38771e+09
8.35097 0.843398 0.612362 1.38771e+09
8.40082 0.846291 0.610148 1.38771e+09
8.45069 0.849193 0.607943 1.38771e+09
8.50057 0.8521 0.605745 1.38771e+09
8.55045 0.855015 0.603554 1.38771e+09
8.60033 0.857935 0.601371 1.38771e+09
8.65022 0.860862 0.599194 1.38771e+09
8.70012 0.863794 0.597023 1.38771e+09
8.75001 0.866731 0.594858 1.38771e+09
8.79991 0.869674 0.592698 1.38771e+09
8.84981 0.872622 0.590544 1.38771e+09
8.89972 0.875574 0.588394 1.38771e+09
8.94962 0.87853 0.586249 1.38771e+09
8.99953 0.881491 0.584108 1.38771e+09
9.04943 0.884456 0.581972 1.38771e+09
9.09934 0.887425 0.579839 1.38771e+09
9.14925 0.890397 0.57771 1.38771e+09
9.19916 0.893373 0.575584 1.38771e+09
9.24906 0.896352 0.573462 1.38771e+09
9.29897 0.899335 0.571342 1.38771e+09
9.34888 0.90232 0.569226 1.38771e+09
9.39879 0.905309 0.567112 1.38771e+09
9.4487 0.9083 0.565001 1.38771e+09
9.49861 0.911293 0.562892 1.38771e+09
9.54852 0.91429 0.560786 1.38771e+09
9.59843 0.917288 0.558682 1.38771e+09
9.64834 0.920289 0.556579 1.38771e+09
9.69824 0.923292 0.554479 1.38771e+09
9.74815 0.926297 0.552381 1.38771e+09
9.79806 0.929304 0.550284 1.38771e+09
9.84797 0.932313 0.548189 1.38771e+09
9.89788 0.935324 0.546096 1.38771e+09
9.94779 0.938337 0.544004 1.38771e+09
9.9977 0.941351 0.541913 1.38771e+09
10.0476 0.944367 0.539824 1.38771e+09
10.0975 0.947384 0.537736 1.38771e+09
10.1474 0.950402 0.535649 1.38771e+09
10.1973 0.953422 0.533563 1.38771e+09
10.2472 0.956444 0.531478 1.38771e+09
10.2972 0.959466 0.529394 1.38771e+09
10.3471 0.96249 0.527312 1.38771e+09
10.397 0.965515 0.52523 1.38771e+09
10.4469 0.96854 0.523148 1.38771e+09
10.4968 0.971567 0.521068 1.38771e+09
10.5467 0.974595 0.518988 1.38771e+09
10.5966 0.977624 0.51691 1.38771e+09
10.6465 0.980654 0.514831 1.38771e+09
10.6964 0.983684 0.512754 1.38771e+09
10.7463 0.986715 0.510677 1.38771e+09
10.7962 0.989747 0.5086 1.38771e+09
10.808 0.993195 0.511605 1.38771e+09
10.8259 0.997497 0.512903 1.38771e+09
10.8488 1.00209 0.513052 1.38771e+09
10.8761 1.00643 0.512432 1.38771e+09
