5.33923 -4.56561 0.99 1.38804e+09
5.31705 -4.60483 0.98975 1.38804e+09
5.30497 -4.64746 0.988779 1.38804e+09
5.30199 -4.69178 0.987337 1.38804e+09
5.30703 -4.73649 0.985583 1.38804e+09
5.31854 -4.78076 0.984944 1.38804e+09
5.33321 -4.82482 0.984607 1.38804e+09
5.34973 -4.86885 0.984468 1.38804e+09
5.36755 -4.91288 0.984456 1.38804e+09
5.38651 -4.95687 0.984524 1.38804e+09
5.40659 -5.00073 0.984639 1.38804e+09
5.42787 -5.04434 0.984777 1.38804e+09
5.45043 -5.08757 0.984925 1.38804e+09
5.47437 -5.13028 0.98507 1.38804e+09
5.49975 -5.17234 0.985205 1.38804e+09
5.52664 -5.21362 0.985327 1.38804e+09
5.55506 -5.254 0.98543 1.38804e+09
5.58505 -5.29336 0.985513 1.38804e+09
5.6166 -5.33159 0.985575 1.38804e+09
5.64971 -5.36856 0.985614 1.38804e+09
5.68436 -5.40417 0.98563 1.38804e+09
5.72052 -5.43833 0.985622 1.38804e+09
5.75815 -5.47093 0.985591 1.38804e+09
5.79719 -5.50187 0.985537 1.38804e+09
5.83758 -5.53107 0.985459 1.38804e+09
5.87927 -5.55845 0.985358 1.38804e+09
5.92217 -5.58392 0.985235 1.38804e+09
5.9662 -5.60741 0.985089 1.38804e+09
6.01128 -5.62885 0.984921 1.38804e+09
6.05733 -5.64817 0.984731 1.38804e+09
6.10424 -5.66532 0.98452 1.38804e+09
6.15191 -5.68024 0.984288 1.38804e+09
6.20024 -5.69289 0.984036 1.38804e+09
6.24913 -5.70322 0.983764 1.38804e+09
6.29846 -5.7112 0.983472 1.38804e+09
6.34812 -5.7168 0.983161 1.38804e+09
6.398 -5.72 0.982832 1.38804e+09
6.44798 -5.72077 0.982484 1.38804e+09
6.49794 -5.71911 0.982118 1.38804e+09
6.54776 -5.71502 0.981735 1.38804e+09
6.59732 -5.7085 0.981336 1.38804e+09
6.6465 -5.69955 0.980919 1.38804e+09
6.69519 -5.68819 0.980487 1.38804e+09
6.74326 -5.67445 0.980039 1.38804e+09
6.79059 -5.65835 0.979575 1.38804e+09
6.83707 -5.63993 0.979096 1.38804e+09
6.88258 -5.61923 0.978603 1.38804e+09
6.927 -5.5963 0.978096 1.38804e+09
6.97024 -5.57118 0.977575 1.38804e+09
7.01216 -5.54395 0.97704 1.38804e+09
7.05268 -5.51466 0.976492 1.38804e+09
7.09169 -5.48338 0.975932 1.38804e+09
7.12909 -5.45019 0.975359 1.38804e+09
7.16478 -5.41517 0.974773 1.38804e+09
7.19867 -5.37841 0.974176 1.38804e+09
7.23068 -5.34 0.973568 1.38804e+09
7.26072 -5.30003 0.972948 1.38804e+09
7.28872 -5.25861 0.972317 1.38804e+09
7.3146 -5.21583 0.971676 1.38804e+09
7.3383 -5.17181 0.971025 1.38804e+09
7.35976 -5.12665 0.970363 1.38804e+09
7.37892 -5.08046 0.969691 1.38804e+09
7.39573 -5.03337 0.96901 1.38804e+09
7.41015 -4.9855 0.96832 1.38804e+09
7.42214 -4.93696 0.96762 1.38804e+09
7.43167 -4.88788 0.966912 1.38804e+09
7.43872 -4.83837 0.966195 1.38804e+09
7.44326 -4.78858 0.96547 1.38804e+09
7.44528 -4.73862 0.964737 1.38804e+09
7.44478 -4.68862 0.963995 1.38804e+09
7.41653 -4.70428 0.963278 1.38804e+09
7.3928 -4.71013 0.961683 1.38804e+09
7.37255 -4.70701 0.959538 1.38804e+09
7.35531 -4.69617 0.957065 1.38804e+09
7.3408 -4.67885 0.954413 1.38804e+09
7.32868 -4.65612 0.951681 1.38804e+09
7.31864 -4.6289 0.948933 1.38804e+09
7.31034 -4.59794 0.946211 1.38804e+09
7.30348 -4.56389 0.94354 1.38804e+09
7.29779 -4.52725 0.940934 1.38804e+09
7.29302 -4.48845 0.938401 1.38804e+09
7.28896 -4.44785 0.935945 1.38804e+09
7.28544 -4.40574 0.933565 1.38804e+09
7.28231 -4.36236 0.931261 1.38804e+09
7.27946 -4.31793 0.929029 1.38804e+09
7.27677 -4.27261 0.926866 1.38804e+09
7.27418 -4.22655 0.924769 1.38804e+09
7.27162 -4.17987 0.922733 1.38804e+09
7.26904 -4.13267 0.920756 1.38804e+09
7.2664 -4.08503 0.918834 1.38804e+09
7.26368 -4.03703 0.916964 1.38804e+09
7.26086 -3.98872 0.915142 1.38804e+09
7.25791 -3.94016 0.913366 1.38804e+09
7.25483 -3.8914 0.911633 1.38804e+09
7.2516 -3.84246 0.90994 1.38804e+09
7.24824 -3.79337 0.908285 1.38804e+09
7.24472 -3.74417 0.906665 1.38804e+09
7.24107 -3.69487 0.905079 1.38804e+09
7.23726 -3.64549 0.903525 1.38804e+09
7.23332 -3.59604 0.902001 1.38804e+09
7.22923 -3.54655 0.900504 1.38804e+09
7.22501 -3.497 0.899034 1.38804e+09
7.22066 -3.44743 0.897589 1.38804e+09
7.21618 -3.39783 0.896168 1.38804e+09
7.21158 -3.34821 0.894768 1.38804e+09
7.20686 -3.29857 0.89339 1.38804e+09
7.20203 -3.24892 0.892032 1.38804e+09
7.19709 -3.19926 0.890692 1.38804e+09
7.19204 -3.1496 0.88937 1.38804e+09
7.1869 -3.09994 0.888064 1.38804e+09
7.18166 -3.05027 0.886774 1.38804e+09
7.17633 -3.0006 0.8855 1.38804e+09
7.17091 -2.95094 0.884239 1.38804e+09
7.16541 -2.90128 0.882991 1.38804e+09
7.15983 -2.85162 0.881756 1.38804e+09
7.15418 -2.80196 0.880533 1.38804e+09
7.14845 -2.75231 0.879321 1.38804e+09
7.14265 -2.70267 0.87812 1.38804e+09
7.13679 -2.65302 0.876929 1.38804e+09
7.13086 -2.60339 0.875747 1.38804e+09
7.10067 -2.61762 0.875083 1.38804e+09
7.07454 -2.62124 0.873608 1.38804e+09
7.05224 -2.6154 0.871633 1.38804e+09
7.03385 -2.60161 0.869357 1.38804e+09
7.01936 -2.58131 0.866904 1.38804e+09
7.00858 -2.55575 0.864349 1.38804e+09
7.00123 -2.52598 0.861736 1.38804e+09
6.99698 -2.49284 0.859088 1.38804e+09
6.99549 -2.45699 0.856416 1.38804e+09
6.99646 -2.41898 0.853727 1.38804e+09
6.99965 -2.37922 0.851019 1.38804e+09
7.00486 -2.33808 0.848293 1.38804e+09
7.01195 -2.29587 0.845546 1.38804e+09
7.02074 -2.25281 0.847475 1.38804e+09
7.03125 -2.20914 0.850941 1.38804e+09
7.04346 -2.16509 0.8554 1.38804e+09
7.05738 -2.12083 0.860481 1.38804e+09
7.07301 -2.07654 0.865934 1.38804e+09
7.09036 -2.03237 0.871584 1.38804e+09
7.10945 -1.98848 0.877314 1.38804e+09
7.13029 -1.94502 0.883042 1.38804e+09
7.15287 -1.90211 0.888713 1.38804e+09
7.17722 -1.8599 0.894288 1.38804e+09
7.20331 -1.81851 0.899741 1.38804e+09
7.23114 -1.77805 0.905052 1.38804e+09
7.26069 -1.73866 0.910211 1.38804e+09
7.29193 -1.70044 0.915208 1.38804e+09
7.32484 -1.66351 0.920037 1.38804e+09
7.35936 -1.62796 0.924697 1.38804e+09
7.39545 -1.59391 0.929184 1.38804e+09
7.43306 -1.56144 0.933499 1.38804e+09
7.41319 -1.57704 0.929523 1.38804e+09
7.40251 -1.58469 0.923704 1.38804e+09
7.39982 -1.58605 0.916779 1.38804e+09
7.40393 -1.58227 0.909242 1.38804e+09
7.41376 -1.5742 0.901418 1.38804e+09
7.42839 -1.56252 0.893518 1.38804e+09
7.44704 -1.54782 0.885677 1.38804e+09
7.46907 -1.53057 0.877977 1.38804e+09
7.49391 -1.51118 0.870465 1.38804e+09
7.52112 -1.48998 0.863164 1.38804e+09
7.5503 -1.46725 0.856084 1.38804e+09
7.58114 -1.44324 0.849224 1.38804e+09
7.61336 -1.41815 0.842578 1.38804e+09
7.64673 -1.39214 0.836137 1.38804e+09
7.68107 -1.36535 0.829888 1.38804e+09
7.71622 -1.33791 0.823821 1.38804e+09
7.75204 -1.30992 0.817923 1.38804e+09
7.78842 -1.28146 0.812182 1.38804e+09
7.82526 -1.2526 0.806588 1.38804e+09
7.8625 -1.22341 0.801129 1.38804e+09
7.90006 -1.19392 0.795796 1.38804e+09
7.93789 -1.1642 0.790581 1.38804e+09
7.97595 -1.13427 0.785474 1.38804e+09
8.01419 -1.10416 0.780469 1.38804e+09
8.05259 -1.07391 0.775558 1.38804e+09
8.09111 -1.04352 0.770735 1.38804e+09
8.12974 -1.01303 0.765995 1.38804e+09
8.16845 -0.982438 0.761331 1.38804e+09
8.20724 -0.951768 0.756738 1.38804e+09
8.24608 -0.921028 0.752213 1.38804e+09
8.28497 -0.890227 0.747751 1.38804e+09
8.3239 -0.859374 0.743348 1.38804e+09
8.36286 -0.828476 0.739001 1.38804e+09
8.40185 -0.797538 0.734705 1.38804e+09
8.44085 -0.766565 0.730458 1.38804e+09
8.47987 -0.735562 0.726257 1.38804e+09
8.51891 -0.704532 0.722099 1.38804e+09
8.55795 -0.673479 0.717982 1.38804e+09
8.597 -0.642404 0.713903 1.38804e+09
8.63605 -0.61131 0.70986 1.38804e+09
8.67511 -0.5802 0.705851 1.38804e+09
8.71417 -0.549074 0.701874 1.38804e+09
8.75323 -0.517935 0.697927 1.38804e+09
8.79228 -0.486784 0.694009 1.38804e+09
8.83134 -0.455621 0.690117 1.38804e+09
8.8704 -0.424448 0.686251 1.38804e+09
8.90945 -0.393265 0.682409 1.38804e+09
8.94851 -0.362074 0.678589 1.38804e+09
8.98756 -0.330875 0.67479 1.38804e+09
9.02661 -0.299668 0.671012 1.38804e+09
9.06565 -0.268455 0.667252 1.38804e+09
9.1047 -0.237235 0.663511 1.38804e+09
9.14374 -0.20601 0.659786 1.38804e+09
9.18277 -0.174778 0.656077 1.38804e+09
9.22181 -0.143542 0.652383 1.38804e+09
9.26084 -0.112301 0.648703 1.38804e+09
9.29987 -0.0810547 0.645037 1.38804e+09
9.3389 -0.0498045 0.641384 1.38804e+09
9.37792 -0.0185503 0.637742 1.38804e+09
9.41694 0.0127078 0.634112 1.38804e+09
9.45596 0.0439696 0.630493 1.38804e+09
9.49498 0.0752347 0.626883 1.38804e+09
9.53399 0.106503 0.623283 1.38804e+09
9.573 0.137775 0.619692 1.38804e+09
9.61202 0.169049 0.61611 1.38804e+09
9.65102 0.200326 0.612536 1.38804e+09
9.69003 0.231606 0.608969 1.38804e+09
9.72903 0.262888 0.605409 1.38804e+09
9.76804 0.294173 0.601857 1.38804e+09
9.80704 0.32546 0.59831 1.38804e+09
9.84604 0.356749 0.59477 1.38804e+09
9.88504 0.38804 0.591236 1.38804e+09
9.92403 0.419334 0.587706 1.38804e+09
9.96303 0.450629 0.584182 1.38804e+09
10.002 0.481925 0.580663 1.38804e+09
10.041 0.513224 0.577148 1.38804e+09
10.08 0.544524 0.573638 1.38804e+09
10.119 0.575825 0.570132 1.38804e+09
10.158 0.607128 0.566629 1.38804e+09
10.197 0.638433 0.563131 1.38804e+09
10.236 0.669738 0.559635 1.38804e+09
10.2749 0.701045 0.556143 1.38804e+09
10.2561 0.684142 0.556002 1.38804e+09
10.2464 0.675273 0.555174 1.38804e+09
10.2438 0.673559 0.553904 1.38804e+09
10.2472 0.677969 0.55235 1.38804e+09
10.2556 0.687468 0.550615 1.38804e+09
10.2684 0.701077 0.548767 1.38804e+09
10.2851 0.717901 0.546845 1.38804e+09
10.3054 0.737137 0.544877 1.38804e+09
10.3289 0.758073 0.542876 1.38804e+09
10.3554 0.780086 0.540852 1.38804e+09
10.3847 0.802632 0.538808 1.38804e+09
10.4166 0.825237 0.536746 1.38804e+09
10.4508 0.847496 0.534667 1.38804e+09
10.4872 0.869058 0.532568 1.38804e+09
10.5255 0.889621 0.53045 1.38804e+09
10.5657 0.90893 0.528311 1.38804e+09
10.6075 0.926766 0.526149 1.38804e+09
10.6508 0.942942 0.523963 1.38804e+09
10.6953 0.957302 0.521753 1.38804e+09
10.7409 0.969714 0.519518 1.38804e+09
10.7875 0.980066 0.517256 1.38804e+09
10.8349 0.988268 0.514968 1.38804e+09
10.883 0.994246 0.512653 1.38804e+09
