11.1106 3.28003 0.641 1.38806e+09
11.1253 3.28611 0.639225 1.38806e+09
11.1455 3.28853 0.637878 1.38806e+09
11.1703 3.28775 0.636823 1.38806e+09
11.1986 3.28418 0.63597 1.38806e+09
11.23 3.27819 0.635254 1.38806e+09
11.2638 3.27006 0.634632 1.38806e+09
11.2997 3.26003 0.634076 1.38806e+09
11.3371 3.24825 0.633566 1.38806e+09
11.3758 3.23485 0.633087 1.38806e+09
11.4155 3.21988 0.632633 1.38806e+09
11.4559 3.2034 0.632195 1.38806e+09
11.4967 3.1854 0.631771 1.38806e+09
11.5378 3.16588 0.631357 1.38806e+09
11.5789 3.14482 0.630953 1.38806e+09
11.5921 3.14768 0.629536 1.38806e+09
11.61 3.14557 0.628687 1.38806e+09
11.6318 3.13931 0.628232 1.38806e+09
11.6569 3.12961 0.628054 1.38806e+09
11.6847 3.11706 0.628069 1.38806e+09
11.7148 3.10215 0.628224 1.38806e+09
11.7468 3.08531 0.628479 1.38806e+09
11.7805 3.06688 0.628808 1.38806e+09
11.8156 3.04716 0.629195 1.38806e+09
11.8518 3.02639 0.629628 1.38806e+09
11.8892 3.00477 0.630097 1.38806e+09
11.9274 2.98247 0.630598 1.38806e+09
11.9663 2.95963 0.631126 1.38806e+09
12.0059 2.93637 0.631679 1.38806e+09
12.0177 2.93694 0.629979 1.38806e+09
12.0337 2.93166 0.628734 1.38806e+09
12.0532 2.92186 0.6278 1.38806e+09
12.0759 2.90875 0.627082 1.38806e+09
12.1017 2.89335 0.626512 1.38806e+09
12.1303 2.87656 0.626045 1.38806e+09
12.1617 2.85916 0.625652 1.38806e+09
12.1957 2.84182 0.62531 1.38806e+09
12.209 2.84951 0.623212 1.38806e+09
12.2274 2.85434 0.621463 1.38806e+09
12.2503 2.85614 0.619969 1.38806e+09
12.2771 2.85513 0.618662 1.38806e+09
12.3071 2.85159 0.617492 1.38806e+09
12.3399 2.84587 0.616425 1.38806e+09
12.375 2.83831 0.615435 1.38806e+09
12.412 2.82924 0.614503 1.38806e+09
12.4506 2.81893 0.613616 1.38806e+09
12.4906 2.80763 0.612762 1.38806e+09
12.5318 2.79553 0.611935 1.38806e+09
12.5739 2.78283 0.611128 1.38806e+09
12.617 2.76965 0.610338 1.38806e+09
12.6607 2.75611 0.60956 1.38806e+09
12.7051 2.74232 0.608793 1.38806e+09
12.75 2.72835 0.608034 1.38806e+09
12.7954 2.71425 0.607281 1.38806e+09
12.8412 2.70009 0.606534 1.38806e+09
12.8873 2.6859 0.605791 1.38806e+09
12.9337 2.67172 0.605051 1.38806e+09
12.9804 2.65756 0.604315 1.38806e+09
13.0273 2.64345 0.603581 1.38806e+09
13.0743 2.6294 0.602849 1.38806e+09
13.1216 2.61542 0.602119 1.38806e+09
13.169 2.60152 0.60139 1.38806e+09
13.2165 2.58771 0.600662 1.38806e+09
13.2641 2.57399 0.599935 1.38806e+09
13.3119 2.56035 0.599209 1.38806e+09
13.3597 2.54681 0.598483 1.38806e+09
13.4076 2.53337 0.597758 1.38806e+09
13.4555 2.52001 0.597034 1.38806e+09
13.5035 2.50674 0.59631 1.38806e+09
13.5516 2.49356 0.595586 1.38806e+09
13.5997 2.48047 0.594862 1.38806e+09
13.6479 2.46746 0.594139 1.38806e+09
13.6961 2.45453 0.593416 1.38806e+09
13.7444 2.44167 0.592693 1.38806e+09
13.7926 2.4289 0.59197 1.38806e+09
13.8409 2.41619 0.591247 1.38806e+09
13.8893 2.40356 0.590525 1.38806e+09
13.9376 2.39099 0.589802 1.38806e+09
13.986 2.37848 0.58908 1.38806e+09
14.0344 2.36604 0.588357 1.38806e+09
14.0828 2.35365 0.587635 1.38806e+09
14.1313 2.34132 0.586913 1.38806e+09
14.1797 2.32905 0.586191 1.38806e+09
14.2282 2.31683 0.585469 1.38806e+09
14.2767 2.30465 0.584746 1.38806e+09
14.3252 2.29253 0.584024 1.38806e+09
14.3737 2.28045 0.583302 1.38806e+09
14.4222 2.26841 0.58258 1.38806e+09
14.4707 2.25641 0.581858 1.38806e+09
14.5193 2.24445 0.581136 1.38806e+09
14.5678 2.23253 0.580414 1.38806e+09
14.6164 2.22065 0.579692 1.38806e+09
14.665 2.2088 0.578971 1.38806e+09
14.7136 2.19698 0.578249 1.38806e+09
14.7621 2.1852 0.577527 1.38806e+09
14.8107 2.17344 0.576805 1.38806e+09
14.8593 2.16171 0.576083 1.38806e+09
14.908 2.15001 0.575361 1.38806e+09
14.9566 2.13834 0.57464 1.38806e+09
15.0052 2.12669 0.573918 1.38806e+09
15.0538 2.11506 0.573196 1.38806e+09
15.1025 2.10346 0.572474 1.38806e+09
15.1511 2.09188 0.571753 1.38806e+09
15.1997 2.08031 0.571031 1.38806e+09
15.2484 2.06877 0.570309 1.38806e+09
15.297 2.05725 0.569587 1.38806e+09
15.3457 2.04574 0.568866 1.38806e+09
15.3944 2.03425 0.568144 1.38806e+09
15.443 2.02278 0.567422 1.38806e+09
15.4917 2.01132 0.566701 1.38806e+09
15.5404 1.99988 0.565979 1.38806e+09
15.5891 1.98845 0.565257 1.38806e+09
15.6377 1.97704 0.564536 1.38806e+09
15.6864 1.96563 0.563814 1.38806e+09
15.7351 1.95424 0.563093 1.38806e+09
15.7838 1.94286 0.562371 1.38806e+09
15.8325 1.9315 0.561649 1.38806e+09
15.8812 1.92014 0.560928 1.38806e+09
15.9299 1.90879 0.560206 1.38806e+09
15.9786 1.89746 0.559485 1.38806e+09
16.0273 1.88613 0.558763 1.38806e+09
16.076 1.87481 0.558041 1.38806e+09
16.1247 1.8635 0.55732 1.38806e+09
16.1734 1.85219 0.556598 1.38806e+09
16.2221 1.8409 0.555877 1.38806e+09
16.2708 1.82961 0.555155 1.38806e+09
16.3195 1.81833 0.554433 1.38806e+09
16.3682 1.80706 0.553712 1.38806e+09
16.4169 1.79579 0.55299 1.38806e+09
16.4656 1.78453 0.552269 1.38806e+09
16.5144 1.77327 0.551547 1.38806e+09
16.5631 1.76202 0.550826 1.38806e+09
16.6118 1.75077 0.550104 1.38806e+09
16.6605 1.73953 0.549383 1.38806e+09
16.7092 1.7283 0.548661 1.38806e+09
16.758 1.71706 0.54794 1.38806e+09
16.8067 1.70584 0.547218 1.38806e+09
16.8554 1.69461 0.546496 1.38806e+09
16.9041 1.68339 0.545775 1.38806e+09
16.9529 1.67218 0.545053 1.38806e+09
17.0016 1.66097 0.544332 1.38806e+09
17.0503 1.64976 0.54361 1.38806e+09
17.099 1.63855 0.542889 1.38806e+09
17.1478 1.62735 0.542167 1.38806e+09
17.1965 1.61615 0.541446 1.38806e+09
17.2452 1.60496 0.540724 1.38806e+09
17.294 1.59376 0.540003 1.38806e+09
17.3427 1.58257 0.539281 1.38806e+09
17.3914 1.57138 0.53856 1.38806e+09
17.4402 1.5602 0.537838 1.38806e+09
17.4889 1.54901 0.537117 1.38806e+09
17.5376 1.53783 0.536395 1.38806e+09
17.5864 1.52665 0.535674 1.38806e+09
17.6351 1.51547 0.534952 1.38806e+09
17.6838 1.5043 0.534231 1.38806e+09
17.7326 1.49312 0.533509 1.38806e+09
17.7813 1.48195 0.532788 1.38806e+09
17.83 1.47078 0.532066 1.38806e+09
17.8788 1.45961 0.531345 1.38806e+09
17.9275 1.44844 0.530623 1.38806e+09
17.9762 1.43728 0.529902 1.38806e+09
18.025 1.42611 0.52918 1.38806e+09
18.0737 1.41495 0.528459 1.38806e+09
18.1225 1.40378 0.527737 1.38806e+09
18.1712 1.39262 0.527016 1.38806e+09
18.2199 1.38146 0.526294 1.38806e+09
18.2687 1.3703 0.525573 1.38806e+09
18.3174 1.35914 0.524851 1.38806e+09
18.3662 1.34799 0.52413 1.38806e+09
18.4149 1.33683 0.523408 1.38806e+09
18.4636 1.32567 0.522687 1.38806e+09
18.5124 1.31452 0.521965 1.38806e+09
18.5611 1.30336 0.521244 1.38806e+09
18.6099 1.29221 0.520522 1.38806e+09
18.6586 1.28106 0.519801 1.38806e+09
18.7073 1.26991 0.519079 1.38806e+09
18.7561 1.25875 0.518358 1.38806e+09
18.8048 1.2476 0.517636 1.38806e+09
18.8536 1.23645 0.516915 1.38806e+09
18.9023 1.2253 0.516193 1.38806e+09
18.951 1.21416 0.515472 1.38806e+09
18.9998 1.20301 0.51475 1.38806e+09
19.0485 1.19186 0.514029 1.38806e+09
19.0973 1.18071 0.513307 1.38806e+09
19.146 1.16956 0.512586 1.38806e+09
19.1947 1.15842 0.511864 1.38806e+09
19.2435 1.14727 0.511143 1.38806e+09
19.2922 1.13613 0.510421 1.38806e+09
19.341 1.12498 0.5097 1.38806e+09
19.3897 1.11383 0.508978 1.38806e+09
19.4385 1.10269 0.508257 1.38806e+09
19.4872 1.09155 0.507535 1.38806e+09
19.5359 1.0804 0.506814 1.38806e+09
19.5847 1.06926 0.506092 1.38806e+09
19.6334 1.05811 0.505371 1.38806e+09
19.6477 1.06265 0.503834 1.38806e+09
19.6674 1.0632 0.502804 1.38806e+09
19.6915 1.06071 0.502118 1.38806e+09
19.7194 1.05608 0.501665 1.38806e+09
19.7505 1.05012 0.501371 1.38806e+09
19.7844 1.04355 0.501184 1.38806e+09
19.8209 1.03699 0.501069 1.38806e+09
19.8596 1.03096 0.501003 1.38806e+09
