0.772957 0.0736453 0.715 1.38649e+09
0.784572 0.0770367 0.711808 1.38649e+09
0.802266 0.0808802 0.709132 1.38649e+09
0.825091 0.0850297 0.706833 1.38649e+09
0.852236 0.0893745 0.704811 1.38649e+09
0.883013 0.0938533 0.702997 1.38649e+09
0.916839 0.0984394 0.70134 1.38649e+09
0.953224 0.103126 0.699801 1.38649e+09
0.991753 0.107914 0.698354 1.38649e+09
1.03208 0.11281 0.696979 1.38649e+09
1.07391 0.117818 0.695661 1.38649e+09
1.117 0.122943 0.694389 1.38649e+09
1.16115 0.128187 0.693154 1.38649e+09
1.20618 0.133551 0.69195 1.38649e+09
1.25195 0.139034 0.690771 1.38649e+09
1.29834 0.144635 0.689614 1.38649e+09
1.34525 0.150351 0.688476 1.38649e+09
1.39259 0.156177 0.687354 1.38649e+09
1.44029 0.16211 0.686245 1.38649e+09
1.48828 0.168145 0.685149 1.38649e+09
1.53653 0.174279 0.684064 1.38649e+09
1.58499 0.180505 0.682989 1.38649e+09
1.63363 0.18682 0.681922 1.38649e+09
1.6824 0.19322 0.680863 1.38649e+09
1.7313 0.199699 0.679812 1.38649e+09
1.7803 0.206254 0.678766 1.38649e+09
1.82938 0.212881 0.677727 1.38649e+09
1.87852 0.219576 0.676693 1.38649e+09
1.92773 0.226335 0.675664 1.38649e+09
1.97698 0.233155 0.67464 1.38649e+09
2.02626 0.240032 0.67362 1.38649e+09
2.07558 0.246965 0.672603 1.38649e+09
2.12492 0.253949 0.671591 1.38649e+09
2.17429 0.260982 0.670582 1.38649e+09
2.22366 0.268062 0.669576 1.38649e+09
2.27305 0.275186 0.668573 1.38649e+09
2.32246 0.282353 0.667572 1.38649e+09
2.37186 0.289559 0.666575 1.38649e+09
2.42128 0.296803 0.665579 1.38649e+09
2.4707 0.304083 0.664586 1.38649e+09
2.52012 0.311397 0.663595 1.38649e+09
2.56954 0.318744 0.662606 1.38649e+09
2.61896 0.326121 0.661619 1.38649e+09
2.66839 0.333528 0.660634 1.38649e+09
2.71781 0.340964 0.659651 1.38649e+09
2.76723 0.348425 0.658669 1.38649e+09
2.81666 0.355913 0.657688 1.38649e+09
2.86608 0.363424 0.656709 1.38649e+09
2.9155 0.370959 0.655731 1.38649e+09
2.96491 0.378515 0.654754 1.38649e+09
3.01433 0.386092 0.653779 1.38649e+09
3.06374 0.39369 0.652805 1.38649e+09
3.11315 0.401306 0.651831 1.38649e+09
3.16256 0.40894 0.650859 1.38649e+09
3.21197 0.416592 0.649888 1.38649e+09
3.26138 0.424259 0.648917 1.38649e+09
3.31078 0.431943 0.647947 1.38649e+09
3.36018 0.439642 0.646978 1.38649e+09
3.40958 0.447354 0.64601 1.38649e+09
3.45898 0.455081 0.645043 1.38649e+09
3.50837 0.46282 0.644076 1.38649e+09
3.55777 0.470572 0.643109 1.38649e+09
3.60716 0.478335 0.642144 1.38649e+09
3.65655 0.48611 0.641179 1.38649e+09
3.70594 0.493895 0.640214 1.38649e+09
3.75533 0.501691 0.63925 1.38649e+09
3.80472 0.509496 0.638286 1.38649e+09
3.8541 0.51731 0.637323 1.38649e+09
3.90349 0.525134 0.63636 1.38649e+09
3.95287 0.532966 0.635398 1.38649e+09
4.00225 0.540805 0.634436 1.38649e+09
4.05163 0.548653 0.633474 1.38649e+09
4.10101 0.556508 0.632513 1.38649e+09
4.15039 0.56437 0.631552 1.38649e+09
4.19976 0.572238 0.630591 1.38649e+09
4.24914 0.580113 0.629631 1.38649e+09
4.29851 0.587994 0.628671 1.38649e+09
4.34789 0.595881 0.627711 1.38649e+09
4.39726 0.603773 0.626751 1.38649e+09
4.44663 0.611671 0.625792 1.38649e+09
4.49601 0.619573 0.624832 1.38649e+09
4.54538 0.627481 0.623873 1.38649e+09
4.59475 0.635392 0.622914 1.38649e+09
4.64412 0.643309 0.621956 1.38649e+09
4.69348 0.651229 0.620997 1.38649e+09
4.74285 0.659153 0.620039 1.38649e+09
4.79222 0.667082 0.619081 1.38649e+09
4.84159 0.675013 0.618123 1.38649e+09
4.89095 0.682948 0.617165 1.38649e+09
4.94032 0.690887 0.616207 1.38649e+09
4.98968 0.698828 0.615249 1.38649e+09
5.03905 0.706773 0.614292 1.38649e+09
5.08841 0.71472 0.613334 1.38649e+09
5.13778 0.72267 0.612377 1.38649e+09
5.18714 0.730623 0.611419 1.38649e+09
5.2365 0.738578 0.610462 1.38649e+09
5.28587 0.746536 0.609505 1.38649e+09
5.33523 0.754496 0.608548 1.38649e+09
5.38459 0.762458 0.607591 1.38649e+09
5.43395 0.770422 0.606634 1.38649e+09
5.48331 0.778387 0.605678 1.38649e+09
5.53267 0.786355 0.604721 1.38649e+09
5.58204 0.794325 0.603764 1.38649e+09
5.6314 0.802296 0.602808 1.38649e+09
5.68076 0.810269 0.601851 1.38649e+09
5.73012 0.818243 0.600894 1.38649e+09
5.77948 0.826219 0.599938 1.38649e+09
5.82884 0.834196 0.598982 1.38649e+09
5.87819 0.842175 0.598025 1.38649e+09
5.92755 0.850155 0.597069 1.38649e+09
5.97691 0.858136 0.596113 1.38649e+09
6.02627 0.866118 0.595156 1.38649e+09
6.07563 0.874102 0.5942 1.38649e+09
6.12499 0.882086 0.593244 1.38649e+09
6.17435 0.890071 0.592288 1.38649e+09
6.2237 0.898058 0.591332 1.38649e+09
6.27306 0.906045 0.590375 1.38649e+09
6.32242 0.914033 0.589419 1.38649e+09
6.37178 0.922022 0.588463 1.38649e+09
6.42114 0.930012 0.587507 1.38649e+09
6.47049 0.938003 0.586551 1.38649e+09
6.51985 0.945994 0.585595 1.38649e+09
6.56921 0.953986 0.584639 1.38649e+09
6.61856 0.961979 0.583683 1.38649e+09
6.66792 0.969972 0.582727 1.38649e+09
6.71728 0.977966 0.581772 1.38649e+09
6.76664 0.98596 0.580816 1.38649e+09
6.81599 0.993955 0.57986 1.38649e+09
6.86535 1.00195 0.578904 1.38649e+09
6.9147 1.00995 0.577948 1.38649e+09
6.96406 1.01794 0.576992 1.38649e+09
7.01342 1.02594 0.576036 1.38649e+09
7.06277 1.03394 0.575081 1.38649e+09
7.11213 1.04193 0.574125 1.38649e+09
7.12408 1.04313 0.571403 1.38649e+09
7.14217 1.04443 0.569311 1.38649e+09
7.16537 1.04619 0.567648 1.38649e+09
7.17593 1.05273 0.565414 1.38649e+09
7.19224 1.06096 0.563968 1.38649e+09
7.21367 1.06996 0.563055 1.38649e+09
7.23961 1.07901 0.562503 1.38649e+09
7.26945 1.08755 0.562193 1.38649e+09
7.30265 1.09515 0.562047 1.38649e+09
7.3387 1.10149 0.56201 1.38649e+09
7.37714 1.10632 0.562046 1.38649e+09
7.38902 1.10624 0.559487 1.38649e+09
7.40706 1.10548 0.557638 1.38649e+09
7.43022 1.1043 0.556281 1.38649e+09
7.45769 1.10286 0.555262 1.38649e+09
7.48877 1.10131 0.554472 1.38649e+09
7.5229 1.0997 0.553837 1.38649e+09
7.55957 1.09807 0.553303 1.38649e+09
7.59839 1.09645 0.552832 1.38649e+09
7.639 1.09484 0.552397 1.38649e+09
7.68112 1.09325 0.551981 1.38649e+09
7.7245 1.09167 0.55157 1.38649e+09
7.76894 1.0901 0.551156 1.38649e+09
7.81428 1.08855 0.550731 1.38649e+09
7.86036 1.08702 0.550293 1.38649e+09
7.90707 1.0855 0.549838 1.38649e+09
7.95431 1.08399 0.549365 1.38649e+09
8.00198 1.08249 0.548873 1.38649e+09
8.05003 1.081 0.548361 1.38649e+09
8.09839 1.07952 0.54783 1.38649e+09
8.14701 1.07804 0.547279 1.38649e+09
8.19585 1.07658 0.546708 1.38649e+09
8.24487 1.07512 0.546119 1.38649e+09
8.29405 1.07367 0.545513 1.38649e+09
8.34335 1.07223 0.544888 1.38649e+09
8.39277 1.0708 0.544247 1.38649e+09
8.44227 1.06936 0.54359 1.38649e+09
8.49185 1.06794 0.542918 1.38649e+09
8.5415 1.06652 0.542231 1.38649e+09
8.5912 1.0651 0.54153 1.38649e+09
8.64094 1.06369 0.540816 1.38649e+09
8.69073 1.06229 0.540089 1.38649e+09
8.74054 1.06089 0.53935 1.38649e+09
8.79038 1.05949 0.538599 1.38649e+09
8.84025 1.0581 0.537838 1.38649e+09
8.89013 1.05671 0.537067 1.38649e+09
8.94003 1.05532 0.536286 1.38649e+09
8.98994 1.05394 0.535495 1.38649e+09
9.03986 1.05256 0.534696 1.38649e+09
9.0898 1.05118 0.533889 1.38649e+09
9.13974 1.0498 0.533073 1.38649e+09
9.18968 1.04843 0.532251 1.38649e+09
9.23964 1.04706 0.531421 1.38649e+09
9.28959 1.0457 0.530585 1.38649e+09
9.33955 1.04433 0.529742 1.38649e+09
9.38952 1.04297 0.528893 1.38649e+09
9.43949 1.04161 0.528039 1.38649e+09
9.48946 1.04026 0.527179 1.38649e+09
9.53943 1.0389 0.526315 1.38649e+09
9.5894 1.03755 0.525445 1.38649e+09
9.63938 1.0362 0.524571 1.38649e+09
9.68935 1.03485 0.523693 1.38649e+09
9.73933 1.0335 0.522811 1.38649e+09
9.78931 1.03215 0.521924 1.38649e+09
9.83928 1.03081 0.521035 1.38649e+09
9.88926 1.02946 0.520142 1.38649e+09
9.93924 1.02812 0.519245 1.38649e+09
9.98922 1.02678 0.518346 1.38649e+09
10.0392 1.02544 0.517444 1.38649e+09
10.0892 1.0241 0.516539 1.38649e+09
10.1392 1.02277 0.515631 1.38649e+09
10.1891 1.02143 0.514721 1.38649e+09
10.2391 1.0201 0.513809 1.38649e+09
10.2891 1.01876 0.512895 1.38649e+09
10.3391 1.01743 0.511978 1.38649e+09
10.3891 1.0161 0.51106 1.38649e+09
10.4391 1.01477 0.510139 1.38649e+09
10.489 1.01343 0.509217 1.38649e+09
10.539 1.0121 0.508294 1.38649e+09
10.589 1.01078 0.507368 1.38649e+09
10.639 1.00945 0.506442 1.38649e+09
10.689 1.00812 0.505514 1.38649e+09
10.7389 1.00679 0.504584 1.38649e+09
10.7889 1.00547 0.503654 1.38649e+09
10.8389 1.00414 0.502722 1.38649e+09
10.8506 1.00317 0.500436 1.38649e+09
