1388105408.672920294 -0.0332767 0.34425 1.2 175.221 0 0.0573315  0.199848 0.509311 7
1388105408.772914350 -0.0340232 0.347979 1.181 175.256 0 0.0372896  -0.190011 0.00610965 7
1388105408.872904594 -0.034368 0.353824 1.168 175.254 0 0.0584577  -0.130013 -0.000348908 7
1388105408.972913270 -0.0365428 0.359964 1.161 175.317 -0.0217469 0.0613963  -0.0699939 0.0109952 7
1388105409.072910405 -0.0389068 0.364596 1.162 175.368 -0.02364 0.0463167  0.0100003 0.00890054 7
1388105409.172920967 -0.0400873 0.368365 1.164 175.373 -0.0118045 0.0376821  0.0199979 0.000873425 7
1388105409.272908356 -0.0416435 0.370791 1.169 175.387 -0.0155639 0.0242696  0.0500063 0.00244243 7
1388105409.372908590 -0.0431986 0.374059 1.175 175.413 -0.0155505 0.0326804  0.0599999 0.00453802 7
1388105409.472913409 -0.0442569 0.375945 1.179 175.38 -0.0105831 0.0188565  0.0399981 -0.00575748 7
1388105409.572907987 -0.0461846 0.376305 1.188 175.354 -0.0192777 0  0.0900049 -0.00453827 7
1388105409.672903578 -0.0475054 0.376236 1.191 175.323 -0.0132085 0  0.0300013 -0.00541178 7
1388105409.772915825 -0.0493478 0.376555 1.194 175.28 -0.0184222 0  0.0299963 -0.00750387 7
1388105409.872892966 -0.0501141 0.377663 1.195 175.248 0 0.0110862  0.0100023 -0.00558593 7
1388105409.972924393 -0.0517557 0.381863 1.198 175.191 -0.0164108 0.0419874  0.0299906 -0.00994644 4
1388105410.072974828 -0.0504714 0.383686 1.2 175.197 0.0128366 0.0182221  0.0199899 0.00104876 4
1388105410.172907228 -0.0506043 0.386576 1.198 175.175 0 0.0289148  -0.0200135 -0.00384288 4
1388105410.272900114 -0.0518352 0.391006 1.193 175.174 -0.0123098 0.0443022  -0.0500036 -0.000175781 4
1388105410.372915380 -0.0524113 0.39323 1.192 175.162 0 0.0222386  0 -0.00209293 4
1388105410.472912970 -0.0533207 0.395479 1.189 175.22 0 0.0224926  -0.0300007 0.0101229 4
1388105410.572988326 0.0204169 -1.0084 1.183 0.00999451 0 0  -0.0599548 -30.5569 4
1388105410.672966597 0.020265 -1.00877 1.178 0.0410004 0 0  -0.0500109 0.00541272 4
1388105410.772937062 0.0185815 -1.00903 1.177 0.0809937 -0.0168398 0  -0.010003 0.00698221 4
1388105410.872927643 0.0161481 -1.00831 1.173 0.102005 -0.0243363 0  -0.0400038 0.00366752 4
1388105410.972982801 0.0147676 -1.00719 1.169 0.132996 -0.0137968 0.0111614  -0.0399779 0.0054059 4
1388105411.072934815 0.0134305 -1.00688 1.17 0.145004 -0.0133776 0  0.0100048 0.00209691 4
1388105411.173019336 0.0115117 -1.00481 1.167 0.119003 -0.0191724 0.020677  -0.0299747 -0.00453419 4
1388105411.272945515 0.00857205 -1.00011 1.17 0.0890045 -0.0294179 0.0469731  0.0300222 -0.00523964 4
1388105411.372954266 0.00597825 -0.997687 1.17 0.0529938 -0.0259358 0.0242455  0 -0.00628451 4
1388105411.472918169 0.00379987 -0.994832 1.172 0.0310059 -0.0217916 0.0285673  0.0200072 -0.003839 4
1388105411.572944590 0.00115904 -0.992247 1.174 0.0480042 -0.0264014 0.0258367  0.0199947 0.00296598 4
1388105411.673020268 -0.00214035 -0.990981 1.175 0.0339966 -0.0329689 0.0126575  0 -0.00244293 4
1388105411.772977825 -0.00524898 -0.988888 1.176 0.0279999 -0.0310995 0.0209369  0.0100042 -0.00104707 4
1388105411.973334689 -0.0119024 -0.989118 1.181 0.0119934 -0.0332079 0  0.0249555 -0.00139434 3
1388105412.073646559 -0.0147519 -0.991179 1.184 -0.00500488 -0.0284065 -0.0205407  0.0299067 -0.00295754 3
1388105412.173967666 -0.0182713 -0.992357 1.19 -0.0200043 -0.0350808 -0.0117418  0.059808 -0.00260951 3
1388105412.274254381 -0.0226494 -0.992244 1.188 -0.134003 -0.0436558 0  -0.0199428 -0.0198396 3
1388105412.374577303 -0.0267244 -0.993322 1.183 -0.320007 -0.0406192 -0.0107494  -0.0498391 -0.0323594 3
1388105412.474858801 -0.0244962 -0.994946 1.177 -0.546005 0.0222193 -0.0161906  -0.0598316 -0.0393334 3
1388105412.575133568 -0.0140428 -0.996395 1.175 -0.710007 0.104248 -0.014459  -0.0199452 -0.0285452 3
1388105412.675419360 0.00584033 -0.999246 1.17 -0.822998 0.198265 -0.0284285  -0.0498575 -0.0196645 3
1388105412.775699583 0.0409913 -1.00267 1.168 -0.723007 0.350528 -0.0341816  -0.0199441 0.0174029 3
1388105412.875981382 0.078117 -1.00242 1.161 -0.455994 0.370213 0  -0.0698033 0.0464717 3
1388105412.972982633 0.121718 -1.002 1.155 0.0139923 0.449485 0  -0.0618549 0.0845639 3
1388105413.072951967 0.175228 -1.00162 1.164 0.412994 0.535265 0  0.0900276 0.0696604 3
1388105413.172944385 0.238666 -1.00048 1.167 0.776993 0.634436 0.0113547  0.0300023 0.0635345 3
1388105413.272986031 0.302365 -0.993324 1.165 1.05 0.636724 0.0715447  -0.0199917 0.0476294 3
1388105413.372933316 0.368823 -0.984071 1.171 1.287 0.664929 0.092581  0.0600316 0.041386 3
1388105413.473001616 0.432957 -0.97382 1.162 1.44099 0.640896 0.102434  -0.0899386 0.0268583 3
1388105413.572989725 0.494531 -0.964915 1.155 1.601 0.615813 0.0890586  -0.0700083 0.0279292 3
1388105413.672938170 0.554311 -0.956153 1.149 1.683 0.598118 0.0876661  -0.0600309 0.0143192 3
1388105413.772923561 0.615199 -0.946185 1.15 1.81799 0.608963 0.0997019  0.0100015 0.0235644 3
1388105413.872938732 0.67208 -0.935883 1.149 2.049 0.568727 0.102995  0 0.0403115 3
1388105413.972976587 0.726275 -0.926891 1.155 2.313 0.541743 0.0898868  0.0599773 0.0460606 3
1388105414.173373123 0.828395 -0.906993 1.147 3.314 0.509589 0.0992975  -0.0399208 0.0871802 3
1388105414.273647665 0.881016 -0.896715 1.146 4.821 0.524769 0.10249  0 0.262302 3
1388105414.373914151 0.938297 -0.88414 1.144 6.138 0.571292 0.125423  -0.0199468 0.229249 3
1388105414.474166782 0.996674 -0.86995 1.156 7.57201 0.582297 0.141535  0.119698 0.249651 3
1388105414.574398157 1.04723 -0.854251 1.161 8.707 0.50437 0.156627  0.0498846 0.197637 3
1388105414.674663779 1.096 -0.834135 1.156 9.802 0.486383 0.200627  -0.0498675 0.190607 3
1388105414.774934319 1.13904 -0.803325 1.159 10.572 0.429256 0.307274  0.0299191 0.134028 3
1388105414.875184554 1.18144 -0.770834 1.152 11.192 0.422969 0.324098  -0.0698253 0.107939 3
1388105414.975438782 1.22374 -0.739745 1.151 11.731 0.421934 0.310104  0 0.0938349 3
1388105415.075712531 1.26612 -0.710249 1.151 12.225 0.422637 0.294152  0 0.0859845 3
1388105415.172997654 1.30918 -0.68512 1.152 12.707 0.442658 0.258304  0.0102791 0.0864715 3
1388105415.272975352 1.35593 -0.661393 1.145 13.199 0.46761 0.237326  -0.0700156 0.0858901 3
1388105415.372963964 1.40393 -0.643541 1.137 13.736 0.479971 0.178541  -0.0800091 0.0937326 3
1388105415.473009660 1.45158 -0.627636 1.137 14.327 0.476327 0.158968  0 0.103102 3
1388105415.573000673 1.50126 -0.615354 1.125 14.836 0.496815 0.122838  -0.120011 0.0888457 3
1388105415.672938567 1.5544 -0.605058 1.108 15.338 0.531742 0.103024  -0.170106 0.0876698 3
1388105415.772938998 1.60694 -0.596744 1.105 15.763 0.525439 0.083136  -0.0299999 0.0741767 3
1388105415.872979283 1.66235 -0.594002 1.1 16.212 0.553897 0.0274077  -0.0499799 0.0783346 3
1388105415.972933174 1.71195 -0.589006 1.099 16.721 0.496164 0.0499847  -0.0100046 0.088876 3
1388105416.072977059 1.76247 -0.580984 1.095 17.262 0.504958 0.0801832  -0.0399825 0.094381 3
1388105416.172960788 1.81543 -0.575213 1.093 17.792 0.529741 0.057724  -0.0200033 0.0925173 3
1388105416.373424457 1.91993 -0.577815 1.089 19.493 0.52127 -0.0129799  -0.0199537 0.148097 3
1388105416.473712129 1.97873 -0.581206 1.102 20.745 0.586337 -0.0338107  0.129627 0.217888 3
1388105416.573986091 2.04216 -0.589366 1.108 21.748 0.632535 -0.0813775  0.0598361 0.174579 3
1388105416.674242347 2.10274 -0.591181 1.111 22.95 0.604258 -0.0181067  0.0299233 0.209252 3
1388105416.774508637 2.15912 -0.58626 1.114 23.996 0.562354 0.0490787  0.0299203 0.182078 3
1388105416.874786062 2.21233 -0.571621 1.12 25.045 0.530581 0.145986  0.059834 0.182578 3
1388105416.975057613 2.25881 -0.54693 1.123 25.89 0.463599 0.246237  0.0299188 0.147081 3
1388105417.075343997 2.30072 -0.510867 1.125 26.92 0.417843 0.359603  0.0199429 0.179255 3
1388105417.175614054 2.33898 -0.468593 1.121 27.737 0.38155 0.421605  -0.0398923 0.14221 3
1388105417.275871897 2.37249 -0.418867 1.114 28.272 0.334327 0.495975  -0.06982 0.0931356 3
1388105417.372972660 2.40276 -0.367135 1.104 28.571 0.311719 0.532769  -0.102986 0.0537428 3
1388105417.472975120 2.43071 -0.312024 1.096 28.747 0.279433 0.551099  -0.079998 0.0307161 3
1388105417.572995062 2.45772 -0.255162 1.088 28.906 0.270101 0.568505  -0.079984 0.0277473 3
1388105417.672936097 2.48604 -0.199503 1.081 29.064 0.283342 0.556921  -0.0700413 0.0275906 3
1388105417.773001426 2.51711 -0.142791 1.073 29.317 0.310447 0.566748  -0.0799478 0.044129 3
1388105417.872951364 2.54649 -0.0898868 1.071 29.761 0.294032 0.529307  -0.02001 0.0775315 3
1388105417.973013108 2.57759 -0.0418051 1.066 30.317 0.310763 0.480521  -0.0499691 0.0969804 3
1388105418.072979146 2.60519 0.00314402 1.054 30.965 0.276067 0.449644  -0.120041 0.113135 3
1388105418.172937644 2.6318 0.0454771 1.048 31.575 0.266289 0.423506  -0.0600249 0.106509 3
1388105418.272941119 2.65647 0.0876115 1.037 32.364 0.246606 0.42133  -0.109996 0.137702 3
1388105418.372955740 2.67682 0.129663 1.033 33.213 0.203538 0.420453  -0.0399942 0.148157 3
1388105418.472990450 2.69532 0.172721 1.023 33.704 0.184929 0.430429  -0.0999653 0.0856655 3
1388105418.572954858 2.71187 0.215527 1.029 34.242 0.165524 0.428217  0.0600214 0.0939338 3
1388105418.772952620 2.74349 0.289912 1.019 36.969 0.158093 0.371928  -0.0500006 0.237977 8
1388105418.972959802 2.76911 0.338014 1.042 38.741 0.128129 0.240502  0.114996 0.154631 8
1388105419.372955706 2.75912 0.367201 1.066 40.462 -0.0249941 0.0729677  0.0600006 0.0750939 4
1388105419.772984551 2.73025 0.394756 1.093 40.663 -0.0721473 0.0688825  0.0674951 0.00876916 4
1388105420.472955556 2.76922 0.370608 1.206 38.472 0.0556635 -0.0344986  0.161435 -0.0546309 4
1388105421.672949827 2.84145 0.275696 1.007 39.566 0.0601948 -0.0790936  -0.165834 0.0159116 4
