1388129793.307314200 0 0 0 -5.223 0 0  0 -0.0154266 2
1388129793.407333341 0 0 0 -5.234 0 0  0 -0.00191952 2
1388129793.507304995 0 0 0 -5.241 0 0  0 -0.00122207 2
1388129793.607282724 0 0 0 -5.253 0 0  0 -0.00209479 2
1388129793.707321705 0 0 0 -5.261 0 0  0 -0.00139578 2
1388129793.807314586 0 0 0 -5.264 0 0  0 -0.000523598 2
1388129793.907276109 0 0 0 -5.281 0 0  0 -0.00296824 2
1388129794.007350150 0 0 0 -5.293 0 0  0 -0.00209286 2
1388129794.107282752 0 0 0 -5.305 0 0  0 -0.00209574 2
1388129794.207271521 0 0 0 -5.315 0 0  0 -0.00174557 2
1388129794.307278580 0 0 0 -5.326 0 0  0 -0.00191975 2
1388129794.407324054 0 0 0 -5.339 0 0  0 -0.0022679 2
1388129794.507391106 0 0 0 -5.35 0 0  0 -0.00191852 2
1388129794.607294385 0 0 0 -5.359 0 0  0 -0.00157237 2
1388129794.707289642 0 0 0 -5.369 0 0  0 -0.00174537 2
1388129794.807292296 0 0 0 -5.38 0 0  0 -0.00191984 2
1388129794.907306699 0 0 0 -5.392 0 0  0 -0.00209411 2
1388129795.007296296 0 0 0 -5.404 0 0  0 -0.00209454 2
1388129795.107376550 0 0 0 -5.413 0 0  0 -0.00156959 2
1388129795.207272356 0 0 0 -5.424 0 0  0 -0.00192181 2
1388129795.307314616 0 0 0 -5.432 0 0  0 -0.00139574 2
1388129795.407339346 0 0 0 -5.445 0 0  0 -0.00226837 2
1388129795.507279365 0 0 0 -5.458 0 0  0 -0.00227029 2
1388129795.607257509 0 0 0 -5.465 0 0  0 -0.00122199 2
1388129795.707278119 0 0 0 -5.476 0 0  0 -0.00191941 2
1388129795.807342592 0 0 0 -5.487 0 0  0 -0.00191865 2
1388129795.907289799 0 0 0 -5.498 0 0  0 -0.0019209 2
1388129796.007277372 0 0 0 -5.504 0 0  0 -0.00104734 2
1388129796.107290367 0 0 0 -5.518 0 0  0 -0.00244313 2
1388129796.207339825 0 0 0 -5.528 0 0  0 -0.00174442 2
1388129796.307339411 0 0 0 -5.539 0 0  0 -0.0019199 2
1388129796.407321192 0 0 0 -5.549 0 0  0 -0.0017456 2
1388129796.507300528 0 0 0 -5.561 0 0  0 -0.00209484 2
1388129796.607321970 0 0 0 -5.57 0 0  0 -0.00157051 2
1388129796.707278536 0 0 0 -5.579 0 0  0 -0.00157145 2
1388129796.807323242 0 0 0 -5.583 0 0  0 -0.000697852 2
1388129796.907313190 0 0 0 -5.595 0 0  0 -0.00209454 2
1388129797.007322001 0 0 0 -5.598 0 0  0 -0.000523598 2
1388129797.207322290 0 0 0 -5.615 0 0  0 -0.0014835 2
1388129797.307318461 0 0 0 -5.635 0 0  0 -0.00349087 2
1388129797.407428606 0 0 0 -5.644 0 0  0 -0.00156904 2
1388129797.507428619 0 0 0 -5.652 0 0  0 -0.00139625 2
1388129797.607326720 0 0 0 -5.663 0 0  0 -0.00192185 2
1388129797.707313810 0 0 0 -5.683 0 0  0 -0.00349111 2
1388129797.807281132 0 0 0 -5.698 0 0  0 -0.00261883 2
1388129797.907324367 0 0 0 -5.701 0 0  0 -0.000523418 2
1388129798.007264732 0 0 0 -5.716 0 0  0 -0.00261953 2
1388129798.107312794 0 0 0 -5.731 0 0  0 -0.00261671 2
1388129798.207337590 0 0 0 -5.741 0 0  0 -0.00174494 2
1388129798.307269993 0.00234262 0.000201193 0.019 -5.75 0.0234421 0  0.190129 -0.00157183 7
1388129798.407312602 0.00828201 0.000698596 0.115 -5.759 0.0593686 0  0.959591 -0.0015701 7
1388129798.507279505 0.0173589 0.00146805 0.275 -5.77 0.0907986 0  1.60053 -0.00192053 7
1388129798.607302696 0.0276236 0.00234583 0.359 -5.774 0.102623 0  0.839805 -0.000698002 7
1388129798.707349572 0.0383122 0.00331049 0.395 -5.79 0.106836 0  0.359831 -0.00279118 7
1388129798.807321988 0.0477006 0.00413496 0.336 -5.795 0.0939098 0  -0.590163 -0.000872925 7
1388129798.907306003 0.0556563 0.00473222 0.275 -5.827 0.0795704 0  -0.610098 -0.00558596 7
1388129799.007323397 0.0633745 0.00523813 0.252 -5.775 0.0771681 0  -0.22996 0.00907414 7
1388129799.207318674 0.079229 0.00640677 0.215 -5.77 0.0792745 0  -0.185004 0.000436353 7
1388129799.407316781 0.0974862 0.00776866 0.175 -5.791 0.0912869 0  -0.200002 -0.00183261 7
1388129799.607322044 0.12056 0.00922178 0.188 -5.809 0.115367 0  0.0649983 -0.00157077 7
1388129799.807324571 0.146119 0.0107269 0.153 -5.809 0.127794 0  -0.174998 0 7
1388129799.907316055 0.160756 0.0117311 0.181 -5.838 0.146383 0.0100425  0.280024 -0.00506185 7
1388129800.007327793 0.175732 0.0127469 0.184 -5.846 0.14974 0.0101568  0.0299965 -0.00139616 7
1388129829.807440790 0.175732 0.0127469 0 11.169 0 0  0 0.00996532 2
1388129829.907327305 0.175732 0.0127469 0 11.127 0 0  0 -0.00733868 2
1388129830.007320812 0.175732 0.0127469 0 11.075 0 0  0 -0.00907631 2
1388129830.107318449 0.175732 0.0127469 0 11.036 0 0  0 -0.00680687 2
1388129830.207301761 0.175732 0.0127469 0 11.019 0 0  0 -0.00296759 2
1388129830.307332772 0.175732 0.0127469 0 10.992 0 0  0 -0.004711 2
1388129830.407312321 0.175732 0.0127469 0 10.974 0 0  0 -0.00314217 2
1388129830.507294585 0.175732 0.0127469 0 10.96 0 0  0 -0.00244388 2
1388129830.607288102 0.175732 0.0127469 0 10.949 0 0  0 -0.00191993 2
1388129830.707311850 0.175732 0.0127469 0 10.937 0 0  0 -0.00209391 2
1388129830.807284133 0.175732 0.0127469 0 10.927 0 0  0 -0.00174585 2
1388129830.907293848 0.175732 0.0127469 0 10.915 0 0  0 -0.00209421 2
1388129831.007278839 0.175732 0.0127469 0 10.904 0 0  0 -0.00192009 2
1388129831.107328151 0.175732 0.0127469 0 10.891 0 0  0 -0.00226789 2
1388129831.207292190 0.175732 0.0127469 0 10.88 0 0  0 -0.0019205 2
1388129831.307262099 0.175732 0.0127469 0 10.868 0 0  0 -0.00209504 2
1388129831.407303591 0.175732 0.0127469 0 10.858 0 0  0 -0.00174465 2
1388129831.507296264 0.175732 0.0127469 0 10.852 0 0  0 -0.0010472 2
1388129831.607302908 0.175732 0.0127469 0 10.841 0 0  0 -0.00191985 2
1388129831.707342857 0.175732 0.0127469 0 10.829 0 0  0 -0.00209341 2
1388129831.807290486 0.175732 0.0127469 0 10.817 0 0  0 -0.00209551 2
1388129831.907282394 0.175732 0.0127469 0 10.807 0 0  0 -0.00174551 2
1388129832.007309008 0.175732 0.0127469 0 10.796 0 0  0 -0.00191946 2
1388129832.107490881 0.175732 0.0127469 0 10.789 0 0  0 -0.00121951 2
1388129832.207285562 0.175732 0.0127469 0 10.774 0 0  0 -0.00262327 2
1388129832.307343958 0.175732 0.0127469 0 10.765 0 0  0 -0.00156985 2
1388129832.407279287 0.175732 0.0127469 0 10.753 0 0  0 -0.00209577 2
1388129832.507294516 0.175732 0.0127469 0 10.742 0 0  0 -0.00191968 2
1388129832.607280629 0.175732 0.0127469 0 10.728 0 0  0 -0.00244379 2
1388129832.707283215 0.175732 0.0127469 0 10.719 0 0  0 -0.00157073 2
1388129832.807299009 0.175732 0.0127469 0 10.71 0 0  0 -0.00157052 2
1388129832.907286931 0.175732 0.0127469 0 10.699 0 0  0 -0.00192004 2
1388129833.007336457 0.175732 0.0127469 0 10.69 0 0  0 -0.00157015 2
1388129833.107282621 0.175732 0.0127469 0 10.678 0 0  0 -0.00209537 2
1388129833.207309862 0.175732 0.0127469 0 10.667 0 0  0 -0.00191945 2
1388129833.307319995 0.175732 0.0127469 0 10.657 0 0  0 -0.00174519 2
1388129833.407325806 0.175732 0.0127469 0 10.642 0 0  0 -0.00261774 2
1388129833.507289698 0.175732 0.0127469 0 10.635 0 0  0 -0.00122217 2
1388129833.607298091 0.175732 0.0127469 0 10.618 0 0  0 -0.00296685 2
1388129833.707298445 0.175732 0.0127469 0 10.607 0 0  0 -0.0019198 2
1388129833.807289508 0.175732 0.0127469 0 10.595 0 0  0 -0.0020946 2
1388129833.907346163 0.175732 0.0127469 0 10.586 0 0  0 -0.00156988 2
1388129834.007293921 0.175732 0.0127469 0 10.575 0 0  0 -0.00192098 2
1388129834.107276054 0.175732 0.0127469 0 10.563 0 0  0 -0.00209478 2
1388129834.207302180 0.175732 0.0127469 0 10.55 0 0  0 -0.00226825 2
1388129834.307267957 0.175732 0.0127469 0 10.539 0 0  0 -0.00192063 2
1388129834.407304431 0.175732 0.0127469 0 10.531 0 0  0 -0.00139565 2
1388129834.507280272 0.175732 0.0127469 0 10.517 0 0  0 -0.00244404 2
1388129834.607320995 0.175732 0.0127469 0 10.504 0 0  0 -0.00226809 2
1388129834.707295858 0.175732 0.0127469 0 10.491 0 0  0 -0.00226942 2
1388129834.807313888 0.175732 0.0127469 0 10.48 0 0  0 -0.00191963 2
1388129834.907323395 0.175732 0.0127469 0 10.473 0 0  0 -0.00122161 2
1388129835.007303492 0.175732 0.0127469 0 10.458 0 0  0 -0.00261841 2
1388129835.107302520 0.175732 0.0127469 0 10.447 0 0  0 -0.00191999 2
1388129835.207316433 0.175732 0.0127469 0 10.434 0 0  0 -0.00226853 2
1388129835.307279626 0.175732 0.0127469 0 10.423 0 0  0 -0.00192051 2
1388129835.407289342 0.175732 0.0127469 0 10.411 0 0  0 -0.00209421 2
1388129835.507282506 0.175732 0.0127469 0 10.4 0 0  0 -0.0019201 2
1388129835.607281464 0.175732 0.0127469 0 10.389 0 0  0 -0.00191983 2
1388129835.707309132 0.175732 0.0127469 0 10.379 0 0  0 -0.00174489 2
1388129835.807261992 0.175732 0.0127469 0 10.365 0 0  0 -0.0024446 2
1388129835.907269056 0.175732 0.0127469 0 10.354 0 0  0 -0.00191967 2
1388129836.007296226 0.175732 0.0127469 0 10.347 0 0  0 -0.00122139 2
1388129836.107277864 0.175732 0.0127469 0 10.335 0 0  0 -0.00209479 2
1388129836.207269282 0.175732 0.0127469 0 10.323 0 0  0 -0.00209459 2
1388129836.307300162 0.175732 0.0127469 0 10.313 0 0  0 -0.00174483 2
1388129836.407305965 0.175732 0.0127469 0 10.304 0 0  0 -0.00157067 2
1388129836.507316448 0.175732 0.0127469 0 10.296 0 0  0 -0.00139618 2
1388129836.607271062 0.175732 0.0127469 0 10.283 0 0  0 -0.00226988 2
1388129836.707263734 0.175732 0.0127469 0 10.27 0 0  0 -0.00226901 2
1388129836.807287976 0.175732 0.0127469 0 10.261 0 0  0 -0.00157055 2
1388129836.907320670 0.175732 0.0127469 0 10.251 0 0  0 -0.00174463 2
1388129837.007321508 0.175732 0.0127469 0 10.238 0 0  0 -0.00226899 2
1388129837.107274865 0.175732 0.0127469 0 10.224 0 0  0 -0.00244459 2
1388129837.207309511 0.175732 0.0127469 0 10.211 0 0  0 -0.00226806 2
1388129837.307341440 0.175732 0.0127469 0 10.203 0 0  0 -0.00139588 2
1388129837.407427900 0.175732 0.0127469 0 10.202 0 0  0 -0.000174453 2
1388129837.907275963 0.175732 0.0127469 0 10.151 0 0  0 -0.00178076 2
1388129838.007265781 0.175732 0.0127469 0 10.117 0 0  0 -0.00593479 2
1388129838.107291347 0.175732 0.0127469 0 10.106 0 0  0 -0.00191932 2
1388129838.207354421 0.175732 0.0127469 0 10.094 0 0  0 -0.00209309 2
1388129838.307299250 0.175732 0.0127469 0 10.083 0 0  0 -0.00192087 2
1388129838.407279075 0.175732 0.0127469 0 10.072 0 0  0 -0.00192036 2
1388129838.507289420 0.175732 0.0127469 0 10.062 0 0  0 -0.00174502 2
1388129838.607280698 0.175732 0.0127469 0 10.052 0 0  0 -0.00174552 2
1388129838.707281612 0.175732 0.0127469 0 10.043 0 0  0 -0.00157075 2
1388129838.807295305 0.175732 0.0127469 0 10.031 0 0  0 -0.00209412 2
1388129838.907289168 0.175732 0.0127469 0 10.018 0 0  0 -0.00226915 2
1388129839.007308594 0.175732 0.0127469 0 10.008 0 0  0 -0.00174486 2
1388129839.107295053 0.175732 0.0127469 0 9.998 0 0  0 -0.00174561 2
1388129839.207292121 0.175732 0.0127469 0 9.986 0 0  0 -0.00209447 2
1388129839.307350166 0.175732 0.0127469 0 9.977 0 0  0 -0.00156985 2
1388129839.407341025 0.175732 0.0127469 0 9.962 0 0  0 -0.00261829 2
1388129839.507318544 0.175732 0.0127469 0 9.951 0 0  0 -0.00192024 2
1388129839.607283980 0.175732 0.0127469 0 9.938 0 0  0 -0.0022698 2
1388129839.707321006 0.175732 0.0127469 0 9.927 0 0  0 -0.0019191 2
1388129839.807272401 0.175732 0.0127469 0 9.918 0 0  0 -0.00157153 2
1388129839.907323185 0.175732 0.0127469 0 9.908 0 0  0 -0.00174448 2
1388129840.007261798 0.175732 0.0127469 0 9.895 0 0  0 -0.00227024 2
1388129840.107277315 0.175732 0.0127469 0 9.884 0 0  0 -0.00191967 2
1388129840.207290380 0.175732 0.0127469 0 9.871 0 0  0 -0.00226855 2
1388129840.307270059 0.175732 0.0127469 0 9.858 0 0  0 -0.00226947 2
1388129840.407302265 0.175732 0.0127469 0 9.846 0 0  0 -0.00209374 2
1388129840.507296614 0.175732 0.0127469 0 9.836 0 0  0 -0.0017453 2
1388129840.607305490 0.175732 0.0127469 0 9.823 0 0  0 -0.00226881 2
1388129840.707321070 0.175732 0.0127469 0 9.809 0 0  0 -0.00244307 2
1388129840.807277291 0.175732 0.0127469 0 9.797 0 0  0 -0.00209533 2
1388129840.907294615 0.175732 0.0127469 0 9.786 0 0  0 -0.00191947 2
1388129841.007288621 0.175732 0.0127469 0 9.774 0 0  0 -0.00209454 2
1388129841.107304198 0.175732 0.0127469 0 9.763 0 0  0 -0.00191967 2
1388129841.207314266 0.175732 0.0127469 0 9.751 0 0  0 -0.00209403 2
1388129841.307287451 0.175732 0.0127469 0 9.74 0 0  0 -0.00192049 2
1388129841.407279149 0.175732 0.0127469 0 9.731 0 0  0 -0.0015709 2
1388129841.507283486 0.175732 0.0127469 0 9.717 0 0  0 -0.00244334 2
1388129841.607295715 0.175732 0.0127469 0 9.707 0 0  0 -0.00174516 2
1388129841.707289364 0.175732 0.0127469 0 9.696 0 0  0 -0.00191993 2
1388129841.807272473 0.175732 0.0127469 0 9.692 0 0  0 -0.000698199 2
1388129841.907280022 0.175732 0.0127469 0 9.683 0 0  0 -0.00157081 2
1388129842.007254257 0.175732 0.0127469 0 9.659 0 0  0 -0.00418973 2
1388129842.107339466 0.175732 0.0127469 0 9.647 0 0  0 -0.00209263 2
1388129842.207281714 0.175732 0.0127469 0 9.633 0 0  0 -0.00244486 2
1388129842.307356804 0.175732 0.0127469 0 9.62 0 0  0 -0.00226731 2
1388129842.407289138 0.175732 0.0127469 0 9.609 0 0  0 -0.00192111 2
1388129842.507348086 0.175732 0.0127469 0 9.591 0 0  0 -0.00313985 2
1388129842.607360459 0.175732 0.0127469 0 9.577 0 0  0 -0.00244315 2
1388129842.707335810 0.175732 0.0127469 0 9.566 0 0  0 -0.00192028 2
1388129842.807291607 0.175732 0.0127469 0 9.555 0 0  0 -0.00192066 2
1388129842.907255295 0.175732 0.0127469 0 9.543 0 0  0 -0.00209517 2
1388129843.007279889 0.175732 0.0127469 0 9.532 0 0  0 -0.0019195 2
1388129843.107285059 0.175732 0.0127469 0 9.519 0 0  0 -0.00226873 2
1388129843.207322018 0.175732 0.0127469 0 9.509 0 0  0 -0.00174472 2
1388129843.307299742 0.175732 0.0127469 0 9.496 0 0  0 -0.00226935 2
1388129843.407280192 0.175732 0.0127469 0 9.486 0 0  0 -0.00174571 2
1388129843.507338242 0.175732 0.0127469 0 9.474 0 0  0 -0.00209319 2
1388129843.607343907 0.175732 0.0127469 0 9.462 0 0  0 -0.00209429 2
1388129843.707278258 0.175732 0.0127469 0 9.453 0 0  0 -0.0015718 2
