0.200539 0.118012 1.196 0.999999
0.213945 0.115711 1.19497 1.1
0.233212 0.115505 1.19395 1.2
0.257289 0.117258 1.19294 1.3
0.285323 0.120882 1.19193 1.4
0.316595 0.126345 1.19093 1.5
0.350487 0.133648 1.18994 1.6
0.386468 0.142813 1.18896 1.7
0.424071 0.153867 1.18798 1.8
0.462889 0.166842 1.18701 1.9
0.502561 0.181763 1.18604 2
0.542765 0.198652 1.18508 2.1
0.583215 0.217521 1.18412 2.2
0.62365 0.238373 1.18316 2.3
0.663837 0.261204 1.18221 2.4
0.70356 0.285998 1.18126 2.5
0.742624 0.312731 1.1803 2.6
0.780849 0.34137 1.17935 2.7
0.818069 0.371873 1.17841 2.8
0.854132 0.404189 1.17746 2.9
0.888895 0.438262 1.17651 3
0.897538 0.443515 1.17521 3.1
0.909824 0.454363 1.17383 3.2
0.925141 0.46982 1.17242 3.3
0.943043 0.489074 1.17101 3.4
0.963153 0.51147 1.16961 3.5
0.985143 0.536475 1.16823 3.6
1.00873 0.56365 1.16688 3.7
1.03367 0.592637 1.16556 3.8
1.05976 0.623133 1.16427 3.9
1.08681 0.65489 1.16301 4
1.11468 0.687699 1.16178 4.1
1.14325 0.721385 1.16057 4.2
1.17241 0.755802 1.15939 4.3
1.20207 0.790828 1.15823 4.4
1.23214 0.826361 1.15709 4.5
1.26258 0.862317 1.15597 4.6
1.29333 0.898622 1.15487 4.7
1.32433 0.935219 1.15378 4.8
1.35556 0.972056 1.15271 4.9
1.38698 1.00909 1.15165 5
1.41856 1.0463 1.1506 5.1
1.45027 1.08363 1.14957 5.2
1.48211 1.12108 1.14854 5.3
1.51405 1.15863 1.14753 5.4
1.54608 1.19624 1.14652 5.5
1.57818 1.23392 1.14552 5.6
1.61035 1.27165 1.14453 5.7
1.64257 1.30942 1.14355 5.8
1.67485 1.34722 1.14257 5.9
1.70717 1.38504 1.1416 6
1.73953 1.42289 1.14064 6.1
1.77192 1.46075 1.13968 6.2
1.80434 1.49862 1.13872 6.3
1.83679 1.5365 1.13777 6.4
1.86926 1.57438 1.13682 6.5
1.90175 1.61227 1.13588 6.6
1.93426 1.65017 1.13494 6.7
1.96679 1.68806 1.13401 6.8
1.99933 1.72595 1.13308 6.9
2.03189 1.76384 1.13215 7
2.06445 1.80173 1.13123 7.1
2.09703 1.83962 1.13031 7.2
2.12963 1.87751 1.12939 7.3
2.16223 1.91539 1.12847 7.4
2.19484 1.95327 1.12756 7.5
2.22745 1.99115 1.12664 7.6
2.26008 2.02902 1.12573 7.7
2.29271 2.06689 1.12483 7.8
2.32535 2.10475 1.12392 7.9
2.358 2.14261 1.12302 8
2.39065 2.18047 1.12211 8.1
2.42331 2.21833 1.12121 8.2
2.45597 2.25618 1.12031 8.3
2.48864 2.29403 1.11942 8.4
2.52131 2.33187 1.11852 8.5
2.55398 2.36971 1.11762 8.6
2.58667 2.40755 1.11673 8.7
2.61935 2.44539 1.11584 8.8
2.65204 2.48322 1.11495 8.9
2.68473 2.52105 1.11406 9
2.71742 2.55888 1.11317 9.1
2.75012 2.5967 1.11228 9.2
2.78282 2.63453 1.11139 9.3
2.81553 2.67235 1.1105 9.4
2.84823 2.71017 1.10961 9.5
2.85613 2.71576 1.10904 9.6
2.86735 2.72716 1.10862 9.7
2.88154 2.74321 1.10831 9.8
2.89852 2.7629 1.10806 9.9
2.91821 2.78537 1.10785 10
2.94052 2.80982 1.10768 10.1
2.9654 2.8356 1.10753 10.2
2.99277 2.86211 1.10739 10.3
3.02254 2.88886 1.10726 10.4
3.05461 2.9154 1.10714 10.5
3.08886 2.94135 1.10701 10.6
3.12516 2.9664 1.10689 10.7
3.16338 2.99026 1.10677 10.8
3.20336 3.01269 1.10664 10.9
3.24496 3.03351 1.10652 11
3.28802 3.05252 1.10639 11.1
3.3324 3.06959 1.10626 11.2
3.37793 3.0846 1.10612 11.3
3.42446 3.09744 1.10598 11.4
3.47184 3.10804 1.10584 11.5
3.51992 3.11632 1.1057 11.6
3.56854 3.12223 1.10555 11.7
3.61756 3.12573 1.1054 11.8
3.66683 3.12679 1.10525 11.9
3.7162 3.1254 1.10509 12
3.76555 3.12153 1.10494 12.1
3.81471 3.11519 1.10478 12.2
3.82659 3.10587 1.10312 12.3
3.84401 3.09564 1.10128 12.4
3.86629 3.08485 1.09935 12.5
3.89274 3.07379 1.09736 12.6
3.92275 3.0626 1.09537 12.7
3.95577 3.05137 1.0934 12.8
3.99132 3.04011 1.09145 12.9
4.02898 3.02884 1.08953 13
4.06842 3.01755 1.08766 13.1
4.10934 3.00622 1.08582 13.2
4.1515 2.99483 1.08403 13.3
4.1947 2.98339 1.08227 13.4
4.23876 2.97189 1.08054 13.5
4.28354 2.9603 1.07885 13.6
4.32893 2.94864 1.0772 13.7
4.37481 2.9369 1.07557 13.8
4.42111 2.92508 1.07396 13.9
4.46776 2.91317 1.07239 14
4.5147 2.90119 1.07083 14.1
4.56187 2.88913 1.0693 14.2
4.60925 2.87699 1.06779 14.3
4.65678 2.86478 1.06629 14.4
4.70445 2.8525 1.06481 14.5
4.75224 2.84016 1.06335 14.6
4.80011 2.82775 1.0619 14.7
4.84806 2.81528 1.06047 14.8
4.89607 2.80275 1.05905 14.9
4.94413 2.79017 1.05764 15
4.99223 2.77753 1.05624 15.1
5.04036 2.76485 1.05485 15.2
5.08851 2.75212 1.05348 15.3
5.13669 2.73934 1.05211 15.4
5.18488 2.72652 1.05075 15.5
5.23308 2.71367 1.0494 15.6
5.28129 2.70077 1.04805 15.7
5.32951 2.68784 1.04671 15.8
5.37773 2.67487 1.04538 15.9
5.42595 2.66187 1.04406 16
5.47418 2.64885 1.04274 16.1
5.5224 2.63579 1.04143 16.2
5.57062 2.6227 1.04012 16.3
5.61885 2.60959 1.03882 16.4
5.66707 2.59645 1.03752 16.5
5.71528 2.58329 1.03623 16.6
5.7635 2.57011 1.03494 16.7
5.81171 2.5569 1.03365 16.8
5.85991 2.54368 1.03237 16.9
5.90812 2.53043 1.03109 17
5.95632 2.51717 1.02982 17.1
6.00451 2.50389 1.02854 17.2
6.05271 2.49059 1.02728 17.3
6.1009 2.47728 1.02601 17.4
6.14908 2.46395 1.02475 17.5
6.19727 2.4506 1.02349 17.6
6.24545 2.43724 1.02223 17.7
6.29362 2.42387 1.02097 17.8
6.3418 2.41049 1.01972 17.9
6.38997 2.39709 1.01846 18
6.43813 2.38369 1.01721 18.1
6.4863 2.37027 1.01596 18.2
6.53446 2.35684 1.01472 18.3
6.58262 2.3434 1.01347 18.4
6.63078 2.32995 1.01223 18.5
6.67893 2.3165 1.01098 18.6
6.72708 2.30303 1.00974 18.7
6.77523 2.28956 1.0085 18.8
6.82338 2.27607 1.00726 18.9
6.87153 2.26258 1.00603 19
6.91967 2.24909 1.00479 19.1
6.96781 2.23559 1.00355 19.2
7.01595 2.22208 1.00232 19.3
7.06409 2.20856 1.00109 19.4
7.11223 2.19504 0.999853 19.5
7.16036 2.18151 0.998621 19.6
7.2085 2.16798 0.99739 19.7
7.25663 2.15444 0.996159 19.8
7.30476 2.1409 0.994929 19.9
7.35289 2.12735 0.9937 20
7.40102 2.1138 0.992471 20.1
7.44915 2.10024 0.991243 20.2
7.49727 2.08668 0.990015 20.3
7.5454 2.07312 0.988788 20.4
7.59352 2.05955 0.987561 20.5
7.64164 2.04598 0.986335 20.6
7.68977 2.03241 0.985109 20.7
7.73789 2.01883 0.983883 20.8
7.78601 2.00525 0.982658 20.9
7.83413 1.99166 0.981434 21
7.88225 1.97808 0.980209 21.1
7.93036 1.96449 0.978985 21.2
7.97848 1.9509 0.977762 21.3
8.0266 1.9373 0.976538 21.4
8.07471 1.92371 0.975315 21.5
8.12283 1.91011 0.974092 21.6
8.17094 1.89651 0.97287 21.7
8.21906 1.88291 0.971647 21.8
8.26717 1.8693 0.970425 21.9
8.31529 1.8557 0.969203 22
8.3634 1.84209 0.967981 22.1
8.41151 1.82848 0.96676 22.2
8.45962 1.81487 0.965538 22.3
8.50773 1.80126 0.964317 22.4
8.55584 1.78764 0.963096 22.5
8.60395 1.77403 0.961875 22.6
8.65207 1.76041 0.960654 22.7
8.70017 1.74679 0.959433 22.8
8.74828 1.73318 0.958213 22.9
8.79639 1.71956 0.956992 23
8.8445 1.70593 0.955772 23.1
8.89261 1.69231 0.954552 23.2
8.94072 1.67869 0.953332 23.3
8.98883 1.66507 0.952112 23.4
9.03694 1.65144 0.950892 23.5
9.08504 1.63781 0.949672 23.6
9.13315 1.62419 0.948452 23.7
9.18126 1.61056 0.947232 23.8
9.22936 1.59693 0.946013 23.9
9.27747 1.5833 0.944793 24
9.32558 1.56967 0.943573 24.1
9.37368 1.55604 0.942354 24.2
9.42179 1.54241 0.941135 24.3
9.4699 1.52878 0.939915 24.4
9.518 1.51515 0.938696 24.5
9.56611 1.50152 0.937477 24.6
9.61421 1.48789 0.936257 24.7
9.66232 1.47425 0.935038 24.8
9.71042 1.46062 0.933819 24.9
9.75853 1.44698 0.9326 25
9.80663 1.43335 0.931381 25.1
9.85474 1.41971 0.930162 25.2
9.90284 1.40608 0.928943 25.3
9.95095 1.39244 0.927724 25.4
9.99905 1.37881 0.926505 25.5
10.0472 1.36517 0.925286 25.6
10.0953 1.35153 0.924067 25.7
10.1434 1.3379 0.922848 25.8
10.1915 1.32426 0.92163 25.9
10.2396 1.31062 0.920411 26
10.2877 1.29698 0.919192 26.1
10.3358 1.28335 0.917973 26.2
10.3839 1.26971 0.916754 26.3
10.432 1.25607 0.915536 26.4
10.4801 1.24243 0.914317 26.5
10.5282 1.22879 0.913098 26.6
10.5763 1.21515 0.91188 26.7
10.6244 1.20151 0.910661 26.8
10.6725 1.18787 0.909442 26.9
10.7206 1.17423 0.908224 27
10.7687 1.16059 0.907005 27.1
10.8168 1.14695 0.905786 27.2
10.8649 1.13331 0.904568 27.3
10.913 1.11967 0.903349 27.4
10.9611 1.10603 0.90213 27.5
11.0092 1.09239 0.900912 27.6
11.0573 1.07875 0.899693 27.7
11.1054 1.06511 0.898475 27.8
11.1535 1.05147 0.897256 27.9
11.2016 1.03783 0.896038 28
11.2498 1.02419 0.894819 28.1
11.2979 1.01055 0.8936 28.2
11.346 0.996904 0.892382 28.3
11.3941 0.983262 0.891163 28.4
11.4422 0.969621 0.889945 28.5
11.4903 0.955979 0.888726 28.6
11.5384 0.942338 0.887508 28.7
11.5865 0.928696 0.886289 28.8
11.6346 0.915054 0.885071 28.9
11.6827 0.901412 0.883852 29
11.7308 0.88777 0.882634 29.1
11.7789 0.874128 0.881415 29.2
11.827 0.860486 0.880197 29.3
11.8751 0.846844 0.878978 29.4
11.9232 0.833202 0.87776 29.5
11.9713 0.819559 0.876541 29.6
12.0194 0.805917 0.875323 29.7
12.0675 0.792275 0.874104 29.8
12.1156 0.778632 0.872886 29.9
12.1637 0.76499 0.871667 30
12.2118 0.751347 0.870449 30.1
12.2599 0.737705 0.86923 30.2
12.308 0.724062 0.868012 30.3
12.3561 0.71042 0.866793 30.4
12.4042 0.696777 0.865575 30.5
12.4523 0.683135 0.864356 30.6
12.5004 0.669492 0.863138 30.7
12.5485 0.655849 0.86192 30.8
12.5966 0.642207 0.860701 30.9
12.6447 0.628564 0.859483 31
12.6928 0.614921 0.858264 31.1
12.7409 0.601278 0.857046 31.2
12.789 0.587635 0.855827 31.3
12.8371 0.573993 0.854609 31.4
12.8852 0.56035 0.85339 31.5
12.9334 0.546707 0.852172 31.6
12.9815 0.533064 0.850953 31.7
13.0296 0.519421 0.849735 31.8
13.0777 0.505778 0.848516 31.9
13.1258 0.492135 0.847298 32
13.1739 0.478492 0.846079 32.1
13.222 0.464849 0.844861 32.2
13.2701 0.451206 0.843643 32.3
13.3182 0.437563 0.842424 32.4
13.3663 0.42392 0.841206 32.5
13.4144 0.410277 0.839987 32.6
13.4625 0.396634 0.838769 32.7
13.5106 0.382991 0.83755 32.8
13.5587 0.369348 0.836332 32.9
13.6068 0.355705 0.835113 33
13.6549 0.342062 0.833895 33.1
13.703 0.328419 0.832677 33.2
13.7511 0.314776 0.831458 33.3
13.7992 0.301133 0.83024 33.4
13.8473 0.28749 0.829021 33.5
13.8954 0.273846 0.827803 33.6
13.9435 0.260203 0.826584 33.7
13.9916 0.24656 0.825366 33.8
14.0397 0.232917 0.824147 33.9
14.0878 0.219274 0.822929 34
14.1359 0.205631 0.82171 34.1
14.184 0.191988 0.820492 34.2
14.2321 0.178344 0.819274 34.3
14.2802 0.164701 0.818055 34.4
14.3283 0.151058 0.816837 34.5
14.3764 0.137415 0.815618 34.6
14.4245 0.123772 0.8144 34.7
14.4726 0.110128 0.813181 34.8
14.5207 0.0964853 0.811963 34.9
14.5688 0.0828421 0.810744 35
14.6169 0.0691989 0.809526 35.1
14.6289 0.0593447 0.808969 35.2
14.6464 0.0483914 0.808567 35.3
14.669 0.0370199 0.80827 35.4
14.6959 0.0258132 0.808046 35.5
14.7265 0.0152375 0.80787 35.6
14.7604 0.00565856 0.807729 35.7
14.7971 -0.00263703 0.807612 35.8
14.836 -0.00942354 0.80751 35.9
14.877 -0.0145219 0.807419 36
