1387950596.405488079 -0.141628 0.45122 1.298 -164.83 -0.0239789 0.0763958  0.219764 -0.487074 7
1387950596.505479214 -0.14181 0.455809 1.271 -164.843 -0.00182461 0.0459022  -0.270024 -0.00226921 7
1387950596.605478958 -0.140707 0.460258 1.254 -164.89 0.0110329 0.044482  -0.17 -0.00820256 7
1387950596.705475149 -0.139772 0.464297 1.236 -164.983 0.00934733 0.0403976  -0.180007 -0.0162326 7
1387950596.805470134 -0.137722 0.467818 1.225 -165.038 0.020503 0.0352071  -0.110006 -0.00959851 7
1387950596.905491269 -0.136305 0.470428 1.219 -165.107 0.0141665 0.0261009  -0.0599873 -0.0120403 7
1387950597.005482207 -0.134735 0.472896 1.22 -165.115 0.0157044 0.0246819  0.0100009 -0.00139829 7
1387950597.105463525 -0.133296 0.474363 1.222 -165.071 0.0143926 0.014667  0.0200037 0.00768199 7
1387950597.205479131 -0.131451 0.475032 1.223 -165.028 0.0184457 0.00669631  0.00999844 0.00750362 7
1387950597.305485043 -0.13067 0.47609 1.224 -164.979 0.00781089 0.0105756  0.00999941 0.0085509 7
1387950597.405479882 -0.129777 0.476706 1.225 -164.935 0.00892794 0.00615971  0.0100005 0.00768095 7
1387950597.505490651 -0.128517 0.477253 1.227 -164.941 0.0126019 0.00546657  0.0199978 -0.00104651 7
1387950597.605482199 -0.127619 0.477595 1.222 -164.876 0.00897412 0.00342717  -0.0500042 0.0113434 7
1387950597.705480066 -0.12557 0.478554 1.224 -164.841 0.020497 0.00958856  0.0200004 0.00610942 7
1387950597.805479506 -0.124313 0.478982 1.222 -164.808 0.0125674 0.00428124  -0.0200001 0.00576045 4
1387950597.905521484 -0.123089 0.480888 1.22 -164.774 0.0122321 0.019045  -0.0199916 0.00593103 4
1387950598.005476849 -0.12148 0.481675 1.216 -164.757 0.0160991 0.00787273  -0.0400179 0.00296809 4
1387950598.105491147 -0.119592 0.482281 1.217 -164.743 0.0188734 0.00606747  0.00999857 0.00244443 4
1387950598.205465835 -0.118154 0.483406 1.216 -164.8 0.0143852 0.011251  -0.0100025 -0.00995209 4
1387950598.305483522 -0.115896 0.484867 1.215 -164.783 0.0225767 0.0146069  -0.00999823 0.00296624 4
1387950598.405479140 -0.113173 0.486337 1.214 -164.821 0.0272287 0.0146982  -0.0100004 -0.00663156 4
1387950598.505533520 0.232907 -0.439534 1.213 0.00900269 -0.0365635 0.00202586  -0.00999456 28.7526 4
1387950598.605546354 0.229439 -0.440032 1.211 0.0180054 -0.0346758 -0.00497875  -0.0199974 0.00157106 4
1387950598.705537476 0.226165 -0.439447 1.21 0.0279999 -0.0327439 0.00585427  -0.0100009 0.00174453 4
1387950598.805532437 0.222609 -0.438677 1.204 0.0189972 -0.0355607 0.00769609  -0.060003 -0.00157134 4
1387950598.905531307 0.219542 -0.438673 1.205 -0.00100708 -0.0306694 4.57833e-05  0.0100001 -0.00349144 4
1387950599.005563846 0.216814 -0.437723 1.2 0.0110016 -0.0272754 0.00949668  -0.0499837 0.00209523 4
1387950599.105531543 0.214022 -0.436716 1.194 -0.0209961 -0.0279278 0.010073  -0.0600194 -0.00558645 4
1387950599.205561917 0.211351 -0.435344 1.189 0.00300598 -0.0267046 0.0137091  -0.0499848 0.00418788 4
1387950599.305537615 0.209313 -0.434372 1.188 -0.0610046 -0.0203751 0.00972742  -0.0100024 -0.0111747 4
1387950599.405537593 0.207648 -0.432384 1.188 -0.0500031 -0.0166544 0.0198791  0 0.00192014 4
1387950599.505535282 0.205691 -0.430454 1.186 -0.0240021 -0.0195716 0.0193016  -0.0200005 0.00453813 4
1387950599.605501830 0.203168 -0.42746 1.183 -0.0749969 -0.0252382 0.0299525  -0.03001 -0.00890326 4
1387950599.705535763 0.200553 -0.424972 1.18 -0.0370026 -0.0261402 0.0248692  -0.0299898 0.00662902 4
1387950599.905884213 0.194051 -0.419624 1.175 0.0339966 -0.0324556 0.0266945  -0.0249565 0.00618507 3
1387950600.006201745 0.19192 -0.4175 1.172 0.0240021 -0.0212413 0.0211684  -0.029905 -0.00173885 3
1387950600.106499165 0.189603 -0.41498 1.169 -0.0019989 -0.0230958 0.0251278  -0.029911 -0.00452457 3
1387950600.206780091 0.187151 -0.411583 1.168 -0.233994 -0.0244583 0.0338757  -0.00997199 -0.0403773 3
1387950600.307042198 0.187147 -0.407894 1.163 -0.712997 -3.5677e-05 0.0367901  -0.0498693 -0.0833834 3
1387950600.407299835 0.191811 -0.403469 1.161 -1.327 0.046523 0.044138  -0.0199486 -0.106888 3
1387950600.507576757 0.205272 -0.399215 1.157 -1.935 0.134234 0.0424245  -0.0398895 -0.105823 3
1387950600.607847310 0.22878 -0.396602 1.158 -2.565 0.234445 0.0260566  0.00997302 -0.10966 3
1387950600.708098014 0.271203 -0.394474 1.164 -3.006 0.423168 0.0212299  0.05985 -0.0767755 3
1387950600.808359496 0.323381 -0.394346 1.163 -3.271 0.520421 0.00127467  -0.00997392 -0.0461305 3
1387950600.908634135 0.387844 -0.394586 1.17 -3.19301 0.642866 -0.0023951  0.0698083 0.0135741 3
1387950601.008901857 0.457261 -0.396941 1.171 -2.66901 0.692313 -0.0234877  0.0099733 0.0912114 3
1387950601.109266654 0.522025 -0.400491 1.177 -1.336 0.645292 -0.0353683  0.0597819 0.231808 3
1387950601.209530204 0.585681 -0.402919 1.183 0.464005 0.634887 -0.0242138  0.0598423 0.313334 3
1387950601.309800511 0.639088 -0.401078 1.187 2.433 0.532623 0.01836  0.0398922 0.342728 3
1387950601.410052005 0.689147 -0.395917 1.19 4.23199 0.499341 0.0514803  0.0299247 0.313196 3
1387950601.510306798 0.732085 -0.388263 1.191 5.83701 0.428283 0.0763456  0.00997459 0.279415 3
1387950601.610573071 0.773083 -0.377899 1.189 7.188 0.408895 0.10336  -0.0199469 0.235167 3
1387950601.710848777 0.813725 -0.365171 1.19 8.37599 0.405301 0.12693  0.00997251 0.206773 3
1387950601.811112193 0.851586 -0.348661 1.187 9.45799 0.377618 0.164668  -0.0299212 0.188349 3
1387950601.911374428 0.872615 -0.333216 1.175 10.499 0.209737 0.154042  -0.119686 0.181214 3
1387950602.011632856 0.895485 -0.315854 1.176 11.467 0.228109 0.173173  0.00997422 0.168513 3
1387950602.111884449 0.928278 -0.297139 1.182 12.276 0.327105 0.186685  0.0598494 0.140844 3
1387950602.212139147 0.979202 -0.275033 1.171 12.989 0.50795 0.220502  -0.109721 0.124125 3
1387950602.312413116 1.03672 -0.252077 1.16 13.597 0.57363 0.228933  -0.109699 0.105826 3
1387950602.412674556 1.08738 -0.230625 1.148 14.17 0.505239 0.213952  -0.119687 0.0997462 3
1387950602.512923859 1.13296 -0.207124 1.145 14.663 0.454718 0.234431  -0.0299254 0.0858301 3
1387950602.613176359 1.20231 -0.177798 1.141 15.177 0.691683 0.292515  -0.0398993 0.0894853 3
1387950602.713430299 1.26511 -0.148435 1.127 15.583 0.626475 0.292886  -0.139645 0.0706792 3
1387950602.813672964 1.32628 -0.116368 1.117 15.815 0.610198 0.319896  -0.0997579 0.0403953 3
1387950602.913956353 1.37666 -0.0812083 1.116 15.979 0.502324 0.350606  -0.00997174 0.0285428 3
1387950603.014223129 1.42867 -0.0451114 1.114 16.009 0.518727 0.360009  -0.0199468 0.00522184 3
1387950603.116147483 1.47205 -0.0147914 1.121 15.895 0.425597 0.297476  0.0686784 -0.0195208 3
1387950603.216411764 1.52223 0.014936 1.116 15.766 0.500486 0.296491  -0.0498682 -0.022455 3
1387950603.316664521 1.57303 0.0418243 1.108 15.526 0.506766 0.268205  -0.0797983 -0.0417833 3
1387950603.416914929 1.62659 0.065012 1.102 15.26 0.534227 0.231298  -0.0598501 -0.0463109 3
1387950603.517164180 1.67837 0.0856572 1.103 15.111 0.516587 0.205939  0.00997514 -0.0259411 3
1387950603.617415952 1.73162 0.103938 1.104 14.819 0.531088 0.182353  0.00997489 -0.0508343 3
1387950603.717660304 1.78233 0.120573 1.102 14.659 0.505851 0.165936  -0.0199512 -0.0278578 3
1387950603.817907021 1.82654 0.135764 1.103 14.579 0.441072 0.151537  0.00997539 -0.0139286 3
1387950603.918158410 1.87607 0.15043 1.103 14.517 0.49402 0.146294  0 -0.0107933 3
1387950604.018407614 1.92045 0.164531 1.103 14.452 0.442755 0.140656  0 -0.0113169 3
1387950604.118675867 1.96362 0.1794 1.104 14.393 0.43049 0.148298  0.00997325 -0.0102682 3
1387950604.218923096 2.00759 0.194765 1.103 14.359 0.438644 0.153268  -0.00997534 -0.00592155 3
1387950604.319182366 2.05291 0.210539 1.094 14.331 0.452013 0.157332  -0.0897673 -0.00487426 3
1387950604.419436997 2.09953 0.228128 1.092 14.301 0.464993 0.175446  -0.0199492 -0.00522248 3
1387950604.519689213 2.15006 0.245349 1.09 14.22 0.504028 0.171775  -0.0199497 -0.0141005 3
1387950604.619943899 2.2164 0.26424 1.086 14.155 0.661758 0.188434  -0.0398984 -0.0113162 3
1387950604.720205926 2.283 0.283266 1.08 14.121 0.664229 0.189756  -0.0598432 -0.00591802 3
1387950604.820455225 2.34562 0.30116 1.08 14.146 0.624647 0.178498  0 0.00435141 3
1387950604.920706177 2.39942 0.316539 1.077 14.23 0.53663 0.153404  -0.0299249 0.014624 3
1387950605.020963650 2.4501 0.330648 1.078 14.408 0.505496 0.140733  0.00997432 0.0309886 3
1387950605.121216901 2.49285 0.341268 1.075 14.645 0.42642 0.105929  -0.0299242 0.0412597 3
1387950605.221464894 2.53526 0.352377 1.072 14.828 0.423117 0.110817  -0.0299258 0.0318603 3
1387950605.321732771 2.57674 0.361824 1.069 15.045 0.413644 0.0942114  -0.0299199 0.0377716 3
1387950605.421981193 2.61775 0.371276 1.067 15.278 0.409082 0.0942926  -0.0199504 0.0405657 3
1387950605.522232446 2.65958 0.380835 1.064 15.454 0.417247 0.0953464  -0.0299248 0.0306399 3
1387950605.622494853 2.70224 0.39159 1.062 15.722 0.425488 0.107265  -0.0199477 0.0466533 3
1387950605.722748499 2.74487 0.401864 1.063 15.937 0.425257 0.102486  0.0099747 0.037429 3
1387950605.823006996 2.79884 0.415656 1.059 16.179 0.538334 0.137557  -0.0398969 0.0421288 3
1387950605.923259137 2.84891 0.429276 1.06 16.384 0.499415 0.135867  0.00997485 0.0356896 3
1387950606.023509880 2.90672 0.44483 1.056 16.586 0.576637 0.155142  -0.0399 0.0351667 3
1387950606.123770702 2.96281 0.460228 1.049 16.808 0.559397 0.153579  -0.0698179 0.0386455 3
1387950606.224023392 3.02574 0.478441 1.046 17.006 0.627774 0.181679  -0.0299244 0.0344701 3
1387950606.324265700 3.08968 0.496665 1.042 17.188 0.637854 0.181798  -0.0399033 0.0316894 3
1387950606.424509031 3.15072 0.515423 1.045 17.388 0.608921 0.187123  0.0299272 0.0348213 3
1387950606.524770876 3.20328 0.530887 1.036 17.618 0.524233 0.15424  -0.089765 0.040037 3
1387950606.625018398 3.24807 0.543873 1.03 17.881 0.446768 0.129539  -0.0598519 0.0457889 3
1387950606.725272284 3.28767 0.555756 1.022 18.212 0.395019 0.118524  -0.0797974 0.0576257 3
1387950606.825538898 3.32442 0.567288 1.015 18.521 0.366473 0.11501  -0.0698139 0.0537856 3
1387950606.925788943 3.36107 0.579052 1.012 18.884 0.36564 0.117348  -0.0299252 0.0631986 3
1387950607.026028127 3.39839 0.590703 1.007 19.187 0.372265 0.116231  -0.0498807 0.0527562 3
1387950607.126289033 3.43869 0.603917 1.007 19.425 0.401943 0.131803  0 0.0414319 3
1387950607.226565793 3.48196 0.618697 1.005 19.738 0.431486 0.147385  -0.0199448 0.0544786 3
1387950607.326875415 3.53159 0.636566 1.003 20.114 0.494768 0.17814  -0.0199383 0.0654204 3
1387950607.427133400 3.58809 0.657856 1.002 20.667 0.563591 0.21235  -0.00997427 0.0962673 3
1387950607.527389639 3.64154 0.679157 1.011 21.237 0.533161 0.212472  0.08977 0.0992308 3
1387950607.627646697 3.69471 0.714115 1.007 21.683 0.530262 0.34868  -0.0398974 0.077642 3
1387950607.727898559 3.74212 0.747769 1.004 21.998 0.472907 0.335698  -0.0299246 0.0548402 3
1387950607.828150711 3.78548 0.779679 1 22.064 0.432569 0.318299  -0.0398994 0.0114892 3
1387950607.928402807 3.82985 0.814276 0.998 21.925 0.4426 0.345101  -0.0199497 -0.0241977 3
1387950608.028658857 3.87096 0.845578 0.995 21.638 0.410038 0.31222  -0.0299234 -0.0499635 3
1387950608.130456914 3.9095 0.875288 0.99 21.182 0.378594 0.291847  -0.0491169 -0.0781828 3
1387950608.230705693 3.94546 0.894877 0.99 20.71 0.358644 0.195408  0 -0.0821725 3
1387950608.330980889 3.98482 0.912559 0.992 20.201 0.392586 0.176334  0.0199451 -0.0885939 3
1387950608.431417143 4.02018 0.928688 0.996 19.079 0.352074 0.160593  0.0398263 -0.194977 3
1387950608.531668701 4.0628 0.943045 0.998 17.375 0.425148 0.143209  0.0199498 -0.296657 3
1387950608.631974428 4.11214 0.950859 0.998 15.454 0.491818 0.0778986  0 -0.334257 3
1387950608.732217928 4.15746 0.954326 1.005 13.901 0.452095 0.0345904  0.06983 -0.27039 3
1387950608.832444851 4.2106 0.954329 0.999 12.529 0.530185 2.99956e-05  -0.0598642 -0.238919 3
1387950608.932721662 4.26643 0.952715 0.993 11.534 0.556822 -0.0160986  -0.0598344 -0.17318 3
1387950609.032973359 4.32419 0.94747 0.985 10.678 0.576106 -0.0523198  -0.0797991 -0.149026 3
1387950609.133223126 4.38111 0.941689 0.977 9.81799 0.567793 -0.0576667  -0.0798007 -0.149724 3
1387950609.233464000 4.43787 0.937842 0.975 8.983 0.566285 -0.0383813  -0.0199519 -0.145383 3
1387950609.333702052 4.49216 0.934169 0.97 8.27299 0.541571 -0.0366398  -0.0498813 -0.123625 3
1387950609.433977589 4.54486 0.929248 0.966 7.552 0.525515 -0.0490757  -0.0398901 -0.125491 3
1387950609.534251095 4.59593 0.922997 0.954 7.047 0.509341 -0.0623379  -0.119673 -0.0878996 3
1387950609.634500883 4.64681 0.915664 0.946 6.937 0.507533 -0.0731422  -0.0798007 -0.0191509 3
1387950609.734740991 4.6989 0.908023 0.939 7.11501 0.519638 -0.0762283  -0.0698323 0.030994 3
1387950609.834984375 4.75018 0.898555 0.939 7.41299 0.511552 -0.0944534  0 0.0518826 3
1387950609.935222456 4.80069 0.889045 0.927 7.75999 0.503966 -0.0948699  -0.119715 0.0604191 3
1387950610.035480286 4.85141 0.880191 0.917 8.25301 0.505876 -0.0883116  -0.0997428 0.0858255 3
1387950610.135733451 4.90139 0.877259 0.909 8.662 0.498561 -0.0292476  -0.079798 0.0712031 3
1387950610.235998663 4.94642 0.877287 0.904 8.953 0.449037 0.000281244  -0.0498677 0.0506548 3
1387950610.336251181 4.9878 0.882018 0.903 9.05299 0.412832 0.0471864  -0.00997481 0.0174077 3
1387950610.436501017 5.02816 0.890793 0.902 9.121 0.402563 0.0875271  -0.00997508 0.0118401 3
1387950610.536750543 5.06291 0.900729 0.906 9.007 0.346601 0.0991132  0.0399004 -0.019847 3
1387950610.637001681 5.08582 0.905232 0.901 8.713 0.22857 0.0449178  -0.0498747 -0.0511852 3
1387950610.737252644 5.10365 0.906117 0.9 8.26399 0.17785 0.00883399  -0.00997497 -0.07817 3
1387950610.837494688 5.12439 0.907951 0.895 7.832 0.206856 0.0182929  -0.0498793 -0.0752147 3
1387950610.937744519 5.14937 0.905751 0.887 7.61301 0.249248 -0.0219453  -0.0798006 -0.0381264 3
1387950611.037995615 5.17324 0.901019 0.877 7.483 0.238045 -0.0472024  -0.0997495 -0.0226333 3
1387950611.138248965 5.20133 0.894737 0.869 7.34 0.280154 -0.062664  -0.0797978 -0.0248961 3
1387950611.238500447 5.22829 0.893512 0.85 7.216 0.26895 -0.0122143  -0.189523 -0.0215866 3
1387950611.338748862 5.25814 0.894695 0.833 7.002 0.29777 0.0117953  -0.169579 -0.0372583 3
1387950611.438996031 5.28686 0.88878 0.84 6.651 0.286485 -0.0590017  0.0698274 -0.0611097 3
1387950611.539245323 5.30609 0.882494 0.813 6.188 0.191869 -0.0627009  -0.269329 -0.0806073 3
1387950611.639493342 5.32406 0.872616 0.802 5.67101 0.179264 -0.0985361  -0.109728 -0.09001 3
1387950611.739741421 5.34876 0.865664 0.8 5.092 0.246334 -0.0693481  -0.0199505 -0.100806 3
1387950611.839988432 5.39025 0.861154 0.806 4.528 0.413868 -0.0449865  0.0598522 -0.0981932 3
1387950611.940239570 5.44741 0.861691 0.807 4.155 0.570194 0.00535579  0.00997495 -0.0649379 3
1387950612.040508041 5.51267 0.860517 0.808 3.765 0.650813 -0.0117152  0.00997322 -0.0678855 3
1387950612.140760197 5.58415 0.864417 0.811 2.967 0.713071 0.0389068  0.0299245 -0.138928 3
1387950612.241005256 5.6519 0.87899 0.817 1.826 0.675766 0.145376  0.0598533 -0.198654 3
1387950612.341249241 5.71707 0.892162 0.828 0.875 0.650201 0.131401  0.109732 -0.165578 3
1387950612.441497929 5.77608 0.901578 0.839 0.858002 0.588572 0.0939227  0.109727 -0.0029594 3
1387950612.541738819 5.84706 0.927996 0.849 1.465 0.708139 0.263548  0.0997597 0.105686 3
1387950612.641989801 5.95818 0.999964 0.856 2.112 1.10842 0.717874  0.0698248 0.112641 3
1387950612.742233567 6.07309 1.07927 0.859 2.254 1.14629 0.791142  0.029927 0.0247231 3
1387950612.842486870 6.18186 1.15769 0.866 1.437 1.08495 0.782246  0.0698231 -0.142233 3
1387950612.942735553 6.28469 1.2299 0.873 -0.285004 1.02576 0.720303  0.0698264 -0.2998 3
1387950613.042987372 6.38695 1.28552 0.884 -2.358 1.02004 0.554817  0.109724 -0.360898 3
1387950613.144624525 6.46289 1.31747 0.889 -4.05701 0.747174 0.31432  0.0491946 -0.291756 3
1387950613.244867433 6.51647 1.32669 0.884 -5.946 0.53447 0.0920136  -0.0498788 -0.328892 3
1387950613.345123379 6.55414 1.3274 0.875 -7.30701 0.375741 0.00702739  -0.0897702 -0.236934 3
1387950613.445373587 6.59017 1.30946 0.86 -8.517 0.359357 -0.178959  -0.149626 -0.210656 3
1387950613.545628011 6.61781 1.27382 0.838 -9.74901 0.275776 -0.355521  -0.219442 -0.214481 3
1387950613.645865162 6.64677 1.23886 0.825 -10.906 0.288911 -0.348752  -0.129692 -0.201456 3
1387950613.746124355 6.68157 1.19735 0.803 -11.93 0.347114 -0.41399  -0.219431 -0.17826 3
1387950613.846380537 6.71953 1.14543 0.796 -12.692 0.37855 -0.517924  -0.0698211 -0.132653 3
1387950613.946666095 6.76137 1.0909 0.827 -13.11 0.41721 -0.543699  0.309117 -0.0727469 3
1387950614.046916238 6.80686 1.04019 0.82 -13.158 0.453772 -0.50588  -0.0698253 -0.0083574 3
1387950614.147162709 6.85404 0.994806 0.812 -12.853 0.470624 -0.452692  -0.0798033 0.053103 3
1387950614.247400701 6.90315 0.961036 0.813 -12.141 0.489992 -0.336908  0.00997626 0.123971 3
1387950614.347649432 6.95533 0.9366 0.823 -11.464 0.520459 -0.243746  0.0997519 0.117866 3
1387950614.447920770 7.01318 0.922693 0.833 -10.671 0.576918 -0.138701  0.0997294 0.13803 3
1387950614.548184769 7.07285 0.918476 0.839 -9.905 0.595136 -0.0420557  0.059842 0.133341 3
1387950614.648432488 7.13391 0.923437 0.854 -9.19301 0.609143 0.0494885  0.149629 0.123959 3
1387950614.748679047 7.19442 0.931987 0.833 -8.563 0.603575 0.085285  -0.209483 0.109686 3
1387950614.848922583 7.25258 0.941959 0.808 -8.129 0.580186 0.0994863  -0.249393 0.0755643 3
1387950614.949171320 7.30517 0.949186 0.79 -7.838 0.524664 0.0720841  -0.179553 0.0506631 3
1387950615.049417868 7.35463 0.949848 0.781 -7.714 0.493351 0.00660443  -0.0897787 0.0215876 3
1387950615.149665758 7.40164 0.947206 0.773 -7.52299 0.468922 -0.026351  -0.0798022 0.033255 3
1387950615.249916611 7.44649 0.941668 0.814 -7.274 0.447385 -0.0552482  0.408974 0.0433487 3
1387950615.350168086 7.48872 0.935414 0.775 -6.94701 0.421208 -0.0623763  -0.389022 0.0569284 3
1387950615.450417481 7.53263 0.929791 0.757 -6.57899 0.438058 -0.0560885  -0.179552 0.0640703 3
1387950615.550665910 7.57761 0.924771 0.744 -6.138 0.44862 -0.0500819  -0.129678 0.0767773 3
1387950615.650939628 7.61947 0.921083 0.742 -5.666 0.417551 -0.0367791  -0.0199454 0.0821547 3
1387950615.751186370 7.66028 0.918893 0.739 -5.11501 0.407089 -0.0218473  -0.0299262 0.09593 3
1387950615.851428234 7.70384 0.917741 0.737 -4.47101 0.434492 -0.0114877  -0.0199517 0.112128 3
1387950615.951673256 7.74906 0.916388 0.731 -3.87401 0.451146 -0.0135001  -0.0598533 0.103941 3
1387950616.051924262 7.7932 0.917596 0.726 -3.35699 0.440237 0.0120497  -0.0498748 0.09001 3
1387950616.152165150 7.8385 0.918967 0.723 -2.92799 0.451958 0.0136778  -0.0299279 0.0746948 3
1387950616.252437325 7.88572 0.924583 0.715 -2.61 0.470918 0.0560089  -0.0797829 0.0553496 3
1387950616.352689004 7.9332 0.927249 0.712 -2.297 0.473547 0.0265887  -0.0299247 0.0544923 3
1387950616.452936162 7.98321 0.927706 0.703 -1.976 0.498858 0.0045683  -0.0897781 0.0558868 3
1387950616.553181785 8.034 0.926216 0.698 -1.606 0.506665 -0.0148717  -0.0498775 0.0644181 3
1387950616.653427342 8.08692 0.925111 0.691 -1.25301 0.527907 -0.0110166  -0.0698285 0.0614587 3
1387950616.753673529 8.14074 0.922407 0.687 -0.923996 0.536913 -0.0269753  -0.0399018 0.0572821 3
1387950616.853923900 8.19335 0.919487 0.677 -0.652008 0.524794 -0.0291236  -0.0997503 0.0473523 3
1387950616.954172290 8.24413 0.916144 0.671 -0.455994 0.506567 -0.0333563  -0.0598513 0.0341262 3
1387950617.054416136 8.29415 0.912835 0.668 -0.236008 0.498911 -0.033003  -0.029927 0.0383014 3
1387950617.154684046 8.3415 0.910262 0.663 -0.115997 0.472315 -0.0256593  -0.0498664 0.0208898 3
1387950617.254936465 8.38867 0.907441 0.661 -0.0850067 0.470453 -0.0281476  -0.0199496 0.00539526 3
1387950617.355179557 8.43401 0.904801 0.657 -0.0359955 0.452273 -0.0263277  -0.039903 0.00853333 3
1387950617.455445481 8.47953 0.902024 0.657 0.0410004 0.45403 -0.0277032  0 0.0134027 3
1387950617.555693666 8.52535 0.899345 0.659 0.322998 0.457061 -0.0267176  0.0199505 0.049096 3
1387950617.655941139 8.57098 0.89729 0.661 0.692001 0.455153 -0.0205068  0.0199506 0.0642442 3
1387950617.756187799 8.61769 0.896035 0.669 1.093 0.466008 -0.0125132  0.0798032 0.0698157 3
1387950617.856433528 8.66679 0.895893 0.679 1.353 0.489782 -0.00142151  0.0997549 0.0452664 3
1387950617.956684135 8.71812 0.896951 0.684 1.67599 0.512037 0.0105572  0.049875 0.0562329 3
1387950618.056925714 8.77065 0.911838 0.687 1.992 0.524016 0.148508  0.0299277 0.0550211 3
1387950618.158764338 8.82424 0.931177 0.684 2.31599 0.526227 0.189903  -0.0294584 0.055526 3
1387950618.259023440 8.87801 0.950669 0.681 2.509 0.536303 0.194416  -0.0299225 0.0335993 3
1387950618.359272890 8.93468 0.972786 0.674 2.65399 0.565244 0.220617  -0.0698258 0.0252424 3
1387950618.459543994 8.99136 0.993031 0.666 2.746 0.565313 0.201905  -0.0797837 0.0160154 3
1387950618.559829192 9.04578 1.01059 0.658 2.756 0.542679 0.175056  -0.0797725 0.00173941 3
1387950618.660077700 9.09652 1.0263 0.651 2.733 0.506155 0.156725  -0.0698265 -0.00400343 3
1387950618.760319755 9.14478 1.041 0.645 2.679 0.481387 0.146712  -0.0598551 -0.00940217 3
1387950618.860572932 9.19196 1.05656 0.638 2.515 0.470586 0.155165  -0.0698232 -0.0285514 3
1387950618.960803661 9.23798 1.071 0.631 2.29199 0.459123 0.144042  -0.0698389 -0.0388325 3
1387950619.061060554 9.28305 1.0842 0.628 2.114 0.449558 0.131682  -0.0299231 -0.0309862 3
1387950619.161313919 9.32572 1.09764 0.623 1.86301 0.425687 0.134069  -0.0498736 -0.0436956 3
1387950619.261567687 9.36845 1.11069 0.619 1.54601 0.426144 0.130139  -0.0398987 -0.0551871 3
1387950619.361829236 9.41033 1.12409 0.616 1.144 0.4177 0.133638  -0.0299217 -0.0699806 3
1387950619.462073077 9.44692 1.13658 0.614 0.662003 0.365056 0.124599  -0.0199514 -0.0839193 3
1387950619.562337369 9.48273 1.14808 0.609 0.119995 0.357176 0.114722  -0.0498682 -0.0943488 3
1387950619.662590603 9.51359 1.16013 0.602 -0.522003 0.307848 0.120213  -0.0698232 -0.111767 3
1387950619.762834156 9.54004 1.17134 0.598 -1.03 0.263858 0.111793  -0.0399028 -0.0884465 3
1387950619.863095476 9.57814 1.18129 0.594 -1.616 0.37991 0.0992406  -0.0398957 -0.102009 3
1387950619.963347971 9.62166 1.18691 0.59 -2.211 0.434198 0.0560957  -0.0398993 -0.103586 3
1387950620.063601386 9.66839 1.1789 0.586 -2.841 0.466032 -0.0798662  -0.0398989 -0.109679 3
1387950620.163853952 9.71921 1.1644 0.583 -3.409 0.506956 -0.144641  -0.0299244 -0.0988838 3
1387950620.264100552 9.77186 1.15737 0.585 -3.834 0.525209 -0.070178  0.0199508 -0.0739946 3
1387950620.364341664 9.83044 1.15174 0.586 -4.082 0.584355 -0.0561836  0.00997595 -0.0431802 3
1387950620.464587406 9.88817 1.16059 0.59 -4.187 0.575935 0.0883045  0.0399019 -0.0182803 3
1387950620.564830685 9.9419 1.1862 0.592 -4.39 0.535998 0.255517  0.0199515 -0.0353447 3
1387950620.665073493 10.0027 1.18721 0.595 -4.71001 0.606202 0.0100958  0.0299273 -0.0557165 3
1387950620.765349776 10.0609 1.17466 0.596 -5.056 0.580959 -0.125189  0.00997245 -0.0602208 3
1387950620.865602481 10.1195 1.15795 0.6 -5.41499 0.583996 -0.16674  0.0398992 -0.0624983 3
1387950620.965843253 10.1787 1.12129 0.599 -5.659 0.590949 -0.365703  -0.00997598 -0.0424843 3
1387950621.066142849 10.2316 1.07068 0.6 -5.51801 0.52683 -0.504597  0.00997013 0.0245341 3
1387950621.166385447 10.2803 1.01895 0.602 -5.22701 0.486162 -0.516034  0.0199516 0.0506662 3
1387950621.266651364 10.3348 0.959838 0.596 -4.687 0.54388 -0.589522  -0.0598409 0.0939993 3
1387950621.366895369 10.3818 0.915968 0.586 -3.955 0.468782 -0.437634  -0.0997566 0.127446 3
1387950621.467150497 10.4299 0.877563 0.576 -2.908 0.479541 -0.383078  -0.0997455 0.18227 3
1387950621.567403787 10.4895 0.839261 0.569 -1.702 0.594379 -0.382054  -0.0698231 0.209956 3
1387950621.667656025 10.5503 0.812312 0.567 -0.632996 0.607024 -0.268808  -0.0199497 0.186106 3
1387950621.767899888 10.6129 0.794408 0.562 0.690994 0.624652 -0.178601  -0.0498784 0.230518 3
1387950621.868144197 10.6738 0.788732 0.559 2.009 0.606835 -0.0566213  -0.0299269 0.229475 3
1387950621.968412149 10.7354 0.789125 0.556 3.23599 0.614778 0.00392054  -0.0299198 0.213578 3
1387950622.068668433 10.793 0.790105 0.553 4.321 0.574468 0.00977299  -0.0299233 0.188885 3
1387950622.168942751 10.8466 0.78801 0.544 5.30099 0.534294 -0.0208918  -0.0897538 0.170574 3
1387950622.269202241 10.8963 0.786725 0.533 6.22501 0.49567 -0.012821  -0.109715 0.160853 3
1387950622.369469500 10.9428 0.785812 0.525 7.052 0.464174 -0.00910153  -0.0797868 0.143953 3
1387950622.469729288 10.9871 0.785892 0.514 7.83501 0.441471 0.000791027  -0.109715 0.136306 3
1387950622.569980221 11.0285 0.786776 0.508 8.513 0.412637 0.00882419  -0.0598498 0.118036 3
1387950622.605506238 11.0429 0.787078 0.504 8.77299 0.405226 0.00850302  -0.112594 0.127731 8
1387950622.705555495 11.0856 0.789139 0.5 9.395 0.427431 0.0205967  -0.0399803 0.108508 8
1387950622.805558342 11.1236 0.790357 0.498 10.005 0.379341 0.0121791  -0.0199994 0.106462 8
1387950622.905547634 11.1585 0.790616 0.501 10.471 0.349577 0.00259417  0.0300032 0.081339 8
1387950623.005558852 11.1893 0.785956 0.532 10.899 0.308159 -0.0465979  0.309965 0.0746933 8
1387950623.105563393 11.201 0.779254 0.519 11.17 0.116898 -0.0670145  -0.129994 0.0472956 4
1387950623.205577503 11.2072 0.769424 0.503 11.252 0.0620992 -0.0982853  -0.159977 0.0143098 4
1387950623.305521756 11.2126 0.758281 0.493 11.184 0.053872 -0.111491  -0.100056 -0.0118737 9
1387950623.405570046 11.2174 0.746936 0.466 11.155 0.0482162 -0.113403  -0.26987 -0.00506023 9
1387950623.505583126 11.2205 0.740452 0.415 11.031 0.0305252 -0.0648264  -0.509933 -0.021638 9
1387950623.605572028 11.2227 0.736741 0.379 10.963 0.021972 -0.0371194  -0.36004 -0.011871 9
1387950623.705532801 11.2244 0.734011 0.291 10.958 0.01724 -0.0273061  -0.880345 -0.00087386 9
1387950623.805568677 11.2276 0.722569 0.221 11.101 0.0318585 -0.114381  -0.699749 0.0249502 9
1387950623.905501965 11.2136 0.697727 0.174 11.275 -0.140361 -0.248587  -0.470314 0.0303883 9
1387950624.005543175 11.2022 0.676651 0.095 11.386 -0.114048 -0.210667  -0.789675 0.0193665 9
1387950624.105501370 11.2022 0.676651 0 11.636 0 0  -0.950397 0.0436515 2
1387950624.205539794 11.2022 0.676651 0 10.495 0 0  0 -0.199067 2
1387950624.305533804 11.2022 0.676651 0 10.514 0 0  0 0.00331583 2
1387950624.405534264 11.2022 0.676651 0 10.524 0 0  0 0.00174703 2
1387950624.505529423 11.2022 0.676651 0 10.548 0 0  0 0.00418936 2
1387950624.605541107 11.2022 0.676651 0 10.554 0 0  0 0.0010465 2
1387950624.705501588 11.2022 0.676651 0 10.567 0 0  0 0.00226991 2
1387950624.805565901 11.2022 0.676651 0 10.576 0 0  0 0.00157026 2
1387950624.905555457 11.2022 0.676651 0 10.587 0 0  0 0.00192034 2
1387950625.005509297 11.2022 0.676651 0 10.6 0 0  0 0.00227006 2
1387950625.118107090 11.2022 0.676651 0 10.615 0 0  0 0.00232499 2
1387950625.205490273 11.2022 0.676651 0 10.624 0 0  0 0.00179508 2
1387950625.305503517 11.2022 0.676651 0 10.637 0 0  0 0.00226871 2
1387950625.405502453 11.2022 0.676651 0 10.649 0 0  0 0.00209593 2
1387950625.505542073 11.2022 0.676651 0 10.662 0 0  0 0.00226811 2
1387950625.605540414 11.2022 0.676651 0 10.676 0 0  0 0.00244216 2
1387950625.705500162 11.2022 0.676651 0 10.69 0 0  0 0.00244577 2
1387950625.805503429 11.2022 0.676651 0 10.7 0 0  0 0.00174431 2
1387950625.905499346 11.2022 0.676651 0 10.712 0 0  0 0.00209599 2
1387950626.005498435 11.2022 0.676651 0 10.725 0 0  0 0.00226903 2
1387950626.105545355 11.2022 0.676651 0 10.736 0 0  0 0.00191658 2
1387950626.205500260 11.2022 0.676651 0 10.752 0 0  0 0.00279492 2
1387950626.305547703 11.2022 0.676651 0 10.763 0 0  0 0.00191923 2
1387950626.405520328 11.2022 0.676651 0 10.776 0 0  0 0.00226963 2
1387950626.505499931 11.2022 0.676651 0 10.788 0 0  0 0.00209367 2
1387950626.605503277 11.2022 0.676651 0 10.802 0 0  0 0.0024447 2
1387950626.705541959 11.2022 0.676651 0 10.815 0 0  0 0.00226814 2
1387950626.805489289 11.2022 0.676651 0 10.825 0 0  0 0.00174529 2
1387950626.905504861 11.2022 0.676651 0 10.838 0 0  0 0.00226866 2
1387950627.005509618 11.2022 0.676651 0 10.852 0 0  0 0.00244467 2
1387950627.105499997 11.2022 0.676651 0 10.866 0 0  0 0.00244235 2
1387950627.205542016 11.2022 0.676651 0 10.877 0 0  0 0.00191933 2
1387950627.305496175 11.2022 0.676651 0 10.888 0 0  0 0.00192102 2
1387950627.405559227 11.2022 0.676651 0 10.901 0 0  0 0.00226758 2
1387950627.505535780 11.2022 0.676651 0 10.914 0 0  0 0.00226955 2
1387950627.605502028 11.2022 0.676651 0 10.928 0 0  0 0.00244294 2
1387950627.705524712 11.2022 0.676651 0 10.941 0 0  0 0.0022685 2
1387950627.805498373 11.2022 0.676651 0 10.954 0 0  0 0.00226961 2
1387950627.905499197 11.2022 0.676651 0 10.967 0 0  0 0.00226899 2
1387950628.005500452 11.2022 0.676651 0 10.982 0 0  0 0.00261785 2
1387950628.105510369 11.2022 0.676651 0 10.995 0 0  0 0.00226879 2
1387950628.205504272 11.2022 0.676651 0 11.006 0 0  0 0.00192026 2
1387950628.305505673 11.2022 0.676651 0 11.019 0 0  0 0.00226898 2
1387950628.405538832 11.2022 0.676651 0 11.034 0 0  0 0.00261702 2
1387950628.505491566 11.2022 0.676651 0 11.046 0 0  0 0.0020969 2
1387950628.605502290 11.2022 0.676651 0 11.059 0 0  0 0.00226877 2
1387950628.705500655 11.2022 0.676651 0 11.073 0 0  0 0.00244216 2
1387950628.805496629 11.2022 0.676651 0 11.084 0 0  0 0.00192022 2
1387950628.905498462 11.2022 0.676651 0 11.101 0 0  0 0.00296671 2
1387950629.005524563 11.2022 0.676651 0 11.112 0 0  0 0.00191964 2
1387950629.105507336 11.2022 0.676651 0 11.126 0 0  0 0.00244254 2
1387950629.205547586 11.2022 0.676651 0 11.139 0 0  0 0.0022681 2
1387950629.305524922 11.2022 0.676651 0 11.153 0 0  0 0.00244534 2
1387950629.405490456 11.2022 0.676651 0 11.168 0 0  0 0.00261879 2
1387950629.505532554 11.2022 0.676651 0 11.18 0 0  0 0.00209236 2
1387950629.605513655 11.2022 0.676651 0 11.192 0 0  0 0.0020963 2
1387950629.705515582 11.2022 0.676651 0 11.206 0 0  0 0.00244207 2
1387950629.805543750 11.2022 0.676651 0 11.22 0 0  0 0.00244409 2
1387950629.905493565 11.2022 0.676651 0 11.233 0 0  0 0.00227015 2
1387950630.005503845 11.2022 0.676651 0 11.247 0 0  0 0.00244187 2
1387950630.105499818 11.2022 0.676651 0 11.257 0 0  0 0.0017471 2
1387950630.205552513 11.2022 0.676651 0 11.271 0 0  0 0.00244083 2
1387950630.305539872 11.2022 0.676651 0 11.287 0 0  0 0.00279401 2
1387950630.405539630 11.2022 0.676651 0 11.302 0 0  0 0.00261789 2
1387950630.505521997 11.2022 0.676651 0 11.313 0 0  0 0.00192048 2
1387950630.605501872 11.2022 0.676651 0 11.326 0 0  0 0.00226947 2
1387950630.705501737 11.2022 0.676651 0 11.339 0 0  0 0.00226902 2
1387950630.805504323 11.2022 0.676651 0 11.354 0 0  0 0.00261782 2
1387950630.905508282 11.2022 0.676651 0 11.367 0 0  0 0.00226892 2
1387950631.005508024 11.2022 0.676651 0 11.381 0 0  0 0.00244213 2
1387950631.105504645 11.2022 0.676651 0 11.393 0 0  0 0.00209598 2
1387950631.205544763 11.2022 0.676651 0 11.404 0 0  0 0.00191671 2
1387950631.305489737 11.2022 0.676651 0 11.418 0 0  0 0.00244613 2
1387950631.405510192 11.2022 0.676651 0 11.434 0 0  0 0.00279308 2
1387950631.505498088 11.2022 0.676651 0 11.446 0 0  0 0.0020935 2
1387950631.605548524 11.2022 0.676651 0 11.458 0 0  0 0.00209219 2
1387950631.705525804 11.2022 0.676651 0 11.472 0 0  0 0.00244534 2
1387950631.805544395 11.2022 0.676651 0 11.485 0 0  0 0.00226859 2
1387950631.905496810 11.2022 0.676651 0 11.497 0 0  0 0.00209424 2
1387950632.005497799 11.2022 0.676651 0 11.508 0 0  0 0.00192012 2
1387950632.105499897 11.2022 0.676651 0 11.521 0 0  0 0.00226897 2
1387950632.205496741 11.2022 0.676651 0 11.533 0 0  0 0.00209597 2
1387950632.305498794 11.2022 0.676651 0 11.545 0 0  0 0.0020932 2
1387950632.405498813 11.2022 0.676651 0 11.559 0 0  0 0.00244478 2
1387950632.768542907 11.2022 0.676651 0 11.607 0 0  0 0.00230706 2
1387950632.868876968 11.2024 0.675776 0.014 11.621 0.00286556 -0.00872165  0.139534 0.00243664 7
1387950632.968874999 11.2029 0.673795 0.073 11.631 0.00493279 -0.0198136  0.590012 0.0017444 7
1387950633.068872824 11.2038 0.670893 0.177 11.643 0.00827712 -0.0290178  1.04002 0.00209595 7
1387950633.168843362 11.2049 0.667149 0.314 11.657 0.0114408 -0.0374563  1.3704 0.00244284 7
1387950633.268845427 11.2063 0.662596 0.478 11.669 0.0140707 -0.0455242  1.63997 0.00209586 7
1387950633.368913605 11.2079 0.657586 0.661 11.7 0.0153847 -0.0500731  1.82875 0.0054052 7
1387950633.468892509 11.2096 0.651817 0.834 11.753 0.0174901 -0.0576943  1.73037 0.00925377 7
1387950633.568874734 11.2115 0.645573 1.052 11.772 0.0188463 -0.0624527  2.18039 0.00331623 7
1387950633.668904807 11.2136 0.638897 1.235 11.778 0.0209387 -0.0667435  1.82945 0.00104631 7
1387950633.768869151 11.2157 0.631952 1.416 11.806 0.0212678 -0.0694744  1.81065 0.00488864 7
1387950633.868902165 11.2179 0.624792 1.587 11.815 0.0222874 -0.0715798  1.70944 0.00157075 7
1387950633.968861636 11.2203 0.617457 1.677 11.823 0.0237165 -0.0733763  0.900365 0.00139606 7
1387950634.068913193 11.2221 0.612803 0.161 11.84 0.0176136 -0.0465185  -15.1522 0.00296523 7
1387950634.168838899 11.2243 0.607263 0.187 11.871 0.0222431 -0.0554389  0.260193 0.00541557 7
1387950634.268854343 11.2265 0.601249 0.174 11.879 0.0223766 -0.06013  -0.12998 0.00139528 7
1387950634.368846057 11.2286 0.594578 0.179 11.883 0.0209627 -0.0667107  0.0500041 0.000697806 7
1387950634.468901844 11.2306 0.587826 0.128 11.896 0.0197619 -0.0674917  -0.509716 0.00226775 7
1387950634.568892912 11.2326 0.58097 0.069 11.918 0.0200921 -0.0685642  -0.590053 0.00384062 7
1387950634.668912464 11.2347 0.573269 0.205 11.892 0.021259 -0.0769965  1.35973 -0.00453714 7
1387950634.768871531 11.2368 0.565079 0.208 11.932 0.0205007 -0.0819271  0.0300123 0.006983 7
1387950634.868904419 11.2387 0.556716 0.203 12.02 0.0190958 -0.0836006  -0.0499836 0.0153561 7
1387950634.968903894 11.2406 0.548162 0.168 11.933 0.0186183 -0.085546  -0.350002 -0.0151854 7
1387950635.068871659 11.2422 0.53918 0.222 11.588 0.0165291 -0.0898438  0.540174 -0.0602335 7
1387950635.168877212 11.2434 0.529846 0.194 10.869 0.0113231 -0.09334  -0.279984 -0.125481 7
1387950635.268871310 11.2445 0.521337 0.216 10.55 0.0116472 -0.0850971  0.220013 -0.0556793 7
1387950635.368832061 11.2445 0.513649 0.183 10.734 -0.000138676 -0.0769074  -0.33013 0.032125 7
1387950635.468912844 11.2448 0.507018 0.145 10.823 0.00348038 -0.066258  -0.379693 0.0155217 7
1387950635.568943775 11.2418 0.507309 0.116 10.679 -0.0300114 0.00290766  -0.28991 -0.0251245 7
1387950635.668908043 11.2418 0.508814 0.092 10.548 -0.000502955 0.0150591  -0.240086 -0.0228714 7
1387950635.768897958 11.247 0.513795 0.121 10.493 0.0523807 0.0498155  0.290029 -0.00960166 7
1387950635.868846259 11.2952 0.521542 0.13 10.262 0.481425 0.0775058  0.0900466 -0.0403385 7
1387950635.968843583 11.3198 0.522665 0.143 -0.216995 0.246952 0.0112365  0.130003 -1.82898 7
1387950636.068876737 11.3238 0.522529 0.164 -0.244995 0.0393879 -0.00135639  0.20993 -0.00488528 7
1387950636.168972945 11.3238 0.521603 0.241 -0.162994 0.000618374 -0.00925539  0.76926 0.0142981 7
1387950636.268841448 11.3237 0.522 0.262 -0.0670013 -0.00174722 0.00397344  0.210277 0.016776 7
1387950636.368904188 11.3232 0.525195 0.431 0.0839996 -0.00487416 0.0319289  1.68894 0.0263381 7
1387950636.468898860 11.3216 0.5236 0.866 0.175995 -0.015495 -0.0159494  4.35023 0.0160571 7
1387950636.568906808 11.3232 0.522068 0.895 0.421997 0.0159041 -0.015318  0.289977 0.0429321 7
1387950636.668891084 11.3247 0.518648 0.887 0.625 0.0147967 -0.0342093  -0.0800126 0.0354363 7
1387950636.768900303 11.3265 0.514365 0.886 0.822006 0.0176789 -0.0428271  -0.00999908 0.0343809 7
1387950636.868869970 11.3271 0.50912 0.887 1.032 0.00621998 -0.0524651  0.010003 0.0366615 7
1387950636.968846338 11.326 0.504246 1.079 1.211 -0.010821 -0.0487444  1.92045 0.0312489 7
1387950637.068908514 11.3262 0.498399 1.082 1.369 0.00188038 -0.058437  0.0299814 0.0275599 7
1387950637.168839373 11.3257 0.493361 1.068 1.549 -0.00508704 -0.0504155  -0.140097 0.0314364 7
1387950637.268906659 11.3253 0.489282 1.047 1.618 -0.00438213 -0.040765  -0.209859 0.0120347 7
1387950637.368869686 11.3247 0.485422 1.028 1.726 -0.00601381 -0.0386108  -0.19007 0.0188568 3
1387950637.468844364 11.323 0.479825 1.015 1.828 -0.0169709 -0.0559839  -0.130033 0.0178077 3
1387950637.568880496 11.3213 0.473774 0.989 1.899 -0.0166038 -0.0604928  -0.259906 0.0123872 3
1387950637.668895012 11.3199 0.46805 0.953 1.979 -0.0141589 -0.057224  -0.359948 0.0139609 3
1387950637.768892723 11.3196 0.462946 0.91 2.03 -0.00270675 -0.0510455  -0.43001 0.00890049 3
1387950637.868922179 11.3198 0.457919 0.854 2.937 0.00224077 -0.0502561  -0.559835 0.158254 3
1387950637.968905446 11.32 0.452598 0.782 6.714 0.00174967 -0.0532144  -0.72012 0.659323 3
1387950638.068898221 11.3205 0.448242 0.705 11.68 0.00517956 -0.0435625  -0.770056 0.866791 3
1387950638.168851517 11.3214 0.446334 0.632 16.139 0.00850447 -0.0190922  -0.730341 0.778606 4
1387950638.268883114 11.3229 0.443443 0.559 18.96 0.0153565 -0.0289036  -0.729769 0.492204 4
1387950638.368843142 11.3244 0.44002 0.523 20.885 0.0147436 -0.0342444  -0.360144 0.336108 9
1387950638.468878218 11.3265 0.436539 0.443 22.265 0.0212381 -0.0347945  -0.799719 0.240772 9
1387950638.568833127 11.328 0.434046 0.358 23.17 0.0148441 -0.0249394  -0.850383 0.158023 9
1387950638.668906433 11.329 0.432642 0.274 23.718 0.010399 -0.0140288  -0.839385 0.0955747 9
1387950638.768870181 11.3207 0.426026 0.209 24.008 -0.0836876 -0.0661844  -0.650236 0.0506317 9
1387950638.868868269 11.2752 0.406597 0.162 24.241 -0.454837 -0.194294  -0.470009 0.0406672 9
1387950638.968871376 11.2317 0.40239 0.105 24.581 -0.435123 -0.0420735  -0.569982 0.0593387 9
1387950639.068900015 11.2317 0.40239 0 27.789 0 0  -1.0497 0.559743 2
1387950639.168942405 11.2317 0.40239 0 27.478 0 0  0 -0.0542575 2
1387950639.268894693 11.2317 0.40239 0 27.48 0 0  0 0.000349041 2
1387950639.368840053 11.2317 0.40239 0 27.483 0 0  0 0.00052493 2
1387950639.468912714 11.2317 0.40239 0 27.489 0 0  0 0.00104586 2
1387950639.568873235 11.2317 0.40239 0 27.501 0 0  0 0.00209407 2
1387950639.668839660 11.2317 0.40239 0 27.511 0 0  0 0.00174762 2
1387950639.768877299 11.2317 0.40239 0 27.523 0 0  0 0.00209246 2
1387950639.868902689 11.2317 0.40239 0 27.537 0 0  0 0.00244416 2
1387950639.968870322 11.2317 0.40239 0 27.554 0 0  0 0.00296772 2
1387950640.068877990 11.2317 0.40239 0 27.569 0 0  0 0.00261769 2
1387950640.168875458 11.2317 0.40239 0 27.582 0 0  0 0.00226907 2
1387950640.268835260 11.2317 0.40239 0 27.598 0 0  0 0.00279212 2
1387950640.368953548 11.2317 0.40239 0 27.613 0 0  0 0.00261745 2
1387950640.468838713 11.2317 0.40239 0 27.626 0 0  0 0.00226896 2
1387950640.568844850 11.2317 0.40239 0 27.642 0 0  0 0.00279348 2
1387950640.668876523 11.2317 0.40239 0 27.656 0 0  0 0.00244401 2
1387950640.768837053 11.2317 0.40239 0 27.67 0 0  0 0.00244308 2
1387950640.868882865 11.2317 0.40239 0 27.685 0 0  0 0.00261669 2
1387950640.968906907 11.2317 0.40239 0 27.701 0 0  0 0.00279298 2
1387950641.068904539 11.231 0.403192 0.015 27.716 -0.00671929 0.00802653  0.150004 0.00261795 7
1387950641.168898967 11.2298 0.403629 0.08 27.727 -0.0123966 0.0043699  0.650036 0.00192025 7
1387950641.268894867 11.2285 0.40429 0.188 27.739 -0.0122444 0.00660788  1.08004 0.00209333 7
1387950641.368904906 11.227 0.404766 0.329 27.753 -0.0155932 0.00475575  1.40986 0.00244454 7
1387950641.468850899 11.2251 0.406103 0.495 27.782 -0.0192411 0.0133847  1.6609 0.00506274 7
1387950641.568843934 11.2238 0.405654 0.274 27.786 -0.012576 -0.00449754  -2.21015 0.000697797 7
1387950641.668913673 11.223 0.404678 0.35 27.812 -0.00812076 -0.00975318  0.75947 0.00453486 7
1387950641.768854432 11.2166 0.392803 0.432 27.809 -0.0640498 -0.118821  0.820486 -0.000522289 7
1387950641.868840778 11.2235 0.387981 0.5 27.827 0.0696199 -0.0482215  0.680093 0.0031403 7
1387950641.968917515 11.2248 0.392985 0.218 27.844 0.0128863 0.0499953  -2.81784 0.00296449 7
1387950642.068858659 11.225 0.393654 0.182 27.84 0.00139484 0.00670127  -0.360212 -0.000698159 7
1387950642.168907029 11.2248 0.393547 0.161 27.866 -0.00195775 -0.00106805  -0.209898 0.00453583 7
1387950642.268849509 11.2248 0.393372 0.204 27.854 0.000299905 -0.00175196  0.430247 -0.00209445 7
1387950642.368871574 11.225 0.393685 0.197 27.857 0.00213153 0.0031261  -0.0699846 0.000521864 7
1387950642.468911473 11.2253 0.393486 0.209 27.87 0.00239904 -0.00198683  0.119952 0.00226811 7
1387950642.568843477 11.2255 0.392489 0.187 27.869 0.00212674 -0.0099754  -0.22015 -0.000173223 7
1387950642.668911284 11.2252 0.391685 0.133 27.874 -0.0031552 -0.00804265  -0.539634 0.000870264 7
1387950642.768841532 11.2254 0.391432 0.211 27.896 0.00283339 -0.00252774  0.780544 0.00384296 7
1387950642.868908223 11.225 0.390685 0.206 27.885 -0.0042189 -0.00746343  -0.0499667 -0.00191886 7
1387950642.968835096 11.2258 0.389567 0.162 27.924 0.00778809 -0.0111913  -0.440322 0.00681202 7
1387950643.068907090 11.2219 0.389117 0.214 27.943 -0.0391151 -0.0044956  0.519626 0.00331325 7
1387950643.168897273 11.2174 0.38853 0.168 27.904 -0.044471 -0.0058728  -0.460045 -0.00680771 7
1387950643.268883952 11.207 0.391871 0.215 27.587 -0.104002 0.0334204  0.470063 -0.0553319 7
1387950643.368838878 11.1893 0.394966 0.167 27.225 -0.177963 0.0309599  -0.480216 -0.0632093 7
1387950643.468846454 11.171 0.397825 0.206 27.126 -0.182942 0.0285871  0.38997 -0.0172799 7
1387950643.568879502 11.1514 0.400655 0.158 27.07 -0.195435 0.0282952  -0.479841 -0.00977057 7
1387950643.668868547 11.1328 0.403312 0.213 27.265 -0.186348 0.0265746  0.55006 0.0340389 7
1387950643.768915454 11.1155 0.406 0.19 27.417 -0.172985 0.0268668  -0.229892 0.0265153 7
1387950643.868869848 11.1058 0.403562 0.204 27.225 -0.0971625 -0.0243989  0.140064 -0.0335232 7
1387950643.968838871 11.1113 0.401307 0.174 27.071 0.0557976 -0.0225528  -0.300093 -0.0268876 7
1387950644.068914944 11.1213 0.406477 0.13 26.926 0.0995625 0.0516623  -0.439666 -0.0252888 7
1387950644.168899498 11.1483 0.419936 0.097 26.944 0.270174 0.134604  -0.330051 0.00314302 7
1387950644.268908862 11.1704 0.421942 0.087 -0.119995 0.220459 0.0200593  -0.0999906 -4.72312 7
1387950644.368911548 11.1726 0.422058 0.12 -0.119995 0.0221602 0.00116394  0.329991 0 7
1387950644.468838636 11.173 0.421436 0.209 -0.072998 0.00442856 -0.00622664  0.890649 0.00820852 7
1387950644.568845519 11.173 0.421605 0.276 -0.130005 -0.000240409 0.00169379  0.669954 -0.00994889 7
1387950644.668851408 11.1734 0.42377 0.417 -0.193008 0.00391425 0.0216426  1.40992 -0.0109955 7
1387950644.768835013 11.1721 0.419915 0.762 -0.289993 -0.0131259 -0.0385547  3.45057 -0.0169298 7
1387950644.868907319 11.17 0.419684 0.833 -0.445999 -0.0210584 -0.00231096  0.709487 -0.0272085 7
1387950644.968901751 11.1694 0.412583 0.853 -0.541 -0.0054557 -0.0710099  0.200011 -0.0165818 7
1387950645.068829372 11.169 0.404179 0.925 -0.561005 -0.00449275 -0.0841006  0.720522 -0.00349393 7
1387950645.168874221 11.169 0.395374 0.98 -0.615997 -3.54486e-05 -0.0880137  0.549753 -0.00959373 7
1387950645.268840758 11.1697 0.385812 1.06 -0.667007 0.00690986 -0.0956504  0.800268 -0.00890593 7
1387950645.368874555 11.1723 0.377344 1.065 -0.718002 0.0260226 -0.0846512  0.0499831 -0.00889728 7
1387950645.468872125 11.1746 0.369985 1.122 -0.794006 0.023672 -0.0735862  0.570014 -0.0132655 7
1387950645.568861936 11.1788 0.363273 1.103 -0.860001 0.0413316 -0.067128  -0.190019 -0.0115193 7
1387950645.668873689 11.1842 0.357551 1.056 -0.953995 0.0545188 -0.0572151  -0.469945 -0.0164031 7
1387950645.768838444 11.1893 0.352312 1.015 -1.033 0.0510322 -0.0524044  -0.410145 -0.0137947 7
1387950645.868881676 11.1937 0.346277 0.985 -1.179 0.0437919 -0.0603314  -0.29987 -0.0254701 7
1387950645.968834242 11.1958 0.338191 0.966 -1.243 0.0210077 -0.0808995  -0.19009 -0.0111746 7
1387950646.068846780 11.1963 0.329637 0.955 -1.379 0.00518574 -0.085523  -0.109986 -0.0237338 7
1387950646.168885998 11.196 0.320525 0.949 -1.459 -0.00305338 -0.0910833  -0.0599765 -0.0139575 7
1387950646.268841763 11.195 0.310701 0.955 -1.494 -0.0101802 -0.0982901  0.0600266 -0.006112 7
1387950646.368911693 11.194 0.302194 0.962 -1.54201 -0.00958747 -0.0850079  0.0699511 -0.00837245 7
1387950646.468871297 11.1929 0.294493 0.971 -1.491 -0.011141 -0.0770428  0.0900364 0.00890655 7
1387950646.568906418 11.1923 0.288709 0.971 -1.438 -0.00603727 -0.0578154  0 0.00924591 7
1387950646.668867511 11.1924 0.283527 0.963 -1.345 0.00129081 -0.0518429  -0.0800311 0.0162383 7
1387950646.768839296 11.1933 0.279987 0.958 -1.25101 0.0087158 -0.0354121  -0.0500141 0.0164097 7
1387950646.868917268 11.1937 0.277291 0.959 -1.17599 0.00372304 -0.0269353  0.00999221 0.0130819 7
1387950646.968896946 11.1939 0.272025 0.957 -1.114 0.00169552 -0.0526745  -0.0200041 0.0108226 7
1387950647.068903627 11.1942 0.260633 0.956 -1.08701 0.00355647 -0.113908  -0.00999933 0.00471082 7
1387950647.168872970 11.1939 0.237381 0.954 -1.10201 -0.00268904 -0.232596  -0.0200061 -0.00261869 7
1387950647.268833329 11.193 0.194307 0.957 -1.132 -0.0089231 -0.430908  0.0300119 -0.00523785 3
1387950647.368903634 11.1908 0.125742 0.973 -1.25301 -0.0220365 -0.685166  0.159888 -0.021104 3
1387950647.468873747 11.1876 0.0427064 0.967 -1.31599 -0.0322543 -0.830606  -0.0600179 -0.0109968 8
1387950647.568891275 11.1842 -0.0571184 0.972 -1.425 -0.0346161 -0.998073  0.0499912 -0.0190223 8
1387950647.668910806 11.1805 -0.161338 0.957 -1.44901 -0.0365964 -1.04199  -0.149971 -0.00418833 8
1387950647.768870784 11.177 -0.263279 0.942 -1.39301 -0.0351577 -1.01982  -0.15006 0.00977771 8
1387950647.868870954 11.1741 -0.358407 0.933 -1.286 -0.0291468 -0.951281  -0.0899998 0.0186767 8
1387950647.968872122 11.1722 -0.433896 0.927 -1.10699 -0.0189391 -0.754875  -0.0599993 0.0312412 8
1387950648.068894709 11.1723 -0.487406 0.928 -0.943008 0.00141316 -0.534979  0.00999774 0.0286145 8
1387950648.168839406 11.1757 -0.509713 0.931 -0.791 0.0338105 -0.223195  0.0300166 0.0265451 8
1387950648.268916921 11.1787 -0.517297 0.935 -0.787994 0.0300033 -0.0757803  0.039969 0.000524236 4
1387950648.368844280 11.181 -0.51795 0.93 -0.770996 0.0231181 -0.0065384  -0.0500363 0.00296892 4
1387950648.468885058 11.1834 -0.516703 0.915 -0.818008 0.0239154 0.0124673  -0.149939 -0.00820185 9
1387950648.568837396 11.1839 -0.516539 0.876 -0.755997 0.00471121 0.00164249  -0.390186 0.0108282 9
1387950648.668878607 11.1828 -0.518362 0.819 -0.826004 -0.0104174 -0.0182248  -0.569765 -0.0122135 9
1387950648.768886838 11.1812 -0.520226 0.756 -1.02299 -0.0167371 -0.0186453  -0.629948 -0.0343786 9
1387950648.868883343 11.1801 -0.521822 0.68 -1.26401 -0.0108026 -0.015961  -0.760027 -0.0420661 9
1387950648.968919208 11.1833 -0.514607 0.601 -1.423 0.0325711 0.0721284  -0.789717 -0.0277402 9
1387950649.068909985 11.1892 -0.495215 0.533 -1.51601 0.0586107 0.193941  -0.680063 -0.0162335 9
1387950649.168910619 11.1934 -0.466511 0.464 -1.511 0.0423942 0.287035  -0.689996 0.000873511 9
1387950649.268839810 11.1935 -0.437912 0.375 -1.558 0.00104938 0.286188  -0.890631 -0.00820835 9
1387950649.368843700 11.1858 -0.417245 0.294 -1.54601 -0.0778527 0.206666  -0.809968 0.00209316 9
1387950649.468878385 11.1521 -0.41181 0.229 -1.51801 -0.336495 0.0543276  -0.649775 0.00488521 9
1387950649.568837932 11.107 -0.410009 0.179 -1.59 -0.450631 0.0180241  -0.500202 -0.0125699 9
1387950649.668876688 11.107 -0.410009 0 -1.677 0 -0  -1.78931 -0.0151795 2
1387950649.768886078 11.107 -0.410009 0 -1.817 0 -0  0 -0.0244322 2
1387950649.868898252 11.107 -0.410009 0 -1.349 0 -0  0 0.0816719 2
1387950649.968842503 11.107 -0.410009 0 -1.79201 0 -0  0 -0.0773627 2
1387950650.068898457 11.107 -0.410009 0 -1.74001 0 -0  0 0.00907098 2
1387950650.168877411 11.107 -0.410009 0 -1.741 0 -0  0 -0.000173142 2
1387950650.268871756 11.107 -0.410009 0 -1.722 0 -0  0 0.00331582 2
1387950650.368838864 11.107 -0.410009 0 -1.71201 0 -0  0 0.00174494 2
1387950650.468908152 11.107 -0.410009 0 -1.702 0 -0  0 0.00174582 2
1387950650.568904308 11.107 -0.410009 0 -1.692 0 -0  0 0.00174444 2
1387950650.668871261 11.107 -0.410009 0 -1.68401 0 -0  0 0.00139596 2
1387950650.768906117 11.107 -0.410009 0 -1.677 0 -0  0 0.00122197 2
1387950650.868897014 11.107 -0.410009 0 -1.66701 0 -0  0 0.00174453 2
1387950650.968899330 11.107 -0.410009 0 -1.659 0 -0  0 0.00139813 2
1387950651.068897226 11.107 -0.410009 0 -1.649 0 -0  0 0.00174441 2
1387950651.168837779 11.107 -0.410009 0 -1.64101 0 -0  0 0.00139633 2
1387950651.268937957 11.107 -0.410009 0 -1.633 0 -0  0 0.00139676 2
1387950651.368891635 11.107 -0.410009 0 -1.62601 0 -0  0 0.00122029 2
1387950651.468905494 11.107 -0.410009 0 -1.618 0 -0  0 0.00139797 2
1387950651.568872295 11.107 -0.410009 0 -1.61 0 -0  0 0.00139596 2
1387950651.668837676 11.107 -0.410009 0 -1.60201 0 -0  0 0.00139598 2
1387950651.768859180 11.107 -0.410009 0 -1.592 0 -0  0 0.00174666 2
1387950651.868909727 11.107 -0.410009 0 -1.58501 0 -0  0 0.00121911 2
1387950651.968902597 11.107 -0.410009 0 -1.573 0 -0  0 0.00209606 2
1387950652.068906558 11.107 -0.410009 0 -1.56599 0 -0  0 0.00122234 2
1387950652.168856587 11.107 -0.410009 0 -1.55501 0 -0  0 0.00191843 2
1387950652.268880766 11.107 -0.410009 0 -1.54401 0 -0  0 0.00191967 2
1387950652.368908294 11.107 -0.410009 0 -1.534 0 -0  0 0.00174655 2
1387950652.693037988 11.107 -0.410009 0 -1.505 0 -0  0 0.00156111 2
1387950652.793303599 11.107 -0.410009 0 -1.496 0 -0  0 0.0015671 2
1387950652.893336047 11.107 -0.410009 0 -1.487 0 -0  0 0.00157076 2
1387950652.993356916 11.107 -0.410009 0 -1.479 0 -0  0 0.00139521 2
1387950653.093295243 11.107 -0.410009 0 -1.467 0 -0  0 0.0020972 2
1387950653.193354250 11.107 -0.410009 0 -1.459 0 -0  0 0.00139467 2
1387950653.293326050 11.107 -0.410009 0 -1.444 0 -0  0 0.00261863 2
1387950653.393351785 11.107 -0.410009 0 -1.433 0 -0  0 0.00191965 2
1387950653.493326894 11.107 -0.410009 0 -1.425 0 -0  0 0.00139584 2
1387950653.593363957 11.107 -0.410009 0 -1.416 0 -0  0 0.00157068 2
1387950653.693369956 11.107 -0.410009 0 -1.408 0 -0  0 0.00139541 2
1387950653.793353014 11.107 -0.410009 0 -1.397 0 -0  0 0.00192046 2
1387950653.893334302 11.107 -0.410009 0 -1.38699 0 -0  0 0.00174736 2
1387950653.993318407 11.107 -0.410009 0 -1.37401 0 -0  0 0.00226671 2
1387950654.093304850 11.107 -0.410009 0 -1.367 0 -0  0 0.00122256 2
1387950654.193334296 11.107 -0.410009 0 -1.362 0 -0  0 0.00087326 2
1387950654.293348943 11.107 -0.410009 0 -1.34801 0 -0  0 0.00244176 2
1387950654.393360700 11.107 -0.410009 0 -1.343 0 -0  0 0.000873414 2
1387950654.493326010 11.107 -0.410009 0 -1.33501 0 -0  0 0.00139598 2
1387950654.593285777 11.107 -0.410009 0 -1.32401 0 -0  0 0.00192091 2
1387950654.693302115 11.107 -0.410009 0 -1.315 0 -0  0 0.00157101 2
1387950654.793363011 11.107 -0.410009 0 -1.304 0 -0  0 0.00191897 2
1387950654.893292870 11.107 -0.410009 0 -1.29401 0 -0  0 0.00174559 2
1387950654.993362390 11.107 -0.410009 0 -1.285 0 -0  0 0.00157017 2
1387950655.093305445 11.107 -0.410009 0 -1.27701 0 -0  0 0.00139629 2
1387950655.193523310 11.107 -0.410009 0 -1.263 0 -0  0 0.00243947 2
1387950655.293542156 11.107 -0.410009 0 -1.25301 0 -0  0 0.00174404 2
1387950655.393570316 11.107 -0.410009 0 -1.242 0 -0  0 0.0019196 2
1387950655.493360958 11.107 -0.410009 0 -1.23199 0 -0  0 0.0017507 2
1387950655.593292349 11.107 -0.410009 0 -1.222 0 -0  0 0.00174557 2
1387950655.693321348 11.107 -0.410009 0 -1.211 0 -0  0 0.00191958 2
1387950655.793301565 11.107 -0.410009 0 -1.201 0 -0  0 0.00174472 2
1387950655.893362789 11.107 -0.410009 0 -1.192 0 -0  0 0.0015703 2
1387950655.993345264 11.107 -0.410009 0 -1.183 0 -0  0 0.00157154 2
1387950656.093325081 11.107 -0.410009 0 -1.175 0 -0  0 0.00139578 2
1387950656.193294587 11.107 -0.410009 0 -1.164 0 -0  0 0.00192072 2
1387950656.293297482 11.107 -0.410009 0 -1.15201 0 -0  0 0.00209318 2
1387950656.393300269 11.107 -0.410009 0 -1.144 0 -0  0 0.00139812 2
1387950656.493375490 11.107 -0.410009 0 -1.13499 0 -0  0 0.00157008 2
1387950656.593294846 11.107 -0.410009 0 -1.12801 0 -0  0 0.00122071 2
1387950656.693361392 11.107 -0.410009 0 -1.117 0 -0  0 0.00191886 2
1387950656.793365725 11.107 -0.410009 0 -1.11101 0 -0  0 0.00104658 2
1387950656.893367303 11.107 -0.410009 0 -1.103 0 -0  0 0.00139814 2
1387950656.993353320 11.107 -0.410009 0 -1.095 0 -0  0 0.00139569 2
1387950657.093327848 11.107 -0.410009 0 -1.089 0 -0  0 0.00104689 2
1387950657.193289424 11.107 -0.410009 0 -1.08099 0 -0  0 0.0013987 2
1387950657.293383708 11.107 -0.410009 0 -1.07401 0 -0  0 0.00121858 2
1387950657.393334540 11.107 -0.410009 0 -1.064 0 -0  0 0.00174789 2
1387950657.493559130 11.107 -0.410009 0 -1.05 0 -0  0 0.00243665 2
1387950657.593532069 11.107 -0.410009 0 -1.034 0 -0  0 0.00279441 2
1387950657.693526293 11.107 -0.410009 0 -1.021 0 -0  0 0.00226914 2
1387950657.793333903 11.107 -0.410009 0 -1.007 0 -0  0 0.00244683 2
1387950657.893353965 11.107 -0.410009 0 -0.990997 0 -0  0 0.0027931 2
1387950657.993320833 11.107 -0.410009 0 -0.977997 0 -0  0 0.00226977 2
1387950658.093311320 11.107 -0.410009 0 -0.971008 0 -0  0 0.00121984 2
1387950658.193362886 11.107 -0.410009 0 -0.951004 0 -0  0 0.0034896 2
1387950658.293368971 11.107 -0.410009 0 -0.931 0 -0  0 0.00349119 2
1387950658.393356468 11.107 -0.410009 0 -0.914993 0 -0  0 0.00279401 2
1387950658.493350756 11.107 -0.410009 0 -0.899994 0 -0  0 0.00261804 2
1387950658.593304771 11.107 -0.410009 0 -0.882996 0 -0  0 0.00296813 2
1387950658.693460817 11.107 -0.410009 0 -0.869995 0 -0  0 0.00226548 2
1387950658.793327440 11.107 -0.410009 0 -0.854996 0 -0  0 0.00262138 2
1387950658.893295775 11.107 -0.410009 0 -0.839005 0 -0  0 0.00279188 2
1387950658.993291018 11.107 -0.410009 0 -0.824997 0 -0  0 0.0024449 2
1387950659.093365526 11.107 -0.410009 0 -0.806 0 -0  0 0.00331317 2
1387950659.193293108 11.107 -0.410009 0 -0.791 0 -0  0 0.00261978 2
1387950659.293359140 11.107 -0.410009 0 -0.776001 0 -0  0 0.00261616 2
1387950659.393318408 11.107 -0.410009 0 -0.761993 0 -0  0 0.00244578 2
1387950659.493365434 11.107 -0.410009 0 -0.751007 0 -0  0 0.00191657 2
1387950659.593313930 11.107 -0.410009 0 -0.735001 0 -0  0 0.0027951 2
1387950659.693362024 11.107 -0.410009 0 -0.722 0 -0  0 0.00226792 2
1387950659.793306370 11.107 -0.410009 0 -0.708008 0 -0  0 0.00244348 2
1387950659.893380999 11.107 -0.410009 0 -0.688004 0 -0  0 0.0034888 2
1387950659.993319376 11.107 -0.410009 0 -0.671005 0 -0  0 0.00296859 2
1387950660.093378245 11.107 -0.410009 0 -0.654999 0 -0  0 0.00279201 2
1387950660.193333348 11.107 -0.410009 0 -0.641998 0 -0  0 0.00227003 2
1387950660.293367094 11.107 -0.410009 0 -0.623001 0 -0  0 0.00331452 2
1387950660.393329632 11.107 -0.410009 0 -0.606995 0 -0  0 0.0027947 2
1387950660.493299274 11.107 -0.410009 0 -0.597 0 -0  0 0.0017449 2
1387950660.593302838 11.107 -0.410009 0 -0.582001 0 -0  0 0.00261779 2
1387950660.693337151 11.107 -0.410009 0 -0.563995 0 -0  0 0.00314145 2
1387950660.793318231 11.107 -0.410009 0 -0.546997 0 -0  0 0.00296732 2
1387950660.893367472 11.107 -0.410009 0 -0.531006 0 -0  0 0.00278962 2
1387950660.993362384 11.107 -0.410009 0 -0.518005 0 -0  0 0.00226913 2
1387950661.093304327 11.107 -0.410009 0 -0.501999 0 -0  0 0.00279528 2
1387950661.193352408 11.107 -0.410009 0 -0.488007 0 -0  0 0.00244095 2
1387950661.293356412 11.107 -0.410009 0 -0.473999 0 -0  0 0.00244468 2
1387950661.393324263 11.107 -0.410009 0 -0.460999 0 -0  0 0.00226974 2
1387950661.493296491 11.107 -0.410009 0 -0.445007 0 -0  0 0.00279177 2
1387950661.593347516 11.107 -0.410009 0 -0.432007 0 -0  0 0.00226786 2
1387950661.693375740 11.107 -0.410009 0 -0.417999 0 -0  0 0.00244409 2
1387950661.793351141 11.107 -0.410009 0 -0.404999 0 -0  0 0.00226957 2
1387950661.893358750 11.107 -0.410009 0 -0.380997 0 -0  0 0.00418883 2
1387950661.993358054 11.107 -0.410009 0 -0.363998 0 -0  0 0.00296678 2
1387950662.093329263 11.107 -0.410009 0 -0.347 0 -0  0 0.00296762 2
1387950662.193352275 11.107 -0.410009 0 -0.333008 0 -0  0 0.00244156 2
1387950662.293312343 11.107 -0.410009 0 -0.320999 0 -0  0 0.00209675 2
1387950662.393306898 11.107 -0.410009 0 -0.309006 0 -0  0 0.00209336 2
1387950662.493319622 11.107 -0.410009 0 -0.294006 0 -0  0 0.00261755 2
1387950662.593319275 11.107 -0.410009 0 -0.278 0 -0  0 0.00279367 2
1387950662.693336561 11.107 -0.410009 0 -0.255997 0 -0  0 0.00383961 2
1387950662.793356412 11.107 -0.410009 0 -0.240005 0 -0  0 0.00279044 2
1387950662.893354551 11.107 -0.410009 0 -0.227005 0 -0  0 0.00226906 2
1387950662.993316235 11.107 -0.410009 0 -0.212997 0 -0  0 0.00244572 2
1387950663.093306660 11.107 -0.410009 0 -0.195007 0 -0  0 0.00314017 2
1387950663.193310233 11.107 -0.410009 0 -0.181 0 -0  0 0.00244469 2
1387950663.293378700 11.107 -0.410009 0 -0.164001 0 -0  0 0.00296473 2
1387950663.393358032 11.107 -0.410009 0 -0.151001 0 -0  0 0.00226948 2
1387950663.493327289 11.107 -0.410009 0 -0.136993 0 -0  0 0.00244553 2
1387950663.593328967 11.107 -0.410009 0 -0.121002 0 -0  0 0.00279095 2
1387950663.693363923 11.107 -0.410009 0 -0.108994 0 -0  0 0.00209518 2
1387950663.793354980 11.107 -0.410009 0 -0.0899963 0 -0  0 0.00331593 2
1387950663.893352198 11.107 -0.410009 0 -0.0740051 0 -0  0 0.00279107 2
1387950663.993292237 11.107 -0.410009 0 -0.0610046 0 -0  0 0.00227037 2
1387950664.093371403 11.107 -0.410009 0 -0.0440063 0 -0  0 0.00296441 2
1387950664.193300859 11.107 -0.410009 0 -0.029007 0 -0  0 0.00261974 2
1387950664.293312903 11.107 -0.410009 0 -0.0140076 0 -0  0 0.00261757 2
1387950664.393335870 11.107 -0.410009 0 0.00300598 0 0  0 0.00296874 2
1387950664.493356274 11.107 -0.410009 0 0.0160065 0 0  0 0.00226855 2
1387950664.593367869 11.107 -0.410009 0 0.0319977 0 0  0 0.00279067 2
1387950664.693296620 11.107 -0.410009 0 0.048996 0 0  0 0.00296888 2
1387950664.793376892 11.107 -0.410009 0 0.0639954 0 0  0 0.00261579 2
1387950664.893354628 11.107 -0.410009 0 0.0740051 0 0  0 0.00174742 2
1387950664.993295787 11.107 -0.410009 0 0.0970001 0 0  0 0.00401575 2
1387950665.093318805 11.107 -0.410009 0 0.113007 0 0  0 0.00279301 2
1387950665.193364901 11.107 -0.410009 0 0.128006 0 0  0 0.00261668 2
1387950665.293329123 11.107 -0.410009 0 0.141998 0 0  0 0.00244299 2
1387950665.393298931 11.107 -0.410009 0 0.158997 0 0  0 0.00296766 2
1387950665.493374559 11.107 -0.410009 0 0.171997 0 0  0 0.0022673 2
1387950665.593309006 11.107 -0.410009 0 0.132996 0 0  0 -0.0068115 2
1387950665.693363874 11.107 -0.410009 0 0.125992 0 0  0 -0.00122172 2
1387950665.793360057 11.107 -0.410009 0 -3.854 0 -0  0 -0.694667 2
1387950665.893358157 11.107 -0.410009 0 -18.933 0 -0  0 -2.63183 2
1387950665.993356117 11.107 -0.410009 0 -38.197 0 -0  0 -3.36227 2
1387950666.093293553 11.107 -0.410009 0 -63.717 0 -0  0 -4.45687 2
1387950666.193372978 11.107 -0.410009 0 -88.688 0 -0  0 -4.3548 2
1387950666.293294707 11.107 -0.410009 0 -105.889 -0 0  0 -3.00449 2
1387950666.393359833 11.107 -0.410009 0 -117.803 -0 0  0 -2.07803 2
1387950666.493370279 11.107 -0.410009 0 -121.359 -0 0  0 -0.620574 2
1387950666.593326712 11.107 -0.410009 0 -114.187 -0 0  0 1.2523 2
1387950666.693366659 11.107 -0.410009 0 -104.894 -0 0  0 1.62129 2
1387950666.793316662 11.107 -0.410009 0 -98.887 -0 0  0 1.04894 2
1387950666.893350498 11.107 -0.410009 0 -95.409 -0 0  0 0.60682 2
1387950666.993355539 11.107 -0.410009 0 -94.469 -0 0  0 0.164053 2
1387950667.093382459 11.107 -0.410009 0 -94.811 -0 0  0 -0.0596747 2
1387950667.193302112 11.107 -0.410009 0 -94.018 -0 0  0 0.138517 2
1387950667.293383219 11.107 -0.410009 0 -92.653 -0 0  0 0.238044 2
1387950667.393355957 11.107 -0.410009 0 -91.077 -0 0  0 0.275138 2
1387950667.720067189 11.107 -0.410009 0 -97.273 -0 0  0 -0.330997 2
1387950667.820387269 11.107 -0.410009 0 -105.851 -0 0  0 -1.49237 2
1387950667.920335957 11.107 -0.410009 0 -112.91 -0 0  0 -1.23266 2
1387950668.020375383 11.107 -0.410009 0 -118.448 -0 0  0 -0.966181 2
1387950668.120336925 11.107 -0.410009 0 -122.975 -0 0  0 -0.790415 2
1387950668.220348803 11.107 -0.410009 0 -124.69 -0 0  0 -0.299289 2
1387950668.320407244 11.107 -0.410009 0 -123.044 -0 0  0 0.287114 2
1387950668.420409872 11.107 -0.410009 0 -120.898 -0 0  0 0.374537 2
1387950668.520410173 11.107 -0.410009 0 -119.167 -0 0  0 0.302116 2
1387950668.620408954 11.107 -0.410009 0 -121.423 -0 0  0 -0.393752 2
1387950668.720407523 11.107 -0.410009 0 -123.028 -0 0  0 -0.280129 2
1387950668.820377332 11.107 -0.410009 0 -123.96 -0 0  0 -0.162714 2
1387950668.920340257 11.107 -0.410009 0 -125.422 -0 0  0 -0.255261 2
1387950669.020353801 11.107 -0.410009 0 -126.842 -0 0  0 -0.247804 2
1387950669.120394262 11.107 -0.410009 0 -127.259 -0 0  0 -0.0727508 2
1387950669.220409253 11.107 -0.410009 0 -126.019 -0 0  0 0.216389 2
1387950669.320371117 11.107 -0.410009 0 -123.384 -0 0  0 0.460069 2
1387950669.420337305 11.107 -0.410009 0 -119.664 -0 0  0 0.649482 2
1387950669.520421238 11.107 -0.410009 0 -115.55 -0 0  0 0.717426 2
1387950669.620400195 11.107 -0.410009 0 -114.079 -0 0  0 0.256792 2
1387950669.720398656 11.107 -0.410009 0 -116.027 -0 0  0 -0.339995 2
1387950669.820339458 11.107 -0.410009 0 -118.538 -0 0  0 -0.438512 2
1387950669.920366404 11.107 -0.410009 0 -121.082 -0 0  0 -0.443892 2
1387950670.020345759 11.107 -0.410009 0 -121.175 -0 0  0 -0.0162353 2
1387950670.120408119 11.107 -0.410009 0 -119.372 -0 0  0 0.314487 2
1387950670.220574334 11.107 -0.410009 0 -115.76 -0 0  0 0.629367 2
1387950670.320514479 11.107 -0.410009 0 -111.663 -0 0  0 0.71549 2
1387950670.420571886 11.107 -0.410009 0 -106.221 -0 0  0 0.949263 2
1387950670.520540675 11.107 -0.410009 0 -100.986 -0 0  0 0.913965 2
1387950670.620388036 11.107 -0.410009 0 -97.778 -0 0  0 0.560758 2
1387950670.720400080 11.107 -0.410009 0 -98.833 -0 0  0 -0.18411 2
1387950670.820343139 11.107 -0.410009 0 -101.113 -0 0  0 -0.398162 2
1387950670.920416528 11.107 -0.410009 0 -104.668 -0 0  0 -0.62001 2
1387950671.020404511 11.107 -0.410009 0 -107.061 -0 0  0 -0.417708 2
1387950671.120402867 11.107 -0.410009 0 -106.298 -0 0  0 0.133171 2
1387950671.220396906 11.107 -0.410009 0 -101.158 -0 0  0 0.897154 2
1387950671.320330896 11.107 -0.410009 0 -92.536 -0 0  0 1.50582 2
1387950671.420408769 11.107 -0.410009 0 -87.817 0 -0  0 0.82298 2
1387950671.520367408 11.107 -0.410009 0 -85.939 0 -0  0 0.327908 2
1387950671.620351951 11.107 -0.410009 0 -85.983 0 -0  0 -0.00768041 2
1387950671.720420471 11.107 -0.410009 0 -88.638 0 -0  0 -0.463067 2
1387950671.820394451 11.107 -0.410009 0 -88.909 0 -0  0 -0.0473114 2
1387950671.920402254 11.107 -0.410009 0 -86.088 0 -0  0 0.49232 2
1387950672.020421960 11.107 -0.410009 0 -85.168 0 -0  0 0.160538 2
1387950672.120398787 11.107 -0.410009 0 -84.067 0 -0  0 0.192205 2
1387950672.220338862 11.107 -0.410009 0 -81.114 0 -0  0 0.515705 2
1387950672.320339735 11.107 -0.410009 0 -81.558 0 -0  0 -0.077492 2
1387950672.420345111 11.107 -0.410009 0 -83.659 0 -0  0 -0.366675 2
1387950672.520371078 11.107 -0.410009 0 -86.481 0 -0  0 -0.492404 2
1387950672.620376701 11.107 -0.410009 0 -89.295 0 -0  0 -0.491107 2
1387950672.720401950 11.107 -0.410009 0 -92.072 -0 0  0 -0.484556 2
1387950672.820408263 11.107 -0.410009 0 -94.511 -0 0  0 -0.425659 2
1387950672.920390059 11.107 -0.410009 0 -96.717 -0 0  0 -0.38509 2
1387950673.020370519 11.107 -0.410009 0 -95.192 -0 0  0 0.266215 2
1387950673.120374042 11.107 -0.410009 0 -90.683 -0 0  0 0.786942 2
1387950673.220395131 11.107 -0.410009 0 -89.846 0 -0  0 0.146053 2
1387950673.320360681 11.107 -0.410009 0 -90.942 -0 0  0 -0.191354 2
1387950673.420365734 11.107 -0.410009 0 -92.711 -0 0  0 -0.308733 2
1387950673.520415081 11.107 -0.410009 0 -93.06 -0 0  0 -0.0608818 2
1387950673.620400337 11.107 -0.410009 0 -95.52 -0 0  0 -0.429415 2
1387950673.720408906 11.107 -0.410009 0 -98.673 -0 0  0 -0.550255 2
1387950673.820369055 11.107 -0.410009 0 -98.187 -0 0  0 0.0848568 2
1387950673.920329791 11.107 -0.410009 0 -94.972 -0 0  0 0.561344 2
1387950674.020360487 11.107 -0.410009 0 -90.869 -0 0  0 0.715888 2
1387950674.120344699 11.107 -0.410009 0 -84.808 0 -0  0 1.05801 2
1387950674.220414947 11.107 -0.410009 0 -76.041 0 -0  0 1.52906 2
1387950674.320396606 11.107 -0.410009 0 -70.927 0 -0  0 0.892725 2
1387950674.420383505 11.107 -0.410009 0 -67.494 0 -0  0 0.59925 2
1387950674.520365803 11.107 -0.410009 0 -66.016 0 -0  0 0.258005 2
1387950674.620344087 11.107 -0.410009 0 -65.623 0 -0  0 0.0686073 2
1387950674.720403812 11.107 -0.410009 0 -65.689 0 -0  0 -0.0115113 2
1387950674.820393382 11.107 -0.410009 0 -64.452 0 -0  0 0.21592 2
1387950674.920396288 11.107 -0.410009 0 -63.872 0 -0  0 0.101226 2
1387950675.020336134 11.107 -0.410009 0 -63.367 0 -0  0 0.0881904 2
1387950675.120404310 11.107 -0.410009 0 -62.005 0 -0  0 0.237552 2
1387950675.220374357 11.107 -0.410009 0 -59.294 0 -0  0 0.4733 2
1387950675.320338851 11.107 -0.410009 0 -56.131 0 -0  0 0.552245 2
1387950675.420405949 11.107 -0.410009 0 -55.058 0 -0  0 0.187148 2
1387950675.520337817 11.107 -0.410009 0 -58.402 0 -0  0 -0.584038 2
1387950675.620404100 11.107 -0.410009 0 -61.75 0 -0  0 -0.583948 2
1387950675.720400341 11.107 -0.410009 0 -62.872 0 -0  0 -0.195832 2
1387950675.820397908 11.107 -0.410009 0 -63.753 0 -0  0 -0.153769 2
1387950675.920411563 11.107 -0.410009 0 -64.07 0 -0  0 -0.0553196 2
1387950676.020398524 11.107 -0.410009 0 -63.531 0 -0  0 0.0940858 2
1387950676.120370933 11.107 -0.410009 0 -63.057 0 -0  0 0.0827513 2
1387950676.220396462 11.107 -0.410009 0 -62.471 0 -0  0 0.10225 2
1387950676.320397127 11.107 -0.410009 0 -61.935 0 -0  0 0.0935509 2
1387950676.420397297 11.107 -0.410009 0 -61.785 0 -0  0 0.0261788 2
1387950676.520406113 11.107 -0.410009 0 -61.664 0 -0  0 0.021117 2
1387950676.620400268 11.107 -0.410009 0 -61.407 0 -0  0 0.0448582 2
1387950676.720336358 11.107 -0.410009 0 -61.547 0 -0  0 -0.0244501 2
1387950676.820343930 11.107 -0.410009 0 -61.093 0 -0  0 0.079231 2
1387950676.920341255 11.107 -0.410009 0 -60.064 0 -0  0 0.1796 2
1387950677.020404341 11.107 -0.410009 0 -60.003 0 -0  0 0.0106379 2
1387950677.120343290 11.107 -0.410009 0 -59.937 0 -0  0 0.0115279 2
1387950677.220404312 11.107 -0.410009 0 -59.279 0 -0  0 0.114771 2
1387950677.320329528 11.107 -0.410009 0 -59.098 0 -0  0 0.0316141 2
1387950677.420404342 11.107 -0.410009 0 -59.074 0 -0  0 0.00418602 2
1387950677.520388687 11.107 -0.410009 0 -58.646 0 -0  0 0.0747134 2
1387950677.620373205 11.107 -0.410009 0 -58.473 0 -0  0 0.0301969 2
1387950677.720402908 11.107 -0.410009 0 -58.427 0 -0  0 0.00802705 2
1387950677.820408071 11.107 -0.410009 0 -58.347 0 -0  0 0.0139622 2
1387950677.920340081 11.107 -0.410009 0 -58.149 0 -0  0 0.0345807 2
1387950678.020416560 11.107 -0.410009 0 -58.029 0 -0  0 0.0209271 2
1387950678.120341192 11.107 -0.410009 0 -57.934 0 -0  0 0.0165933 2
1387950678.220406311 11.107 -0.410009 0 -58.05 0 -0  0 -0.0202322 2
1387950678.320406075 11.107 -0.410009 0 -58.334 0 -0  0 -0.0495669 2
1387950678.420340611 11.107 -0.410009 0 -58.58 0 -0  0 -0.0429636 2
1387950678.520377796 11.107 -0.410009 0 -58.87 0 -0  0 -0.0505946 2
1387950678.620334784 11.107 -0.410009 0 -59.577 0 -0  0 -0.123448 2
1387950678.720411751 11.107 -0.410009 0 -61.099 0 -0  0 -0.265435 2
1387950678.820401733 11.107 -0.410009 0 -63.215 0 -0  0 -0.369348 2
1387950678.920396990 11.107 -0.410009 0 -68.63 0 -0  0 -0.945141 2
1387950679.020395329 11.107 -0.410009 0 -75.725 0 -0  0 -1.23833 2
1387950679.120397600 11.107 -0.410009 0 -80.741 0 -0  0 -0.875437 2
1387950679.220401040 11.107 -0.410009 0 -82.496 0 -0  0 -0.306296 2
1387950679.320395042 11.107 -0.410009 0 -81.425 0 -0  0 0.186936 2
1387950679.420406919 11.107 -0.410009 0 -80.979 0 -0  0 0.0778323 2
1387950679.520407459 11.107 -0.410009 0 -79.171 0 -0  0 0.315555 2
1387950679.620368996 11.107 -0.410009 0 -75.663 0 -0  0 0.612496 2
1387950679.720405945 11.107 -0.410009 0 -72.351 0 -0  0 0.57784 2
1387950679.820332477 11.107 -0.410009 0 -71.482 0 -0  0 0.15178 2
1387950679.920337391 11.107 -0.410009 0 -74.216 0 -0  0 -0.47715 2
1387950680.020408372 11.107 -0.410009 0 -78.662 0 -0  0 -0.775423 2
1387950680.120369743 11.107 -0.410009 0 -81.576 0 -0  0 -0.508786 2
1387950680.220352305 11.107 -0.410009 0 -86.37 0 -0  0 -0.836857 2
1387950680.320383761 11.107 -0.410009 0 -88.771 0 -0  0 -0.418922 2
1387950680.420403134 11.107 -0.410009 0 -89.622 0 -0  0 -0.148498 2
1387950680.520400045 11.107 -0.410009 0 -89.499 0 -0  0 0.0214684 2
1387950680.620401021 11.107 -0.410009 0 -88.775 0 -0  0 0.12636 2
1387950680.720411303 11.107 -0.410009 0 -86.095 0 -0  0 0.4677 2
1387950680.820378472 11.107 -0.410009 0 -85.207 0 -0  0 0.155036 2
1387950680.920339140 11.107 -0.410009 0 -87.279 0 -0  0 -0.361774 2
1387950681.020370460 11.107 -0.410009 0 -90.517 -0 0  0 -0.56496 2
1387950681.120345120 11.107 -0.410009 0 -92.599 -0 0  0 -0.36347 2
1387950681.220348091 11.107 -0.410009 0 -94.271 -0 0  0 -0.291811 2
1387950681.320372251 11.107 -0.410009 0 -98.897 -0 0  0 -0.807194 2
1387950681.420399736 11.107 -0.410009 0 -97.388 -0 0  0 0.263298 2
1387950681.520400376 11.107 -0.410009 0 -86.735 0 -0  0 1.85929 2
1387950681.620346825 11.107 -0.410009 0 -69.892 0 -0  0 2.94123 2
1387950681.720409475 11.107 -0.410009 0 -57.425 0 -0  0 2.17454 2
1387950681.820361271 11.107 -0.410009 0 -48.908 0 -0  0 1.48721 2
1387950681.920377655 11.107 -0.410009 0 -44.166 0 -0  0 0.8275 2
1387950682.020401183 11.107 -0.410009 0 -44.989 0 -0  0 -0.143606 2
1387950682.120370651 11.107 -0.410009 0 -45.493 0 -0  0 -0.0879911 2
1387950682.220395109 11.107 -0.410009 0 -46.983 0 -0  0 -0.259991 2
1387950682.320408276 11.107 -0.410009 0 -47.77 0 -0  0 -0.13734 2
1387950682.420359663 11.107 -0.410009 0 -48.189 0 -0  0 -0.0731633 2
1387950682.720345012 11.107 -0.410009 0 -51.46 0 -0  0 -0.190309 2
1387950682.820417749 11.107 -0.410009 0 -39.77 0 -0  0 2.03881 2
1387950682.920394519 11.107 -0.410009 0 -38.464 0 -0  0 0.227993 2
1387950683.020382230 11.107 -0.410009 0 -35.554 0 -0  0 0.507954 2
1387950683.120401229 11.107 -0.410009 0 -35.441 0 -0  0 0.0197196 2
1387950683.220395970 11.107 -0.410009 0 -36.804 0 -0  0 -0.237902 2
1387950683.320372137 11.107 -0.410009 0 -39.399 0 -0  0 -0.453021 2
1387950683.420400362 11.107 -0.410009 0 -40.294 0 -0  0 -0.156164 2
1387950683.520335231 11.107 -0.410009 0 -39.554 0 -0  0 0.129239 2
1387950683.620362902 11.107 -0.410009 0 -38.641 0 -0  0 0.159303 2
1387950683.720335128 11.107 -0.410009 0 -36.342 0 -0  0 0.401365 2
1387950683.820341633 11.107 -0.410009 0 -20.721 0 -0  0 2.7262 2
1387950683.920356722 11.107 -0.410009 0 -20.503 0 -0  0 0.0380428 2
1387950684.020345058 11.107 -0.410009 0 -23.992 0 -0  0 -0.609016 2
1387950684.120397556 11.107 -0.410009 0 -26.727 0 -0  0 -0.477097 2
1387950684.220390213 11.107 -0.410009 0 -31.305 0 -0  0 -0.799071 2
1387950684.320395989 11.107 -0.410009 0 -33.375 0 -0  0 -0.361261 2
1387950684.420338310 11.107 -0.410009 0 -33.624 0 -0  0 -0.0434852 2
1387950684.720359956 11.107 -0.410009 0 -34.662 0 -0  0 -0.0603837 2
1387950684.920338208 11.107 -0.410009 0 -34.785 0 -0  0 -0.010735 2
1387950685.020332801 11.107 -0.410009 0 -34.166 0 -0  0 0.108042 2
1387950685.220342552 11.107 -0.410009 0 -35.016 0 -0  0 -0.0741734 2
1387950685.320410941 11.107 -0.410009 0 -40.557 0 -0  0 -0.966426 2
1387950685.520339615 11.107 -0.410009 0 -41.491 0 -0  0 -0.0815351 2
1387950685.620387352 11.107 -0.410009 0 -41.493 0 -0  0 -0.000348708 2
1387950685.720338816 11.107 -0.410009 0 -40.788 0 -0  0 0.123106 2
1387950685.920338130 11.107 -0.410009 0 -39.378 0 -0  0 0.123045 2
1387950686.020330883 11.107 -0.410009 0 -39.304 0 -0  0 0.0129173 2
1387950686.120391854 11.107 -0.410009 0 -38.678 0 -0  0 0.109192 2
1387950686.220337595 11.107 -0.410009 0 -39.892 0 -0  0 -0.211999 2
1387950686.320383907 11.107 -0.410009 0 -39.98 0 -0  0 -0.0153513 2
1387950686.420332202 11.107 -0.410009 0 -40.238 0 -0  0 -0.0450547 2
1387950686.520348872 11.107 -0.410009 0 -40.235 0 -0  0 0.000524555 2
1387950686.620335518 11.107 -0.410009 0 -40.045 0 -0  0 0.0331661 2
1387950686.720377097 11.107 -0.410009 0 -38.905 0 -0  0 0.198885 2
1387950686.820396282 11.107 -0.410009 0 -38.917 0 -0  0 -0.00209551 2
1387950686.920376528 11.107 -0.410009 0 -38.913 0 -0  0 0.00070055 2
1387950687.020331954 11.107 -0.410009 0 -38.912 0 -0  0 0.000173183 2
1387950687.120344381 11.107 -0.410009 0 -38.923 0 -0  0 -0.0019199 2
1387950687.220347797 11.107 -0.410009 0 -38.93 0 -0  0 -0.00122235 2
1387950687.320426913 11.107 -0.410009 0 -38.924 0 -0  0 0.00104846 2
1387950687.420378354 11.107 -0.410009 0 -38.923 0 -0  0 0.00017319 2
1387950687.520377431 11.107 -0.410009 0 -38.925 0 -0  0 -0.000348877 2
1387950687.620374047 11.107 -0.410009 0 -38.928 0 -0  0 -0.000521997 2
1387950687.720415901 11.107 -0.410009 0 -38.936 0 -0  0 -0.00139757 2
1387950687.820413274 11.107 -0.410009 0 -38.927 0 -0  0 0.00157131 2
1387950687.920398593 11.107 -0.410009 0 -38.933 0 -0  0 -0.00104678 2
1387950688.020384516 11.107 -0.410009 0 -38.93 0 -0  0 0.000522053 2
1387950688.120369896 11.107 -0.410009 0 -38.93 0 -0  0 0 2
1387950688.220368243 11.107 -0.410009 0 -38.938 0 -0  0 -0.00139552 2
1387950688.320397534 11.107 -0.410009 0 -38.953 0 -0  0 -0.00261712 2
1387950688.420370169 11.107 -0.410009 0 -38.967 0 -0  0 -0.00244279 2
1387950688.520340135 11.107 -0.410009 0 -38.903 0 -0  0 0.0111727 2
1387950688.620412122 11.107 -0.410009 0 -38.663 0 -0  0 0.0418587 2
1387950688.720395996 11.107 -0.410009 0 -38.328 0 -0  0 0.0584765 2
1387950688.820396922 11.107 -0.410009 0 -38.299 0 -0  0 0.00506262 2
1387950688.920400939 11.107 -0.410009 0 -38.305 0 -0  0 -0.00104924 2
1387950689.020362455 11.107 -0.410009 0 -38.305 0 -0  0 0 2
1387950689.120368068 11.107 -0.410009 0 -38.328 0 -0  0 -0.00401316 2
1387950689.220362227 11.107 -0.410009 0 -38.351 0 -0  0 -0.00401362 2
1387950689.320337300 11.107 -0.410009 0 -38.377 0 -0  0 -0.00453916 2
1387950689.420395101 11.107 -0.410009 0 -38.346 0 -0  0 0.00540576 2
1387950689.520345866 11.107 -0.410009 0 -38.345 0 -0  0 0.000175855 2
1387950689.620407278 11.107 -0.410009 0 -38.342 0 -0  0 0.000524321 2
1387950689.720383502 11.107 -0.410009 0 -38.355 0 -0  0 -0.00226955 2
1387950689.820401165 11.107 -0.410009 0 -38.341 0 -0  0 0.00244169 2
1387950689.920342236 11.107 -0.410009 0 -38.339 0 -0  0 0.00034908 2
1387950690.020347413 11.107 -0.410009 0 -38.301 0 -0  0 0.00663359 2
1387950690.120377988 11.107 -0.410009 0 -38.302 0 -0  0 -0.000175715 2
1387950690.220544188 11.107 -0.410009 0 -38.306 0 -0  0 -0.00069659 2
1387950690.320552855 11.107 -0.410009 0 -38.296 0 -0  0 0.00174422 2
1387950690.475302236 11.107 -0.410009 0 -37.876 0 -0  0 0.0473692 2
1387950690.520331426 11.107 -0.410009 0 -37.713 0 -0  0 0.0631825 2
1387950690.620382703 11.107 -0.410009 0 -37.707 0 -0  0 0.00104609 2
1387950690.720370192 11.107 -0.410009 0 -37.708 0 -0  0 -0.000175791 2
1387950690.820370316 11.107 -0.410009 0 -37.703 0 -0  0 0.000873516 2
1387950690.920371322 11.107 -0.410009 0 -37.708 0 -0  0 -0.000873508 2
1387950691.020358513 11.107 -0.410009 0 -37.706 0 -0  0 0.000351582 2
1387950691.120377482 11.107 -0.410009 0 -37.704 0 -0  0 0.000348808 2
1387950691.220348325 11.107 -0.410009 0 -37.688 0 -0  0 0.00279181 2
1387950691.320347587 11.107 -0.410009 0 -37.602 0 -0  0 0.0150097 2
1387950691.420345561 11.107 -0.410009 0 -37.43 0 -0  0 0.0300198 2
1387950691.520372258 11.107 -0.410009 0 -37.366 0 -0  0 0.011169 2
1387950691.620364709 11.107 -0.410009 0 -36.979 0 -0  0 0.0675482 2
1387950691.720338360 11.107 -0.410009 0 -36.881 0 -0  0 0.01711 2
1387950691.820347670 11.107 -0.410009 0 -36.892 0 -0  0 -0.00191996 2
1387950691.920341082 11.107 -0.410009 0 -36.86 0 -0  0 0.00558502 2
1387950692.020415463 11.107 -0.410009 0 -36.811 0 -0  0 0.00854505 2
1387950692.120337590 11.107 -0.410009 0 -36.632 0 -0  0 0.0312659 2
1387950692.220397386 11.107 -0.410009 0 -36.634 0 -0  0 -0.000348666 2
1387950692.320395406 11.107 -0.410009 0 -36.639 0 -0  0 -0.000873534 2
1387950692.420357469 11.107 -0.410009 0 -36.659 0 -0  0 -0.00349007 2
1387950692.520376595 11.107 -0.410009 0 -36.705 0 -0  0 -0.0080279 2
1387950692.620376362 11.107 -0.410009 0 -36.703 0 -0  0 0.000348875 2
1387950692.720332254 11.107 -0.410009 0 -36.71 0 -0  0 -0.00122293 2
1387950692.820369128 11.107 -0.410009 0 -36.714 0 -0  0 -0.000697491 2
1387950692.920371231 11.107 -0.410009 0 -36.72 0 -0  0 -0.0010466 2
1387950693.020411063 11.107 -0.410009 0 -36.723 0 -0  0 -0.000524434 2
1387950693.120416130 11.107 -0.410009 0 -36.727 0 -0  0 -0.000697713 2
1387950693.220335761 11.107 -0.410009 0 -36.729 0 -0  0 -0.000349155 2
1387950693.320387916 11.107 -0.410009 0 -36.731 0 -0  0 -0.000348692 2
1387950693.420347917 11.107 -0.410009 0 -36.734 0 -0  0 -0.000522188 2
1387950693.520407839 11.107 -0.410009 0 -36.738 0 -0  0 -0.000699992 2
1387950693.620339335 11.107 -0.410009 0 -36.741 0 -0  0 -0.000522337 2
1387950693.720422612 11.107 -0.410009 0 -36.742 0 -0  0 -0.000175622 2
1387950693.820407500 11.107 -0.410009 0 -36.745 0 -0  0 -0.000522058 2
1387950693.920398906 11.107 -0.410009 0 -36.751 0 -0  0 -0.00104938 2
1387950694.020399220 11.107 -0.410009 0 -36.754 0 -0  0 -0.000521978 2
1387950694.120410104 11.107 -0.410009 0 -36.757 0 -0  0 -0.000524586 2
1387950694.220354665 11.107 -0.410009 0 -36.761 0 -0  0 -0.000698135 2
1387950694.320414230 11.107 -0.410009 0 -36.763 0 -0  0 -0.000348666 2
1387950694.420428059 11.107 -0.410009 0 -36.764 0 -0  0 -0.000175744 2
1387950694.520450422 11.107 -0.410009 0 -36.764 0 -0  0 0 2
1387950694.620338243 11.107 -0.410009 0 -36.762 0 -0  0 0.000351932 2
1387950694.720345054 11.107 -0.410009 0 -36.767 0 -0  0 -0.000873457 2
1387950694.820419826 11.107 -0.410009 0 -36.771 0 -0  0 -0.000697227 2
1387950694.920360302 11.107 -0.410009 0 -36.772 0 -0  0 -0.000175873 2
1387950695.020374352 11.107 -0.410009 0 -36.775 0 -0  0 -0.000521906 2
1387950695.120398695 11.107 -0.410009 0 -36.777 0 -0  0 -0.000351452 2
1387950695.220379737 11.107 -0.410009 0 -36.778 0 -0  0 -0.000173138 2
1387950695.320370870 11.107 -0.410009 0 -36.781 0 -0  0 -0.000524689 2
1387950695.420376252 11.107 -0.410009 0 -36.785 0 -0  0 -0.000697711 2
1387950695.520368641 11.107 -0.410009 0 -36.787 0 -0  0 -0.000348901 2
1387950695.620369618 11.107 -0.410009 0 -36.789 0 -0  0 -0.000348871 2
1387950695.720368474 11.107 -0.410009 0 -36.777 0 -0  0 0.00209327 2
1387950695.820403568 11.107 -0.410009 0 -36.835 0 -0  0 -0.0101191 2
1387950695.920371718 11.107 -0.410009 0 -36.782 0 -0  0 0.00925477 2
1387950696.020336740 11.107 -0.410009 0 -36.979 0 -0  0 -0.0343961 2
1387950696.120409261 11.107 -0.410009 0 -36.628 0 -0  0 0.0612163 2
1387950696.220369772 11.107 -0.410009 0 -37.99 0 -0  0 -0.237808 2
1387950696.320390581 11.107 -0.410009 0 -38.443 0 -0  0 -0.0790475 2
1387950696.420369651 11.107 -0.410009 0 -36.333 0 -0  0 0.368342 2
1387950696.520338976 11.107 -0.410009 0 -35.61 0 -0  0 0.126227 2
1387950696.620374098 11.107 -0.410009 0 -35.563 0 -0  0 0.00819966 2
1387950696.720412584 11.107 -0.410009 0 -35.589 0 -0  0 -0.00453628 2
1387950696.820398516 11.107 -0.410009 0 -35.602 0 -0  0 -0.00226933 2
1387950696.920371524 11.107 -0.410009 0 -35.608 0 -0  0 -0.0010469 2
1387950697.020408442 11.107 -0.410009 0 -35.602 0 -0  0 0.00104624 2
1387950697.120337618 11.107 -0.410009 0 -35.598 0 -0  0 0.000698243 2
1387950697.220404614 11.107 -0.410009 0 -35.619 0 -0  0 -0.00366206 2
1387950697.320413925 11.107 -0.410009 0 -35.619 0 -0  0 0 2
1387950697.420344601 11.107 -0.410009 0 -35.624 0 -0  0 -0.000874123 2
1387950697.520384481 11.107 -0.410009 0 -35.625 0 -0  0 -0.000173036 2
1387950697.620374298 11.107 -0.410009 0 -35.632 0 -0  0 -0.00122252 2
1387950697.720344074 11.107 -0.410009 0 -35.634 0 -0  0 -0.00034898 2
1387950697.820420951 11.107 -0.410009 0 -35.636 0 -0  0 -0.000348606 2
1387950697.920338249 11.107 -0.410009 0 -35.639 0 -0  0 -0.000525077 2
1387950698.020360531 11.107 -0.410009 0 -35.644 0 -0  0 -0.00087066 2
1387950698.120347583 11.107 -0.410009 0 -35.647 0 -0  0 -0.000524711 2
1387950698.220354591 11.107 -0.410009 0 -35.651 0 -0  0 -0.000697699 2
1387950698.320417304 11.107 -0.410009 0 -35.655 0 -0  0 -0.000697311 2
1387950698.420372803 11.107 -0.410009 0 -35.655 0 -0  0 0 2
1387950698.520368105 11.107 -0.410009 0 -35.655 0 -0  0 0 2
1387950698.620391305 11.107 -0.410009 0 -35.658 0 -0  0 -0.000524521 2
1387950698.720366522 11.107 -0.410009 0 -35.664 0 -0  0 -0.00104688 2
1387950698.820407583 11.107 -0.410009 0 -35.666 0 -0  0 -0.000348731 2
1387950698.920340311 11.107 -0.410009 0 -35.667 0 -0  0 -0.000175887 2
1387950699.020342544 11.107 -0.410009 0 -35.669 0 -0  0 -0.000348866 2
1387950699.120378896 11.107 -0.410009 0 -35.674 0 -0  0 -0.000870537 2
1387950699.220373020 11.107 -0.410009 0 -35.677 0 -0  0 -0.000524674 2
1387950699.320406570 11.107 -0.410009 0 -35.682 0 -0  0 -0.000873224 2
1387950699.420371467 11.107 -0.410009 0 -35.684 0 -0  0 -0.000348997 2
1387950699.520370486 11.107 -0.410009 0 -35.687 0 -0  0 -0.000521985 2
1387950699.620337859 11.107 -0.410009 0 -35.688 0 -0  0 -0.000175826 2
1387950699.720376756 11.107 -0.410009 0 -35.691 0 -0  0 -0.000521777 2
1387950699.820369308 11.107 -0.410009 0 -35.694 0 -0  0 -0.000524682 2
1387950699.920368054 11.107 -0.410009 0 -35.697 0 -0  0 -0.000524649 2
1387950700.020393096 11.107 -0.410009 0 -35.696 0 -0  0 0.000175725 2
1387950700.120338815 11.107 -0.410009 0 -35.703 0 -0  0 -0.00122305 2
1387950700.220382958 11.107 -0.410009 0 -35.716 0 -0  0 -0.00226801 2
1387950700.320343971 11.107 -0.410009 0 -35.777 0 -0  0 -0.0106515 2
1387950700.420377883 11.107 -0.410009 0 -36.253 0 -0  0 -0.0830491 2
1387950700.520407456 11.107 -0.410009 0 -36.87 0 -0  0 -0.107653 2
1387950700.620344291 11.107 -0.410009 0 -36.814 0 -0  0 0.00977998 2
1387950700.720411387 11.107 -0.410009 0 -36.668 0 -0  0 0.025464 2
1387950700.820337030 11.107 -0.410009 0 -36.637 0 -0  0 0.00541557 2
1387950700.920378270 11.107 -0.410009 0 -36.412 0 -0  0 0.0392521 2
1387950701.020402595 11.107 -0.410009 0 -35.507 0 -0  0 0.157914 2
1387950701.120370017 11.107 -0.410009 0 -35.391 0 -0  0 0.0202519 2
1387950701.220395285 11.107 -0.410009 0 -35.424 0 -0  0 -0.0057563 2
1387950701.320369036 11.107 -0.410009 0 -35.432 0 -0  0 -0.00139853 2
1387950701.420367919 11.107 -0.410009 0 -35.429 0 -0  0 0.000524649 2
1387950701.520367693 11.107 -0.410009 0 -35.434 0 -0  0 -0.000873519 2
1387950701.620338047 11.107 -0.410009 0 -35.431 0 -0  0 0.000524798 2
1387950701.720377135 11.107 -0.410009 0 -35.432 0 -0  0 -0.0001757 2
1387950701.820369892 11.107 -0.410009 0 -35.434 0 -0  0 -0.000348899 2
1387950701.920339919 11.107 -0.410009 0 -35.435 0 -0  0 -0.000173157 2
1387950702.020407732 11.107 -0.410009 0 -35.437 0 -0  0 -0.000348638 2
1387950702.120372654 11.107 -0.410009 0 -35.44 0 -0  0 -0.000524827 2
1387950702.220337813 11.107 -0.410009 0 -35.442 0 -0  0 -0.000348996 2
1387950702.320363262 11.107 -0.410009 0 -35.446 0 -0  0 -0.000697571 2
1387950702.420375260 11.107 -0.410009 0 -35.446 0 -0  0 0 2
1387950702.520442622 11.107 -0.410009 0 -35.449 0 -0  0 -0.00052429 2
1387950702.620411808 11.107 -0.410009 0 -35.452 0 -0  0 -0.00052214 2
1387950702.720372894 11.107 -0.410009 0 -35.455 0 -0  0 -0.000524847 2
1387950702.820371326 11.107 -0.410009 0 -35.458 0 -0  0 -0.000524651 2
1387950702.920371890 11.107 -0.410009 0 -35.462 0 -0  0 -0.000697744 2
1387950703.020393048 11.107 -0.410009 0 -35.465 0 -0  0 -0.000521869 2
1387950703.120358015 11.107 -0.410009 0 -35.469 0 -0  0 -0.000697993 2
1387950703.220416267 11.107 -0.410009 0 -35.471 0 -0  0 -0.000351333 2
1387950703.320338692 11.107 -0.410009 0 -35.473 0 -0  0 -0.000349145 2
1387950703.420374398 11.107 -0.410009 0 -35.474 0 -0  0 -0.000173044 2
1387950703.520371732 11.107 -0.410009 0 -35.479 0 -0  0 -0.00087354 2
1387950703.620334729 11.107 -0.410009 0 -35.484 0 -0  0 -0.000871176 2
1387950703.720379439 11.107 -0.410009 0 -35.485 0 -0  0 -0.00017569 2
1387950703.820337456 11.107 -0.410009 0 -35.489 0 -0  0 -0.000698041 2
1387950703.920408970 11.107 -0.410009 0 -35.492 0 -0  0 -0.000524268 2
1387950704.020398371 11.107 -0.410009 0 -35.496 0 -0  0 -0.000697822 2
1387950704.120347218 11.107 -0.410009 0 -35.499 0 -0  0 -0.000524911 2
1387950704.220396682 11.107 -0.410009 0 -35.502 0 -0  0 -0.000521722 2
1387950704.320417358 11.107 -0.410009 0 -35.505 0 -0  0 -0.000524534 2
1387950704.420369599 11.107 -0.410009 0 -35.507 0 -0  0 -0.000349041 2
1387950704.520406765 11.107 -0.410009 0 -35.509 0 -0  0 -0.000348744 2
1387950704.620339036 11.107 -0.410009 0 -35.512 0 -0  0 -0.000522333 2
1387950704.720417035 11.107 -0.410009 0 -35.517 0 -0  0 -0.000872836 2
1387950704.820401447 11.107 -0.410009 0 -35.521 0 -0  0 -0.000697857 2
1387950704.920340058 11.107 -0.410009 0 -35.524 0 -0  0 -0.000524965 2
1387950705.020349042 11.107 -0.410009 0 -35.529 0 -0  0 -0.000873438 2
1387950705.120377395 11.107 -0.410009 0 -35.534 0 -0  0 -0.000870607 2
1387950705.220377004 11.107 -0.410009 0 -35.535 0 -0  0 -0.000175769 2
1387950705.320373206 11.107 -0.410009 0 -35.539 0 -0  0 -0.000697775 2
1387950705.420371699 11.107 -0.410009 0 -35.542 0 -0  0 -0.000524651 2
1387950705.520371585 11.107 -0.410009 0 -35.545 0 -0  0 -0.00052198 2
1387950705.620371648 11.107 -0.410009 0 -35.546 0 -0  0 -0.000175769 2
1387950705.720402351 11.107 -0.410009 0 -35.549 0 -0  0 -0.000521819 2
1387950705.820370131 11.107 -0.410009 0 -35.552 0 -0  0 -0.000524812 2
1387950705.920396822 11.107 -0.410009 0 -35.554 0 -0  0 -0.000348781 2
1387950706.020343225 11.107 -0.410009 0 -35.558 0 -0  0 -0.000698122 2
1387950706.120345517 11.107 -0.410009 0 -35.559 0 -0  0 -0.000175765 2
1387950706.220397033 11.107 -0.410009 0 -35.561 0 -0  0 -0.000348694 2
1387950706.320339148 11.107 -0.410009 0 -35.564 0 -0  0 -0.000522282 2
1387950706.420403935 11.107 -0.410009 0 -35.568 0 -0  0 -0.000699958 2
1387950706.520407521 11.107 -0.410009 0 -35.571 0 -0  0 -0.000521961 2
1387950706.620330828 11.107 -0.410009 0 -35.577 0 -0  0 -0.00104743 2
1387950706.720335779 11.107 -0.410009 0 -35.58 0 -0  0 -0.000524617 2
1387950706.820353483 11.107 -0.410009 0 -35.581 0 -0  0 -0.000173075 2
1387950706.920407418 11.107 -0.410009 0 -35.586 0 -0  0 -0.000873046 2
1387950707.020401924 11.107 -0.410009 0 -35.59 0 -0  0 -0.000697787 2
1387950707.120402805 11.107 -0.410009 0 -35.593 0 -0  0 -0.000524638 2
1387950707.220393467 11.107 -0.410009 0 -35.596 0 -0  0 -0.000524692 2
1387950707.320392206 11.107 -0.410009 0 -35.599 0 -0  0 -0.000521986 2
1387950707.420399916 11.107 -0.410009 0 -35.603 0 -0  0 -0.000697694 2
1387950707.520378764 11.107 -0.410009 0 -35.603 0 -0  0 0 2
1387950707.620367535 11.107 -0.410009 0 -35.605 0 -0  0 -0.000348913 2
1387950707.720377842 11.107 -0.410009 0 -35.608 0 -0  0 -0.000524589 2
1387950707.820403235 11.107 -0.410009 0 -35.611 0 -0  0 -0.00052451 2
1387950707.920409777 11.107 -0.410009 0 -35.615 0 -0  0 -0.000697703 2
1387950708.020400932 11.107 -0.410009 0 -35.618 0 -0  0 -0.000522026 2
1387950708.120404804 11.107 -0.410009 0 -35.622 0 -0  0 -0.000697721 2
1387950708.220369655 11.107 -0.410009 0 -35.624 0 -0  0 -0.000351661 2
1387950708.320391187 11.107 -0.410009 0 -35.627 0 -0  0 -0.000521867 2
1387950708.420342411 11.107 -0.410009 0 -35.631 0 -0  0 -0.000698089 2
1387950708.520352071 11.107 -0.410009 0 -35.633 0 -0  0 -0.00034884 2
1387950708.620376147 11.107 -0.410009 0 -35.637 0 -0  0 -0.00069758 2
1387950708.720367010 11.107 -0.410009 0 -35.638 0 -0  0 -0.000175785 2
1387950708.820399209 11.107 -0.410009 0 -35.641 0 -0  0 -0.000524474 2
1387950708.920400676 11.107 -0.410009 0 -35.643 0 -0  0 -0.000348869 2
1387950709.020385881 11.107 -0.410009 0 -35.646 0 -0  0 -0.000522057 2
1387950709.120341277 11.107 -0.410009 0 -35.649 0 -0  0 -0.000524877 2
1387950709.220334479 11.107 -0.410009 0 -35.655 0 -0  0 -0.00104669 2
1387950709.320344939 11.107 -0.410009 0 -35.658 0 -0  0 -0.000524588 2
1387950709.420416241 11.107 -0.410009 0 -35.661 0 -0  0 -0.000521608 2
1387950709.520368171 11.107 -0.410009 0 -35.665 0 -0  0 -0.000698084 2
1387950709.620389907 11.107 -0.410009 0 -35.668 0 -0  0 -0.000524529 2
1387950709.720335971 11.107 -0.410009 0 -35.669 0 -0  0 -0.000175863 2
1387950709.820376021 11.107 -0.410009 0 -35.671 0 -0  0 -0.000348734 2
1387950709.920337163 11.107 -0.410009 0 -35.675 0 -0  0 -0.000698019 2
1387950710.020369766 11.107 -0.410009 0 -35.679 0 -0  0 -0.000697521 2
1387950710.120341051 11.107 -0.410009 0 -35.683 0 -0  0 -0.000697949 2
1387950710.399448627 11.107 -0.410009 0 -35.694 0 -0  0 -0.000687957 2
1387950710.420326631 11.107 -0.410009 0 -35.695 0 -0  0 -0.000841884 2
1387950710.520344011 11.107 -0.410009 0 -35.7 0 -0  0 -0.000870702 2
1387950710.620345429 11.107 -0.410009 0 -35.705 0 -0  0 -0.000873504 2
1387950710.720425802 11.107 -0.410009 0 -35.707 0 -0  0 -0.000348594 2
1387950710.820338572 11.107 -0.410009 0 -35.708 0 -0  0 -0.000175922 2
1387950710.920349040 11.107 -0.410009 0 -35.711 0 -0  0 -0.000521925 2
1387950711.020360786 11.107 -0.410009 0 -35.715 0 -0  0 -0.000697666 2
1387950711.120400874 11.107 -0.410009 0 -35.719 0 -0  0 -0.000697469 2
1387950711.220401008 11.107 -0.410009 0 -35.722 0 -0  0 -0.000524642 2
1387950711.320402667 11.107 -0.410009 0 -35.726 0 -0  0 -0.000697737 2
1387950711.420368582 11.107 -0.410009 0 -35.727 0 -0  0 -0.000175829 2
1387950711.520409925 11.107 -0.410009 0 -35.73 0 -0  0 -0.000521764 2
1387950711.620341601 11.107 -0.410009 0 -35.735 0 -0  0 -0.000874114 2
1387950711.720377148 11.107 -0.410009 0 -35.738 0 -0  0 -0.000524456 2
1387950711.820383192 11.107 -0.410009 0 -35.739 0 -0  0 -0.000173095 2
1387950711.920344902 11.107 -0.410009 0 -35.739 0 -0  0 0 2
1387950712.020344718 11.107 -0.410009 0 -35.743 0 -0  0 -0.000697749 2
1387950712.120345723 11.107 -0.410009 0 -35.748 0 -0  0 -0.000873508 2
1387950712.220340108 11.107 -0.410009 0 -35.752 0 -0  0 -0.000697787 2
1387950712.320378377 11.107 -0.410009 0 -35.752 0 -0  0 0 2
1387950712.420344343 11.107 -0.410009 0 -35.753 0 -0  0 -0.000175828 2
1387950712.520351267 11.107 -0.410009 0 -35.756 0 -0  0 -0.000521943 2
1387950712.620373363 11.107 -0.410009 0 -35.761 0 -0  0 -0.000873324 2
1387950712.720396760 11.107 -0.410009 0 -35.763 0 -0  0 -0.000348792 2
1387950712.820341123 11.107 -0.410009 0 -35.763 0 -0  0 0 2
1387950712.920366705 11.107 -0.410009 0 -35.767 0 -0  0 -0.00069757 2
1387950713.020335731 11.107 -0.410009 0 -35.772 0 -0  0 -0.000873787 2
1387950713.120335327 11.107 -0.410009 0 -35.775 0 -0  0 -0.000521982 2
1387950713.220337682 11.107 -0.410009 0 -35.779 0 -0  0 -0.000700395 2
1387950713.320346177 11.107 -0.410009 0 -35.784 0 -0  0 -0.00087078 2
1387950713.420374966 11.107 -0.410009 0 -35.789 0 -0  0 -0.000873265 2
1387950713.520377448 11.107 -0.410009 0 -35.792 0 -0  0 -0.00052463 2
1387950713.620362787 11.107 -0.410009 0 -35.793 0 -0  0 -0.000173131 2
1387950713.720364963 11.107 -0.410009 0 -35.797 0 -0  0 -0.000697733 2
1387950713.820336857 11.107 -0.410009 0 -35.802 0 -0  0 -0.000873762 2
1387950713.920379773 11.107 -0.410009 0 -35.806 0 -0  0 -0.000697449 2
1387950714.020351509 11.107 -0.410009 0 -35.807 0 -0  0 -0.000175818 2
1387950714.120346208 11.107 -0.410009 0 -35.81 0 -0  0 -0.000522007 2
1387950714.220403898 11.107 -0.410009 0 -35.814 0 -0  0 -0.000697346 2
1387950714.320366526 11.107 -0.410009 0 -35.817 0 -0  0 -0.000524839 2
1387950714.420363150 11.107 -0.410009 0 -35.818 0 -0  0 -0.000175775 2
1387950714.520337339 11.107 -0.410009 0 -35.823 0 -0  0 -0.000871079 2
1387950714.620346444 11.107 -0.410009 0 -35.825 0 -0  0 -0.000348842 2
1387950714.720397037 11.107 -0.410009 0 -35.83 0 -0  0 -0.000873075 2
1387950714.820396698 11.107 -0.410009 0 -35.833 0 -0  0 -0.000524645 2
1387950714.920359989 11.107 -0.410009 0 -35.835 0 -0  0 -0.000349002 2
1387950715.020407635 11.107 -0.410009 0 -35.837 0 -0  0 -0.000348708 2
1387950715.120387052 11.107 -0.410009 0 -35.838 0 -0  0 -0.000173141 2
1387950715.220340056 11.107 -0.410009 0 -35.84 0 -0  0 -0.000349038 2
1387950715.320376905 11.107 -0.410009 0 -35.843 0 -0  0 -0.000524449 2
1387950715.420370621 11.107 -0.410009 0 -35.847 0 -0  0 -0.000697792 2
1387950715.520329838 11.107 -0.410009 0 -35.849 0 -0  0 -0.000349016 2
1387950715.620355454 11.107 -0.410009 0 -35.853 0 -0  0 -0.00069757 2
1387950715.720378540 11.107 -0.410009 0 -35.856 0 -0  0 -0.000524522 2
1387950715.820363245 11.107 -0.410009 0 -35.856 0 -0  0 0 2
1387950715.920345396 11.107 -0.410009 0 -35.861 0 -0  0 -0.000873673 2
1387950716.020370974 11.107 -0.410009 0 -35.864 0 -0  0 -0.000521846 2
1387950716.120379030 11.107 -0.410009 0 -35.866 0 -0  0 -0.000348846 2
1387950716.220369476 11.107 -0.410009 0 -35.868 0 -0  0 -0.000348907 2
1387950716.320351297 11.107 -0.410009 0 -35.871 0 -0  0 -0.000524738 2
1387950716.420346005 11.107 -0.410009 0 -35.876 0 -0  0 -0.000873563 2
1387950716.520382975 11.107 -0.410009 0 -35.879 0 -0  0 -0.000521787 2
1387950716.620347965 11.107 -0.410009 0 -35.881 0 -0  0 -0.000348996 2
1387950716.720340101 11.107 -0.410009 0 -35.885 0 -0  0 -0.000697803 2
1387950716.820353381 11.107 -0.410009 0 -35.886 0 -0  0 -0.000175745 2
1387950716.920371497 11.107 -0.410009 0 -35.888 0 -0  0 -0.000348811 2
1387950717.020403382 11.107 -0.410009 0 -35.888 0 -0  0 0 2
1387950717.120339542 11.107 -0.410009 0 -35.892 0 -0  0 -0.000698194 2
1387950717.220407376 11.107 -0.410009 0 -35.894 0 -0  0 -0.000348638 2
1387950717.320370511 11.107 -0.410009 0 -35.897 0 -0  0 -0.000524836 2
1387950717.420336645 11.107 -0.410009 0 -35.898 0 -0  0 -0.000173164 2
1387950717.520344323 11.107 -0.410009 0 -35.901 0 -0  0 -0.000524602 2
1387950717.620354254 11.107 -0.410009 0 -35.902 0 -0  0 -0.000175751 2
1387950717.720354614 11.107 -0.410009 0 -35.907 0 -0  0 -0.000870851 2
1387950717.820377336 11.107 -0.410009 0 -35.908 0 -0  0 -0.000175729 2
1387950717.920365273 11.107 -0.410009 0 -35.909 0 -0  0 -0.000173126 2
1387950718.020357927 11.107 -0.410009 0 -35.912 0 -0  0 -0.000524681 2
1387950718.120349424 11.107 -0.410009 0 -35.914 0 -0  0 -0.000348904 2
1387950718.220339043 11.107 -0.410009 0 -35.917 0 -0  0 -0.000524697 2
1387950718.320383946 11.107 -0.410009 0 -35.919 0 -0  0 -0.000348718 2
1387950718.420347918 11.107 -0.410009 0 -35.924 0 -0  0 -0.000871168 2
1387950718.520377387 11.107 -0.410009 0 -35.926 0 -0  0 -0.000348771 2
1387950718.620339011 11.107 -0.410009 0 -35.927 0 -0  0 -0.000175836 2
1387950718.720348968 11.107 -0.410009 0 -35.931 0 -0  0 -0.000697679 2
1387950718.820365460 11.107 -0.410009 0 -35.934 0 -0  0 -0.000524556 2
1387950718.920372201 11.107 -0.410009 0 -35.937 0 -0  0 -0.000521944 2
1387950719.020370853 11.107 -0.410009 0 -35.938 0 -0  0 -0.000175771 2
1387950719.120374047 11.107 -0.410009 0 -35.943 0 -0  0 -0.000873489 2
1387950719.220370483 11.107 -0.410009 0 -35.945 0 -0  0 -0.000348887 2
1387950719.320348520 11.107 -0.410009 0 -35.946 0 -0  0 -0.000173143 2
