1388035015.704160292 0 0 0 26.875 0 0  0 0.080743 2
1388035015.804066359 0 0 0 26.882 0 0  0 0.00122287 2
1388035015.904166173 0 0 0 26.887 0 0  0 0.000871648 2
1388035016.004054854 0 0 0 26.894 0 0  0 0.00122309 2
1388035016.104077136 0 0 0 26.899 0 0  0 0.000872657 2
1388035016.204061642 0 0 0 26.903 0 0  0 0.000698189 2
1388035016.304076314 0 0 0 26.909 0 0  0 0.00104713 2
1388035016.404216776 0 0 0 26.915 0 0  0 0.00104582 2
1388035016.504074647 0 0 0 26.921 0 0  0 0.00104845 2
1388035016.604115307 0 0 0 26.927 0 0  0 0.00104686 2
1388035016.704168113 0 0 0 26.935 0 0  0 0.00139543 2
1388035016.804061192 0 0 0 26.943 0 0  0 0.00139799 2
1388035016.904082153 0 0 0 26.944 0 0  0 0.0001744 2
1388035017.004197677 0 0 0 26.949 0 0  0 0.000871511 2
1388035017.104150187 0 0 0 26.957 0 0  0 0.00139716 2
1388035017.204148595 0 0 0 26.964 0 0  0 0.00122174 2
1388035017.304146990 0 0 0 26.969 0 0  0 0.000872532 2
1388035017.404170740 0 0 0 26.975 0 0  0 0.00104704 2
1388035017.504073883 0 0 0 26.982 0 0  0 0.00122291 2
1388035017.604206378 0 0 0 26.989 0 0  0 0.00122011 2
1388035017.704075367 0 0 0 26.998 0 0  0 0.00157266 2
1388035017.804074255 0 0 0 27.006 0 0  0 0.00139651 2
1388035017.904204652 0 0 0 27.013 0 0  0 0.00122013 2
1388035018.004073919 0 0 0 27.022 0 0  0 0.00157266 2
1388035018.104148516 0 0 0 27.031 0 0  0 0.00156976 2
1388035018.204196847 0 0 0 27.037 0 0  0 0.00104678 2
1388035018.304152303 0 0 0 27.042 0 0  0 0.000872907 2
1388035018.404097834 0 0 0 27.048 0 0  0 0.00104786 2
1388035018.504154129 0 0 0 27.054 0 0  0 0.0010467 2
1388035018.604169991 0 0 0 27.059 0 0  0 0.00087238 2
1388035018.704163990 0 0 0 27.064 0 0  0 0.000872571 2
1388035018.804214841 0 0 0 27.074 0 0  0 0.00174448 2
1388035018.904070836 0 0 0 27.079 0 0  0 0.00087411 2
1388035019.004074897 0 0 0 27.089 0 0  0 0.0017453 2
1388035019.104206132 0 0 0 27.095 0 0  0 0.00104558 2
1388035019.204065134 0 0 0 27.102 0 0  0 0.00122345 2
1388035019.304109557 0 0 0 27.109 0 0  0 0.00122118 2
1388035019.404065212 0 0 0 27.116 0 0  0 0.00122227 2
1388035019.504077163 0 0 0 27.126 0 0  0 0.00174516 2
1388035019.604111886 0 0 0 27.133 0 0  0 0.0012213 2
1388035019.704111123 0 0 0 27.142 0 0  0 0.00157094 2
1388035019.804200527 0 0 0 27.147 0 0  0 0.000871739 2
1388035019.904154294 0 0 0 27.152 0 0  0 0.000873255 2
1388035020.004168205 0 0 0 27.158 0 0  0 0.00104714 2
1388035020.104171496 0 0 0 27.164 0 0  0 0.00104692 2
1388035020.204170178 0 0 0 27.172 0 0  0 0.00139651 2
1388035020.304233666 0 0 0 27.181 0 0  0 0.0015696 2
1388035020.404154122 -0.00132396 -0.00286235 0.01 27.186 -0.0132501 -0.0286463  0.10008 0.000873546 7
1388035020.504127312 -0.00451119 -0.00979337 0.066 27.189 -0.0318808 -0.0693288  0.56015 0.000523451 7
1388035020.604088694 -0.00984986 -0.0211254 0.182 27.194 -0.0534073 -0.113364  1.16045 0.000873188 7
1388035020.704065441 -0.0169293 -0.0358729 0.32 27.202 -0.0708105 -0.147509  1.38032 0.00139649 7
1388035020.804107214 -0.0250999 -0.0527729 0.424 27.202 -0.0816722 -0.16893  1.03957 0 7
1388035020.904090254 -0.0339283 -0.0705768 0.448 27.172 -0.0882988 -0.178069  0.240041 -0.00523666 7
1388035021.004061700 -0.0440539 -0.0906441 0.58 27.247 -0.101285 -0.200731  1.32038 0.0130935 7
1388035021.104069451 -0.0523391 -0.106274 0.242 27.246 -0.0828461 -0.156289  -3.37974 -0.000174424 7
1388035021.204088248 -0.0610607 -0.122485 0.209 27.238 -0.0871993 -0.162077  -0.329938 -0.0013959 7
1388035021.304152092 -0.0708033 -0.140376 0.213 27.256 -0.097364 -0.178797  0.0399745 0.00313953 7
1388035021.404064930 -0.0813495 -0.159574 0.188 27.23 -0.105554 -0.192148  -0.250218 -0.00454199 7
1388035021.504075698 -0.0928409 -0.180432 0.177 27.265 -0.114901 -0.208559  -0.109988 0.00610797 7
1388035021.604081707 -0.10464 -0.201944 0.108 27.275 -0.117981 -0.215108  -0.689959 0.00174526 7
1388035021.704097921 -0.118212 -0.22632 0.188 27.291 -0.135706 -0.243713  0.79987 0.0027922 7
1388035021.804182088 -0.132552 -0.252159 0.189 27.289 -0.143278 -0.258174  0 -0.000348913 7
1388035021.904160096 -0.147176 -0.278541 0.132 27.286 -0.146273 -0.263885  -0.570125 -0.000523759 7
1388035022.004198028 -0.16292 -0.307008 0.196 27.307 -0.157379 -0.284554  0.639757 0.00366379 7
1388035022.104173379 -0.178806 -0.335729 0.142 27.29 -0.158897 -0.287285  -0.540133 -0.00296749 7
1388035022.204116256 -0.194652 -0.36463 0.074 27.287 -0.15855 -0.289179  -0.680389 -0.000523943 7
1388035022.304202589 -0.21153 -0.396406 0.19 27.267 -0.16863 -0.317477  1.159 -0.00348773 7
1388035022.404076671 -0.228853 -0.428269 0.127 27.125 -0.173453 -0.319039  -0.630794 -0.024815 7
1388035022.504076121 -0.246479 -0.460819 0.043 26.924 -0.176264 -0.3255  -0.840005 -0.0350813 7
1388035022.604198977 -0.264391 -0.493847 -0.06 27.042 -0.178893 -0.329878  -1.02874 0.0205696 7
1388035022.704168887 -0.283523 -0.530627 0.18 27.35 -0.191382 -0.367906  2.40072 0.0537724 7
1388035022.804066780 -0.302991 -0.568771 0.119 27.319 -0.19488 -0.381829  -0.610623 -0.00541607 7
1388035022.904178743 -0.324145 -0.607824 0.067 27.304 -0.211296 -0.390099  -0.519418 -0.00261496 7
1388035023.004159465 -0.346747 -0.648849 0.012 27.347 -0.226073 -0.410327  -0.550106 0.00750624 7
1388035023.104156266 -0.357339 -0.666756 0.02 27.343 -0.10592 -0.179069  0.0800026 -0.000698103 7
1388035023.204201529 -0.35791 -0.668356 0.033 27.238 0 -0.0159958  0.129941 -0.0183176 7
1388035023.304085672 -0.357479 -0.669481 0.047 27.073 0 -0.0112629  0.140162 -0.0288315 7
1388035023.404065147 -0.350263 -0.666136 -0.028 27.007 0.072174 0.0334517  -0.750154 -0.0115215 7
1388035023.504222369 -0.349267 -0.666992 0.056 13.438 0 0  0.838681 -2.36452 7
1388035023.604204706 -0.348078 -0.669645 0.029 13.355 0.0118949 -0.0265356  -0.270048 -0.0144888 7
1388035023.704154632 -0.34714 -0.677085 0.082 13.193 0 -0.0744351  0.530266 -0.0282884 7
1388035023.804078376 -0.352436 -0.693001 0.2 13.073 -0.0530052 -0.159285  1.1809 -0.0209599 7
1388035023.904069794 -0.35816 -0.709089 0.334 13.174 -0.057247 -0.16089  1.34012 0.0176293 7
1388035024.004090538 -0.37377 -0.725166 0.429 13.334 -0.156063 -0.160731  0.949803 0.0279194 7
1388035024.104211373 -0.388776 -0.732023 0.568 13.573 -0.149876 -0.0684933  1.38832 0.0416631 7
1388035024.204115836 -0.398325 -0.733176 0.794 13.723 -0.0955847 -0.0115399  2.26216 0.0262049 7
1388035024.304058087 -0.406578 -0.740443 0.992 13.871 -0.0825785 -0.0727163  1.98114 0.0258459 7
1388035024.404050130 -0.411249 -0.752631 1.104 13.938 -0.0467148 -0.121884  1.12009 0.0116945 7
1388035024.504206232 -0.416923 -0.766312 1.185 13.961 -0.05665 -0.1366  0.808738 0.00400813 7
1388035024.604206378 -0.422302 -0.783845 1.243 14.033 -0.0537918 -0.17533  0.579999 0.0125663 7
1388035024.704154422 -0.426891 -0.801364 1.283 14.245 -0.0459164 -0.175281  0.400208 0.0370202 7
1388035024.804160087 -0.432689 -0.820331 1.283 14.286 -0.0579717 -0.189655  0 0.00715551 7
1388035024.904169240 -0.439162 -0.839067 1.293 14.424 -0.0647288 -0.187346  0.0999908 0.0240833 7
1388035025.004199697 -0.445231 -0.85813 1.292 14.433 -0.0606645 -0.190568  0 0.00157029 7
1388035029.104078193 -0.285989 -0.749369 1.208 13.099 0.0388407 0.0265277  -0.0204884 -0.00567887 4
1388035029.204410776 6.58956 0.788686 1.204 179.591 -0.0554072 -0.0597996  -0.0398674 28.962 4
1388035029.304484323 6.58377 0.782826 1.2 179.09 -0.0578285 -0.0585558  -0.0399706 -0.0873766 4
1388035029.404327605 6.5776 0.779155 1.208 178.52 -0.0617519 -0.0367695  0.0801256 -0.0996399 4
1388035029.504313580 6.57286 0.778747 1.201 178.409 -0.0474759 0  -0.0700098 -0.0193759 4
1388035029.604299828 6.56831 0.779034 1.2 178.364 -0.0454972 0  -0.0100014 -0.00785508 4
1388035030.605720817 6.52654 0.826621 1.183 178.406 -0.0417031 0.0475201  -0.0169759 0.000731995 4
1388035033.304324317 6.38908 1.07872 1.234 179.179 -0.0509401 0.0934186  0.0188987 0.0049994 4
1388035033.404225009 6.38392 1.08803 1.234 179.211 -0.0516077 0.0931803  0 0.0055907 4
1388035033.504291782 6.37886 1.09414 1.225 179.658 -0.0505928 0.0610183  -0.0899399 0.0779641 4
1388035033.604366598 6.37371 1.09649 1.223 179.822 -0.0514952 0.0235266  -0.019985 0.0286019 4
1388035038.304356587 6.66577 1.01946 1.201 179.233 0.0621408 -0.0163899  0 -0.00218724 4
1388035038.404330127 6.67257 1.02691 1.237 177.773 0.0680202 0.0745456  0.360095 -0.254886 4
1388035038.604251982 6.68288 1.0477 1.275 178.064 0.051567 0.103969  0.190074 0.0254045 4
1388035038.704351513 6.68441 1.05297 1.279 179.26 0.0152792 0.0526617  0.0399602 0.208534 4
1388035038.804323234 6.68584 1.05843 1.281 179.264 0.0143478 0.0545918  0.0200057 0.000698279 4
1388035038.904333304 6.68645 1.06114 1.277 179.184 0 0.027117  -0.039996 -0.0139612 4
1388035039.004334430 6.68737 1.06257 1.274 179.076 0 0.014354  -0.0299997 -0.0188493 4
1388035039.104360971 6.6879 1.05944 1.264 178.632 0 -0.0313296  -0.0999735 -0.0774721 4
1388035039.204454286 6.68805 1.05587 1.262 178.523 0 -0.0356986  -0.0199814 -0.0190064 4
1388035039.604271195 6.68352 1.04727 1.23 178.279 -0.011349 -0.0214897  -0.0800366 -0.0106514 4
1388035039.804274485 6.68204 1.04638 1.227 178.459 0 0  -0.0149998 0.0157076 4
1388035039.904225393 6.68087 1.04664 1.226 178.539 -0.0117329 0  -0.0100049 0.0139695 4
1388035040.004244186 6.68042 1.04806 1.18 179.081 0 0.0141743  -0.459914 0.0945792 4
1388035040.104324029 6.68047 1.04994 1.164 179.115 0 0.018754  -0.159872 0.00592929 4
1388035040.204330234 6.67989 1.05371 1.145 179.244 0 0.03767  -0.189988 0.0225135 4
1388035040.304348548 6.6796 1.05776 1.145 179.249 0 0.0405664  0 0.000872358 4
1388035040.404338229 6.67971 1.06197 1.147 179.523 0 0.0421218  0.0200021 0.047827 4
1388035040.604361496 6.68031 1.07033 1.148 179.567 0 0.0417886  0 0.00383933 4
1388035040.904477100 6.67795 1.0836 1.154 -179.937 0 0.0441969  0.0199923 -20.907 4
1388035041.004338393 6.67761 1.0867 1.162 -179.504 0 0.0311036  0.0801111 0.0756778 4
1388035041.204179252 6.67571 1.09101 1.167 -179.321 0 0.0215558  0.0250199 0.0159824 4
1388035041.404355479 6.67572 1.08668 1.175 -178.834 0 -0.0216209  0.0399648 0.0424614 4
1388035041.604355625 6.67661 1.07825 1.171 -178.579 0 -0.0421543  -0.02 0.0222529 4
1388035041.704330416 6.67662 1.07556 1.171 -178.599 0 -0.0269466  0 -0.00349162 4
1388035041.804359486 6.67869 1.07311 1.179 -177.171 0.0207369 -0.0245237  0.0799768 0.249161 4
1388035041.904124684 6.67979 1.06759 1.19 -176.929 0.0109692 -0.0552841  0.110259 0.0423363 4
1388035042.004234763 6.6793 1.06127 1.202 -177.134 0 -0.0631616  0.119868 -0.0357399 4
1388035042.104174423 6.67907 1.05748 1.215 -177.624 0 -0.0378819  0.130078 -0.0855727 4
1388035042.204250070 6.67805 1.05261 1.23 -178.271 -0.0101923 -0.0486984  0.149887 -0.112837 4
1388035042.304249169 6.67751 1.04909 1.24 -178.836 0 -0.0351811  0.100001 -0.0986121 4
1388035042.404330333 6.67508 1.04619 1.255 -179.303 -0.0242096 -0.028932  0.149878 -0.0814408 4
1388035042.504339983 6.6719 1.04315 1.262 -179.652 -0.0318697 -0.0304022  0.0699932 -0.0609061 4
1388035042.604158116 6.66922 1.03963 1.272 179.924 -0.026786 -0.0353324  0.100182 62.8722 4
1388035042.704206946 6.66476 1.03451 1.276 179.499 -0.044655 -0.0511882  0.0399805 -0.0741403 4
1388035042.804252064 6.66086 1.03068 1.284 179.236 -0.0389809 -0.0382433  0.0799639 -0.0458814 4
1388035042.904138240 6.65665 1.02495 1.288 179.338 -0.0421472 -0.0573705  0.0400456 0.0178227 4
1388035043.004274571 6.65311 1.02036 1.288 179.545 -0.0353068 -0.0458074  0 0.0360791 4
1388035043.104146909 6.64838 1.01727 1.286 179.92 -0.0473558 -0.0309915  -0.0200256 0.0655335 4
1388035043.204188051 6.64371 1.01401 1.28 -179.648 -0.0466795 -0.0326009  -0.0599753 -62.7306 4
1388035043.304226052 6.63732 1.00973 1.273 -179.288 -0.0638725 -0.042746  -0.0699734 0.0628079 4
1388035043.404350514 6.63158 1.00721 1.268 -178.913 -0.0573242 -0.0252067  -0.0499378 0.0653685 4
1388035043.504185139 6.62673 1.00452 1.269 -178.649 -0.0485909 -0.0269047  0.0100166 0.046153 4
1388035043.604197930 6.62254 1.00173 1.262 -178.46 -0.0418493 -0.0278836  -0.069991 0.0329825 4
1388035043.704244580 6.61752 0.997322 1.261 -178.285 -0.0502412 -0.0440633  0 0.0305291 4
1388035043.804213444 6.61276 0.991112 1.262 -178.138 -0.04762 -0.0621204  0.0100031 0.0256644 4
1388035043.904180910 6.60842 0.984272 1.262 -177.927 -0.0433804 -0.0684235  0 0.0368383 4
1388035044.004255507 6.60628 0.97524 1.259 -177.846 -0.021386 -0.0902504  -0.0299776 0.0141267 4
1388035044.104179945 6.60548 0.966074 1.254 -177.847 0 -0.091724  -0.0500378 -0.000174736 4
1388035044.204236317 6.60731 0.956134 1.241 -177.937 0.0183291 -0.099353  -0.129927 -0.0156991 4
1388035044.304109490 6.60979 0.945935 1.237 -178.147 0.0248142 -0.10211  -0.0400508 -0.0366985 4
1388035044.404174309 6.61199 0.935192 1.235 -178.383 0.0220111 -0.107365  -0.019987 -0.0411631 4
1388035044.504211676 6.61472 0.925348 1.23 -178.729 0.0273036 -0.0984004  -0.0499813 -0.0603658 4
1388035044.604131580 6.61849 0.916264 1.226 -179.122 0.0376892 -0.0909164  -0.0400321 -0.0686464 4
1388035044.704111615 6.62189 0.904685 1.223 -179.481 0.033979 -0.115807  -0.030006 -0.0626699 4
1388035044.804173779 6.62542 0.894583 1.23 -179.614 0.035335 -0.100963  0.0699565 -0.0231985 4
1388035044.904319682 6.62945 0.890652 1.233 -179.679 0.0401993 -0.039247  0.0299563 -0.011328 4
1388035045.004164851 6.63293 0.881126 1.232 -179.703 0.0349226 -0.095417  -0.0100155 -0.00419532 4
1388035045.104147604 6.6375 0.878322 1.227 -179.624 0.0456798 -0.0280446  -0.0500086 0.0137906 4
1388035045.204152504 6.64029 0.875912 1.229 -179.399 0.0279306 -0.024092  0.019999 0.0392679 4
1388035045.304127721 6.6433 0.877296 1.222 -179.074 0.0301058 0.0138371  -0.0700174 0.0567372 4
1388035045.404247361 6.64583 0.879318 1.215 -178.659 0.0252389 0.0202036  -0.0699164 0.0723446 4
1388035045.504155600 6.64781 0.882071 1.211 -178.055 0.0198317 0.0275557  -0.0400367 0.105515 4
1388035045.604210776 6.65047 0.884807 1.207 -177.547 0.0266102 0.0273397  -0.0399779 0.0886139 4
1388035045.704304094 6.65328 0.891179 1.203 -177.075 0.0280559 0.0636628  -0.0399627 0.0823028 4
1388035045.804161765 6.65557 0.898225 1.204 -176.767 0.0228724 0.0705617  0.0100143 0.0538329 4
1388035045.904461809 6.6579 0.90882 1.209 -176.547 0.0232208 0.105631  0.0498504 0.0382823 4
1388035046.004155070 6.65775 0.91919 1.209 -176.461 0 0.10402  0 0.0150561 4
1388035046.104159485 6.65793 0.930968 1.206 -176.375 0 0.117772  -0.0299987 0.0150092 4
1388035046.204248957 6.65846 0.94216 1.208 -176.275 0 0.111819  0.0199821 0.0174374 4
1388035046.304267401 6.65765 0.952582 1.211 -176.215 0 0.104207  0.0299945 0.0104703 4
1388035046.404251414 6.6582 0.964728 1.209 -176.147 0 0.121472  -0.0200032 0.0118699 4
1388035046.504249251 6.65941 0.97706 1.206 -175.962 0.0120307 0.123322  -0.0300006 0.0322892 4
1388035046.604163080 6.66006 0.987841 1.203 -175.816 0 0.107904  -0.0300259 0.0255041 4
1388035046.704349355 6.65991 1.00147 1.198 -175.644 0 0.136068  -0.049907 0.0299637 4
1388035046.804165252 6.65929 1.0194 1.196 -175.586 0 0.179602  -0.0200369 0.0101417 4
1388035046.904197602 6.65839 1.03823 1.193 -175.617 0 0.188283  -0.0299903 -0.00540879 4
1388035047.004265218 6.65754 1.05554 1.199 -175.763 0 0.172889  0.0599595 -0.0254646 4
1388035047.104335416 6.65679 1.07073 1.195 -175.891 0 0.151879  -0.0399719 -0.0223246 4
1388035047.204249441 6.65507 1.08344 1.204 -176.017 -0.0171866 0.127181  0.0900774 -0.02201 4
1388035047.304121563 6.6547 1.093 1.206 -176.156 0 0.0957337  0.0200256 -0.0242911 4
1388035047.404281995 6.65374 1.10027 1.212 -176.346 0 0.0725657  0.0599039 -0.0331082 4
1388035047.504129758 6.65163 1.10569 1.211 -176.563 -0.0211755 0.054265  -0.0100152 -0.0379316 4
1388035047.604202255 6.65062 1.10834 1.217 -176.744 -0.0100884 0.0264778  0.0599565 -0.0315675 4
1388035047.704158197 6.64974 1.10913 1.215 -176.832 0 0  -0.0200088 -0.0153656 4
1388035047.804167213 6.64993 1.10793 1.216 -177.001 0 -0.0119979  0 -0.0294935 4
1388035047.904263520 6.65058 1.10747 1.208 -177.14 0 0  -0.079923 -0.0242367 4
1388035048.004243145 6.65149 1.10704 1.205 -177.229 0 0  -0.0300061 -0.0155366 4
1388035048.104168691 6.65276 1.10698 1.207 -177.345 0.0126933 0  0.0200149 -0.0202609 4
1388035048.204159349 6.65478 1.10695 1.213 -177.755 0.0202179 0  0.0600056 -0.0715652 4
1388035048.304156282 6.65736 1.10823 1.224 -178.093 0.0257837 0.0127874  0.110003 -0.058994 4
1388035048.404250788 6.66218 1.10948 1.229 -178.348 0.0481697 0.0124817  0.0499528 -0.0444637 4
1388035048.504294924 6.66649 1.11159 1.232 -178.418 0.0430815 0.0210661  0.0299868 -0.012212 4
1388035048.604201975 6.67077 1.11301 1.238 -178.75 0.0428561 0.0142439  0.0600558 -0.0579988 4
1388035048.704159171 6.67522 1.11128 1.243 -178.895 0.0445326 -0.0173857  0.0500214 -0.025318 4
1388035048.804147442 6.67901 1.10808 1.246 -178.988 0.0378159 -0.0319172  0.0300035 -0.0162335 4
1388035048.904153455 6.68236 1.10452 1.244 -179.237 0.0335523 -0.0356221  -0.0199988 -0.043456 4
1388035049.004208907 6.6846 1.10119 1.242 -179.434 0.0224116 -0.0333229  -0.0199889 -0.034364 4
1388035049.104154312 6.68668 1.0976 1.239 -179.823 0.0207399 -0.0359355  -0.0300164 -0.0679304 4
1388035049.204349945 6.68828 1.0945 1.236 179.9 0.0160155 -0.0309242  -0.0299414 62.6609 4
1388035049.304183657 6.68737 1.09397 1.23 179.702 0 0  -0.0600999 -0.0346151 4
1388035049.404150209 6.6879 1.09489 1.227 179.537 0 0  -0.03001 -0.0288076 4
1388035049.504142609 6.68736 1.09713 1.226 179.495 0 0.0224074  -0.0100008 -0.00733091 4
1388035049.604165460 6.68659 1.09946 1.225 179.507 0 0.0233432  0 0.00209393 4
1388035049.704178801 6.68628 1.10486 1.218 179.734 0 0.0539479  -0.0699907 0.0396137 4
1388035049.804189074 6.68631 1.11099 1.215 -179.964 0 0.0613403  -0.0299969 -62.7727 4
1388035049.904255568 6.68545 1.11712 1.223 -179.744 0 0.0612153  0.0799468 0.0383716 4
1388035050.004325213 6.68473 1.12326 1.225 -179.712 0 0.0614053  0.0199861 0.00558126 4
1388035050.104232742 6.68415 1.12806 1.23 -179.593 0 0.0480424  0.0500463 0.0207886 4
1388035050.204336747 6.68332 1.13061 1.219 -179.153 0 0.0254254  -0.109886 0.0767148 4
1388035050.304119894 6.68128 1.1318 1.214 -179.125 -0.0204989 0.0119669  -0.0501087 0.00489752 4
1388035050.404144069 6.67969 1.13016 1.208 -179.193 -0.0158349 -0.0164144  -0.0599855 -0.0118653 4
1388035050.504148194 6.67742 1.13002 1.202 -179.22 -0.022683 0  -0.0599975 -0.00471227 4
1388035050.604153234 6.6737 1.13038 1.194 -179.2 -0.0372396 0  -0.079996 0.00349056 4
1388035050.704165740 6.67022 1.13098 1.19 -179.234 -0.0347602 0  -0.039995 -0.00593345 4
1388035050.804195710 6.66611 1.13081 1.187 -179.301 -0.0410894 0  -0.029991 -0.0116901 4
1388035050.904269123 6.66291 1.13177 1.185 -179.406 -0.032025 0  -0.0199853 -0.0183126 4
1388035051.004329602 6.65978 1.13422 1.186 -179.498 -0.0312857 0.0243956  0 -0.0160473 4
1388035051.104311534 6.65645 1.13746 1.191 -179.624 -0.0332657 0.0324755  0.050009 -0.021995 4
1388035051.304332915 6.64991 1.14367 1.194 -179.659 -0.032715 0.0310456  0.0149984 -0.00305407 4
1388035051.504180950 6.64544 1.15503 1.199 -179.715 -0.0223469 0.056809  0.025019 -0.00489062 4
1388035051.604340197 6.64363 1.16209 1.209 -179.557 -0.0180619 0.0704871  0.099841 0.0275324 4
1388035051.704118941 6.64012 1.16597 1.206 -179.116 -0.0351641 0.0389722  -0.0300665 0.0771397 4
1388035051.804342233 6.63789 1.168 1.207 -178.991 -0.0223147 0.0201811  0 0.021768 4
1388035052.004328765 6.63479 1.16965 1.206 -178.928 -0.0155127 0  0 0.00549813 4
1388035052.104322496 6.63458 1.16181 1.213 -178.85 0 -0.0784456  0.0700044 0.0136144 4
1388035052.204123730 6.63538 1.15236 1.208 -178.998 0 -0.0947008  -0.0500996 -0.0258823 4
1388035052.304237715 6.63678 1.14438 1.21 -179.242 0.0139254 -0.0797285  0.0199772 -0.0425375 4
1388035052.404230673 6.63787 1.13692 1.214 -179.463 0.0108934 -0.074591  0.0400028 -0.0385746 4
1388035052.504244225 6.63927 1.13153 1.213 -179.713 0.014066 -0.0539096  0 -0.0436273 4
1388035052.604163637 6.6419 1.12677 1.212 -179.858 0.0263187 -0.0475547  -0.0100081 -0.0253276 4
1388035052.704194713 6.64535 1.1247 1.207 -179.998 0.0345087 -0.0207039  -0.0499845 -0.0244271 4
1388035052.804344679 6.6474 1.12388 1.208 179.923 0.020388 0  0 62.724 4
