1388039629.624086632 -0.0650851 0.718841 1.222 -175.873 -0.0111555 0.123209  0.20945 -0.526121 7
1388039629.724061578 -0.0643109 0.727855 1.229 -175.698 0 0.0901665  0.0700175 0.0305514 7
1388039629.824057133 -0.0623095 0.735081 1.209 -175.575 0.0200151 0.072264  -0.200009 0.0214687 7
1388039629.924056887 -0.0595727 0.740381 1.255 -175.411 0.0273686 0.0529993  0.460001 0.0286237 7
1388039630.024057931 -0.0544821 0.747477 1.224 -175.267 0.0509055 0.0709526  -0.309997 0.025132 7
1388039630.124044955 -0.0472046 0.752021 1.186 -175.044 0.0727838 0.0454442  -0.380049 0.0389245 7
1388039630.224065823 -0.0381949 0.756533 1.148 -174.973 0.0900788 0.0451188  -0.379921 0.0123891 7
1388039630.324059735 -0.0288624 0.758529 1.12 -175.031 0.0933309 0.0199624  -0.280017 -0.0101233 7
1388039630.424057924 -0.0178783 0.760863 1.102 -175.065 0.109843 0.023332  -0.180003 -0.00593363 7
1388039630.524050420 -0.00674688 0.763914 1.098 -175.194 0.111322 0.0305193  -0.040003 -0.0225161 7
1388039630.624049158 0.0061658 0.766485 1.097 -175.434 0.129128 0.0257031  -0.0100001 -0.0418894 7
1388039630.724056147 0.0197547 0.768729 1.105 -175.703 0.135879 0.0224416  0.0799944 -0.0469456 7
1388039630.824084464 0.0320297 0.769535 1.114 -176.143 0.122715 0  0.0899745 -0.0767732 7
1388039630.924063997 0.0449234 0.771682 1.128 -176.56 0.128964 0.0214672  0.140029 -0.0727938 7
1388039631.024099053 0.0555256 0.772779 1.129 -176.975 0.105985 0.0109674  0 -0.0724073 7
1388039631.124068512 0.0639101 0.77323 1.136 -177.353 0.083871 0  0.0700214 -0.065992 4
1388039631.224103722 0.0735555 0.773115 1.137 -177.64 0.0964202 0  0 -0.0500738 4
1388039631.324054287 0.0804614 0.774174 1.145 -177.861 0.0690925 0.0106017  0.0800396 -0.0385896 4
1388039631.424089748 0.0877754 0.776007 1.151 -177.968 0.0731142 0.018318  0.0599787 -0.0186701 4
1388039631.524067226 0.0949521 0.777269 1.144 -178.153 0.071784 0.0126294  -0.0700158 -0.0322954 4
1388039631.624059267 0.100866 0.777079 1.145 -178.34 0.0591479 0  0.0100008 -0.0326396 4
1388039631.724058161 0.107355 0.77721 1.149 -178.506 0.0648838 0  0.0400004 -0.0289728 4
1388039631.824058249 0.112248 0.777982 1.148 -178.631 0.0489277 0  0 -0.0218166 4
1388039631.924050330 0.117178 0.777334 1.15 -178.685 0.0493037 0  0.0200016 -0.00942567 4
1388039632.024062061 0.120638 0.776978 1.152 -178.63 0.0345996 0  0.0199977 0.00959691 4
1388039632.124129802 -0.103761 -0.778928 1.14 0.209 -0.0173289 0  -0.119919 31.1922 4
1388039632.224152940 -0.103319 -0.776337 1.129 0.623001 0 0.0259046  -0.109975 0.0722402 4
1388039632.324116910 -0.101483 -0.77285 1.122 1.15201 0.0183628 0.0348763  -0.0700252 0.0923624 4
1388039632.424093195 -0.0985528 -0.76744 1.109 1.763 0.0293082 0.054111  -0.130031 0.106664 4
1388039632.524150789 -0.0931068 -0.757548 1.092 2.233 0.0544294 0.0988644  -0.169902 0.0819835 4
1388039632.624081143 -0.0867287 -0.744261 1.076 2.595 0.0638253 0.132961  -0.160112 0.0632249 4
1388039632.724124930 -0.0822481 -0.727733 1.061 2.79401 0.0447858 0.165208  -0.149934 0.0347177 4
1388039632.824124182 -0.0749746 -0.708788 1.049 2.90601 0.0727359 0.189454  -0.120001 0.0195477 4
1388039632.924116423 -0.0671781 -0.686784 1.04 2.90601 0.0779714 0.22006  -0.090007 0 4
1388039633.024118853 -0.060067 -0.665269 1.035 2.811 0.071109 0.215141  -0.0499988 -0.0165804 4
1388039633.124151833 -0.052595 -0.65175 1.039 2.63701 0.0746949 0.135149  0.0399868 -0.030358 4
1388039633.224132669 -0.0443266 -0.641683 1.04 2.291 0.0827003 0.100685  0.0100019 -0.0604014 4
1388039633.324089828 -0.0368938 -0.63248 1.042 2.013 0.0743594 0.0920716  0.0200086 -0.0485409 4
1388039633.424104382 -0.0300159 -0.624052 1.044 1.36 0.0687691 0.0842658  0.0199971 -0.113953 4
1388039633.524092188 -0.0231806 -0.624187 1.044 0.759003 0.0683619 0  0 -0.104907 4
1388039633.624092851 -0.0176137 -0.625006 1.036 0.313004 0.0556681 0  -0.0799995 -0.077841 4
1388039633.724091784 -0.0137191 -0.627119 1.035 -0.105988 0.0389465 -0.0211285  -0.0100001 -0.0731285 4
1388039633.824111677 -0.0095292 -0.631362 1.032 -0.588989 0.0418908 -0.0424205  -0.029994 -0.0842829 4
1388039633.924124573 -0.00573515 -0.635148 1.027 -0.923996 0.0379356 -0.0378616  -0.0499936 -0.0584622 4
1388039634.024094183 -0.00207864 -0.638734 1.025 -1.10399 0.0365763 -0.035862  -0.0200061 -0.0314242 4
1388039634.124090725 0.00115756 -0.643118 1.026 -1.306 0.0323631 -0.0438452  0.0100003 -0.0352588 4
1388039634.224101298 0.00499359 -0.649034 1.019 -1.565 0.0383562 -0.0591566  -0.0699926 -0.0451997 4
1388039634.424082097 0.0118533 -0.66381 1.013 -1.58899 0.0343017 -0.0738875  -0.0300029 -0.00209345 4
1388039635.124105946 0.0313153 -0.716324 1.013 -0.617996 0.027802 -0.0750167  0 0.0242092 4
1388039635.824095748 0.0385555 -0.717617 1.062 0.0340118 0.0103432 0  0.070001 0.0162569 4
1388039636.824087024 0.031346 -0.692842 1.028 0.137009 0 0.0247749  -0.0340003 0.00179765 4
1388039638.024102992 0.0673519 -0.651293 1.08 0.0910034 0.0300045 0.0346239  0.0433328 -0.00066911 4
1388039638.324090927 0.0719828 -0.646992 1.085 0.445007 0.0154369 0.014338  0.0166673 0.0205959 4
