0.0449354 -0.547062 1.155 1.00003
0.0537314 -0.544514 1.15364 1.10003
0.0691745 -0.542717 1.1525 1.20003
0.0901865 -0.541878 1.15153 1.30003
0.115844 -0.542231 1.15068 1.40003
0.145348 -0.544006 1.1499 1.50003
0.178006 -0.547414 1.14919 1.60003
0.213209 -0.552634 1.14852 1.70003
0.250425 -0.55981 1.14789 1.80003
0.28918 -0.569054 1.14729 1.90003
0.329058 -0.580449 1.1467 2.00003
0.369686 -0.594046 1.14614 2.10003
0.410732 -0.609876 1.14559 2.20003
0.451898 -0.627947 1.14506 2.30003
0.492915 -0.64825 1.14454 2.40003
0.533542 -0.670762 1.14403 2.50003
0.573561 -0.695445 1.14354 2.60003
0.612771 -0.722251 1.14305 2.70003
0.650991 -0.751122 1.14257 2.80003
0.688056 -0.781993 1.14211 2.90003
0.723813 -0.81479 1.14165 3.00003
0.727766 -0.821688 1.1397 3.10003
0.736184 -0.83366 1.13781 3.20003
0.748392 -0.849869 1.13599 3.30003
0.763861 -0.869576 1.13423 3.40003
0.782128 -0.892174 1.13255 3.50003
0.802775 -0.91717 1.13093 3.60003
0.825438 -0.944164 1.12938 3.70003
0.849797 -0.972831 1.12788 3.80003
0.875581 -1.0029 1.12643 3.90003
0.902557 -1.03415 1.12504 4.00003
0.93053 -1.06639 1.12369 4.10003
0.959336 -1.09946 1.12238 4.20003
0.988836 -1.13324 1.12111 4.30003
1.01891 -1.16762 1.11988 4.40003
1.04947 -1.2025 1.11868 4.50003
1.08043 -1.2378 1.11751 4.60003
1.11173 -1.27346 1.11637 4.70003
1.14329 -1.30943 1.11525 4.80003
1.17509 -1.34566 1.11416 4.90003
1.20707 -1.38211 1.11309 5.00003
1.23921 -1.41874 1.11204 5.10003
1.27148 -1.45553 1.11101 5.20003
1.30385 -1.49246 1.11 5.30003
1.33632 -1.5295 1.10901 5.40003
1.36885 -1.56664 1.10803 5.50003
1.40144 -1.60387 1.10706 5.60003
1.43407 -1.64116 1.10611 5.70003
1.46674 -1.67852 1.10518 5.80003
1.49945 -1.71593 1.10425 5.90003
1.53217 -1.75339 1.10333 6.00003
1.56492 -1.79088 1.10243 6.10003
1.59767 -1.82841 1.10154 6.20003
1.63044 -1.86597 1.10065 6.30003
1.66322 -1.90356 1.09978 6.40003
1.69601 -1.94117 1.09891 6.50003
1.72879 -1.9788 1.09805 6.60003
1.76158 -2.01644 1.0972 6.70003
1.79437 -2.0541 1.09635 6.80003
1.82716 -2.09178 1.09551 6.90003
1.85995 -2.12947 1.09468 7.00003
1.89273 -2.16717 1.09386 7.10003
1.92552 -2.20488 1.09303 7.20003
1.9583 -2.2426 1.09222 7.30003
1.99108 -2.28032 1.09141 7.40003
1.99448 -2.28765 1.09018 7.50003
2.00211 -2.30026 1.08921 7.60003
2.01354 -2.31713 1.08843 7.70003
2.0285 -2.33732 1.08778 7.80003
2.04675 -2.36 1.0872 7.90003
2.0681 -2.38446 1.08668 8.00003
2.09237 -2.41006 1.0862 8.10003
2.11938 -2.43628 1.08574 8.20003
2.14896 -2.46265 1.08528 8.30003
2.18094 -2.48876 1.08483 8.40003
2.21517 -2.51429 1.08438 8.50003
2.25147 -2.53891 1.08392 8.60003
2.28968 -2.56239 1.08345 8.70003
2.32965 -2.5845 1.08298 8.80003
2.37122 -2.60506 1.08249 8.90003
2.41423 -2.62389 1.082 9.00003
2.45853 -2.64086 1.08149 9.10003
2.50398 -2.65586 1.08097 9.20003
2.55042 -2.66878 1.08043 9.30003
2.5977 -2.67953 1.07989 9.40003
2.64568 -2.68805 1.07933 9.50003
2.69422 -2.69428 1.07875 9.60003
2.74317 -2.69817 1.07817 9.70003
2.7924 -2.69968 1.07757 9.80003
2.84176 -2.6988 1.07696 9.90003
2.89112 -2.69551 1.07634 10
2.89896 -2.68936 1.07459 10.1
2.91318 -2.68228 1.07296 10.2
2.93289 -2.67454 1.07144 10.3
2.95727 -2.66637 1.07 10.4
2.98562 -2.65795 1.06863 10.5
3.01731 -2.64936 1.06731 10.6
3.05181 -2.64066 1.06605 10.7
3.08866 -2.63187 1.06482 10.8
3.12749 -2.62299 1.06362 10.9
3.16798 -2.61404 1.06245 11
3.20985 -2.60501 1.0613 11.1
3.25288 -2.59589 1.06017 11.2
3.29688 -2.5867 1.05905 11.3
3.34169 -2.57742 1.05795 11.4
3.38719 -2.56806 1.05685 11.5
3.43325 -2.55862 1.05576 11.6
3.47978 -2.5491 1.05468 11.7
3.52671 -2.53951 1.05361 11.8
3.57397 -2.52985 1.05253 11.9
3.6215 -2.52011 1.05146 12
3.66927 -2.51031 1.0504 12.1
3.71722 -2.50045 1.04933 12.2
3.76534 -2.49053 1.04827 12.3
3.81358 -2.48055 1.0472 12.4
3.86194 -2.47052 1.04614 12.5
3.91038 -2.46043 1.04507 12.6
3.9589 -2.4503 1.04401 12.7
4.00749 -2.44013 1.04295 12.8
4.05612 -2.42991 1.04188 12.9
4.1048 -2.41965 1.04082 13
4.1535 -2.40936 1.03976 13.1
4.20224 -2.39902 1.03869 13.2
4.251 -2.38866 1.03763 13.3
4.29978 -2.37826 1.03656 13.4
4.34857 -2.36783 1.03549 13.5
4.39737 -2.35738 1.03443 13.6
4.44618 -2.3469 1.03336 13.7
4.495 -2.33639 1.03229 13.8
4.54383 -2.32585 1.03122 13.9
4.59266 -2.3153 1.03015 14
4.64149 -2.30472 1.02909 14.1
4.69032 -2.29412 1.02802 14.2
4.73915 -2.2835 1.02694 14.3
4.78798 -2.27287 1.02587 14.4
4.83682 -2.26221 1.0248 14.5
4.88565 -2.25154 1.02373 14.6
4.93448 -2.24085 1.02266 14.7
4.98331 -2.23015 1.02158 14.8
5.03214 -2.21943 1.02051 14.9
5.08097 -2.2087 1.01944 15
5.12979 -2.19796 1.01836 15.1
5.17861 -2.1872 1.01729 15.2
5.22744 -2.17643 1.01622 15.3
5.27626 -2.16565 1.01514 15.4
5.32507 -2.15486 1.01407 15.5
5.37389 -2.14406 1.01299 15.6
5.42271 -2.13325 1.01191 15.7
5.47152 -2.12243 1.01084 15.8
5.52033 -2.1116 1.00976 15.9
5.56914 -2.10076 1.00869 16
5.61795 -2.08991 1.00761 16.1
5.66675 -2.07906 1.00653 16.2
5.71556 -2.06819 1.00546 16.3
5.76436 -2.05733 1.00438 16.4
5.81317 -2.04645 1.0033 16.5
5.86197 -2.03557 1.00222 16.6
5.91077 -2.02468 1.00115 16.7
5.95957 -2.01379 1.00007 16.8
6.00836 -2.00289 0.998992 16.9
6.05716 -1.99198 0.997914 17
6.10595 -1.98107 0.996836 17.1
6.15475 -1.97016 0.995758 17.2
6.20354 -1.95924 0.994679 17.3
6.25233 -1.94832 0.993601 17.4
6.30112 -1.93739 0.992523 17.5
6.34991 -1.92646 0.991444 17.6
6.3987 -1.91552 0.990366 17.7
6.44749 -1.90458 0.989287 17.8
6.49628 -1.89364 0.988208 17.9
6.54507 -1.88269 0.987129 18
6.59385 -1.87174 0.98605 18.1
6.64264 -1.86079 0.984971 18.2
6.69142 -1.84984 0.983892 18.3
6.74021 -1.83888 0.982813 18.4
6.78899 -1.82792 0.981734 18.5
6.83778 -1.81696 0.980655 18.6
6.88656 -1.80599 0.979576 18.7
6.93534 -1.79503 0.978496 18.8
6.98412 -1.78406 0.977417 18.9
7.03291 -1.77308 0.976338 19
7.08169 -1.76211 0.975258 19.1
7.13047 -1.75114 0.974179 19.2
7.17925 -1.74016 0.973099 19.3
7.22803 -1.72918 0.97202 19.4
7.27681 -1.7182 0.97094 19.5
7.32559 -1.70722 0.969861 19.6
7.37436 -1.69623 0.968781 19.7
7.42314 -1.68525 0.967701 19.8
7.47192 -1.67426 0.966622 19.9
7.5207 -1.66328 0.965542 20
7.56948 -1.65229 0.964462 20.1
7.61825 -1.6413 0.963383 20.2
7.66703 -1.63031 0.962303 20.3
7.71581 -1.61931 0.961223 20.4
7.76458 -1.60832 0.960143 20.5
7.81336 -1.59733 0.959064 20.6
7.86214 -1.58633 0.957984 20.7
7.91091 -1.57534 0.956904 20.8
7.95969 -1.56434 0.955824 20.9
8.00846 -1.55334 0.954744 21
8.05724 -1.54234 0.953664 21.1
8.10601 -1.53134 0.952585 21.2
8.15479 -1.52034 0.951505 21.3
8.20356 -1.50934 0.950425 21.4
8.25234 -1.49834 0.949345 21.5
8.30111 -1.48734 0.948265 21.6
8.34989 -1.47634 0.947185 21.7
8.39866 -1.46534 0.946105 21.8
8.44744 -1.45433 0.945025 21.9
8.49621 -1.44333 0.943945 22
8.54498 -1.43233 0.942865 22.1
8.59376 -1.42132 0.941785 22.2
8.64253 -1.41032 0.940705 22.3
8.69131 -1.39931 0.939625 22.4
8.74008 -1.3883 0.938545 22.5
8.78885 -1.3773 0.937465 22.6
8.83763 -1.36629 0.936385 22.7
8.8864 -1.35528 0.935305 22.8
8.93517 -1.34428 0.934225 22.9
8.98395 -1.33327 0.933145 23
9.03272 -1.32226 0.932065 23.1
9.08149 -1.31125 0.930985 23.2
9.13027 -1.30024 0.929905 23.3
9.17904 -1.28924 0.928825 23.4
9.22781 -1.27823 0.927745 23.5
9.27659 -1.26722 0.926665 23.6
9.32536 -1.25621 0.925585 23.7
9.37413 -1.2452 0.924505 23.8
9.4229 -1.23419 0.923425 23.9
9.47168 -1.22318 0.922345 24
9.52045 -1.21217 0.921265 24.1
9.56922 -1.20116 0.920185 24.2
9.61799 -1.19015 0.919105 24.3
9.66677 -1.17914 0.918025 24.4
9.71554 -1.16813 0.916945 24.5
9.76431 -1.15712 0.915865 24.6
9.81308 -1.1461 0.914785 24.7
9.86186 -1.13509 0.913705 24.8
9.91063 -1.12408 0.912625 24.9
9.9594 -1.11307 0.911545 25
10.0082 -1.10206 0.910465 25.1
10.0569 -1.09105 0.909385 25.2
10.1057 -1.08003 0.908305 25.3
10.1545 -1.06902 0.907225 25.4
10.2033 -1.05801 0.906145 25.5
10.252 -1.047 0.905065 25.6
10.3008 -1.03599 0.903985 25.7
10.3496 -1.02497 0.902904 25.8
10.3984 -1.01396 0.901824 25.9
10.4471 -1.00295 0.900744 26
10.4959 -0.991937 0.899664 26.1
10.5447 -0.980924 0.898584 26.2
10.5934 -0.969912 0.897504 26.3
10.6422 -0.958899 0.896424 26.4
10.691 -0.947886 0.895344 26.5
10.7398 -0.936873 0.894264 26.6
10.7885 -0.92586 0.893184 26.7
10.8373 -0.914847 0.892104 26.8
10.8861 -0.903834 0.891024 26.9
10.9348 -0.892821 0.889944 27
10.9836 -0.881808 0.888864 27.1
11.0324 -0.870795 0.887784 27.2
11.0812 -0.859782 0.886704 27.3
11.1299 -0.848769 0.885623 27.4
11.1787 -0.837755 0.884543 27.5
11.2275 -0.826742 0.883463 27.6
11.2762 -0.815729 0.882383 27.7
11.325 -0.804715 0.881303 27.8
11.3738 -0.793702 0.880223 27.9
11.4226 -0.782689 0.879143 28
11.4713 -0.771675 0.878063 28.1
11.5201 -0.760662 0.876983 28.2
11.5689 -0.749648 0.875903 28.3
11.6177 -0.738635 0.874823 28.4
11.6664 -0.727621 0.873743 28.5
11.7152 -0.716607 0.872663 28.6
11.764 -0.705594 0.871583 28.7
11.8127 -0.69458 0.870503 28.8
11.8615 -0.683567 0.869422 28.9
11.9103 -0.672553 0.868342 29
11.9591 -0.661539 0.867262 29.1
12.0078 -0.650526 0.866182 29.2
12.0566 -0.639512 0.865102 29.3
12.1054 -0.628498 0.864022 29.4
12.1541 -0.617484 0.862942 29.5
12.2029 -0.606471 0.861862 29.6
12.2517 -0.595457 0.860782 29.7
12.3005 -0.584443 0.859702 29.8
12.3492 -0.573429 0.858622 29.9
12.398 -0.562416 0.857542 30
12.4468 -0.551402 0.856462 30.1
12.4955 -0.540388 0.855382 30.2
12.5443 -0.529374 0.854301 30.3
12.5931 -0.51836 0.853221 30.4
12.6419 -0.507347 0.852141 30.5
12.6906 -0.496333 0.851061 30.6
12.7394 -0.485319 0.849981 30.7
12.7882 -0.474305 0.848901 30.8
12.837 -0.463291 0.847821 30.9
12.8857 -0.452277 0.846741 31
12.9345 -0.441263 0.845661 31.1
12.9833 -0.430249 0.844581 31.2
13.032 -0.419236 0.843501 31.3
13.0808 -0.408222 0.842421 31.4
13.1296 -0.397208 0.841341 31.5
13.1784 -0.386194 0.840261 31.6
13.2271 -0.37518 0.839181 31.7
13.2759 -0.364166 0.8381 31.8
13.3247 -0.353152 0.83702 31.9
13.3734 -0.342138 0.83594 32
13.4222 -0.331124 0.83486 32.1
13.471 -0.32011 0.83378 32.2
13.5198 -0.309096 0.8327 32.3
13.5685 -0.298082 0.83162 32.4
13.6173 -0.287068 0.83054 32.5
13.6661 -0.276054 0.82946 32.6
13.7148 -0.26504 0.82838 32.7
13.7636 -0.254026 0.8273 32.8
13.8124 -0.243012 0.82622 32.9
13.8612 -0.231999 0.82514 33
13.9099 -0.220985 0.82406 33.1
13.9587 -0.209971 0.822979 33.2
14.0075 -0.198957 0.821899 33.3
14.0562 -0.187943 0.820819 33.4
14.105 -0.176929 0.819739 33.5
14.1538 -0.165915 0.818659 33.6
14.2026 -0.154901 0.817579 33.7
14.2513 -0.143887 0.816499 33.8
14.3001 -0.132873 0.815419 33.9
14.3489 -0.121859 0.814339 34
14.3976 -0.110845 0.813259 34.1
14.4464 -0.0998307 0.812179 34.2
14.4952 -0.0888167 0.811099 34.3
14.544 -0.0778027 0.810019 34.4
14.5927 -0.0667887 0.808939 34.5
14.6415 -0.0557747 0.807858 34.6
14.6491 -0.0485407 0.806383 34.7
14.6631 -0.0399455 0.8051 34.8
14.6826 -0.0305771 0.803953 34.9
14.7069 -0.0210108 0.802901 35
14.7353 -0.0117398 0.801917 35.1
14.7673 -0.00317029 0.800981 35.2
14.8022 0.00436773 0.800078 35.3
14.8398 0.0106065 0.799198 35.4
14.8795 0.0153288 0.798333 35.5
