1387953349.488717012 -0.276875 -0.129944 1.002 -165.096 -0.0468493 -0.0219874  0.169546 -0.487565 7
1387953349.588705285 -0.278109 -0.131398 0.97 -165.243 -0.0123428 -0.0145482  -0.320038 -0.0256599 7
1387953349.688703481 -0.275668 -0.131609 0.952 -165.499 0.0244092 0  -0.180003 -0.0446807 7
1387953349.788694993 -0.270681 -0.130703 0.934 -165.737 0.0498838 0  -0.180015 -0.0415435 7
1387953349.888685185 -0.262598 -0.128423 0.937 -165.861 0.0808287 0.0228016  0.0300029 -0.021643 7
1387953349.988704432 -0.254547 -0.127257 0.947 -165.916 0.0804959 0.0116566  0.0999808 -0.00959885 7
1387953350.088687546 -0.2473 -0.125993 0.96 -165.865 0.0724873 0.0126479  0.130022 0.00890179 7
1387953350.188704308 -0.241942 -0.124461 0.97 -165.73 0.0535723 0.0153139  0.0999832 0.0235597 7
1387953350.288696374 -0.238802 -0.122992 0.977 -165.625 0.0313957 0.0146926  0.0700056 0.0183267 7
1387953350.388701068 -0.236386 -0.121236 0.993 -165.514 0.0241601 0.0175601  0.159992 0.0193709 7
1387953350.488693013 -0.235313 -0.119373 0.986 -165.492 0.0107301 0.0186327  -0.0700056 0.00384059 7
1387953350.588705890 -0.233854 -0.117826 0.972 -165.457 0.0145884 0.0154682  -0.139982 0.0061085 7
1387953350.688695363 -0.231497 -0.116689 0.963 -165.455 0.023577 0.0113656  -0.0900095 0.000348911 7
1387953350.788723436 -0.226275 -0.117137 0.96 -165.428 0.052204 0  -0.0299916 0.00471247 7
1387953350.888708608 -0.219952 -0.119461 0.965 -165.419 0.0632376 -0.0232504  0.0500074 0.00156883 4
1387953350.988741112 -0.212519 -0.122594 0.968 -165.441 0.0743055 -0.0313174  0.0299903 -0.00383637 4
1387953351.088699873 -0.202846 -0.12673 0.97 -165.484 0.0967747 -0.0413799  0.0200083 -0.00750788 4
1387953351.188708276 -0.193151 -0.130469 0.971 -165.526 0.0969438 -0.0373793  0 -0.00733107 4
1387953351.288765873 0.146546 0.178963 0.968 0.0189972 -0.0786065 0.0435644  -0.0299827 28.8764 4
1387953351.388759905 0.140434 0.181152 0.978 0.029007 -0.0611223 0.0218944  0.100006 0.00174714 4
1387953351.488747969 0.136209 0.18135 0.98 0.0599976 -0.0422506 0  0.0200024 0.00540953 4
1387953351.588782211 0.133362 0.180571 0.979 0.0680084 -0.028461 0  0 0.00139768 4
1387953351.688724541 0.130328 0.178405 0.977 0.076004 -0.0303621 -0.0216737  -0.0200115 0.0013963 4
1387953351.788761193 0.126957 0.174065 0.976 0.177002 -0.0336902 -0.0433764  0 0.017621 4
1387953351.888755607 0.122806 0.168266 0.974 0.246002 -0.0415168 -0.0579934  -0.0200011 0.0120435 4
1387953351.988768175 0.117777 0.16164 0.971 0.278 -0.0502868 -0.0662526  -0.0299962 0.00558395 4
1387953352.088759062 0.111704 0.154593 0.968 0.317001 -0.0607344 -0.0704851  -0.0300027 0.00680766 4
1387953352.188762418 0.105002 0.148191 0.963 0.417999 -0.0670127 -0.0640107  -0.0499983 0.0176269 4
1387953352.288756824 0.0969098 0.14115 0.959 0.505005 -0.0809291 -0.0704127  -0.0400022 0.0151862 4
1387953352.388760341 0.0875576 0.133066 0.96 0.606003 -0.0935185 -0.0808411  0 0.0176268 4
1387953352.488755749 0.0788458 0.124512 0.957 0.626999 -0.0871216 -0.085542  -0.0300014 0.00366468 4
1387953352.588758402 0.0716047 0.113479 0.985 0.539001 -0.0724089 -0.110328  0.279993 -0.015358 4
1387953352.688742816 0.0646566 0.101799 0.986 0.365005 -0.0694925 -0.116814  0.0100016 -0.0303728 4
1387953352.788752272 0.057823 0.090852 0.976 0.165009 -0.0683298 -0.109464  -0.0999905 -0.0349028 4
1387953352.888749000 0.0515997 0.0805532 0.961 -0.0800018 -0.0622342 -0.102992  -0.150005 -0.0427638 4
1387953352.988762097 0.0452597 0.0721236 0.95 -0.259003 -0.0633923 -0.0842845  -0.109986 -0.0312375 4
1387953353.088752145 0.0392653 0.066233 0.942 -0.376999 -0.0599496 -0.0589122  -0.080008 -0.0205963 4
1387953353.188741407 0.0341722 0.0632529 0.955 -0.485001 -0.0509368 -0.029804  0.130014 -0.0188519 4
1387953353.288743038 0.0305796 0.0626045 0.957 -0.339996 -0.0359255 0  0.0199997 0.0253076 4
1387953353.488741463 0.0262116 0.069965 0.939 -0.0399933 -0.0218401 0.0368028  -0.0900007 0.0261804 4
1387953353.588760893 0.0247248 0.0738224 0.932 0.0879974 -0.0148653 0.038566  -0.0699864 0.0223343 4
1387953353.688725997 0.0221745 0.0789319 0.928 0.102997 -0.0255114 0.0511135  -0.040014 0.0026188 4
1387953353.888762378 0.0161795 0.0866117 0.935 0.149002 -0.0299697 0.0383919  0.0349936 0.00401399 4
1387953353.988727661 0.0121989 0.0879442 0.941 0.128006 -0.0398194 0.0133295  0.0600208 -0.00366578 4
1387953354.188758444 0.00524251 0.0843844 0.947 0.242996 -0.0347768 -0.017796  0.0299954 0.0100332 4
1387953354.388744775 -0.0006115 0.08268 0.944 0.445007 -0.0292721 0  -0.015001 0.01763 4
1387953354.588732319 -0.00497648 0.0810591 0.956 0.596008 -0.0218263 0  0.0600037 0.0131781 4
1387953354.888727091 -0.0133218 0.0764183 0.973 0.684006 -0.0278182 -0.0154697  0.0566677 0.00511957 4
1387953355.288757606 -0.0174671 0.0627791 0.964 0.723999 -0.0103624 -0.0340952  -0.0224983 0.0017449 4
1387953355.588758618 -0.0207133 0.0469475 0.986 0.709 -0.0108206 -0.0527719  0.0733331 -0.000872626 4
1387953355.688757801 -0.021667 0.0412339 0.992 0.626007 0 -0.0571365  0.0600005 -0.0144851 4
1387953355.788748151 -0.0228547 0.0351855 0.998 0.602005 -0.0118788 -0.0604899  0.0600058 -0.00418956 4
1387953355.888740992 -0.0248072 0.0298864 1 0.576996 -0.0195258 -0.052995  0.0200014 -0.00436523 4
1387953355.988740053 -0.0275069 0.0254117 0.999 0.555008 -0.0269978 -0.0447469  -0.0100001 -0.00383765 4
1387953356.088739231 -0.0298958 0.0216095 0.999 0.524002 -0.0238885 -0.0380224  0 -0.00541159 4
1387953356.188749019 -0.0318688 0.0194954 0.997 0.574997 -0.0197281 -0.0211397  -0.019998 0.00889941 4
1387953356.288706626 -0.0334294 0.0177883 1 0.649994 -0.0156125 -0.0170776  0.0300127 0.013095 4
1387953356.388754539 -0.0352088 0.0167059 1.005 0.725998 -0.0177863 -0.0108195  0.0499761 0.0132589 4
1387953356.488761428 -0.0356783 0.015444 1.008 0.800995 0 -0.0126179  0.0299979 0.0130885 4
1387953356.588741236 -0.0355584 0.0138139 1.007 0.796997 0 -0.0163044  -0.010002 -0.000697889 4
1387953356.688754727 -0.035742 0.0121065 1.005 0.716003 0 -0.0170716  -0.0199973 -0.0141342 4
1387953356.788729527 -0.0363698 0.00974134 1.003 0.518005 0 -0.0236573  -0.020005 -0.0345659 4
1387953356.888747261 -0.0365522 0.00778139 1.005 0.380997 0 -0.019596  0.0199965 -0.0239083 4
1387953356.988739519 -0.0364831 0.00671544 1.006 0.326004 0 -0.0106604  0.0100008 -0.00959878 4
1387953357.088739122 -0.0366678 0.00636407 1.006 0.302002 0 0  0 -0.00418917 4
1387953357.188746627 -0.0348964 0.00647479 1.002 0.358002 0.0177127 0  -0.039997 0.00977307 4
1387953357.388749495 -0.0296945 0.00550114 0.995 0.505005 0.0260092 0  -0.0349995 0.0128283 4
1387953357.588742875 -0.0236743 0.00193598 0.989 0.555008 0.0301019 -0.0178264  -0.030001 0.00436373 4
1387953357.688768840 -0.0209114 -0.0010689 0.987 0.552994 0.0276226 -0.0300411  -0.0199948 -0.000351446 4
1387953357.788736754 -0.0174511 -0.00447669 0.983 0.567001 0.0346135 -0.0340888  -0.0400128 0.00244557 4
1387953357.988742504 -0.00817217 -0.0104812 0.977 0.589005 0.0463934 -0.0300219  -0.0299991 0.00192008 4
1387953358.088732132 -0.000817209 -0.0103488 0.964 0.742004 0.0735573 0  -0.130013 0.0267063 4
1387953358.188730552 0.00699442 -0.00935854 0.965 0.798996 0.0781176 0  0.0100002 0.00994706 4
1387953359.389843993 -0.000257002 0.0130012 0.969 -0.0899963 0 0.0186158  0 -0.0129179 4
1387953359.488745592 -0.000125424 0.0154678 0.976 -0.100998 0 0.0249403  0.0707774 -0.00194146 4
1387953359.588752331 6.15342e-05 0.0175585 0.987 -0.113998 0 0.0209052  0.109993 -0.00226886 4
1387953359.688740110 -0.000614285 0.0191629 0.996 -0.102997 0 0.0160462  0.090011 0.00192037 4
1387953359.788737323 -0.00255521 0.0208232 0.994 -0.102005 -0.0194098 0.016603  -0.0200006 0.00017311 4
1387953359.888765272 -0.00585079 0.0225645 0.998 -0.156006 -0.0329466 0.0174089  0.0399888 -0.00942229 4
1387953359.988766868 -0.00922302 0.0232627 0.996 -0.203995 -0.0337217 0  -0.0199997 -0.00837551 4
1387953360.088735491 -0.012612 0.0237901 0.992 -0.306992 -0.0339009 0  -0.0400126 -0.017982 4
1387953360.188747924 -0.0156714 0.0245652 0.994 -0.404999 -0.0305902 0  0.0199975 -0.0171034 4
1387953360.288767760 -0.0183597 0.0247792 0.984 -0.455994 -0.0268776 0  -0.0999802 -0.00889852 4
1387953360.388740761 -0.0206447 0.0256278 0.98 -0.404999 -0.0228562 0  -0.0400108 0.00890269 4
1387953360.488769531 -0.0227682 0.0280721 0.972 -0.313995 -0.0212281 0.0244358  -0.079977 0.0158785 4
1387953360.588744348 -0.024604 0.0309899 0.968 -0.225998 -0.0183626 0.0291856  -0.0400101 0.0153623 4
1387953360.688754848 -0.027471 0.0341815 0.965 -0.177002 -0.0286674 0.0319118  -0.0299969 0.00855051 4
1387953360.788738722 -0.0297125 0.0367156 0.971 -0.110992 -0.0224186 0.0253454  0.0600097 0.0115227 4
1387953360.888755526 -0.0318581 0.0384715 0.967 -0.115005 -0.0214524 0.0175561  -0.0399933 -0.000700294 4
1387953360.988731112 -0.0343989 0.0399185 0.97 -0.102997 -0.0254146 0.0144738  0.0300073 0.00209642 4
1387953361.088755076 -0.0358017 0.0413502 0.969 -0.177994 -0.0140244 0.0143137  0 -0.0130863 4
1387953361.188742842 -0.0368635 0.0422758 0.965 -0.175003 -0.0106193 0  -0.0400049 0.000522043 4
1387953361.288748687 -0.0385 0.042978 0.958 -0.162003 -0.016364 0  -0.0699959 0.00226888 4
1387953361.388743019 -0.0395245 0.0460404 0.949 -0.0849915 -0.0102457 0.030626  -0.0900051 0.0134417 4
1387953361.488746308 -0.0405558 0.0505729 0.95 0.0240021 -0.0103128 0.0453228  0 0.0190223 4
1387953361.588765498 -0.0417069 0.0573338 0.946 0.0800018 -0.0115088 0.0675964  -0.0399923 0.00977193 4
1387953361.688766289 -0.0433629 0.0652735 0.955 0.0870056 -0.0165593 0.0793965  0.0899993 0.00122238 4
1387953361.788734703 -0.0449288 0.0724843 0.956 0.184998 -0.0156647 0.0721309  0.0100032 0.0171082 4
1387953361.888740472 -0.0472137 0.0792948 0.96 0.307999 -0.0228468 0.0681007  0.0399977 0.0214665 4
1387953361.988743704 -0.0491891 0.0853487 0.96 0.410995 -0.0197536 0.0605374  0 0.0179758 4
1387953362.088730863 -0.0521625 0.0892808 0.962 0.442001 -0.0297381 0.0393261  0.0200026 0.00541224 4
1387953362.188746310 -0.0550578 0.0915178 0.96 0.438004 -0.0289485 0.0223665  -0.0199969 -0.00069764 4
1387953362.288737910 -0.0574089 0.0924575 0.959 0.473999 -0.0235131 0  -0.0100008 0.00628292 4
1387953362.388769908 -0.0594596 0.0923972 0.962 0.438995 -0.0205004 0  0.0299904 -0.00610734 4
1387953362.488731569 -0.0602636 0.0902451 0.963 0.427994 0 -0.0215295  0.0100038 -0.00192088 4
1387953362.588757910 -0.061154 0.0875203 0.968 0.449005 0 -0.0272407  0.0499868 0.00366621 4
1387953362.688767037 -0.0616378 0.0846883 0.97 0.434998 0 -0.0283172  0.0199982 -0.00244456 4
1387953362.788728905 -0.0610304 0.0815205 0.977 0.425995 0 -0.0316905  0.0700267 -0.00157186 4
1387953362.888768964 -0.0597275 0.078625 0.979 0.397003 0.0130236 -0.0289435  0.019992 -0.00505798 4
1387953362.988738541 -0.0585312 0.0760444 0.983 0.330002 0.0119666 -0.0258137  0.0400122 -0.0116975 4
1387953363.088801186 -0.0565832 0.0743891 0.985 0.167999 0.0194677 -0.0165425  0.0199875 -0.0282571 4
1387953363.188783127 -0.0544131 0.0729047 0.986 0.0870056 0.0217047 -0.014847  0.0100018 -0.0141386 4
1387953363.288753174 -0.0526137 0.0726144 0.977 -0.0160065 0.0179993 0  -0.090027 -0.0179844 4
1387953363.388748666 -0.0514404 0.0729212 0.988 -0.106003 0.0117334 0  0.110005 -0.015708 4
1387953363.488744339 -0.0508456 0.0737799 1.001 -0.153992 0 0  0.130006 -0.008376 4
1387953363.588772612 -0.0504623 0.0736358 1.004 -0.110001 0 0  0.0299915 0.00767572 4
1387953363.688796957 -0.0488995 0.0728585 1 -0.0350037 0.0156239 0  -0.0399903 0.0130863 4
1387953363.788727165 -0.0465771 0.0708989 0.999 0.00799561 0.0232403 -0.0196092  -0.010007 0.00751003 4
1387953363.888768499 -0.0426282 0.0690116 0.987 0.0850067 0.0394719 -0.0188651  -0.11995 0.0134354 4
1387953363.988726029 -0.0382672 0.0678013 0.977 0.0830078 0.0436286 -0.0121084  -0.100042 -0.000349022 4
1387953364.088759160 -0.0332851 0.0670794 0.969 0.0270081 0.0498047 0  -0.0799735 -0.00977056 4
1387953364.188760047 -0.0288841 0.0667331 0.965 -0.0440063 0.0440099 0  -0.0399996 -0.0123942 4
1387953364.288731006 -0.0242518 0.0670517 0.968 -0.134003 0.0463367 0  0.0300087 -0.0157119 4
1387953364.388781941 -0.0198611 0.0690585 0.972 -0.190002 0.0438848 0.0200581  0.0399796 -0.00976883 4
1387953364.488747374 -0.0154235 0.0723701 0.981 -0.257996 0.044391 0.0331274  0.0900311 -0.0118711 4
1387953364.588747136 -0.0117975 0.075644 0.991 -0.315994 0.0362601 0.032739  0.1 -0.0101227 4
1387953364.688744995 -0.0105667 0.0782074 1.001 -0.201996 0.0123081 0.0256349  0.100002 0.0198969 4
1387953364.788755272 -0.0108754 0.0801349 1.007 -0.0509949 0 0.0192726  0.0599938 0.0263519 4
1387953364.888732558 -0.0129081 0.0816238 1.004 0.0970001 -0.0203311 0.0148926  -0.0300068 0.0258359 4
1387953364.988745131 -0.0149862 0.0810136 1.002 0.259995 -0.0207786 0  -0.0199975 0.0284443 4
1387953365.088760534 -0.017225 0.0779948 0.992 0.423996 -0.0223848 -0.0301834  -0.0999846 0.0286192 4
1387953365.188770226 -0.0192269 0.0722439 0.983 0.600998 -0.0200169 -0.0575032  -0.0899913 0.0308897 4
1387953365.288767318 -0.0196652 0.0642003 0.973 0.682999 0 -0.0804385  -0.100003 0.0143122 4
1387953365.388741826 -0.019101 0.0561534 0.966 0.796997 0 -0.0804902  -0.0700178 0.0199015 4
1387953365.488766285 -0.0169024 0.0471909 0.961 0.925003 0.0219812 -0.0896024  -0.0499878 0.0223358 4
1387953365.588732291 -0.01476 0.0377649 0.956 0.983002 0.0214314 -0.0942922  -0.050017 0.0101261 4
1387953365.688758058 -0.0130992 0.0289997 0.955 1.063 0.0166036 -0.08763  0 0.0139594 4
1387953365.788760448 -0.0128342 0.0203497 0.952 1.06599 0 -0.0864974  -0.0299993 0.000521967 4
1387953365.888775959 -0.0141305 0.0136944 0.947 1.082 -0.0129611 -0.0665431  -0.0499922 0.00279322 4
1387953365.988768641 -0.0165037 0.00944365 0.948 1.03 -0.023733 -0.0425102  0.0100007 -0.00907672 4
1387953366.088730164 -0.0198492 0.00611632 0.952 1 -0.0334687 -0.0332862  0.0400154 -0.00523779 4
1387953366.188740084 -0.0234731 0.00338221 0.952 0.955002 -0.0362346 -0.0273384  0 -0.00785288 4
1387953366.288743439 -0.0265379 0.00118242 0.95 0.921997 -0.0306477 -0.0219971  -0.0199993 -0.00576022 4
1387953366.388767653 -0.0286735 -0.00168573 0.95 0.923004 -0.0213506 -0.0286746  0 0.000175726 4
1387953366.488738274 -0.0298988 -0.00487953 0.95 0.914001 -0.0122563 -0.0319474  0 -0.00157173 4
1387953366.588769648 -0.0299898 -0.00757148 0.952 0.927002 0 -0.0269111  0.0199937 0.0022683 4
1387953366.688746124 -0.0300206 -0.0103237 0.953 0.977005 0 -0.0275282  0.0100024 0.00872923 4
1387953366.788735919 -0.0296131 -0.0128895 0.955 0.994003 0 -0.0256611  0.020002 0.00296706 4
1387953366.888744571 -0.0285479 -0.0150544 0.957 1.01801 0.0106513 -0.021647  0.0199983 0.00418879 4
1387953366.988783408 -0.0291219 -0.0172228 0.959 1.019 0 -0.0216761  0.0199922 0.000173038 4
1387953367.088745773 -0.0297713 -0.0183599 0.966 0.977997 0 -0.0113745  0.0700264 -0.00715861 4
1387953367.188739072 -0.0316148 -0.0198649 0.968 0.899994 -0.0184363 -0.015051  0.0200013 -0.013615 4
1387953367.288742365 -0.0345909 -0.0212728 0.965 0.768997 -0.0297601 -0.0140791  -0.029999 -0.0228625 4
1387953367.388751565 -0.0383319 -0.0227805 0.963 0.623001 -0.0374063 -0.0150752  -0.0199982 -0.0254788 4
1387953367.488744222 -0.0428557 -0.0244378 0.963 0.371994 -0.0452412 -0.0165743  0 -0.0438122 4
1387953367.588752883 -0.0469483 -0.0242893 0.972 0.0180054 -0.040923 0  0.0899922 -0.0617773 4
1387953367.688757559 -0.0515972 -0.0218925 0.971 -0.358002 -0.0464869 0.0239668  0 -0.0656225 4
1387953367.788750548 -0.0562951 -0.0176948 0.97 -0.628006 -0.0469815 0.0419796  -0.0100007 -0.0471279 4
1387953367.888749283 -0.0593005 -0.0105496 0.967 -0.651001 -0.0300546 0.071453  -0.0300004 -0.00401343 4
1387953367.988765427 -0.0605276 -0.001091 0.971 -0.563995 -0.0122694 0.094571  0.0399935 0.0151829 4
1387953368.088768317 -0.0591277 0.0089508 0.985 -0.449997 0.0139986 0.100415  0.139996 0.0198959 4
1387953368.188768431 -0.0576645 0.0204129 0.993 -0.356003 0.0146323 0.114621  0.0799999 0.0164051 4
1387953368.288739816 -0.0557555 0.033069 0.999 -0.401001 0.0190954 0.126598  0.0600172 -0.00785591 4
1387953368.388740501 -0.0542945 0.0440222 1.003 -0.533005 0.0146098 0.109531  0.0399997 -0.0230388 4
1387953368.488782676 -0.0532213 0.0535417 1.004 -0.664993 0.0107276 0.0951549  0 -0.0230266 4
1387953368.588767267 -0.0535336 0.0613156 1.003 -0.789993 0 0.0777513  -0.0100015 -0.02182 4
1387953368.688749155 -0.0542383 0.0670765 1.001 -0.766998 0 0.0576192  -0.0200036 0.00401411 4
1387953368.788748889 -0.055954 0.0709879 0.996 -0.709991 -0.0171571 0.0391138  -0.0500001 0.0099496 4
1387953368.888746812 -0.0576909 0.0737777 0.993 -0.623001 -0.0173693 0.0278984  -0.0300006 0.015183 4
1387953368.988748677 -0.0589359 0.0739018 0.987 -0.451996 -0.0124495 0  -0.0599989 0.0298455 4
1387953369.088748812 -0.0594818 0.0728656 0.984 -0.311005 0 -0.0103626  -0.03 0.0246076 4
1387953369.188735806 -0.0590468 0.0702767 0.983 -0.195999 0 -0.0258922  -0.0100013 0.0200749 4
1387953369.288771202 -0.0577348 0.0667662 0.977 -0.132996 0.0131152 -0.0350919  -0.0599788 0.0109923 4
1387953369.388749889 -0.0556341 0.0627733 0.973 -0.126999 0.0210114 -0.0399381  -0.0400085 0.00104685 4
1387953369.488737606 -0.0542855 0.0586164 0.968 -0.0579987 0.0134875 -0.0415742  -0.0500061 0.0120443 4
1387953369.588733997 -0.0516015 0.0553729 0.963 0.0379944 0.0268408 -0.0324361  -0.0500018 0.0167546 4
1387953369.688746122 -0.0487105 0.0533351 0.96 0.0950012 0.0289069 -0.020375  -0.0299964 0.00994836 4
1387953369.788746675 -0.045456 0.0523421 0.954 0.212006 0.0325445 0  -0.0599997 0.020421 4
1387953369.888770103 -0.0416758 0.0534274 0.951 0.354004 0.0377934 0.010851  -0.029993 0.0247776 4
1387953369.988734560 -0.036849 0.056098 0.951 0.440002 0.048285 0.0267152  0 0.0150149 4
1387953370.088760843 -0.0313211 0.0590197 0.955 0.477005 0.0552644 0.0292098  0.0399895 0.00645647 4
1387953370.188763556 -0.0254408 0.0620046 0.963 0.513 0.0588017 0.0298475  0.0799978 0.00628223 4
1387953370.288740621 -0.0196416 0.0636707 0.973 0.483994 0.0580047 0.0166653  0.100023 -0.00506383 4
1387953370.388745649 -0.0152836 0.0645512 0.977 0.487 0.0435787 0  0.039998 0.000524616 4
1387953370.488742224 -0.0121194 0.0653173 0.979 0.445999 0.0316428 0  0.0200007 -0.00715616 4
1387953370.588743300 -0.0101336 0.0654099 0.98 0.423996 0.0198574 0  0 -0.00384024 4
1387953370.688740396 -0.00848614 0.0651406 0.977 0.391998 0.0164753 0  -0.0300009 -0.00558481 4
1387953370.788741817 -0.00773205 0.064012 0.976 0.330994 0 -0.0112854  0 -0.0106472 4
1387953370.888740100 -0.00698901 0.0614615 0.973 0.290009 0 -0.0255058  -0.0300005 -0.00715337 4
1387953370.988748458 -0.00795854 0.0571135 0.972 0.201996 0 -0.0434761  0 -0.0153598 4
1387953371.088746705 -0.0106359 0.0527509 0.973 0.0279999 -0.0267744 -0.0436268  0.0100002 -0.0303686 4
1387953371.188744254 -0.014748 0.0487479 0.971 -0.214005 -0.0411218 -0.0400311  -0.0200005 -0.0422388 4
1387953371.288740129 -0.0204412 0.0457482 0.971 -0.410995 -0.0569346 -0.029998  0 -0.0343828 4
1387953371.388746828 -0.0272855 0.0438863 0.974 -0.481995 -0.0684382 -0.0186178  0.029998 -0.0123909 4
1387953371.488771736 -0.0334619 0.0429529 0.978 -0.522003 -0.0617485 0  0.03999 -0.00698107 4
1387953371.588753100 -0.0386674 0.0412924 0.978 -0.488998 -0.0520644 -0.0166083  0 0.00576149 4
1387953371.688746748 -0.0417827 0.0391092 0.977 -0.429993 -0.0311556 -0.021833  -0.0100006 0.0102991 4
1387953371.788736118 -0.0441656 0.0368824 0.978 -0.309006 -0.0238316 -0.0222709  0.0100011 0.0211184 4
1387953371.888737304 -0.0455559 0.0348346 0.98 -0.216995 -0.0139026 -0.0204768  0.0199998 0.0160587 4
1387953371.988740377 -0.0471876 0.0343412 0.983 -0.123001 -0.0163167 0  0.0299991 0.0164046 4
1387953372.088742783 -0.0483942 0.0328964 0.983 -0.128998 -0.0120657 -0.0144474  0 -0.0010466 4
1387953372.188772321 -0.0499554 0.031316 0.985 -0.095993 -0.0156069 -0.0157992  0.0199941 0.00575872 4
1387953372.288770364 -0.0510608 0.0298183 0.983 -0.0809937 -0.0110547 -0.0149779  -0.0200004 0.00261794 4
1387953372.388761211 -0.050699 0.0286271 0.981 -0.0350037 0 -0.0119133  -0.0200018 0.0080275 4
1387953372.488740614 -0.0493285 0.0286796 0.978 0.0149994 0.013708 0  -0.0300062 0.00872898 4
1387953372.588752361 -0.0455309 0.0295892 0.978 0.098999 0.0379715 0  0 0.014659 4
1387953372.688743963 -0.0412832 0.031432 0.977 0.106995 0.0424812 0.0184291  -0.0100008 0.00139561 4
1387953372.788741265 -0.0370486 0.0343567 0.979 0.149994 0.0423471 0.029248  0.0200005 0.00750499 4
1387953372.888744393 -0.0326813 0.0371028 0.981 0.177994 0.0436718 0.0274602  0.0199994 0.00488675 4
1387953372.988732297 -0.0292936 0.0393331 0.981 0.195999 0.0338808 0.0223064  0 0.00314291 4
1387953373.088743496 -0.0262903 0.0420084 0.98 0.165009 0.0300299 0.0267492  0 -0.00540827 4
1387953373.188742974 -0.0244846 0.0427999 0.978 0.171997 0.0180571 0  -0.0200001 0.00121973 4
1387953373.288739644 -0.0227826 0.0416973 0.972 0.278 0.0170197 -0.0110263  -0.060002 0.0185016 4
1387953373.388747199 -0.0224195 0.0403859 0.965 0.431 0 -0.0131129  -0.0699947 0.0267015 4
1387953373.488740240 -0.0211636 0.0386357 0.961 0.492996 0.0125598 -0.0175034  -0.0400028 0.0108212 4
1387953373.588751247 -0.0188957 0.0378072 0.958 0.550995 0.0226766 0  -0.0299967 0.0101216 4
1387953373.688756442 -0.0171006 0.0373554 0.966 0.587997 0.0179496 0  0.0799958 0.00645783 4
1387953373.788755356 -0.0172713 0.0376985 0.971 0.507996 0 0  0.0500005 -0.0139631 4
1387953373.888753991 -0.0180035 0.0382819 0.975 0.339005 0 0  0.0400005 -0.0294949 4
1387953373.988744227 -0.0201106 0.038976 0.979 0.218994 -0.0210734 0  0.0400039 -0.0209478 4
1387953374.088752421 -0.0231158 0.0397358 0.981 0.138 -0.030049 0  0.0199984 -0.0141349 4
1387953374.188747965 -0.0266094 0.0406034 0.98 0.154999 -0.0349373 0  -0.0100004 0.00296689 4
1387953374.288742386 -0.0302531 0.0416131 0.98 0.242996 -0.036439 0.0100985  0 0.0153593 4
1387953374.388751667 -0.0323005 0.0413279 0.977 0.266006 -0.0204726 0  -0.0299972 0.00401567 4
1387953374.488771530 -0.0339873 0.0399633 0.979 0.253006 -0.0168646 -0.0136428  0.019996 -0.00226856 4
1387953374.588734374 -0.0356125 0.0376739 0.975 0.220001 -0.0162579 -0.022903  -0.0400149 -0.00576256 4
1387953374.688743030 -0.0370009 0.0337446 0.969 0.117004 -0.013883 -0.0392893  -0.0599948 -0.0179748 4
1387953374.788727388 -0.03924 0.0283778 0.961 0.0740051 -0.0223948 -0.0536764  -0.0800125 -0.00750596 4
1387953374.888734456 -0.0416449 0.0231552 0.959 -0.026001 -0.0240469 -0.0522223  -0.0199986 -0.0174531 4
1387953374.988735837 -0.0445282 0.0195169 0.958 -0.117004 -0.0288321 -0.0363828  0 -0.0158829 4
1387953375.088730449 -0.0478747 0.0174 0.957 -0.203003 -0.0334674 -0.0211699  -0.0100005 -0.0150104 4
1387953375.188733691 -0.0513292 0.0177428 0.956 -0.223999 -0.0345442 0  0 -0.00366439 4
1387953375.288742149 -0.0537937 0.0197419 0.961 -0.313004 -0.024643 0.019989  0.0499958 -0.0155329 4
1387953375.388733406 -0.0561341 0.0222725 0.97 -0.404999 -0.0234059 0.0253079  0.0900079 -0.0160576 4
1387953375.488748419 -0.0573104 0.0258712 0.981 -0.438004 -0.0117613 0.0359823  0.109983 -0.00575955 4
1387953375.588729079 -0.0571427 0.0288562 0.99 -0.455002 0 0.0298558  0.0900174 -0.00296734 4
1387953375.688736405 -0.0558392 0.0308806 0.997 -0.360001 0.0130342 0.0202427  0.0699949 0.0165796 4
1387953375.788762391 -0.0529735 0.0321283 1.001 -0.242996 0.0286501 0.0124737  0.0399896 0.0204158 4
1387953375.888744147 -0.0494772 0.0325386 1.005 -0.0820007 0.034969 0  0.0400073 0.0281041 4
1387953375.988754099 -0.0451951 0.0323224 1.005 0.0270081 0.0428168 0  0 0.0190237 4
1387953376.088746468 -0.0409242 0.0314137 1.006 0.147003 0.0427118 0  0.0100008 0.0209447 4
1387953376.188740711 -0.0368526 0.0302028 1.002 0.225006 0.0407186 -0.0121096  -0.0400023 0.0136149 4
1387953376.288741246 -0.0344469 0.0291101 1.001 0.229004 0.0240572 -0.0109265  0 0.000697744 4
1387953376.388739069 -0.0338584 0.0281801 0.992 0.225006 0 0  -0.090002 -0.000697763 4
1387953376.488753804 -0.0346023 0.0285785 0.981 0.164001 0 0  -0.109984 -0.0106457 4
1387953376.588732812 -0.0357032 0.0289955 0.974 0.171005 -0.0110108 0  -0.0700147 0.00122265 4
1387953376.688752781 -0.0370262 0.0292626 0.965 0.125 -0.0132275 0  -0.089982 -0.00802783 4
1387953376.788743794 -0.0386472 0.0308963 0.961 0.076004 -0.0162112 0.0163386  -0.0400036 -0.00855218 4
1387953376.888746159 -0.0398644 0.0334149 0.958 0.0390015 -0.0121717 0.025185  -0.0299993 -0.00645801 4
1387953376.988752019 -0.0406339 0.0370265 0.956 0.0310059 0 0.0361135  -0.0199988 -0.00139541 4
1387953377.088743529 -0.041227 0.041156 0.961 0.0180054 0 0.0412987  0.0500042 -0.00226921 4
1387953377.188733786 -0.0423636 0.0448596 0.965 -0.0529938 -0.0113673 0.0370397  0.0400039 -0.0123929 4
1387953377.288736924 -0.0436634 0.0488789 0.969 -0.113007 -0.012997 0.0401919  0.0399987 -0.0104739 4
1387953377.388738426 -0.0449023 0.0531972 0.972 -0.173996 -0.0123888 0.0431821  0.0299995 -0.0106445 4
1387953377.488735060 -0.0462952 0.0579345 0.976 -0.117996 -0.0139293 0.0473751  0.0400013 0.00977413 4
1387953377.588749857 -0.0477939 0.0621425 0.978 -0.0619965 -0.0149856 0.0420733  0.019997 0.00977236 4
1387953377.688762639 -0.0489267 0.0658401 0.979 0.0160065 -0.0113264 0.0369711  0 0.0136123 4
1387953377.788751063 -0.0479507 0.0683731 0.975 0.108994 0 0.0253329  -0.0400046 0.0162312 4
1387953377.888766506 -0.0456231 0.0701991 0.976 0.100006 0.0232724 0.018258  0 -0.00156836 4
1387953377.988769148 -0.0426118 0.0711491 0.974 0.104004 0.0301121 0  -0.0199995 0.00069773 4
1387953378.088769726 -0.0393044 0.0721294 0.97 0.0899963 0.0330741 0  -0.0399998 -0.00244477 4
1387953378.188732335 -0.0370286 0.0733455 0.966 0.098999 0.0227658 0.0121655  -0.040015 0.00157185 4
1387953378.288748743 -0.0361285 0.0743404 0.964 0.0279999 0 0  -0.0199967 -0.0123897 4
1387953378.388739312 -0.0367094 0.0747808 0.961 0 0 0  -0.0300028 -0.00488736 4
1387953378.488750474 -0.0376963 0.0756218 0.955 -0.0440063 0 0  -0.0599933 -0.0076797 4
1387953378.588741523 -0.038699 0.0772106 0.953 -0.0639954 -0.0100288 0.0158893  -0.0200018 -0.00348905 4
1387953378.688744780 -0.040032 0.0795052 0.95 -0.0169983 -0.013329 0.0229455  -0.029999 0.00820227 4
1387953378.788740032 -0.0413554 0.0823356 0.95 -0.0330048 -0.0132344 0.0283058  0 -0.00279379 4
1387953378.888736687 -0.0429311 0.0857658 0.953 0.0350037 -0.0157574 0.0343023  0.030001 0.0118701 4
1387953378.988721525 -0.0440234 0.0893782 0.959 0.143997 -0.0109255 0.0361295  0.0600091 0.0190258 4
1387953379.088764452 -0.0451103 0.0921921 0.965 0.218002 -0.0108636 0.0281275  0.0599743 0.0129108 4
1387953379.188746440 -0.0452453 0.0943328 0.974 0.330994 0 0.0214107  0.0900162 0.0197243 4
1387953379.288740188 -0.044985 0.0955782 0.977 0.375 0 0.0124545  0.0300019 0.00768104 4
1387953379.390159923 -0.0447053 0.0954972 0.989 0.417999 0 0  0.11832 0.00739973 4
1387953379.488756823 -0.0435517 0.094392 0.986 0.464005 0.0117002 -0.0112101  -0.0304269 0.00814369 4
1387953379.588752121 -0.0426096 0.0923726 0.986 0.442001 0 -0.0201949  0 -0.00384046 4
1387953379.688752061 -0.0415753 0.0886398 0.984 0.389008 0.0103424 -0.0373277  -0.02 -0.00924916 4
1387953379.788753408 -0.0410498 0.0828363 0.982 0.266998 0 -0.058034  -0.0199997 -0.0212943 4
1387953379.888748155 -0.0408342 0.0767005 0.981 0.214996 0 -0.0613614  -0.0100005 -0.00907653 4
1387953379.988746418 -0.0408564 0.0708936 0.981 0.121002 0 -0.0580697  0 -0.0164054 4
1387953380.188746783 -0.0451008 0.0624451 0.98 0.0039978 -0.0212221 -0.0422427  0 -0.0102105 4
1387953380.288738875 -0.0470493 0.0581165 0.982 -0.0110016 -0.0194867 -0.0432893  0.0200016 -0.00261809 4
1387953380.388743931 -0.0480891 0.0538978 0.987 0.0279999 -0.0103972 -0.0421844  0.0499975 0.0068067 4
1387953380.488754428 -0.0482441 0.0500667 0.987 0.0910034 0 -0.038307  0 0.010995 4
1387953380.588750086 -0.0480351 0.0461785 0.989 0.190002 0 -0.0388844  0.0200009 0.0172793 4
1387953380.688751022 -0.04744 0.0426522 0.99 0.375 0 -0.0352621  0 0.0322879 4
1387953380.788753504 -0.0466331 0.0387896 0.989 0.473999 0 -0.0386252  0 0.0172782 4
1387953380.888759600 -0.0463334 0.0350604 0.986 0.447006 0 -0.0372898  -0.0299982 -0.00471084 4
1387953380.988744237 -0.0458578 0.0311181 0.978 0.399994 0 -0.0394286  -0.0800123 -0.00820646 4
1387953381.088737434 -0.0440308 0.0282548 0.974 0.365005 0.0182714 -0.0286357  -0.0400027 -0.00610704 4
1387953381.188752829 -0.0429485 0.0266429 0.973 0.317001 0.010821 -0.0161157  0 -0.00837702 4
1387953381.288744030 -0.0416223 0.0257482 0.972 0.279007 0.0132636 0  -0.0100009 -0.00663185 4
1387953381.388753353 -0.0402654 0.0248146 0.97 0.223007 0.0135674 0  -0.0199981 -0.00977289 4
1387953381.488750763 -0.0384067 0.0241652 0.969 0.154999 0.0185877 0  -0.0100003 -0.01187 4
1387953381.588726624 -0.0362292 0.0235592 0.969 0.0850067 0.0217799 0  0 -0.0122189 4
1387953381.688747767 -0.0339373 0.0231629 0.97 0.0039978 0.0229148 0  0 -0.0141357 4
1387953381.788752992 -0.031196 0.0238862 0.97 -0.0919952 0.0274116 0  0 -0.0167531 4
1387953381.888742529 -0.0293765 0.0239671 0.968 0.455994 0.0181964 0  -0.0200021 0.0956521 3
1387953381.988767475 -0.0271812 0.0206257 0.963 4.707 0.0219478 -0.0334063  -0.0499875 0.741756 3
1387953382.088749432 -0.0249174 0.0138239 0.954 10.579 0.0226419 -0.0680299  -0.0900162 1.02504 3
1387953382.188770875 -0.0220172 0.011215 0.945 13.373 0.0289958 -0.026083  -0.0899807 0.487542 3
1387953382.288764184 -0.0204403 0.0101426 0.935 15.203 0.0157701 -0.010725  -0.100007 0.319417 4
1387953382.388753698 -0.02064 0.00957405 0.927 16.333 0 0  -0.0800084 0.197244 4
1387953382.488754388 -0.0213728 0.0091273 0.906 17.077 0 0  -0.209999 0.12985 9
1387953382.588791090 -0.0213156 0.0117182 0.861 17.632 0 0.0258995  -0.449835 0.0968316 9
1387953382.688753624 -0.0195032 0.0186265 0.801 17.99 0.0181311 0.0691093  -0.600225 0.0625065 9
1387953382.788786503 -0.0144017 0.0260093 0.741 18.386 0.0509982 0.0738033  -0.599803 0.0690916 9
1387953382.888755060 -0.00316007 0.0333081 0.666 18.676 0.112452 0.0730111  -0.750236 0.0506293 9
1387953382.988757699 0.0139236 0.0416028 0.59 18.956 0.170832 0.0829449  -0.75998 0.0488677 9
1387953383.088767486 0.0330104 0.0502396 0.511 19.259 0.19085 0.0863589  -0.789923 0.0528799 9
1387953383.188727806 0.0569386 0.0613305 0.435 19.514 0.239377 0.110953  -0.760302 0.0445244 9
1387953383.288731013 0.0792324 0.0706828 0.357 19.713 0.222931 0.0935203  -0.779975 0.0347292 9
1387953383.388780902 0.0860577 0.0724896 0.289 19.839 0.0682191 0.0180591  -0.679661 0.0219814 9
1387953383.488733562 0.0997095 0.0697249 0.235 19.914 0.136582 -0.0276604  -0.540256 0.0130956 9
1387953383.588767126 0.108561 0.0660258 0.181 19.874 0.0884817 -0.0369782  -0.539819 -0.0069778 9
1387953383.688728219 0.108561 0.0660258 0 19.453 0 0  -1.8107 -0.0735079 2
1387953383.788781983 0.108561 0.0660258 0 18.439 0 0  0 -0.176883 2
1387953383.888764954 0.108561 0.0660258 0 18.382 0 0  0 -0.0099486 2
1387953383.988764021 0.108561 0.0660258 0 18.36 0 0  0 -0.00384031 2
1387953384.088768677 0.108561 0.0660258 0 18.358 0 0  0 -0.000348858 2
1387953384.188714575 0.108561 0.0660258 0 18.346 0 0  0 -0.00209438 2
1387953384.288724774 0.108561 0.0660258 0 18.334 0 0  0 -0.00209569 2
1387953384.388734127 0.108561 0.0660258 0 18.328 0 0  0 -0.00104652 2
1387953384.488721238 0.108561 0.0660258 0 18.319 0 0  0 -0.00157147 2
1387953384.588722891 0.108561 0.0660258 0 18.309 0 0  0 -0.00174434 2
1387953384.688720177 0.108561 0.0660258 0 18.301 0 0  0 -0.0013982 2
1387953384.788731100 0.108561 0.0660258 0 18.292 0 0  0 -0.00156843 2
1387953384.888731733 0.108561 0.0660258 0 18.284 0 0  0 -0.00139815 2
1387953384.988720114 0.108561 0.0660258 0 18.275 0 0  0 -0.00157145 2
1387953385.088771843 0.108561 0.0660258 0 18.265 0 0  0 -0.00174347 2
1387953385.188772409 0.108561 0.0660258 0 18.256 0 0  0 -0.00157126 2
1387953385.288766458 0.108561 0.0660258 0 18.247 0 0  0 -0.00157136 2
1387953385.388768778 0.108561 0.0660258 0 18.239 0 0  0 -0.00139546 2
1387953385.488726411 0.108561 0.0660258 0 18.233 0 0  0 -0.00104707 2
1387953385.588719773 0.108561 0.0660258 0 18.221 0 0  0 -0.00209338 2
1387953385.688725743 0.108561 0.0660258 0 18.212 0 0  0 -0.00157117 2
1387953385.788787985 0.108561 0.0660258 0 18.204 0 0  0 -0.00139729 2
1387953385.888725854 0.108561 0.0660258 0 18.193 0 0  0 -0.00191867 2
1387953385.988731901 0.108561 0.0660258 0 18.181 0 0  0 -0.00209578 2
1387953386.088718571 0.108561 0.0660258 0 18.17 0 0  0 -0.0019204 2
1387953386.188748967 0.108561 0.0660258 0 18.161 0 0  0 -0.00157079 2
1387953386.288762608 0.108561 0.0660258 0 18.153 0 0  0 -0.00139531 2
1387953386.388724140 0.108561 0.0660258 0 18.144 0 0  0 -0.00157187 2
1387953386.488736152 0.108561 0.0660258 0 18.133 0 0  0 -0.00191991 2
1387953386.588736526 0.108561 0.0660258 0 18.126 0 0  0 -0.00121972 2
1387953386.688771224 0.108561 0.0660258 0 18.117 0 0  0 -0.00157072 2
1387953386.788724414 0.108561 0.0660258 0 18.106 0 0  0 -0.00192104 2
1387953386.888739368 0.108561 0.0660258 0 18.098 0 0  0 -0.00139529 2
1387953386.988734263 0.108561 0.0660258 0 18.089 0 0  0 -0.00157135 2
1387953387.088737009 0.108561 0.0660258 0 18.077 0 0  0 -0.00209585 2
1387953387.188738709 0.108561 0.0660258 0 18.066 0 0  0 -0.00192011 2
1387953387.288772483 0.108561 0.0660258 0 18.056 0 0  0 -0.00174378 2
1387953387.388736153 0.108561 0.0660258 0 18.047 0 0  0 -0.00157184 2
1387953387.488777245 0.108561 0.0660258 0 18.038 0 0  0 -0.00157062 2
1387953387.588719675 0.108561 0.0660258 0 18.028 0 0  0 -0.00174538 2
1387953387.688736916 0.108561 0.0660258 0 18.017 0 0  0 -0.00191981 2
1387953387.788723523 0.108561 0.0660258 0 18.005 0 0  0 -0.00209353 2
1387953387.888735565 0.108561 0.0660258 0 17.994 0 0  0 -0.00191991 2
1387953387.988727513 0.108561 0.0660258 0 17.984 0 0  0 -0.00174717 2
1387953388.088779618 0.108561 0.0660258 0 17.977 0 0  0 -0.00121909 2
1387953388.188734942 0.108561 0.0660258 0 17.967 0 0  0 -0.00174781 2
1387953388.288722085 0.108561 0.0660258 0 17.957 0 0  0 -0.00174459 2
1387953388.388733881 0.108561 0.0660258 0 17.945 0 0  0 -0.002093 2
1387953388.488720348 0.108561 0.0660258 0 17.937 0 0  0 -0.00139835 2
1387953388.588781182 0.108561 0.0660258 0 17.925 0 0  0 -0.00209197 2
1387953388.688719513 0.108561 0.0660258 0 17.916 0 0  0 -0.00157223 2
1387953388.788776055 0.108561 0.0660258 0 17.907 0 0  0 -0.00157038 2
1387953388.888718916 0.108561 0.0660258 0 17.898 0 0  0 -0.00157216 2
1387953388.988733291 0.108561 0.0660258 0 17.89 0 0  0 -0.0013953 2
1387953389.088783363 0.108561 0.0660258 0 17.876 0 0  0 -0.0024409 2
1387953389.188716955 0.108561 0.0660258 0 17.865 0 0  0 -0.00192142 2
1387953389.288730353 0.108561 0.0660258 0 17.856 0 0  0 -0.00157105 2
1387953389.388843775 0.108561 0.0660258 0 17.848 0 0  0 -0.00139392 2
1387953389.488727923 0.108561 0.0660258 0 17.84 0 0  0 -0.00139978 2
1387953389.588738012 0.108561 0.0660258 0 17.833 0 0  0 -0.0012196 2
1387953389.688778642 0.108561 0.0660258 0 17.823 0 0  0 -0.00174632 2
1387953389.788717553 0.108561 0.0660258 0 17.814 0 0  0 -0.00157223 2
1387953389.888755889 0.108561 0.0660258 0 17.805 0 0  0 -0.001568 2
1387953389.988790639 0.108561 0.0660258 0 17.796 0 0  0 -0.00157072 2
1387953390.088715563 0.108561 0.0660258 0 17.786 0 0  0 -0.00174835 2
1387953390.188772018 0.108561 0.0660258 0 17.773 0 0  0 -0.00226773 2
1387953390.288730818 0.108561 0.0660258 0 17.764 0 0  0 -0.00156925 2
1387953390.388722394 0.108561 0.0660258 0 17.754 0 0  0 -0.00174718 2
1387953390.488779927 0.108561 0.0660258 0 17.745 0 0  0 -0.00157036 2
1387953390.588785233 0.108561 0.0660258 0 17.735 0 0  0 -0.00174428 2
1387953390.688730953 0.108561 0.0660258 0 17.724 0 0  0 -0.00192118 2
1387953390.788714247 0.108561 0.0660258 0 17.716 0 0  0 -0.00139573 2
1387953390.888739078 0.108561 0.0660258 0 17.705 0 0  0 -0.00191966 2
1387953390.988772666 0.108561 0.0660258 0 17.695 0 0  0 -0.00174378 2
1387953391.088733506 0.108561 0.0660258 0 17.683 0 0  0 -0.00209673 2
1387953391.188800503 0.108561 0.0660258 0 17.672 0 0  0 -0.00191885 2
1387953391.288783521 0.108561 0.0660258 0 17.661 0 0  0 -0.00192047 2
1387953391.388752911 0.108561 0.0660258 0 17.651 0 0  0 -0.0017449 2
1387953391.488723023 0.108561 0.0660258 0 17.64 0 0  0 -0.00192071 2
1387953391.588733984 0.108561 0.0660258 0 17.63 0 0  0 -0.00174418 2
1387953391.688737271 0.108561 0.0660258 0 17.619 0 0  0 -0.00192008 2
1387953391.788756213 0.108561 0.0660258 0 17.608 0 0  0 -0.00191978 2
1387953391.888775480 0.108561 0.0660258 0 17.599 0 0  0 -0.00157096 2
1387953391.988718958 0.108561 0.0660258 0 17.587 0 0  0 -0.00209443 2
1387953392.088783166 0.108561 0.0660258 0 17.578 0 0  0 -0.00157026 2
1387953392.188776375 0.108561 0.0660258 0 17.57 0 0  0 -0.00139559 2
1387953392.288772995 0.108561 0.0660258 0 17.558 0 0  0 -0.00209598 2
1387953392.388766120 0.108561 0.0660258 0 17.548 0 0  0 -0.00174449 2
1387953392.488730961 0.108561 0.0660258 0 17.538 0 0  0 -0.00174765 2
1387953392.588781745 0.108561 0.0660258 0 17.528 0 0  0 -0.00174349 2
1387953392.688743994 0.108561 0.0660258 0 17.519 0 0  0 -0.00157186 2
1387953392.788777064 0.108561 0.0660258 0 17.511 0 0  0 -0.00139504 2
1387953392.888719939 0.108561 0.0660258 0 17.501 0 0  0 -0.00174537 2
1387953392.988747810 0.108561 0.0660258 0 17.489 0 0  0 -0.00209532 2
1387953393.088721183 0.108561 0.0660258 0 17.479 0 0  0 -0.00174484 2
1387953393.188783958 0.108561 0.0660258 0 17.469 0 0  0 -0.00174594 2
1387953393.288779045 0.108561 0.0660258 0 17.46 0 0  0 -0.00156868 2
1387953393.388736997 0.108561 0.0660258 0 17.449 0 0  0 -0.00192095 2
1387953393.488775383 0.108561 0.0660258 0 17.44 0 0  0 -0.00157066 2
1387953393.588739769 0.108561 0.0660258 0 17.43 0 0  0 -0.00174499 2
1387953393.688780376 0.108561 0.0660258 0 17.421 0 0  0 -0.00157063 2
1387953393.788777333 0.108561 0.0660258 0 17.411 0 0  0 -0.00174709 2
1387953393.888716586 0.108561 0.0660258 0 17.4 0 0  0 -0.00192131 2
1387953393.988792269 0.108561 0.0660258 0 17.393 0 0  0 -0.00121881 2
1387953394.088778555 0.108561 0.0660258 0 17.381 0 0  0 -0.0020962 2
1387953394.188778549 0.108561 0.0660258 0 17.37 0 0  0 -0.00192014 2
1387953394.288745651 0.108561 0.0660258 0 17.36 0 0  0 -0.00174494 2
1387953394.388746277 0.108561 0.0660258 0 17.348 0 0  0 -0.00209323 2
1387953394.488747093 0.108561 0.0660258 0 17.338 0 0  0 -0.00174702 2
1387953394.588733908 0.108561 0.0660258 0 17.331 0 0  0 -0.00122255 2
1387953394.688739797 0.108561 0.0660258 0 17.323 0 0  0 -0.00139541 2
1387953394.788724940 0.108561 0.0660258 0 17.314 0 0  0 -0.0015715 2
1387953394.888730894 0.108561 0.0660258 0 17.303 0 0  0 -0.00192002 2
1387953394.988752970 0.108561 0.0660258 0 17.293 0 0  0 -0.00174399 2
1387953395.088723306 0.108561 0.0660258 0 17.284 0 0  0 -0.00157173 2
1387953395.188785682 0.108561 0.0660258 0 17.272 0 0  0 -0.00209194 2
1387953395.288789833 0.108561 0.0660258 0 17.261 0 0  0 -0.00192006 2
1387953395.388777835 0.108561 0.0660258 0 17.25 0 0  0 -0.00192037 2
1387953395.488716699 0.108561 0.0660258 0 17.241 0 0  0 -0.00157223 2
1387953395.588784778 0.108561 0.0660258 0 17.23 0 0  0 -0.00191883 2
1387953395.688778429 0.108561 0.0660258 0 17.222 0 0  0 -0.00139559 2
1387953395.788734021 0.108561 0.0660258 0 17.21 0 0  0 -0.00209417 2
1387953395.888758645 0.108561 0.0660258 0 17.2 0 0  0 -0.0017466 2
1387953395.988779614 0.108561 0.0660258 0 17.189 0 0  0 -0.00191974 2
1387953396.088771338 0.108561 0.0660258 0 17.178 0 0  0 -0.0019203 2
1387953396.188719751 0.108561 0.0660258 0 17.167 0 0  0 -0.00191847 2
1387953396.288792346 0.108561 0.0660258 0 17.155 0 0  0 -0.00209439 2
1387953396.388746915 0.108561 0.0660258 0 17.148 0 0  0 -0.00122295 2
1387953396.488718695 0.108561 0.0660258 0 17.136 0 0  0 -0.00209384 2
1387953396.588755654 0.108561 0.0660258 0 17.126 0 0  0 -0.00174373 2
1387953396.688779955 0.108561 0.0660258 0 17.114 0 0  0 -0.0020954 2
1387953396.788719008 0.108561 0.0660258 0 17.104 0 0  0 -0.00174543 2
1387953396.888740768 0.108561 0.0660258 0 17.093 0 0  0 -0.00191972 2
1387953396.988786096 0.108561 0.0660258 0 17.082 0 0  0 -0.00191927 2
1387953397.088772012 0.108561 0.0660258 0 17.073 0 0  0 -0.00157149 2
1387953397.188726969 0.108561 0.0660258 0 17.063 0 0  0 -0.00174516 2
1387953397.288819255 0.108561 0.0660258 0 17.052 0 0  0 -0.00191837 2
1387953397.388811464 0.108561 0.0660258 0 17.041 0 0  0 -0.00192029 2
1387953397.488746832 0.108561 0.0660258 0 17.031 0 0  0 -0.0017455 2
1387953397.588744910 0.108561 0.0660258 0 17.019 0 0  0 -0.00209595 2
1387953397.688753091 0.108561 0.0660258 0 17.008 0 0  0 -0.00191998 2
1387953397.788725524 0.108561 0.0660258 0 16.998 0 0  0 -0.00174485 2
1387953397.888741293 0.108561 0.0660258 0 16.986 0 0  0 -0.00209291 2
1387953397.988816204 0.108561 0.0660258 0 16.976 0 0  0 -0.00174573 2
1387953398.088772585 0.108561 0.0660258 0 16.965 0 0  0 -0.00192098 2
1387953398.188772522 0.108561 0.0660258 0 16.957 0 0  0 -0.0013955 2
1387953398.288817013 0.108561 0.0660258 0 16.946 0 0  0 -0.00191929 2
1387953398.388736734 0.108561 0.0660258 0 16.939 0 0  0 -0.00122337 2
1387953398.488721282 0.108561 0.0660258 0 16.928 0 0  0 -0.00192044 2
1387953398.588779151 0.108561 0.0660258 0 16.919 0 0  0 -0.00156769 2
1387953398.688747948 0.108561 0.0660258 0 16.907 0 0  0 -0.00209656 2
1387953398.788743236 0.108561 0.0660258 0 16.898 0 0  0 -0.00157134 2
