1385539177.530711524 -0.0283446 -0.0156313 0 -178.266 -0.00720062 -0.00397095  0 -0.790398 6
1385539177.590398625 -0.0287107 -0.0159034 0 -178.25 -0.00613429 -0.00455982  0 0.0046805 6
1385539177.655717755 -0.0292057 -0.0159174 0 -178.276 -0.00757705 -0.000213771  0 -0.00694747 6
1385539177.721238430 -0.030368 -0.0161909 0 -178.197 -0.0177402 -0.0041746  0 0.0210425 6
1385539177.793537891 -0.0323255 -0.0170312 0 -178.061 -0.0270754 -0.0116221  0 0.0328312 6
1385539177.856028434 -0.03423 -0.0182199 0 -177.77 -0.0304758 -0.0190216  0 0.0812749 6
1385539177.921545543 -0.0361454 -0.0197634 0 -177.399 -0.0292358 -0.0235598  0 0.0988324 6
1385539177.986579227 -0.0376155 -0.0213337 0 -177.146 -0.0226051 -0.0241457  0 0.0679 6
1385539178.051801656 -0.0388177 -0.0230193 0 -176.939 -0.0184321 -0.0258439  0 0.0553927 6
1385539178.119324936 -0.0397588 -0.0248094 0 -176.791 -0.0139374 -0.02651  0 0.0382535 6
1385539178.191864828 -0.0405707 -0.0266862 0 -173.22 -0.0111918 -0.0258726  0 0.859192 6
1385539178.255750165 -0.043883 -0.0325283 0.275 -173.217 -0.0518487 -0.0914468  4.30459 0.000821226 6
1385539178.320522597 -0.0466722 -0.0408899 0.3 -173.196 -0.043061 -0.129093  0.385967 0.00565751 6
1385539178.388124388 -0.0477755 -0.052463 0.337 -173.192 -0.0163205 -0.171194  0.547323 0.00103214 6
1385539178.448031247 -0.0475527 -0.0613259 0.387 -173.133 0.00371896 -0.147945  0.834629 0.0171908 6
1385539178.513238170 -0.0464783 -0.0723747 0.448 -173.128 0.0164774 -0.169442  0.935483 0.00133552 6
1385539178.584826242 -0.0452309 -0.0836365 0.512 -173.033 0.0174237 -0.157315  0.894004 0.0231615 6
1385539178.646451540 -0.0447352 -0.09098 0.573 -173.005 0.00804366 -0.119164  0.989853 0.00793002 6
1385539178.708675290 -0.044642 -0.0990363 0.638 -172.997 0.00149842 -0.129472  1.04462 0.00224699 6
1385539178.780916205 -0.0445725 -0.111465 0.686 -172.968 0.0009616 -0.172047  0.664443 0.00700435 6
1385539178.839775746 -0.0450466 -0.121446 0.726 -172.952 -0.00805461 -0.169577  0.679584 0.00474631 6
1385539178.904744782 -0.0470376 -0.133289 0.755 -172.942 -0.0306445 -0.182285  0.446366 0.00268493 6
1385539178.975631486 -0.0510284 -0.144512 0.77 -172.904 -0.0562991 -0.158325  0.211605 0.00935475 6
1385539179.033244633 -0.0558295 -0.152129 0.778 -172.877 -0.0833337 -0.132197  0.138857 0.0081818 6
1385539179.099208297 -0.0634743 -0.158074 0.78 -172.824 -0.115893 -0.0901294  0.0303197 0.0140216 6
1385539179.168025655 -0.0694674 -0.164715 0.779 -172.773 -0.0870876 -0.0964976  -0.0145312 0.0129371 6
1385539179.228870246 -0.074878 -0.169384 0.771 -172.712 -0.0889245 -0.0767508  -0.131483 0.0174948 6
1385539179.294292745 -0.0799381 -0.173645 0.76 -172.64 -0.0773451 -0.0651222  -0.168138 0.0192097 6
1385539179.361594179 -0.0834714 -0.180837 0.75 -172.607 -0.0524994 -0.106865  -0.148585 0.00855913 6
1385539179.425275800 -0.0862632 -0.186776 0.737 -172.529 -0.0438392 -0.0932637  -0.204141 0.0213742 6
1385539179.489720319 -0.0887578 -0.19212 0.727 -172.506 -0.0387107 -0.0829269  -0.155172 0.00623179 6
1385539179.564337832 -0.0910773 -0.1952 0.72 -172.479 -0.0310842 -0.0412663  -0.0938118 0.00631371 6
1385539179.622634727 -0.092754 -0.196384 0.715 -172.456 -0.0287623 -0.0203198  -0.0857679 0.00688896 6
1385539179.685071653 -0.0947329 -0.19796 0.711 -172.396 -0.0316935 -0.0252421  -0.0640647 0.0167714 6
1385539179.753083451 -0.0976366 -0.198907 0.71 -172.406 -0.0426953 -0.0139136  -0.0147033 -0.00256872 6
1385539179.815029305 -0.1001 -0.201057 0.71 -172.397 -0.0397593 -0.0347224  0 0.00253651 6
1385539179.882813498 -0.102101 -0.202539 0.712 -172.381 -0.0295196 -0.0218635  0.0295054 0.0041214 6
1385539179.945695070 -0.104151 -0.203595 0.715 -172.344 -0.0326133 -0.0167847  0.0477087 0.0102704 6
1385539180.010614410 -0.106765 -0.204222 0.718 -172.358 -0.0402603 -0.00966257  0.0462112 -0.00376588 6
1385539180.075705972 -0.110323 -0.205044 0.72 -172.356 -0.0546653 -0.0126211  0.0307259 0.000535974 6
1385539180.140825646 -0.114035 -0.205967 0.722 -172.374 -0.0570043 -0.0141733  0.0307127 -0.00482169 6
1385539180.206442444 -0.117109 -0.20715 0.723 -172.402 -0.04685 -0.0180394  0.01524 -0.00744764 6
1385539180.271053345 -0.119717 -0.207652 0.725 -172.388 -0.0403569 -0.0077592  0.0309545 0.00377973 6
1385539180.337229593 -0.12238 -0.208813 0.726 -172.379 -0.0402415 -0.0175426  0.0151112 0.00237436 6
1385539180.402181611 -0.124359 -0.210096 0.726 -172.34 -0.0304656 -0.0197588  0 0.0104801 6
1385539180.466714539 -0.125637 -0.211621 0.727 -172.37 -0.0198034 -0.0236305  0.015496 -0.00811334 6
1385539180.535699976 -0.126224 -0.212648 0.728 -172.392 -0.00851786 -0.0148825  0.0144958 -0.0055668 6
1385539180.597267341 -0.126412 -0.213472 0.727 -172.448 -0.00305393 -0.013396  -0.0162424 -0.015875 6
1385539180.662290961 -0.126922 -0.213911 0.726 -172.496 -0.00784433 -0.00675233  -0.015379 -0.012885 6
1385539180.740785500 -0.127663 -0.214229 0.725 -172.549 -0.00943586 -0.0040445  -0.0127397 -0.0117832 6
1385539180.792701501 -0.128517 -0.214644 0.724 -172.558 -0.0164518 -0.00800391  -0.0192619 -0.00302655 6
1385539180.858096487 -0.129115 -0.215504 0.724 -172.605 -0.00913734 -0.0131374  0 -0.0125431 6
1385539180.927411609 -0.129045 -0.21697 0.723 -172.596 0.00100788 -0.0211572  -0.0144269 0.00226684 6
1385539180.988092244 -0.127943 -0.21837 0.724 -172.557 0.0181662 -0.0230682  0.0164797 0.0112134 6
1385539181.053196411 -0.126528 -0.220286 0.722 -172.515 0.0217211 -0.0294376  -0.03072 0.0112615 6
1385539181.119821869 -0.125497 -0.222288 0.723 -172.52 0.0154775 -0.0300491  0.0150093 -0.00131109 6
1385539181.183642572 -0.124827 -0.223497 0.72 -172.557 0.0104986 -0.0189332  -0.0470067 -0.0101192 4
1385539181.254117648 0.0949618 0.238879 0.72 0.00401306 0.00195857 0.0155395  0 42.7351 3
1385539181.379364346 0.0959652 0.241654 0.72 -0.0429993 0.00801136 0.0221608  0 -0.00655123 3
1385539181.444174006 0.0970898 0.245593 0.717 -0.0769958 0.0173525 0.0607744  -0.0462894 -0.00915531 3
1385539181.574275983 0.0997738 0.259508 0.713 -0.131989 0.02063 0.106953  -0.0307451 -0.00737731 3
1385539181.639375636 0.101309 0.268381 0.709 -0.454987 0.0235892 0.136298  -0.0614443 -0.0865962 3
1385539181.770316292 0.108808 0.291539 0.698 -1.19299 0.0572651 0.176861  -0.0840075 -0.0983701 3
1385539181.835554017 0.115065 0.301656 0.694 -1.489 0.0959092 0.155079  -0.0613142 -0.0791914 3
1385539181.964157174 0.1462 0.320326 0.692 -1.98199 0.242102 0.145174  -0.0155517 -0.0669067 3
1385539182.100088324 0.195975 0.329124 0.688 -2.394 0.366178 0.064726  -0.0294267 -0.0529003 3
1385539182.161272627 0.223858 0.330256 0.687 -2.51799 0.455729 0.0184955  -0.0163441 -0.0353699 3
1385539182.225342494 0.257153 0.329108 0.688 -2.66699 0.519667 -0.0179166  0.015608 -0.0405897 3
1385539182.290522079 0.293706 0.325619 0.69 -2.81299 0.560793 -0.0535239  0.0306845 -0.0390937 3
1385539182.355752298 0.332288 0.32127 0.692 -2.96799 0.591483 -0.0666816  0.0306606 -0.0414722 3
1385539182.420904925 0.371546 0.316585 0.693 -3.112 0.602552 -0.0719105  0.0153486 -0.0385785 3
1385539182.486962857 0.411977 0.311479 0.697 -3.19099 0.612053 -0.0772963  0.0605529 -0.0208714 3
1385539182.550906416 0.453906 0.305846 0.703 -3.34399 0.65572 -0.0880852  0.0938328 -0.0417611 3
1385539182.616475689 0.496737 0.299994 0.708 -3.45499 0.653223 -0.0892456  0.0762552 -0.0295441 3
1385539182.681521215 0.53809 0.293565 0.712 -3.556 0.635749 -0.0988465  0.0614954 -0.0271043 3
1385539182.746624504 0.57807 0.287117 0.718 -3.65399 0.614099 -0.0990468  0.0921612 -0.0262703 3
1385539182.812888023 0.618714 0.278568 0.723 -3.795 0.61337 -0.129001  0.0754563 -0.03714 3
1385539182.877044708 0.658715 0.269168 0.727 -3.89799 0.623486 -0.146529  0.0623474 -0.0280194 3
1385539182.941958702 0.697719 0.259751 0.731 -3.99899 0.600855 -0.145067  0.06162 -0.0271551 3
1385539183.008065047 0.736579 0.250643 0.736 -4.041 0.587852 -0.13778  0.0756357 -0.0110907 3
1385539183.077875358 0.777886 0.240672 0.74 -4.15099 0.5917 -0.142828  0.0572981 -0.0274975 3
1385539183.138474241 0.813176 0.230895 0.745 -4.30899 0.582356 -0.161333  0.0825098 -0.0455075 3
1385539183.207614663 0.853579 0.218842 0.747 -4.46399 0.584359 -0.174331  0.0289266 -0.0391267 3
1385539183.273495354 0.892037 0.206293 0.749 -4.618 0.583752 -0.190485  0.0303579 -0.0407999 3
1385539183.335930415 0.92805 0.193682 0.751 -4.78099 0.576812 -0.201977  0.0320333 -0.045564 3
1385539183.401514150 0.966483 0.179755 0.752 -4.991 0.586014 -0.212363  0.0152477 -0.0558875 3
1385539183.468618869 1.0068 0.164102 0.752 -5.189 0.600846 -0.233263  0 -0.0514974 3
1385539183.529137759 1.04406 0.148699 0.753 -5.37799 0.61562 -0.25451  0.0165238 -0.0545052 3
1385539183.593621904 1.083 0.132088 0.752 -5.51999 0.603906 -0.257594  -0.0155077 -0.0384333 3
1385539183.669048031 1.12815 0.112347 0.751 -5.62399 0.598559 -0.261733  -0.013258 -0.0240661 3
1385539183.724064509 1.16207 0.0982596 0.748 -5.71799 0.616548 -0.256051  -0.0545291 -0.0298185 3
1385539183.793065771 1.20422 0.0804749 0.749 -5.836 0.610823 -0.257746  0.0144925 -0.02985 3
1385539183.863904888 1.24658 0.0626213 0.746 -5.89499 0.598029 -0.25203  -0.0423495 -0.014534 3
1385539183.918824498 1.27918 0.0485199 0.746 -5.96199 0.593517 -0.256764  0 -0.0212928 3
1385539183.984708595 1.3185 0.0311509 0.745 -6.064 0.596786 -0.263629  -0.0151782 -0.027022 3
1385539184.051845821 1.35929 0.0151145 0.743 -6.116 0.607667 -0.238861  -0.0297897 -0.0135187 3
1385539184.115180891 1.39798 -0.00282564 0.742 -6.209 0.610847 -0.283258  -0.015789 -0.0256287 3
1385539184.179848386 1.43667 -0.0221322 0.741 -6.29599 0.59834 -0.298551  -0.0154637 -0.0234781 3
1385539184.248681838 1.47867 -0.0437297 0.74 -6.35399 0.610051 -0.313764  -0.0145278 -0.014706 3
1385539184.310397599 1.51587 -0.0638795 0.739 -6.39699 0.602914 -0.326494  -0.0162033 -0.0121602 3
1385539184.376009388 1.55547 -0.0860941 0.74 -6.435 0.603432 -0.338575  0.0152412 -0.0101109 3
1385539184.439893318 1.59475 -0.108361 0.74 -6.52599 0.614848 -0.348551  0 -0.0248583 3
1385539184.506515185 1.63418 -0.131962 0.741 -6.54399 0.591908 -0.354248  0.0150101 -0.00471696 3
1385539184.571455480 1.67251 -0.154795 0.739 -6.584 0.590204 -0.351599  -0.0307975 -0.0107527 3
1385539184.635400860 1.70948 -0.177859 0.736 -6.67899 0.578256 -0.360697  -0.046915 -0.0259255 3
1385539184.699684366 1.74611 -0.201181 0.734 -6.71799 0.569744 -0.362794  -0.0311122 -0.0105891 3
1385539184.765009890 1.78387 -0.224243 0.733 -6.758 0.577978 -0.353037  -0.015308 -0.0106892 3
1385539184.830742897 1.82279 -0.249515 0.732 -6.81799 0.592082 -0.384459  -0.0152131 -0.0159304 3
1385539184.896081530 1.86113 -0.274318 0.732 -6.78499 0.586799 -0.379611  0 0.00881625 3
1385539184.961487474 1.90008 -0.299986 0.732 -6.81099 0.595507 -0.392431  0 -0.00693825 3
1385539185.026068434 1.93837 -0.325459 0.733 -6.82199 0.592945 -0.394445  0.0154844 -0.00297323 3
1385539185.090746936 1.97657 -0.348461 0.733 -6.80899 0.590674 -0.355636  0 0.00350814 3
1385539185.158591895 2.01644 -0.370034 0.732 -6.81999 0.587617 -0.317967  -0.0147395 -0.00283019 3
1385539185.221998881 2.05407 -0.388544 0.731 -6.79199 0.593504 -0.291934  -0.0157711 0.0077072 3
1385539185.287548488 2.09379 -0.411767 0.729 -6.745 0.605862 -0.354276  -0.0305112 0.0125135 3
1385539185.351834331 2.13338 -0.439105 0.727 -6.74699 0.615893 -0.425263  -0.031111 -0.000542692 3
1385539185.417098901 2.17406 -0.467954 0.725 -6.70599 0.623317 -0.442021  -0.0306445 0.0109645 3
1385539185.482160874 2.21564 -0.497488 0.725 -6.72099 0.639093 -0.453945  0 -0.00402368 3
1385539185.554551689 2.26214 -0.530994 0.722 -6.74399 0.642338 -0.462845  -0.0414417 -0.00554405 3
1385539185.615370354 2.30089 -0.560062 0.723 -6.752 0.637089 -0.477947  0.0164423 -0.0022989 3
1385539185.678537981 2.34048 -0.589284 0.722 -6.75499 0.626843 -0.462603  -0.0158309 -0.00082634 3
1385539185.745406901 2.38202 -0.618706 0.721 -6.78999 0.621133 -0.439993  -0.0149546 -0.00913622 3
1385539185.813022209 2.42353 -0.647064 0.721 -6.795 0.613956 -0.419403  0 -0.00129189 3
1385539185.873851347 2.46067 -0.67157 0.722 -6.82399 0.610605 -0.402871  0.0164395 -0.00831839 3
1385539185.938850696 2.4996 -0.697531 0.722 -6.799 0.598864 -0.399408  0 0.00671123 3
1385539186.007027208 2.54014 -0.723365 0.721 -6.89499 0.594595 -0.378924  -0.0146678 -0.0245744 3
1385539186.077630846 2.58145 -0.745487 0.723 -6.94499 0.585102 -0.313333  0.0283272 -0.0123608 3
1385539186.134225605 2.61615 -0.763242 0.725 -7.06999 0.613216 -0.31372  0.035339 -0.0385488 3
1385539186.203527430 2.65855 -0.783818 0.729 -7.03299 0.61179 -0.296901  0.0577185 0.0093189 3
1385539186.263963426 2.69637 -0.80216 0.732 -6.99599 0.625815 -0.303492  0.0496393 0.010686 3
1385539186.331285645 2.73773 -0.822427 0.733 -6.87 0.614363 -0.301055  0.0148539 0.0326634 3
1385539186.399369407 2.77869 -0.845442 0.734 -6.66899 0.601644 -0.338034  0.0146878 0.0515274 3
1385539186.459091212 2.81312 -0.866804 0.735 -6.495 0.576528 -0.357691  0.0167443 0.0508491 3
1385539186.524887747 2.84958 -0.891693 0.735 -6.31499 0.554114 -0.378271  0 0.0477492 3
1385539186.594327686 2.88788 -0.919483 0.734 -6.20499 0.551498 -0.400197  -0.0144009 0.027648 3
1385539186.654609667 2.92103 -0.945331 0.733 -6.097 0.549924 -0.428797  -0.0165887 0.031265 3
1385539186.721715591 2.95964 -0.972613 0.731 -5.995 0.575291 -0.406553  -0.0298036 0.02653 3
1385539186.785391471 2.99783 -1.00144 0.729 -5.79599 0.599823 -0.452785  -0.0314091 0.0545465 3
1385539186.850284959 3.03564 -1.03071 0.73 -5.778 0.582705 -0.450956  0.0154099 0.00483849 3
1385539186.915521948 3.07181 -1.05824 0.731 -5.433 0.554311 -0.422079  0.0153287 0.0923005 3
1385539186.980705960 3.10738 -1.08573 0.73 -4.939 0.545684 -0.421628  -0.0153412 0.132271 3
1385539187.045719825 3.14325 -1.1148 0.73 -4.31299 0.551757 -0.447201  0 0.168055 3
1385539187.110718148 3.17921 -1.14328 0.729 -3.625 0.553369 -0.438184  -0.015385 0.184738 3
1385539187.176477847 3.18248 -1.15184 0.73 -6.418 0.0497169 -0.130189  0.0152069 -0.74129 3
1385539187.246353415 3.1716 -1.15319 0.727 -8.40599 -0.155772 -0.0192093  -0.0429335 -0.496554 3
1385539187.306912745 3.15473 -1.15036 0.725 -9.504 -0.278503 0.0466449  -0.0330255 -0.316447 3
1385539187.370736565 3.13749 -1.14885 0.722 -10.662 -0.270099 0.0237565  -0.0470044 -0.316664 3
1385539187.438550760 3.11834 -1.14804 0.721 -12.139 -0.282465 0.0118547  -0.0147462 -0.380136 3
1385539187.501654589 3.0979 -1.14932 0.723 -12.905 -0.323922 -0.0203299  0.0316938 -0.211863 3
1385539187.565545708 3.07102 -1.15109 0.726 -13.783 -0.420681 -0.0276966  0.0469549 -0.239843 3
1385539187.631985391 3.04931 -1.15447 0.73 -12.112 -0.32672 -0.0507743  0.060205 0.438959 3
1385539187.697209092 3.03452 -1.15924 0.741 -11.305 -0.226752 -0.073156  0.16865 0.215948 3
1385539187.763151588 3.02424 -1.16538 0.741 -9.98399 -0.155911 -0.0931543  0 0.349635 3
1385539187.827136588 3.01808 -1.17429 0.741 -8.33899 -0.0962937 -0.139185  0 0.44871 3
1385539187.892458004 3.01529 -1.18392 0.725 -4.799 -0.0427595 -0.14746  -0.244943 0.945854 3
1385539187.957574782 3.01474 -1.19137 0.715 -0.839996 -0.00841541 -0.114368  -0.15357 1.06113 3
1385539188.022732272 3.01625 -1.19598 0.693 0.145004 0.0231241 -0.0708566  -0.337643 0.263845 4
1385539188.087797353 3.01662 -1.19675 0.666 -0.722992 0.00576791 -0.0117261  -0.414969 -0.232834 4
1385539188.155327960 3.01772 -1.19308 0.651 -0.716995 0.016231 0.0543225  -0.222122 0.00154985 8
1385539188.218173158 3.01992 -1.1879 0.622 -0.0379944 0.0350347 0.0824812  -0.461451 0.188571 8
1385539188.283740253 3.02561 -1.17837 0.6 0.887009 0.0868403 0.145286  -0.335534 0.246226 8
1385539188.353423748 3.03615 -1.16413 0.578 1.86501 0.15113 0.204278  -0.315713 0.244954 8
1385539188.413327142 3.04817 -1.14865 0.542 2.856 0.200775 0.258495  -0.600968 0.288734 8
1385539188.478695647 3.06553 -1.12774 0.519 3.75601 0.26548 0.319846  -0.351851 0.240301 8
1385539188.545409813 3.07819 -1.10708 0.495 4.60201 0.189794 0.309748  -0.359744 0.221323 8
1385539188.608980893 3.0843 -1.09377 0.458 5.37701 0.0961115 0.209334  -0.582026 0.212777 8
1385539188.674329420 3.08762 -1.08337 0.433 6.07901 0.0508682 0.159089  -0.382564 0.187489 8
1385539188.741537443 3.09008 -1.07403 0.393 6.589 0.0365676 0.138957  -0.595167 0.132441 8
1385539188.805148316 3.09216 -1.06647 0.363 6.942 0.0326422 0.118926  -0.471617 0.0968538 8
1385539188.871997109 3.09414 -1.05968 0.364 7.162 0.0295866 0.101537  0.0149591 0.0574393 8
1385539188.934696099 3.09721 -1.05353 0.321 7.32301 0.0490057 0.0981581  -0.685816 0.04482 8
1385539188.999261609 3.09908 -1.04771 0.288 7.47801 0.028941 0.0900919  -0.511109 0.0418991 8
1385539189.064746961 3.09993 -1.04133 0.265 7.61 0.0130654 0.0974295  -0.351224 0.0351779 8
1385539189.130851360 3.0999 -1.03368 0.236 7.744 -0.000500622 0.1157  -0.4387 0.0353802 8
1385539189.194953466 3.10054 -1.02705 0.185 7.65901 0.00992984 0.1034  -0.795606 -0.0231409 8
1385539189.260400855 3.10665 -1.01602 0.133 7.703 0.0934333 0.168599  -0.794531 0.0117314 8
1385539189.325102960 3.10665 -1.01602 0 6.888 0 0  -2.05557 -0.219846 2
1385539189.395451418 3.10665 -1.01602 0 6.77701 0 0  0 -0.027537 2
1385539189.456494668 3.10665 -1.01602 0 6.74101 0 0  0 -0.0102917 2
1385539189.520547492 3.10665 -1.01602 0 6.72801 0 0  0 -0.00354241 2
1385539189.585851813 3.10665 -1.01602 0 6.73601 0 0  0 0.00213691 2
1385539189.650814064 3.10665 -1.01602 0 6.737 0 0  0 0.000266471 2
1385539189.715947335 3.10665 -1.01602 0 6.73601 0 0  0 -0.000265771 2
1385539189.782139086 3.10665 -1.01602 0 6.737 0 0  0 0.000261521 2
1385539189.846964229 3.10665 -1.01602 0 6.74101 0 0  0 0.00108046 2
1385539189.924635710 3.10665 -1.01602 0 6.737 0 0  0 -0.000901761 2
1385539189.976609034 3.10665 -1.01602 0 6.73901 0 0  0 0.00067638 2
1385539190.042215040 3.10665 -1.01602 0 6.73901 0 0  0 0 2
1385539190.106002438 3.10665 -1.01602 0 6.73801 0 0  0 -0.000275554 2
1385539190.171006581 3.10665 -1.01602 0 6.73801 0 0  0 0 2
1385539190.236992814 3.10665 -1.01602 0 6.73801 0 0  0 0 2
1385539190.300833149 3.10665 -1.01602 0 6.737 0 0  0 -0.000275325 2
1385539190.365683215 3.10665 -1.01602 0 6.737 0 0  0 0 2
1385539190.433489406 3.10665 -1.01602 0 6.73801 0 0  0 0.000259222 2
1385539190.497846917 3.10665 -1.01602 0 6.73901 0 0  0 0.000273113 2
1385539190.562649100 3.10665 -1.01602 0 6.74001 0 0  0 0.000267129 2
1385539190.627927214 3.10665 -1.01602 0 6.74001 0 0  0 0 2
1385539190.693655956 3.10665 -1.01602 0 6.74001 0 0  0 0 2
1385539190.756817564 3.10665 -1.01602 0 6.74001 0 0  0 0 2
1385539190.823270591 3.10665 -1.01602 0 6.74101 0 0  0 0.000264501 2
1385539190.898623930 3.10665 -1.01602 0 6.74101 0 0  0 0 2
1385539190.953391611 3.10665 -1.01602 0 6.74101 0 0  0 0 2
1385539191.022565019 3.10665 -1.01602 0 6.74101 0 0  0 0 2
1385539191.088293008 3.10665 -1.01602 0 6.74101 0 0  0 0 2
1385539191.149211491 3.10665 -1.01602 0 6.74001 0 0  0 -0.000288531 2
1385539191.214082708 3.10665 -1.01602 0 6.74101 0 0  0 0.00027095 2
1385539191.279668518 3.10665 -1.01602 0 6.74101 0 0  0 0 2
1385539191.343006941 3.10665 -1.01602 0 6.742 0 0  0 0.000273302 2
1385539191.410674390 3.10665 -1.01602 0 6.742 0 0  0 0 2
1385539191.475005296 3.10665 -1.01602 0 6.74101 0 0  0 -0.000269086 2
1385539191.541049398 3.10665 -1.01602 0 6.742 0 0  0 0.000262106 2
1385539191.605296608 3.10665 -1.01602 0 6.742 0 0  0 0 2
1385539191.670517894 3.10665 -1.01602 0 6.744 0 0  0 0.000534908 2
1385539191.734133963 3.10665 -1.01602 0 6.74501 0 0  0 0.000276296 2
1385539191.801133124 3.10665 -1.01602 0 6.74501 0 0  0 0 2
1385539191.865625755 3.10665 -1.01602 0 6.744 0 0  0 -0.000272541 2
1385539191.930604294 3.10665 -1.01602 0 6.74501 0 0  0 0.000270503 2
1385539191.995795557 3.10665 -1.01602 0 6.746 0 0  0 0.000265535 2
1385539192.059906696 3.10665 -1.01602 0 6.74701 0 0  0 0.000274162 2
1385539192.126288164 3.10665 -1.01602 0 6.74701 0 0  0 0 2
1385539192.191257805 3.10665 -1.01602 0 6.744 0 0  0 -0.00080752 2
1385539192.257158014 3.10665 -1.01602 0 6.74501 0 0  0 0.000266719 2
1385539192.321449363 3.10665 -1.01602 0 6.744 0 0  0 -0.000273394 2
1385539192.385687219 3.10665 -1.01602 0 6.74301 0 0  0 -0.000269476 2
1385539192.452539673 3.10665 -1.01602 0 6.74301 0 0  0 0 2
1385539192.518325260 3.10665 -1.01602 0 6.74301 0 0  0 0 2
1385539192.599870741 3.10665 -1.01602 0 6.74501 0 0  0 0.000427828 2
1385539192.647181025 3.10665 -1.01602 0 6.74301 0 0  0 -0.000737417 2
1385539192.712617071 3.10665 -1.01602 0 6.744 0 0  0 0.000264541 2
1385539192.779729489 3.10665 -1.01602 0 6.744 0 0  0 0 2
1385539192.842430862 3.10665 -1.01602 0 6.74701 0 0  0 0.000836732 2
1385539192.907507119 3.10665 -1.01602 0 6.74701 0 0  0 0 2
1385539192.974510098 3.10665 -1.01602 0 6.748 0 0  0 0.000258355 2
1385539193.037148238 3.10665 -1.01602 0 6.748 0 0  0 0 2
1385539193.103142195 3.10665 -1.01602 0 6.74701 0 0  0 -0.000262305 2
1385539193.168226529 3.10665 -1.01602 0 6.74701 0 0  0 0 2
1385539193.233361559 3.10665 -1.01602 0 6.746 0 0  0 -0.000269853 2
1385539193.298145720 3.10665 -1.01602 0 6.74701 0 0  0 0.000271314 2
1385539193.366015565 3.10665 -1.01602 0 6.74901 0 0  0 0.000514034 2
1385539193.426833059 3.10665 -1.01602 0 6.74901 0 0  0 0 2
1385539193.493805731 3.10665 -1.01602 0 6.75 0 0  0 0.000258472 2
1385539193.558846605 3.10665 -1.01602 0 6.75101 0 0  0 0.000270243 2
1385539193.623928041 3.10665 -1.01602 0 6.75401 0 0  0 0.000806133 2
1385539193.712241647 3.10665 -1.01602 0 6.75301 0 0  0 -0.000199028 2
1385539193.755188057 3.10665 -1.01602 0 6.755 0 0  0 0.000812348 2
1385539193.819611810 3.10665 -1.01602 0 6.75401 0 0  0 -0.000268698 2
1385539193.884832179 3.10665 -1.01602 0 6.757 0 0  0 0.000800332 2
1385539193.948177054 3.10665 -1.01602 0 6.75801 0 0  0 0.000277479 2
1385539194.014537304 3.10665 -1.01602 0 6.76001 0 0  0 0.000525728 2
1385539194.080104872 3.10665 -1.01602 0 6.759 0 0  0 -0.000268073 2
1385539194.146487886 3.10665 -1.01602 0 6.76001 0 0  0 0.00026478 2
1385539194.211719780 3.10665 -1.01602 0 6.759 0 0  0 -0.000269452 2
1385539194.295175312 3.10665 -1.01602 0 6.76001 0 0  0 0.000210614 2
1385539194.340652352 3.10665 -1.01602 0 6.761 0 0  0 0.000380644 2
1385539194.406532029 3.10665 -1.01602 0 6.76001 0 0  0 -0.00026276 2
1385539194.470923056 3.10665 -1.01602 0 6.761 0 0  0 0.000268835 2
1385539194.536022043 3.10665 -1.01602 0 6.761 0 0  0 0 2
1385539194.601198705 3.10665 -1.01602 0 6.76201 0 0  0 0.00026968 2
1385539194.666841434 3.10665 -1.01602 0 6.76201 0 0  0 0 2
1385539194.731400372 3.10665 -1.01602 0 6.76401 0 0  0 0.000540396 2
1385539194.796660255 3.10665 -1.01602 0 6.76601 0 0  0 0.000534592 2
1385539194.861885306 3.10665 -1.01602 0 6.765 0 0  0 -0.00026948 2
1385539194.927076310 3.10665 -1.01602 0 6.76701 0 0  0 0.000539242 2
1385539194.992961624 3.10665 -1.01602 0 6.76801 0 0  0 0.000262738 2
1385539195.057607166 3.10665 -1.01602 0 6.76801 0 0  0 0 2
1385539195.123061497 3.10665 -1.01602 0 6.76901 0 0  0 0.000268536 2
1385539195.186749030 3.10665 -1.01602 0 6.76801 0 0  0 -0.000275986 2
1385539195.272587088 3.10665 -1.01602 0 6.76701 0 0  0 -0.000201665 2
1385539195.318292870 3.10665 -1.01602 0 6.76701 0 0  0 0 2
1385539195.383004754 3.10665 -1.01602 0 6.76901 0 0  0 0.000539119 2
1385539195.447864457 3.10665 -1.01602 0 6.76901 0 0  0 0 2
1385539195.515344953 3.10665 -1.01602 0 6.76901 0 0  0 0 2
1385539195.578104375 3.10665 -1.01602 0 6.76901 0 0  0 0 2
1385539195.643173773 3.10665 -1.01602 0 6.77 0 0  0 0.000266032 2
1385539195.708272478 3.10665 -1.01602 0 6.772 0 0  0 0.000535916 2
1385539195.774838574 3.10665 -1.01602 0 6.77301 0 0  0 0.000264051 2
1385539195.838701602 3.10665 -1.01602 0 6.772 0 0  0 -0.000275228 2
1385539195.903655192 3.10665 -1.01602 0 6.77101 0 0  0 -0.000266506 2
1385539195.969178802 3.10665 -1.01602 0 6.77 0 0  0 -0.000268252 2
1385539196.033979685 3.10665 -1.01602 0 6.77 0 0  0 0 2
1385539196.099166262 3.10665 -1.01602 0 6.76801 0 0  0 -0.000535193 2
1385539196.164812603 3.10665 -1.01602 0 6.76801 0 0  0 0 2
1385539196.229397765 3.10665 -1.01602 0 6.76901 0 0  0 0.00027215 2
1385539196.294860266 3.10665 -1.01602 0 6.76901 0 0  0 0 2
1385539196.359909037 3.10665 -1.01602 0 6.76901 0 0  0 0 2
1385539196.425595549 3.10665 -1.01602 0 6.76901 0 0  0 0 2
1385539196.492248236 3.10665 -1.01602 0 6.77 0 0  0 0.000259713 2
1385539196.555483143 3.10665 -1.01602 0 6.77 0 0  0 0 2
1385539196.620509865 3.10665 -1.01602 0 6.77 0 0  0 0 2
1385539196.685662567 3.10665 -1.01602 0 6.77101 0 0  0 0.000269779 2
1385539196.751557011 3.10665 -1.01602 0 6.77 0 0  0 -0.000266743 2
1385539196.815806655 3.10665 -1.01602 0 6.774 0 0  0 0.001086 2
1385539196.881145830 3.10665 -1.01602 0 6.77301 0 0  0 -0.000264934 2
1385539196.972304043 3.10665 -1.01602 0 6.77301 0 0  0 0 2
1385539197.011248833 3.10665 -1.01602 0 6.774 0 0  0 0.000444489 2
1385539197.077079065 3.10665 -1.01602 0 6.77301 0 0  0 -0.000262957 2
1385539197.141513977 3.10665 -1.01602 0 6.774 0 0  0 0.000268652 2
1385539197.206705664 3.10665 -1.01602 0 6.772 0 0  0 -0.000535151 2
1385539197.272242787 3.10665 -1.01602 0 6.77301 0 0  0 0.000268197 2
1385539197.335709885 3.10665 -1.01602 0 6.774 0 0  0 0.000272748 2
1385539197.403284347 3.10665 -1.01602 0 6.77501 0 0  0 0.000260111 2
1385539197.467212602 3.10665 -1.01602 0 6.77501 0 0  0 0 2
1385539197.532594483 3.10665 -1.01602 0 6.774 0 0  0 -0.000268834 2
1385539197.596598252 3.10665 -1.01602 0 6.774 0 0  0 0 2
1385539197.662849724 3.10665 -1.01602 0 6.776 0 0  0 0.000526591 2
1385539197.728825692 3.10665 -1.01602 0 6.77701 0 0  0 0.000266413 2
1385539197.793139449 3.10665 -1.01602 0 6.778 0 0  0 0.000269158 2
1385539197.858950730 3.10665 -1.01602 0 6.77901 0 0  0 0.00026708 2
1385539197.945303509 3.10665 -1.01602 0 6.78001 0 0  0 0.000203547 2
1385539197.988801166 3.10665 -1.01602 0 6.78101 0 0  0 0.000397965 2
1385539198.053847060 3.10665 -1.01602 0 6.783 0 0  0 0.000536351 2
1385539198.125086500 3.10665 -1.01602 0 6.78401 0 0  0 0.000246729 2
1385539198.184173518 3.10665 -1.01602 0 6.78201 0 0  0 -0.000590441 2
1385539198.248715267 3.10665 -1.01602 0 6.78201 0 0  0 0 2
1385539198.314445683 3.10665 -1.01602 0 6.783 0 0  0 0.000263357 2
1385539198.379649862 3.10665 -1.01602 0 6.78201 0 0  0 -0.000265482 2
1385539198.444210468 3.10665 -1.01602 0 6.78001 0 0  0 -0.000540382 2
1385539198.509399286 3.10665 -1.01602 0 6.77901 0 0  0 -0.00026963 2
1385539198.574558813 3.10665 -1.01602 0 6.77901 0 0  0 0 2
1385539198.640420110 3.10665 -1.01602 0 6.78001 0 0  0 0.000266877 2
1385539198.705292298 3.10665 -1.01602 0 6.78101 0 0  0 0.000266841 2
1385539198.770582016 3.10665 -1.01602 0 6.78001 0 0  0 -0.000265134 2
1385539198.835536436 3.10665 -1.01602 0 6.78201 0 0  0 0.000537106 2
1385539198.900650482 3.10665 -1.01602 0 6.783 0 0  0 0.00026585 2
1385539198.964643680 3.10665 -1.01602 0 6.783 0 0  0 0 2
1385539199.031935843 3.10665 -1.01602 0 6.78101 0 0  0 -0.000518447 2
1385539199.095457194 3.10665 -1.01602 0 6.78201 0 0  0 0.000276708 2
1385539199.161129548 3.10665 -1.01602 0 6.78401 0 0  0 0.000531234 2
1385539199.225816668 3.10665 -1.01602 0 6.785 0 0  0 0.000267604 2
1385539199.291308620 3.10665 -1.01602 0 6.78401 0 0  0 -0.000264316 2
1385539199.356484962 3.10665 -1.01602 0 6.783 0 0  0 -0.000269682 2
1385539199.421367761 3.10665 -1.01602 0 6.78401 0 0  0 0.000270902 2
1385539199.486505433 3.10665 -1.01602 0 6.783 0 0  0 -0.000269842 2
1385539199.551767924 3.10665 -1.01602 0 6.78401 0 0  0 0.000269326 2
1385539199.635823506 3.10665 -1.01602 0 6.78401 0 0  0 0 2
1385539199.680909928 3.10665 -1.01602 0 6.783 0 0  0 -0.000389848 2
1385539199.746953886 3.10665 -1.01602 0 6.783 0 0  0 0 2
1385539199.813016214 3.10665 -1.01602 0 6.785 0 0  0 0.000528098 2
1385539199.876459015 3.10665 -1.01602 0 6.785 0 0  0 0 2
1385539199.941342440 3.10665 -1.01602 0 6.78401 0 0  0 -0.000266795 2
1385539200.006693825 3.10665 -1.01602 0 6.787 0 0  0 0.000798728 2
1385539200.072630251 3.10665 -1.01602 0 6.78801 0 0  0 0.000266573 2
1385539200.138648524 3.10665 -1.01602 0 6.789 0 0  0 0.000262208 2
1385539200.203132667 3.10665 -1.01602 0 6.79001 0 0  0 0.000272577 2
1385539200.267050660 3.10665 -1.01602 0 6.79201 0 0  0 0.000545815 2
1385539200.332456716 3.10665 -1.01602 0 6.791 0 0  0 -0.000268734 2
1385539200.398219661 3.10665 -1.01602 0 6.79201 0 0  0 0.000267276 2
1385539200.463344677 3.10665 -1.01602 0 6.793 0 0  0 0.000265805 2
1385539200.528516687 3.10665 -1.01602 0 6.79201 0 0  0 -0.000265613 2
1385539200.592871535 3.10665 -1.01602 0 6.79401 0 0  0 0.00054211 2
1385539200.664105382 3.10665 -1.01602 0 6.79401 0 0  0 0 2
1385539200.723889897 3.10665 -1.01602 0 6.79501 0 0  0 0.000294004 2
1385539200.789231012 3.10665 -1.01602 0 6.79501 0 0  0 0 2
1385539200.861089396 3.10665 -1.01602 0 6.79501 0 0  0 0 2
1385539200.919397923 3.10665 -1.01602 0 6.79701 0 0  0 0.000598324 2
1385539200.984300944 3.10665 -1.01602 0 6.8 0 0  0 0.000804245 2
1385539201.054451527 3.10665 -1.01602 0 6.8 0 0  0 0 2
1385539201.114784853 3.10665 -1.01602 0 6.802 0 0  0 0.000578244 2
1385539201.179717387 3.10665 -1.01602 0 6.80301 0 0  0 0.000270694 2
1385539201.244805794 3.10665 -1.01602 0 6.80301 0 0  0 0 2
1385539201.309905137 3.10665 -1.01602 0 6.80501 0 0  0 0.00053591 2
1385539201.376172097 3.10665 -1.01602 0 6.80501 0 0  0 0 2
1385539201.440515957 3.10665 -1.01602 0 6.804 0 0  0 -0.000273171 2
1385539201.504854433 3.10665 -1.01602 0 6.80301 0 0  0 -0.000269054 2
1385539201.570540631 3.10665 -1.01602 0 6.80301 0 0  0 0 2
1385539201.636372967 3.10665 -1.01602 0 6.802 0 0  0 -0.000266994 2
1385539201.700768847 3.10665 -1.01602 0 6.80501 0 0  0 0.000814715 2
1385539201.766321792 3.10665 -1.01602 0 6.80501 0 0  0 0 2
1385539201.831382208 3.10665 -1.01602 0 6.806 0 0  0 0.000266069 2
1385539201.896611479 3.10665 -1.01602 0 6.80501 0 0  0 -0.00026538 2
1385539201.961841161 3.10665 -1.01602 0 6.80501 0 0  0 0 2
1385539202.026511399 3.10665 -1.01602 0 6.80801 0 0  0 0.000811258 2
1385539202.091899710 3.10665 -1.01602 0 6.80801 0 0  0 0 2
1385539202.156879668 3.10665 -1.01602 0 6.81001 0 0  0 0.000536895 2
1385539202.222082617 3.10665 -1.01602 0 6.811 0 0  0 0.000265487 2
1385539202.287549983 3.10665 -1.01602 0 6.811 0 0  0 0 2
1385539202.352820547 3.10665 -1.01602 0 6.81201 0 0  0 0.000269292 2
1385539202.419796928 3.10665 -1.01602 0 6.81201 0 0  0 0 2
1385539202.487284599 3.10665 -1.01602 0 6.813 0 0  0 0.000256499 2
1385539202.547655270 3.10665 -1.01602 0 6.81401 0 0  0 0.000291149 2
1385539202.613332837 3.10665 -1.01602 0 6.813 0 0  0 -0.000267624 2
1385539202.682508340 3.10665 -1.01602 0 6.81401 0 0  0 0.000254091 2
1385539202.801727959 3.10665 -1.01602 0 6.815 0 0  0 0.000145199 2
1385539202.810508808 3.10665 -1.01602 0 6.817 0 0  0 0.00397312 2
1385539202.877710749 3.10665 -1.01602 0 6.82001 0 0  0 0.000780696 2
1385539203.223638480 3.10665 -1.01602 0 6.82101 0 0  0 5.08108e-05 2
1385539203.228291724 3.10665 -1.01602 0 6.819 0 0  0 -0.00755467 2
1385539203.249097047 3.10665 -1.01602 0 6.82001 0 0  0 0.000844825 2
1385539203.256560253 3.10665 -1.01602 0 6.82101 0 0  0 0.00235514 2
1385539203.267896198 3.10665 -1.01602 0 6.82101 0 0  0 0 2
1385539203.445050798 3.10665 -1.01602 0 6.82101 0 0  0 0 2
1385539203.498069306 3.10665 -1.01602 0 6.826 0 0  0 0.00164255 2
1385539203.635091943 3.10665 -1.01602 0 6.826 0 0  0 0 2
1385539203.655070791 3.10665 -1.01602 0 6.82401 0 0  0 -0.00174622 2
1385539203.834281601 3.10665 -1.01602 0 6.82401 0 0  0 0 2
1385539203.919766998 3.10665 -1.01602 0 6.82501 0 0  0 0.000205612 2
1385539204.047486657 3.10665 -1.01602 0 6.82501 0 0  0 0 2
1385539204.053377250 3.10665 -1.01602 0 6.82301 0 0  0 -0.00592256 2
1385539204.057467315 3.10665 -1.01602 0 6.82401 0 0  0 0.00423234 2
1385539204.115947105 3.10665 -1.01602 0 6.82301 0 0  0 -0.000296009 2
1385539204.255496238 3.10665 -1.01602 0 6.82401 0 0  0 0.000124046 2
1385539204.258243975 3.10665 -1.01602 0 6.82401 0 0  0 0 2
1385539204.305721672 3.10665 -1.01602 0 6.82501 0 0  0 0.000370213 2
1385539204.445637422 3.10665 -1.01602 0 6.82701 0 0  0 0.000249346 2
1385539204.463733606 3.10665 -1.01602 0 6.828 0 0  0 0.000956585 2
1385539204.503314965 3.10665 -1.01602 0 6.82901 0 0  0 0.000444069 2
1385539204.665300666 3.10665 -1.01602 0 6.83 0 0  0 0.000106865 2
1385539204.683042317 3.10665 -1.01602 0 6.832 0 0  0 0.00196641 2
1385539204.714678311 3.10665 -1.01602 0 6.832 0 0  0 0 2
1385539204.839800962 3.10665 -1.01602 0 6.834 0 0  0 0.000278826 2
1385539204.894956866 3.10665 -1.01602 0 6.832 0 0  0 -0.000632524 2
1385539205.062791101 3.10665 -1.01602 0 6.83301 0 0  0 0.000104728 2
1385539205.128196615 3.10665 -1.01602 0 6.832 0 0  0 -0.000268737 2
1385539205.295773155 3.10665 -1.01602 0 6.83501 0 0  0 0.000313076 2
1385539205.316960463 3.10665 -1.01602 0 6.83601 0 0  0 0.000829594 2
1385539205.351307691 3.10665 -1.01602 0 6.83701 0 0  0 0.000503987 2
1385539205.417079050 3.10665 -1.01602 0 6.839 0 0  0 0.000530435 2
1385539205.564522309 3.10665 -1.01602 0 6.84001 0 0  0 0.000119211 2
1385539205.613834581 3.10665 -1.01602 0 6.843 0 0  0 0.00105852 2
1385539205.674416734 3.10665 -1.01602 0 6.84401 0 0  0 0.000290133 2
1385539205.739319641 3.10665 -1.01602 0 6.84401 0 0  0 0 2
1385539205.810721710 3.10665 -1.01602 0 6.845 0 0  0 0.000242438 2
1385539205.871347364 3.10665 -1.01602 0 6.84601 0 0  0 0.000289925 2
1385539205.934590460 3.10665 -1.01602 0 6.84801 0 0  0 0.00055164 2
1385539206.005392162 3.10665 -1.01602 0 6.845 0 0  0 -0.000741003 2
1385539206.065443558 3.10665 -1.01602 0 6.847 0 0  0 0.000580959 2
1385539206.129970972 3.10665 -1.01602 0 6.84601 0 0  0 -0.000268267 2
1385539206.197905582 3.10665 -1.01602 0 6.84801 0 0  0 0.000513544 2
1385539206.261003126 3.10665 -1.01602 0 6.85101 0 0  0 0.000831479 2
1385539206.326250682 3.10665 -1.01602 0 6.85101 0 0  0 0 2
1385539206.393055384 3.10665 -1.01602 0 6.85001 0 0  0 -0.000263108 2
1385539206.455660864 3.10665 -1.01602 0 6.85001 0 0  0 0 2
1385539206.520759536 3.10665 -1.01602 0 6.84801 0 0  0 -0.000535916 2
1385539206.588202046 3.10665 -1.01602 0 6.84801 0 0  0 0 2
1385539206.650929580 3.10665 -1.01602 0 6.847 0 0  0 -0.00028021 2
1385539206.716153317 3.10665 -1.01602 0 6.85001 0 0  0 0.000804374 2
1385539206.785791829 3.10665 -1.01602 0 6.85001 0 0  0 0 2
1385539206.847088790 3.10665 -1.01602 0 6.84801 0 0  0 -0.000569154 2
1385539206.912212549 3.10665 -1.01602 0 6.84901 0 0  0 0.000269899 2
1385539206.976840400 3.10665 -1.01602 0 6.85001 0 0  0 0.00026785 2
1385539207.042120206 3.10665 -1.01602 0 6.85201 0 0  0 0.000534429 2
1385539207.107197437 3.10665 -1.01602 0 6.85201 0 0  0 0 2
1385539207.175017772 3.10665 -1.01602 0 6.85101 0 0  0 -0.000255241 2
1385539207.235870264 3.10665 -1.01602 0 6.85301 0 0  0 0.000573311 2
1385539207.304507965 3.10665 -1.01602 0 6.854 0 0  0 0.000252202 2
1385539207.371145501 3.10665 -1.01602 0 6.85501 0 0  0 0.000263768 2
1385539207.433332742 3.10665 -1.01602 0 6.856 0 0  0 0.000278362 2
1385539207.500234499 3.10665 -1.01602 0 6.858 0 0  0 0.000521472 2
1385539207.566414385 3.10665 -1.01602 0 6.858 0 0  0 0 2
1385539207.630628613 3.10665 -1.01602 0 6.858 0 0  0 0 2
1385539207.693955003 3.10665 -1.01602 0 6.85701 0 0  0 -0.000273354 2
1385539207.762100913 3.10665 -1.01602 0 6.85901 0 0  0 0.000511952 2
1385539207.824299233 3.10665 -1.01602 0 6.86 0 0  0 0.000278312 2
1385539207.889805188 3.10665 -1.01602 0 6.86101 0 0  0 0.000268325 2
1385539207.954936560 3.10665 -1.01602 0 6.86 0 0  0 -0.000269868 2
1385539208.019139930 3.10665 -1.01602 0 6.86 0 0  0 0 2
1385539208.084228952 3.10665 -1.01602 0 6.86 0 0  0 0 2
1385539208.150044330 3.10665 -1.01602 0 6.86301 0 0  0 0.000797143 2
1385539208.212850109 3.10665 -1.01602 0 6.862 0 0  0 -0.000279861 2
1385539208.280899453 3.10665 -1.01602 0 6.86401 0 0  0 0.000516592 2
1385539208.348397411 3.10665 -1.01602 0 6.86401 0 0  0 0 2
1385539208.410831864 3.10665 -1.01602 0 6.86501 0 0  0 0.00027726 2
1385539208.475284668 3.10665 -1.01602 0 6.86501 0 0  0 0 2
1385539208.546167277 3.10665 -1.01602 0 6.86401 0 0  0 -0.000244214 2
1385539208.605945065 3.10665 -1.01602 0 6.86401 0 0  0 0 2
1385539208.671018098 3.10665 -1.01602 0 6.86401 0 0  0 0 2
1385539208.744596029 3.10665 -1.01602 0 6.86401 0 0  0 0 2
1385539208.800641331 3.10665 -1.01602 0 6.86401 0 0  0 0 2
1385539208.865931826 3.10665 -1.01602 0 6.86401 0 0  0 0 2
1385539208.934267005 3.10665 -1.01602 0 6.86501 0 0  0 0.000253318 2
1385539208.995984574 3.10665 -1.01602 0 6.86401 0 0  0 -0.00028048 2
1385539209.061389035 3.10665 -1.01602 0 6.86601 0 0  0 0.00053341 2
1385539209.126384766 3.10665 -1.01602 0 6.86401 0 0  0 -0.000536765 2
1385539209.190392977 3.10665 -1.01602 0 6.86301 0 0  0 -0.000274603 2
1385539209.256514324 3.10665 -1.01602 0 6.86301 0 0  0 0 2
1385539209.321854235 3.10665 -1.01602 0 6.86501 0 0  0 0.000533937 2
1385539209.388117005 3.10665 -1.01602 0 6.86501 0 0  0 0 2
1385539209.455203554 3.10665 -1.01602 0 6.86601 0 0  0 0.000262003 2
1385539209.516220988 3.10665 -1.01602 0 6.86601 0 0  0 0 2
1385539209.583781116 3.10665 -1.01602 0 6.867 0 0  0 0.000256224 2
1385539209.647828651 3.10665 -1.01602 0 6.867 0 0  0 0 2
1385539209.713170351 3.10665 -1.01602 0 6.86601 0 0  0 -0.000264923 2
1385539209.779810919 3.10665 -1.01602 0 6.867 0 0  0 0.00025976 2
1385539209.847191217 3.10665 -1.01602 0 6.86801 0 0  0 0.000260861 2
1385539209.907995664 3.10665 -1.01602 0 6.86801 0 0  0 0 2
1385539209.973792456 3.10665 -1.01602 0 6.86801 0 0  0 0 2
1385539210.038868670 3.10665 -1.01602 0 6.867 0 0  0 -0.000270097 2
1385539210.105605988 3.10665 -1.01602 0 6.86801 0 0  0 0.000263374 2
1385539210.169420532 3.10665 -1.01602 0 6.87001 0 0  0 0.0005467 2
1385539210.238124974 3.10665 -1.01602 0 6.871 0 0  0 0.000251957 2
1385539210.303350147 3.10665 -1.01602 0 6.871 0 0  0 0 2
1385539210.363633870 3.10665 -1.01602 0 6.87201 0 0  0 0.000291569 2
1385539210.436700207 3.10665 -1.01602 0 6.871 0 0  0 -0.00024056 2
1385539210.497439247 3.10665 -1.01602 0 6.87001 0 0  0 -0.000284999 2
1385539210.558820736 3.10665 -1.01602 0 6.873 0 0  0 0.000850386 2
1385539210.624429988 3.10665 -1.01602 0 6.87401 0 0  0 0.000267902 2
1385539210.697856372 3.10665 -1.01602 0 6.87401 0 0  0 0 2
1385539210.754870765 3.10665 -1.01602 0 6.875 0 0  0 0.000303617 2
1385539210.822069423 3.10665 -1.01602 0 6.87401 0 0  0 -0.000257603 2
1385539210.891155129 3.10665 -1.01602 0 6.87401 0 0  0 0 2
1385539210.950503917 3.10665 -1.01602 0 6.87401 0 0  0 0 2
1385539211.015487274 3.10665 -1.01602 0 6.875 0 0  0 0.000266384 2
1385539211.085511304 3.10665 -1.01602 0 6.873 0 0  0 -0.000498221 2
1385539211.144322119 3.10665 -1.01602 0 6.873 0 0  0 0 2
1385539211.214753680 3.10665 -1.01602 0 6.871 0 0  0 -0.000495338 2
1385539211.279923418 3.10665 -1.01602 0 6.86801 0 0  0 -0.000800954 2
1385539211.341137856 3.10665 -1.01602 0 6.86801 0 0  0 0 2
1385539211.406915939 3.10665 -1.01602 0 6.86801 0 0  0 0 2
1385539211.471002354 3.10665 -1.01602 0 6.86801 0 0  0 0 2
1385539211.536537955 3.10665 -1.01602 0 6.871 0 0  0 0.000796482 2
1385539211.601744748 3.10665 -1.01602 0 6.87201 0 0  0 0.000269556 2
1385539211.666528875 3.10665 -1.01602 0 6.87201 0 0  0 0 2
1385539211.731935343 3.10665 -1.01602 0 6.873 0 0  0 0.000264661 2
1385539211.796843718 3.10665 -1.01602 0 6.87201 0 0  0 -0.000266692 2
1385539211.862272262 3.10665 -1.01602 0 6.871 0 0  0 -0.000268642 2
1385539211.938069232 3.10665 -1.01602 0 6.87201 0 0  0 0.000231894 2
1385539211.993394078 3.10665 -1.01602 0 6.871 0 0  0 -0.000317703 2
1385539212.062380676 3.10665 -1.01602 0 6.87201 0 0  0 0.000254787 2
1385539212.122876549 3.10665 -1.01602 0 6.873 0 0  0 0.000286144 2
1385539212.188055809 3.10665 -1.01602 0 6.87401 0 0  0 0.00026967 2
1385539212.254924918 3.10665 -1.01602 0 6.875 0 0  0 0.000258872 2
1385539212.318761417 3.10665 -1.01602 0 6.87401 0 0  0 -0.00027117 2
1385539212.383793260 3.10665 -1.01602 0 6.873 0 0  0 -0.000270281 2
1385539212.452686969 3.10665 -1.01602 0 6.87201 0 0  0 -0.000251265 2
1385539212.513665774 3.10665 -1.01602 0 6.87201 0 0  0 0 2
1385539212.582164414 3.10665 -1.01602 0 6.87201 0 0  0 0 2
1385539212.647187267 3.10665 -1.01602 0 6.87001 0 0  0 -0.000536541 2
1385539212.708262489 3.10665 -1.01602 0 6.869 0 0  0 -0.00028779 2
1385539212.776249351 3.10665 -1.01602 0 6.869 0 0  0 0 2
1385539212.844351314 3.10665 -1.01602 0 6.869 0 0  0 0 2
1385539212.908768425 3.10665 -1.01602 0 6.87001 0 0  0 0.00027286 2
1385539212.969714106 3.10665 -1.01602 0 6.87001 0 0  0 0 2
1385539213.042185981 3.10665 -1.01602 0 6.869 0 0  0 -0.000242534 2
1385539213.098954281 3.10665 -1.01602 0 6.867 0 0  0 -0.000614558 2
1385539213.165138590 3.10665 -1.01602 0 6.86801 0 0  0 0.000265574 2
1385539213.229627492 3.10665 -1.01602 0 6.869 0 0  0 0.000268427 2
1385539213.296387811 3.10665 -1.01602 0 6.87001 0 0  0 0.000263283 2
1385539213.360582554 3.10665 -1.01602 0 6.869 0 0  0 -0.000273805 2
1385539213.428406014 3.10665 -1.01602 0 6.87001 0 0  0 0.000259156 2
1385539213.490456252 3.10665 -1.01602 0 6.869 0 0  0 -0.000283268 2
1385539213.556520463 3.10665 -1.01602 0 6.86801 0 0  0 -0.000262026 2
1385539213.623274694 3.10665 -1.01602 0 6.86801 0 0  0 0 2
1385539213.687055456 3.10665 -1.01602 0 6.86801 0 0  0 0 2
1385539213.750889504 3.10665 -1.01602 0 6.87201 0 0  0 0.00109307 2
1385539213.816331725 3.10665 -1.01602 0 6.871 0 0  0 -0.000268586 2
1385539213.881361244 3.10665 -1.01602 0 6.871 0 0  0 0 2
1385539213.946528283 3.10665 -1.01602 0 6.87001 0 0  0 -0.000265633 2
1385539214.011492342 3.10665 -1.01602 0 6.87001 0 0  0 0 2
1385539214.095769476 3.10665 -1.01602 0 6.869 0 0  0 -0.00020856 2
1385539214.142077813 3.10665 -1.01602 0 6.86801 0 0  0 -0.000373811 2
1385539214.207001228 3.10665 -1.01602 0 6.87001 0 0  0 0.000537363 2
1385539214.273344146 3.10665 -1.01602 0 6.871 0 0  0 0.000260925 2
1385539214.337598190 3.10665 -1.01602 0 6.87001 0 0  0 -0.000269408 2
1385539214.403601553 3.10665 -1.01602 0 6.869 0 0  0 -0.000266303 2
1385539214.467881558 3.10665 -1.01602 0 6.869 0 0  0 0 2
1385539214.533134602 3.10665 -1.01602 0 6.869 0 0  0 0 2
1385539214.607165952 3.10665 -1.01602 0 6.86801 0 0  0 -0.000233827 2
1385539214.663777174 3.10665 -1.01602 0 6.869 0 0  0 0.000305779 2
1385539214.730750912 3.10665 -1.01602 0 6.869 0 0  0 0 2
1385539214.797189625 3.10665 -1.01602 0 6.87001 0 0  0 0.000264558 2
1385539214.859037222 3.10665 -1.01602 0 6.87201 0 0  0 0.000564087 2
1385539214.926706689 3.10665 -1.01602 0 6.87201 0 0  0 0 2
1385539214.994928082 3.10665 -1.01602 0 6.87201 0 0  0 0 2
1385539215.057044423 3.10665 -1.01602 0 6.873 0 0  0 0.000278679 2
1385539215.119530767 3.10665 -1.01602 0 6.873 0 0  0 0 2
1385539215.190122147 3.10665 -1.01602 0 6.873 0 0  0 0 2
1385539215.249824147 3.10665 -1.01602 0 6.87001 0 0  0 -0.000874308 2
1385539215.322176530 3.10665 -1.01602 0 6.87001 0 0  0 0 2
1385539215.383517704 3.10665 -1.01602 0 6.869 0 0  0 -0.000286543 2
1385539215.445314886 3.10665 -1.01602 0 6.871 0 0  0 0.000564547 2
1385539215.510386111 3.10665 -1.01602 0 6.871 0 0  0 0 2
1385539215.584224777 3.10665 -1.01602 0 6.871 0 0  0 0 2
1385539215.640004055 3.10665 -1.01602 0 6.86801 0 0  0 -0.000935795 2
1385539215.709715285 3.10665 -1.01602 0 6.86801 0 0  0 0 2
1385539215.773507257 3.10665 -1.01602 0 6.869 0 0  0 0.000271359 2
1385539215.835788554 3.10665 -1.01602 0 6.86801 0 0  0 -0.000277941 2
1385539215.901015624 3.10665 -1.01602 0 6.869 0 0  0 0.000265389 2
1385539215.965900264 3.10665 -1.01602 0 6.87001 0 0  0 0.000270894 2
1385539216.031264310 3.10665 -1.01602 0 6.873 0 0  0 0.000798573 2
1385539216.096345355 3.10665 -1.01602 0 6.873 0 0  0 0 2
1385539216.161606952 3.10665 -1.01602 0 6.87401 0 0  0 0.000269329 2
1385539216.227227602 3.10665 -1.01602 0 6.87401 0 0  0 0 2
1385539216.291803709 3.10665 -1.01602 0 6.875 0 0  0 0.000268064 2
1385539216.357311789 3.10665 -1.01602 0 6.87601 0 0  0 0.000268316 2
1385539216.424193087 3.10665 -1.01602 0 6.87701 0 0  0 0.000262807 2
1385539216.487193996 3.10665 -1.01602 0 6.87701 0 0  0 0 2
1385539216.552242994 3.10665 -1.01602 0 6.88 0 0  0 0.000802441 2
1385539216.617243877 3.10665 -1.01602 0 6.87801 0 0  0 -0.000536722 2
1385539216.682416601 3.10665 -1.01602 0 6.87801 0 0  0 0 2
1385539216.747314719 3.10665 -1.01602 0 6.87901 0 0  0 0.000270838 2
1385539216.812574607 3.10665 -1.01602 0 6.87801 0 0  0 -0.000269336 2
1385539216.877649616 3.10665 -1.01602 0 6.87701 0 0  0 -0.000266009 2
1385539216.944040554 3.10665 -1.01602 0 6.87401 0 0  0 -0.000790232 2
1385539217.007970413 3.10665 -1.01602 0 6.873 0 0  0 -0.00027494 2
1385539217.073063404 3.10665 -1.01602 0 6.873 0 0  0 0 2
1385539217.144088402 3.10665 -1.01602 0 6.87401 0 0  0 0.000247474 2
1385539217.204284717 3.10665 -1.01602 0 6.87201 0 0  0 -0.000579561 2
1385539217.283547865 3.10665 -1.01602 0 6.87401 0 0  0 0.000440147 2
1385539217.336774858 3.10665 -1.01602 0 6.875 0 0  0 0.000325221 2
1385539217.399059840 3.10665 -1.01602 0 6.873 0 0  0 -0.000560126 2
1385539217.464432239 3.10665 -1.01602 0 6.873 0 0  0 0 2
1385539217.531584372 3.10665 -1.01602 0 6.873 0 0  0 0 2
1385539217.594416776 3.10665 -1.01602 0 6.87201 0 0  0 -0.000275503 2
1385539217.659513859 3.10665 -1.01602 0 6.87201 0 0  0 0 2
1385539217.726914486 3.10665 -1.01602 0 6.871 0 0  0 -0.000260782 2
1385539217.791067624 3.10665 -1.01602 0 6.871 0 0  0 0 2
1385539217.855150652 3.10665 -1.01602 0 6.873 0 0  0 0.00054441 2
1385539217.920326695 3.10665 -1.01602 0 6.871 0 0  0 -0.00053528 2
1385539217.985107752 3.10665 -1.01602 0 6.87201 0 0  0 0.000271327 2
1385539218.050226969 3.10665 -1.01602 0 6.871 0 0  0 -0.000269918 2
1385539218.116954735 3.10665 -1.01602 0 6.873 0 0  0 0.000522832 2
1385539218.180403429 3.10665 -1.01602 0 6.87401 0 0  0 0.000277025 2
1385539218.245701905 3.10665 -1.01602 0 6.87201 0 0  0 -0.000534276 2
1385539218.335997202 3.10665 -1.01602 0 6.871 0 0  0 -0.00019466 2
1385539218.375860494 3.10665 -1.01602 0 6.87201 0 0  0 0.000440929 2
1385539218.441050485 3.10665 -1.01602 0 6.87201 0 0  0 0 2
1385539218.506425609 3.10665 -1.01602 0 6.87401 0 0  0 0.00053365 2
1385539218.572688673 3.10665 -1.01602 0 6.875 0 0  0 0.00026124 2
1385539218.636823150 3.10665 -1.01602 0 6.875 0 0  0 0 2
1385539218.702440695 3.10665 -1.01602 0 6.87801 0 0  0 0.000799546 2
1385539218.767276782 3.10665 -1.01602 0 6.87701 0 0  0 -0.000266989 2
1385539218.832487641 3.10665 -1.01602 0 6.87701 0 0  0 0 2
1385539218.897977917 3.10665 -1.01602 0 6.87701 0 0  0 0 2
1385539218.987323196 3.10665 -1.01602 0 6.87801 0 0  0 0.000193749 2
1385539219.027546488 3.10665 -1.01602 0 6.87901 0 0  0 0.000436982 2
1385539219.092718086 3.10665 -1.01602 0 6.88 0 0  0 0.000265615 2
1385539219.157713452 3.10665 -1.01602 0 6.87901 0 0  0 -0.000266335 2
1385539219.225284161 3.10665 -1.01602 0 6.88 0 0  0 0.000256184 2
1385539219.288089267 3.10665 -1.01602 0 6.88101 0 0  0 0.000279864 2
1385539219.352848319 3.10665 -1.01602 0 6.87901 0 0  0 -0.000538726 2
1385539219.418192999 3.10665 -1.01602 0 6.88 0 0  0 0.000264911 2
1385539219.483464093 3.10665 -1.01602 0 6.88 0 0  0 0 2
1385539219.548678110 3.10665 -1.01602 0 6.882 0 0  0 0.000534968 2
1385539219.613754559 3.10665 -1.01602 0 6.88101 0 0  0 -0.000266003 2
1385539219.678623975 3.10665 -1.01602 0 6.88101 0 0  0 0 2
1385539219.743719184 3.10665 -1.01602 0 6.88 0 0  0 -0.000270018 2
1385539219.809208570 3.10665 -1.01602 0 6.88 0 0  0 0 2
1385539219.877075224 3.10665 -1.01602 0 6.88101 0 0  0 0.000258991 2
1385539219.945536470 3.10665 -1.01602 0 6.88101 0 0  0 0 2
1385539220.004217390 3.10665 -1.01602 0 6.882 0 0  0 0.000294994 2
1385539220.074030700 3.10665 -1.01602 0 6.88 0 0  0 -0.000499724 2
1385539220.134613043 3.10665 -1.01602 0 6.87801 0 0  0 -0.000575868 2
1385539220.208352096 3.10665 -1.01602 0 6.87901 0 0  0 0.000238366 2
1385539220.265183285 3.10665 -1.01602 0 6.87701 0 0  0 -0.000613878 2
1385539220.330823785 3.10665 -1.01602 0 6.87801 0 0  0 0.000263717 2
1385539220.395543161 3.10665 -1.01602 0 6.87701 0 0  0 -0.000267471 2
1385539220.460396194 3.10665 -1.01602 0 6.875 0 0  0 -0.000542052 2
1385539220.525799963 3.10665 -1.01602 0 6.87401 0 0  0 -0.000264672 2
1385539220.590927053 3.10665 -1.01602 0 6.875 0 0  0 0.000265796 2
1385539220.656022303 3.10665 -1.01602 0 6.87601 0 0  0 0.000270018 2
1385539220.721136871 3.10665 -1.01602 0 6.875 0 0  0 -0.000269937 2
1385539220.786808613 3.10665 -1.01602 0 6.87401 0 0  0 -0.000263592 2
1385539220.851633013 3.10665 -1.01602 0 6.87401 0 0  0 0 2
1385539220.916606675 3.10665 -1.01602 0 6.87401 0 0  0 0 2
1385539220.981516962 3.10665 -1.01602 0 6.87401 0 0  0 0 2
1385539221.047384317 3.10665 -1.01602 0 6.875 0 0  0 0.000262809 2
1385539221.112028604 3.10665 -1.01602 0 6.875 0 0  0 0 2
1385539221.177306157 3.10665 -1.01602 0 6.875 0 0  0 0 2
1385539221.242088801 3.10665 -1.01602 0 6.87401 0 0  0 -0.00026721 2
1385539221.307861421 3.10665 -1.01602 0 6.873 0 0  0 -0.000267237 2
1385539221.373079109 3.10665 -1.01602 0 6.875 0 0  0 0.000534938 2
1385539221.438476732 3.10665 -1.01602 0 6.87601 0 0  0 0.000268769 2
1385539221.503014870 3.10665 -1.01602 0 6.875 0 0  0 -0.000272348 2
1385539221.567898909 3.10665 -1.01602 0 6.875 0 0  0 0 2
1385539221.646790336 3.10665 -1.01602 0 6.873 0 0  0 -0.000442221 2
1385539221.698001756 3.10665 -1.01602 0 6.87201 0 0  0 -0.000338021 2
1385539221.763921964 3.10665 -1.01602 0 6.875 0 0  0 0.000791835 2
1385539221.828960937 3.10665 -1.01602 0 6.875 0 0  0 0 2
1385539221.893479458 3.10665 -1.01602 0 6.875 0 0  0 0 2
1385539221.958439278 3.10665 -1.01602 0 6.87401 0 0  0 -0.000266481 2
1385539222.024072542 3.10665 -1.01602 0 6.873 0 0  0 -0.000267804 2
1385539222.086966837 3.10665 -1.01602 0 6.873 0 0  0 0 2
1385539222.155861494 3.10665 -1.01602 0 6.87401 0 0  0 0.000255127 2
1385539222.219061658 3.10665 -1.01602 0 6.873 0 0  0 -0.000278114 2
1385539222.284215159 3.10665 -1.01602 0 6.87401 0 0  0 0.000269776 2
1385539222.349520412 3.10665 -1.01602 0 6.873 0 0  0 -0.000269149 2
1385539222.423245744 3.10665 -1.01602 0 6.87401 0 0  0 0.00023841 2
1385539222.479722822 3.10665 -1.01602 0 6.875 0 0  0 0.000306506 2
1385539222.544645506 3.10665 -1.01602 0 6.87401 0 0  0 -0.000266633 2
1385539222.620898571 3.10665 -1.01602 0 6.873 0 0  0 -0.000230507 2
1385539222.674969963 3.10665 -1.01602 0 6.873 0 0  0 0 2
1385539222.738536439 3.10665 -1.01602 0 6.87401 0 0  0 0.000276512 2
1385539222.805014809 3.10665 -1.01602 0 6.871 0 0  0 -0.000789193 2
1385539222.872523510 3.10665 -1.01602 0 6.871 0 0  0 0 2
1385539222.935738855 3.10665 -1.01602 0 6.87201 0 0  0 0.000278047 2
1385539223.000581372 3.10665 -1.01602 0 6.873 0 0  0 0.000266963 2
1385539223.066654822 3.10665 -1.01602 0 6.873 0 0  0 0 2
1385539223.131249875 3.10665 -1.01602 0 6.87201 0 0  0 -0.000267986 2
1385539223.196206189 3.10665 -1.01602 0 6.87201 0 0  0 0 2
1385539223.261689940 3.10665 -1.01602 0 6.87001 0 0  0 -0.000532764 2
1385539223.344461351 3.10665 -1.01602 0 6.871 0 0  0 0.000209137 2
1385539223.392361907 3.10665 -1.01602 0 6.87201 0 0  0 0.000366945 2
1385539223.458299545 3.10665 -1.01602 0 6.873 0 0  0 0.000262529 2
1385539223.523332532 3.10665 -1.01602 0 6.87001 0 0  0 -0.000802638 2
1385539223.587077638 3.10665 -1.01602 0 6.871 0 0  0 0.000271559 2
1385539223.650528961 3.10665 -1.01602 0 6.87001 0 0  0 -0.000272816 2
1385539223.718203588 3.10665 -1.01602 0 6.87001 0 0  0 0 2
1385539223.782489225 3.10665 -1.01602 0 6.869 0 0  0 -0.000273418 2
1385539223.846160104 3.10665 -1.01602 0 6.869 0 0  0 0 2
1385539223.912725264 3.10665 -1.01602 0 6.869 0 0  0 0 2
1385539223.977493722 3.10665 -1.01602 0 6.86801 0 0  0 -0.000267268 2
1385539224.044107858 3.10665 -1.01602 0 6.869 0 0  0 0.000259863 2
1385539224.108821886 3.10665 -1.01602 0 6.87001 0 0  0 0.000271608 2
1385539224.173689360 3.10665 -1.01602 0 6.86801 0 0  0 -0.000537826 2
1385539224.238700390 3.10665 -1.01602 0 6.86801 0 0  0 0 2
1385539224.321480391 3.10665 -1.01602 0 6.86801 0 0  0 0 2
1385539224.367378738 3.10665 -1.01602 0 6.86801 0 0  0 0 2
1385539224.433787749 3.10665 -1.01602 0 6.869 0 0  0 0.000260666 2
1385539224.499262167 3.10665 -1.01602 0 6.87201 0 0  0 0.000801294 2
1385539224.564035413 3.10665 -1.01602 0 6.87201 0 0  0 0 2
1385539224.627782541 3.10665 -1.01602 0 6.87201 0 0  0 0 2
1385539224.695472651 3.10665 -1.01602 0 6.87201 0 0  0 0 2
1385539224.759391066 3.10665 -1.01602 0 6.87401 0 0  0 0.000545812 2
1385539224.824688958 3.10665 -1.01602 0 6.87401 0 0  0 0 2
1385539224.890001776 3.10665 -1.01602 0 6.873 0 0  0 -0.000269118 2
1385539224.953623541 3.10665 -1.01602 0 6.873 0 0  0 0 2
1385539225.021043408 3.10665 -1.01602 0 6.873 0 0  0 0 2
1385539225.086243561 3.10665 -1.01602 0 6.873 0 0  0 0 2
1385539225.150709818 3.10665 -1.01602 0 6.875 0 0  0 0.000541173 2
1385539225.215761453 3.10665 -1.01602 0 6.873 0 0  0 -0.000536303 2
1385539225.279357515 3.10665 -1.01602 0 6.87401 0 0  0 0.000276383 2
1385539225.344655856 3.10665 -1.01602 0 6.875 0 0  0 0.000265099 2
1385539225.410914816 3.10665 -1.01602 0 6.875 0 0  0 0 2
1385539225.476024213 3.10665 -1.01602 0 6.87801 0 0  0 0.000805787 2
1385539225.548312208 3.10665 -1.01602 0 6.87701 0 0  0 -0.000239466 2
1385539225.606236723 3.10665 -1.01602 0 6.87801 0 0  0 0.000298847 2
1385539225.670480141 3.10665 -1.01602 0 6.87801 0 0  0 0 2
1385539225.737293123 3.10665 -1.01602 0 6.87601 0 0  0 -0.000522165 2
1385539225.801959378 3.10665 -1.01602 0 6.875 0 0  0 -0.000271809 2
1385539225.866954641 3.10665 -1.01602 0 6.87601 0 0  0 0.000270433 2
1385539225.932011339 3.10665 -1.01602 0 6.87701 0 0  0 0.000270178 2
1385539226.018528280 3.10665 -1.01602 0 6.87601 0 0  0 -0.000203161 2
1385539226.062727330 3.10665 -1.01602 0 6.875 0 0  0 -0.000397675 2
1385539226.127494718 3.10665 -1.01602 0 6.87401 0 0  0 -0.000267273 2
1385539226.192594599 3.10665 -1.01602 0 6.875 0 0  0 0.000265908 2
1385539226.257754653 3.10665 -1.01602 0 6.875 0 0  0 0 2
1385539226.322060266 3.10665 -1.01602 0 6.87401 0 0  0 -0.000269192 2
1385539226.388907913 3.10665 -1.01602 0 6.87401 0 0  0 0 2
1385539226.454338135 3.10665 -1.01602 0 6.875 0 0  0 0.000264565 2
1385539226.518385612 3.10665 -1.01602 0 6.87601 0 0  0 0.000274435 2
1385539226.583569087 3.10665 -1.01602 0 6.875 0 0  0 -0.000269652 2
1385539226.650366133 3.10665 -1.01602 0 6.87801 0 0  0 0.000785428 2
1385539226.714381601 3.10665 -1.01602 0 6.88101 0 0  0 0.000819556 2
1385539226.779043668 3.10665 -1.01602 0 6.88301 0 0  0 0.000539534 2
1385539226.846489916 3.10665 -1.01602 0 6.884 0 0  0 0.000256657 2
1385539226.908959787 3.10665 -1.01602 0 6.88101 0 0  0 -0.00083557 2
1385539226.994709831 3.10665 -1.01602 0 6.88101 0 0  0 0 2
1385539227.041906619 3.10665 -1.01602 0 6.88 0 0  0 -0.000372417 2
1385539227.105267138 3.10665 -1.01602 0 6.87901 0 0  0 -0.000273207 2
1385539227.171642679 3.10665 -1.01602 0 6.88 0 0  0 0.000260797 2
1385539227.234945810 3.10665 -1.01602 0 6.88 0 0  0 0 2
1385539227.302557323 3.10665 -1.01602 0 6.882 0 0  0 0.000515998 2
1385539227.365224947 3.10665 -1.01602 0 6.88301 0 0  0 0.000280478 2
1385539227.430899483 3.10665 -1.01602 0 6.88301 0 0  0 0 2
1385539227.495563520 3.10665 -1.01602 0 6.88501 0 0  0 0.000539518 2
1385539227.559250784 3.10665 -1.01602 0 6.884 0 0  0 -0.000275987 2
1385539227.625074506 3.10665 -1.01602 0 6.884 0 0  0 0 2
1385539227.714604760 3.10665 -1.01602 0 6.884 0 0  0 0 2
1385539227.756637027 3.10665 -1.01602 0 6.88501 0 0  0 0.000418175 2
1385539227.821197053 3.10665 -1.01602 0 6.88501 0 0  0 0 2
1385539227.888349516 3.10665 -1.01602 0 6.888 0 0  0 0.000777305 2
1385539227.952396675 3.10665 -1.01602 0 6.88701 0 0  0 -0.000270278 2
1385539228.016523538 3.10665 -1.01602 0 6.88901 0 0  0 0.000544037 2
1385539228.081515236 3.10665 -1.01602 0 6.888 0 0  0 -0.000270448 2
1385539228.148006622 3.10665 -1.01602 0 6.88701 0 0  0 -0.000260343 2
1385539228.213296994 3.10665 -1.01602 0 6.88701 0 0  0 0 2
1385539228.276625342 3.10665 -1.01602 0 6.88701 0 0  0 0 2
1385539228.343632598 3.10665 -1.01602 0 6.88701 0 0  0 0 2
1385539228.407354429 3.10665 -1.01602 0 6.89 0 0  0 0.000819153 2
1385539228.473439098 3.10665 -1.01602 0 6.89101 0 0  0 0.000265975 2
1385539228.537071054 3.10665 -1.01602 0 6.89301 0 0  0 0.000548269 2
1385539228.605174212 3.10665 -1.01602 0 6.89201 0 0  0 -0.000254181 2
1385539228.691621034 3.10665 -1.01602 0 6.89201 0 0  0 0 2
1385539228.733829343 3.10665 -1.01602 0 6.89 0 0  0 -0.000832863 2
1385539228.798293277 3.10665 -1.01602 0 6.89 0 0  0 0 2
1385539228.863381870 3.10665 -1.01602 0 6.88901 0 0  0 -0.000265954 2
1385539228.928149969 3.10665 -1.01602 0 6.89101 0 0  0 0.000538651 2
1385539228.993695208 3.10665 -1.01602 0 6.89 0 0  0 -0.000268164 2
1385539229.059102884 3.10665 -1.01602 0 6.89101 0 0  0 0.000268728 2
1385539229.123907056 3.10665 -1.01602 0 6.888 0 0  0 -0.000809582 2
1385539229.189914818 3.10665 -1.01602 0 6.88701 0 0  0 -0.00026225 2
1385539229.253912483 3.10665 -1.01602 0 6.88901 0 0  0 0.000545136 2
1385539229.321445497 3.10665 -1.01602 0 6.89101 0 0  0 0.000516598 2
1385539229.384959470 3.10665 -1.01602 0 6.89 0 0  0 -0.00027674 2
1385539229.453369286 3.10665 -1.01602 0 6.89 0 0  0 0 2
1385539229.514359553 3.10665 -1.01602 0 6.89101 0 0  0 0.000288191 2
1385539229.579839038 3.10665 -1.01602 0 6.89301 0 0  0 0.000532799 2
1385539229.645001538 3.10665 -1.01602 0 6.89401 0 0  0 0.000269739 2
1385539229.710241515 3.10665 -1.01602 0 6.895 0 0  0 0.000265336 2
1385539229.775183061 3.10665 -1.01602 0 6.89601 0 0  0 0.000270657 2
1385539229.840574853 3.10665 -1.01602 0 6.895 0 0  0 -0.000268793 2
1385539229.906398722 3.10665 -1.01602 0 6.89401 0 0  0 -0.000262983 2
1385539229.972113319 3.10665 -1.01602 0 6.89401 0 0  0 0 2
1385539230.035964717 3.10665 -1.01602 0 6.895 0 0  0 0.000271107 2
1385539230.100384921 3.10665 -1.01602 0 6.89401 0 0  0 -0.000268713 2
1385539230.166029942 3.10665 -1.01602 0 6.89201 0 0  0 -0.000531456 2
1385539230.231239441 3.10665 -1.01602 0 6.89301 0 0  0 0.000265461 2
1385539230.297162091 3.10665 -1.01602 0 6.89301 0 0  0 0 2
1385539230.362296925 3.10665 -1.01602 0 6.89101 0 0  0 -0.000535618 2
1385539230.426095463 3.10665 -1.01602 0 6.89 0 0  0 -0.000275506 2
1385539230.491855406 3.10665 -1.01602 0 6.89 0 0  0 0 2
1385539230.557577062 3.10665 -1.01602 0 6.89 0 0  0 0 2
1385539230.622157465 3.10665 -1.01602 0 6.88901 0 0  0 -0.000268046 2
1385539230.687525762 3.10665 -1.01602 0 6.888 0 0  0 -0.00026889 2
1385539230.752910685 3.10665 -1.01602 0 6.888 0 0  0 0 2
1385539230.817616526 3.10665 -1.01602 0 6.88901 0 0  0 0.000271643 2
1385539230.887512406 3.10665 -1.01602 0 6.88701 0 0  0 -0.000499134 2
1385539230.948015278 3.10665 -1.01602 0 6.888 0 0  0 0.000286111 2
1385539231.013019758 3.10665 -1.01602 0 6.89 0 0  0 0.000536692 2
1385539231.078551752 3.10665 -1.01602 0 6.89101 0 0  0 0.000268218 2
1385539231.143335592 3.10665 -1.01602 0 6.89 0 0  0 -0.000271316 2
1385539231.208679815 3.10665 -1.01602 0 6.89301 0 0  0 0.000802891 2
1385539231.274062524 3.10665 -1.01602 0 6.89301 0 0  0 0 2
1385539231.338797905 3.10665 -1.01602 0 6.89401 0 0  0 0.000271519 2
1385539231.403983438 3.10665 -1.01602 0 6.89201 0 0  0 -0.000535202 2
1385539231.469072346 3.10665 -1.01602 0 6.89101 0 0  0 -0.000270044 2
1385539231.534465152 3.10665 -1.01602 0 6.89 0 0  0 -0.000268789 2
1385539231.600743376 3.10665 -1.01602 0 6.89101 0 0  0 0.000265198 2
1385539231.664362071 3.10665 -1.01602 0 6.88901 0 0  0 -0.000548383 2
1385539231.729465792 3.10665 -1.01602 0 6.89 0 0  0 0.000265892 2
1385539231.797146368 3.10665 -1.01602 0 6.89 0 0  0 0 2
1385539231.860095394 3.10665 -1.01602 0 6.88901 0 0  0 -0.000274993 2
1385539231.924951431 3.10665 -1.01602 0 6.88901 0 0  0 0 2
1385539232.017862086 3.10665 -1.01602 0 6.89 0 0  0 0.000186314 2
1385539232.054431292 3.10665 -1.01602 0 6.89101 0 0  0 0.000480647 2
1385539232.120314056 3.10665 -1.01602 0 6.89201 0 0  0 0.00026679 2
1385539232.191500177 3.10665 -1.01602 0 6.89101 0 0  0 -0.000246914 2
1385539232.250921710 3.10665 -1.01602 0 6.89101 0 0  0 0 2
1385539232.315814087 3.10665 -1.01602 0 6.89101 0 0  0 0 2
1385539232.384120420 3.10665 -1.01602 0 6.89101 0 0  0 0 2
1385539232.445955022 3.10665 -1.01602 0 6.89201 0 0  0 0.000284256 2
1385539232.511082115 3.10665 -1.01602 0 6.89101 0 0  0 -0.000269886 2
1385539232.583748827 3.10665 -1.01602 0 6.89301 0 0  0 0.000480102 2
1385539232.641383072 3.10665 -1.01602 0 6.895 0 0  0 0.000605324 2
1385539232.706457068 3.10665 -1.01602 0 6.89301 0 0  0 -0.000536119 2
