1388546593.959049726 0 0 0 26.395 0 0  0 0.0743079 2
1388546594.059020792 0 0 0 26.393 0 0  0 -0.000349308 2
1388546594.158971147 0 0 0 26.392 0 0  0 -0.000174524 2
1388546594.259073378 0 0 0 26.392 0 0  0 0 2
1388546594.359088600 0 0 0 26.39 0 0  0 -0.000349154 2
1388546594.459087399 0 0 0 26.387 0 0  0 -0.00052365 2
1388546594.559085032 0 0 0 26.386 0 0  0 -0.000174441 2
1388546594.659020418 0 0 0 26.385 0 0  0 -0.00017455 2
1388546594.758989365 0 0 0 26.383 0 0  0 -0.000349315 2
1388546595.059168631 0 0 0 26.381 0 0  0 -0.000116222 2
1388546595.076643440 0 0 0 26.38 0 0  0 -0.00100013 2
1388546595.176855574 0 0 0 26.379 0 0  0 -0.000174068 2
1388546595.276815320 0 0 0 26.377 0 0  0 -0.000349015 2
1388546595.376900274 0 0 0 26.375 0 0  0 -0.000348911 2
1388546595.476837281 0 0 0 26.373 0 0  0 -0.000349427 2
1388546595.576781730 0 0 0 26.368 0 0  0 -0.000873003 2
1388546595.676840138 0 0 0 26.365 0 0  0 -0.000523338 2
1388546595.776997173 0 0 0 26.365 0 0  0 0 2
1388546595.876802348 0 0 0 26.363 0 0  0 -0.000349555 2
1388546595.976889332 0 0 0 26.364 0 0  0 0.000174285 2
1388546596.076971528 0 0 0 26.36 0 0  0 -0.000697508 2
1388546596.176871247 0 0 0 26.36 0 0  0 0 2
1388546596.276800799 0 0 0 26.358 0 0  0 -0.000349453 2
1388546596.376866777 0 0 0 26.358 0 0  0 0 2
1388546596.476814029 0 0 0 26.356 0 0  0 -0.000349058 2
1388546596.576881028 0 0 0 26.354 0 0  0 -0.000348973 2
1388546596.676723275 0 0 0 26.35 0 0  0 -0.000699184 2
1388546596.776819750 0 0 0 26.349 0 0  0 -0.000174269 2
1388546596.876797963 0 0 0 26.348 0 0  0 -0.000174808 2
1388546596.976836077 0 0 0 26.347 0 0  0 -0.000174371 2
1388546597.076867096 0 0 0 26.346 0 0  0 -0.000174383 2
1388546597.176839687 0 0 0 26.344 0 0  0 -0.000349303 2
1388546597.276897189 0 0 0 26.341 0 0  0 -0.000523343 2
1388546597.376810831 0 0 0 26.339 0 0  0 -0.000349176 2
1388546597.476895846 0 0 0 26.339 0 0  0 0 2
1388546597.676914624 0 0 0 26.338 0 0  0 -8.73768e-05 2
1388546597.776878588 0 0 0 26.336 0 0  0 -0.000349 2
1388546597.876868767 0 0 0 26.335 0 0  0 -0.000174787 2
1388546597.976892631 0 0 0 26.33 0 0  0 -0.00087231 2
1388546598.076893581 0 0 0 26.325 0 0  0 -0.00087251 2
1388546598.176720720 0 0 0 26.32 0 0  0 -0.000874362 2
1388546598.276789256 0 0 0 26.319 0 0  0 -0.000174318 2
1388546598.376827129 0 0 0 26.316 0 0  0 -0.000523446 2
1388546598.476841362 0 0 0 26.313 0 0  0 -0.00052357 2
1388546598.576962156 0 0 0 26.313 0 0  0 0 2
1388546598.676898815 0 0 0 26.312 0 0  0 -0.000174548 2
1388546598.776723480 0 0 0 26.309 0 0  0 -0.000524564 2
1388546598.876826100 0 0 0 26.305 0 0  0 -0.000697365 2
1388546598.976832598 0 0 0 26.303 0 0  0 -0.000349184 2
1388546599.076800317 0 0 0 26.304 0 0  0 0.000174826 2
1388546599.176866064 0 0 0 26.302 0 0  0 -0.000348978 2
1388546599.276828496 0 0 0 26.298 0 0  0 -0.000698343 2
1388546599.376825042 0 0 0 26.295 0 0  0 -0.000523662 2
1388546599.476802402 0 0 0 26.295 0 0  0 0 2
1388546599.576855932 0 0 0 26.295 0 0  0 0 2
1388546599.676870958 0 0 0 26.291 0 0  0 -0.000697976 2
1388546599.776817851 0 0 0 26.29 0 0  0 -0.00017453 2
1388546599.976895247 0 0 0 26.29 0 0  0 0 2
1388546600.351380164 0 0 0 26.288 0 0  0 -9.325e-05 2
1388546600.360768536 0 0 0 26.288 0 0  0 0 2
1388546600.476891992 0 0 0 26.283 0 0  0 -0.000751371 2
1388546600.576867534 0 0 0 26.281 0 0  0 -0.000349292 2
1388546600.676898087 0 0 0 26.281 0 0  0 0 2
1388546600.776906273 0 0 0 26.281 0 0  0 0 2
1388546600.876909131 0 0 0 26.279 0 0  0 -0.000349197 2
1388546601.076900323 0 0 0 26.278 0 0  0 -8.72224e-05 2
1388546601.176910924 0 0 0 26.278 0 0  0 0 2
1388546601.276887996 0 0 0 26.277 0 0  0 -0.000174477 2
1388546601.376866843 0 0 0 26.276 0 0  0 -0.000174807 2
1388546601.476860753 0 0 0 26.26 0 0  0 -0.00279249 2
1388546601.576891525 0 0 0 26.256 0 0  0 -0.000697866 2
1388546601.676872845 0 0 0 26.255 0 0  0 -0.000174803 2
1388546601.776840114 0 0 0 26.252 0 0  0 -0.000523482 2
1388546601.876855912 0 0 0 26.25 0 0  0 -0.000349152 2
1388546601.976862974 0 0 0 26.248 0 0  0 -0.000349182 2
1388546602.076899011 0 0 0 26.249 0 0  0 0.000174707 2
1388546602.176894183 0 0 0 26.249 0 0  0 0 2
1388546602.276897188 0 0 0 26.249 0 0  0 0 2
1388546602.376896828 0 0 0 26.247 0 0  0 -0.000349208 2
1388546602.476830336 0 0 0 26.244 0 0  0 -0.000523992 2
1388546602.576951649 0 0 0 26.243 0 0  0 -0.000174226 2
1388546602.676894500 0 0 0 26.243 0 0  0 0 2
1388546602.776924937 -0.00018637 0.00153123 0.009 26.241 0 0.0153076  0.0899726 -0.000349101 7
1388546602.876941663 -0.000841145 0.00737734 0.153 26.239 0 0.0584513  1.43976 -0.000348816 7
1388546602.976856448 -0.00174624 0.0153525 0.307 26.235 0 0.07982  1.54131 -0.000698676 7
1388546603.076882579 -0.00265665 0.0234114 0.314 26.234 0 0.0805675  0.0699817 -0.000174724 7
1388546603.176884773 -0.00359668 0.0322988 0.41 26.235 0 0.0888724  0.959979 0.000174766 7
1388546603.376897124 -0.00509636 0.0532049 0.623 26.154 0 0.104524  1.06493 -0.00706826 7
1388546603.476899007 -0.00563658 0.0639623 0.661 26.317 0 0.107572  0.379993 0.0284483 7
1388546603.576841348 -0.00640278 0.0767633 1.065 26.188 0 0.128083  4.04233 -0.0225277 7
1388546603.676890408 -0.00687833 0.0903266 1.374 26.201 0 0.135567  3.08848 0.0022679 7
1388546603.776897744 -0.00698661 0.0986078 0.231 26.224 0 0.0828054  -11.4292 0.00401409 7
1388546603.876812462 -0.0067323 0.107176 0.185 26.214 0 0.0857573  -0.460393 -0.00174686 7
1388546603.976893957 -0.0064173 0.116329 0.191 26.2 0 0.0914563  0.0599511 -0.00244146 7
1388546604.076869833 -0.00584603 0.125451 0.18 26.226 0 0.091242  -0.110027 0.00453879 7
1388546604.176897703 -0.00496365 0.135224 0.165 26.223 0 0.0976988  -0.149958 -0.000523498 7
1388546604.276890035 -0.00424051 0.147752 0.209 26.237 0 0.125295  0.440034 0.00244364 7
1388546604.376910914 -0.00311277 0.161621 0.229 26.178 0.011275 0.138657  0.199958 -0.0102953 7
1388546604.476865303 -0.00186978 0.175641 0.228 26.143 0.0124356 0.140266  -0.0100046 -0.00611141 7
1388546604.576850712 -0.000307921 0.189747 0.218 26.228 0.0156209 0.141075  -0.100015 0.0148376 7
1388546604.676831089 0.00126236 0.204199 0.221 26.185 0.0157059 0.144549  0.0300059 -0.00750659 7
1388546604.776880345 0.00343963 0.21834 0.184 26.304 0.021762 0.14134  -0.369818 0.0207594 7
1388546604.876864298 0.00587985 0.23263 0.16 26.192 0.0244061 0.142926  -0.240039 -0.0195511 7
1388546605.076885074 0.0110135 0.261883 0.123 25.909 0.0256658 0.14625  -0.184981 -0.0246938 7
1388546605.176859874 0.0138846 0.277645 0.219 25.414 0.0287177 0.157656  0.960242 -0.0864157 7
1388546605.276896467 0.0166237 0.293366 0.211 25.324 0.0273815 0.157158  -0.0799707 -0.0157022 7
1388546605.651828227 0.0229229 0.346668 0.2 26.46 0.0168008 0.142165  -0.0293387 0.0528814 7
1388546605.754481953 0.0244033 0.361255 0.222 26.622 0.0144209 0.142091  0.214313 0.0275435 7
1388546605.854491217 0.0276272 0.374137 0.194 26.338 0.0322368 0.128815  -0.279974 -0.0495628 7
1388546605.954515219 0.0394644 0.368529 0.168 26.22 0.118343 -0.0560638  -0.259938 -0.0205899 7
1388546606.054513737 0.0626473 0.35523 0.112 25.758 0.231833 -0.132999  -0.560008 -0.0806354 7
1388546606.154513622 0.0813798 0.337039 0.119 25.544 0.187325 -0.181906  0.0700001 -0.0373499 7
1388546606.354457550 0.110886 0.303957 0.164 23.558 0.147574 -0.165456  0.225063 -0.17336 7
1388546606.554453850 0.111629 0.297822 0.415 23.251 0 -0.0306743  1.25502 -0.0267914 7
1388546606.654622875 0.111747 0.295424 0.457 23.261 0 -0.0239423  0.419291 0.00174242 7
1388546606.754443638 0.107768 0.298476 0.918 23.514 -0.0398641 0.0305754  4.61828 0.0442362 7
1388546606.854364270 0.105807 0.303305 1.02 23.632 -0.0196236 0.0483241  1.02081 0.0206112 7
1388546606.954507612 0.103121 0.308983 1.027 23.69 -0.0268227 0.056705  0.0698998 0.0101085 7
1388546607.054443546 0.101381 0.313775 1.024 23.723 -0.0174126 0.0479461  -0.0300192 0.00576311 7
1388546607.154445398 0.100543 0.319413 1.013 23.739 0 0.0563748  -0.109998 0.00279261 7
1388546607.254504845 0.101004 0.32377 1.001 23.755 0 0.0435487  -0.119929 0.00279067 7
1388546607.354352177 0.103219 0.327195 0.992 23.779 0.0221852 0.0342998  -0.0901376 0.00419522 7
1388546607.454402826 0.106462 0.329152 0.992 23.821 0.0324157 0.019559  0 0.00732664 7
1388546607.554447387 0.109194 0.330752 0.996 23.822 0.0273055 0.0159922  0.0399822 0.000174692 7
1388546607.654510353 0.113195 0.332716 0.999 23.836 0.0399823 0.0196294  0.0299811 0.00244191 7
1388546607.754342025 0.115791 0.335097 1.013 23.823 0.0260057 0.0238566  0.140236 -0.00227284 7
1388546607.854447601 0.11831 0.337945 1.009 23.773 0.0251689 0.028447  -0.0399578 -0.00871731 7
1388546607.954438027 0.121739 0.339123 1.003 23.756 0.0342899 0.01178  -0.0600057 -0.00296738 7
1388546608.054438612 0.124198 0.339502 1.001 23.754 0.0245859 0  -0.0199999 -0.000349205 7
1388546608.154509043 0.127708 0.339676 1 23.716 0.0350759 0  0 -0.0066276 7
1388546608.254444318 0.130732 0.340357 1.001 23.758 0.0302645 0  0.0100065 0.0073351 7
1388546608.354515629 0.132291 0.339724 1.005 23.784 0.015573 0  0.0399715 0.00453479 7
1388546608.454513781 0.134702 0.339023 1.006 23.818 0.0241134 0  0.0100002 0.0059343 7
1388546608.554469325 0.137045 0.337779 1.007 23.869 0.0234362 -0.0124408  0.0100044 0.00890491 7
1388546608.654513182 0.137923 0.336928 1.005 23.897 0 0  -0.0199912 0.00488476 7
1388546608.754484529 0.139013 0.33616 1.008 23.936 0.0109002 0  0.0300086 0.00680899 7
1388546608.854498117 0.140672 0.336062 1.011 23.956 0.0165875 0  0.0299959 0.00348993 7
1388546608.954517268 0.142634 0.335507 1.01 23.983 0.0196189 0  0 0.00471156 7
1388546609.054497813 0.142645 0.335465 1.01 24.066 0 0  0 0.0144891 4
1388546610.154859986 7.51171 -0.364552 0.99 -179.795 0 0  -0.0181758 -3.23352 4
1388546610.255555910 7.5125 -0.366053 0.984 -179.746 0 -0.0149124  -0.0595853 0.00849297 3
1388546610.356209837 7.51376 -0.367884 0.983 -179.741 0.0125486 -0.0181833  0 0.00086718 3
1388546610.456752346 7.51501 -0.369898 0.979 -179.695 0.0124137 -0.0200396  -0.0397842 0.00798511 3
1388546610.557304358 7.51634 -0.372998 0.977 179.475 0.0132155 -0.0308234  -0.0198902 62.3429 3
1388546610.657920773 7.51674 -0.377489 0.973 177.661 0 -0.0446388  -0.0397549 -0.314663 3
1388546610.943818870 7.4724 -0.366715 0.959 172.664 -0.155092 0.0376864  -0.0489685 -0.305053 3
1388546611.055332526 7.43721 -0.355279 0.954 170.816 -0.315528 0.102549  -0.0448376 -0.289235 3
1388546611.155971159 7.39688 -0.341761 0.952 170.168 -0.400785 0.134321  -0.0198731 -0.11238 3
1388546611.256510239 7.34321 -0.320321 0.946 168.992 -0.533821 0.213248  -0.0596783 -0.20415 3
1388546611.357187916 7.27951 -0.291879 0.948 168.168 -0.632631 0.282512  0.0198654 -0.142847 3
1388546611.457771637 7.21295 -0.261568 0.945 167.859 -0.661823 0.301351  -0.0298259 -0.0536177 3
1388546611.558405942 7.14071 -0.230966 0.941 167.822 -0.717815 0.304093  -0.0397479 -0.00641713 3
1388546611.659114897 7.06776 -0.200822 0.948 167.855 -0.724381 0.29931  0.0695072 0.00571904 3
1388546611.759926103 6.99201 -0.17516 0.92 168.142 -0.751392 0.254562  -0.277747 0.049688 3
1388546611.860664153 6.9192 -0.154027 0.909 168.347 -0.722772 0.209778  -0.109194 0.0355171 3
1388546611.961282087 6.86243 -0.139569 0.893 168.807 -0.564197 0.143694  -0.159017 0.0797921 3
1388546612.061638202 6.81119 -0.129993 0.884 169.156 -0.510578 0.0954168  -0.0896806 0.0606958 3
1388546612.162296141 6.76561 -0.125076 0.873 169.506 -0.452811 0.0488489  -0.109281 0.0606871 3
1388546612.263157390 6.7241 -0.126093 0.856 169.958 -0.411509 -0.0100812  -0.168548 0.0782154 3
1388546612.363825224 6.6896 -0.132332 0.844 170.23 -0.34271 -0.0619778  -0.119204 0.0471579 3
1388546612.464393749 6.65801 -0.139086 0.839 170.445 -0.314116 -0.0671571  -0.0497173 0.0373125 3
1388546612.564977846 6.62362 -0.147909 0.826 170.773 -0.341966 -0.0877126  -0.129245 0.0569144 3
1388546612.665603062 6.58822 -0.155898 0.827 170.821 -0.351769 -0.0793989  0 0.00832559 3
1388546612.766216820 6.55349 -0.162248 0.825 170.85 -0.345206 -0.0631154  -0.019878 0.00503063 3
1388546612.866891555 6.51609 -0.169089 0.825 170.86 -0.371489 -0.0679487  0 0.00173351 3
1388546612.967556176 6.46415 -0.164497 0.81 170.623 -0.516016 0.0456218  -0.14901 -0.0410911 3
1388546613.068123385 6.41112 -0.157791 0.808 170.554 -0.527216 0.0666772  -0.0198872 -0.0119749 3
1388546613.168663206 6.35539 -0.147182 0.805 170.305 -0.554317 0.105522  -0.0298389 -0.0432253 3
1388546613.269273415 6.2951 -0.136282 0.803 170.261 -0.599264 0.10834  -0.0198787 -0.00763298 3
1388546613.370043489 6.23382 -0.123837 0.801 170.074 -0.608123 0.123491  -0.0198472 -0.0323881 3
1388546613.470631954 6.17544 -0.112727 0.806 170.065 -0.580379 0.110455  0.0497075 -0.00156174 3
1388546613.571156091 6.11455 -0.102779 0.811 170.295 -0.605745 0.0989657  0.0497393 0.0399334 3
1388546613.671723260 6.05456 -0.0934797 0.813 170.513 -0.596531 0.0924642  0.0198872 0.0378337 3
1388546613.772313612 5.99619 -0.0858188 0.815 170.62 -0.580271 0.0761594  0.0198826 0.0185653 3
1388546613.872960481 5.94017 -0.0791702 0.817 170.963 -0.556539 0.0660581  0.0198715 0.0594801 3
1388546613.973583781 5.88463 -0.0743605 0.817 171.201 -0.551969 0.0477995  0 0.0412815 3
1388546614.074176454 5.83091 -0.0709658 0.818 171.55 -0.534027 0.0337473  0 0.0605531 3
1388546614.174792054 5.77693 -0.0686914 0.819 171.836 -0.536489 0.0226043  0 0.0496111 3
1388546614.275428033 5.7236 -0.0662526 0.81 172.316 -0.529942 0.024234  -0.0894312 0.0832463 3
1388546614.375974255 5.67018 -0.064196 0.816 172.412 -0.531351 0.0204542  0.059674 0.0166643 3
1388546614.476601995 5.61614 -0.0615104 0.812 172.541 -0.537062 0.026689  -0.0397505 0.0223742 3
1388546614.577258542 5.56182 -0.059352 0.812 172.564 -0.539576 0.0214429  0 0.00398787 3
1388546614.677871823 5.50686 -0.0570391 0.811 172.596 -0.546233 0.0229882  0 0.00555127 3
1388546614.778457485 5.45153 -0.0524393 0.801 172.699 -0.550129 0.0457298  -0.0994177 0.017872 3
1388546614.879003144 5.39624 -0.0492198 0.795 172.757 -0.549852 0.0320204  -0.0596744 0.0100681 3
1388546614.979602715 5.34189 -0.0460887 0.78 172.877 -0.540283 0.0311244  -0.149106 0.0208193 3
1388546615.080285772 5.28693 -0.0445865 0.782 172.934 -0.545935 0.0149199  0.0198643 0.00988075 3
1388546615.180924527 5.23386 -0.0441695 0.788 173.118 -0.527335 0  0.0596192 0.0319102 3
1388546615.281468651 5.18171 -0.0454328 0.785 173.166 -0.518644 -0.0125646  -0.0298376 0.0083323 3
1388546615.381981994 5.13031 -0.046112 0.791 173.269 -0.511355 0  0.0596936 0.0178849 3
1388546615.482575192 5.07989 -0.0475149 0.769 173.334 -0.501256 -0.0139459  -0.218703 0.0112778 3
1388546615.583153770 5.0314 -0.0475066 0.774 173.456 -0.482126 0  0.0497124 0.0211705 3
1388546615.683680814 4.98365 -0.0456615 0.774 173.588 -0.474987 0.0183543  0 0.0229176 3
1388546615.784303357 4.93855 -0.0425811 0.774 173.789 -0.448193 0.0306137  0 0.0348641 3
1388546615.884863073 4.89598 -0.0383029 0.775 173.786 -0.423332 0.0425433  0 -0.000520729 3
1388546616.251007891 4.72855 -0.0190432 0.789 174.376 -0.457283 0.0526014  0.0382362 0.028124 3
1388546616.351568003 4.68347 -0.0153217 0.801 174.631 -0.448242 0.0370072  0.119332 0.0442582 3
1388546616.452145721 4.6371 -0.0116051 0.806 174.726 -0.46105 0.036953  0.0497128 0.0164853 3
1388546616.552695034 4.58383 -0.00988114 0.803 174.955 -0.529775 0.0171452  -0.0298361 0.0397497 3
1388546616.653168785 4.52802 -0.0111831 0.802 175.049 -0.555489 -0.0129584  0 0.0163287 3
1388546616.753639966 4.47155 -0.0104926 0.8 175.147 -0.562071 0  -0.0199062 0.0170239 3
1388546616.854158928 4.41652 -0.0097153 0.791 175.308 -0.547422 0  -0.0895353 0.0279549 3
1388546616.954638543 4.36178 -0.00794821 0.783 175.467 -0.544803 0.0175865  -0.0796181 0.0276183 3
1388546617.055195585 4.30683 -0.00493973 0.778 175.585 -0.546508 0.0299182  -0.049723 0.0204805 3
1388546617.155869274 4.25248 -0.00166337 0.777 175.663 -0.539775 0.0325444  0 0.0135226 3
1388546617.256521546 4.19798 0.00296292 0.775 175.806 -0.541512 0.0459631  -0.0198704 0.0247964 3
1388546617.357154573 4.14474 0.00755681 0.772 176.208 -0.529058 0.0456499  -0.0298113 0.069721 3
1388546617.457751664 4.09311 0.00477658 0.766 176.857 -0.513181 -0.0276373  -0.0596439 0.1126 3
1388546617.558362226 4.04206 -0.00133794 0.766 177.298 -0.507442 -0.0607741  0 0.0765019 3
1388546617.658925031 3.98888 -0.0114973 0.763 177.552 -0.528778 -0.101025  -0.0298321 0.0440832 3
1388546617.759347701 3.93903 -0.0228209 0.755 177.789 -0.496479 -0.112759  -0.0796633 0.0411901 3
1388546617.859915436 3.88669 -0.0340619 0.748 177.812 -0.52041 -0.111776  -0.0696048 0.00399172 3
1388546617.960421134 3.8331 -0.0447962 0.74 177.739 -0.533199 -0.106803  -0.0795975 -0.0126768 3
1388546618.060974000 3.78604 -0.0499829 0.733 177.531 -0.468048 -0.0515814  -0.0696151 -0.0361033 3
1388546618.161471676 3.73607 -0.0517987 0.726 177.287 -0.497173 -0.0180681  -0.0696534 -0.0423751 3
1388546618.261990890 3.69263 -0.050079 0.72 177.041 -0.432198 0.0171078  -0.0596901 -0.0427134 3
1388546618.362578489 3.64786 -0.0478304 0.709 176.696 -0.445107 0.0223552  -0.109357 -0.0598623 3
1388546618.463172865 3.59989 -0.0546934 0.705 176.375 -0.476796 -0.0682248  -0.0397637 -0.0556939 3
1388546618.563822284 3.55552 -0.0641032 0.701 176.029 -0.440832 -0.0934911  -0.0397419 -0.0599989 3
1388546618.664525646 3.51395 -0.073242 0.697 175.7 -0.412861 -0.0907498  -0.0397206 -0.05702 3
1388546618.765169104 3.46788 -0.0816672 0.696 175.221 -0.457684 -0.083713  0 -0.0830668 3
1388546618.865732709 3.41405 -0.0874955 0.694 174.649 -0.535302 -0.0579561  -0.0198879 -0.0992734 3
1388546618.966262844 3.36168 -0.0870435 0.694 174.059 -0.520958 0  0 -0.102431 3
1388546619.066683959 3.30761 -0.0811187 0.693 173.414 -0.538479 0.0589995  0 -0.112102 3
1388546619.167082530 3.26442 -0.0792627 0.697 172.891 -0.430138 0.0184864  0.0398412 -0.0909181 3
1388546619.267496486 3.21629 -0.0794559 0.7 172.454 -0.479275 0  0.0298763 -0.0759565 3
1388546619.367945696 3.15679 -0.0790917 0.704 172.063 -0.592416 0  0.0398211 -0.0679373 3
1388546619.468559892 3.10432 -0.0709629 0.71 171.812 -0.521513 0.0807912  0.0596337 -0.0435402 3
1388546619.569075561 3.05529 -0.0632237 0.714 171.673 -0.487735 0.0769952  0.0397948 -0.0241356 3
1388546619.669766733 2.99633 -0.0615217 0.716 171.655 -0.585589 0.0169028  0.0198627 -0.00312013 3
1388546619.770393854 2.9687 -0.067046 0.72 171.753 -0.274506 -0.0548988  0.0397507 0.0169977 3
1388546619.870987190 2.95722 -0.0768056 0.721 171.84 -0.114197 -0.0970201  0 0.0150948 3
1388546619.971493184 2.94882 -0.0863334 0.706 171.946 -0.0835234 -0.0947979  -0.149245 0.0184072 3
1388546620.072030320 2.93842 -0.0964314 0.705 172.153 -0.103486 -0.100441  0 0.0359354 3
1388546620.172682356 2.89352 -0.0976522 0.73 172.329 -0.446087 -0.0121287  0.24838 0.0305189 3
1388546620.273194269 2.83892 -0.100162 0.734 172.447 -0.543152 -0.0249664  0.0397963 0.02049 3
1388546620.373660087 2.78494 -0.104887 0.745 172.372 -0.537353 -0.0470382  0.10949 -0.0130294 3
1388546620.474176349 2.72699 -0.11112 0.746 172.282 -0.576484 -0.0620107  0 -0.0156273 3
1388546620.574711386 2.67009 -0.116708 0.734 172.258 -0.566027 -0.0555799  -0.119361 -0.00416653 3
1388546620.675308927 2.61654 -0.106616 0.733 172.294 -0.532298 0.100326  0 0.00624607 3
1388546620.775629820 2.56268 -0.0642916 0.727 172.338 -0.536829 0.421886  -0.0598081 0.00765466 3
1388546620.876205295 2.5123 -0.0428175 0.719 172.56 -0.500954 0.213513  -0.0795423 0.0385246 3
1388546620.976808725 2.47484 -0.0509485 0.709 172.978 -0.372391 -0.0808223  -0.0994002 0.0725174 3
1388546621.077401416 2.42969 -0.0683957 0.708 173.403 -0.44886 -0.173444  0 0.0737393 3
1388546621.178000287 2.37699 -0.082008 0.705 173.666 -0.523847 -0.135313  -0.0298214 0.045629 3
1388546621.551693847 2.11938 0.182934 0.695 172.808 -0.689344 0.708981  -0.0267599 -0.0400727 3
1388546621.652620738 2.04992 0.255952 0.698 172.661 -0.688294 0.723479  0.0297245 -0.0254209 3
1388546621.753187277 1.9803 0.328715 0.698 172.432 -0.692256 0.723526  0 -0.0397429 3
1388546621.853786964 1.92058 0.423368 0.701 174.082 -0.593611 0.940888  0.0298212 0.286263 3
1388546621.954427144 1.86196 0.516395 0.703 174.502 -0.582495 0.924359  0.0198728 0.0728376 3
1388546622.055067898 1.80851 0.599643 0.705 176.497 -0.531087 0.827177  0.0198727 0.345976 3
1388546622.155716795 1.76107 0.641248 0.714 -179.354 -0.471312 0.413371  0.0894198 -61.7073 3
1388546622.256330827 1.71684 0.675208 0.719 -176.401 -0.439654 0.337524  0.0496949 0.512251 3
1388546622.356980412 1.70347 0.679566 0.725 -169.792 -0.13277 0.0432974  0.0596128 1.14604 3
1388546622.457714092 1.69285 0.679185 0.727 -169.121 -0.105446 0  0.0198543 0.116259 3
1388546622.558381567 1.68492 0.67209 0.731 -167.214 -0.0787908 -0.0704797  0.0397348 0.330628 3
1388546622.759624296 1.66906 0.654492 0.728 -164.899 -0.0788051 -0.0874469  -0.0149074 0.200774 3
1388546622.960783213 1.64128 0.623525 0.72 -161.437 -0.138111 -0.15394  -0.0397696 0.300376 3
1388546623.061395092 1.60656 0.571545 0.729 -158.498 -0.345049 -0.516647  0.0894527 0.509833 3
1388546623.161968815 1.57385 0.498331 0.749 -156.694 -0.32522 -0.727963  0.198859 0.313061 3
1388546623.252294879 1.54173 0.430474 0.749 -156.69 -0.355595 -0.751245  0 0.000772477 8
1388546623.352316536 1.50652 0.355864 0.758 -156.967 -0.352033 -0.745938  0.0899805 -0.0483352 8
1388546623.452316252 1.46493 0.281382 0.767 -157.409 -0.415931 -0.744816  0.0900003 -0.0771433 8
1388546623.552245646 1.40326 0.196174 0.791 -158.83 -0.617181 -0.852684  0.24017 -0.248187 8
1388546623.652268217 1.33737 0.109725 0.794 -159.072 -0.658689 -0.8643  0.0299932 -0.0422275 8
1388546623.752253824 1.29036 0.0483448 0.796 -159.238 -0.47024 -0.613887  0.0200029 -0.0289767 8
1388546623.852292866 1.24975 -3.2973e-06 0.789 -159.591 -0.405883 -0.483292  -0.0699727 -0.0615862 8
1388546623.952299121 1.21386 -0.0348155 0.777 -159.749 -0.358844 -0.348101  -0.119992 -0.027574 8
1388546624.052322111 1.19531 -0.0451842 0.762 -159.605 -0.185485 -0.103662  -0.149966 0.0251265 8
1388546624.152054003 1.18117 -0.0449058 0.734 -159.599 -0.141764 0  -0.280753 0.0010501 4
1388546624.252370889 1.17161 -0.0454123 0.719 -159.904 -0.0952937 0  -0.149526 -0.0530644 4
1388546624.352325878 1.16463 -0.0457804 0.711 -160.171 -0.0698897 0  -0.080036 -0.046621 9
1388546624.452318304 1.15842 -0.0439171 0.668 -160.677 -0.0621268 0.0186339  -0.430033 -0.0883204 9
1388546624.552273691 1.15651 -0.0430836 0.629 -160.778 -0.0190271 0  -0.390174 -0.017636 9
1388546624.652456067 1.15659 -0.0413192 0.572 -160.725 0 0.0176121  -0.568962 0.00923365 9
1388546624.752267265 1.15638 -0.0401258 0.505 -160.605 0 0.0119565  -0.671267 0.0209834 9
1388546624.852315484 1.15719 -0.0407876 0.41 -160.544 0 0  -0.949542 0.0106415 9
1388546624.952255400 1.15532 -0.0438521 0.335 -160.359 -0.0187064 -0.030664  -0.750451 0.0323082 9
1388546625.052367718 1.15292 -0.0433443 0.252 -160.052 -0.0240278 0  -0.829069 0.0535214 9
1388546625.152173580 1.14947 -0.0398825 0.193 -159.663 -0.0345479 0.0346856  -0.591148 0.0680254 9
1388546625.252289215 1.15159 -0.0208418 0.174 -159.181 0.0212271 0.190187  -0.189781 0.0840274 9
1388546625.352233615 1.15375 -0.0180705 0.098 -158.824 0.0215576 0.0277283  -0.760423 0.0623433 9
1388546625.452291764 1.15375 -0.0180705 0 -158.384 0 0  -0.97943 0.0767496 2
1388546625.552211451 1.15375 -0.0180705 0 -158.445 0 0  0 -0.0106552 2
1388546625.652198532 1.15375 -0.0180705 0 -158.457 0 0  0 -0.00209418 2
1388546625.752296725 1.15375 -0.0180705 0 -158.47 0 0  0 -0.00226679 2
1388546625.852196440 1.15375 -0.0180705 0 -158.466 0 0  0 0.000698449 2
1388546625.952217563 1.15375 -0.0180705 0 -158.472 0 0  0 -0.0010464 2
1388546626.052242254 1.15375 -0.0180705 0 -158.478 0 0  0 -0.00104703 2
1388546626.152244491 1.15375 -0.0180705 0 -158.481 0 0  0 -0.000523965 2
1388546626.252273380 1.15375 -0.0180705 0 -158.481 0 0  0 0 2
1388546626.352170374 1.15375 -0.0180705 0 -158.483 0 0  0 -0.000349234 2
1388546626.452229936 1.15375 -0.0180705 0 -158.485 0 0  0 -0.000348666 2
1388546626.552272980 1.15375 -0.0180705 0 -158.487 0 0  0 -0.00034939 2
1388546626.839428950 1.15375 -0.0180705 0 -158.494 0 0  0 -0.000425457 2
1388546626.852236882 1.15375 -0.0180705 0 -158.495 0 0  0 -0.00136195 2
1388546626.952249028 1.15375 -0.0180705 0 -158.498 0 0  0 -0.000523248 2
1388546627.052266859 1.15375 -0.0180705 0 -158.498 0 0  0 0 2
1388546627.152208220 1.15375 -0.0180705 0 -158.499 0 0  0 -0.000174539 2
1388546627.252218470 1.15375 -0.0180705 0 -158.501 0 0  0 -0.000349504 2
1388546627.352221693 1.15375 -0.0180705 0 -158.506 0 0  0 -0.000872157 2
1388546627.452237436 1.15375 -0.0180705 0 -158.505 0 0  0 0.00017441 2
1388546627.552217025 1.15375 -0.0180705 0 -158.508 0 0  0 -0.000524084 2
1388546627.652291332 1.15375 -0.0180705 0 -158.511 0 0  0 -0.000522923 2
1388546627.752222915 1.15375 -0.0180705 0 -158.512 0 0  0 -0.000174556 2
1388546627.852281361 1.15375 -0.0180705 0 -158.511 0 0  0 0.000174335 2
1388546627.952248821 1.15375 -0.0180705 0 -158.512 0 0  0 -0.000174494 2
1388546628.052215632 1.15375 -0.0180705 0 -158.514 0 0  0 -0.000349656 2
1388546628.152297089 1.15375 -0.0180705 0 -158.517 0 0  0 -0.000522885 2
1388546628.252285439 1.15375 -0.0180705 0 -158.517 0 0  0 0 2
1388546628.352220595 1.15375 -0.0180705 0 -158.52 0 0  0 -0.000523651 2
1388546628.452209402 1.15375 -0.0180705 0 -158.522 0 0  0 -0.000349579 2
1388546628.552273558 1.15375 -0.0180705 0 -158.525 0 0  0 -0.000522976 2
1388546628.652268207 1.15375 -0.0180705 0 -158.523 0 0  0 0.000348893 2
1388546628.752199874 1.15375 -0.0180705 0 -158.522 0 0  0 0.000174556 2
1388546628.852303615 1.15375 -0.0180705 0 -158.524 0 0  0 -0.000348513 2
1388546628.952265441 1.15375 -0.0180705 0 -158.522 0 0  0 0.000349007 2
1388546629.052386099 1.15375 -0.0180705 0 -158.526 0 0  0 -0.000696907 2
1388546629.152278769 1.15375 -0.0180705 0 -158.527 0 0  0 -0.000174624 2
1388546629.252319867 1.15375 -0.0180705 0 -158.529 0 0  0 -0.000349396 2
1388546629.352332361 1.15375 -0.0180705 0 -158.53 0 0  0 -0.000174415 2
1388546629.452327305 1.15375 -0.0180705 0 -158.532 0 0  0 -0.000348892 2
1388546629.552330266 1.15375 -0.0180705 0 -158.533 0 0  0 -0.000174432 2
1388546629.652328601 1.15375 -0.0180705 0 -158.533 0 0  0 0 2
1388546629.752276721 1.15375 -0.0180705 0 -158.535 0 0  0 -0.000349721 2
1388546629.852265968 1.15375 -0.0180705 0 -158.535 0 0  0 0 2
1388546629.952300067 1.15375 -0.0180705 0 -158.535 0 0  0 0 2
1388546630.052201483 1.15375 -0.0180705 0 -158.538 0 0  0 -0.000523828 2
1388546630.152284601 1.15375 -0.0180705 0 -158.542 0 0  0 -0.000697834 2
1388546630.252336283 1.15375 -0.0180705 0 -158.546 0 0  0 -0.000697388 2
1388546630.352248663 1.15375 -0.0180705 0 -158.546 0 0  0 0 2
1388546630.452306077 1.15375 -0.0180705 0 -158.547 0 0  0 -0.000174337 2
1388546630.552307716 1.15375 -0.0180705 0 -158.549 0 0  0 -0.000349534 2
1388546630.652323233 1.15375 -0.0180705 0 -158.55 0 0  0 -0.00017441 2
1388546630.752364862 1.15375 -0.0180705 0 -158.551 0 0  0 -0.000174364 2
1388546630.852321841 1.15375 -0.0180705 0 -158.549 0 0  0 0.000349024 2
1388546630.952281427 1.15375 -0.0180705 0 -158.549 0 0  0 0 2
1388546631.052313943 1.15375 -0.0180705 0 -158.552 0 0  0 -0.000523141 2
1388546631.152273957 1.15375 -0.0180705 0 -158.553 0 0  0 -0.000174507 2
1388546631.252277623 1.15375 -0.0180705 0 -158.554 0 0  0 -0.000174431 2
1388546631.352432004 1.15375 -0.0180705 0 -158.553 0 0  0 0.000174168 2
1388546631.452066863 1.15375 -0.0180705 0 -158.555 0 0  0 -0.000350153 2
1388546631.552210988 1.15375 -0.0180705 0 -158.557 0 0  0 -0.000349037 2
1388546631.652041479 1.15375 -0.0180705 0 -158.559 0 0  0 -0.000349466 2
1388546631.752286002 1.15375 -0.0180705 0 -158.564 0 0  0 -0.000870722 2
1388546631.852204832 1.15375 -0.0180705 0 -158.569 0 0  0 -0.000872894 2
1388546632.131356712 1.15375 -0.0180705 0 -158.576 0 0  0 -0.000437656 2
1388546632.139784617 1.15375 -0.0180705 0 -158.576 0 0  0 0 2
1388546632.152283956 1.15375 -0.0180705 0 -158.576 0 0  0 0 2
1388546632.252189903 1.15375 -0.0180705 0 -158.577 0 0  0 -0.000175268 2
1388546632.352637120 1.15375 -0.0180705 0 -158.578 0 0  0 -0.00017366 2
1388546632.452182644 1.15375 -0.0180705 0 -158.577 0 0  0 0.000175233 2
1388546632.552257269 1.15375 -0.0180705 0 -158.576 0 0  0 0.000174972 2
1388546632.652306413 1.15375 -0.0180705 0 -158.579 0 0  0 -0.00052372 2
1388546632.752242237 1.15375 -0.0180705 0 -158.582 0 0  0 -0.000523647 2
1388546632.852220228 1.15375 -0.0180705 0 -158.584 0 0  0 -0.000349617 2
1388546632.952279605 1.15375 -0.0180705 0 -158.585 0 0  0 -0.000174334 2
1388546633.052243136 1.15375 -0.0180705 0 -158.586 0 0  0 -0.000174501 2
1388546633.152230896 1.15375 -0.0180705 0 -158.589 0 0  0 -0.000523375 2
1388546633.252293766 1.15375 -0.0180705 0 -158.589 0 0  0 0 2
1388546633.352194974 1.15375 -0.0180705 0 -158.591 0 0  0 -0.000349886 2
1388546633.452276051 1.15375 -0.0180705 0 -158.592 0 0  0 -0.000174296 2
1388546633.652315491 1.15375 -0.0180705 0 -158.598 0 0  0 -0.000523541 2
1388546633.752286704 1.15375 -0.0180705 0 -158.6 0 0  0 -0.000348975 2
1388546633.852239228 1.15375 -0.0180705 0 -158.6 0 0  0 0 2
1388546633.952242314 1.15375 -0.0180705 0 -158.604 0 0  0 -0.000697727 2
1388546634.152314748 1.15375 -0.0180705 0 -158.605 0 0  0 -8.75197e-05 2
1388546634.252311713 1.15375 -0.0180705 0 -158.609 0 0  0 -0.000697769 2
1388546634.352291761 1.15375 -0.0180705 0 -158.609 0 0  0 0 2
1388546634.452245815 1.15375 -0.0180705 0 -158.611 0 0  0 -0.000349034 2
1388546634.552311802 1.15375 -0.0180705 0 -158.612 0 0  0 -0.000174987 2
1388546634.652301867 1.15375 -0.0180705 0 -158.613 0 0  0 -0.000174454 2
1388546634.752287116 1.15375 -0.0180705 0 -158.619 0 0  0 -0.00104744 2
1388546634.852274135 1.15375 -0.0180705 0 -158.618 0 0  0 0.000175126 2
1388546634.952299267 1.15375 -0.0180705 0 -158.618 0 0  0 0 2
1388546635.052204169 1.15375 -0.0180705 0 -158.618 0 0  0 0 2
1388546635.152306432 1.15375 -0.0180705 0 -158.621 0 0  0 -0.000523442 2
1388546635.252279492 1.15375 -0.0180705 0 -158.623 0 0  0 -0.000348968 2
1388546635.352302347 1.15375 -0.0180705 0 -158.624 0 0  0 -0.000174397 2
1388546635.452304484 1.15375 -0.0180705 0 -158.625 0 0  0 -0.000174433 2
1388546635.552299770 1.15375 -0.0180705 0 -158.627 0 0  0 -0.000349556 2
1388546635.652290527 1.15375 -0.0180705 0 -158.631 0 0  0 -0.000697813 2
1388546635.752305249 1.15375 -0.0180705 0 -158.631 0 0  0 0 2
1388546635.852213979 1.15375 -0.0180705 0 -158.633 0 0  0 -0.000349859 2
1388546635.952301380 1.15375 -0.0180705 0 -158.634 0 0  0 -0.000174285 2
1388546636.052299870 1.15375 -0.0180705 0 -158.633 0 0  0 0.00017444 2
1388546636.152295167 1.15375 -0.0180705 0 -158.633 0 0  0 0 2
1388546636.252159204 1.15375 -0.0180705 0 -158.636 0 0  0 -0.000524024 2
1388546636.352227128 1.15375 -0.0180705 0 -158.635 0 0  0 0.000174319 2
1388546636.452299864 1.15375 -0.0180705 0 -158.634 0 0  0 0.00017431 2
1388546636.552296373 1.15375 -0.0180705 0 -158.637 0 0  0 -0.000523329 2
1388546636.652248483 1.15375 -0.0180705 0 -158.635 0 0  0 0.000349041 2
1388546636.752210116 1.15375 -0.0180705 0 -158.639 0 0  0 -0.000698682 2
1388546636.852285181 1.15375 -0.0180705 0 -158.642 0 0  0 -0.000522919 2
1388546636.952241405 1.15375 -0.0180705 0 -158.647 0 0  0 -0.000873233 2
1388546637.052299490 1.15375 -0.0180705 0 -158.65 0 0  0 -0.000523007 2
1388546637.430246641 1.15375 -0.0180705 0 -158.653 0 0  0 -0.000138638 2
1388546637.530774350 1.15375 -0.0180705 0 -158.651 0 0  0 0.000347705 2
1388546637.630740768 1.15375 -0.0180705 0 -158.652 0 0  0 -0.000174496 2
1388546637.730775032 1.15375 -0.0180705 0 -158.657 0 0  0 -0.000872552 2
1388546637.830750730 1.15375 -0.0180705 0 -158.657 0 0  0 0 2
1388546637.930716656 1.15375 -0.0180705 0 -158.664 0 0  0 -0.00122214 2
1388546638.030789172 1.15375 -0.0180705 0 -158.665 0 0  0 -0.000174311 2
1388546638.130772446 1.15375 -0.0180705 0 -158.668 0 0  0 -0.000524065 2
1388546638.230793662 1.15375 -0.0180705 0 -158.673 0 0  0 -0.000872 2
1388546638.330781418 1.15375 -0.0180705 0 -158.672 0 0  0 0.000174458 2
1388546638.430705367 1.15375 -0.0180705 0 -158.672 0 0  0 0 2
1388546638.530777273 1.15375 -0.0180705 0 -158.672 0 0  0 0 2
1388546638.630719300 1.15375 -0.0180705 0 -158.674 0 0  0 -0.000349743 2
1388546638.730709021 1.15375 -0.0180705 0 -158.674 0 0  0 0 2
1388546638.830694517 1.15375 -0.0180705 0 -158.674 0 0  0 0 2
1388546638.930782511 1.15375 -0.0180705 0 -158.678 0 0  0 -0.000697135 2
1388546639.030793422 1.15375 -0.0180705 0 -158.677 0 0  0 0.000174418 2
1388546639.130781959 1.15375 -0.0180705 0 -158.677 0 0  0 0 2
1388546639.230794808 1.15375 -0.0180705 0 -158.677 0 0  0 0 2
1388546639.330719581 1.15375 -0.0180705 0 -158.682 0 0  0 -0.000873508 2
1388546639.430665772 1.15375 -0.0180705 0 -158.687 0 0  0 -0.000872655 2
1388546639.530706965 1.15375 -0.0180705 0 -158.689 0 0  0 -0.000349396 2
1388546639.630763626 1.15375 -0.0180705 0 -158.69 0 0  0 -0.000174338 2
1388546639.730695970 1.15375 -0.0180705 0 -158.693 0 0  0 -0.000523665 2
1388546639.830716446 1.15375 -0.0180705 0 -158.695 0 0  0 -0.000349468 2
1388546639.930779375 1.15375 -0.0180705 0 -158.696 0 0  0 -0.000174327 2
1388546640.030711709 1.15375 -0.0180705 0 -158.699 0 0  0 -0.000523665 2
1388546640.130697925 1.15375 -0.0180705 0 -158.702 0 0  0 -0.000524049 2
1388546640.230704686 1.15375 -0.0180705 0 -158.704 0 0  0 -0.000348851 2
1388546640.330711732 1.15375 -0.0180705 0 -158.705 0 0  0 -0.000174425 2
1388546640.430771338 1.15375 -0.0180705 0 -158.708 0 0  0 -0.000522999 2
1388546640.530756178 1.15375 -0.0180705 0 -158.71 0 0  0 -0.000349593 2
1388546640.630789246 1.15375 -0.0180705 0 -158.711 0 0  0 -0.000174379 2
1388546640.730751292 1.15375 -0.0180705 0 -158.713 0 0  0 -0.000349007 2
1388546640.830761680 1.15375 -0.0180705 0 -158.717 0 0  0 -0.000698341 2
1388546640.930715742 1.15375 -0.0180705 0 -158.72 0 0  0 -0.000523552 2
1388546641.030669108 1.15375 -0.0180705 0 -158.719 0 0  0 0.000174518 2
1388546641.130677346 1.15375 -0.0180705 0 -158.719 0 0  0 0 2
1388546641.230768785 1.15375 -0.0180705 0 -158.719 0 0  0 0 2
1388546641.330742781 1.15375 -0.0180705 0 -158.721 0 0  0 -0.000348965 2
1388546641.430852596 1.15375 -0.0180705 0 -158.721 0 0  0 0 2
1388546641.530767545 1.15375 -0.0180705 0 -158.722 0 0  0 -0.000174586 2
1388546641.630784221 1.15375 -0.0180705 0 -158.722 0 0  0 0 2
1388546641.730759007 1.15375 -0.0180705 0 -158.727 0 0  0 -0.000873071 2
1388546641.830709190 1.15375 -0.0180705 0 -158.729 0 0  0 -0.000349048 2
1388546641.930787997 1.15375 -0.0180705 0 -158.731 0 0  0 -0.000349265 2
1388546642.030715515 1.15375 -0.0180705 0 -158.733 0 0  0 -0.000349127 2
1388546642.130655709 1.15375 -0.0180705 0 -158.737 0 0  0 -0.000698832 2
1388546642.230752200 1.15375 -0.0180705 0 -158.738 0 0  0 -0.000174269 2
1388546642.330724198 1.15375 -0.0180705 0 -158.745 0 0  0 -0.00122207 2
1388546642.430679757 1.15375 -0.0180705 0 -158.747 0 0  0 -0.000349029 2
1388546642.722071670 1.15375 -0.0180705 0 -158.752 0 0  0 -0.000299545 2
1388546642.730696173 1.15375 -0.0180705 0 -158.752 0 0  0 0 2
1388546642.830915140 1.15375 -0.0180705 0 -158.754 0 0  0 -0.000348112 2
1388546642.930986685 1.15375 -0.0180705 0 -158.755 0 0  0 -0.000174312 2
1388546643.030999501 1.15375 -0.0180705 0 -158.757 0 0  0 -0.000349495 2
1388546643.130939198 1.15375 -0.0180705 0 -158.763 0 0  0 -0.00104725 2
1388546643.230948943 1.15375 -0.0180705 0 -158.764 0 0  0 -0.000175086 2
1388546643.330938500 1.15375 -0.0180705 0 -158.769 0 0  0 -0.000872276 2
1388546643.430946887 1.15375 -0.0180705 0 -158.772 0 0  0 -0.000523933 2
1388546643.530941561 1.15375 -0.0180705 0 -158.775 0 0  0 -0.000523339 2
1388546643.630937988 1.15375 -0.0180705 0 -158.779 0 0  0 -0.000698439 2
