1388303743.519127441 0.229271 -0.0100433 0.988 6.171 0.0388489 0  0.167412 0.01825 7
1388303743.619099025 0.229119 -0.00994661 0.967 6.232 0 0  -0.21006 0.0106495 7
1388303743.719096976 0.223777 -0.0116305 0.958 6.19 -0.053426 -0.0168388  -0.0900018 -0.0073305 7
1388303743.819098918 0.217834 -0.0146334 0.953 6.078 -0.0594308 -0.0300288  -0.049999 -0.0195473 7
1388303743.919103880 0.21137 -0.0187845 0.96 5.924 -0.0646294 -0.0415087  0.0699965 -0.0268768 7
1388303744.019092886 0.205306 -0.0234437 0.962 5.726 -0.0606559 -0.0465978  0.0200022 -0.0345613 7
1388303744.119097640 0.198674 -0.0288029 0.962 5.527 -0.0663076 -0.0535891  0 -0.0347304 7
1388303744.219100241 0.192577 -0.0342116 0.955 5.371 -0.0609772 -0.0540851  -0.0699982 -0.0272265 7
1388303744.319097109 0.18636 -0.0386056 0.952 5.254 -0.0621707 -0.0439415  -0.0300009 -0.0204209 7
1388303744.419103787 0.181425 -0.0430974 0.957 5.138 -0.0493389 -0.0449153  0.0499967 -0.0202445 7
1388303744.519097842 0.177373 -0.0454062 0.961 5.146 -0.0405314 -0.0230889  0.0400024 0.00139633 7
1388303744.619097190 0.173829 -0.0450422 0.966 5.217 -0.0354308 0  0.0500003 0.0123919 7
1388303744.719104256 0.170309 -0.0431093 0.971 5.297 -0.0352016 0.0193272  0.0499965 0.0139616 7
1388303744.819104568 0.167668 -0.0405491 0.977 5.456 -0.0264116 0.0256021  0.0599998 0.0277506 7
1388303744.919104352 0.165846 -0.0367827 0.974 5.567 -0.0182239 0.0376644  -0.0300001 0.0193732 4
1388303745.019170249 0.167907 -0.0161541 0.975 0.0360003 0 0.0436361  0 -0.964706 4
1388303745.119203376 0.168415 -0.0126864 0.969 0.000999928 0 0.0346649  -0.0599801 -0.00610669 4
1388303745.219196112 0.167582 -0.0107049 0.978 -0.0580001 0 0.0198169  0.0900065 -0.0102982 4
1388303745.319196227 0.167015 -0.0102848 0.972 -0.0499997 0 0  -0.0599999 0.00139633 4
1388303745.419140299 0.166328 -0.0111287 0.968 -0.0939999 0 0  -0.0400224 -0.00768377 4
1388303745.519141983 0.164417 -0.0132688 0.97 -0.12 -0.0191134 -0.0214006  0.0199997 -0.00453778 4
1388303745.619186880 0.162026 -0.0156174 0.952 -0.053 -0.0239042 -0.0234762  -0.179919 0.0116884 4
1388303745.719131481 0.157616 -0.0197777 0.948 0.052 -0.0441223 -0.0416255  -0.0400222 0.0183361 4
1388303745.819125163 0.151163 -0.0235678 0.95 0.147 -0.0645287 -0.037904  0.0200013 0.0165817 4
1388303745.919141345 0.143062 -0.0281213 0.947 0.293 -0.0810004 -0.0455273  -0.0299951 0.0254777 4
1388303746.019119414 0.13416 -0.0321265 0.941 0.437 -0.0890388 -0.0400605  -0.0600132 0.0251383 4
1388303746.119128202 0.125099 -0.0347313 0.938 0.585 -0.0906058 -0.0260461  -0.0299974 0.0258286 4
1388303746.219111058 0.116164 -0.0362482 0.943 0.759 -0.0893666 -0.0151716  0.0500086 0.030374 4
1388303746.419570618 0.100568 -0.0362895 0.949 1.037 -0.077797 0  0.0299312 0.0242044 3
1388303746.519950331 0.0941434 -0.0347166 0.954 1.232 -0.0640071 0.0156697  0.0498109 0.0339051 3
1388303746.620204418 0.0886245 -0.0337692 0.958 1.27 -0.0550485 0  0.0398986 0.00661546 3
1388303746.720515292 0.0835723 -0.0315418 0.962 0.32 -0.0503659 0.0222052  0.039876 -0.165292 3
1388303746.820808115 0.0803359 -0.0296303 0.965 -1.678 -0.0322693 0.019059  0.0299124 -0.347699 3
1388303746.921065858 0.0835152 -0.0303572 0.964 -3.724 0.0317111 0  0 -0.356176 3
1388303747.021326301 0.0945737 -0.0365255 0.961 -5.547 0.110298 -0.0615229  -0.0299221 -0.317347 3
1388303747.121593292 0.116741 -0.0486855 0.957 -7.131 0.22108 -0.121276  -0.0398935 -0.275724 3
1388303747.221910295 0.153323 -0.0651106 0.958 -8.484 0.364669 -0.163732  0 -0.235397 3
1388303747.322159803 0.201131 -0.0873294 0.956 -9.711 0.476884 -0.221635  -0.0199502 -0.213619 3
1388303747.422448764 0.260078 -0.111286 0.968 -10.857 0.587775 -0.238873  0.119654 -0.199438 3
1388303747.522690172 0.325055 -0.135886 0.976 -11.986 0.648209 -0.245413  0.0798073 -0.196573 3
1388303747.622950627 0.392527 -0.158023 0.98 -13.123 0.672966 -0.220791  0.0398961 -0.197928 3
1388303747.723216432 0.459046 -0.17982 0.98 -14.415 0.663426 -0.21739  0 -0.224899 3
1388303747.823472420 0.525484 -0.199883 0.976 -15.914 0.662686 -0.200123  -0.0398979 -0.260957 3
1388303747.923744294 0.587134 -0.219052 0.972 -17.579 0.614821 -0.191173  -0.0398915 -0.289809 3
1388303748.289887779 0.757946 -0.3013 0.944 -24.706 0.466519 -0.224631  -0.0764728 -0.339729 3
1388303748.390192566 0.797949 -0.326093 0.939 -26.647 0.398809 -0.247175  -0.0498481 -0.337739 3
1388303748.490428445 0.835535 -0.3537 0.929 -28.285 0.374976 -0.27543  -0.0997647 -0.285212 3
1388303748.590703416 0.876964 -0.386534 0.921 -29.711 0.413156 -0.327435  -0.0797806 -0.248201 3
1388303748.690953007 0.916828 -0.4224 0.919 -30.941 0.397643 -0.357772  -0.0199502 -0.214141 3
1388303748.791258172 0.954494 -0.459883 0.918 -31.955 0.375513 -0.373687  0 -0.176438 3
1388303748.891508104 0.992469 -0.5002 0.92 -32.854 0.378808 -0.402167  0.0199501 -0.156514 3
1388303748.991753693 1.029 -0.543699 0.925 -33.518 0.364419 -0.433917  0.0498775 -0.115606 3
1388303749.092007433 1.05617 -0.582345 0.93 -34.024 0.270995 -0.385481  0.0498735 -0.0880902 3
1388303749.192280070 1.08612 -0.619899 0.947 -34.3 0.298744 -0.374518  0.169538 -0.04804 3
1388303749.292523236 1.12674 -0.657303 0.946 -34.44 0.405159 -0.373136  0 -0.0243752 3
1388303749.392772702 1.1558 -0.688974 0.938 -34.476 0.289883 -0.315923  -0.0798009 -0.00626776 3
1388303749.493017174 1.19278 -0.723964 0.934 -34.527 0.368891 -0.34905  -0.0399024 -0.00887924 3
1388303749.593269574 1.23049 -0.760637 0.933 -34.533 0.376196 -0.365808  0 -0.00104465 3
1388303749.693561578 1.2707 -0.798074 0.937 -34.525 0.4009 -0.373271  0.0398835 0.0013921 3
1388303749.793820454 1.30559 -0.833374 0.946 -34.495 0.348014 -0.352097  0.0897676 0.00522259 3
1388303749.894075410 1.34541 -0.870781 0.951 -34.489 0.39716 -0.373119  0.0498728 0.00104429 3
1388303749.994358385 1.39135 -0.91138 0.951 -34.563 0.458145 -0.40484  0 -0.0128789 3
1388303750.094608626 1.42657 -0.942945 0.953 -34.642 0.35124 -0.314857  0.0199501 -0.0137538 3
1388303750.194903879 1.46699 -0.979653 0.954 -34.723 0.403045 -0.366005  0 -0.0140954 3
1388303750.295160537 1.50734 -1.01599 0.958 -34.801 0.402444 -0.362483  0.0398976 -0.0135786 3
1388303750.395412199 1.53986 -1.04709 0.96 -34.888 0.324426 -0.310164  0.0199498 -0.0151462 3
1388303750.495682314 1.57935 -1.08259 0.959 -35.008 0.393801 -0.354032  0 -0.0208877 3
1388303750.595932758 1.62175 -1.12016 0.962 -35.133 0.422938 -0.374805  0.0299251 -0.0217621 3
1388303750.696182544 1.66088 -1.15472 0.965 -35.296 0.390359 -0.344713  0.0299253 -0.028378 3
1388303750.796483897 1.69181 -1.18235 0.962 -35.457 0.308385 -0.275451  -0.0299099 -0.0280153 3
1388303750.896750253 1.72062 -1.20663 0.961 -35.713 0.287271 -0.242175  0 -0.0445618 3
1388303750.996994694 1.75764 -1.2391 0.957 -36.011 0.369298 -0.323943  -0.0399025 -0.051884 3
1388303751.097243882 1.7934 -1.26917 0.957 -36.302 0.356774 -0.299905  0 -0.0506629 3
1388303751.197567407 1.83601 -1.30504 0.955 -36.673 0.424659 -0.357555  -0.0199355 -0.064543 3
1388303751.297808801 1.8761 -1.33835 0.955 -37.038 0.399946 -0.332259  0 -0.0635511 3
1388303751.398046688 1.91174 -1.36659 0.957 -37.464 0.355547 -0.281768  0.0199525 -0.0741743 3
1388303751.498299774 1.95317 -1.39967 0.962 -37.881 0.413304 -0.329936  0.0498738 -0.0725965 3
1388303751.598545392 1.98717 -1.42834 0.962 -38.284 0.339113 -0.286051  0 -0.0701644 3
1388303751.698784321 2.0169 -1.45511 0.965 -38.728 0.296634 -0.267084  0.0299285 -0.077308 3
1388303751.799047354 2.06057 -1.48321 0.967 -39.067 0.43559 -0.280267  0.0199475 -0.0590116 3
1388303751.899323941 2.10549 -1.5105 0.967 -39.374 0.447923 -0.272061  0 -0.0534337 3
1388303751.999568750 2.14057 -1.53539 0.966 -39.645 0.349988 -0.248301  0 -0.0471829 3
1388303752.099823988 2.17995 -1.56998 0.967 -40.023 0.392758 -0.345069  0 -0.0658059 3
1388303752.200067051 2.21256 -1.60279 0.97 -40.374 0.325342 -0.32725  0.0299273 -0.0611122 3
1388303752.300326304 2.2512 -1.64163 0.971 -40.746 0.385378 -0.387452  0 -0.0647586 3
1388303752.400578443 2.29844 -1.67069 0.974 -41.075 0.47124 -0.289857  0.0299245 -0.0572767 3
1388303752.500819852 2.3461 -1.69546 0.975 -41.351 0.475392 -0.247084  0 -0.0480552 3
1388303752.601067271 2.40822 -1.72136 0.976 -41.643 0.619703 -0.258391  0 -0.0508378 3
1388303752.701322207 2.46629 -1.74274 0.979 -41.982 0.579235 -0.213207  0.0299237 -0.0590163 3
1388303752.801568361 2.50398 -1.746 0.978 -42.442 0.375972 -0.0325765  0 -0.0800878 3
1388303752.901815467 2.53149 -1.74465 0.976 -43.033 0.27444 0.0134591  -0.0199507 -0.102895 3
1388303753.002052754 2.55048 -1.73816 0.973 -43.624 0.189403 0.0647385  -0.029929 -0.102905 3
1388303753.102309395 2.56269 -1.74018 0.969 -44.149 0.121805 -0.0201418  -0.0398976 -0.0913955 3
1388303753.202565976 2.58195 -1.73607 0.96 -44.647 0.192141 0.0410079  -0.0897697 -0.0866951 3
1388303753.302810322 2.60556 -1.73203 0.952 -45.234 0.235459 0.0403192  -0.079805 -0.102201 3
1388303753.579790852 2.70521 -1.79781 0.938 -47.122 0.359766 -0.237474  -0.0505451 -0.118968 3
1388303753.682530361 2.74823 -1.84281 0.943 -47.861 0.418766 -0.438057  0.0486668 -0.12554 3
1388303753.782834975 2.78858 -1.90156 0.945 -48.463 0.402241 -0.585715  0.0199393 -0.10475 3
1388303753.883080482 2.82726 -1.96469 0.949 -49.006 0.38593 -0.629731  0.039902 -0.0945392 3
1388303753.983330757 2.86206 -2.02754 0.953 -49.277 0.347106 -0.626958  0.0399001 -0.0471803 3
1388303754.083624493 2.89511 -2.08861 0.952 -49.252 0.329524 -0.608845  0 0.00435015 3
1388303754.184000164 2.92685 -2.14056 0.946 -48.796 0.316184 -0.517594  -0.0597754 0.0792894 3
1388303754.284271904 2.96082 -2.18917 0.941 -47.333 0.338793 -0.484826  -0.0498645 0.25465 3
1388303754.384515253 2.98846 -2.24957 0.939 -45.845 0.275752 -0.602502  -0.0199514 0.259074 3
1388303754.484763479 3.02717 -2.29968 0.932 -44.411 0.386155 -0.499838  -0.0698267 0.24966 3
1388303754.585027394 3.0686 -2.3473 0.928 -42.92 0.413196 -0.475013  -0.0398947 0.259544 3
1388303754.685287122 3.11486 -2.39243 0.923 -41.444 0.461398 -0.450096  -0.0498705 0.256944 3
1388303754.785581557 3.16398 -2.43437 0.921 -39.933 0.489731 -0.418157  -0.0199413 0.262945 3
1388303754.885816904 3.21268 -2.47622 0.921 -38.477 0.485903 -0.417535  0 0.253524 3
1388303754.986090169 3.26149 -2.5176 0.924 -37.102 0.486703 -0.412698  0.0299182 0.239329 3
1388303755.086337858 3.27177 -2.52999 0.926 -35.66 0.10262 -0.1235  0.0199506 0.251055 3
1388303755.186604611 3.2753 -2.5361 0.933 -34.338 0.0351548 -0.0609927  0.0698138 0.230119 3
1388303755.286857487 3.27824 -2.55033 0.938 -33.261 0.0293628 -0.141925  0.0498739 0.187498 3
1388303755.387161123 3.28583 -2.56649 0.941 -32.2 0.0756537 -0.161168  0.0299092 0.184619 3
1388303755.487417920 3.29545 -2.57869 0.94 -31.238 0.0959186 -0.12161  0 0.167471 3
1388303755.587690116 3.3075 -2.58851 0.942 -30.345 0.120224 -0.0979645  0.0199457 0.155435 3
1388303755.687940268 3.32467 -2.60139 0.943 -29.637 0.171281 -0.128436  0 0.123261 3
1388303755.788208189 3.34779 -2.61753 0.951 -28.875 0.230527 -0.160959  0.0797862 0.132639 3
1388303755.888458359 3.37698 -2.63589 0.955 -28.259 0.291145 -0.183234  0.0399002 0.107244 3
1388303755.988711244 3.41589 -2.65954 0.958 -27.629 0.388164 -0.235829  0.0299243 0.109678 3
1388303756.089030855 3.4725 -2.69486 0.958 -27.019 0.564314 -0.352139  0 0.106126 3
1388303756.189364608 3.57629 -2.75664 0.953 -26.21 1.03447 -0.615725  -0.0498337 0.140727 3
1388303756.289612985 3.68655 -2.81527 0.952 -25.186 1.09981 -0.584883  0 0.178279 3
1388303756.389863396 3.79988 -2.87414 0.952 -23.766 1.13049 -0.587186  0 0.247218 3
1388303756.490144837 3.90138 -2.9249 0.956 -21.999 1.01217 -0.506164  0.0398877 0.307534 3
1388303756.590407594 3.973 -2.96407 0.966 -20.158 0.714353 -0.390708  0.0997379 0.320473 3
1388303756.690653274 4.02594 -2.99243 0.968 -18.073 0.5281 -0.282919  0.019951 0.363009 3
1388303756.790898346 4.06308 -3.01052 0.972 -16.08 0.370413 -0.180385  0.0399022 0.346994 3
1388303756.891142538 4.08727 -3.02088 0.981 -14.372 0.241303 -0.103357  0.0897808 0.297376 3
1388303756.991380016 4.09934 -3.0255 0.966 -12.756 0.120427 -0.0461354  -0.149645 0.281377 3
1388303757.091621560 4.11217 -3.02769 0.952 -11.201 0.128044 -0.0218022  -0.139663 0.270745 3
1388303757.191881436 4.1473 -3.02729 0.949 -9.766 0.350379 0  -0.0299222 0.249806 3
1388303757.292200116 4.19187 -3.02451 0.949 -8.478 0.444245 0.0277182  0 0.224084 3
1388303757.392462138 4.25662 -3.01707 0.954 -7.34 0.645796 0.0742089  0.0498693 0.198099 3
1388303757.492715796 4.32903 -3.01115 0.96 -6.184 0.722337 0.0589915  0.0598482 0.20125 3
1388303757.592963422 4.40181 -3.00412 0.963 -5.189 0.725922 0.0701993  0.0299259 0.173231 3
1388303757.693212110 4.47452 -2.99665 0.97 -4.176 0.725322 0.0744706  0.0698264 0.176363 3
1388303757.793462208 4.54507 -2.98891 0.971 -3.114 0.703797 0.0771621  0 0.184892 3
1388303757.893739036 4.61196 -2.98196 0.969 -2.04 0.667016 0.0693773  -0.0199448 0.186931 3
1388303757.993985693 4.67821 -2.97196 0.963 -0.889 0.660841 0.099684  -0.0598524 0.200393 3
1388303758.094249374 4.73211 -2.96325 0.956 0.177 0.537608 0.0869329  -0.0698159 0.185563 3
1388303758.194496422 4.79102 -2.9508 0.948 1.128 0.587667 0.124145  -0.0798028 0.165572 3
1388303758.294757685 4.85007 -2.9363 0.944 1.984 0.588979 0.144629  -0.0398958 0.149011 3
1388303758.395026622 4.90161 -2.92094 0.94 2.779 0.513941 0.153168  -0.0398927 0.138381 3
1388303758.495267338 4.95622 -2.90597 0.94 3.399 0.54484 0.149413  0 0.107951 3
1388303758.595524076 5.00831 -2.89085 0.939 3.995 0.519592 0.15081  0 0.103755 3
1388303758.919359828 5.13938 -2.86501 0.941 5.505 0.404722 0.0797988  0 0.0813822 3
1388303759.019637703 5.19285 -2.85416 0.938 5.775 0.533257 0.108187  -0.0299169 0.0469934 3
1388303759.119895094 5.25099 -2.84409 0.938 6.117 0.579915 0.100426  0 0.059537 3
1388303759.220163204 5.30683 -2.837 0.937 6.459 0.55686 0.0707139  0 0.0595307 3
1388303759.320417002 5.36383 -2.83056 0.937 6.85 0.568616 0.064205  0 0.0680696 3
1388303759.420688967 5.42103 -2.82403 0.937 7.339 0.570473 0.0650862  0 0.0851152 3
1388303759.520937576 5.47353 -2.81953 0.94 7.831 0.52361 0.0449705  0.0299256 0.0856572 3
1388303759.621205081 5.52434 -2.81454 0.934 8.385 0.5068 0.0497624  -0.0598399 0.0964333 3
1388303759.721452606 5.56388 -2.81059 0.93 8.897 0.394377 0.0394217  -0.0399012 0.0891402 3
1388303759.821713623 5.60476 -2.80547 0.927 9.408 0.40781 0.0509985  -0.0299219 0.0889542 3
1388303759.921953511 5.64173 -2.7996 0.92 9.849 0.368724 0.0586206  -0.0698325 0.0767848 3
1388303760.022200252 5.67912 -2.792 0.916 10.226 0.37306 0.0757356  -0.0399015 0.0656369 3
1388303760.122442306 5.71595 -2.78306 0.914 10.543 0.367342 0.0892593  -0.0199517 0.0551934 3
1388303760.222686959 5.7576 -2.77038 0.909 10.812 0.415523 0.126458  -0.049878 0.0468346 3
1388303760.322926662 5.80429 -2.75444 0.908 11.14 0.465782 0.159034  0 0.0571101 3
1388303760.423165100 5.85384 -2.73751 0.908 11.392 0.494339 0.168844  0 0.0438775 3
1388303760.523405112 5.90285 -2.71917 0.908 11.578 0.488882 0.183004  0 0.0323855 3
1388303760.623658080 5.95292 -2.69991 0.909 11.756 0.499442 0.192098  0 0.0309884 3
1388303760.723894168 6.00516 -2.6797 0.906 11.877 0.521155 0.201635  -0.0299293 0.0210688 3
1388303760.824153306 6.05669 -2.65963 0.902 11.951 0.514039 0.20022  -0.0398966 0.012882 3
1388303760.924395009 6.10503 -2.64111 0.899 11.966 0.482199 0.184755  -0.0299277 0.00261191 3
1388303761.024656180 6.1509 -2.62322 0.892 11.873 0.45755 0.178379  -0.0698177 -0.0161894 3
1388303761.124903491 6.19272 -2.60355 0.886 11.8 0.417088 0.196177  -0.059852 -0.0127095 3
1388303761.225164852 6.23361 -2.58604 0.885 11.712 0.407858 0.174694  0 -0.0153191 3
1388303761.325431118 6.27336 -2.56804 0.882 11.639 0.396445 0.179504  -0.0299203 -0.0127071 3
1388303761.425677848 6.3153 -2.55234 0.883 11.618 0.418347 0.15661  0 -0.00365615 3
1388303761.525929115 6.35776 -2.5384 0.883 11.564 0.423588 0.139065  0 -0.00940097 3
1388303761.626183372 6.4015 -2.52494 0.888 11.416 0.436223 0.134251  0.0498732 -0.0257655 3
1388303761.726448239 6.44598 -2.51204 0.893 11.345 0.443666 0.128653  0.0498679 -0.012359 3
1388303761.826688198 6.49403 -2.50032 0.895 11.305 0.479327 0.116928  0.0199521 -0.00696476 3
1388303761.926954082 6.54022 -2.48907 0.894 11.36 0.460746 0.112256  0 0.00957391 3
1388303762.027232645 6.58699 -2.4777 0.892 11.342 0.466399 0.113301  -0.0199444 -0.0031328 3
1388303762.127488974 6.6333 -2.46827 0.894 11.365 0.461838 0.0941089  0.0199489 0.00400379 3
1388303762.227747671 6.67598 -2.45959 0.896 11.359 0.42572 0.0865337  0.0199484 -0.00104425 3
1388303762.328029781 6.71529 -2.44748 0.897 11.454 0.392049 0.120756  0 0.0165339 3
1388303762.428304967 6.75368 -2.43297 0.894 11.59 0.382761 0.14477  -0.0299177 0.0236713 3
1388303762.528564686 6.78456 -2.41493 0.893 11.752 0.308033 0.17989  0 0.0282012 3
1388303762.628828290 6.8219 -2.39533 0.893 11.795 0.372464 0.195504  0 0.00748506 3
1388303762.729080406 6.86327 -2.37418 0.889 11.787 0.412669 0.210982  -0.0398994 -0.00139265 3
1388303762.829329191 6.90959 -2.35519 0.887 11.72 0.461984 0.189426  -0.0199504 -0.0116646 3
1388303762.929585438 6.95584 -2.33557 0.883 11.673 0.46131 0.195655  -0.0398978 -0.00818224 3
1388303763.029838201 7.00215 -2.31487 0.881 11.599 0.461921 0.206498  -0.0199496 -0.0128828 3
1388303763.130110737 7.04939 -2.29425 0.885 11.5 0.471129 0.205636  0.0398913 -0.017232 3
1388303763.230385705 7.08704 -2.27159 0.884 11.505 0.375489 0.225957  0 0.000870458 3
1388303763.330616070 7.12834 -2.24997 0.881 11.558 0.412084 0.215695  -0.029931 0.0092289 3
1388303763.430867342 7.16824 -2.23022 0.882 11.623 0.397966 0.196992  0 0.0113163 3
1388303763.531133251 7.18338 -2.21673 0.878 11.71 0.151057 0.134626  -0.0398939 0.0151441 3
1388303763.631384414 7.19704 -2.20051 0.876 11.834 0.13624 0.161737  -0.0199499 0.0215876 3
1388303763.731634190 7.21624 -2.18796 0.871 11.996 0.191533 0.125196  -0.0498754 0.028204 3
1388303763.831883095 7.22762 -2.17346 0.869 12.067 0.113478 0.144622  -0.0199503 0.0123613 3
1388303763.932139119 7.21918 -2.15635 0.871 11.938 -0.0841403 0.170737  0.0199489 -0.0224575 3
1388303764.245082671 7.36558 -2.16355 0.852 10.837 0.467803 -0.0230198  -0.0607138 -0.0614043 3
1388303764.345363827 7.4291 -2.17109 0.853 10.33 0.633414 -0.0751864  0 -0.0882399 3
1388303764.445618713 7.53613 -2.17892 0.838 10.024 1.06761 -0.0781534  -0.149619 -0.0532714 3
1388303764.545880053 7.65448 -2.18135 0.83 9.895 1.18037 -0.0241461  -0.0797915 -0.022456 3
1388303764.646146510 7.77399 -2.18826 0.832 9.986 1.19192 -0.0689404  0.0199469 0.0158404 3
1388303764.746416393 7.90591 -2.1875 0.838 10.398 1.31567 0  0.0598385 0.071714 3
1388303764.846678333 8.02153 -2.18469 0.848 11.169 1.15316 0.0281127  0.0997387 0.134213 3
1388303764.946940229 8.13252 -2.17211 0.857 12.223 1.10705 0.125464  0.0897649 0.183477 3
1388303765.047233217 8.24389 -2.16189 0.867 13.244 1.11039 0.101899  0.0997079 0.177678 3
1388303765.147494435 8.34475 -2.15047 0.874 14.228 1.00605 0.113878  0.0698176 0.171293 3
1388303765.247758225 8.42736 -2.13704 0.87 15.13 0.823876 0.133974  -0.0398948 0.157015 3
1388303765.348008303 8.48928 -2.12138 0.867 15.954 0.617707 0.156221  -0.0299252 0.143456 3
1388303765.448297519 8.53322 -2.10344 0.863 16.528 0.438052 0.178841  -0.0398846 0.0998929 3
1388303765.548548911 8.56144 -2.08504 0.86 17.072 0.281548 0.183571  -0.0299248 0.0947079 3
1388303765.648823765 8.5822 -2.06556 0.858 17.514 0.20706 0.194181  -0.0199452 0.076932 3
1388303765.749084066 8.59844 -2.04336 0.86 17.837 0.161976 0.221492  0.0199481 0.0562278 3
1388303765.849327433 8.6178 -2.0161 0.886 18.081 0.193053 0.271892  0.259369 0.0424829 3
1388303765.949587849 8.64207 -1.98397 0.871 18.274 0.242098 0.320449  -0.14961 0.0335972 3
1388303766.049837452 8.67063 -1.95002 0.862 18.286 0.284947 0.33865  -0.0897759 0.00208936 3
1388303766.150086696 8.70385 -1.91473 0.869 18.216 0.331319 0.352101  0.069826 -0.0121869 3
1388303766.250355082 8.74311 -1.87789 0.883 17.938 0.391521 0.367377  0.139625 -0.0483906 3
1388303766.350729575 8.78969 -1.83879 0.903 17.484 0.464127 0.389578  0.199254 -0.0789421 3
1388303766.450970887 8.83615 -1.80339 0.916 16.866 0.463403 0.353109  0.129687 -0.107602 3
1388303766.551225937 8.8879 -1.7689 0.929 16.277 0.516188 0.344063  0.129669 -0.102538 3
1388303766.651484501 8.94133 -1.73777 0.942 15.651 0.532952 0.310489  0.129665 -0.108976 3
1388303766.751731526 8.97952 -1.71812 0.946 15.096 0.380981 0.195994  0.0399014 -0.0966271 3
1388303766.851995290 9.021 -1.69907 0.945 14.588 0.413691 0.190036  0 -0.0884294 3
1388303766.952257083 9.06078 -1.68455 0.941 14.118 0.396734 0.144805  -0.0398956 -0.0818165 3
1388303767.052528199 9.10077 -1.67388 0.935 13.718 0.398904 0.106394  -0.0598378 -0.0696243 3
1388303767.152775350 9.13785 -1.66848 0.935 13.323 0.369847 0.0538235  0 -0.0687706 3
1388303767.253026810 9.17284 -1.66836 0.94 12.93 0.349057 0  0.0498746 -0.0684193 3
1388303767.353297725 9.20838 -1.66733 0.925 12.725 0.354426 0.0102777  -0.149595 -0.0356826 3
1388303767.453539964 9.24363 -1.66057 0.91 12.525 0.351625 0.0674515  -0.149638 -0.0348224 3
1388303767.553795470 9.27891 -1.65241 0.904 12.342 0.351911 0.0813835  -0.0598471 -0.0318579 3
1388303767.654052818 9.31121 -1.64034 0.901 12.216 0.322138 0.120394  -0.029923 -0.0219346 3
1388303767.754300160 9.34884 -1.62498 0.898 12.03 0.375416 0.153272  -0.029926 -0.0323832 3
1388303767.854568344 9.39056 -1.61254 0.892 11.797 0.416058 0.12404  -0.0598395 -0.0405574 3
1388303767.954848897 9.43916 -1.60655 0.884 11.554 0.484652 0.0597011  -0.0797762 -0.0422929 3
1388303768.055125758 9.49319 -1.60508 0.885 11.295 0.538775 0.0147051  0 -0.0450794 3
1388303768.155377521 9.54557 -1.59976 0.88 11.17 0.522485 0.0530008  -0.0498744 -0.0217618 3
1388303768.255624070 9.6034 -1.60174 0.871 11.287 0.576914 -0.0196817  -0.0897787 0.0203702 3
1388303768.355867591 9.65907 -1.60516 0.871 11.545 0.555292 -0.0341104  0 0.04492 3
1388303768.456118256 9.71426 -1.60646 0.859 11.989 0.550525 -0.0129725  -0.1197 0.0772989 3
1388303768.556383584 9.76657 -1.60618 0.856 12.472 0.521792 0  -0.0299206 0.0840763 3
1388303768.656629267 9.81895 -1.60513 0.851 12.938 0.522521 0.0104374  -0.0498775 0.0811329 3
1388303768.756877185 9.86964 -1.60529 0.844 13.335 0.505595 0  -0.0698269 0.0691184 3
1388303768.857148598 9.92015 -1.60584 0.838 13.713 0.503744 0  -0.0598376 0.0657949 3
1388303768.957410704 9.97084 -1.60609 0.828 14.094 0.505557 0  -0.0997386 0.066323 3
1388303769.057672714 10.0197 -1.60789 0.823 14.607 0.487612 -0.0179384  -0.0498693 0.0893015 3
1388303769.157904933 10.0655 -1.60705 0.822 15.09 0.456428 0  0 0.0841041 3
1388303769.258162296 10.1138 -1.60489 0.819 15.668 0.482474 0.0214919  -0.029923 0.100621 3
1388303769.553960371 10.2538 -1.57628 0.816 17.628 0.473297 0.0967403  -0.0101421 0.115648 3
1388303769.654251279 10.2978 -1.56454 0.819 18.377 0.43873 0.117051  0.029913 0.130346 3
1388303769.754622543 10.3331 -1.55013 0.824 19.022 0.350853 0.143604  0.0498151 0.112157 3
1388303769.854876811 10.3666 -1.53664 0.827 19.614 0.334857 0.134531  0.0299239 0.103061 3
1388303769.955132007 10.4022 -1.52137 0.83 20.164 0.35505 0.15234  0.0299236 0.095749 3
1388303770.055386185 10.4352 -1.50371 0.834 20.634 0.328425 0.176138  0.0398986 0.0818224 3
1388303770.155685593 10.466 -1.48064 0.838 21.059 0.307371 0.229993  0.0398806 0.0739549 3
1388303770.255941033 10.5003 -1.45287 0.844 21.385 0.341791 0.276983  0.0598471 0.0567528 3
1388303770.356198012 10.5342 -1.41992 0.848 21.674 0.338816 0.328696  0.0398975 0.0503107 3
1388303770.456444929 10.5703 -1.38425 0.853 21.708 0.360363 0.355744  0.0498768 0.00591957 3
1388303770.556697721 10.6098 -1.34768 0.861 21.63 0.393457 0.364807  0.0797983 -0.0135791 3
1388303770.656952261 10.6531 -1.30991 0.867 21.312 0.43158 0.376756  0.0598477 -0.0553607 3
1388303770.757202464 10.7009 -1.26956 0.875 20.888 0.477407 0.402493  0.0798003 -0.0738172 3
1388303770.857456347 10.7473 -1.22963 0.88 20.316 0.463117 0.398251  0.0498734 -0.0995801 3
1388303770.957714026 10.7986 -1.188 0.883 19.593 0.511621 0.415302  0.0299229 -0.125863 3
1388303771.057992353 10.852 -1.14746 0.903 18.748 0.532278 0.404226  0.199445 -0.147071 3
1388303771.158349156 10.9011 -1.11099 0.886 17.828 0.489111 0.363416  -0.169396 -0.159999 3
1388303771.258604431 10.9504 -1.07735 0.876 16.964 0.491209 0.335549  -0.0997454 -0.150413 3
1388303771.358958602 10.9979 -1.04671 0.871 16.054 0.473874 0.3053  -0.0498235 -0.158264 3
1388303771.459228452 11.0428 -1.02255 0.863 15.192 0.448215 0.240948  -0.0797847 -0.150042 3
1388303771.559484384 11.0937 -1.00185 0.857 14.428 0.507059 0.2065  -0.0598468 -0.133003 3
1388303771.659740031 11.1446 -0.9905 0.854 13.626 0.507925 0.113188  -0.0299235 -0.139618 3
1388303771.760008991 11.1997 -0.985816 0.852 13.03 0.549226 0.0467109  -0.0199464 -0.103743 3
1388303771.860265115 11.2567 -0.986339 0.851 12.532 0.569036 0  0 -0.0866952 3
1388303771.960518974 11.3169 -0.989004 0.848 12.208 0.600239 -0.0265766  -0.029924 -0.0564057 3
1388303772.060862359 11.3776 -0.991376 0.845 12.049 0.605059 -0.0236457  -0.0298973 -0.0276558 3
1388303772.161112595 11.4373 -0.992695 0.842 12.015 0.595338 -0.0131564  -0.0299251 -0.00591904 3
1388303772.261372677 11.4964 -0.990581 0.841 12.135 0.589496 0.0210866  0 0.0208894 3
1388303772.361729246 11.5539 -0.981001 0.842 12.346 0.573274 0.0954595  0 0.0366957 3
1388303772.461971498 11.6123 -0.972509 0.84 12.527 0.582192 0.0847141  -0.0199517 0.0315141 3
1388303772.562227231 11.6661 -0.961207 0.839 12.702 0.537007 0.112734  0 0.0304652 3
1388303772.662491027 11.7159 -0.938631 0.836 12.808 0.495907 0.225162  -0.0299211 0.018452 3
1388303772.762744413 11.7624 -0.915204 0.834 12.838 0.463814 0.233686  -0.0199495 0.00522287 3
1388303772.862989188 11.8059 -0.894427 0.836 12.778 0.434488 0.207257  0.0199512 -0.0104466 3
1388303772.963266100 11.8431 -0.874755 0.828 12.627 0.37127 0.196176  -0.0797791 -0.0262815 3
1388303773.063517331 11.8774 -0.865972 0.827 12.481 0.341338 0.0876146  0 -0.0254179 3
1388303773.163773705 11.9135 -0.863732 0.825 12.362 0.360452 0.0223429  -0.0199489 -0.0207162 3
1388303773.264131881 11.9529 -0.867199 0.826 12.291 0.392668 -0.0345526  0 -0.0123478 3
1388303773.364377462 12.001 -0.874503 0.816 12.293 0.480004 -0.0728573  -0.099755 0.000348352 3
1388303773.464697384 12.0575 -0.880813 0.812 12.478 0.562912 -0.0628962  -0.0398724 0.0321855 3
1388303773.565053042 12.1163 -0.884839 0.82 12.833 0.586084 -0.040119  0.0797165 0.0617395 3
1388303773.665307438 12.175 -0.885494 0.822 13.241 0.585484 0  0.0199492 0.0710289 3
1388303773.765562243 12.2361 -0.889016 0.831 13.743 0.609377 -0.035139  0.0897713 0.0873927 3
1388303773.865812487 12.2939 -0.889808 0.839 14.222 0.576612 0  0.0798003 0.0833926 3
1388303773.966070421 12.3516 -0.886753 0.858 14.623 0.575579 0.0304709  0.189511 0.0698078 3
1388303774.066324091 12.4074 -0.879586 0.856 15.007 0.556629 0.0714834  -0.0199494 0.0668509 3
1388303774.166575811 12.4574 -0.86628 0.86 15.397 0.499047 0.132732  0.0398996 0.0678972 3
1388303774.266837474 12.5033 -0.844536 0.866 15.858 0.456942 0.216871  0.0598434 0.0802494 3
1388303774.367114065 12.5455 -0.819905 0.872 16.252 0.420972 0.245634  0.0598345 0.0685765 3
1388303774.467361104 12.5834 -0.794676 0.878 16.585 0.378361 0.251664  0.0598521 0.0579763 3
1388303774.567624755 12.6158 -0.773411 0.874 16.801 0.322758 0.212089  -0.0398948 0.0375999 3
1388303774.862900119 12.7323 -0.734628 0.892 16.961 0.394722 0.131346  0.06096 0.00945736 3
1388303774.963197935 12.7705 -0.722676 0.866 16.833 0.381085 0.11917  -0.259228 -0.0222739 3
1388303775.063472252 12.8183 -0.709236 0.846 16.703 0.476595 0.134026  -0.199453 -0.0226271 3
1388303775.163710998 12.8619 -0.688472 0.84 16.545 0.434504 0.207144  -0.0598571 -0.0275107 3
1388303775.263963799 12.9079 -0.66738 0.837 16.377 0.459018 0.210393  -0.0299244 -0.0292475 3
1388303775.364238410 12.9552 -0.649365 0.839 16.118 0.471796 0.179655  0.0199452 -0.0450804 3
1388303775.464498010 13 -0.626494 0.906 15.863 0.446525 0.22812  0.668265 -0.0443905 3
1388303775.564748144 13.0392 -0.606068 0.868 15.753 0.390817 0.203746  -0.379052 -0.0191508 3
1388303775.664999345 13.0772 -0.588836 0.833 15.949 0.379322 0.171891  -0.349123 0.0341229 3
1388303775.765261399 13.1223 -0.571394 0.818 16.276 0.44957 0.173959  -0.149608 0.056923 3
1388303775.865516467 13.1659 -0.548712 0.811 16.639 0.435283 0.22625  -0.0698219 0.0631941 3
1388303775.965769465 13.2108 -0.524564 0.811 17.001 0.44764 0.240871  0 0.0630217 3
1388303776.066022851 13.2578 -0.493548 0.817 17.089 0.46886 0.309372  0.0598484 0.01532 3
1388303776.166287622 13.3079 -0.458019 0.816 17.072 0.499989 0.354358  0 -0.00295926 3
1388303776.266553191 13.3579 -0.421734 0.825 17.088 0.498332 0.361888  0.0897616 0.00278526 3
1388303776.366869456 13.41 -0.394049 0.822 16.987 0.519138 0.275973  -0.0299054 -0.0175722 3
1388303776.467127586 13.4677 -0.371942 0.827 16.65 0.575947 0.220503  0.0498713 -0.0586665 3
1388303776.567378393 13.5276 -0.352879 0.822 16.068 0.597787 0.190149  -0.0498749 -0.101324 3
1388303776.667668201 13.5868 -0.336571 0.82 15.421 0.590235 0.16261  -0.0199422 -0.112596 3
1388303776.767900620 13.6423 -0.318729 0.858 14.737 0.553618 0.178005  0.379119 -0.119104 3
1388303776.868247924 13.6982 -0.301368 0.829 14.006 0.556957 0.17301  -0.288996 -0.127142 3
1388303776.968497385 13.7513 -0.283155 0.814 13.205 0.53001 0.181675  -0.149627 -0.139453 3
1388303777.068760462 13.8034 -0.265201 0.81 12.725 0.519307 0.17907  -0.039895 -0.0835559 3
1388303777.169032608 13.8546 -0.249353 0.808 12.408 0.511019 0.158049  -0.0199457 -0.0551767 3
1388303777.269285249 13.9036 -0.235638 0.809 12.287 0.488806 0.136805  0 -0.0210653 3
1388303777.369536836 13.9533 -0.223662 0.803 12.348 0.495114 0.119462  -0.0598494 0.0106199 3
1388303777.463046749 13.9994 -0.215086 0.793 12.605 0.492692 0.0917144  -0.106941 0.0479681 9
1388303777.563142683 14.0512 -0.209161 0.765 12.706 0.517952 0.0591847  -0.279732 0.0176109 9
1388303777.663141736 14.0869 -0.208119 0.718 12.994 0.356613 0.0104252  -0.470004 0.050266 9
1388303777.763043954 14.1051 -0.210336 0.642 13.054 0.182679 -0.0221913  -0.760744 0.0104821 9
1388303777.863115837 14.1115 -0.214617 0.561 13.006 0.0641591 -0.0427823  -0.809418 -0.00837162 9
1388303777.963055631 14.1125 -0.217796 0.472 13.068 0.0100414 -0.0318079  -0.890536 0.0108276 9
1388303778.063057845 14.1164 -0.21813 0.379 13.226 0.0391249 0  -0.929979 0.0275754 9
1388303778.163084870 14.12 -0.217327 0.298 13.427 0.0351883 0  -0.809781 0.0350717 9
1388303778.263109425 14.1226 -0.220726 0.224 13.621 0.0258598 -0.0339853  -0.739818 0.0338511 9
1388303778.363049910 14.1287 -0.24264 0.16 13.854 0.0619666 -0.219269  -0.640381 0.0406904 9
1388303778.463096840 14.1308 -0.262934 0.104 14.204 0.0202116 -0.202847  -0.559737 0.0610579 9
1388303778.563138356 14.1142 -0.268369 0.075 14.357 -0.165535 -0.0543265  -0.28988 0.0266924 9
1388303778.663055582 14.1142 -0.268369 0 14.495 0 0  -0.750621 0.0241056 0
1388303778.763062054 14.1142 -0.268369 0 14.776 0 0  0 0.0490406 0
1388303778.863105486 14.1142 -0.268369 0 14.778 0 0  0 0.000348723 0
1388303778.963055205 14.1142 -0.268369 0 14.809 0 0  0 0.00541327 0
1388303779.063101944 14.1142 -0.268369 0 14.833 0 0  0 0.00418686 0
1388303779.163077070 14.1142 -0.268369 0 14.852 0 0  0 0.00331713 0
1388303779.263145468 14.1142 -0.268369 0 14.871 0 0  0 0.0033137 0
1388303779.363108503 14.1142 -0.268369 0 14.897 0 0  0 0.0045397 0
1388303779.463117111 14.1142 -0.268369 0 14.917 0 0  0 0.00349011 0
1388303779.563141367 14.1142 -0.268369 0 14.939 0 0  0 0.00383901 0
1388303779.663050922 14.1142 -0.268369 0 14.96 0 0  0 0.00366849 0
1388303779.763070846 14.1142 -0.268369 0 14.983 0 0  0 0.00401325 0
1388303779.863054924 14.1142 -0.268369 0 14.999 0 0  0 0.0027931 0
1388303780.159134711 14.1142 -0.268369 0 15.061 0 0  0 0.00365479 0
1388303780.230039484 14.1142 -0.268369 0 15.075 0 0  0 0.0034461 0
1388303780.330176659 14.1142 -0.268369 0 15.094 0 0  0 0.00331143 0
1388303780.430175889 14.1142 -0.268369 0 15.115 0 0  0 0.0036652 0
1388303780.530171297 14.1142 -0.268369 0 15.134 0 0  0 0.00331645 0
1388303780.630168277 14.1142 -0.268369 0 15.155 0 0  0 0.00366529 0
1388303780.730205850 14.1142 -0.268369 0 15.178 0 0  0 0.00401287 0
1388303780.830182923 14.1142 -0.268369 0 15.198 0 0  0 0.00349121 0
1388303780.930149012 14.1142 -0.268369 0 15.22 0 0  0 0.00384125 0
1388303781.030185291 14.1142 -0.268369 0 15.239 0 0  0 0.00331477 0
1388303781.130134549 14.1142 -0.268369 0 15.263 0 0  0 0.00419095 0
1388303781.230181509 14.1142 -0.268369 0 15.282 0 0  0 0.00331474 0
1388303781.330152101 14.1142 -0.268369 0 15.302 0 0  0 0.00349143 0
1388303781.430176091 14.1142 -0.268369 0 15.322 0 0  0 0.0034899 0
1388303781.530156510 14.1142 -0.268369 0 15.344 0 0  0 0.00384036 0
1388303781.630131805 14.1142 -0.268369 0 15.367 0 0  0 0.00401537 0
1388303781.730121524 14.1142 -0.268369 0 15.389 0 0  0 0.00384001 0
1388303781.830179297 14.1142 -0.268369 0 15.411 0 0  0 0.00383773 0
1388303781.930170301 14.1142 -0.268369 0 15.432 0 0  0 0.00366551 0
1388303782.030156369 14.1142 -0.268369 0 15.451 0 0  0 0.00331643 0
1388303782.130161223 14.1142 -0.268369 0 15.475 0 0  0 0.00418862 0
1388303782.230146836 14.1142 -0.268369 0 15.493 0 0  0 0.00314198 0
1388303782.330178590 14.1142 -0.268369 0 15.513 0 0  0 0.00348963 0
1388303782.430165462 14.1142 -0.268369 0 15.536 0 0  0 0.00401491 0
1388303782.530174290 14.1142 -0.268369 0 15.554 0 0  0 0.00314125 0
1388303782.630127783 14.1142 -0.268369 0 15.576 0 0  0 0.0038414 0
1388303782.730130942 14.1142 -0.268369 0 15.597 0 0  0 0.00366506 0
