-0.881938 -0.730579 0.959 1.89997
-0.869044 -0.731718 0.96007 1.99997
-0.850185 -0.732928 0.960485 2.09997
-0.826337 -0.734529 0.960461 2.19997
-0.798333 -0.736865 0.960146 2.29997
-0.766892 -0.740269 0.959642 2.39997
-0.73264 -0.74504 0.959016 2.49997
-0.696133 -0.751434 0.958315 2.59997
-0.657863 -0.759659 0.957569 2.69997
-0.61827 -0.76988 0.9568 2.79997
-0.577751 -0.782215 0.956022 2.89997
-0.53666 -0.796746 0.955244 2.99997
-0.495318 -0.813523 0.954472 3.09997
-0.454014 -0.832565 0.95371 3.19997
-0.413009 -0.853868 0.952962 3.29997
-0.37254 -0.87741 0.952228 3.39997
-0.332822 -0.90315 0.951509 3.49997
-0.323656 -0.91298 0.952128 3.59997
-0.310057 -0.92664 0.951936 3.69997
-0.292606 -0.943383 0.951212 3.79997
-0.271814 -0.962604 0.950147 3.89997
-0.248153 -0.983836 0.948872 3.99997
-0.22205 -1.00672 0.947477 4.09997
-0.193886 -1.03097 0.946023 4.19997
-0.163987 -1.05637 0.944549 4.29997
-0.132634 -1.08273 0.943084 4.39997
-0.100066 -1.1099 0.941645 4.49997
-0.0664816 -1.13776 0.940242 4.59997
-0.0320509 -1.1662 0.938881 4.69997
0.00308501 -1.19513 0.937568 4.79997
0.0388077 -1.22449 0.936301 4.89997
0.0750179 -1.25421 0.935083 4.99997
0.111633 -1.28423 0.933912 5.09997
0.148583 -1.31452 0.932786 5.19997
0.185812 -1.34504 0.931704 5.29997
0.22327 -1.37574 0.930664 5.39997
0.260917 -1.40661 0.929665 5.49997
0.29872 -1.43763 0.928703 5.59997
0.336652 -1.46877 0.927778 5.69997
0.374688 -1.50001 0.926887 5.79997
0.41281 -1.53135 0.926028 5.89997
0.451001 -1.56277 0.9252 5.99997
0.489248 -1.59426 0.924401 6.09997
0.52754 -1.62581 0.923629 6.19997
0.565868 -1.65741 0.922883 6.29997
0.604225 -1.68906 0.922161 6.39997
0.642603 -1.72076 0.921463 6.49997
0.680998 -1.75249 0.920786 6.59997
0.719406 -1.78425 0.92013 6.69997
0.757823 -1.81604 0.919493 6.79997
0.796247 -1.84786 0.918874 6.89997
0.834674 -1.8797 0.918273 6.99997
0.873103 -1.91156 0.917689 7.09997
0.911533 -1.94345 0.917119 7.19997
0.949962 -1.97535 0.916565 7.29997
0.988389 -2.00726 0.916024 7.39997
1.02681 -2.0392 0.915496 7.49997
1.06524 -2.07114 0.91498 7.59997
1.10365 -2.1031 0.914476 7.69997
1.11231 -2.11342 0.915828 7.79997
1.12523 -2.12779 0.916613 7.89997
1.14205 -2.14525 0.917015 7.99997
1.16248 -2.16494 0.917158 8.09997
1.18624 -2.18613 0.917128 8.19997
1.21308 -2.20821 0.91698 8.29997
1.24275 -2.23066 0.916753 8.39997
1.27502 -2.25301 0.916473 8.49997
1.30966 -2.2749 0.916157 8.59997
1.34648 -2.29599 0.915818 8.69997
1.38526 -2.31601 0.915464 8.79997
1.42582 -2.33471 0.915099 8.89997
1.46798 -2.3519 0.914727 8.99997
1.51154 -2.3674 0.91435 9.09997
1.55635 -2.38107 0.91397 9.19997
1.60223 -2.39278 0.913589 9.29997
1.64903 -2.40243 0.913206 9.39997
1.69657 -2.40993 0.912821 9.49997
1.74472 -2.41521 0.912437 9.59997
1.79331 -2.41822 0.912051 9.69997
1.84221 -2.41891 0.911665 9.79997
1.89125 -2.41726 0.911279 9.89997
1.90375 -2.41477 0.912402 9.99997
1.92209 -2.41078 0.91287 10.1
1.94534 -2.40571 0.912895 10.2
1.97273 -2.3999 0.912627 10.3
2.00362 -2.39356 0.912165 10.4
2.03746 -2.38683 0.911579 10.5
2.07379 -2.3798 0.910916 10.6
2.11219 -2.37254 0.910209 10.7
2.15235 -2.36507 0.90948 10.8
2.19397 -2.35744 0.908742 10.9
2.23682 -2.34966 0.908006 11
2.2807 -2.34175 0.907277 11.1
2.32545 -2.33372 0.90656 11.2
2.37092 -2.3256 0.905856 11.3
2.417 -2.31739 0.905166 11.4
2.46358 -2.3091 0.904491 11.5
2.5106 -2.30073 0.903831 11.6
2.55796 -2.29231 0.903185 11.7
2.60563 -2.28383 0.902554 11.8
2.65355 -2.27529 0.901936 11.9
2.70167 -2.26672 0.90133 12
2.74997 -2.2581 0.900737 12.1
2.79842 -2.24944 0.900156 12.2
2.84699 -2.24075 0.899585 12.3
2.89566 -2.23203 0.899024 12.4
2.94442 -2.22328 0.898473 12.5
2.99325 -2.2145 0.897932 12.6
3.04213 -2.2057 0.897398 12.7
3.09107 -2.19688 0.896873 12.8
3.14005 -2.18804 0.896355 12.9
3.18906 -2.17918 0.895845 13
3.2381 -2.1703 0.895341 13.1
3.28717 -2.16141 0.894843 13.2
3.33625 -2.1525 0.894352 13.3
3.38535 -2.14358 0.893866 13.4
3.43447 -2.13465 0.893385 13.5
3.48359 -2.1257 0.89291 13.6
3.53273 -2.11674 0.892439 13.7
3.58187 -2.10777 0.891972 13.8
3.63101 -2.0988 0.89151 13.9
3.68017 -2.08981 0.891052 14
3.72932 -2.08081 0.890598 14.1
3.77848 -2.07181 0.890147 14.2
3.82764 -2.0628 0.889699 14.3
3.8768 -2.05378 0.889255 14.4
3.92597 -2.04475 0.888813 14.5
3.97513 -2.03572 0.888374 14.6
4.0243 -2.02668 0.887938 14.7
4.07347 -2.01763 0.887505 14.8
4.12263 -2.00858 0.887074 14.9
4.1718 -1.99953 0.886645 15
4.22097 -1.99047 0.886218 15.1
4.27013 -1.9814 0.885793 15.2
4.3193 -1.97233 0.885371 15.3
4.36847 -1.96325 0.88495 15.4
4.41763 -1.95417 0.88453 15.5
4.4668 -1.94509 0.884112 15.6
4.51597 -1.936 0.883696 15.7
4.56513 -1.92691 0.883281 15.8
4.6143 -1.91782 0.882868 15.9
4.66346 -1.90872 0.882455 16
4.71262 -1.89962 0.882044 16.1
4.76179 -1.89051 0.881634 16.2
4.81095 -1.88141 0.881226 16.3
4.86011 -1.8723 0.880818 16.4
4.90928 -1.86319 0.880411 16.5
4.95844 -1.85407 0.880005 16.6
5.0076 -1.84495 0.8796 16.7
5.05676 -1.83583 0.879196 16.8
5.10592 -1.82671 0.878792 16.9
5.15508 -1.81759 0.878389 17
5.20424 -1.80847 0.877987 17.1
5.2534 -1.79934 0.877586 17.2
5.30256 -1.79021 0.877185 17.3
5.35172 -1.78108 0.876784 17.4
5.40088 -1.77195 0.876385 17.5
5.45004 -1.76281 0.875985 17.6
5.4992 -1.75368 0.875587 17.7
5.54835 -1.74454 0.875188 17.8
5.59751 -1.7354 0.874791 17.9
5.64667 -1.72626 0.874393 18
5.69583 -1.71712 0.873996 18.1
5.74498 -1.70798 0.873599 18.2
5.79414 -1.69884 0.873203 18.3
5.8433 -1.6897 0.872807 18.4
5.89245 -1.68055 0.872411 18.5
5.94161 -1.67141 0.872016 18.6
5.99077 -1.66226 0.871621 18.7
6.03992 -1.65311 0.871226 18.8
6.08908 -1.64396 0.870831 18.9
6.13824 -1.63482 0.870437 19
6.18739 -1.62567 0.870042 19.1
6.23655 -1.61652 0.869649 19.2
6.2857 -1.60736 0.869255 19.3
6.33486 -1.59821 0.868861 19.4
6.38401 -1.58906 0.868468 19.5
6.43317 -1.57991 0.868074 19.6
6.48232 -1.57075 0.867681 19.7
6.53148 -1.5616 0.867288 19.8
6.58063 -1.55245 0.866896 19.9
6.62979 -1.54329 0.866503 20
6.67894 -1.53414 0.86611 20.1
6.7281 -1.52498 0.865718 20.2
6.77725 -1.51582 0.865326 20.3
6.8264 -1.50667 0.864933 20.4
6.87556 -1.49751 0.864541 20.5
6.92471 -1.48835 0.864149 20.6
6.97387 -1.47919 0.863757 20.7
7.02302 -1.47003 0.863365 20.8
7.07218 -1.46088 0.862974 20.9
7.12133 -1.45172 0.862582 21
7.17048 -1.44256 0.86219 21.1
7.21964 -1.4334 0.861799 21.2
7.26879 -1.42424 0.861407 21.3
7.31795 -1.41508 0.861016 21.4
7.3671 -1.40592 0.860625 21.5
7.41625 -1.39676 0.860233 21.6
7.46541 -1.3876 0.859842 21.7
7.51456 -1.37844 0.859451 21.8
7.56371 -1.36928 0.85906 21.9
7.61287 -1.36011 0.858668 22
7.66202 -1.35095 0.858277 22.1
7.71117 -1.34179 0.857886 22.2
7.76033 -1.33263 0.857495 22.3
7.80948 -1.32347 0.857104 22.4
7.85863 -1.31431 0.856713 22.5
7.90779 -1.30514 0.856322 22.6
7.95694 -1.29598 0.855932 22.7
8.00609 -1.28682 0.855541 22.8
8.05525 -1.27766 0.85515 22.9
8.1044 -1.26849 0.854759 23
8.15355 -1.25933 0.854368 23.1
8.20271 -1.25017 0.853977 23.2
8.25186 -1.241 0.853587 23.3
8.30101 -1.23184 0.853196 23.4
8.35017 -1.22268 0.852805 23.5
8.39932 -1.21351 0.852415 23.6
8.44847 -1.20435 0.852024 23.7
8.49763 -1.19519 0.851633 23.8
8.54678 -1.18602 0.851243 23.9
8.59593 -1.17686 0.850852 24
8.64509 -1.1677 0.850461 24.1
8.69424 -1.15853 0.850071 24.2
8.74339 -1.14937 0.84968 24.3
8.79254 -1.1402 0.849289 24.4
8.8417 -1.13104 0.848899 24.5
8.89085 -1.12188 0.848508 24.6
8.94 -1.11271 0.848118 24.7
8.98916 -1.10355 0.847727 24.8
9.03831 -1.09438 0.847337 24.9
9.08746 -1.08522 0.846946 25
9.13662 -1.07606 0.846556 25.1
9.18577 -1.06689 0.846165 25.2
9.23492 -1.05773 0.845775 25.3
9.28407 -1.04856 0.845384 25.4
9.33323 -1.0394 0.844994 25.5
9.38238 -1.03023 0.844603 25.6
9.43153 -1.02107 0.844213 25.7
9.48069 -1.0119 0.843822 25.8
9.52984 -1.00274 0.843432 25.9
9.57899 -0.993575 0.843041 26
9.62815 -0.98441 0.842651 26.1
9.6773 -0.975245 0.84226 26.2
9.72645 -0.966081 0.84187 26.3
9.7756 -0.956916 0.841479 26.4
9.82476 -0.947751 0.841089 26.5
9.87391 -0.938586 0.840698 26.6
9.92306 -0.929421 0.840308 26.7
9.97222 -0.920257 0.839918 26.8
10.0214 -0.911092 0.839527 26.9
10.0705 -0.901927 0.839137 27
10.1197 -0.892762 0.838746 27.1
10.1688 -0.883597 0.838356 27.2
10.218 -0.874432 0.837965 27.3
10.2671 -0.865267 0.837575 27.4
10.3163 -0.856102 0.837184 27.5
10.3654 -0.846937 0.836794 27.6
10.4146 -0.837772 0.836404 27.7
10.4637 -0.828607 0.836013 27.8
10.5129 -0.819442 0.835623 27.9
10.562 -0.810277 0.835232 28
10.6112 -0.801112 0.834842 28.1
10.6604 -0.791947 0.834452 28.2
10.7095 -0.782782 0.834061 28.3
10.7587 -0.773617 0.833671 28.4
10.8078 -0.764452 0.83328 28.5
10.857 -0.755287 0.83289 28.6
10.9061 -0.746122 0.832499 28.7
10.9553 -0.736957 0.832109 28.8
11.0044 -0.727792 0.831719 28.9
11.0536 -0.718627 0.831328 29
11.1027 -0.709462 0.830938 29.1
11.1519 -0.700297 0.830547 29.2
11.201 -0.691132 0.830157 29.3
11.2502 -0.681967 0.829767 29.4
11.2993 -0.672801 0.829376 29.5
11.3485 -0.663636 0.828986 29.6
11.3976 -0.654471 0.828595 29.7
11.4468 -0.645306 0.828205 29.8
11.496 -0.636141 0.827815 29.9
11.5451 -0.626976 0.827424 30
11.5943 -0.617811 0.827034 30.1
11.6434 -0.608645 0.826643 30.2
11.6926 -0.59948 0.826253 30.3
11.7417 -0.590315 0.825863 30.4
11.7909 -0.58115 0.825472 30.5
11.84 -0.571985 0.825082 30.6
11.8892 -0.56282 0.824691 30.7
11.9383 -0.553654 0.824301 30.8
11.9875 -0.544489 0.823911 30.9
12.0366 -0.535324 0.82352 31
12.0858 -0.526159 0.82313 31.1
12.1349 -0.516994 0.822739 31.2
12.1841 -0.507829 0.822349 31.3
12.2332 -0.498663 0.821959 31.4
12.2824 -0.489498 0.821568 31.5
12.3316 -0.480333 0.821178 31.6
12.3807 -0.471168 0.820787 31.7
12.4299 -0.462003 0.820397 31.8
12.479 -0.452837 0.820007 31.9
12.5282 -0.443672 0.819616 32
12.5773 -0.434507 0.819226 32.1
12.6265 -0.425342 0.818835 32.2
12.6756 -0.416177 0.818445 32.3
12.7248 -0.407011 0.818055 32.4
12.7739 -0.397846 0.817664 32.5
12.8231 -0.388681 0.817274 32.6
12.8722 -0.379516 0.816883 32.7
12.9214 -0.370351 0.816493 32.8
12.9705 -0.361185 0.816103 32.9
13.0197 -0.35202 0.815712 33
13.0688 -0.342855 0.815322 33.1
13.118 -0.33369 0.814931 33.2
13.1671 -0.324525 0.814541 33.3
13.2163 -0.315359 0.814151 33.4
13.2655 -0.306194 0.81376 33.5
13.3146 -0.297029 0.81337 33.6
13.3638 -0.287864 0.812979 33.7
13.4129 -0.278698 0.812589 33.8
13.4621 -0.269533 0.812199 33.9
13.5112 -0.260368 0.811808 34
13.5604 -0.251203 0.811418 34.1
13.6095 -0.242038 0.811027 34.2
13.6587 -0.232872 0.810637 34.3
13.7078 -0.223707 0.810247 34.4
13.757 -0.214542 0.809856 34.5
13.8061 -0.205377 0.809466 34.6
13.8553 -0.196211 0.809075 34.7
13.9044 -0.187046 0.808685 34.8
13.9536 -0.177881 0.808295 34.9
14.0027 -0.168716 0.807904 35
14.0519 -0.159551 0.807514 35.1
14.1011 -0.150385 0.807123 35.2
14.1502 -0.14122 0.806733 35.3
14.1994 -0.132055 0.806343 35.4
14.2485 -0.12289 0.805952 35.5
14.2977 -0.113724 0.805562 35.6
14.3468 -0.104559 0.805171 35.7
14.396 -0.095394 0.804781 35.8
14.4451 -0.0862287 0.804391 35.9
14.4943 -0.0770635 0.804 36
14.5434 -0.0678983 0.80361 36.1
14.5926 -0.0587331 0.803219 36.2
14.6417 -0.0495678 0.802829 36.3
14.6909 -0.0404026 0.802439 36.4
14.7031 -0.0372769 0.803761 36.5
14.721 -0.0322976 0.804507 36.6
14.7439 -0.0261666 0.804864 36.7
14.771 -0.0195314 0.804959 36.8
14.8018 -0.0129507 0.804877 36.9
14.8357 -0.00689536 0.804677 37
14.8723 -0.00175792 0.804398 37.1
