21.3731 0.823037 0.674 1.38813e+09
21.3333 0.713602 0.67225 1.38813e+09
21.293 0.615477 0.671401 1.38813e+09
21.2387 0.534894 0.671162 1.38813e+09
21.173 0.4741 0.671328 1.38813e+09
21.1013 0.43211 0.671759 1.38813e+09
21.0282 0.406322 0.672362 1.38813e+09
20.9564 0.393787 0.673074 1.38813e+09
20.8875 0.391852 0.673851 1.38813e+09
20.8221 0.398369 0.674665 1.38813e+09
20.7733 0.286119 0.673639 1.38813e+09
20.7425 0.179707 0.673696 1.38813e+09
20.7256 0.0800711 0.674513 1.38813e+09
20.7193 -0.0123859 0.675865 1.38813e+09
20.7206 -0.0976473 0.67759 1.38813e+09
20.7231 -0.176202 0.679571 1.38813e+09
20.721 -0.248958 0.681722 1.38813e+09
20.713 -0.316575 0.683979 1.38813e+09
20.6995 -0.379501 0.686297 1.38813e+09
20.6813 -0.438163 0.68864 1.38813e+09
20.6592 -0.49301 0.690985 1.38813e+09
20.6339 -0.544505 0.693313 1.38813e+09
20.6062 -0.593094 0.695613 1.38813e+09
20.5765 -0.639191 0.697875 1.38813e+09
20.5183 -0.747587 0.696579 1.38813e+09
20.4549 -0.83843 0.696211 1.38813e+09
20.3838 -0.909318 0.69646 1.38813e+09
20.308 -0.961043 0.697118 1.38813e+09
20.2309 -0.996249 0.698047 1.38813e+09
20.1551 -1.01815 0.699155 1.38813e+09
20.0818 -1.02971 0.700383 1.38813e+09
20.0116 -1.03331 0.701692 1.38813e+09
19.9456 -1.04409 0.703055 1.38813e+09
19.8835 -1.0588 0.704444 1.38813e+09
19.8254 -1.07554 0.705833 1.38813e+09
19.7709 -1.09274 0.707204 1.38813e+09
19.7199 -1.10917 0.708542 1.38813e+09
19.672 -1.12392 0.709836 1.38813e+09
19.627 -1.13633 0.711082 1.38813e+09
19.5846 -1.14599 0.712275 1.38813e+09
19.5444 -1.15266 0.713415 1.38813e+09
19.5061 -1.15625 0.714506 1.38813e+09
19.4696 -1.15678 0.71555 1.38813e+09
19.4344 -1.15434 0.716553 1.38813e+09
19.4005 -1.14908 0.717517 1.38813e+09
19.3676 -1.14116 0.718449 1.38813e+09
19.3355 -1.13078 0.719353 1.38813e+09
19.3041 -1.11813 0.720233 1.38813e+09
19.2733 -1.10342 0.721092 1.38813e+09
19.2431 -1.08681 0.721934 1.38813e+09
19.2133 -1.06848 0.722761 1.38813e+09
19.184 -1.04859 0.723577 1.38813e+09
19.1551 -1.02727 0.724382 1.38813e+09
19.1267 -1.00466 0.725178 1.38813e+09
19.0987 -0.980869 0.725967 1.38813e+09
19.0713 -0.955984 0.72675 1.38813e+09
19.0444 -0.930093 0.727527 1.38813e+09
19.018 -0.90327 0.728299 1.38813e+09
18.9923 -0.875576 0.729066 1.38813e+09
18.9673 -0.847066 0.729828 1.38813e+09
18.9429 -0.817788 0.730587 1.38813e+09
18.9193 -0.787785 0.731341 1.38813e+09
18.8966 -0.757094 0.732091 1.38813e+09
18.8746 -0.725749 0.732838 1.38813e+09
18.8535 -0.693784 0.73358 1.38813e+09
18.8334 -0.661227 0.734319 1.38813e+09
18.8142 -0.628109 0.735054 1.38813e+09
18.7969 -0.593929 0.735785 1.38813e+09
18.7838 -0.557781 0.736513 1.38813e+09
18.7749 -0.519659 0.737242 1.38813e+09
18.7699 -0.479848 0.737974 1.38813e+09
18.7683 -0.438666 0.738715 1.38813e+09
18.7696 -0.396372 0.739467 1.38813e+09
18.7731 -0.353168 0.740234 1.38813e+09
18.7785 -0.309205 0.74102 1.38813e+09
18.7853 -0.264608 0.741826 1.38813e+09
18.7934 -0.21948 0.742654 1.38813e+09
18.8026 -0.173915 0.743505 1.38813e+09
18.8127 -0.128003 0.744379 1.38813e+09
18.8238 -0.0818282 0.745275 1.38813e+09
18.8357 -0.0354766 0.746194 1.38813e+09
18.8486 0.0109664 0.747133 1.38813e+09
18.8624 0.0574182 0.74677 1.38813e+09
18.8774 0.103789 0.745972 1.38813e+09
18.8934 0.149988 0.74489 1.38813e+09
18.9107 0.195924 0.743625 1.38813e+09
18.9293 0.241506 0.742248 1.38813e+09
18.9492 0.286638 0.740808 1.38813e+09
18.9706 0.331225 0.739337 1.38813e+09
18.9935 0.37517 0.73786 1.38813e+09
19.0178 0.418376 0.736393 1.38813e+09
19.0437 0.460743 0.734947 1.38813e+09
19.0712 0.502173 0.733531 1.38813e+09
19.1003 0.542567 0.732151 1.38813e+09
19.1309 0.581828 0.73081 1.38813e+09
19.1631 0.619858 0.729511 1.38813e+09
19.1968 0.656563 0.728256 1.38813e+09
19.2321 0.691848 0.727047 1.38813e+09
19.2688 0.725622 0.725885 1.38813e+09
19.307 0.757796 0.724769 1.38813e+09
19.3465 0.788285 0.723699 1.38813e+09
19.3874 0.817004 0.722677 1.38813e+09
19.4295 0.843875 0.721702 1.38813e+09
19.4727 0.868824 0.720772 1.38813e+09
19.5171 0.891778 0.719889 1.38813e+09
19.5625 0.912672 0.719051 1.38813e+09
19.6088 0.931444 0.718258 1.38813e+09
19.6559 0.948037 0.717508 1.38813e+09
19.7038 0.962401 0.716802 1.38813e+09
19.7523 0.974489 0.716139 1.38813e+09
19.8013 0.984261 0.715518 1.38813e+09
19.8508 0.991684 0.714937 1.38813e+09
19.9005 0.996729 0.714397 1.38813e+09
