7.58133 1.22445 0.848 1.38806e+09
7.63155 1.19183 0.85064 1.38806e+09
7.67942 1.15821 0.854756 1.38806e+09
7.7278 1.12802 0.859775 1.38806e+09
7.77755 1.10288 0.865317 1.38806e+09
7.82859 1.08318 0.87113 1.38806e+09
7.8805 1.06879 0.877053 1.38806e+09
7.93284 1.05934 0.882981 1.38806e+09
7.98525 1.0544 0.88885 1.38806e+09
8.04489 1.04527 0.890938 1.38806e+09
8.1032 1.03901 0.894234 1.38806e+09
8.16025 1.03448 0.898205 1.38806e+09
8.2162 1.03108 0.902489 1.38806e+09
8.27121 1.02845 0.906846 1.38806e+09
8.32542 1.02639 0.911115 1.38806e+09
8.37895 1.02476 0.915195 1.38806e+09
8.43192 1.02346 0.919021 1.38806e+09
8.48442 1.02241 0.922555 1.38806e+09
8.53651 1.02157 0.925779 1.38806e+09
8.58827 1.02089 0.928684 1.38806e+09
8.63974 1.02033 0.931271 1.38806e+09
8.69098 1.01986 0.933547 1.38806e+09
8.74202 1.01948 0.93552 1.38806e+09
8.79289 1.01915 0.937201 1.38806e+09
8.84362 1.01887 0.938603 1.38806e+09
8.89423 1.01862 0.939738 1.38806e+09
8.94475 1.0184 0.94062 1.38806e+09
8.99518 1.0182 0.941261 1.38806e+09
9.04554 1.018 0.941673 1.38806e+09
9.09584 1.01782 0.941868 1.38806e+09
9.1461 1.01764 0.941859 1.38806e+09
9.19631 1.01745 0.941656 1.38806e+09
9.24649 1.01727 0.941269 1.38806e+09
9.29664 1.01709 0.940708 1.38806e+09
9.34677 1.0169 0.939984 1.38806e+09
9.39687 1.0167 0.939104 1.38806e+09
9.44696 1.0165 0.938077 1.38806e+09
9.49704 1.01629 0.936912 1.38806e+09
9.5471 1.01608 0.935615 1.38806e+09
9.59715 1.01586 0.934194 1.38806e+09
9.64719 1.01563 0.932657 1.38806e+09
9.69723 1.01539 0.931008 1.38806e+09
9.74726 1.01515 0.929255 1.38806e+09
9.79729 1.0149 0.927402 1.38806e+09
9.84731 1.01464 0.925456 1.38806e+09
9.89733 1.01438 0.923422 1.38806e+09
9.94734 1.01411 0.921304 1.38806e+09
9.99735 1.01383 0.919107 1.38806e+09
10.0474 1.01355 0.916836 1.38806e+09
10.0974 1.01326 0.914493 1.38806e+09
10.1474 1.01296 0.912084 1.38806e+09
10.1974 1.01266 0.909612 1.38806e+09
10.2474 1.01235 0.90708 1.38806e+09
10.2974 1.01204 0.904492 1.38806e+09
10.3474 1.01172 0.901851 1.38806e+09
10.3974 1.0114 0.899159 1.38806e+09
10.4474 1.01108 0.89642 1.38806e+09
10.4974 1.01075 0.893635 1.38806e+09
10.5474 1.01041 0.890809 1.38806e+09
10.5974 1.01007 0.887942 1.38806e+09
10.6474 1.00973 0.885037 1.38806e+09
10.6974 1.00938 0.882096 1.38806e+09
10.7474 1.00904 0.879121 1.38806e+09
10.7974 1.00868 0.876114 1.38806e+09
10.8474 1.00833 0.873077 1.38806e+09
10.8974 1.00797 0.870011 1.38806e+09
10.9474 1.00761 0.866918 1.38806e+09
10.9974 1.00724 0.8638 1.38806e+09
11.0474 1.00687 0.860657 1.38806e+09
11.0974 1.0065 0.857492 1.38806e+09
11.1474 1.00613 0.854305 1.38806e+09
11.1974 1.00576 0.851097 1.38806e+09
11.2474 1.00538 0.847871 1.38806e+09
11.2974 1.005 0.844626 1.38806e+09
11.3474 1.00462 0.841364 1.38806e+09
11.3974 1.00424 0.838085 1.38806e+09
11.4474 1.00385 0.834792 1.38806e+09
11.4974 1.00347 0.831483 1.38806e+09
11.5474 1.00308 0.828161 1.38806e+09
11.5974 1.00269 0.824826 1.38806e+09
11.6474 1.0023 0.821479 1.38806e+09
11.6974 1.00191 0.81812 1.38806e+09
11.7474 1.00152 0.81475 1.38806e+09
11.7974 1.00112 0.81137 1.38806e+09
11.8474 1.00072 0.80798 1.38806e+09
11.9052 0.982961 0.806888 1.38806e+09
