0.0842826 0.526241 0.939 1.80005
0.0768515 0.532508 0.940742 1.90005
0.0786855 0.537612 0.941382 2.00005
0.0883024 0.541551 0.94129 2.10005
0.104446 0.544248 0.940715 2.20005
0.126045 0.545591 0.939826 2.30005
0.152184 0.545456 0.938735 2.40005
0.182077 0.543722 0.93752 2.50005
0.215046 0.540282 0.93623 2.60005
0.250508 0.535041 0.934902 2.70005
0.287951 0.527922 0.933557 2.80005
0.326931 0.518859 0.93221 2.90005
0.367056 0.507803 0.930872 3.00005
0.40798 0.494716 0.929549 3.10005
0.449392 0.479572 0.928246 3.20005
0.491015 0.462358 0.926965 3.30005
0.532598 0.443072 0.925708 3.40005
0.573914 0.421721 0.924476 3.50005
0.614753 0.398323 0.92327 3.60005
0.654925 0.372905 0.922089 3.70005
0.694255 0.345505 0.920935 3.80005
0.73258 0.316166 0.919806 3.90005
0.769749 0.284942 0.918702 4.00005
0.805623 0.251892 0.917624 4.10005
0.840072 0.217083 0.916571 4.20005
0.872976 0.180587 0.915543 4.30005
0.904224 0.142484 0.914539 4.40005
0.93371 0.102858 0.913558 4.50005
0.919647 0.100284 0.915483 4.60005
0.912064 0.0917109 0.916367 4.70005
0.910118 0.077808 0.916558 4.80005
0.913283 0.0595337 0.916291 4.90005
0.921132 0.0378321 0.915724 5.00005
0.933265 0.0135419 0.914964 5.10005
0.94931 -0.0126206 0.914082 5.20005
0.968916 -0.0400523 0.913125 5.30005
0.991764 -0.0682468 0.912126 5.40005
1.01756 -0.0967768 0.911103 5.50005
1.04606 -0.125279 0.910072 5.60005
1.07701 -0.153442 0.909041 5.70005
1.11022 -0.180994 0.908016 5.80005
1.1455 -0.207698 0.907 5.90005
1.18268 -0.233346 0.905997 6.00005
1.22161 -0.257753 0.905006 6.10005
1.26213 -0.280753 0.904029 6.20005
1.3041 -0.3022 0.903067 6.30005
1.34741 -0.321962 0.90212 6.40005
1.3919 -0.339924 0.901187 6.50005
1.43746 -0.355981 0.90027 6.60005
1.48396 -0.370042 0.899367 6.70005
1.53127 -0.382029 0.898478 6.80005
1.57927 -0.391871 0.897604 6.90005
1.62783 -0.39951 0.896744 7.00005
1.67683 -0.404896 0.895897 7.10005
1.72614 -0.40799 0.895065 7.20005
1.71808 -0.401966 0.896761 7.30005
1.71921 -0.397057 0.897314 7.40005
1.72815 -0.392811 0.897106 7.50005
1.74369 -0.389118 0.896398 7.60005
1.76477 -0.385935 0.895372 7.70005
1.79051 -0.383216 0.894152 7.80005
1.82015 -0.380908 0.892822 7.90005
1.85308 -0.378953 0.891438 8.00005
1.88875 -0.377292 0.890041 8.10005
1.92673 -0.375873 0.888653 8.20005
1.96664 -0.374646 0.887292 8.30005
2.00818 -0.373571 0.885968 8.40005
2.05108 -0.372611 0.884687 8.50005
2.09512 -0.371737 0.883451 8.60005
2.14012 -0.370924 0.882262 8.70005
2.18593 -0.370153 0.88112 8.80005
2.23241 -0.369408 0.880024 8.90005
2.27945 -0.368676 0.878973 9.00005
2.32697 -0.367946 0.877964 9.10005
2.37489 -0.367211 0.876996 9.20005
2.42314 -0.366466 0.876066 9.30005
2.47167 -0.365704 0.875174 9.40005
2.52044 -0.364924 0.874317 9.50005
2.5694 -0.364122 0.873493 9.60005
2.61853 -0.363296 0.872701 9.70005
2.6678 -0.362447 0.871938 9.80005
2.71718 -0.361573 0.871203 9.90005
2.76666 -0.360674 0.870494 10
2.81622 -0.35975 0.869811 10.1
2.86586 -0.358801 0.869151 10.2
2.91555 -0.357828 0.868514 10.3
2.96528 -0.356832 0.867897 10.4
3.01506 -0.355812 0.867301 10.5
3.06487 -0.35477 0.866723 10.6
3.11471 -0.353707 0.866163 10.7
3.16457 -0.352623 0.86562 10.8
3.21446 -0.351519 0.865092 10.9
3.26435 -0.350396 0.86458 11
3.31427 -0.349255 0.864081 11.1
3.36419 -0.348096 0.863596 11.2
3.41413 -0.34692 0.863124 11.3
3.46407 -0.345727 0.862663 11.4
3.51402 -0.34452 0.862214 11.5
3.56397 -0.343297 0.861775 11.6
3.61393 -0.342061 0.861346 11.7
3.66389 -0.340811 0.860927 11.8
3.71386 -0.339548 0.860517 11.9
3.76383 -0.338273 0.860115 12
3.8138 -0.336986 0.859721 12.1
3.86377 -0.335688 0.859335 12.2
3.91374 -0.334379 0.858956 12.3
3.96372 -0.33306 0.858584 12.4
4.01369 -0.331732 0.858218 12.5
4.06367 -0.330394 0.857858 12.6
4.11365 -0.329047 0.857503 12.7
4.16363 -0.327691 0.857155 12.8
4.2136 -0.326328 0.856811 12.9
4.26358 -0.324957 0.856472 13
4.31356 -0.323579 0.856137 13.1
4.36354 -0.322193 0.855807 13.2
4.41352 -0.320801 0.855481 13.3
4.4635 -0.319403 0.855159 13.4
4.51348 -0.317998 0.85484 13.5
4.56346 -0.316588 0.854525 13.6
4.61344 -0.315172 0.854213 13.7
4.66342 -0.313751 0.853905 13.8
4.71339 -0.312325 0.853599 13.9
4.76337 -0.310894 0.853295 14
4.81335 -0.309458 0.852995 14.1
4.86333 -0.308019 0.852696 14.2
4.91331 -0.306575 0.8524 14.3
4.96329 -0.305126 0.852107 14.4
5.01327 -0.303675 0.851815 14.5
5.06325 -0.302219 0.851525 14.6
5.11323 -0.30076 0.851237 14.7
5.1632 -0.299298 0.850951 14.8
5.21318 -0.297833 0.850667 14.9
5.26316 -0.296365 0.850384 15
5.31314 -0.294894 0.850102 15.1
5.36312 -0.29342 0.849822 15.2
5.4131 -0.291943 0.849543 15.3
5.46307 -0.290464 0.849266 15.4
5.51305 -0.288983 0.848989 15.5
5.56303 -0.2875 0.848714 15.6
5.61301 -0.286014 0.84844 15.7
5.66298 -0.284526 0.848167 15.8
5.71296 -0.283036 0.847894 15.9
5.76294 -0.281545 0.847623 16
5.81292 -0.280052 0.847352 16.1
5.8629 -0.278557 0.847083 16.2
5.91287 -0.27706 0.846813 16.3
5.96285 -0.275562 0.846545 16.4
6.01283 -0.274062 0.846277 16.5
6.06281 -0.272561 0.84601 16.6
6.11278 -0.271059 0.845744 16.7
6.16276 -0.269555 0.845478 16.8
6.21274 -0.26805 0.845213 16.9
6.26272 -0.266544 0.844948 17
6.31269 -0.265037 0.844683 17.1
6.36267 -0.263528 0.844419 17.2
6.41265 -0.262019 0.844156 17.3
6.46262 -0.260509 0.843893 17.4
6.5126 -0.258998 0.84363 17.5
6.56258 -0.257486 0.843367 17.6
6.61256 -0.255973 0.843105 17.7
6.66253 -0.254459 0.842844 17.8
6.71251 -0.252945 0.842582 17.9
6.76249 -0.25143 0.842321 18
6.81246 -0.249914 0.84206 18.1
6.86244 -0.248397 0.8418 18.2
6.91242 -0.24688 0.841539 18.3
6.96239 -0.245363 0.841279 18.4
7.01237 -0.243844 0.841019 18.5
7.06235 -0.242326 0.840759 18.6
7.11233 -0.240806 0.8405 18.7
7.1623 -0.239286 0.84024 18.8
7.21228 -0.237766 0.839981 18.9
7.26226 -0.236245 0.839722 19
7.31223 -0.234724 0.839463 19.1
7.36221 -0.233202 0.839205 19.2
7.41219 -0.23168 0.838946 19.3
7.46216 -0.230158 0.838687 19.4
7.51214 -0.228635 0.838429 19.5
7.56212 -0.227112 0.838171 19.6
7.61209 -0.225589 0.837913 19.7
7.66207 -0.224065 0.837655 19.8
7.71205 -0.222541 0.837397 19.9
7.76202 -0.221017 0.837139 20
7.812 -0.219492 0.836881 20.1
7.86198 -0.217967 0.836624 20.2
7.91195 -0.216442 0.836366 20.3
7.96193 -0.214917 0.836108 20.4
8.01191 -0.213391 0.835851 20.5
8.06188 -0.211866 0.835594 20.6
8.11186 -0.21034 0.835336 20.7
8.16184 -0.208813 0.835079 20.8
8.21181 -0.207287 0.834822 20.9
8.26179 -0.205761 0.834565 21
8.31177 -0.204234 0.834308 21.1
8.36174 -0.202707 0.834051 21.2
8.41172 -0.20118 0.833794 21.3
8.4617 -0.199653 0.833537 21.4
8.51167 -0.198126 0.83328 21.5
8.56165 -0.196598 0.833023 21.6
8.61163 -0.195071 0.832766 21.7
8.6616 -0.193543 0.832509 21.8
8.71158 -0.192015 0.832252 21.9
8.76156 -0.190488 0.831996 22
8.81153 -0.18896 0.831739 22.1
8.86151 -0.187432 0.831482 22.2
8.91149 -0.185903 0.831225 22.3
8.96146 -0.184375 0.830969 22.4
9.01144 -0.182847 0.830712 22.5
9.06142 -0.181318 0.830456 22.6
9.11139 -0.17979 0.830199 22.7
9.16137 -0.178261 0.829942 22.8
9.21135 -0.176733 0.829686 22.9
9.26132 -0.175204 0.829429 23
9.3113 -0.173675 0.829173 23.1
9.36128 -0.172146 0.828916 23.2
9.41125 -0.170617 0.82866 23.3
9.46123 -0.169088 0.828403 23.4
9.51121 -0.167559 0.828147 23.5
9.56118 -0.16603 0.82789 23.6
9.61116 -0.164501 0.827634 23.7
9.66114 -0.162972 0.827377 23.8
9.71111 -0.161443 0.827121 23.9
9.76109 -0.159914 0.826865 24
9.81107 -0.158384 0.826608 24.1
9.86104 -0.156855 0.826352 24.2
9.91102 -0.155325 0.826095 24.3
9.961 -0.153796 0.825839 24.4
10.011 -0.152267 0.825583 24.5
10.061 -0.150737 0.825326 24.6
10.1109 -0.149208 0.82507 24.7
10.1609 -0.147678 0.824814 24.8
10.2109 -0.146149 0.824557 24.9
10.2609 -0.144619 0.824301 25
10.3108 -0.143089 0.824045 25.1
10.3608 -0.14156 0.823788 25.2
10.4108 -0.14003 0.823532 25.3
10.4608 -0.1385 0.823276 25.4
10.5107 -0.136971 0.823019 25.5
10.5607 -0.135441 0.822763 25.6
10.6107 -0.133911 0.822507 25.7
10.6607 -0.132381 0.82225 25.8
10.7106 -0.130852 0.821994 25.9
10.7606 -0.129322 0.821738 26
10.8106 -0.127792 0.821481 26.1
10.8606 -0.126262 0.821225 26.2
10.9106 -0.124732 0.820969 26.3
10.9605 -0.123203 0.820713 26.4
11.0105 -0.121673 0.820456 26.5
11.0605 -0.120143 0.8202 26.6
11.1105 -0.118613 0.819944 26.7
11.1604 -0.117083 0.819687 26.8
11.2104 -0.115553 0.819431 26.9
11.2604 -0.114023 0.819175 27
11.3104 -0.112493 0.818919 27.1
11.3603 -0.110963 0.818662 27.2
11.4103 -0.109433 0.818406 27.3
11.4603 -0.107903 0.81815 27.4
11.5103 -0.106373 0.817893 27.5
11.5602 -0.104843 0.817637 27.6
11.6102 -0.103313 0.817381 27.7
11.6602 -0.101783 0.817125 27.8
11.7102 -0.100253 0.816868 27.9
11.7602 -0.0987234 0.816612 28
11.8101 -0.0971934 0.816356 28.1
11.8601 -0.0956634 0.8161 28.2
11.9101 -0.0941334 0.815843 28.3
11.9601 -0.0926033 0.815587 28.4
12.01 -0.0910733 0.815331 28.5
12.06 -0.0895433 0.815075 28.6
12.11 -0.0880132 0.814818 28.7
12.16 -0.0864832 0.814562 28.8
12.2099 -0.0849531 0.814306 28.9
12.2599 -0.0834231 0.81405 29
12.3099 -0.081893 0.813793 29.1
12.3599 -0.0803629 0.813537 29.2
12.4098 -0.0788329 0.813281 29.3
12.4598 -0.0773028 0.813025 29.4
12.5098 -0.0757727 0.812768 29.5
12.5598 -0.0742427 0.812512 29.6
12.6098 -0.0727126 0.812256 29.7
12.6597 -0.0711825 0.811999 29.8
12.7097 -0.0696524 0.811743 29.9
12.7597 -0.0681223 0.811487 30
12.8097 -0.0665922 0.811231 30.1
12.8596 -0.0650621 0.810974 30.2
12.9096 -0.063532 0.810718 30.3
12.9596 -0.0620019 0.810462 30.4
13.0096 -0.0604718 0.810206 30.5
13.0595 -0.0589417 0.809949 30.6
13.1095 -0.0574116 0.809693 30.7
13.1595 -0.0558815 0.809437 30.8
13.2095 -0.0543514 0.809181 30.9
13.2595 -0.0528213 0.808924 31
13.3094 -0.0512912 0.808668 31.1
13.3594 -0.0497611 0.808412 31.2
13.4094 -0.048231 0.808156 31.3
13.4594 -0.0467009 0.807899 31.4
13.5093 -0.0451708 0.807643 31.5
13.5593 -0.0436407 0.807387 31.6
13.6093 -0.0421105 0.807131 31.7
13.6593 -0.0405804 0.806874 31.8
13.7092 -0.0390503 0.806618 31.9
13.7592 -0.0375202 0.806362 32
13.8092 -0.0359901 0.806106 32.1
13.8592 -0.0344599 0.805849 32.2
13.9091 -0.0329298 0.805593 32.3
13.9591 -0.0313997 0.805337 32.4
14.0091 -0.0298696 0.805081 32.5
14.0591 -0.0283395 0.804824 32.6
14.1091 -0.0268093 0.804568 32.7
14.159 -0.0252792 0.804312 32.8
14.209 -0.0237491 0.804056 32.9
14.259 -0.0222189 0.803799 33
14.309 -0.0206888 0.803543 33.1
14.3589 -0.0191587 0.803287 33.2
14.4089 -0.0176286 0.803031 33.3
14.4589 -0.0160984 0.802774 33.4
14.5089 -0.0145683 0.802518 33.5
14.5588 -0.0130382 0.802262 33.6
14.6088 -0.011508 0.802006 33.7
14.6588 -0.00997791 0.801749 33.8
14.7088 -0.00844778 0.801493 33.9
14.7587 -0.00691765 0.801237 34
14.8087 -0.00538752 0.800981 34.1
14.8587 -0.00385739 0.800724 34.2
