1388303492.218383753 0.971721 -0.0683996 1.296 3.491 0.167489 -0.0117896  0.223383 0.010502 7
1388303492.318364770 0.979072 -0.0693248 1.284 3.474 0.0735278 0  -0.120023 -0.00296762 7
1388303492.418362205 0.984238 -0.0667506 1.256 3.394 0.0516616 0.0257422  -0.280007 -0.013963 7
1388303492.518362571 0.986942 -0.0637343 1.239 3.449 0.0270337 0.0301632  -0.169999 0.00959925 7
1388303492.618361869 0.987279 -0.058072 1.223 3.498 0 0.0566234  -0.160001 0.00855218 7
1388303492.718355745 0.986359 -0.0514512 1.229 3.605 0 0.0662118  0.0600037 0.0186762 7
1388303492.818372628 0.984944 -0.0461181 1.221 3.753 -0.0141453 0.0533221  -0.0799865 0.0258265 7
1388303492.918370267 0.984076 -0.040505 1.221 3.872 0 0.0561318  0 0.0207699 7
1388303493.018364249 0.983625 -0.0341782 1.221 4.008 0 0.0632721  0 0.0237379 7
1388303493.118360693 0.982925 -0.0303101 1.222 4.05 0 0.0386829  0.0100004 0.00733069 7
1388303493.218353622 0.981567 -0.0254724 1.219 4.023 -0.0135804 0.0483801  -0.0300021 -0.0047128 7
1388303493.318361360 0.979962 -0.0206877 1.215 4.026 -0.0160524 0.0478429  -0.0399969 0.000523604 7
1388303493.418371163 0.977853 -0.0165935 1.213 4.056 -0.0210824 0.0409386  -0.019998 0.00523551 7
1388303493.518361508 0.976593 -0.0135181 1.215 4.103 -0.0125999 0.0307566  0.0200019 0.00820383 7
1388303493.618360606 0.975223 -0.0109363 1.215 4.084 -0.0137047 0.0258185  0 -0.00331616 7
1388303493.718360987 0.973235 -0.0104643 1.219 4.073 -0.0198809 0  0.0399998 -0.00191988 7
1388303493.818361683 0.972119 -0.0106161 1.222 4.054 -0.0111525 0  0.0299998 -0.00331611 4
1388303493.918446426 0.967628 0.0568439 1.218 0.0710001 -0.028077 -0.0129103  -0.0399661 -0.694576 4
1388303494.018418333 0.965337 0.0554797 1.216 0.142 -0.022909 -0.0136462  -0.0200056 0.0123953 4
1388303494.118376860 0.962312 0.0544215 1.217 0.264 -0.0302618 -0.0105858  0.0100041 0.0213018 4
1388303494.218420882 0.9594 0.0523757 1.218 0.304 -0.0291081 -0.0204497  0 0.00697824 4
1388303494.318431007 0.955984 0.0500284 1.219 0.303 -0.0341577 -0.0234707  0 -0.000174503 4
1388303494.418374503 0.951167 0.0472003 1.223 0.293 -0.0481998 -0.0282968  0.0400226 -0.00174627 4
1388303494.518417112 0.945745 0.0427521 1.232 0.217 -0.0541972 -0.0444629  0.0899617 -0.0132589 4
1388303494.618394727 0.941078 0.0382674 1.226 0.189 -0.0466815 -0.0448574  -0.0600134 -0.00488799 4
1388303494.718415461 0.935782 0.0332381 1.219 0.0799999 -0.0529498 -0.0502819  -0.0699855 -0.0190202 4
1388303494.818407859 0.930403 0.0287932 1.215 -0.00699997 -0.0537893 -0.0444528  -0.040003 -0.0151855 4
1388303494.918406386 0.922102 0.0240459 1.213 -0.161 -0.0830113 -0.0474738  -0.0200003 -0.0268785 4
1388303495.018414631 0.9129 0.0192019 1.212 -0.229 -0.0920171 -0.0484354  0 -0.0118672 4
1388303495.118403896 0.902054 0.0145819 1.21 -0.336 -0.108464 -0.0462053  -0.0200021 -0.018677 4
1388303495.318815105 0.882604 0.00673843 1.209 -0.654 -0.0970507 -0.0391369  0 -0.0276938 3
1388303495.419119906 0.874988 0.00225217 1.204 -0.839 -0.075936 -0.0447263  -0.0498481 -0.0321905 3
1388303495.519383873 0.870051 -0.000220604 1.202 -0.942 -0.0492402 -0.0246626  -0.0199473 -0.0179296 3
1388303495.619636481 0.864473 -0.00406086 1.199 -0.694 -0.0556408 -0.0383058  -0.0299244 0.0431751 3
1388303495.719866843 0.858838 -0.00852899 1.196 -0.096 -0.0562168 -0.0445786  -0.0299311 0.104131 3
1388303495.820136416 0.862284 -0.0114223 1.19 0.398 0.0343675 -0.0288551  -0.0598387 0.0859875 3
1388303495.920387746 0.874039 -0.0103034 1.183 0.921 0.117255 0.0111611  -0.0698245 0.0910518 3
1388303496.020624742 0.89673 -0.00513419 1.185 1.339 0.226376 0.0515695  0.0199527 0.0727823 3
1388303496.120871261 0.93715 0.00371872 1.179 1.717 0.403201 0.0883114  -0.0598525 0.0658112 3
1388303496.221113469 0.988153 0.0149567 1.176 1.907 0.508806 0.112109  -0.0299275 0.0330811 3
1388303496.321360893 1.05046 0.0264163 1.176 2.081 0.621567 0.114313  0 0.0302938 3
1388303496.421629040 1.12255 0.0370346 1.175 2.22 0.718946 0.105899  0 0.0241952 3
1388303496.521880375 1.19546 0.0463973 1.175 2.357 0.727265 0.093392  0 0.023851 3
1388303496.622123297 1.27169 0.0543177 1.179 2.62 0.760459 0.0790125  0.0399031 0.0457909 3
1388303496.722364563 1.33706 0.060625 1.178 2.848 0.652108 0.062921  0 0.0396978 3
1388303497.054747792 1.46171 0.0809367 1.17 3.83 0.37502 0.0611092  -0.0240686 0.0515644 3
1388303497.155046047 1.48386 0.0887029 1.167 4.094 0.220872 0.0774313  -0.0299108 0.0459397 3
1388303497.255390768 1.51316 0.0998759 1.166 4.412 0.291954 0.111345  0 0.0553108 3
1388303497.355679349 1.53768 0.112188 1.163 4.679 0.244526 0.122765  -0.0299137 0.0464662 3
1388303497.455978630 1.56703 0.124963 1.163 4.908 0.292649 0.127374  0 0.0398488 3
1388303497.556290375 1.60358 0.138668 1.162 5.136 0.36427 0.136621  0 0.0396698 3
1388303497.656615981 1.64972 0.15295 1.165 5.338 0.459994 0.142354  0.0299026 0.0351413 3
1388303497.756916602 1.70629 0.169002 1.165 5.452 0.563929 0.160045  0 0.019837 3
1388303497.857204469 1.77897 0.186552 1.17 5.448 0.72475 0.174992  0.0498565 -0.000696077 3
1388303497.957509023 1.85537 0.20613 1.181 5.322 0.761652 0.195182  0.109666 -0.0219243 3
1388303498.057827638 1.9341 0.228476 1.187 5.138 0.784829 0.222756  0.0598094 -0.0320121 3
1388303498.158137278 2.00669 0.251917 1.189 4.8 0.72369 0.233681  0.0199383 -0.0588101 3
1388303498.258485390 2.07592 0.275375 1.197 4.421 0.689815 0.23377  0.0797225 -0.0659185 3
1388303498.358800925 2.13785 0.298701 1.192 3.946 0.617418 0.232524  -0.0498427 -0.0826424 3
1388303498.459109818 2.18838 0.317676 1.193 3.438 0.503695 0.18917  0 -0.0883897 3
1388303498.559399641 2.22952 0.334696 1.189 2.873 0.410233 0.16971  -0.0398844 -0.0983261 3
1388303498.659690072 2.25914 0.349341 1.178 2.215 0.295398 0.146018  -0.109681 -0.11451 3
1388303498.759991789 2.28372 0.36229 1.168 1.545 0.244981 0.129104  -0.0996992 -0.116585 3
1388303498.860312422 2.30272 0.374196 1.167 0.971 0.189415 0.118681  0 -0.0998617 3
1388303498.960605083 2.3398 0.387199 1.167 0.314 0.369751 0.129646  0 -0.114334 3
1388303499.060896763 2.39042 0.397767 1.171 -0.306 0.50468 0.105374  0.0398837 -0.107896 3
1388303499.161187409 2.44829 0.408266 1.176 -0.945 0.577091 0.104688  0.0498551 -0.111203 3
1388303499.261508315 2.51008 0.418554 1.187 -1.487 0.615858 0.102554  0.109648 -0.0942943 3
1388303499.361804244 2.58663 0.427699 1.189 -1.981 0.763269 0.0911749  0.019941 -0.0859649 3
1388303499.462098791 2.66918 0.434588 1.186 -2.419 0.823071 0.0686927  -0.0299119 -0.0762209 3
1388303499.562402131 2.7521 0.441947 1.183 -2.757 0.826722 0.0733614  -0.0299093 -0.0588137 3
1388303499.662694816 2.83241 0.446279 1.182 -3.001 0.800772 0.0431918  0 -0.0424618 3
1388303499.762992116 2.90866 0.448717 1.173 -3.161 0.760239 0.0243138  -0.0897332 -0.0278425 3
1388303499.863284293 2.97035 0.448354 1.165 -3.156 0.615068 0  -0.0797669 0.000870121 3
1388303499.963565172 3.01161 0.447837 1.162 -3.093 0.411474 0  -0.029916 0.0109648 3
1388303500.063855553 3.02762 0.447743 1.148 -3.008 0.159573 0  -0.139595 0.0147923 3
1388303500.164137582 3.03898 0.445029 1.134 -2.856 0.113275 -0.0270641  -0.139606 0.0264544 3
1388303500.264451194 3.04909 0.44401 1.119 -2.816 0.100822 -0.0101546  -0.149531 0.00695951 3
1388303500.364734805 3.06472 0.443958 1.108 -2.774 0.155877 0  -0.109689 0.00730964 3
1388303500.465033120 3.08299 0.446264 1.096 -2.607 0.182108 0.0229957  -0.119643 0.0290603 3
1388303500.565326297 3.11972 0.450523 1.091 -2.373 0.366239 0.0424648  -0.0498538 0.0407213 3
1388303500.665623338 3.18648 0.456604 1.089 -2.156 0.665596 0.0606249  -0.0199408 0.0377615 3
1388303500.765934755 3.25167 0.462943 1.092 -1.816 0.649894 0.063199  0.0299069 0.059157 3
1388303500.866228116 3.31956 0.471043 1.099 -1.588 0.67693 0.0807566  0.0697952 0.0396771 3
1388303500.966515482 3.39401 0.479866 1.102 -1.314 0.7424 0.0879837  0.029914 0.047685 3
1388303501.066810180 3.46904 0.489543 1.103 -1 0.748062 0.0964838  0 0.0546423 3
1388303501.167116563 3.54439 0.499774 1.107 -0.65 0.751208 0.101998  0.0398778 0.0609 3
1388303501.267401891 3.62108 0.512631 1.109 -0.217 0.764717 0.128198  0.0199431 0.0753577 3
1388303501.367715253 3.67424 0.52366 1.113 0.14 0.529948 0.109945  0.039875 0.0621136 3
1388303501.468012263 3.73703 0.536157 1.114 0.41 0.626066 0.1246  0 0.0469844 3
1388303501.568317395 3.7959 0.549981 1.111 0.708 0.586867 0.137827  -0.0299087 0.0518526 3
1388303501.668609558 3.84824 0.563975 1.11 0.948 0.521885 0.139526  0 0.0417658 3
1388303501.768908879 3.89145 0.582138 1.105 1.203 0.43082 0.181088  -0.0498508 0.0443731 3
1388303501.869208357 3.93424 0.610256 1.101 1.368 0.426571 0.280347  -0.0398806 0.0287119 3
1388303501.969534469 3.98292 0.64178 1.097 1.436 0.485205 0.314212  -0.03987 0.0118296 3
1388303502.069820392 4.03453 0.673859 1.094 1.396 0.514632 0.319873  -0.0299145 -0.00696141 3
1388303502.346994304 4.163 0.749798 1.085 0.938 0.463523 0.273976  -0.0324706 -0.0288397 3
1388303502.447255852 4.20673 0.776199 1.079 0.656 0.436111 0.263325  -0.0598435 -0.0490899 3
1388303502.547496532 4.25357 0.80275 1.072 0.297 0.467256 0.264867  -0.0698319 -0.0625069 3
1388303502.647736779 4.2978 0.81934 1.066 0.0310001 0.441249 0.165503  -0.0598562 -0.0463145 3
1388303502.747999235 4.33791 0.83911 1.06 -0.366 0.400104 0.197181  -0.0598429 -0.0691082 3
1388303502.848294876 4.37932 0.855206 1.052 -0.729 0.412851 0.160491  -0.0797642 -0.0631687 3
1388303502.948526504 4.42074 0.869349 1.047 -1.05 0.413278 0.1411  -0.0498845 -0.0558956 3
1388303503.048816841 4.45976 0.881994 1.041 -1.33 0.389042 0.126088  -0.0598263 -0.0487277 3
1388303503.149282291 4.49933 0.895601 1.042 -1.641 0.393909 0.135443  0 -0.0540282 3
1388303503.249515884 4.54538 0.913394 1.038 -1.826 0.459403 0.17751  -0.0399068 -0.0322134 3
1388303503.349800275 4.59138 0.923874 1.04 -2.126 0.458645 0.1045  0.0199433 -0.0522114 3
1388303503.450051169 4.63742 0.930806 1.047 -2.387 0.459258 0.0691507  0.0698248 -0.0454391 3
1388303503.550297178 4.68893 0.935988 1.05 -2.58 0.513903 0.0516939  0.0299264 -0.0336022 3
1388303503.650570874 4.74808 0.938611 1.057 -2.734 0.589817 0.0261551  0.0698089 -0.0268047 3
1388303503.750810813 4.80717 0.936438 1.066 -2.773 0.5895 -0.021677  0.0897846 -0.0067905 3
1388303503.851056125 4.86208 0.931243 1.076 -2.641 0.547735 -0.0518264  0.0997553 0.022982 3
1388303503.951344438 4.90968 0.92392 1.088 -2.321 0.474629 -0.07302  0.119655 0.05569 3
1388303504.051620003 4.95669 0.913801 1.091 -1.862 0.468838 -0.100904  0.0299176 0.0798904 3
1388303504.151873966 5.00029 0.902435 1.094 -1.297 0.434951 -0.113377  0.029924 0.0983613 3
1388303504.252114486 5.03806 0.892908 1.095 -0.678 0.376696 -0.0950413  0 0.107777 3
1388303504.352366272 5.07515 0.882565 1.092 -0.053 0.37004 -0.103171  -0.0299247 0.108809 3
1388303504.452611707 5.11351 0.875383 1.099 0.568 0.382644 -0.0716453  0.0698286 0.10812 3
1388303504.552855554 5.15164 0.870237 1.102 1.213 0.380392 -0.0513302  0.029927 0.1123 3
1388303504.653117403 5.19036 0.866574 1.102 2.035 0.386169 -0.0365358  0 0.143091 3
1388303504.753357990 5.23381 0.86517 1.102 2.805 0.433451 -0.0140055  0 0.134068 3
1388303504.853610376 5.27803 0.867137 1.1 3.643 0.441059 0.019624  -0.0199496 0.14589 3
1388303504.953862705 5.32376 0.871322 1.099 4.412 0.456176 0.0417447  0 0.133878 3
1388303505.054109060 5.37304 0.878243 1.099 5.155 0.491638 0.069036  0 0.129359 3
1388303505.154358458 5.4232 0.886516 1.097 5.58 0.500282 0.0825246  -0.0199502 0.073992 3
1388303505.254722724 5.47318 0.897549 1.099 6.41 0.497998 0.109926  0.0199274 0.144337 3
1388303505.354961793 5.52177 0.906098 1.098 7.205 0.484709 0.0852904  0 0.138423 3
1388303505.455227214 5.57062 0.91562 1.097 7.769 0.487262 0.0949702  0 0.098176 3
1388303505.555478459 5.62426 0.927638 1.096 8.144 0.535023 0.119879  0 0.0652858 3
1388303505.655719641 5.67373 0.938289 1.092 8.409 0.493481 0.106247  -0.0399038 0.04614 3
1388303505.755957588 5.722 0.947958 1.09 8.546 0.481632 0.0964655  -0.0199525 0.0238543 3
1388303505.856194808 5.76948 0.961014 1.083 8.519 0.473631 0.130251  -0.0698343 -0.00470131 3
1388303505.956427430 5.82011 0.974075 1.079 8.391 0.505173 0.130302  -0.0399072 -0.0222884 3
1388303506.056666569 5.87173 0.986688 1.079 8.207 0.514958 0.125834  0 -0.0320374 3
1388303506.156900977 5.92349 1.00043 1.077 8.016 0.516391 0.137064  -0.0199532 -0.0332578 3
1388303506.257161961 5.9791 1.01472 1.072 7.498 0.554645 0.142546  -0.0498698 -0.0901727 3
1388303506.357404139 6.0371 1.03022 1.069 7.037 0.578534 0.154619  -0.0299275 -0.0802654 3
1388303506.457627937 6.09362 1.04239 1.062 6.468 0.564034 0.121449  -0.0698437 -0.0990874 3
1388303506.557876756 6.14956 1.05413 1.057 5.895 0.557943 0.117072  -0.0498759 -0.0997591 3
1388303506.658173761 6.20802 1.06487 1.049 5.237 0.582869 0.107088  -0.0797631 -0.114503 3
1388303506.758409933 6.26823 1.07338 1.045 4.616 0.600699 0.0849065  -0.0399058 -0.10813 3
1388303506.858646719 6.32674 1.07998 1.041 3.995 0.583761 0.0658591  -0.0399055 -0.108129 3
1388303506.958880520 6.38044 1.08436 1.035 3.438 0.535735 0.0437002  -0.05986 -0.096988 3
1388303507.059128195 6.43711 1.08515 1.032 2.847 0.565295 0  -0.0299259 -0.102894 3
1388303507.159376047 6.49045 1.0821 1.031 2.444 0.532032 -0.0303572  0 -0.0701628 3
1388303507.259625098 6.54375 1.07736 1.029 2.093 0.531714 -0.0472679  -0.0199503 -0.0611089 3
1388303507.359871519 6.59918 1.06935 1.027 1.857 0.552947 -0.0799567  -0.0199508 -0.0410885 3
1388303507.655950910 6.7489 1.04501 1.029 1.342 0.505663 -0.0821972  0 -0.0303582 3
1388303507.756195489 6.79606 1.03446 1.035 1.227 0.470484 -0.105248  0.0598536 -0.0200223 3
1388303507.856460337 6.83777 1.0244 1.036 1.138 0.415978 -0.100344  0 -0.0154924 3
1388303507.956793722 6.8798 1.0149 1.037 1.115 0.418885 -0.0946888  0 -0.00400088 3
1388303508.057028679 6.92497 1.00441 1.037 1.079 0.450703 -0.104655  0 -0.0062685 3
1388303508.157286697 6.96652 0.995305 1.038 1.067 0.414417 -0.0908054  0 -0.00208902 3
1388303508.257577823 7.0091 0.987737 1.039 1.09 0.42453 -0.0754655  0 0.00400265 3
1388303508.357875641 7.05854 0.983079 1.042 1.062 0.49296 -0.0464348  0.0299109 -0.00487239 3
1388303508.458118517 7.10424 0.977024 1.041 1.047 0.455866 -0.0604074  0 -0.00261171 3
1388303508.558367535 7.15157 0.971955 1.039 1.023 0.472102 -0.0505667  -0.0199503 -0.00417833 3
1388303508.658620788 7.20699 0.968211 1.042 1.012 0.552852 -0.0373399  0.0299242 -0.00191504 3
1388303508.758874513 7.2655 0.966223 1.044 1.026 0.583639 -0.0198278  0.0199494 0.00243727 3
1388303508.859159748 7.32587 0.964753 1.044 1.096 0.601952 -0.0146605  0 0.0121826 3
1388303508.959405153 7.38385 0.962133 1.042 1.067 0.578415 -0.0261402  -0.019951 -0.00504911 3
1388303509.059678804 7.43921 0.959442 1.043 1.051 0.552003 -0.0268333  0 -0.00278487 3
1388303509.159955431 7.49491 0.95936 1.043 1.069 0.55549 0  0 0.00313295 3
1388303509.260207761 7.5489 0.958969 1.038 1.046 0.538589 0  -0.0498742 -0.0040042 3
1388303509.360438639 7.59856 0.95767 1.031 0.984 0.495451 -0.0129567  -0.0698388 -0.0107961 3
1388303509.460683153 7.6425 0.959153 1.022 0.86 0.438262 0.0147904  -0.0897805 -0.0215893 3
1388303509.560947687 7.68783 0.958929 1.015 0.792 0.452119 0  -0.0698153 -0.0118369 3
1388303509.661188041 7.73677 0.95703 1.009 0.713 0.488282 -0.0189407  -0.0598561 -0.013755 3
1388303509.761415998 7.77981 0.956556 1.006 0.524 0.429415 0  -0.0299318 -0.0329117 3
1388303509.861656067 7.8334 0.956399 1.002 0.41 0.534538 0  -0.0399042 -0.0198491 3
1388303509.961911313 7.88754 0.956985 0.999 0.143 0.540037 0  -0.0299236 -0.0464817 3
1388303510.062162523 7.94241 0.960172 0.997 -0.0969999 0.547401 0.0317954  -0.0199499 -0.0417829 3
1388303510.162393434 7.99894 0.962741 0.995 -0.387 0.563975 0.0256299  -0.0199539 -0.0504979 3
1388303510.262648058 8.05747 0.964244 0.993 -0.679 0.583809 0.0149914  -0.0199492 -0.0508342 3
1388303510.362898357 8.1164 0.966643 0.991 -1.03 0.587859 0.0239301  -0.0199501 -0.0611081 3
1388303510.463149344 8.17555 0.968775 0.988 -1.395 0.590006 0.0212711  -0.0299249 -0.063545 3
1388303510.563398237 8.22953 0.970535 0.986 -1.74 0.538396 0.0175484  -0.0199503 -0.0600644 3
1388303510.663650546 8.27537 0.974442 0.981 -2.202 0.457239 0.0389761  -0.0498742 -0.0804313 3
1388303510.763893364 8.32308 0.977923 0.98 -2.666 0.476024 0.034722  0 -0.0807871 3
1388303510.864137599 8.37192 0.97943 0.98 -3.203 0.487132 0.0150384  0 -0.0934958 3
1388303510.964390059 8.42055 0.977393 0.977 -3.685 0.485153 -0.0203184  -0.0299245 -0.083913 3
1388303511.064631027 8.46994 0.971053 0.972 -4.211 0.492694 -0.0632543  -0.0498798 -0.0915836 3
1388303511.164882269 8.52013 0.96362 0.974 -4.678 0.500584 -0.0741423  0.0199499 -0.0813026 3
1388303511.265135456 8.57596 0.956869 0.972 -5.159 0.556955 -0.0673348  -0.0199495 -0.0837383 3
1388303511.365383190 8.63127 0.949382 0.97 -5.52 0.551744 -0.0746842  -0.0199506 -0.0628507 3
1388303511.465626337 8.68921 0.937702 0.968 -5.826 0.57794 -0.116523  -0.0199515 -0.0532775 3
1388303511.565881343 8.74547 0.928499 0.966 -6.152 0.561219 -0.0917916  -0.0199491 -0.056753 3
1388303511.666101068 8.78915 0.920407 0.966 -6.388 0.435775 -0.0807475  0 -0.0410995 3
1388303511.766362139 8.83424 0.908935 0.966 -6.576 0.449751 -0.114412  0 -0.0327267 3
1388303511.866625749 8.88757 0.894788 0.967 -6.764 0.531878 -0.141103  0 -0.0327259 3
1388303511.966854721 8.93463 0.879789 0.967 -6.921 0.469545 -0.149646  0 -0.0273391 3
1388303512.067118229 8.98323 0.864365 0.967 -7.019 0.48477 -0.153831  0 -0.0170592 3
1388303512.167416219 9.02942 0.849688 0.969 -7.032 0.460487 -0.146338  0.0199406 -0.00226219 3
1388303512.267646135 9.07541 0.834556 0.973 -7.013 0.458883 -0.15097  0.0399082 0.00330849 3
1388303512.367910605 9.12074 0.820351 0.972 -6.996 0.452047 -0.141679  0 0.00295927 3
1388303512.468157463 9.16566 0.808058 0.97 -6.971 0.44814 -0.122631  -0.0199507 0.00435255 3
1388303512.568385030 9.20897 0.796829 0.971 -6.981 0.432049 -0.112034  0 -0.00174136 3
1388303512.668637314 9.25981 0.787763 0.967 -7.022 0.5072 -0.0904326  -0.0398993 -0.00713782 3
1388303512.964846076 9.42582 0.763883 0.968 -7.068 0.560428 -0.0806177  0 -0.00271042 3
1388303513.065098715 9.47293 0.756886 0.963 -7.093 0.46989 -0.0697907  -0.049874 -0.00435234 3
1388303513.165417043 9.51764 0.749779 0.956 -7.11 0.445697 -0.0708455  -0.0697779 -0.00295764 3
1388303513.265704924 9.56055 0.743157 0.954 -7.096 0.427946 -0.0660336  -0.0199426 0.00243644 3
1388303513.365963898 9.59834 0.73699 0.946 -7.031 0.376859 -0.0615128  -0.0797934 0.0113153 3
1388303513.466215938 9.63508 0.731846 0.948 -7.012 0.366537 -0.0513094  0.0199497 0.0033078 3
1388303513.566499480 9.6728 0.726681 0.937 -6.963 0.376096 -0.051498  -0.109689 0.00852794 3
1388303513.666755193 9.7119 0.723595 0.932 -6.926 0.390033 -0.0307809  -0.0498725 0.00644124 3
1388303513.767003759 9.75325 0.720827 0.927 -6.86 0.412396 -0.027612  -0.049876 0.0114906 3
1388303513.867334057 9.80039 0.718555 0.925 -6.754 0.469887 -0.0226431  -0.0199342 0.0184396 3
1388303513.967577801 9.85405 0.71651 0.931 -6.644 0.535318 -0.0204072  0.0598541 0.019152 3
1388303514.067857667 9.90892 0.714128 0.93 -6.543 0.547119 -0.0237522  0 0.0175786 3
1388303514.168148984 9.96337 0.71288 0.936 -6.474 0.542913 -0.0124426  0.0598257 0.0120078 3
1388303514.268447349 10.0167 0.711836 0.943 -6.447 0.532234 -0.0104057  0.0697918 0.0046984 3
1388303514.368714539 10.0654 0.712453 0.942 -6.431 0.485425 0  0 0.00278505 3
1388303514.468968676 10.1119 0.713547 0.94 -6.423 0.463369 0.010914  -0.0199493 0.00139275 3
1388303514.569219744 10.1514 0.71428 0.946 -6.494 0.394351 0  0.0598497 -0.0123608 3
1388303514.669472291 10.2005 0.71488 0.952 -6.642 0.48978 0  0.0598489 -0.0257658 3
1388303514.769728358 10.2489 0.714108 0.949 -6.825 0.482879 0  -0.0299234 -0.0318579 3
1388303514.869979437 10.2932 0.712095 0.951 -7.111 0.442064 -0.0200855  0.0199499 -0.0497914 3
1388303514.970230989 10.3372 0.70915 0.948 -7.423 0.438244 -0.0293739  -0.0299247 -0.0543176 3
1388303515.070493331 10.3818 0.704138 0.949 -7.739 0.444813 -0.0499873  0 -0.0550081 3
1388303515.170774892 10.4337 0.696997 0.958 -7.954 0.517484 -0.0712135  0.0897473 -0.0374192 3
1388303515.271029689 10.4769 0.686768 0.96 -8.131 0.431104 -0.102024  0.0199492 -0.0308138 3
1388303515.371313309 10.5242 0.674945 0.957 -8.299 0.471898 -0.117893  -0.0299152 -0.0292386 3
1388303515.471554353 10.5732 0.662159 0.951 -8.331 0.488293 -0.127552  -0.0598557 -0.00557163 3
1388303515.571797816 10.6176 0.647886 0.951 -8.314 0.443335 -0.142391  0 0.00295981 3
1388303515.672049267 10.6648 0.635609 0.95 -8.28 0.47109 -0.122461  0 0.0059193 3
1388303515.772296853 10.7149 0.624579 0.949 -8.156 0.499655 -0.110028  0 0.0215886 3
1388303515.872554615 10.7725 0.615518 0.953 -8.025 0.574609 -0.090378  0.0398972 0.0228051 3
1388303515.972797466 10.8328 0.608306 0.95 -7.97 0.601547 -0.0719442  -0.0299273 0.00957607 3
1388303516.073051348 10.8933 0.601136 0.946 -7.899 0.603278 -0.0715139  -0.0398987 0.0123604 3
1388303516.173304334 10.9443 0.597312 0.945 -7.87 0.508847 -0.0381506  0 0.00504869 3
1388303516.273559106 10.9898 0.593014 0.942 -7.9 0.453985 -0.0428697  -0.0299238 -0.00522268 3
1388303516.373814550 11.0369 0.588509 0.939 -7.929 0.469618 -0.0449334  -0.0299236 -0.00504857 3
1388303516.474081403 11.0883 0.584263 0.933 -8.001 0.512747 -0.0423462  -0.0598403 -0.0125329 3
1388303516.574343946 11.1309 0.579899 0.927 -8.05 0.424834 -0.0435242  -0.0598429 -0.00852972 3
1388303516.674594683 11.1743 0.575613 0.926 -8.01 0.432626 -0.0427586  0 0.00696385 3
1388303516.774833435 11.2202 0.570541 0.922 -8.003 0.458186 -0.0505924  -0.0399047 0.00121886 3
1388303516.875112380 11.2734 0.565748 0.923 -8.033 0.530768 -0.0477982  0 -0.00522146 3
1388303516.975371446 11.3376 0.560433 0.919 -8.071 0.640027 -0.0530142  -0.0398966 -0.00661513 3
1388303517.075601756 11.3989 0.553972 0.913 -8.107 0.610947 -0.064462  -0.0598621 -0.00626871 3
1388303517.175834813 11.4626 0.546861 0.898 -8.112 0.635568 -0.0709427  -0.149651 -0.000870655 3
1388303517.276091864 11.5287 0.540412 0.902 -8.166 0.660044 -0.0643273  0.0398974 -0.0094006 3
1388303517.376391302 11.5868 0.534059 0.905 -8.144 0.578962 -0.0633342  0.0299104 0.00382823 3
1388303517.476653011 11.6382 0.527831 0.903 -8.099 0.51256 -0.0621212  -0.0199478 0.00783349 3
1388303517.576903876 11.6867 0.522333 0.895 -8.016 0.483896 -0.0548444  -0.0797998 0.01445 3
1388303517.677154990 11.7252 0.51633 0.889 -7.896 0.3841 -0.0598775  -0.0598497 0.0208915 3
1388303517.777421910 11.7673 0.509902 0.881 -7.711 0.419899 -0.0641055  -0.079787 0.0322026 3
1388303517.877677175 11.8155 0.505435 0.875 -7.558 0.480771 -0.0445567  -0.0598472 0.0266356 3
1388303518.265581863 12.0531 0.494863 0.867 -6.697 0.612374 -0.0272561  -0.0206236 0.0387396 3
1388303518.365872816 12.1057 0.491307 0.869 -6.744 0.525399 -0.0354478  0.019942 -0.00817928 3
1388303518.466115746 12.1512 0.488576 0.869 -7.053 0.453296 -0.0272451  0 -0.0538 3
1388303518.566412561 12.1956 0.481138 0.869 -7.52 0.442718 -0.074165  0 -0.0812657 3
1388303518.666727602 12.2513 0.470926 0.872 -8.021 0.555747 -0.101797  0.0299058 -0.0871664 3
1388303518.766984443 12.2934 0.460021 0.87 -8.428 0.41908 -0.108775  -0.0199488 -0.0708529 3
1388303518.867220201 12.3318 0.447973 0.868 -8.806 0.383166 -0.120199  -0.019953 -0.0658182 3
1388303518.967502487 12.3746 0.436055 0.867 -9.077 0.427086 -0.118837  0 -0.0471653 3
1388303519.067755224 12.426 0.422913 0.868 -9.247 0.513084 -0.131086  0 -0.0295958 3
1388303519.168006195 12.4751 0.410307 0.852 -9.313 0.489847 -0.125754  -0.159599 -0.0114903 3
1388303519.268266067 12.5319 0.388858 0.861 -9.257 0.566167 -0.213929  0.0897667 0.00974847 3
1388303519.368556830 12.5884 0.371056 0.862 -9.134 0.563078 -0.177506  0 0.0214053 3
1388303519.468802683 12.638 0.357376 0.858 -8.978 0.494775 -0.13646  -0.0399019 0.0271604 3
1388303519.569067318 12.6842 0.344202 0.855 -8.786 0.46068 -0.131398  -0.0299208 0.0334219 3
1388303519.669314161 12.7256 0.330444 0.849 -8.665 0.413305 -0.137238  -0.0598523 0.0210665 3
1388303519.769583783 12.7591 0.318693 0.844 -8.521 0.33397 -0.117194  -0.0498656 0.0250652 3
1388303519.869826000 12.7945 0.307758 0.837 -8.505 0.35313 -0.109085  -0.0698309 0.00278574 3
1388303519.970080383 12.8331 0.29716 0.832 -8.422 0.385331 -0.105708  -0.0498731 0.0144495 3
1388303520.070331144 12.8776 0.285113 0.828 -8.363 0.44418 -0.120173  -0.0398999 0.0102717 3
1388303520.170580283 12.9254 0.27355 0.83 -8.298 0.476812 -0.115338  0.0199503 0.0113165 3
1388303520.270833370 12.9853 0.260577 0.83 -8.271 0.597327 -0.129408  0 0.00470048 3
1388303520.371076419 13.0385 0.249117 0.832 -8.1 0.530882 -0.114323  0.0199515 0.0297728 3
1388303520.471316829 13.0996 0.237458 0.834 -7.957 0.608916 -0.116303  0.019952 0.0248983 3
1388303520.571563684 13.1647 0.226738 0.837 -7.815 0.649614 -0.10694  0.0299261 0.0247227 3
1388303520.671948998 13.2343 0.215832 0.84 -7.569 0.693276 -0.108642  0.0298848 0.0427703 3
1388303520.772606884 13.3097 0.203418 0.844 -7.56 0.748741 -0.123329  0.0397386 0.00156054 3
1388303520.872842348 13.3796 0.191763 0.844 -7.729 0.698179 -0.11628  0 -0.0294268 3
1388303520.973096749 13.4379 0.180932 0.849 -7.872 0.580831 -0.108028  0.0498731 -0.0248949 3
1388303521.073356274 13.4807 0.172705 0.849 -8 0.427305 -0.0820575  0 -0.0222824 3
1388303521.173597769 13.4984 0.167479 0.848 -8.084 0.176076 -0.0521324  0 -0.0146255 3
1388303521.273849418 13.5104 0.163675 0.845 -8.049 0.119602 -0.0379444  -0.0299247 0.00609338 3
1388303521.374092679 13.5269 0.157598 0.844 -8.085 0.164984 -0.0606279  0 -0.00626798 3
1388303521.474344167 13.5454 0.151259 0.842 -8.065 0.184625 -0.0632255  -0.0199498 0.0034819 3
1388303521.574586192 13.5666 0.145292 0.842 -8.109 0.211934 -0.059535  0 -0.00766085 3
1388303521.674836028 13.5927 0.13908 0.829 -8.052 0.259846 -0.0619586  -0.129676 0.00992357 3
1388303521.775090570 13.6354 0.131307 0.843 -8.058 0.426354 -0.0775328  0.139645 -0.00104459 3
1388303521.875313750 13.6921 0.12144 0.856 -7.919 0.565427 -0.0984515  0.129711 0.0242061 3
1388303521.975564510 13.7583 0.109515 0.863 -7.777 0.660723 -0.118952  0.0698249 0.0247217 3
1388303522.075880894 13.8229 0.0977365 0.87 -7.454 0.6431 -0.117414  0.0697792 0.0561963 3
1388303522.176110850 13.8915 0.0865842 0.875 -6.887 0.685283 -0.111268  0.0498853 0.0987332 3
1388303522.265750201 13.9525 0.0789975 0.88 -6.453 0.680501 -0.0846358  0.0557791 0.0845023 8
1388303522.365794183 14.0167 0.0705096 0.874 -6.13 0.641225 -0.0848417  -0.0599736 0.0563493 8
1388303522.465806436 14.0762 0.0626013 0.893 -6.013 0.595029 -0.079073  0.189977 0.0204178 8
1388303522.565803296 14.1309 0.0550037 0.895 -5.979 0.546967 -0.0759786  0.0200006 0.00593431 8
1388303522.665804488 14.173 0.0490897 0.894 -6.035 0.421171 -0.059139  0 -0.00977373 8
1388303522.765803828 14.2043 0.0439288 0.89 -6.07 0.313188 -0.0516099  -0.0400003 -0.00610871 8
1388303522.865802496 14.2283 0.0393047 0.885 -6.065 0.239915 -0.046241  -0.0500007 0.000872696 8
1388303522.965756152 14.2408 0.0366726 0.894 -6.111 0.125043 -0.026333  0.0900417 -0.00803224 4
1388303523.065800651 14.249 0.0336135 0.888 -6.141 0.081757 -0.0305773  -0.0599733 -0.00523365 4
1388303523.165749991 14.2548 0.0305259 0.869 -6.168 0.0582067 -0.0308917  -0.190096 -0.00471481 9
1388303523.265750961 14.2617 0.028709 0.823 -6.144 0.0691889 -0.0181693  -0.459996 0.00418878 9
1388303523.591109318 14.3373 0.0241442 0.612 -5.262 0.232337 -0.0140299  -0.648516 0.0473134 9
1388303523.691608588 14.3606 0.0245133 0.537 -4.773 0.231075 0  -0.746274 0.0849226 9
1388303523.791309043 14.3717 0.024376 0.457 -4.334 0.11171 0  -0.802404 0.0768502 9
1388303523.891349184 14.3748 0.0235014 0.38 -4.051 0.0306842 0  -0.769691 0.049373 9
1388303523.991308794 14.3764 0.0217753 0.304 -3.953 0.0162677 -0.0172682  -0.760307 0.0171111 9
1388303524.091280263 14.3773 0.0200384 0.24 -4.012 0 -0.0173734  -0.640183 -0.0103004 9
1388303524.191316414 14.3774 0.0180852 0.192 -4.209 0 -0.0195249  -0.479827 -0.0343706 9
1388303524.291337209 14.3774 0.0180852 0 -4.525 0 0  -1.9196 -0.0551409 2
1388303524.391295909 14.3774 0.0180852 0 -4.62 0 0  0 -0.0165875 2
1388303524.491343587 14.3774 0.0180852 0 -4.968 0 0  0 -0.0607085 2
1388303524.591295984 14.3774 0.0180852 0 -4.942 0 0  0 0.00454001 2
1388303524.691274702 14.3774 0.0180852 0 -4.94 0 0  0 0.000349146 2
1388303524.791345532 14.3774 0.0180852 0 -4.939 0 0  0 0.000174407 2
1388303524.891338472 14.3774 0.0180852 0 -4.932 0 0  0 0.00122181 2
1388303524.991336575 14.3774 0.0180852 0 -4.928 0 0  0 0.000698146 2
1388303525.091307372 14.3774 0.0180852 0 -4.918 0 0  0 0.00174584 2
1388303525.191283284 14.3774 0.0180852 0 -4.915 0 0  0 0.000523729 2
1388303525.291288280 14.3774 0.0180852 0 -4.911 0 0  0 0.000698098 2
1388303525.391288518 14.3774 0.0180852 0 -4.908 0 0  0 0.000523601 2
1388303525.491318985 14.3774 0.0180852 0 -4.902 0 0  0 0.00104688 2
1388303525.591313285 14.3774 0.0180852 0 -4.896 0 0  0 0.00104725 2
1388303525.691289979 14.3774 0.0180852 0 -4.891 0 0  0 0.000872867 2
1388303525.791298826 14.3774 0.0180852 0 -4.884 0 0  0 0.00122163 2
1388303525.891315042 14.3774 0.0180852 0 -4.879 0 0  0 0.000872522 2
1388303525.991311355 14.3774 0.0180852 0 -4.875 0 0  0 0.000698159 2
1388303526.091279814 14.3774 0.0180852 0 -4.87 0 0  0 0.000872939 2
1388303526.191292525 14.3774 0.0180852 0 -4.867 0 0  0 0.000523525 2
1388303526.291288268 14.3774 0.0180852 0 -4.861 0 0  0 0.00104725 2
1388303526.391343796 14.3774 0.0180852 0 -4.853 0 0  0 0.00139548 2
1388303526.491340800 14.3774 0.0180852 0 -4.85 0 0  0 0.000523618 2
1388303526.591314837 14.3774 0.0180852 0 -4.846 0 0  0 0.000698314 2
1388303526.691293260 14.3774 0.0180852 0 -4.842 0 0  0 0.000698284 2
1388303526.791293286 14.3774 0.0180852 0 -4.839 0 0  0 0.000523592 2
