-0.0842188 -0.0236269 0.989 1.3881e+09
-0.0721366 -0.0224171 0.989086 1.3881e+09
-0.0539521 -0.021329 0.989197 1.3881e+09
-0.0306604 -0.020017 0.98932 1.3881e+09
-0.0191108 -0.0155005 0.989849 1.3881e+09
-0.0015956 -0.0101005 0.990534 1.3881e+09
0.0209827 -0.00409271 0.991305 1.3881e+09
0.0478482 0.00230473 0.992111 1.3881e+09
0.0783311 0.00895404 0.992918 1.3881e+09
0.111858 0.015776 0.9937 1.3881e+09
0.147942 0.0227274 0.994443 1.3881e+09
0.186172 0.0297852 0.995136 1.3881e+09
0.226202 0.0369372 0.995771 1.3881e+09
0.267741 0.0441765 0.996344 1.3881e+09
0.310544 0.0514988 0.996854 1.3881e+09
0.354406 0.0589009 0.9973 1.3881e+09
0.399154 0.0663798 0.997682 1.3881e+09
0.444646 0.0739327 0.998001 1.3881e+09
0.49076 0.0815564 0.998259 1.3881e+09
0.537394 0.0892479 0.998457 1.3881e+09
0.584464 0.0970038 0.998598 1.3881e+09
0.631897 0.104821 0.998684 1.3881e+09
0.679636 0.112696 0.998717 1.3881e+09
0.727629 0.120625 0.998699 1.3881e+09
0.775835 0.128606 0.998632 1.3881e+09
0.824218 0.136636 0.998519 1.3881e+09
0.872749 0.144711 0.998363 1.3881e+09
0.921405 0.152829 0.998164 1.3881e+09
0.970163 0.160986 0.997925 1.3881e+09
1.01901 0.169182 0.997649 1.3881e+09
1.06792 0.177413 0.997337 1.3881e+09
1.1169 0.185678 0.99699 1.3881e+09
1.16592 0.193974 0.996611 1.3881e+09
1.21498 0.202299 0.996202 1.3881e+09
1.26408 0.210652 0.995763 1.3881e+09
1.31321 0.219032 0.995297 1.3881e+09
1.36235 0.227436 0.994805 1.3881e+09
1.41152 0.235863 0.994288 1.3881e+09
1.4607 0.244312 0.993748 1.3881e+09
1.5099 0.252783 0.993186 1.3881e+09
1.5591 0.261273 0.992603 1.3881e+09
1.60831 0.269781 0.992 1.3881e+09
1.65753 0.278307 0.991378 1.3881e+09
1.70676 0.28685 0.990738 1.3881e+09
1.75598 0.295409 0.990082 1.3881e+09
1.80521 0.303982 0.98941 1.3881e+09
1.85445 0.31257 0.988723 1.3881e+09
1.90368 0.321172 0.988022 1.3881e+09
1.95292 0.329786 0.987307 1.3881e+09
2.00215 0.338413 0.98658 1.3881e+09
2.05139 0.347051 0.98584 1.3881e+09
2.10062 0.355701 0.98509 1.3881e+09
2.14986 0.364361 0.984328 1.3881e+09
2.19909 0.373031 0.983557 1.3881e+09
2.24833 0.38171 0.982776 1.3881e+09
2.29756 0.390399 0.981985 1.3881e+09
2.3468 0.399096 0.981187 1.3881e+09
2.39603 0.407801 0.98038 1.3881e+09
2.44526 0.416515 0.979566 1.3881e+09
2.49449 0.425235 0.978744 1.3881e+09
2.54372 0.433963 0.977916 1.3881e+09
2.59295 0.442698 0.977081 1.3881e+09
2.64218 0.451439 0.97624 1.3881e+09
2.69141 0.460187 0.975393 1.3881e+09
2.74064 0.46894 0.974541 1.3881e+09
2.78986 0.477699 0.973683 1.3881e+09
2.83909 0.486463 0.972821 1.3881e+09
2.88831 0.495232 0.971954 1.3881e+09
2.93754 0.504006 0.971083 1.3881e+09
2.98676 0.512785 0.970208 1.3881e+09
3.03598 0.521568 0.969329 1.3881e+09
3.0852 0.530355 0.968446 1.3881e+09
3.13442 0.539147 0.96756 1.3881e+09
3.18364 0.547942 0.96667 1.3881e+09
3.23286 0.556741 0.965777 1.3881e+09
3.28208 0.565543 0.964882 1.3881e+09
3.3313 0.574349 0.963984 1.3881e+09
3.38052 0.583158 0.963083 1.3881e+09
3.42973 0.591969 0.962179 1.3881e+09
3.47895 0.600784 0.961273 1.3881e+09
3.52817 0.609602 0.960365 1.3881e+09
3.57738 0.618422 0.959455 1.3881e+09
3.6266 0.627244 0.958543 1.3881e+09
3.67581 0.636069 0.957629 1.3881e+09
3.72503 0.644897 0.956714 1.3881e+09
3.73622 0.650645 0.956282 1.3881e+09
3.75332 0.657705 0.95571 1.3881e+09
3.77552 0.665431 0.955047 1.3881e+09
3.80213 0.673234 0.954325 1.3881e+09
3.83254 0.680618 0.953566 1.3881e+09
3.86619 0.687181 0.952784 1.3881e+09
3.87838 0.687961 0.952352 1.3881e+09
3.89668 0.6885 0.951782 1.3881e+09
3.92009 0.688958 0.951123 1.3881e+09
3.94778 0.689465 0.950408 1.3881e+09
3.97905 0.690091 0.949659 1.3881e+09
4.01334 0.690863 0.94889 1.3881e+09
4.05015 0.691782 0.948108 1.3881e+09
4.08907 0.69284 0.94732 1.3881e+09
4.12978 0.694021 0.946528 1.3881e+09
4.17197 0.69531 0.945733 1.3881e+09
4.21542 0.696693 0.944936 1.3881e+09
4.25991 0.698155 0.944137 1.3881e+09
4.30528 0.699686 0.943336 1.3881e+09
4.3514 0.701274 0.942532 1.3881e+09
4.39813 0.702911 0.941725 1.3881e+09
4.44538 0.704591 0.940915 1.3881e+09
4.49307 0.706306 0.940101 1.3881e+09
4.54113 0.708051 0.939283 1.3881e+09
4.58949 0.709823 0.93846 1.3881e+09
4.63811 0.711616 0.937633 1.3881e+09
4.68695 0.713429 0.936801 1.3881e+09
4.73596 0.715258 0.935965 1.3881e+09
4.78513 0.717101 0.935124 1.3881e+09
4.83443 0.718957 0.934278 1.3881e+09
4.88383 0.720823 0.933428 1.3881e+09
4.93333 0.722699 0.932573 1.3881e+09
4.9829 0.724583 0.931714 1.3881e+09
5.03253 0.726474 0.93085 1.3881e+09
5.08222 0.728372 0.929983 1.3881e+09
5.13195 0.730275 0.929111 1.3881e+09
5.18172 0.732183 0.928235 1.3881e+09
5.23152 0.734096 0.927356 1.3881e+09
5.28134 0.736013 0.926473 1.3881e+09
5.33119 0.737934 0.925587 1.3881e+09
5.38105 0.739858 0.924698 1.3881e+09
5.43094 0.741785 0.923805 1.3881e+09
5.48083 0.743715 0.922909 1.3881e+09
5.53074 0.745648 0.922011 1.3881e+09
5.58065 0.747583 0.92111 1.3881e+09
5.63057 0.749521 0.920206 1.3881e+09
5.6805 0.75146 0.9193 1.3881e+09
5.73043 0.753402 0.918392 1.3881e+09
5.78037 0.755345 0.917481 1.3881e+09
5.83032 0.75729 0.916569 1.3881e+09
5.88026 0.759237 0.915654 1.3881e+09
5.93021 0.761185 0.914738 1.3881e+09
5.98016 0.763134 0.91382 1.3881e+09
6.03011 0.765085 0.9129 1.3881e+09
6.08006 0.767037 0.911978 1.3881e+09
6.13002 0.768991 0.911055 1.3881e+09
6.17998 0.770945 0.910131 1.3881e+09
6.22993 0.772901 0.909205 1.3881e+09
6.27989 0.774857 0.908278 1.3881e+09
6.32985 0.776815 0.90735 1.3881e+09
6.37981 0.778773 0.906421 1.3881e+09
6.42977 0.780733 0.90549 1.3881e+09
6.47973 0.782693 0.904559 1.3881e+09
6.52968 0.784654 0.903626 1.3881e+09
6.57965 0.786615 0.902693 1.3881e+09
6.62961 0.788578 0.901759 1.3881e+09
6.67957 0.790541 0.900824 1.3881e+09
6.72953 0.792505 0.899888 1.3881e+09
6.77949 0.794469 0.898951 1.3881e+09
6.82945 0.796434 0.898014 1.3881e+09
6.87941 0.798399 0.897076 1.3881e+09
6.92937 0.800365 0.896138 1.3881e+09
6.97933 0.802332 0.895199 1.3881e+09
7.02929 0.804299 0.894259 1.3881e+09
7.07925 0.806266 0.893319 1.3881e+09
7.12921 0.808234 0.892379 1.3881e+09
7.17917 0.810202 0.891438 1.3881e+09
7.22914 0.812171 0.890496 1.3881e+09
7.2791 0.81414 0.889554 1.3881e+09
7.32906 0.81611 0.888612 1.3881e+09
7.37902 0.818079 0.887669 1.3881e+09
7.42898 0.82005 0.886726 1.3881e+09
7.47894 0.82202 0.885783 1.3881e+09
7.5289 0.823991 0.884839 1.3881e+09
7.57886 0.825962 0.883895 1.3881e+09
7.62882 0.827933 0.882951 1.3881e+09
7.67879 0.829905 0.882006 1.3881e+09
7.72875 0.831877 0.881062 1.3881e+09
7.77871 0.833849 0.880117 1.3881e+09
7.82867 0.835821 0.879171 1.3881e+09
7.87863 0.837793 0.878226 1.3881e+09
7.92859 0.839766 0.87728 1.3881e+09
7.97855 0.841739 0.876335 1.3881e+09
8.02851 0.843712 0.875389 1.3881e+09
8.07847 0.845685 0.874442 1.3881e+09
8.12844 0.847659 0.873496 1.3881e+09
8.1784 0.849632 0.87255 1.3881e+09
8.22836 0.851606 0.871603 1.3881e+09
8.27832 0.85358 0.870656 1.3881e+09
8.32828 0.855554 0.869709 1.3881e+09
8.37824 0.857528 0.868762 1.3881e+09
8.4282 0.859502 0.867815 1.3881e+09
8.47816 0.861477 0.866868 1.3881e+09
8.52812 0.863451 0.865921 1.3881e+09
8.57808 0.865426 0.864973 1.3881e+09
8.62805 0.867401 0.864026 1.3881e+09
8.67801 0.869376 0.863078 1.3881e+09
8.72797 0.87135 0.862131 1.3881e+09
8.77793 0.873326 0.861183 1.3881e+09
8.82789 0.875301 0.860235 1.3881e+09
8.87785 0.877276 0.859287 1.3881e+09
8.92781 0.879251 0.858339 1.3881e+09
8.97777 0.881227 0.857391 1.3881e+09
9.02773 0.883202 0.856443 1.3881e+09
9.07769 0.885177 0.855495 1.3881e+09
9.12765 0.887153 0.854547 1.3881e+09
9.17762 0.889129 0.853599 1.3881e+09
9.22758 0.891104 0.85265 1.3881e+09
9.27754 0.89308 0.851702 1.3881e+09
9.3275 0.895056 0.850754 1.3881e+09
9.37746 0.897032 0.849805 1.3881e+09
9.42742 0.899008 0.848857 1.3881e+09
9.47738 0.900984 0.847909 1.3881e+09
9.52734 0.90296 0.84696 1.3881e+09
9.5773 0.904936 0.846012 1.3881e+09
9.62726 0.906912 0.845063 1.3881e+09
9.67723 0.908888 0.844114 1.3881e+09
9.72719 0.910864 0.843166 1.3881e+09
9.77715 0.91284 0.842217 1.3881e+09
9.82711 0.914816 0.841269 1.3881e+09
9.87707 0.916793 0.84032 1.3881e+09
9.92703 0.918769 0.839371 1.3881e+09
9.97699 0.920745 0.838423 1.3881e+09
10.027 0.922722 0.837474 1.3881e+09
10.0769 0.924698 0.836525 1.3881e+09
10.1269 0.926675 0.835576 1.3881e+09
10.1768 0.928651 0.834627 1.3881e+09
10.2268 0.930627 0.833679 1.3881e+09
10.2768 0.932604 0.83273 1.3881e+09
10.3267 0.93458 0.831781 1.3881e+09
10.3767 0.936557 0.830832 1.3881e+09
10.4266 0.938533 0.829883 1.3881e+09
10.4766 0.94051 0.828935 1.3881e+09
10.5266 0.942487 0.827986 1.3881e+09
10.5765 0.944463 0.827037 1.3881e+09
10.6265 0.94644 0.826088 1.3881e+09
10.6764 0.948416 0.825139 1.3881e+09
10.7264 0.950393 0.82419 1.3881e+09
10.7764 0.95237 0.823241 1.3881e+09
10.8263 0.954346 0.822292 1.3881e+09
10.8763 0.956323 0.821343 1.3881e+09
10.9262 0.9583 0.820394 1.3881e+09
10.9762 0.960276 0.819445 1.3881e+09
11.0262 0.962253 0.818497 1.3881e+09
11.0761 0.96423 0.817548 1.3881e+09
11.1261 0.966207 0.816599 1.3881e+09
11.1761 0.968183 0.81565 1.3881e+09
11.226 0.97016 0.814701 1.3881e+09
11.276 0.972137 0.813752 1.3881e+09
11.3259 0.974114 0.812803 1.3881e+09
11.3759 0.97609 0.811854 1.3881e+09
11.4259 0.978067 0.810905 1.3881e+09
11.4758 0.980044 0.809956 1.3881e+09
11.5258 0.982021 0.809007 1.3881e+09
11.5757 0.983998 0.808058 1.3881e+09
11.6257 0.985974 0.807109 1.3881e+09
11.6757 0.987951 0.80616 1.3881e+09
11.7256 0.989928 0.805211 1.3881e+09
11.7756 0.991905 0.804262 1.3881e+09
11.8255 0.993882 0.803313 1.3881e+09
11.8372 0.998007 0.802852 1.3881e+09
11.855 1.00261 0.80224 1.3881e+09
