1385780565.279950880 8.75029e-29 5.17496e-29 0 -1.753 2.21409e-29 1.30942e-29  0 -0.00774163 6
1385780565.350686118 8.786e-29 5.19597e-29 0 -1.899 5.04746e-30 2.96992e-30  0 -0.0360242 6
1385780565.418559803 8.79379e-29 5.20057e-29 0 -1.801 1.14796e-30 6.78273e-31  0 0.0252001 6
1385780565.490299128 8.79565e-29 5.20169e-29 0 -1.34 2.60242e-31 1.56732e-31  0 0.112156 6
1385780565.559118641 8.79606e-29 5.20194e-29 0 -1.114 5.91052e-32 3.59387e-32  0 0.0573158 6
1385780565.634458940 8.79616e-29 5.202e-29 0 -0.859 1.34004e-32 8.23257e-33  0 0.0590731 6
1385780565.701394561 -1.73024e-11 -1.45666e-11 0 175.048 -2.58493e-10 -2.17622e-10  0 45.8673 6
1385780565.771903051 -0.00709168 -0.00495274 0.243 175.139 -0.100579 -0.0702432  3.44639 0.0225265 6
1385780565.840764958 -0.0131087 -0.0105976 0.248 175.439 -0.0873787 -0.0819743  0.0726091 0.076033 6
1385780565.910925556 -0.0142123 -0.018263 0.261 175.803 -0.0157285 -0.109254  0.185289 0.090549 6
1385780565.980582151 -0.0135572 -0.0283889 0.299 176.134 0.00940409 -0.145369  0.545533 0.0829382 6
1385780566.053596455 -0.0118399 -0.0402595 0.346 176.347 0.0235203 -0.16258  0.643709 0.0509148 6
1385780566.120897326 -0.0109556 -0.0510918 0.41 176.454 0.0131397 -0.160954  0.950954 0.0277472 6
1385780566.191787952 -0.0115305 -0.0493413 0.482 176.406 -0.00810976 0.0246939  1.01565 -0.0118149 6
1385780566.256385240 -0.0126035 -0.0496316 0.555 176.35 -0.0166108 -0.00449454  1.13008 -0.0151304 6
1385780566.323652438 -0.0132581 -0.0540055 0.607 176.322 -0.0097307 -0.065022  0.773037 -0.00726491 6
1385780566.386563501 -0.014919 -0.061126 0.651 176.243 -0.0264019 -0.113185  0.6994 -0.0219196 6
1385780566.450838800 -0.0166874 -0.072003 0.676 176.183 -0.0275125 -0.169225  0.388952 -0.0162917 6
1385780566.525108399 -0.0195466 -0.0860382 0.689 176.152 -0.0384979 -0.188975  0.175038 -0.00728635 6
1385780566.580950793 -0.0214937 -0.097038 0.698 176.111 -0.034868 -0.19698  0.161168 -0.0128145 6
1385780566.647980439 -0.0235727 -0.10953 0.695 176.137 -0.0310153 -0.186373  -0.0447563 0.00677018 6
1385780566.711723449 -0.0253597 -0.120472 0.687 176.165 -0.0280346 -0.171644  -0.125504 0.00766657 6
1385780566.776278338 -0.027159 -0.129444 0.681 176.132 -0.0278733 -0.13899  -0.0929442 -0.00891916 6
1385780566.843287973 -0.0282525 -0.136655 0.668 176.127 -0.0163179 -0.107608  -0.194002 -0.00130357 6
1385780566.908644526 -0.0280476 -0.140005 0.662 176.122 0.00313505 -0.0512637  -0.0918041 -0.00133654 6
1385780566.972090331 -0.028809 -0.141592 0.65 176.087 -0.0120014 -0.025015  -0.189138 -0.00962495 6
1385780567.037306043 -0.0293221 -0.142942 0.642 176.072 -0.00786756 -0.0206988  -0.12267 -0.0040142 6
1385780567.102323464 -0.0303254 -0.143272 0.643 176.025 -0.015431 -0.00507929  0.0153805 -0.01262 6
1385780567.167258613 -0.0316664 -0.143622 0.641 175.98 -0.020651 -0.00538613  -0.0308 -0.0120946 6
1385780567.232511688 -0.0339 -0.143774 0.64 175.962 -0.0342293 -0.0023309  -0.0153249 -0.00481183 6
1385780567.297266848 -0.0363848 -0.144395 0.645 175.958 -0.0383735 -0.00958529  0.0772139 -0.00108163 6
1385780567.364085049 -0.0384971 -0.145462 0.648 176.028 -0.0316129 -0.0159615  0.0448979 0.0182863 6
1385780567.427531854 -0.03958 -0.146636 0.653 176.025 -0.0170665 -0.0185081  0.0788062 -0.000826902 6
1385780567.500371667 -0.041206 -0.147807 0.657 176.03 -0.0223238 -0.0160756  0.054915 0.00119923 6
1385780567.557782163 -0.0422765 -0.148812 0.66 175.998 -0.0186453 -0.017505  0.0522553 -0.00972757 6
1385780567.622750493 -0.0434219 -0.150105 0.664 175.969 -0.0176315 -0.0199118  0.0615685 -0.00779252 6
1385780567.687617015 -0.0438737 -0.151406 0.666 175.982 -0.00696507 -0.0200484  0.0308325 0.00349797 6
1385780567.753500926 -0.0447813 -0.152553 0.667 175.961 -0.0137749 -0.0174103  0.0151782 -0.00556207 6
1385780567.818822104 -0.044899 -0.153927 0.67 176.032 -0.00180153 -0.0210298  0.0459269 0.0189704 6
1385780567.882510252 -0.0452192 -0.154719 0.672 175.952 -0.00502813 -0.0124494  0.031403 -0.0219239 6
1385780567.948190201 -0.0446825 -0.155257 0.673 175.94 0.00817217 -0.00818098  0.0152253 -0.00318704 6
1385780568.013415000 -0.0438903 -0.155563 0.674 175.927 0.0121449 -0.00468762  0.0153316 -0.00347876 6
1385780568.080211924 -0.0429694 -0.156326 0.675 175.963 0.0137871 -0.0114256  0.0149707 0.00940522 6
1385780568.143384970 -0.0415804 -0.157301 0.676 175.99 0.0219864 -0.0154304  0.0158295 0.00746172 6
1385780568.208422841 -0.0408373 -0.158192 0.674 175.987 0.0114259 -0.0137009  -0.0307513 -0.000806673 6
1385780568.274029931 -0.040348 -0.159219 0.674 176.018 0.00745883 -0.015656  0 0.00824841 6
1385780568.338530022 -0.0401238 -0.160411 0.675 176.036 0.00347513 -0.018485  0.0155039 0.004868 6
1385780568.403777876 -0.0395838 -0.161594 0.678 176.089 0.00827651 -0.0181291  0.0459785 0.0141795 6
1385780568.478712505 -0.0393221 -0.162826 0.681 176.106 0.00349176 -0.0164379  0.0400349 0.00395913 6
1385780568.533504898 -0.0391269 -0.163524 0.675 176.126 0.00356356 -0.0127373  -0.109504 0.00637206 6
1385780568.598690049 -0.0387248 -0.164178 0.677 176.137 0.00616877 -0.0100434  0.0306818 0.00294158 6
1385780568.663555017 -0.0380175 -0.165245 0.679 176.155 0.0109044 -0.0164468  0.0308333 0.00484473 4
1385780568.728674126 0.0476983 0.163359 0.678 -0.0200043 -0.0201858 0.0159039  -0.0153565 -47.2186 3
1385780568.860447834 0.0438484 0.167934 0.675 0.0449982 -0.0292162 0.034715  -0.0227663 0.00860951 3
1385780568.927655381 0.0419078 0.170641 0.671 0.0449982 -0.028874 0.0402828  -0.0595171 0 3
1385780569.053591368 0.0388898 0.17829 0.659 0.356003 -0.0239652 0.0607376  -0.0952865 0.0431017 3
1385780569.119923709 0.037128 0.183946 0.653 1.412 -0.0265596 0.085258  -0.0904536 0.277853 3
1385780569.249407018 0.039254 0.203956 0.642 3.745 0.016419 0.154541  -0.084953 0.314468 3
1385780569.314366233 0.0424429 0.215755 0.637 4.83 0.0490914 0.181638  -0.0769714 0.29152 3
1385780569.444909946 0.0672451 0.245717 0.623 6.717 0.189991 0.229517  -0.107244 0.252285 3
1385780569.510500361 0.0864076 0.261604 0.62 7.54201 0.292154 0.242212  -0.0457384 0.219532 3
1385780569.639499937 0.142761 0.296267 0.619 6.64 0.436849 0.268707  -0.00775196 -0.122039 3
1385780569.769798328 0.210028 0.325301 0.628 4.33701 0.516253 0.22283  0.0690722 -0.308483 3
1385780569.836763333 0.246613 0.337819 0.634 3.09601 0.546328 0.186929  0.089599 -0.323445 3
1385780569.964940331 0.318179 0.348804 0.647 0.856003 0.558342 0.0857027  0.101422 -0.305012 3
1385780570.032765430 0.356171 0.35004 0.656 -0.0849915 0.560148 0.0182256  0.132694 -0.242144 3
1385780570.160244539 0.421841 0.339203 0.676 -1.28101 0.51514 -0.0850145  0.156888 -0.163748 3
1385780570.229953392 0.456798 0.331484 0.689 -1.752 0.501474 -0.110734  0.18649 -0.117924 3
1385780570.355419777 0.516166 0.314183 0.715 -2.32201 0.473178 -0.137891  0.207227 -0.0792922 3
1385780570.420503238 0.546793 0.30495 0.726 -2.51801 0.470577 -0.141862  0.169014 -0.0525607 3
1385780570.550436156 0.606423 0.286669 0.749 -2.70399 0.458932 -0.140698  0.177014 -0.0249831 3
1385780570.617036328 0.636696 0.277832 0.757 -2.739 0.454548 -0.132689  0.12012 -0.00917309 3
1385780570.745662595 0.696892 0.264421 0.775 -2.661 0.467985 -0.10426  0.13994 0.0105842 3
1385780570.811370572 0.728425 0.258933 0.782 -2.592 0.479901 -0.0835277  0.106532 0.0183278 3
1385780570.940942758 0.795 0.250707 0.797 -2.267 0.513807 -0.0634807  0.115766 0.0437769 3
1385780571.070999630 0.867439 0.243419 0.807 -1.92 0.556976 -0.0560399  0.0768894 0.0465665 3
1385780571.136246792 0.905077 0.239457 0.811 -1.687 0.576852 -0.0607223  0.0613053 0.0623268 3
1385780571.274219884 0.985847 0.229901 0.818 -1.11501 0.585409 -0.06926  0.0507345 0.0723556 3
1385780571.331881296 1.01982 0.225594 0.82 -0.835999 0.589157 -0.0746964  0.0346852 0.0844515 3
1385780571.461667538 1.09427 0.213724 0.826 -0.119995 0.573646 -0.0914569  0.0462299 0.0962861 3
1385780571.535216447 1.13668 0.206233 0.826 0.290009 0.576611 -0.101853  0 0.0972946 3
1385780571.656609246 1.20461 0.192896 0.827 1.118 0.559586 -0.109867  0.00823772 0.119044 3
1385780571.721874932 1.24102 0.184868 0.826 1.537 0.557949 -0.122997  -0.015322 0.11205 3
1385780571.852034193 1.31249 0.171112 0.827 2.489 0.549083 -0.105688  0.0076829 0.127655 3
1385780571.917305076 1.34809 0.164633 0.827 2.95801 0.545344 -0.0992605  0 0.125412 3
1385780572.046888338 1.41797 0.15506 0.823 3.978 0.539258 -0.0738796  -0.0308682 0.13738 3
1385780572.111436917 1.45291 0.151468 0.823 4.457 0.541414 -0.055645  0 0.129518 3
1385780572.242421769 1.52267 0.148816 0.823 5.412 0.53253 -0.0202481  0 0.127251 3
1385780572.372237815 1.59369 0.152944 0.826 6.287 0.547141 0.0317984  0.0231096 0.117641 3
1385780572.437076940 1.6295 0.155865 0.826 6.67799 0.552214 0.0450622  0 0.105246 3
1385780572.566988430 1.70124 0.164912 0.826 7.298 0.552245 0.0696407  0 0.0832969 3
1385780572.633635706 1.73864 0.170566 0.825 7.625 0.56119 0.0848287  -0.0150044 0.0856322 3
1385780572.764190466 1.81037 0.181417 0.827 8.224 0.549395 0.0831181  0.0153192 0.0800775 3
1385780572.827901260 1.84591 0.187532 0.826 8.463 0.557775 0.0959732  -0.0156959 0.0654726 3
1385780572.957910281 1.91852 0.199967 0.83 8.883 0.558556 0.0956461  0.0307671 0.0563834 3
1385780573.023057530 1.95569 0.206351 0.834 9.08701 0.570448 0.097988  0.0613994 0.0546554 3
1385780573.155303613 2.0296 0.217983 0.831 9.33099 0.558881 0.0879572  -0.022685 0.0322005 3
1385780573.218271117 2.06452 0.223369 0.83 9.397 0.554637 0.0855388  -0.0158812 0.0182965 3
1385780573.350240241 2.13492 0.233492 0.829 9.414 0.533462 0.0767112  -0.00757753 0.00224807 3
1385780573.412315745 2.16732 0.238268 0.828 9.407 0.521872 0.0769308  -0.0161094 -0.0019692 3
1385780573.543655521 2.23597 0.246976 0.827 9.397 0.522698 0.0663034  -0.00761384 -0.00132814 3
1385780573.673706904 2.30391 0.252276 0.826 9.362 0.522418 0.0407529  -0.00768927 -0.0046976 3
1385780573.740211145 2.33829 0.253901 0.827 9.336 0.516989 0.0244338  0.0150366 -0.00682366 3
1385780573.868920287 2.4056 0.254427 0.828 9.362 0.522925 0.00409045  0.00776946 0.0035258 3
1385780573.934019452 2.4386 0.253866 0.827 9.44501 0.506896 -0.00862692  -0.0153612 0.0222547 3
1385780574.064125445 2.50666 0.252477 0.823 9.692 0.523131 -0.0106755  -0.0307442 0.0331334 3
1385780574.131461915 2.54147 0.252083 0.825 9.836 0.517041 -0.00584291  0.0297016 0.0373234 3
1385780574.259257825 2.60741 0.253192 0.823 10.192 0.515956 0.0086755  -0.01565 0.0486199 3
1385780574.326606993 2.64296 0.254625 0.821 10.403 0.527864 0.021283  -0.029696 0.0546795 3
1385780574.454444760 2.71094 0.262196 0.82 10.783 0.531758 0.0592194  -0.00782241 0.0518809 3
1385780574.519491789 2.74518 0.266732 0.817 10.949 0.526308 0.0697366  -0.0461205 0.0445409 3
1385780574.649911599 2.8119 0.280447 0.81 11.307 0.51161 0.105158  -0.0536728 0.0479092 3
1385780574.781163905 2.87905 0.2984 0.8 11.636 0.511594 0.136781  -0.0761891 0.0437481 3
1385780574.845089305 2.91101 0.307802 0.795 11.798 0.500025 0.147084  -0.0782162 0.0442309 3
1385780574.975087478 2.97089 0.32875 0.784 11.958 0.460637 0.161142  -0.0846166 0.0214818 3
1385780575.040333179 3.00078 0.340457 0.781 11.991 0.458111 0.179428  -0.04598 0.00882473 3
1385780575.170354927 3.05394 0.364557 0.779 11.943 0.408819 0.185355  -0.015382 -0.00644172 3
1385780575.235381127 3.07956 0.376433 0.777 11.895 0.394037 0.182637  -0.0307568 -0.0128845 3
1385780575.365089865 3.12922 0.398159 0.771 11.582 0.382813 0.167493  -0.0462575 -0.042117 3
1385780575.430630972 3.15415 0.408378 0.769 11.362 0.380428 0.155921  -0.0305152 -0.0585853 3
1385780575.561391335 3.20991 0.42379 0.769 10.625 0.426471 0.117862  0 -0.0983713 3
1385780575.626506827 3.23738 0.431089 0.77 10.268 0.421855 0.112101  0.0153573 -0.0956874 3
1385780575.755854111 3.29365 0.441821 0.771 9.60699 0.434995 0.0829707  0.00773112 -0.0891925 3
1385780575.821246815 3.323 0.446107 0.774 9.315 0.448895 0.065541  0.0458767 -0.0779326 3
1385780575.951083888 3.38192 0.450885 0.779 8.80501 0.453761 0.0368008  0.0385098 -0.0685558 3
1385780576.081504606 3.44054 0.45322 0.788 8.367 0.449441 0.017899  0.0690074 -0.058615 3
1385780576.144624473 3.47087 0.454279 0.79 8.13901 0.480592 0.0167917  0.0316857 -0.0630435 3
1385780576.276343860 3.5401 0.456348 0.797 7.82001 0.525581 0.0157005  0.0531433 -0.0422687 3
1385780576.346214574 3.57784 0.458574 0.796 7.61301 0.540108 0.0318712  -0.0143121 -0.0517076 3
1385780576.470619286 3.65097 0.464006 0.798 7.058 0.587856 0.0436578  0.0160766 -0.0778645 3
1385780576.536607037 3.69097 0.467756 0.797 6.68401 0.606203 0.0568378  -0.0151543 -0.0989185 3
1385780576.666734409 3.76727 0.473465 0.802 6.08501 0.586366 0.043874  0.0384239 -0.0803406 3
1385780576.730860759 3.80483 0.47596 0.803 5.87 0.585701 0.0389037  0.0155942 -0.0585198 3
1385780576.861998306 3.88503 0.481518 0.811 5.392 0.611593 0.0423788  0.0610046 -0.0636173 3
1385780576.927109853 3.92242 0.484467 0.812 5.10699 0.574203 0.0452956  0.0153583 -0.0763959 3
1385780577.056336631 3.99382 0.492005 0.814 4.49699 0.552509 0.0583298  0.0154767 -0.0823863 3
1385780577.121662074 4.02793 0.494306 0.814 4.218 0.522214 0.0352234  0 -0.0745395 3
1385780577.252483431 4.09067 0.491067 0.819 3.746 0.479528 -0.0247579  0.0382201 -0.062971 3
1385780577.382033049 4.15338 0.478717 0.832 3.46001 0.484055 -0.0953285  0.100348 -0.0385301 3
1385780577.447280260 4.18579 0.469827 0.838 3.474 0.496788 -0.136248  0.091958 0.00374287 3
1385780577.577797982 4.24679 0.442755 0.852 3.927 0.467336 -0.207419  0.107265 0.0605772 3
1385780577.707945825 4.3135 0.416941 0.861 4.795 0.512613 -0.198348  0.0691521 0.116401 3
1385780577.772918274 4.34932 0.402984 0.865 5.425 0.551302 -0.214807  0.0615646 0.169236 3
1385780577.903582999 4.42288 0.383545 0.863 6.92101 0.562925 -0.148772  -0.0153063 0.199826 3
1385780577.968253133 4.45854 0.377513 0.862 7.74001 0.551453 -0.0932729  -0.0154631 0.221033 3
1385780578.098457435 4.52567 0.379975 0.857 9.381 0.515594 0.0189089  -0.0384012 0.219967 3
1385780578.229108439 4.59426 0.396493 0.841 10.997 0.524947 0.126431  -0.122464 0.215876 3
1385780578.293626641 4.62611 0.409855 0.832 11.682 0.493726 0.207106  -0.139496 0.185308 3
1385780578.424329506 4.68518 0.449561 0.812 12.7 0.451943 0.303783  -0.153019 0.135936 3
1385780578.488846795 4.71344 0.470327 0.806 13.085 0.43796 0.321878  -0.0929983 0.104153 3
1385780578.620099658 4.7691 0.516176 0.791 13.418 0.424095 0.349316  -0.114283 0.0442795 3
1385780578.684600985 4.79685 0.538401 0.785 13.444 0.430276 0.344565  -0.0930213 0.00703556 3
1385780578.814172536 4.85255 0.58006 0.778 13.307 0.429849 0.321512  -0.0540242 -0.018453 3
1385780578.879098623 4.88078 0.599008 0.773 13.162 0.43477 0.291839  -0.0770106 -0.0389797 3
1385780579.012356533 4.94187 0.629448 0.766 12.64 0.458424 0.228435  -0.0525297 -0.0683687 3
1385780579.074339024 4.97094 0.638939 0.764 12.376 0.46908 0.153125  -0.0322672 -0.0743361 3
1385780579.204564572 5.03515 0.647271 0.76 11.811 0.493083 0.0639744  -0.0307159 -0.0757236 3
1385780579.269454456 5.06717 0.649803 0.759 11.504 0.493444 0.039023  -0.0154107 -0.082575 3
1385780579.399596792 5.12885 0.64997 0.758 11.219 0.473918 0.00128151  -0.00768389 -0.0382216 3
1385780579.529847343 5.19293 0.649943 0.756 11.063 0.492017 -0.00020264  -0.015355 -0.0209024 3
1385780579.594805178 5.22499 0.65013 0.756 11.059 0.49356 0.00288242  0 -0.00107416 3
1385780579.723431369 5.28981 0.65322 0.758 11.088 0.503908 0.0240232  0.0155489 0.00393388 3
1385780579.790017830 5.32398 0.655491 0.761 11.103 0.513098 0.0340979  0.0450542 0.00393156 3
1385780579.920202444 5.38886 0.663556 0.764 11.223 0.498383 0.0619503  0.0230442 0.0160893 3
1385780579.985256497 5.42067 0.668167 0.761 11.254 0.48904 0.0708742  -0.0461155 0.00831444 3
1385780580.115405810 5.48464 0.678941 0.761 11.266 0.491494 0.0827866  0 0.00161039 3
1385780580.180409881 5.51537 0.68429 0.762 11.32 0.472677 0.0822884  0.0153837 0.014499 3
1385780580.309181142 5.5786 0.695037 0.759 11.225 0.491062 0.0834588  -0.0232971 -0.0128762 3
1385780580.376082116 5.61076 0.700389 0.763 11.217 0.480753 0.080001  0.0597899 -0.00208989 3
1385780580.506301843 5.67607 0.705986 0.755 11.278 0.501551 0.0429793  -0.0614346 0.00817642 3
1385780580.636043712 5.74287 0.704753 0.76 11.357 0.514836 -0.00950418  0.0385381 0.0106266 3
1385780580.701008477 5.77724 0.702089 0.762 11.33 0.529059 -0.0410093  0.0307859 -0.00725183 3
1385780580.831265955 5.84788 0.694489 0.772 11.405 0.542287 -0.0583449  0.076771 0.0100489 3
1385780580.895769624 5.88371 0.691273 0.776 11.579 0.555576 -0.0498594  0.062012 0.0470795 3
1385780581.026524637 5.94925 0.68575 0.79 12.118 0.501221 -0.0422418  0.10707 0.0719464 3
1385780581.091897666 5.97918 0.685941 0.797 12.39 0.457755 0.00292484  0.107078 0.0726194 3
1385780581.221754926 6.03973 0.696342 0.811 12.895 0.466308 0.0800944  0.107811 0.0678745 3
1385780581.288275480 6.07066 0.704255 0.817 13.173 0.464956 0.118961  0.0901977 0.0729401 3
1385780581.416652154 6.12452 0.726384 0.827 13.581 0.419516 0.172372  0.0778958 0.0554677 3
1385780581.482755446 6.15233 0.738895 0.833 13.761 0.420829 0.189274  0.090767 0.0475276 3
1385780581.612232188 6.2071 0.763444 0.837 13.986 0.422954 0.189597  0.0308936 0.0303305 3
1385780581.677247052 6.23541 0.774117 0.838 14.105 0.435462 0.164161  0.0153811 0.0319424 3
1385780581.808391239 6.29487 0.789974 0.842 14.136 0.453435 0.120918  0.0305008 0.00412641 3
1385780581.937491195 6.35869 0.800035 0.845 14.061 0.494302 0.0779324  0.0232378 -0.010139 3
1385780582.002462940 6.39296 0.803469 0.844 13.962 0.527454 0.052855  -0.0153913 -0.026594 3
1385780582.133205698 6.4663 0.800931 0.842 13.181 0.560981 -0.019416  -0.0152972 -0.104259 3
1385780582.197718532 6.50255 0.800096 0.841 12.284 0.561954 -0.0129443  -0.0155008 -0.242675 3
1385780582.328310963 6.57778 0.79211 0.839 10.353 0.576046 -0.0611533  -0.0153148 -0.258072 3
1385780582.393104310 6.6157 0.786722 0.837 9.39101 0.585255 -0.0831558  -0.0308674 -0.25913 3
1385780582.522675809 6.71083 0.779779 0.837 7.89799 0.734179 -0.0535825  0 -0.201109 3
1385780582.589250546 6.75093 0.770593 0.83 7.379 0.602257 -0.137975  -0.105145 -0.136061 3
1385780582.718182419 6.8294 0.74359 0.816 6.82201 0.608625 -0.209438  -0.108584 -0.075399 3
1385780582.782935054 6.87 0.730927 0.808 6.814 0.627025 -0.195567  -0.123547 -0.00215923 3
1385780582.914646970 6.91996 0.709914 0.791 7.22101 0.379296 -0.159534  -0.12907 0.0539337 3
1385780583.001370928 6.99792 0.736301 0.781 3.61301 0.898989 0.304262  -0.115308 -0.726114 3
1385780583.108428640 7.06269 0.779491 0.767 -2.16 0.605008 0.403425  -0.130771 -0.941156 3
1385780583.173804473 7.09868 0.805336 0.768 -3.213 0.550486 0.395333  0.0152962 -0.281116 3
1385780583.305745628 7.13455 0.853482 0.767 -4.162 0.271835 0.364909  -0.00757914 -0.125535 3
1385780583.434199457 7.1619 0.874544 0.759 -4.468 0.21296 0.16396  -0.0622792 -0.0415768 3
1385780583.499266126 7.17233 0.875762 0.752 -4.338 0.160291 0.0187289  -0.107582 0.0348721 3
1385780583.629328158 7.18384 0.838857 0.746 -3.83 0.0885208 -0.28375  -0.0461318 0.068169 3
1385780583.694510090 7.1893 0.81088 0.745 -3.526 0.0837724 -0.429218  -0.0153417 0.0814001 3
1385780583.824645694 7.20208 0.73561 0.749 -2.618 0.098193 -0.578396  0.0307372 0.121778 3
1385780583.889709634 7.20495 0.696557 0.748 2.187 0.0440842 -0.600227  -0.0153695 1.28893 3
1385780584.019899595 7.22914 0.716813 0.765 11.42 0.185832 0.155592  0.130578 1.23778 3
1385780584.084785899 7.23741 0.723999 0.779 14.147 0.127439 0.110736  0.215762 0.733517 3
1385780584.215087088 7.26352 0.725934 0.808 15.473 0.200353 0.0148519  0.222561 0.177613 3
1385780584.280146364 7.28193 0.729495 0.822 14.747 0.283038 0.0547327  0.215188 -0.194766 3
1385780584.409877756 7.32215 0.73911 0.836 12.302 0.310014 0.0741133  0.107915 -0.328935 3
1385780584.541664273 7.40245 0.732865 0.848 9.748 0.609287 -0.0473818  0.0910564 -0.338242 3
1385780584.605377959 7.44273 0.725199 0.851 8.633 0.632252 -0.120322  0.0470856 -0.305437 3
1385780584.738968899 7.50708 0.758421 0.853 -2.121 0.4817 0.248685  0.0149711 -1.40498 3
1385780584.800622400 7.52711 0.771485 0.854 -8.797 0.324833 0.211893  0.0162197 -1.88989 3
1385780584.931419329 7.56654 0.778373 0.854 -15.862 0.301494 0.0526636  0 -0.94274 3
1385780584.995748794 7.58385 0.775751 0.856 -16.749 0.269099 -0.0407627  0.03109 -0.240651 3
1385780585.125884332 7.61459 0.749169 0.856 -15.944 0.236199 -0.204267  0 0.107963 3
1385780585.190896737 7.6339 0.733202 0.853 -17.195 0.296999 -0.245593  -0.046145 -0.335842 3
1385780585.321522806 7.67686 0.719874 0.849 -28.031 0.328889 -0.102032  -0.0306218 -1.44783 3
1385780585.386469987 7.70153 0.705039 0.847 -30.6 0.379762 -0.228419  -0.0307943 -0.690369 3
1385780585.516674186 7.76135 0.672883 0.838 -39.337 0.459426 -0.246963  -0.0691222 -1.17116 3
1385780585.646240000 7.83291 0.617935 0.82 -40.556 0.552351 -0.424099  -0.138926 -0.164206 3
1385780585.711704831 7.87453 0.58136 0.819 -39.131 0.635674 -0.558688  -0.0152754 0.379914 3
1385780585.842691285 7.97166 0.494067 0.81 -34.755 0.741524 -0.66643  -0.0687094 0.583079 3
1385780585.906848879 8.02039 0.454402 0.802 -32.297 0.75957 -0.618236  -0.124693 0.668671 3
1385780586.047151941 8.11005 0.380301 0.787 -27.206 0.639066 -0.528149  -0.106911 0.633306 3
1385780586.107879627 8.1429 0.352554 0.782 -24.639 0.540991 -0.456917  -0.0823348 0.737763 3
1385780586.233617879 8.22957 0.319261 0.782 -19.943 0.689219 -0.264779  0 0.651835 3
1385780586.297425833 8.27361 0.307005 0.783 -17.727 0.690315 -0.192082  0.015672 0.606136 3
1385780586.432922419 8.36665 0.299671 0.788 -13.932 0.6866 -0.0541277  0.0369013 0.488835 3
1385780586.493568715 8.40866 0.299689 0.792 -12.186 0.69275 0.000297067  0.0659562 0.502475 3
1385780586.625500832 8.50629 0.31756 0.804 -9.317 0.740013 0.135463  0.0909559 0.37954 3
1385780586.687723649 8.55482 0.327839 0.807 -8.021 0.77994 0.165183  0.0482138 0.363525 3
1385780586.752851843 8.60517 0.336154 0.804 -4.784 0.773131 0.127672  -0.046063 0.867463 3
1385780586.817205544 8.65433 0.345146 0.801 0.139999 0.763901 0.139733  -0.0466174 1.33543 3
1385780586.882983066 8.70512 0.356647 0.79 3.696 0.772088 0.174843  -0.16723 0.943543 8
1385780586.947956179 8.75868 0.366069 0.769 4.83 0.824424 0.145022  -0.323211 0.30462 8
1385780587.022919972 8.81083 0.374624 0.763 5.73401 0.695672 0.114112  -0.0800386 0.210474 8
1385780587.097235615 8.8502 0.380778 0.73 6.49699 0.529773 0.0828147  -0.444052 0.17919 8
1385780587.144228118 8.86427 0.382731 0.702 7.27499 0.299272 0.0415687  -0.59584 0.288954 8
1385780587.207203504 8.87422 0.383901 0.657 7.94099 0.158083 0.0185736  -0.714565 0.184578 8
1385780587.272633656 8.8808 0.384226 0.611 8.36101 0.100528 0.00496478  -0.70304 0.112037 8
1385780587.338538720 8.8845 0.384158 0.556 8.647 0.0560911 -0.00102574  -0.834534 0.0757387 8
1385780587.404758099 8.88702 0.385465 0.499 8.825 0.038113 0.0197278  -0.860775 0.0469134 8
1385780587.469347206 8.88694 0.39142 0.44 8.98401 -0.00124434 0.092198  -0.913467 0.0429682 8
1385780587.533696596 8.88723 0.394804 0.384 9.099 0.00450822 0.0525955  -0.870249 0.0311885 8
1385780587.597997930 8.88628 0.395707 0.33 9.166 -0.0148354 0.0140435  -0.839796 0.0181862 8
1385780587.663740891 8.88452 0.398365 0.282 9.283 -0.0267109 0.0404338  -0.730116 0.0310621 8
1385780587.729688221 8.88249 0.403858 0.236 9.354 -0.0307962 0.0832817  -0.697526 0.0187903 8
1385780587.795615205 8.88047 0.41054 0.209 9.43001 -0.0305753 0.101362  -0.409544 0.0201211 8
1385780587.859481923 8.87777 0.41332 0.198 9.448 -0.0423047 0.043526  -0.172234 0.00491628 8
1385780587.924066161 8.88015 0.412189 0.174 9.52499 0.0368006 -0.0175189  -0.371608 0.0208074 8
1385780587.990665752 8.891 0.413493 0 9.258 0.162905 0.0195829  -2.61263 -0.0699704 2
1385780588.053129919 8.899 0.413909 0 7.66501 0.128124 0.00666995  0 -0.445101 2
1385780588.121017200 8.89555 0.409094 0 7.52299 -0.0509079 -0.0709391  0 -0.0365106 2
1385780588.183237707 8.8949 0.407944 0 7.54601 -0.0103068 -0.0184737  0 0.00645454 2
1385780588.254589097 8.8944 0.407547 0 7.55099 -0.00711856 -0.00556223  0 0.00122051 2
1385780588.321111322 8.8936 0.407478 0 7.549 -0.0120274 -0.00103636  0 -0.000524447 2
1385780588.384897640 8.893 0.407446 0 7.55 -0.00934243 -0.000510421  0 0.000275559 2
1385780588.449475853 8.89208 0.407312 0 7.55501 -0.0141902 -0.00206924  0 0.00135265 2
1385780588.514724198 8.8916 0.407269 0 7.55901 -0.00736826 -0.000667957  0 0.00106937 2
1385780588.579702689 8.8913 0.407259 0 7.563 -0.00469455 -0.00015228  0 0.00107381 2
1385780588.644680539 8.89101 0.407203 0 7.563 -0.00436733 -0.000858337  0 0 2
1385780588.710848873 8.89082 0.407175 0 7.565 -0.00292907 -0.000413723  0 0.000527252 2
1385780588.775151462 8.89064 0.407181 0 7.567 -0.00282503 8.08079e-05  0 0.000542551 2
1385780588.839840795 8.8906 0.407169 0 7.56801 -0.000670873 -0.000172738  0 0.000271712 2
1385780588.904244315 8.89055 0.407232 0 7.57001 -0.000749006 0.000968266  0 0.0005417 2
1385780588.969919457 8.89053 0.407202 0 7.573 -0.000231569 -0.000459295  0 0.00079479 2
1385780589.035096359 8.89058 0.407207 0 7.575 0.000808742 8.40895e-05  0 0.000535273 2
1385780589.103694736 8.89064 0.407242 0 7.58099 0.000853113 0.000507197  0 0.00152572 2
1385780589.166438954 8.89074 0.407276 0 7.58501 0.00147842 0.000539328  0 0.0011163 2
1385780589.230318088 8.89075 0.407311 0 7.588 0.000244984 0.00055643  0 0.000817136 2
1385780589.295464477 8.89078 0.407328 0 7.591 0.000482327 0.000261038  0 0.000805329 2
1385780589.360418629 8.89081 0.407312 0 7.593 0.000441775 -0.000257216  0 0.000537108 2
1385780589.425586082 8.89084 0.407352 0 7.595 0.000373641 0.000622163  0 0.00053535 2
1385780589.490683376 8.89086 0.407394 0 7.59801 0.000313124 0.000644109  0 0.000805936 2
1385780589.555595397 8.89087 0.407413 0 7.60001 0.000242055 0.000285031  0 0.000537457 2
1385780589.620671785 8.89089 0.407442 0 7.60201 0.000328753 0.000445228  0 0.000536099 2
1385780589.684967754 8.89089 0.40744 0 7.604 -0.000126835 -2.45728e-05  0 0.000542606 2
1385780589.750772241 8.89093 0.407472 0 7.60699 0.00070349 0.000487396  0 0.000793228 2
1385780589.815981894 8.89097 0.407471 0 7.60699 0.000520234 -1.97388e-05  0 0 2
1385780589.883442868 8.89101 0.407478 0 7.608 0.000654846 0.000107276  0 0.000260549 2
1385780589.945976759 8.89104 0.407487 0 7.61101 0.000472069 0.000150023  0 0.000838973 2
1385780590.011582583 8.89103 0.407478 0 7.61501 -0.000184625 -0.000142097  0 0.00106355 2
1385780590.086151468 8.89106 0.407542 0 7.617 0.000394298 0.000853488  0 0.000467855 2
1385780590.141204827 8.89107 0.407578 0 7.619 0.00021741 0.000662725  0 0.000633702 2
1385780590.206286816 8.89108 0.407564 0 7.62 0.000152121 -0.000219002  0 0.000265981 2
1385780590.270915226 8.89108 0.407576 0 7.621 6.74896e-05 0.000190857  0 0.000271968 2
1385780590.336545929 8.89111 0.407552 0 7.62199 0.000372655 -0.000363951  0 0.000263757 2
1385780590.401439481 8.89112 0.407552 0 7.625 0.000269093 -4.46546e-06  0 0.000808467 2
1385780590.466312919 8.89114 0.407552 0 7.62801 0.000257596 3.97868e-06  0 0.000808717 2
1385780590.531212208 8.89114 0.40758 0 7.632 -3.22461e-05 0.000420533  0 0.00107512 2
1385780590.595020738 8.89115 0.40759 0 7.634 0.000139656 0.000161148  0 0.000546752 2
1385780590.661256799 8.89116 0.407595 0 7.63701 0.000176291 7.71819e-05  0 0.00079208 2
1385780590.726839700 8.89118 0.407587 0 7.63901 0.000278629 -0.000125805  0 0.000531959 2
1385780590.791763852 8.89117 0.407571 0 7.64 -0.000112573 -0.000236752  0 0.000266627 2
1385780590.857461808 8.89122 0.407601 0 7.64 0.000786446 0.000443735  0 0 2
1385780590.922024248 8.89124 0.407629 0 7.64301 0.000218291 0.000433202  0 0.000812613 2
1385780590.988707421 8.89126 0.40765 0 7.644 0.000415604 0.000325453  0 0.000259594 2
1385780591.058254642 8.8913 0.407644 0 7.649 0.000522059 -8.9677e-05  0 0.00125601 2
1385780591.118892238 8.8913 0.407659 0 7.653 3.51819e-06 0.000247711  0 0.00115069 2
1385780591.182321994 8.89135 0.407681 0 7.65601 0.000701605 0.000344739  0 0.000827124 2
1385780591.250864538 8.89137 0.40769 0 7.661 0.000398205 0.000134203  0 0.00127053 2
1385780591.311485357 8.89142 0.407715 0 7.662 0.000710676 0.000409565  0 0.000289948 2
1385780591.379008499 8.89145 0.407748 0 7.66501 0.000439863 0.000486854  0 0.000776982 2
1385780591.442122178 8.89145 0.407736 0 7.66701 0.00012587 -0.00018002  0 0.000552771 2
1385780591.507678854 8.8915 0.407757 0 7.67 0.000730683 0.000320941  0 0.000796226 2
1385780591.572459578 8.89151 0.40778 0 7.672 6.08e-05 0.000353573  0 0.000538546 2
1385780591.639516865 8.89149 0.407828 0 7.675 -0.000288852 0.000712733  0 0.00078238 2
1385780591.701426679 8.89151 0.407851 0 7.67599 0.000388956 0.000375984  0 0.000279609 2
1385780591.767676809 8.89154 0.40789 0 7.679 0.000379745 0.000578313  0 0.000791912 2
1385780591.831835536 8.89155 0.407872 0 7.683 0.000295442 -0.000274433  0 0.00108753 2
1385780591.897895520 8.89156 0.407893 0 7.683 6.52749e-05 0.000310391  0 0 2
1385780591.963256622 8.89157 0.407882 0 7.686 0.00012845 -0.000158427  0 0.000802683 2
1385780592.037050211 8.89161 0.407944 0 7.688 0.000611347 0.000839267  0 0.00047277 2
1385780592.093097621 8.89161 0.407942 0 7.689 3.20263e-05 -3.40521e-05  0 0.000308855 2
1385780592.158160643 8.89162 0.407948 0 7.69301 0.000110685 8.12579e-05  0 0.00107651 2
1385780592.224331435 8.8916 0.40795 0 7.694 -0.00027349 4.18783e-05  0 0.000261604 2
1385780592.288306821 8.89161 0.407953 0 7.69701 9.25914e-05 3.52437e-05  0 0.00082007 2
1385780592.354574559 8.89164 0.407987 0 7.69701 0.000540159 0.000520389  0 0 2
1385780592.419737776 8.89165 0.407985 0 7.7 4.33799e-05 -3.41126e-05  0 0.000801034 2
1385780592.484187001 8.89166 0.407995 0 7.701 0.000239245 0.000160754  0 0.000272724 2
1385780592.549251380 8.89168 0.408001 0 7.703 0.000240237 8.58151e-05  0 0.000536198 2
1385780592.614071180 8.89169 0.40801 0 7.70599 0.000189385 0.000137319  0 0.000805278 2
1385780592.679024858 8.89176 0.408027 0 7.707 0.00107094 0.000262088  0 0.000270606 2
1385780592.744648009 8.89176 0.408023 0 7.70801 -4.90562e-05 -5.82355e-05  0 0.000267845 2
1385780592.808153207 8.89176 0.408021 0 7.709 0.000121585 -3.80219e-05  0 0.000272585 2
1385780592.874306876 8.89177 0.408038 0 7.711 0.000108288 0.000267446  0 0.000527369 2
1385780592.938897364 8.8918 0.408072 0 7.715 0.000372521 0.000526461  0 0.00108026 2
1385780593.003991719 8.89181 0.408074 0 7.715 0.000228281 3.23144e-05  0 0 2
1385780593.127857557 8.89178 0.408125 0 7.718 -0.000263412 0.000409644  0 0.000423557 2
1385780593.134468137 8.89178 0.40813 0 7.72 0.000368946 0.000733148  0 0.00527751 2
1385780593.199529900 8.89179 0.408163 0 7.72301 0.000107938 0.000503088  0 0.000806376 2
1385780593.329622060 8.89179 0.408189 0 7.72501 3.71824e-05 0.000202813  0 0.000268175 2
1385780593.329643164 8.89179 0.408189 0 7.728 0.000295394 -1.76289e-05  0 2.47337 2
1385780593.394400101 8.89179 0.408223 0 7.73199 -2.38552e-05 0.000523077  0 0.00107749 2
1385780593.640732008 8.89187 0.408172 0 7.73199 0.00032339 -0.000205612  0 0 2
1385780593.760025815 8.89192 0.408187 0 7.737 0.000377508 0.000121247  0 0.00073224 2
1385780593.776150632 8.89191 0.408193 0 7.739 -0.000465692 0.00040257  0 0.00216358 2
1385780593.795080714 8.89192 0.408192 0 7.744 0.000393331 -4.10894e-05  0 0.00461444 2
1385780593.960690285 8.89199 0.408214 0 7.748 0.00043118 0.000128021  0 0.000421321 2
1385780594.023655497 8.89202 0.408245 0 7.752 0.000570412 0.00049348  0 0.00110815 2
1385780594.047892544 8.89204 0.408253 0 7.75301 0.000543352 0.000358388  0 0.000725206 2
1385780594.172261219 8.8921 0.408251 0 7.756 0.000497712 -2.26059e-05  0 0.000419703 2
1385780594.230032748 8.89211 0.408264 0 7.75999 0.000132695 0.00024034  0 0.00120777 2
1385780594.245513582 8.89212 0.408263 0 7.76401 0.000708368 -0.000128165  0 0.00452438 2
1385780594.370609090 8.8922 0.408242 0 7.76801 0.000701705 -0.000165868  0 0.000557772 2
1385780594.400782896 8.89222 0.408245 0 7.77 0.00051662 0.000120949  0 0.00115622 2
1385780594.444097212 8.89223 0.408237 0 7.774 0.000283956 -0.00018639  0 0.0016109 2
1385780594.573783203 8.8923 0.408257 0 7.776 0.000553969 0.000154065  0 0.000269014 2
1385780594.623088058 8.89233 0.408287 0 7.77701 0.000428803 0.000604189  0 0.000356494 2
1385780594.634975091 8.89233 0.408288 0 7.78 -2.76909e-06 8.89977e-05  0 0.00439117 2
1385780594.783379590 8.89238 0.408282 0 7.786 0.00039812 -3.86615e-05  0 0.00070525 2
1385780594.829449413 8.89242 0.408286 0 7.793 0.000706915 7.1251e-05  0 0.00265334 2
1385780594.987923153 8.89243 0.408276 0 7.795 7.70614e-05 -6.25202e-05  0 0.000220146 2
1385780595.046055023 8.89249 0.408297 0 7.8 0.000977764 0.000367386  0 0.00150265 2
1385780595.172682343 8.89244 0.408351 0 7.802 -0.000328356 0.00042441  0 0.000275513 2
1385780595.216824873 8.89244 0.40836 0 7.81 1.08332e-05 0.000215083  0 0.00316134 2
1385780595.391713731 8.89257 0.408443 0 7.81801 0.000698104 0.000472439  0 0.000799456 2
1385780595.433517641 8.89265 0.408448 0 7.82201 0.0020472 0.000124236  0 0.0016691 2
1385780595.501863834 8.89287 0.408465 0 7.825 0.00316972 0.000240288  0 0.000763729 2
1385780595.555588704 8.89304 0.40849 0 7.83 0.00323495 0.000475453  0 0.00162591 2
1385780595.617782078 8.89307 0.408488 0 7.834 0.000450058 -3.88956e-05  0 0.0011219 2
1385780595.682201878 8.89294 0.408487 0 7.83701 -0.00201939 -6.6941e-06  0 0.000814412 2
1385780595.747292499 8.89281 0.408512 0 7.838 -0.00206406 0.000384757  0 0.000265945 2
1385780595.815081502 8.89284 0.408475 0 7.84 0.000478342 -0.000555144  0 0.000514647 2
1385780595.877363068 8.89296 0.408484 0 7.84399 0.00189939 0.000153477  0 0.00112031 2
1385780595.942483982 8.89324 0.40853 0 7.843 0.00438763 0.000707005  0 -0.000265822 2
1385780596.009013831 8.89357 0.408521 0 7.84601 0.00489518 -0.000135648  0 0.000788582 2
1385780596.072590365 8.89351 0.408499 0 7.849 -0.000952948 -0.000353627  0 0.000821026 2
1385780596.136791094 8.89316 0.408432 0 7.853 -0.00536582 -0.0010469  0 0.00108682 2
1385780596.207312290 8.89291 0.408441 0 7.853 -0.0035978 0.000139959  0 0 2
1385780596.268360994 8.89284 0.408453 0 7.856 -0.00110046 0.000193401  0 0.000859384 2
1385780596.332005739 8.89299 0.408507 0 7.85901 0.00233579 0.00083934  0 0.00082433 2
1385780596.397648820 8.89341 0.408586 0 7.86101 0.00643626 0.00120057  0 0.000531471 2
1385780596.463949526 8.89376 0.408657 0 7.862 0.00528389 0.00107981  0 0.000261091 2
1385780596.527966295 8.89397 0.408729 0 7.866 0.003265 0.00112553  0 0.00108995 2
1385780596.595914552 8.89404 0.408731 0 7.867 0.000981718 2.00271e-05  0 0.00025868 2
1385780596.658159428 8.89392 0.408704 0 7.869 -0.00185722 -0.000424667  0 0.000560486 2
1385780596.723247431 8.89368 0.408601 0 7.87 -0.00375558 -0.00158348  0 0.000265956 2
1385780596.788157414 8.8934 0.408555 0 7.87401 -0.00433547 -0.000705833  0 0.00107905 2
1385780596.854353901 8.89323 0.408502 0 7.877 -0.00259332 -0.000803608  0 0.000788531 2
1385780596.918533357 8.8931 0.408473 0 7.877 -0.00204405 -0.00044634  0 0 2
1385780596.982778669 8.89311 0.408464 0 7.87601 0.000246518 -0.000140532  0 -0.000269445 2
1385780597.050120394 8.89313 0.408446 0 7.888 0.00030967 -0.000278319  0 0.00310839 2
1385780597.113673549 8.89317 0.408425 0 7.892 0.000584051 -0.000324918  0 0.0010979 2
1385780597.178149607 8.89316 0.408427 0 7.89101 -0.000120263 3.01521e-05  0 -0.00026848 2
1385780597.243803244 8.89317 0.408469 0 7.89 0.000167235 0.000641038  0 -0.000267721 2
1385780597.308865633 8.89323 0.4085 0 7.892 0.00084001 0.000473641  0 0.000536215 2
1385780597.375959374 8.89324 0.408536 0 7.89301 0.000248295 0.000539018  0 0.000261975 2
1385780597.437605866 8.89326 0.408512 0 7.895 0.000338222 -0.000387946  0 0.000565927 2
1385780597.504151699 8.89325 0.408509 0 7.89799 -0.000163664 -5.25069e-05  0 0.000784391 2
1385780597.570768069 8.89327 0.408553 0 7.899 0.000272869 0.000661745  0 0.000263852 2
1385780597.634999524 8.89379 0.409705 0 7.87401 0.00801171 0.0179393  0 -0.00679147 2
1385780597.699233304 8.8944 0.409285 0 7.899 0.0096167 -0.00653415  0 0.00679122 2
1385780597.765419018 8.89488 0.408988 0 7.90401 0.00720818 -0.00448745  0 0.0013198 2
1385780597.833056575 8.89551 0.409548 0 7.87199 0.00926189 0.00827249  0 -0.00826066 2
1385780597.898217924 8.89832 0.411119 0 7.87 0.0432136 0.0241139  0 -0.0005354 2
1385780597.960922294 8.90006 0.410989 0 7.897 0.0277367 -0.00207842  0 0.00751749 2
1385780598.024638693 8.89877 0.407984 0 8.022 -0.0202771 -0.0471638  0 0.0342402 2
1385780598.091619801 8.91751 0.392365 0 8.87801 0.27981 -0.233177  0 0.223049 2
1385780598.154063034 8.92657 0.381325 0 11.077 0.145044 -0.176809  0 0.614632 2
1385780598.219592296 8.91666 0.373215 0 13.49 -0.151235 -0.123759  0 0.642689 2
1385780598.284414560 8.90504 0.377309 0 14.546 -0.179284 0.0631609  0 0.284326 2
1385780598.351767855 8.89674 0.382227 0 14.2 -0.123183 0.0730148  0 -0.0896613 2
1385780598.414905095 8.88946 0.386544 0 14.093 -0.115362 0.0683823  0 -0.029577 2
1385780598.479936717 8.90573 0.394218 0 15.437 0.250193 0.117996  0 0.360703 2
1385780598.544633730 8.92407 0.403484 0 18.414 0.283438 0.143229  0 0.803106 2
1385780598.610128671 8.94002 0.413191 0 22.246 0.24362 0.148213  0 1.02116 2
1385780598.676259416 8.95 0.42281 0 26.852 0.150921 0.145442  0 1.21562 2
1385780598.739942436 8.9533 0.444505 0 32.145 0.0517463 0.340677  0 1.45063 2
1385780598.806345427 8.95233 0.480343 0 38.24 -0.0145338 0.539701  0 1.602 2
1385780598.873592274 8.94693 0.521925 0 45.033 -0.0803308 0.618358  0 1.76306 2
1385780598.939960733 8.93757 0.563694 0 53.038 -0.140976 0.629351  0 2.10512 2
1385780599.000547626 8.92762 0.599443 0 62.324 -0.164213 0.590046  0 2.67502 2
1385780599.068475192 8.91389 0.637906 0 72.223 -0.202206 0.566235  0 2.54345 2
1385780599.130850626 8.89426 0.675077 0 82.464 -0.314672 0.595914  0 2.86554 2
1385780599.198965261 8.76152 0.711512 0 93.48 -1.94878 0.534907  0 2.82267 2
1385780599.260575916 8.65657 0.74073 0 104.597 -1.7034 0.474243  0 3.14926 2
1385780599.364700407 8.4996 0.760919 0 114.857 -1.50754 0.193894  0 1.71978 2
1385780599.391088905 8.485 0.758187 0 124.541 -0.553461 -0.103527  0 6.40497 2
1385780599.456283709 8.49591 0.771615 0 134.084 0.167342 0.205966  0 2.55476 2
1385780599.525395412 8.47361 0.798467 0 143.728 -0.322624 0.388524  0 2.43547 2
1385780599.588043761 8.42309 0.832168 0 152.807 -0.8064 0.537933  0 2.52933 2
1385780599.651472614 8.38657 0.846333 0 162.177 -0.575805 0.223322  0 2.57828 2
1385780599.720575636 8.37047 0.849856 0 170.793 -0.232909 0.050982  0 2.17614 2
1385780599.802134114 8.30218 0.86767 0 178.483 -0.837379 0.218427  0 1.64564 2
1385780599.847368317 8.28343 0.869384 0 -174.619 -0.414349 0.0378933  0 -136.242 2
1385780599.911553950 8.26783 0.867997 0 -168.265 -0.243148 -0.0216084  0 1.72777 2
1385780599.976438975 8.25529 0.864129 0 -162.519 -0.19325 -0.0596258  0 1.5456 2
1385780600.041374420 8.24656 0.857959 0 -156.105 -0.134407 -0.0950087  0 1.72395 2
1385780600.121629962 8.24186 0.850586 0 -148.986 -0.0586228 -0.091867  0 1.54818 2
1385780600.171959547 8.24053 0.84364 0 -142.223 -0.0263869 -0.138021  0 2.34527 2
1385780600.242013751 8.24206 0.832872 0 -135.878 0.0218011 -0.153704  0 1.58079 2
1385780600.311022324 8.24736 0.821198 0 -129.802 0.0768392 -0.169169  0 1.53671 2
1385780600.366798012 8.25469 0.811715 0 -123.795 0.131374 -0.170015  0 1.87971 2
1385780600.432517886 8.26704 0.80238 0 -117.868 0.18795 -0.142054  0 1.57404 2
1385780600.496909168 8.28047 0.795175 0 -112.165 0.208618 -0.111881  0 1.5458 2
1385780600.561927297 8.29037 0.791535 0 -106.406 0.152257 -0.0559915  0 1.54593 2
1385780600.627177970 8.29504 0.790437 0 -100.089 0.0714972 -0.0168252  0 1.68968 2
1385780600.700238240 8.29373 0.78937 0 -93.457 -0.0178821 -0.0146088  0 1.58431 2
1385780600.766937823 8.28866 0.785669 0 -86.425 -0.0759439 -0.0554906  0 1.84007 2
1385780600.822254868 8.27867 0.779202 0 -78.912 -0.180609 -0.116904  0 2.37045 2
1385780600.887046171 8.26706 0.770897 0 -71.033 -0.179282 -0.128183  0 2.12242 2
1385780600.952626209 8.2591 0.762246 0 -62.633 -0.121396 -0.131916  0 2.23555 2
1385780601.022117837 8.25236 0.751545 0 -53.788 -0.0969553 -0.153989  0 2.22148 2
1385780601.082694766 8.2439 0.740038 0 -45.321 -0.139614 -0.189957  0 2.43949 2
1385780601.153582366 8.23636 0.726326 0 -37.712 -0.106401 -0.193423  0 1.87342 2
1385780601.214981282 8.23403 0.719172 0 -31.421 -0.0378645 -0.116526  0 1.78828 2
1385780601.277727821 8.23329 0.712252 0 -26.808 -0.0118053 -0.110282  0 1.28313 2
1385780601.347829726 8.23081 0.706486 0 -23.997 -0.0353764 -0.0822545  0 0.699857 2
1385780601.408357064 8.22988 0.703565 0 -22.925 -0.0154576 -0.0482505  0 0.309113 2
1385780601.472816149 8.22775 0.700004 0 -23.267 -0.0329428 -0.0552522  0 -0.0926005 2
1385780601.538322436 8.22496 0.697301 0 -25.935 -0.0426735 -0.0412619  0 -0.710853 2
1385780601.603301196 8.22282 0.694634 0 -32.404 -0.0329064 -0.0410408  0 -1.73757 2
1385780601.667892216 8.22651 0.69211 0 -41.302 0.0570948 -0.0390748  0 -2.40435 2
1385780601.738693389 8.23057 0.690728 0 -50.317 0.0573556 -0.0195257  0 -2.2223 2
1385780601.798566397 8.23368 0.689789 0 -58 0.05201 -0.0156853  0 -2.23963 2
1385780601.863621227 8.23142 0.686946 0 -63.788 -0.034845 -0.0436915  0 -1.55284 2
1385780601.930619528 8.2314 0.672972 0 -67.45 -0.000220912 -0.208577  0 -0.953963 2
1385780601.993787389 8.24812 0.629377 0 -69.267 0.264734 -0.690142  0 -0.502038 2
1385780602.063595708 8.26312 0.575682 0 -68.331 0.214794 -0.769175  0 0.234016 2
1385780602.123944908 8.24169 0.542493 0 -64.495 -0.3551 -0.54996  0 1.10939 2
1385780602.189553853 8.20791 0.50436 0 -59.639 -0.514778 -0.581206  0 1.29179 2
1385780602.256161082 8.1905 0.463523 0 -56.013 -0.261514 -0.613099  0 0.950132 2
1385780602.317959566 8.18225 0.436067 0 -54.009 -0.133477 -0.444284  0 0.565977 2
1385780602.384033028 8.18284 0.40541 0 -53.809 0.00896315 -0.463989  0 0.0528292 2
1385780602.451673074 8.1778 0.381713 0 -54.99 -0.0745706 -0.350347  0 -0.304736 2
1385780602.514182879 8.16837 0.369375 0 -56.509 -0.150793 -0.197366  0 -0.424118 2
1385780602.579342406 8.16313 0.362067 0 -58.11 -0.0804229 -0.11216  0 -0.428837 2
1385780602.644384756 8.16019 0.358343 0 -59.703 -0.0452572 -0.0572603  0 -0.42746 2
1385780602.709557477 8.15837 0.356679 0 -62.295 -0.0278267 -0.0255311  0 -0.69414 2
1385780602.774925694 8.15611 0.355996 0 -64.561 -0.0346322 -0.0104517  0 -0.605021 2
1385780602.839623364 8.16341 0.375721 0 -67.227 0.11281 0.30489  0 -0.719199 2
1385780602.904668451 8.16901 0.402035 0 -68.313 0.0861856 0.404554  0 -0.291402 2
1385780602.969650806 8.15778 0.403384 0 -66.218 -0.172872 0.0207466  0 0.562684 2
1385780603.034661278 8.14661 0.37967 0 -62.641 -0.17174 -0.364771  0 0.960314 2
1385780603.099823799 8.12779 0.33758 0 -59.68 -0.288849 -0.645925  0 0.793081 2
1385780603.165304358 8.1025 0.290827 0 -58.201 -0.386188 -0.713985  0 0.394216 2
1385780603.231734963 8.08617 0.245286 0 -55.225 -0.24591 -0.685549  0 0.781883 2
1385780603.294963383 8.08387 0.216733 0 -51.686 -0.0363879 -0.451583  0 0.97689 2
1385780603.360129342 8.08675 0.208698 0 -49.32 0.0442323 -0.1233  0 0.633681 2
1385780603.424722017 8.09494 0.207379 0 -48.909 0.126782 -0.0204159  0 0.111055 2
1385780603.491445628 8.0993 0.195366 0 -49.936 0.0654279 -0.18005  0 -0.268639 2
1385780603.558159485 8.0982 0.185886 0 -51.497 -0.016597 -0.142093  0 -0.408381 2
1385780603.619886237 8.0824 0.176164 0 -53.373 -0.255849 -0.1575  0 -0.53044 2
1385780603.685618002 8.05445 0.164184 0 -54.736 -0.425356 -0.182258  0 -0.361908 2
1385780603.750862641 8.01548 0.158718 0 -55.894 -0.597271 -0.0837781  0 -0.30977 2
1385780603.815267947 7.97384 0.158878 0 -57.291 -0.646445 0.00248423  0 -0.378576 2
1385780603.879017305 7.94509 0.164624 0 -58.059 -0.451081 0.0901404  0 -0.210262 2
1385780603.945839120 7.92545 0.176893 0 -57.783 -0.29388 0.183604  0 0.0720891 2
1385780604.011441979 7.89681 0.181627 0 -55.642 -0.436571 0.0721531  0 0.569601 2
1385780604.076125497 7.8852 0.174437 0 -51.482 -0.179512 -0.111151  0 1.12247 2
1385780604.141132740 7.88911 0.164001 0 -46.769 0.0601647 -0.160534  0 1.26536 2
1385780604.213963166 7.89044 0.161131 0 -42.399 0.0182379 -0.0394063  0 1.04724 2
1385780604.272032243 7.89925 0.1457 0 -38.829 0.151714 -0.265742  0 1.073 2
1385780604.336325734 7.90242 0.119089 0 -35.643 0.0493247 -0.413888  0 0.864878 2
1385780604.402971778 7.89781 0.0903329 0 -32.98 -0.0691194 -0.431482  0 0.69739 2
1385780604.464936704 7.89389 0.0731977 0 -31.402 -0.0632804 -0.27653  0 0.444467 2
1385780604.533314247 7.88983 0.0621058 0 -31.223 -0.0593028 -0.162216  0 0.0456898 2
1385780604.597545641 7.88594 0.0549167 0 -31.954 -0.0606768 -0.111925  0 -0.198632 2
1385780604.661802838 7.88177 0.050342 0 -33.08 -0.0648898 -0.0711925  0 -0.305842 2
1385780604.728455941 7.87929 0.0480889 0 -34.096 -0.0370921 -0.0338034  0 -0.26604 2
1385780604.793473588 7.87632 0.0460698 0 -35.046 -0.0458307 -0.0310559  0 -0.255021 2
1385780604.856490308 7.87231 0.0458011 0 -36.01 -0.0635333 -0.00426387  0 -0.266989 2
1385780604.924454066 7.86684 0.047471 0 -36.102 -0.080505 0.0245708  0 -0.0236286 2
1385780604.985937574 7.86602 0.0543197 0 -35.297 -0.0133127 0.11139  0 0.228517 2
1385780605.058260914 7.86982 0.0655191 0 -33.564 0.0524672 0.154852  0 0.418213 2
1385780605.116622146 7.86823 0.069611 0 -30.532 -0.0271439 0.0701129  0 0.906738 2
1385780605.182578079 7.86148 0.0631209 0 -25.718 -0.102416 -0.0983993  0 1.27388 2
1385780605.248594763 7.8592 0.0576367 0 -18.569 -0.034438 -0.0830738  0 1.89003 2
1385780605.311449714 7.85729 0.0525856 0 -9.593 -0.0305204 -0.0803608  0 2.49242 2
1385780605.377600343 7.85746 0.0493221 0 -0.188004 0.0027 -0.0493344  0 2.48143 2
1385780605.442121751 7.85427 0.0448434 0 8.451 -0.0495417 -0.0694144  0 2.33689 2
1385780605.507600808 7.84928 0.0387337 0 15.741 -0.0761479 -0.0933079  0 1.94313 2
1385780605.584675410 7.85282 0.0410424 0 21.326 0.0459151 0.0299545  0 1.26471 2
1385780605.637864680 7.8562 0.0464199 0 25.401 0.0635787 0.101102  0 1.33715 2
1385780605.703023050 7.85623 0.0436828 0 27.917 0.000411327 -0.0420079  0 0.673936 2
1385780605.767866521 7.85087 0.0394977 0 28.548 -0.0825667 -0.0645407  0 0.169839 2
1385780605.833064092 7.84426 0.0338835 0 27.88 -0.101494 -0.0861106  0 -0.178822 2
1385780605.897975587 7.84087 0.0284428 0 26.49 -0.05216 -0.0838175  0 -0.373741 2
1385780605.963077297 7.83538 0.0240466 0 24.448 -0.0842981 -0.0675281  0 -0.547447 2
1385780606.028598837 7.82748 0.0216389 0 22.465 -0.120682 -0.0367463  0 -0.528222 2
1385780606.094652672 7.82133 0.0241503 0 21.493 -0.0931171 0.0380196  0 -0.25683 2
1385780606.157474874 7.82563 0.0358122 0 21.901 0.0685168 0.185633  0 0.113352 2
1385780606.223423862 7.8257 0.0442494 0 22.711 0.00107583 0.127936  0 0.214365 2
1385780606.288405342 7.82072 0.0445368 0 22.865 -0.076688 0.00442282  0 0.0413645 2
1385780606.354026179 7.81408 0.0374777 0 22.986 -0.101098 -0.107573  0 0.0321832 2
1385780606.418693362 7.81252 0.0331802 0 23.639 -0.0241922 -0.0664565  0 0.176241 2
1385780606.483801391 7.81583 0.0341495 0 25.437 0.0509145 0.0148874  0 0.481981 2
1385780606.546984740 7.81951 0.0346371 0 27.562 0.0581744 0.0077184  0 0.586994 2
1385780606.614038520 7.82103 0.0337263 0 29.405 0.0226559 -0.013584  0 0.479711 2
1385780606.678994680 7.82115 0.0320391 0 30.514 0.00185104 -0.0259748  0 0.297983 2
1385780606.744618374 7.82327 0.0311663 0 30.233 0.0323754 -0.0133001  0 -0.0747364 2
1385780606.810242399 7.82447 0.0286592 0 29.193 0.018292 -0.0382031  0 -0.276595 2
1385780606.874316584 7.82472 0.0274075 0 27.804 0.00382166 -0.0195361  0 -0.378354 2
1385780606.939213579 7.82764 0.028139 0 26.001 0.0450692 0.0112732  0 -0.484894 2
1385780607.005333503 7.83035 0.0271275 0 23.83 0.0409385 -0.0152985  0 -0.573068 2
1385780607.069522416 7.83043 0.0259335 0 21.175 0.00116138 -0.0186008  0 -0.721908 2
1385780607.132588856 7.82898 0.0261287 0 17.822 -0.0228609 0.00309376  0 -0.927924 2
1385780607.199581607 7.82576 0.0275625 0 13.013 -0.0481631 0.0214026  0 -1.25287 2
1385780607.264570334 7.82404 0.0303028 0 6.161 -0.026439 0.0421654  0 -1.84017 2
1385780607.329598604 7.82154 0.031608 0 -2.34399 -0.0384499 0.020072  0 -2.2827 2
1385780607.395603794 7.81715 0.0293872 0 -12.604 -0.0664784 -0.0336451  0 -2.71298 2
1385780607.460807973 7.81351 0.0252953 0 -24.443 -0.0557897 -0.0627558  0 -3.16896 2
1385780607.524840215 7.80974 0.0227374 0 -36.268 -0.058885 -0.0399478  0 -3.22315 2
1385780607.590597740 7.80492 0.0204206 0 -46.653 -0.0733161 -0.035232  0 -2.75637 2
1385780607.655009296 7.79993 0.0171259 0 -55.123 -0.0774976 -0.0511511  0 -2.29508 2
1385780607.720097901 7.7965 0.0144427 0 -60.568 -0.0526498 -0.0412234  0 -1.46006 2
1385780607.785173214 7.7944 0.0132038 0 -62.413 -0.0323409 -0.0190377  0 -0.494832 2
1385780607.850191009 7.7954 0.0135105 0 -59.207 0.0153845 0.00471662  0 0.860615 2
1385780607.915380125 7.79695 0.0142043 0 -52.522 0.0238714 0.0106429  0 1.7898 2
1385780607.979924436 7.79773 0.0137987 0 -47.284 0.0120282 -0.00628443  0 1.4164 2
1385780608.045428731 7.79614 0.0119664 0 -45.964 -0.0242943 -0.0279709  0 0.351705 2
1385780608.110476542 7.79396 0.0106656 0 -47.375 -0.0335207 -0.0199991  0 -0.378591 2
1385780608.177513787 7.77135 -0.00147916 0 -50.273 -0.337252 -0.181164  0 -0.754499 2
1385780608.241146574 7.75577 -0.0108002 0 -53.419 -0.244899 -0.146482  0 -0.86289 2
1385780608.303956409 7.74918 -0.015404 0 -56.488 -0.104844 -0.0732978  0 -0.852799 2
1385780608.371355794 7.74843 -0.0171971 0 -59.449 -0.0112192 -0.026603  0 -0.76676 2
1385780608.437059490 7.75569 -0.0153365 0 -61.516 0.110548 0.0283173  0 -0.549071 2
1385780608.500808689 7.7584 -0.0156102 0 -62.645 0.0425659 -0.00429254  0 -0.309098 2
1385780608.564441943 7.75652 -0.0195009 0 -62.974 -0.0295929 -0.0611435  0 -0.0902386 2
1385780608.630939728 7.75316 -0.0258399 0 -62.426 -0.0505871 -0.0953261  0 0.14383 2
1385780608.696824268 7.7494 -0.0327898 0 -60.784 -0.0569547 -0.105487  0 0.434979 2
1385780608.761089392 7.74706 -0.0400934 0 -58.634 -0.0364913 -0.113647  0 0.583903 2
1385780608.825054837 7.73758 -0.0704433 0 -56.251 -0.148171 -0.474474  0 0.650212 2
1385780608.893721896 7.72793 -0.103672 0 -53.716 -0.140511 -0.483913  0 0.644329 2
1385780608.956319926 7.72505 -0.116112 0 -51.559 -0.0460235 -0.198729  0 0.601404 2
1385780609.021380479 7.72284 -0.12193 0 -49.915 -0.0339424 -0.089415  0 0.441022 2
1385780609.085382424 7.71905 -0.126115 0 -48.746 -0.0592432 -0.0653898  0 0.318785 2
1385780609.151118131 7.71397 -0.131682 0 -48.235 -0.077342 -0.0846987  0 0.135675 2
1385780609.216489806 7.71016 -0.13842 0 -48.353 -0.058179 -0.103068  0 -0.0315033 2
1385780609.282028890 7.70885 -0.142583 0 -49.285 -0.0200813 -0.0635198  0 -0.248195 2
1385780609.346925103 7.70849 -0.14362 0 -50.802 -0.00549831 -0.0159783  0 -0.407986 2
1385780609.411787045 7.70543 -0.148338 0 -52.214 -0.0472147 -0.0727427  0 -0.379945 2
1385780609.476453734 7.70316 -0.156056 0 -52.841 -0.0350159 -0.119338  0 -0.169225 2
1385780609.541445739 7.69952 -0.164994 0 -53.406 -0.056006 -0.137536  0 -0.151729 2
1385780609.607217908 7.69494 -0.172874 0 -53.846 -0.0697175 -0.119801  0 -0.116759 2
1385780609.680274809 7.6913 -0.177739 0 -53.143 -0.0498468 -0.0665993  0 0.167947 2
1385780609.737414396 7.68991 -0.180557 0 -51.988 -0.0241973 -0.049316  0 0.352794 2
1385780609.802486351 7.68829 -0.183812 0 -50.537 -0.0249406 -0.0500219  0 0.389179 2
1385780609.867798228 7.68615 -0.187783 0 -47.858 -0.0327878 -0.0608012  0 0.715909 2
1385780609.932588136 7.68597 -0.192898 0 -44.705 -0.002712 -0.0789479  0 0.849364 2
1385780609.997748062 7.68723 -0.19764 0 -41.242 0.0192435 -0.0727755  0 0.927575 2
1385780610.063892134 7.68884 -0.201418 0 -36.539 0.0243496 -0.0571151  0 1.24097 2
1385780610.127806567 7.69169 -0.204722 0 -30.986 0.0445523 -0.0516854  0 1.51638 2
1385780610.192825607 7.69684 -0.207018 0 -25.328 0.0793211 -0.035312  0 1.51879 2
1385780610.257826306 7.70556 -0.206891 0 -19.654 0.134115 0.00195104  0 1.52352 2
1385780610.326791231 7.71904 -0.202439 0 -14.453 0.195491 0.0645463  0 1.31624 2
1385780610.388353343 7.73651 -0.200045 0 -9.50301 0.283717 0.0388879  0 1.40336 2
1385780610.453031407 7.76081 -0.19677 0 -4.282 0.375728 0.0506415  0 1.40888 2
1385780610.518260236 7.79711 -0.19649 0 1.621 0.55651 0.00428432  0 1.57947 2
1385780610.583267899 7.83069 -0.192777 0 7.37199 0.516588 0.0571278  0 1.54403 2
1385780610.652834500 7.85314 -0.181459 0 11.831 0.322732 0.162683  0 1.1187 2
1385780610.713870658 7.87701 -0.171901 0 15.706 0.391001 0.156602  0 1.10806 2
1385780610.778430603 7.93137 -0.173977 0 20.245 0.841968 -0.0321512  0 1.22708 2
1385780610.843448474 7.9988 -0.157026 0 25.221 1.03717 0.260703  0 1.33575 2
1385780610.908585038 8.06301 -0.13208 0 30.311 0.985695 0.382986  0 1.36386 2
1385780610.973640491 8.12187 -0.106656 0 34.462 0.904877 0.3908  0 1.11364 2
1385780611.040652786 8.17324 -0.0834908 0 37.699 0.766589 0.34569  0 0.843074 2
1385780611.103724020 8.21654 -0.0628107 0 40.213 0.68653 0.327885  0 0.695681 2
1385780611.168832761 8.23229 -0.0470526 0 42.021 0.241809 0.242028  0 0.484659 2
1385780611.234015321 8.23864 -0.0296856 0 43.575 0.0974932 0.266435  0 0.4161 2
1385780611.298906686 8.23248 -0.00722406 0 45.231 -0.0949952 0.346141  0 0.445402 2
1385780611.364045020 8.19268 0.0123097 0 47.25 -0.611004 0.299881  0 0.540974 2
1385780611.429016183 8.19919 0.0189661 0 49.637 0.10024 0.102451  0 0.641225 2
1385780611.494034149 8.23185 0.0228518 0 52.358 0.502247 0.0597641  0 0.730418 2
1385780611.559307393 8.26712 0.0285385 0 54.953 0.540423 0.0871212  0 0.693873 2
1385780611.631373192 8.28799 0.0457192 0 57.026 0.289514 0.238403  0 0.50205 2
1385780611.690486493 8.30406 0.0590916 0 58.311 0.271937 0.226216  0 0.379399 2
1385780611.754327736 8.31924 0.0728983 0 59.217 0.237821 0.216265  0 0.247687 2
1385780611.819442701 8.33334 0.0864191 0 60.012 0.216511 0.207646  0 0.21309 2
1385780611.884856289 8.34422 0.0898307 0 60.141 0.166307 0.0521533  0 0.0344185 2
1385780611.952486799 8.3505 0.0896225 0 59.168 0.0929063 -0.00307743  0 -0.2511 2
1385780612.014675802 8.35191 0.0891745 0 57.03 0.0226089 -0.00720475  0 -0.600028 2
1385780612.079819216 8.34577 0.0888794 0 54.463 -0.094244 -0.00452947  0 -0.687754 2
1385780612.144722767 8.33625 0.0858257 0 52.098 -0.146663 -0.0470507  0 -0.635972 2
1385780612.209418809 8.32772 0.0759078 0 50.288 -0.131816 -0.1533  0 -0.488294 2
1385780612.278764658 8.31474 0.0591756 0 48.617 -0.187241 -0.241285  0 -0.420563 2
1385780612.340183586 8.29973 0.0444833 0 47.139 -0.244394 -0.239215  0 -0.419999 2
1385780612.405261437 8.28002 0.0335071 0 45.857 -0.302856 -0.168663  0 -0.343824 2
1385780612.470213461 8.25612 0.0223069 0 44.275 -0.367968 -0.172438  0 -0.4251 2
1385780612.535222908 8.2195 0.00673648 0 42.784 -0.563245 -0.23951  0 -0.400293 2
1385780612.607749581 8.17506 -0.0234304 0 41.874 -0.612761 -0.415942  0 -0.218986 2
1385780612.665837288 8.15128 -0.0503622 0 41.423 -0.409383 -0.46364  0 -0.135511 2
1385780612.730492265 8.13862 -0.0615605 0 40.952 -0.195829 -0.173201  0 -0.127146 2
1385780612.795549947 8.14283 -0.0463217 0 40.775 0.0647674 0.234236  0 -0.047485 2
1385780612.860650813 8.14327 -0.0353762 0 40.609 0.00673907 0.168131  0 -0.0445 2
1385780612.923932668 8.14373 -0.025417 0 40.31 0.0071781 0.157378  0 -0.082468 2
1385780612.990775420 8.15289 0.000198247 0 40.724 0.137007 0.383217  0 0.1081 2
1385780613.055810526 8.15563 0.00915075 0 40.889 0.0421739 0.137656  0 0.0442829 2
1385780613.120456824 8.15805 0.0173641 0 41.004 0.0375303 0.127051  0 0.0310452 2
1385780613.185990796 8.16116 0.0293242 0 41.421 0.0473623 0.182502  0 0.111059 2
1385780613.251725689 8.16628 0.0421741 0 41.648 0.0778829 0.19548  0 0.0602681 2
1385780613.317280271 8.16657 0.0429506 0 41.63 0.00452966 0.011846  0 -0.0047897 2
1385780613.381188222 8.16649 0.0428542 0 41.636 -0.00139781 -0.00150911  0 0.0016377 2
1385780613.446586978 8.16737 0.0436681 0 41.637 0.0134575 0.0124457  0 0.000268764 2
1385780613.524392910 8.1676 0.0437768 0 41.64 0.0030025 0.00139605  0 0.000670874 2
1385780613.592612240 8.16783 0.0438927 0 41.643 0.00344584 0.00169942  0 0.000769053 2
1385780613.641552682 8.16785 0.0439219 0 41.646 0.000291405 0.000595994  0 0.00106656 2
1385780613.713433683 8.16788 0.0438136 0 41.65 0.000478784 -0.00150621  0 0.000970699 2
1385780613.771582588 8.16793 0.0437404 0 41.653 0.000806363 -0.00125813  0 0.00090224 2
1385780613.835696842 8.16797 0.0438269 0 41.656 0.000598842 0.00134926  0 0.000818293 2
1385780613.901392206 8.16791 0.0438572 0 41.66 -0.00095223 0.000460599  0 0.0010621 2
1385780613.966322931 8.16791 0.0439109 0 41.663 9.38422e-05 0.000826453  0 0.000803902 2
1385780614.034248828 8.16806 0.0440514 0 41.662 0.00220776 0.00206866  0 -0.000254845 2
1385780614.096967929 8.1682 0.0442374 0 41.663 0.00227626 0.00296543  0 0.000276001 2
1385780614.161802689 8.16824 0.0442627 0 41.664 0.000628396 0.000390059  0 0.000271102 2
1385780614.227107442 8.16828 0.0442547 0 41.663 0.000606235 -0.000122412  0 -0.000269151 2
1385780614.292130835 8.16825 0.0442332 0 41.663 -0.000552781 -0.000329709  0 0 2
1385780614.357201523 8.1682 0.0442536 0 41.662 -0.000715203 0.000313012  0 -0.000266027 2
1385780614.422856507 8.16815 0.0441734 0 41.661 -0.000785274 -0.00122153  0 -0.000267716 2
1385780614.487398502 8.1681 0.0441667 0 41.66 -0.00081598 -0.000103637  0 -0.000268206 2
1385780614.563536256 8.16809 0.0440756 0 41.661 -0.000151086 -0.00119709  0 0.000227358 2
1385780614.619108611 8.16808 0.0440984 0 41.661 -0.000184839 0.000411675  0 0 2
1385780614.682774907 8.16808 0.0440549 0 41.659 3.02176e-05 -0.000683824  0 -0.000547973 2
1385780614.747769745 8.16811 0.0440288 0 41.659 0.00042679 -0.000402138  0 0 2
1385780614.812799929 8.16823 0.0441314 0 41.659 0.00191857 0.00157868  0 0 2
1385780614.877711311 8.16825 0.0441629 0 41.658 0.000291857 0.00048543  0 -0.00026668 2
1385780614.942759248 8.16827 0.0442268 0 41.656 0.000262976 0.000981153  0 -0.000536334 2
1385780615.011224619 8.16826 0.0441973 0 41.657 -0.000108406 -0.000429915  0 0.000252837 2
1385780615.076250292 8.16834 0.0442286 0 41.657 0.00130779 0.000480422  0 0 2
1385780615.141296617 8.1684 0.0443002 0 41.658 0.000853715 0.00110079  0 0.000270221 2
1385780615.203385974 8.16838 0.0442642 0 41.656 -0.000378473 -0.000579536  0 -0.00056189 2
1385780615.268406781 8.16837 0.0443225 0 41.656 -0.000109668 0.000896933  0 0 2
1385780615.333514141 8.16827 0.0442588 0 41.657 -0.00144942 -0.000977825  0 0.000265877 2
1385780615.398643177 8.16832 0.0442286 0 41.657 0.000729569 -0.000463591  0 0 2
1385780615.463802390 8.16836 0.0442262 0 41.657 0.000620088 -3.74497e-05  0 0 2
1385780615.541086546 8.16839 0.0442323 0 41.656 0.000356818 7.92852e-05  0 -0.000223986 2
1385780615.593988754 8.16838 0.0442623 0 41.656 -0.000260634 0.000566928  0 0 2
1385780615.659234038 8.16837 0.0443914 0 41.654 -8.84148e-05 0.00197771  0 -0.000534712 2
1385780615.724245908 8.16837 0.0444826 0 41.653 5.17515e-05 0.00140357  0 -0.000270364 2
1385780615.789255269 8.16833 0.0444955 0 41.65 -0.000654456 0.000198637  0 -0.000807026 2
1385780615.859960455 8.16832 0.0445296 0 41.647 -0.000172326 0.000481986  0 -0.000738248 2
1385780615.919287447 8.1683 0.0446147 0 41.649 -0.000320752 0.00143486  0 0.000588053 2
1385780615.983983311 8.16838 0.0446988 0 41.648 0.00118245 0.00129964  0 -0.000271684 2
1385780616.049782966 8.16841 0.0447475 0 41.647 0.000505175 0.000739337  0 -0.00026308 2
1385780616.115005733 8.16835 0.044737 0 41.647 -0.000873913 -0.000159899  0 0 2
1385780616.179759738 8.16846 0.0447116 0 41.645 0.00161724 -0.000392104  0 -0.000538768 2
1385780616.245328594 8.16848 0.0447646 0 41.644 0.000274727 0.000808331  0 -0.000268067 2
1385780616.309652700 8.16843 0.0446811 0 41.644 -0.000638509 -0.00129899  0 0 2
1385780616.374806236 8.16847 0.0447026 0 41.645 0.000526541 0.000329695  0 0.000269776 2
1385780616.439775595 8.1685 0.0447305 0 41.643 0.000416624 0.000430439  0 -0.000536983 2
1385780616.511622854 8.16859 0.0448556 0 41.643 0.00124637 0.00174069  0 0 2
1385780616.570139589 8.16866 0.0449465 0 41.641 0.00128094 0.00155318  0 -0.000596195 2
1385780616.635032717 8.16871 0.0449969 0 41.641 0.00083678 0.000777094  0 0 2
1385780616.700064184 8.16876 0.0450188 0 41.64 0.000773028 0.000337025  0 -0.000270282 2
1385780616.767354233 8.1688 0.0450444 0 41.64 0.0004749 0.000380317  0 0 2
1385780616.832727414 8.16879 0.0449809 0 41.639 -6.23994e-05 -0.000971914  0 -0.000264796 2
1385780616.900611611 8.16881 0.0449985 0 41.639 0.000206504 0.000259281  0 0 2
1385780616.959704361 8.1688 0.0450712 0 41.637 -7.98403e-05 0.00123115  0 -0.000590384 2
1385780617.025527184 8.16884 0.0450869 0 41.635 0.000638667 0.000238191  0 -0.000534066 2
1385780617.092917676 8.16886 0.0450824 0 41.633 0.000307327 -6.6913e-05  0 -0.00051769 2
1385780617.155686581 8.16883 0.0450116 0 41.632 -0.000576395 -0.00112824  0 -0.000275782 2
1385780617.220755745 8.16887 0.0450295 0 41.63 0.000608749 0.000275695  0 -0.000536159 2
1385780617.287243190 8.16885 0.0449987 0 41.629 -0.000341036 -0.000464179  0 -0.000264364 2
1385780617.351491758 8.16881 0.045021 0 41.628 -0.000528059 0.000347697  0 -0.000269431 2
1385780617.415905361 8.16883 0.0450126 0 41.628 0.000332281 -0.000130344  0 0 2
1385780617.491908933 8.16888 0.0450145 0 41.628 0.000648432 2.50983e-05  0 0 2
1385780617.546135244 8.16889 0.0450238 0 41.625 0.00015274 0.000170699  0 -0.000967506 2
1385780617.611588972 8.16889 0.0449996 0 41.626 4.54999e-05 -0.000368409  0 0.000268539 2
1385780617.676755436 8.16895 0.045065 0 41.624 0.000925194 0.00100211  0 -0.000535358 2
1385780617.741332514 8.169 0.0450125 0 41.625 0.000682557 -0.000811689  0 0.00026806 2
1385780617.810108887 8.169 0.0451014 0 41.624 7.26224e-05 0.00129167  0 -0.000251693 2
1385780617.873214397 8.16909 0.0451572 0 41.622 0.00134731 0.00088478  0 -0.000557063 2
1385780617.940269451 8.16913 0.0451608 0 41.622 0.00055876 5.31225e-05  0 0 2
1385780618.003327507 8.16912 0.045227 0 41.622 -7.61019e-05 0.00104999  0 0 2
1385780618.067580061 8.1692 0.0452628 0 41.621 0.00116045 0.000558095  0 -0.000269414 2
1385780618.132250774 8.16921 0.0451787 0 41.619 0.000249551 -0.00130157  0 -0.000539462 2
1385780618.198765297 8.16922 0.0452124 0 41.618 0.000194447 0.000506812  0 -0.000264256 2
1385780618.263748216 8.16927 0.0452435 0 41.617 0.00072712 0.000479166  0 -0.000266386 2
1385780618.327222348 8.16929 0.0452071 0 41.617 0.00023179 -0.000574255  0 0 2
1385780618.392141874 8.16932 0.0451915 0 41.615 0.000493105 -0.00024035  0 -0.000537395 2
1385780618.464351631 8.16928 0.0452362 0 41.614 -0.000570388 0.000619092  0 -0.000243414 2
1385780618.522373532 8.16923 0.0452566 0 41.614 -0.00072963 0.000352403  0 0 2
1385780618.586890375 8.16927 0.0453399 0 41.613 0.000486963 0.00129164  0 -0.000268311 2
1385780618.651253394 8.16929 0.045372 0 41.609 0.000345293 0.000498465  0 -0.00108408 2
1385780618.719815291 8.16942 0.0454065 0 41.606 0.00196237 0.000502887  0 -0.00076521 2
1385780618.782656859 8.1695 0.0454313 0 41.605 0.00115383 0.000394411  0 -0.000279701 2
1385780618.849961862 8.16954 0.0454622 0 41.604 0.00064841 0.00045955  0 -0.000257196 2
1385780618.912660857 8.16963 0.0455106 0 41.601 0.00142956 0.000771245  0 -0.000836764 2
1385780618.978406339 8.16965 0.0455893 0 41.601 0.000361911 0.00119752  0 0 2
1385780619.044536325 8.16959 0.045569 0 41.599 -0.000998557 -0.000307425  0 -0.000527558 2
1385780619.108152416 8.16962 0.0456007 0 41.597 0.000540231 0.000498651  0 -0.000548405 2
1385780619.172487462 8.16964 0.0456805 0 41.597 0.000307324 0.00124095  0 0 2
1385780619.237946779 8.16963 0.0456926 0 41.595 -0.000236692 0.000184659  0 -0.000532963 2
1385780619.304510020 8.16966 0.04577 0 41.595 0.000450207 0.00116277  0 0 2
1385780619.368472372 8.16966 0.0457313 0 41.596 0.00012758 -0.000606119  0 0.0002748 2
1385780619.448067892 8.16972 0.0457446 0 41.595 0.00066915 0.000167146  0 -0.000220827 2
1385780619.498731721 8.16976 0.0457579 0 41.596 0.000860561 0.000263383  0 0.000346931 2
1385780619.563776991 8.16975 0.0457421 0 41.596 -0.000143487 -0.000243035  0 0 2
1385780619.628495181 8.16976 0.0457006 0 41.595 0.000178549 -0.000641479  0 -0.000271591 2
1385780619.693696442 8.16968 0.0457414 0 41.594 -0.00130821 0.00062554  0 -0.000269579 2
1385780619.758760600 8.1696 0.0457162 0 41.593 -0.00120932 -0.000387432  0 -0.000266054 2
1385780619.826243227 8.16967 0.0457408 0 41.594 0.00111253 0.000364821  0 0.000256519 2
1385780619.888995476 8.1697 0.045758 0 41.592 0.000472931 0.000275074  0 -0.000555955 2
1385780619.954461953 8.16978 0.0458312 0 41.592 0.00112817 0.00111707  0 0 2
1385780620.021193824 8.16981 0.0458517 0 41.594 0.000459364 0.000308493  0 0.0005228 2
1385780620.084203724 8.16985 0.0459272 0 41.596 0.00067232 0.00119765  0 0.000557908 2
1385780620.152527983 8.16989 0.0459322 0 41.597 0.00053744 7.34933e-05  0 0.000253359 2
1385780620.214442517 8.16993 0.0459099 0 41.596 0.000630786 -0.000360058  0 -0.000279588 2
1385780620.279399477 8.16997 0.04594 0 41.595 0.000620482 0.000462852  0 -0.000270592 2
1385780620.345053697 8.17004 0.0460333 0 41.595 0.00107191 0.00142049  0 0 2
1385780620.410316080 8.17009 0.0460278 0 41.595 0.000866705 -8.39503e-05  0 0 2
1385780620.474343294 8.17012 0.0459976 0 41.594 0.000475991 -0.000471338  0 -0.000274522 2
1385780620.539788366 8.17024 0.0460778 0 41.595 0.00181247 0.00122476  0 0.000268574 2
1385780620.604287052 8.17027 0.0461357 0 41.594 0.000416896 0.000898518  0 -0.000272515 2
1385780620.669845536 8.17032 0.0461366 0 41.593 0.000706892 1.31156e-05  0 -0.000264047 2
1385780620.734832694 8.1704 0.0461342 0 41.592 0.00132197 -3.69626e-05  0 -0.000270467 2
1385780620.799984445 8.17049 0.0460663 0 41.593 0.00135448 -0.00104252  0 0.000269783 2
1385780620.865000734 8.17049 0.0460356 0 41.594 7.79143e-05 -0.000471263  0 0.000266249 2
1385780620.932311628 8.1705 0.0461302 0 41.59 0.000151209 0.00140587  0 -0.00103661 2
1385780620.998160740 8.1705 0.0461725 0 41.59 -9.95199e-05 0.000641802  0 0 2
1385780621.060337951 8.17046 0.0461261 0 41.589 -0.000568779 -0.000746306  0 -0.000278407 2
1385780621.125342942 8.17044 0.0460743 0 41.587 -0.000343065 -0.000796817  0 -0.000536688 2
1385780621.190145567 8.17048 0.0461027 0 41.586 0.000614013 0.000438514  0 -0.000271237 2
1385780621.255563913 8.17054 0.0461465 0 41.586 0.00095229 0.000668844  0 0 2
1385780621.320520481 8.17049 0.0461945 0 41.587 -0.000829508 0.000738681  0 0.000270594 2
1385780621.385646158 8.1704 0.0461496 0 41.586 -0.00136247 -0.000689343  0 -0.000269891 2
1385780621.453075618 8.17039 0.0461333 0 41.586 -9.01297e-05 -0.00024183  0 0 2
1385780621.515781284 8.17046 0.0460971 0 41.585 0.00110643 -0.000576853  0 -0.00027606 2
1385780621.580748384 8.17045 0.0460924 0 41.585 -0.000222595 -7.15835e-05  0 0 2
1385780621.645504826 8.17044 0.046084 0 41.584 -0.000114342 -0.000130761  0 -0.00027143 2
1385780621.711010631 8.17045 0.0461212 0 41.583 0.000126301 0.000567738  0 -0.00026426 2
1385780621.776125882 8.17047 0.046218 0 41.582 0.000267971 0.00148745  0 -0.000269935 2
1385780621.841222903 8.17042 0.0462875 0 41.581 -0.000716662 0.00106745  0 -0.00027001 2
1385780621.906212946 8.17044 0.0462962 0 41.582 0.000354686 0.000133551  0 0.000270455 2
1385780621.974260460 8.1705 0.0462555 0 41.582 0.000882661 -0.000597733  0 0 2
1385780622.035180711 8.17051 0.0461967 0 41.582 3.95685e-05 -0.000965098  0 0 2
1385780622.101467393 8.17056 0.0462145 0 41.582 0.000876409 0.000268604  0 0 2
1385780622.166514188 8.17059 0.0462494 0 41.581 0.00042356 0.000536756  0 -0.000270219 2
1385780622.231629545 8.17058 0.0462896 0 41.58 -0.000214336 0.000617551  0 -0.000265844 2
1385780622.297180212 8.17058 0.0463257 0 41.579 8.90419e-05 0.000550549  0 -0.000268142 2
1385780622.362315938 8.1706 0.0463831 0 41.578 0.000326384 0.000881338  0 -0.000265761 2
1385780622.426862140 8.17064 0.0463634 0 41.579 0.000498761 -0.000305511  0 0.000268188 2
1385780622.491916477 8.17068 0.0463384 0 41.579 0.000726986 -0.000385295  0 0 2
1385780622.556677212 8.17072 0.0463637 0 41.578 0.00054326 0.000391921  0 -0.0002673 2
1385780622.622234979 8.17063 0.0463661 0 41.576 -0.00140143 3.65697e-05  0 -0.000532163 2
1385780622.686999992 8.17061 0.0463681 0 41.577 -0.00031528 3.10917e-05  0 0.000267282 2
1385780622.752944540 8.17064 0.0463645 0 41.573 0.000458362 -5.54562e-05  0 -0.00105808 2
1385780622.817233777 8.17062 0.0463794 0 41.573 -0.000260845 0.000232053  0 0 2
1385780622.882231761 8.17059 0.0464284 0 41.572 -0.000449246 0.000753559  0 -0.000266324 2
1385780622.947584000 8.17065 0.0464169 0 41.572 0.000944287 -0.000176339  0 0 2
1385780623.011874759 8.17063 0.0464469 0 41.573 -0.000357596 0.000467592  0 0.000269254 2
1385780623.082801987 8.17068 0.0464566 0 41.573 0.000642265 0.000136762  0 0 2
1385780623.142696288 8.17079 0.0464786 0 41.574 0.00192743 0.000366825  0 0.000293465 2
1385780623.207685518 8.17083 0.0465032 0 41.573 0.00059779 0.000378341  0 -0.000270458 2
1385780623.272512487 8.17093 0.0465218 0 41.575 0.00152143 0.000287486  0 0.000538162 2
1385780623.338636961 8.17093 0.0465737 0 41.578 4.26138e-06 0.000785102  0 0.000793417 2
1385780623.403276733 8.17103 0.0465773 0 41.576 0.00154809 5.56713e-05  0 -0.000539721 2
1385780623.470454135 8.171 0.0465709 0 41.575 -0.000393564 -9.51995e-05  0 -0.000261648 2
1385780623.534937566 8.17101 0.0465368 0 41.575 4.4958e-05 -0.000529855  0 0 2
1385780623.597938885 8.17107 0.0466137 0 41.575 0.00109654 0.00122025  0 0 2
1385780623.663391803 8.17104 0.0466733 0 41.573 -0.000601906 0.000911763  0 -0.000533015 2
1385780623.727845803 8.17109 0.0467178 0 41.574 0.00087983 0.000689196  0 0.000272704 2
1385780623.793589299 8.17102 0.0467617 0 41.572 -0.00104207 0.000668249  0 -0.000530659 2
1385780623.860065033 8.171 0.0467386 0 41.572 -0.00037129 -0.000347888  0 0 2
1385780623.923542342 8.17099 0.046751 0 41.571 -0.000119752 0.000196549  0 -0.0002769 2
1385780623.988795821 8.17102 0.0466945 0 41.57 0.00045653 -0.000866438  0 -0.000265282 2
1385780624.053924316 8.17103 0.0466514 0 41.568 0.000116131 -0.000661608  0 -0.00053567 2
1385780624.121708222 8.1711 0.0467419 0 41.567 0.0010903 0.00133456  0 -0.000259307 2
1385780624.184058246 8.17112 0.0467658 0 41.567 0.000358632 0.000384212  0 0 2
1385780624.249117660 8.17117 0.0467978 0 41.568 0.000628201 0.000491871  0 0.000270166 2
1385780624.314188107 8.17123 0.0468196 0 41.57 0.00105071 0.000334763  0 0.000536148 2
1385780624.379326680 8.17122 0.0468114 0 41.57 -0.000158979 -0.000125791  0 0 2
1385780624.444280692 8.17128 0.0468805 0 41.571 0.000920284 0.00106399  0 0.000266505 2
1385780624.509213683 8.17132 0.0469424 0 41.572 0.000518576 0.000952475  0 0.000270692 2
1385780624.575603016 8.17136 0.0469344 0 41.569 0.000590673 -0.000120021  0 -0.000790252 2
1385780624.639955513 8.17139 0.0469714 0 41.566 0.000475995 0.000574986  0 -0.000815264 2
1385780624.706708499 8.17143 0.0469384 0 41.566 0.000646369 -0.000494184  0 0 2
1385780624.768242569 8.17143 0.0469718 0 41.567 7.84201e-05 0.000542048  0 0.000285644 2
1385780624.837105574 8.17149 0.0470117 0 41.567 0.000747913 0.00058044  0 0 2
1385780624.899754475 8.1715 0.0470574 0 41.565 0.000228639 0.000729473  0 -0.000556872 2
1385780624.964970537 8.17146 0.0470272 0 41.564 -0.000566835 -0.000464095  0 -0.000269517 2
1385780625.029868711 8.17146 0.047016 0 41.566 -8.68718e-05 -0.00017227  0 0.000537572 2
1385780625.094648295 8.17146 0.0470796 0 41.566 1.9257e-05 0.000981689  0 0 2
1385780625.160029475 8.17148 0.0471243 0 41.568 0.000270393 0.000683477  0 0.000537673 2
1385780625.225479402 8.17155 0.0471653 0 41.567 0.0011776 0.0006264  0 -0.000268554 2
1385780625.290125900 8.17154 0.0471639 0 41.569 -0.000157496 -2.15755e-05  0 0.000539664 2
1385780625.355268907 8.1715 0.0472529 0 41.568 -0.000653489 0.00136624  0 -0.000265731 2
1385780625.420289379 8.17151 0.0473016 0 41.568 0.000131214 0.00074932  0 0 2
1385780625.485309621 8.17148 0.0473369 0 41.567 -0.000493802 0.000543264  0 -0.000270329 2
1385780625.550452226 8.17149 0.0473289 0 41.565 0.000261433 -0.00012304  0 -0.000535554 2
1385780625.615624923 8.1715 0.0473447 0 41.563 0.000153862 0.000242603  0 -0.000535307 2
1385780625.682762711 8.17153 0.0473557 0 41.562 0.000426043 0.000163459  0 -0.000261803 2
1385780625.745681937 8.17152 0.0473521 0 41.563 -0.000212261 -5.76963e-05  0 0.000279356 2
1385780625.813224814 8.17148 0.0474047 0 41.561 -0.000588661 0.000778884  0 -0.000516522 2
1385780625.875683753 8.17148 0.0474522 0 41.561 1.89841e-05 0.000760525  0 0 2
1385780625.941048168 8.17147 0.0474773 0 41.561 -0.000101521 0.000383877  0 0 2
1385780626.005918115 8.17149 0.0474641 0 41.56 0.000162555 -0.000203623  0 -0.000270955 2
1385780626.073446743 8.17156 0.0474709 0 41.56 0.00105162 0.000101547  0 0 2
1385780626.136219796 8.17158 0.0474978 0 41.56 0.000371363 0.000427724  0 0 2
1385780626.201156114 8.17172 0.0476289 0 41.56 0.00215918 0.00202018  0 0 2
1385780626.266175420 8.17162 0.0475343 0 41.559 -0.00150248 -0.00145591  0 -0.000266237 2
1385780626.332769140 8.17158 0.0474933 0 41.56 -0.00063353 -0.000615324  0 0.000259943 2
1385780626.396419144 8.17155 0.0475641 0 41.56 -0.000446253 0.00111177  0 0 2
1385780626.461610297 8.17157 0.0476307 0 41.558 0.000232762 0.00102156  0 -0.000535156 2
1385780626.526682630 8.17158 0.0477459 0 41.555 0.00014685 0.00177117  0 -0.000802153 2
1385780626.591858485 8.17153 0.0476898 0 41.558 -0.000650842 -0.000860809  0 0.000800879 2
1385780626.657311820 8.17154 0.0477025 0 41.557 0.000132691 0.000193132  0 -0.000264472 2
1385780626.721983651 8.1716 0.0478337 0 41.557 0.000952395 0.00202877  0 0 2
1385780626.787003105 8.17161 0.0478492 0 41.557 0.00013555 0.000238261  0 0 2
1385780626.851815581 8.17166 0.047835 0 41.558 0.00069752 -0.000217954  0 0.000267087 2
1385780626.917230261 8.17162 0.0478542 0 41.557 -0.000649393 0.000292959  0 -0.000264628 2
1385780626.982652813 8.17171 0.0479122 0 41.555 0.00148858 0.000886542  0 -0.000533263 2
1385780627.047270223 8.17178 0.0479189 0 41.555 0.000978787 0.000103512  0 0 2
1385780627.112413747 8.17178 0.04792 0 41.555 8.24924e-05 1.7532e-05  0 0 2
1385780627.177566510 8.1718 0.047955 0 41.554 0.000235835 0.00053685  0 -0.000269779 2
1385780627.240971799 8.17176 0.0479631 0 41.555 -0.000652743 0.000127657  0 0.000277214 2
1385780627.306303360 8.1718 0.0480277 0 41.555 0.000715456 0.000988594  0 0 2
1385780627.372655094 8.17183 0.0480973 0 41.556 0.000461328 0.00104971  0 0.000260891 2
1385780627.437761342 8.17175 0.0479673 0 41.557 -0.00123716 -0.00199656  0 0.000269972 2
1385780627.502919136 8.17172 0.0479999 0 41.558 -0.000440759 0.000499244  0 0.000265671 2
1385780627.569041853 8.17175 0.0480463 0 41.557 0.000339921 0.000702741  0 -0.000261794 2
1385780627.631626518 8.1718 0.0480668 0 41.556 0.00084723 0.000327604  0 -0.000280849 2
1385780627.698128413 8.17187 0.0480592 0 41.558 0.00109611 -0.000114933  0 0.000524608 2
1385780627.768374183 8.17197 0.0480681 0 41.557 0.00133605 0.000126822  0 -0.000246428 2
1385780627.828856224 8.17206 0.0480521 0 41.555 0.00152116 -0.000264247  0 -0.000576823 2
1385780627.892451358 8.17207 0.0480686 0 41.557 0.000164421 0.000258815  0 0.000548586 2
1385780627.965387969 8.17217 0.0480873 0 41.557 0.00141501 0.00025713  0 0 2
1385780628.023389098 8.17226 0.0480978 0 41.554 0.00158171 0.00017951  0 -0.000904539 2
1385780628.088466750 8.17232 0.0480933 0 41.554 0.000912805 -6.82021e-05  0 0 2
1385780628.153457952 8.17235 0.0481608 0 41.552 0.000484855 0.00103837  0 -0.000536802 2
1385780628.218243540 8.17244 0.0481924 0 41.554 0.00127587 0.000487374  0 0.000538506 2
1385780628.283521903 8.17247 0.0481803 0 41.555 0.000577908 -0.000184759  0 0.00026926 2
1385780628.348674482 8.17256 0.0482045 0 41.555 0.0012729 0.000371441  0 0 2
1385780628.413762142 8.17256 0.0481894 0 41.554 5.48535e-05 -0.000232402  0 -0.000270049 2
1385780628.478860810 8.17254 0.0482436 0 41.554 -0.000270187 0.000833281  0 0 2
1385780628.545846470 8.1726 0.0482513 0 41.553 0.000847778 0.000114312  0 -0.000262397 2
1385780628.608950053 8.17264 0.0483819 0 41.553 0.000674993 0.00206964  0 0 2
1385780628.674204760 8.17269 0.0483998 0 41.553 0.000654278 0.000274134  0 0 2
1385780628.741225982 8.1727 0.0484545 0 41.552 0.000189853 0.000815765  0 -0.000258285 2
1385780628.804079878 8.17273 0.0485074 0 41.548 0.000572623 0.000842029  0 -0.00111011 2
1385780628.869324945 8.17277 0.0484652 0 41.551 0.000509649 -0.000645918  0 0.000800029 2
