9.15225 0.697429 0.918 22.6951
9.20172 0.681463 0.918514 22.7951
9.25072 0.664782 0.918519 22.8951
9.30017 0.650613 0.91818 22.9951
9.35023 0.640218 0.917613 23.0951
9.40074 0.633967 0.916895 23.1951
9.4514 0.631822 0.916076 23.2951
9.50194 0.633576 0.915192 23.3951
9.55211 0.638969 0.914266 23.4951
9.60343 0.645453 0.914505 23.5951
9.65378 0.65606 0.914131 23.6951
9.70557 0.656628 0.914946 23.7951
9.7568 0.659396 0.915354 23.8951
9.80761 0.663408 0.915486 23.9951
9.85817 0.667833 0.915431 24.0951
9.90858 0.67199 0.915251 24.1951
9.95894 0.675344 0.914988 24.2951
10.0093 0.677482 0.914671 24.3951
10.0596 0.678089 0.91432 24.4951
10.1098 0.676928 0.913947 24.5951
10.16 0.673825 0.913562 24.6951
10.2114 0.663944 0.913567 24.7951
10.2621 0.65287 0.912883 24.8951
10.3125 0.641905 0.911742 24.9951
10.3628 0.631521 0.910302 25.0951
10.4129 0.621833 0.908674 25.1951
10.463 0.612811 0.906932 25.2951
10.5131 0.60437 0.905129 25.3951
10.563 0.596415 0.9033 25.4951
10.613 0.588857 0.901468 25.5951
10.6629 0.581617 0.899648 25.6951
10.7127 0.574629 0.897851 25.7951
10.7625 0.567836 0.896083 25.8951
10.8124 0.561195 0.894348 25.9951
10.8621 0.554669 0.892647 26.0951
10.9119 0.548227 0.890982 26.1951
10.9616 0.541847 0.889351 26.2951
11.0113 0.535508 0.887755 26.3951
11.061 0.529196 0.886192 26.4951
11.1107 0.522899 0.884661 26.5951
11.1604 0.516607 0.883161 26.6951
11.2101 0.510313 0.88169 26.7951
11.2597 0.50401 0.880247 26.8951
11.3093 0.497694 0.878831 26.9951
11.359 0.491363 0.87744 27.0951
11.4086 0.485012 0.876074 27.1951
11.4582 0.478642 0.874729 27.2951
11.5078 0.47225 0.873407 27.3951
11.5574 0.465835 0.872105 27.4951
11.607 0.459398 0.870822 27.5951
11.6566 0.452938 0.869557 27.6951
11.7062 0.446455 0.868309 27.7951
11.7558 0.43995 0.867078 27.8951
11.8054 0.433423 0.865862 27.9951
11.855 0.426874 0.864661 28.0951
11.9045 0.420304 0.863473 28.1951
11.9541 0.413714 0.862299 28.2951
12.0037 0.407103 0.861136 28.3951
12.0532 0.400474 0.859986 28.4951
12.1028 0.393827 0.858846 28.5951
12.1523 0.387161 0.857717 28.6951
12.2019 0.380479 0.856597 28.7951
12.2514 0.37378 0.855487 28.8951
12.301 0.367066 0.854386 28.9951
12.3505 0.360337 0.853293 29.0951
12.4001 0.353593 0.852207 29.1951
12.4496 0.346836 0.851129 29.2951
12.4992 0.340065 0.850058 29.3951
12.5487 0.333282 0.848994 29.4951
12.5982 0.326487 0.847936 29.5951
12.6478 0.319681 0.846884 29.6951
12.6973 0.312863 0.845837 29.7951
12.7468 0.306035 0.844796 29.8951
12.7964 0.299197 0.84376 29.9951
12.8459 0.292349 0.842728 30.0951
12.8954 0.285493 0.841701 30.1951
12.9449 0.278627 0.840678 30.2951
12.9945 0.271753 0.839659 30.3951
13.044 0.264872 0.838644 30.4951
13.0935 0.257982 0.837633 30.5951
13.143 0.251086 0.836624 30.6951
13.1926 0.244183 0.835619 30.7951
13.2421 0.237273 0.834617 30.8951
13.2916 0.230357 0.833618 30.9951
13.3411 0.223434 0.832621 31.0951
13.3906 0.216506 0.831627 31.1951
13.4402 0.209573 0.830636 31.2951
13.4897 0.202635 0.829646 31.3951
13.5392 0.195691 0.828659 31.4951
13.5887 0.188743 0.827674 31.5951
13.6382 0.18179 0.82669 31.6951
13.6877 0.174833 0.825709 31.7951
13.7372 0.167872 0.824729 31.8951
13.7868 0.160907 0.823751 31.9951
13.8363 0.153938 0.822774 32.0951
13.8858 0.146966 0.821799 32.1951
13.9353 0.13999 0.820825 32.2951
13.9848 0.133011 0.819852 32.3951
14.0343 0.126029 0.818881 32.4951
14.0838 0.119044 0.817911 32.5951
14.1333 0.112056 0.816941 32.6951
14.1828 0.105065 0.815973 32.7951
14.2323 0.0980723 0.815006 32.8951
14.2819 0.0910768 0.81404 32.9951
14.3314 0.0840789 0.813074 33.0951
14.3809 0.0770788 0.81211 33.1951
14.4304 0.0700766 0.811146 33.2951
14.4799 0.0630724 0.810183 33.3951
14.5294 0.0560662 0.809221 33.4951
14.5789 0.0490582 0.808259 33.5951
14.6284 0.0420485 0.807298 33.6951
14.6779 0.0350371 0.806337 33.7951
14.7274 0.028024 0.805377 33.8951
14.7787 0.0184831 0.806331 33.9951
14.8298 0.00908259 0.806927 34.0951
14.8808 0.00149505 0.807279 34.1951
