-0.00631437 -0.00953441 0 -70.015 -0.0033769 -0.00509896 1.86987 6
-0.00656791 -0.00982023 0 -70.011 -0.00392234 -0.00442161 0.0646411 6
-0.00676786 -0.0101277 0 -70.046 -0.00306681 -0.00471565 0.0651958 6
-0.00693417 -0.0104062 0 -69.951 -0.00253472 -0.00424473 0.0656146 6
-0.0070696 -0.010785 0 -69.999 -0.00188925 -0.00528495 0.0716845 6
-0.00730547 -0.0110946 0 -69.956 -0.00361004 -0.0047379 0.0653379 6
-0.00759966 -0.0113183 0 -69.995 -0.00455568 -0.0034642 0.0645754 6
-0.00775812 -0.011614 0 -69.95 -0.00253141 -0.00472364 0.0625998 6
-0.00791706 -0.0119165 0 -69.878 -0.0024296 -0.00462363 0.0654151 6
-0.00811919 -0.0120923 0 -69.91 -0.00312294 -0.00271639 0.0647262 6
-0.0082275 -0.0124091 0 -69.82 -0.00166012 -0.00485628 0.0652388 6
-0.00839414 -0.0126174 0 -69.861 -0.00256262 -0.00320252 0.0650284 6
-0.00839479 -0.0129139 0 -69.766 -9.9348e-06 -0.00455835 0.0650457 6
-0.00849451 -0.0131877 0 -69.826 -0.00153704 -0.00422076 0.0648843 6
-0.00863443 -0.0134184 0 -69.757 -0.00214841 -0.00354201 0.0651247 6
-0.0087059 -0.0135914 0 -69.837 -0.00107363 -0.00259907 0.0665727 6
-0.00869351 -0.0138332 0 -69.838 0.00019406 -0.00378751 0.0638437 6
-0.00876389 -0.014051 0 -69.772 -0.001091 -0.00337648 0.0645035 6
-0.00899599 -0.0142653 0 -69.815 -0.00357385 -0.00329999 0.0649456 6
-0.00927154 -0.0144807 0 -69.769 -0.00423823 -0.00331272 0.0650143 6
-0.00932173 -0.0146329 0 -69.615 -0.000762904 -0.00231301 0.0657957 6
-0.00944939 -0.0147421 0 -69.374 -0.00199091 -0.00170287 0.0641213 6
-0.00979466 -0.0148588 0 -69.21 -0.0052598 -0.00177767 0.0656426 6
-0.00986444 -0.0149207 0 -69.18 -0.00108118 -0.000959962 0.0645401 6
-0.00996798 -0.0151007 0 -69.202 -0.00158357 -0.00275291 0.0653805 6
-0.0102283 -0.0154513 0 -69.216 -0.00403585 -0.00543478 0.0645039 6
-0.0103569 -0.0159572 0 -69.262 -0.0019589 -0.00770288 0.0656723 6
-0.010377 -0.0160208 0 -69.242 -0.000300365 -0.000951937 0.0668402 6
-0.0105693 -0.0161614 0 -69.211 -0.0028748 -0.0021021 0.0668778 6
-0.0107461 -0.0162486 0 -69.155 -0.00292042 -0.00144047 0.0605314 6
-0.0113951 -0.0164959 0 -69.202 -0.00997478 -0.00380147 0.0650678 6
-0.012291 -0.0164348 0 -69.275 -0.0139616 0.000952746 0.0641654 6
-0.0133469 -0.0164067 0 -69.352 -0.0161614 0.00043046 0.0653377 6
-0.0143636 -0.0167081 0 -69.318 -0.0155081 -0.00459776 0.0655595 6
-0.0151102 -0.0172708 0 -69.264 -0.0115079 -0.00867337 0.0648749 6
-0.0155516 -0.0173672 0.275 -58.653 -0.00679138 -0.00148369 0.0650012 6
-0.0203987 -0.0146618 0.331 -58.6 -0.0746814 0.0416838 0.0649035 6
-0.0289841 -0.0146004 0.393 -58.479 -0.13206 0.000944926 0.0650109 6
-0.0379492 -0.0174135 0.475 -58.434 -0.137753 -0.0432255 0.0650816 6
-0.0450198 -0.0175648 0.546 -58.438 -0.105208 -0.00225122 0.0672059 6
-0.0484649 -0.0172025 0.62 -58.448 -0.0549239 0.00577709 0.062725 6
-0.0513124 -0.0134156 0.686 -58.458 -0.0437011 0.0581164 0.0651598 6
-0.0523052 -0.0111428 0.743 -58.483 -0.0153233 0.0350802 0.0647879 6
-0.053083 -0.00991052 0.795 -58.529 -0.0119604 0.0189498 0.0650308 6
-0.0537145 -0.00882855 0.836 -58.509 -0.00970778 0.0166339 0.0650459 6
-0.0561098 -0.0122449 0.86 -58.587 -0.036879 -0.0525994 0.0649499 6
-0.0589442 -0.0184767 0.877 -58.58 -0.0436187 -0.0958993 0.0649833 6
-0.0613509 -0.0301158 0.874 -58.595 -0.0370563 -0.179214 0.0649447 6
-0.0626156 -0.0408319 0.867 -58.61 -0.0194105 -0.164463 0.0651582 6
-0.0629851 -0.0508089 0.852 -58.63 -0.00568734 -0.153583 0.064962 6
-0.0614337 -0.0590849 0.834 -58.657 0.0239336 -0.127676 0.0648206 6
-0.0585507 -0.0656631 0.81 -58.664 0.0443293 -0.101146 0.0650357 6
-0.0561488 -0.0716794 0.789 -58.651 0.0368859 -0.092394 0.0651161 6
-0.0547073 -0.0764666 0.774 -58.667 0.0220783 -0.0733219 0.0652896 6
-0.054486 -0.0811767 0.76 -58.696 0.00341004 -0.0725697 0.0649047 6
-0.0563214 -0.0861393 0.752 -58.7 -0.0276587 -0.0747849 0.066359 6
-0.0593768 -0.0908188 0.749 -58.741 -0.0479566 -0.073448 0.0637118 6
-0.0622248 -0.0956151 0.75 -58.76 -0.0450674 -0.0758986 0.0631937 6
-0.0648012 -0.0995348 0.752 -58.776 -0.0396097 -0.0602601 0.065046 6
-0.0664638 -0.101845 0.755 -58.811 -0.0254629 -0.0353856 0.0652938 6
-0.0672263 -0.102887 0.761 -58.843 -0.0115198 -0.0157363 0.0661878 6
-0.0665496 -0.103272 0.763 -58.857 0.0104361 -0.00594438 0.0648388 6
-0.0653567 -0.101713 0.769 -58.849 0.0183565 0.0239921 0.0649886 6
-0.0629593 -0.0991015 0.77 -58.834 0.0368827 0.0401782 0.0649996 6
-0.0601881 -0.0953011 0.769 -58.884 0.0427948 0.0586881 0.064755 6
-0.0567374 -0.0913806 0.769 -58.897 0.0524732 0.0596172 0.0657618 6
-0.0540873 -0.0887492 0.767 -58.887 0.0407815 0.0404941 0.0649814 6
-0.0518913 -0.0867414 0.765 -58.891 0.0339087 0.0310026 0.0647631 6
-0.0491524 -0.0843872 0.76 -58.884 0.0419761 0.03608 0.0652501 6
-0.0472522 -0.0821829 0.758 -58.879 0.0292825 0.0339693 0.0648899 6
-0.0455287 -0.0800172 0.755 -58.882 0.0266028 0.0334275 0.0647863 6
-0.043411 -0.0784843 0.753 -58.851 0.0322164 0.0233206 0.0657349 6
-0.0414727 -0.077426 0.753 -58.841 0.0302436 0.0165132 0.0640885 6
-0.0393257 -0.0765866 0.752 -58.837 0.0325436 0.0127233 0.0659723 6
-0.0374214 -0.0761166 0.753 -58.858 0.0296794 0.00732514 0.0641627 6
-0.0361657 -0.0760434 0.754 -58.819 0.019329 0.00112623 0.0649636 6
-0.034775 -0.0752093 0.754 -58.841 0.0213329 0.0127948 0.0651919 6
-0.0334531 -0.0744353 0.755 -58.848 0.0204288 0.0119617 0.0647063 6
-0.0318978 -0.0737844 0.755 -58.861 0.0239259 0.0100133 0.0650065 6
-0.0307769 -0.0734689 0.756 -58.856 0.0172574 0.0048576 0.0649498 6
-0.0291225 -0.0733262 0.757 -58.862 0.0249974 0.00215614 0.0661838 6
-0.0274838 -0.0727868 0.756 -58.866 0.0256306 0.00843663 0.0639371 4
-0.0756181 -0.0122978 0.754 -0.0149994 0.0137753 0.027882 0.0649517 3
-0.0723231 -0.0124038 0.755 0.045002 0.0253035 -0.000814462 0.13022 3
-0.0699874 -0.0129708 0.757 0.0499992 0.0360485 -0.00875126 0.0647913 3
-0.0628497 -0.0155019 0.758 0.0740013 0.0549324 -0.0194791 0.129937 3
-0.0590326 -0.017355 0.76 0.218002 0.0587045 -0.0284994 0.0650222 3
-0.0428756 -0.0246979 0.763 0.602001 0.124666 -0.0566569 0.129603 3
-0.0312277 -0.0286314 0.763 0.809002 0.17787 -0.0600665 0.0654854 3
0.0116104 -0.0351251 0.771 1.191 0.329459 -0.0499421 0.130026 3
0.0368138 -0.0366711 0.773 1.367 0.388562 -0.0238342 0.0648633 3
0.10389 -0.035543 0.776 1.776 0.516058 0.00867917 0.129979 3
0.137772 -0.0326608 0.779 1.985 0.520504 0.0442768 0.0650934 3
0.20378 -0.0204841 0.784 2.272 0.508333 0.0937733 0.129853 3
0.272659 -0.0077935 0.789 2.335 0.530267 0.0976991 0.129895 3
0.317021 -0.00198991 0.782 2.269 0.681421 0.0891471 0.0651013 3
0.406089 0.00813536 0.778 1.935 0.690033 0.078443 0.129078 3
0.452084 0.0120142 0.773 1.722 0.68492 0.0577601 0.0671539 3
0.541767 0.0146538 0.77 1.239 0.689128 0.0202832 0.13014 3
0.583332 0.0142441 0.769 1.009 0.653046 -0.0064373 0.0636486 3
0.658968 0.00991501 0.77 0.625999 0.579512 -0.0331689 0.130516 3
0.694838 0.00688018 0.77 0.464001 0.557512 -0.0471692 0.0643392 3
0.75694 -0.000549732 0.771 0.317001 0.477627 -0.057143 0.130023 3
0.788369 -0.00490496 0.772 0.268002 0.465493 -0.0645046 0.0675182 3
0.847667 -0.0171793 0.773 0.291 0.463589 -0.0959609 0.12791 3
0.909495 -0.0309609 0.773 0.474003 0.477826 -0.106509 0.129394 3
0.941644 -0.0383554 0.771 0.558002 0.495917 -0.114065 0.0648273 7
0.976481 -0.0449015 0.772 0.525002 0.532119 -0.0999857 0.0654698 7
1.01183 -0.0517357 0.772 0.48 0.546362 -0.105622 0.0647044 7
1.04539 -0.0588533 0.773 0.470001 0.517583 -0.109794 0.0648263 7
1.07656 -0.066516 0.775 0.460003 0.48011 -0.118034 0.0649198 7
1.10523 -0.0745205 0.774 0.448002 0.438081 -0.122293 0.065453 7
1.12974 -0.0826877 0.775 0.429001 0.382992 -0.127628 0.0639927 7
1.15048 -0.0900571 0.774 0.402 0.310959 -0.110451 0.0667202 7
1.16688 -0.0972213 0.771 0.374001 0.255686 -0.11175 0.06411 7
1.17997 -0.104041 0.771 0.318001 0.20248 -0.105432 0.0646837 7
1.18992 -0.109889 0.768 0.216 0.146616 -0.0862164 0.0678312 4
1.19656 -0.115209 0.766 0.164001 0.106469 -0.0852656 0.0623849 8
1.20164 -0.12031 0.75 0.0900002 0.0747379 -0.0750401 0.0679874 8
1.20385 -0.126136 0.728 0.0620003 0.0358926 -0.0946442 0.061552 8
1.20299 -0.132694 0.692 0.0250015 -0.0131204 -0.0997849 0.0657245 8
1.19929 -0.139298 0.658 -0.0599976 -0.0570973 -0.101829 0.0648556 8
1.19506 -0.144513 0.613 -0.163998 -0.065603 -0.0808628 0.0644912 8
1.19033 -0.144283 0.567 -0.232998 -0.072037 0.0035064 0.0655948 8
1.1851 -0.13992 0.517 -0.363998 -0.0805066 0.0672011 0.064928 8
1.1822 -0.135894 0.466 -0.469997 -0.0448728 0.062155 0.0647719 8
1.18015 -0.129101 0.412 -0.589001 -0.031383 0.10408 0.065267 8
1.18076 -0.122118 0.36 -0.682999 0.00940996 0.107249 0.0651079 8
1.18061 -0.11298 0.31 -0.823997 -0.00232489 0.136362 0.0670166 8
1.18198 -0.104783 0.267 -0.918999 0.0219494 0.130496 0.062815 8
1.18266 -0.0990708 0.225 -0.946999 0.0104675 0.0878825 0.0649957 8
1.18321 -0.0934778 0.201 -0.960999 0.00847119 0.0870318 0.0642639 8
1.1829 -0.0909167 0.193 -0.830997 -0.00467405 0.0388978 0.0658405 8
1.18363 -0.0883105 0.172 -0.724998 0.0112321 0.0403132 0.0646497 8
1.18363 -0.0883105 0 -0.32 0 -0 0.0669943 2
1.18363 -0.0883105 0 0.349003 0 0 0.063023 2
1.18363 -0.0883105 0 0.201 0 0 0.0649784 2
1.18363 -0.0883105 0 0.232002 0 0 0.0681039 2
1.18363 -0.0883105 0 0.235001 0 0 0.0626128 2
1.18363 -0.0883105 0 0.237 0 0 0.0679149 2
1.18363 -0.0883105 0 0.239002 0 0 0.0627669 2
1.18363 -0.0883105 0 0.245003 0 0 0.0636039 2
1.18363 -0.0883105 0 0.241001 0 0 0.0655579 2
1.18363 -0.0883105 0 0.243999 0 0 0.0650999 2
1.18363 -0.0883105 0 0.243999 0 0 0.0639486 2
1.18363 -0.0883105 0 0.243999 0 0 0.0653908 2
1.18363 -0.0883105 0 0.245003 0 0 0.0667606 2
1.18363 -0.0883105 0 0.243999 0 0 0.0630985 2
1.18363 -0.0883105 0 0.245003 0 0 0.0649275 2
1.18363 -0.0883105 0 0.247002 0 0 0.0651019 2
1.18363 -0.0883105 0 0.248001 0 0 0.0648794 2
1.18363 -0.0883105 0 0.247002 0 0 0.0652363 2
1.18363 -0.0883105 0 0.249001 0 0 0.0645824 2
1.18363 -0.0883105 0 0.25 0 0 0.0651859 2
1.18363 -0.0883105 0 0.25 0 0 0.0649207 2
1.18363 -0.0883105 0 0.25 0 0 0.0677829 2
1.18363 -0.0883105 0 0.250999 0 0 0.0619129 2
1.18363 -0.0883105 0 0.250999 0 0 0.0653381 2
1.18363 -0.0883105 0 0.253002 0 0 0.065094 2
1.18363 -0.0883105 0 0.252003 0 0 0.0650358 2
1.18363 -0.0883105 0 0.253002 0 0 0.0647944 2
1.18363 -0.0883105 0 0.254002 0 0 0.0663057 2
1.18363 -0.0883105 0 0.255001 0 0 0.0639 2
1.18363 -0.0883105 0 0.255001 0 0 0.0651957 2
1.18363 -0.0883105 0 0.255001 0 0 0.0646071 2
1.18363 -0.0883105 0 0.254002 0 0 0.0661845 2
1.18363 -0.0883105 0 0.253002 0 0 0.0642769 2
1.18363 -0.0883105 0 0.252003 0 0 0.064345 2
1.18363 -0.0883105 0 0.250999 0 0 0.0651715 2
1.18363 -0.0883105 0 0.25 0 0 0.0650092 2
1.18363 -0.0883105 0 0.25 0 0 0.0647937 2
1.18363 -0.0883105 0 0.252003 0 0 0.0640098 2
1.18363 -0.0883105 0 0.250999 0 0 0.0661891 2
1.18363 -0.0883105 0 0.249001 0 0 0.0663369 2
1.18363 -0.0883105 0 0.249001 0 0 0.0636054 2
1.18363 -0.0883105 0 0.25 0 0 0.0642812 2
1.18363 -0.0883105 0 0.250999 0 0 0.067846 2
1.18363 -0.0883105 0 0.252003 0 0 0.0628642 2
1.18363 -0.0883105 0 0.253002 0 0 0.0650698 2
1.18363 -0.0883105 0 0.250999 0 0 0.0673018 2
1.18363 -0.0883105 0 0.250999 0 0 0.0627018 2
1.18363 -0.0883105 0 0.253002 0 0 0.0650041 2
1.18363 -0.0883105 0 0.254002 0 0 0.0649777 2
1.18363 -0.0883105 0 0.250999 0 0 0.065174 2
1.18363 -0.0883105 0 0.25 0 0 0.0649843 2
1.18363 -0.0883105 0 0.252003 0 0 0.0649239 2
1.18363 -0.0883105 0 0.254002 0 0 0.0650429 2
1.18363 -0.0883105 0 0.255001 0 0 0.0653672 2
1.18363 -0.0883105 0 0.255001 0 0 0.0655486 2
1.18363 -0.0883105 0 0.255001 0 0 0.0640634 2
1.18363 -0.0883105 0 0.256001 0 0 0.0736923 2
1.18363 -0.0883105 0 0.257999 0 0 0.0564784 2
1.18363 -0.0883105 0 0.260002 0 0 0.0649045 2
1.18363 -0.0883105 0 0.260002 0 0 0.0649371 2
1.18363 -0.0883105 0 0.260002 0 0 0.0650678 2
1.18363 -0.0883105 0 0.261002 0 0 0.0650185 2
1.18363 -0.0883105 0 0.261002 0 0 0.0650082 2
1.18363 -0.0883105 0 0.263 0 0 0.0644662 2
1.18363 -0.0883105 0 0.262001 0 0 0.0666175 2
1.18363 -0.0883105 0 0.263 0 0 0.0640241 2
1.18363 -0.0883105 0 0.262001 0 0 0.0647653 2
1.18363 -0.0883105 0 0.263 0 0 0.064136 2
1.18363 -0.0883105 0 0.262001 0 0 0.065978 2
1.18363 -0.0883105 0 0.261002 0 0 0.063433 2
1.18363 -0.0883105 0 0.260002 0 0 0.0671436 2
1.18363 -0.0883105 0 0.262001 0 0 0.0643605 2
1.18363 -0.0883105 0 0.261002 0 0 0.0648774 2
1.18363 -0.0883105 0 0.261002 0 0 0.0641014 2
1.18363 -0.0883105 0 0.261002 0 0 0.0654449 2
1.18363 -0.0883105 0 0.262001 0 0 0.0656107 2
1.18363 -0.0883105 0 0.264 0 0 0.0648511 2
1.18363 -0.0883105 0 0.264 0 0 0.0651747 2
1.18363 -0.0883105 0 0.263 0 0 0.0650748 2
1.18363 -0.0883105 0 0.263 0 0 0.0649866 2
1.18363 -0.0883105 0 0.264 0 0 0.0654649 2
1.18363 -0.0883105 0 0.264 0 0 0.0656657 2
1.18363 -0.0883105 0 0.264999 0 0 0.0716529 2
1.18363 -0.0883105 0 0.264 0 0 0.0573089 2
1.18363 -0.0883105 0 0.264 0 0 0.0647158 2
1.18363 -0.0883105 0 0.264 0 0 0.0649267 2
1.18363 -0.0883105 0 0.264 0 0 0.065118 2
1.18363 -0.0883105 0 0.246002 0 0 0.0649156 2
1.18363 -0.0883105 0 0.274002 0 0 0.0649713 2
1.18363 -0.0883105 0 0.213001 0 0 0.0651775 2
1.18363 -0.0883105 0 0.201 0 0 0.064886 2
1.18363 -0.0883105 0 0.205002 0 0 0.0649513 2
1.18363 -0.0883105 0 0.474003 0 0 0.0648356 2
1.18363 -0.0883105 0 0.405003 0 0 0.0651245 2
1.18363 -0.0883105 0 0.124001 0 0 0.0650478 2
1.18363 -0.0883105 0 -0.0809975 0 -0 0.0650581 2
1.18363 -0.0883105 0 -0.218998 0 -0 0.0650299 2
1.18363 -0.0883105 0 0.0979996 0 0 0.0651579 2
1.18363 -0.0883105 0 0.662003 0 0 0.0647903 2
1.18363 -0.0883105 0 0.784 0 0 0.0649978 2
1.18363 -0.0883105 0 0.506001 0 0 0.0631665 2
1.18363 -0.0883105 0 -0.475998 0 -0 0.0668861 2
1.18363 -0.0883105 0 -2.252 0 -0 0.0653625 2
1.18363 -0.0883105 0 -4.706 0 -0 0.0646144 2
1.18363 -0.0883105 0 -7.426 0 -0 0.0649211 2
1.18363 -0.0883105 0 -9.505 0 -0 0.0651405 2
1.18363 -0.0883105 0 -10.699 0 -0 0.0670786 2
1.18363 -0.0883105 0 -11.148 0 -0 0.0629791 2
1.18363 -0.0883105 0 -10.82 0 -0 0.0686773 2
1.18363 -0.0883105 0 -9.953 0 -0 0.0611724 2
1.18363 -0.0883105 0 -9.543 0 -0 0.065231 2
1.18363 -0.0883105 0 -9.621 0 -0 0.0649372 2
1.18363 -0.0883105 0 -9.425 0 -0 0.0649254 2
1.18363 -0.0883105 0 -8.941 0 -0 0.0655309 2
1.18363 -0.0883105 0 -8.723 0 -0 0.0644847 2
1.18363 -0.0883105 0 -9.432 0 -0 0.0648566 2
1.18363 -0.0883105 0 -10.995 0 -0 0.0651033 2
1.18363 -0.0883105 0 -13.015 0 -0 0.0655887 2
1.18363 -0.0883105 0 -14.868 0 -0 0.0636802 2
1.18363 -0.0883105 0 -16.152 0 -0 0.0661735 2
1.18363 -0.0883105 0 -16.743 0 -0 0.0645203 2
1.18363 -0.0883105 0 -16.707 0 -0 0.0653603 2
1.18363 -0.0883105 0 -16.588 0 -0 0.0649166 2
1.18363 -0.0883105 0 -16.975 0 -0 0.0650997 2
1.18363 -0.0883105 0 -17.571 0 -0 0.0649768 2
1.18363 -0.0883105 0 -18.007 0 -0 0.0648456 2
1.18363 -0.0883105 0 -18.032 0 -0 0.0654395 2
1.18363 -0.0883105 0 -17.619 0 -0 0.066295 2
1.18363 -0.0883105 0 -17.001 0 -0 0.0631877 2
1.18363 -0.0883105 0 -16.525 0 -0 0.0651552 2
1.18363 -0.0883105 0 -16.401 0 -0 0.064942 2
1.18363 -0.0883105 0 -16.481 0 -0 0.0645455 2
1.18363 -0.0883105 0 -16.721 0 -0 0.0648638 2
1.18363 -0.0883105 0 -16.743 0 -0 0.0657704 2
1.18363 -0.0883105 0 -16.026 0 -0 0.0654118 2
1.18363 -0.0883105 0 -15.382 0 -0 0.0649896 2
1.18363 -0.0883105 0 -15.341 0 -0 0.0644287 2
1.18363 -0.0883105 0 -15.59 0 -0 0.0644807 2
1.18363 -0.0883105 0 -15.781 0 -0 0.0644613 2
1.18363 -0.0883105 0 -15.732 0 -0 0.066128 2
1.18363 -0.0883105 0 -15.132 0 -0 0.0648913 2
1.18363 -0.0883105 0 -13.691 0 -0 0.0654164 2
1.18363 -0.0883105 0 -11.863 0 -0 0.0640036 2
1.18363 -0.0883105 0 -10.648 0 -0 0.0653354 2
1.18363 -0.0883105 0 -10.294 0 -0 0.0650209 2
1.18363 -0.0883105 0 -10.679 0 -0 0.0659869 2
1.18363 -0.0883105 0 -10.99 0 -0 0.0641563 2
1.18363 -0.0883105 0 -10.232 0 -0 0.0689225 2
1.18363 -0.0883105 0 -8.527 0 -0 0.0607251 2
1.18363 -0.0883105 0 -6.504 0 -0 0.0654043 2
1.18363 -0.0883105 0 -4.488 0 -0 0.0646749 2
1.18363 -0.0883105 0 -2.965 0 -0 0.0652952 2
1.18363 -0.0883105 0 -2.243 0 -0 0.0650267 2
1.18363 -0.0883105 0 -2.321 0 -0 0.0694889 2
1.18363 -0.0883105 0 -3.147 0 -0 0.0596159 2
1.18363 -0.0883105 0 -4.236 0 -0 0.0660343 2
1.18363 -0.0883105 0 -5.216 0 -0 0.06506 2
1.18363 -0.0883105 0 -5.829 0 -0 0.0649707 2
1.18363 -0.0883105 0 -6.15 0 -0 0.0647819 2
1.18363 -0.0883105 0 -6.388 0 -0 0.0647689 2
1.18363 -0.0883105 0 -6.507 0 -0 0.0649503 2
1.18363 -0.0883105 0 -6.591 0 -0 0.065464 2
1.18363 -0.0883105 0 -6.642 0 -0 0.0657543 2
1.18363 -0.0883105 0 -6.606 0 -0 0.0633132 2
1.18363 -0.0883105 0 -6.43 0 -0 0.0658344 2
1.18363 -0.0883105 0 -6.158 0 -0 0.0645952 2
1.18363 -0.0883105 0 -5.884 0 -0 0.0650495 2
1.18363 -0.0883105 0 -5.717 0 -0 0.0650095 2
1.18363 -0.0883105 0 -5.796 0 -0 0.0669922 2
1.18363 -0.0883105 0 -6.172 0 -0 0.0644383 2
1.18363 -0.0883105 0 -6.723 0 -0 0.0627998 2
1.18363 -0.0883105 0 -7.345 0 -0 0.0700423 2
1.18363 -0.0883105 0 -7.862 0 -0 0.0607642 2
1.18363 -0.0883105 0 -8.022 0 -0 0.0650491 2
1.18363 -0.0883105 0 -7.985 0 -0 0.0653994 2
1.18363 -0.0883105 0 -7.986 0 -0 0.0644913 2
1.18363 -0.0883105 0 -7.932 0 -0 0.065962 2
1.18363 -0.0883105 0 -7.717 0 -0 0.0636775 2
1.18363 -0.0883105 0 -7.418 0 -0 0.0656306 2
1.18363 -0.0883105 0 -7.032 0 -0 0.0663965 2
1.18363 -0.0883105 0 -6.463 0 -0 0.062922 2
1.18363 -0.0883105 0 -5.812 0 -0 0.0666549 2
1.18363 -0.0883105 0 -5.471 0 -0 0.0641333 2
1.18363 -0.0883105 0 -5.215 0 -0 0.0665565 2
1.18363 -0.0883105 0 -5.001 0 -0 0.063144 2
1.18363 -0.0883105 0 -4.729 0 -0 0.0651721 2
1.18363 -0.0883105 0 -4.286 0 -0 0.0673833 2
1.18363 -0.0883105 0 -4.038 0 -0 0.0625143 2
1.18363 -0.0883105 0 -3.988 0 -0 0.0649585 2
1.18363 -0.0883105 0 -3.794 0 -0 0.0670182 2
1.18363 -0.0883105 0 -3.348 0 -0 0.0630881 2
1.18363 -0.0883105 0 -2.698 0 -0 0.0648679 2
1.18363 -0.0883105 0 -2.613 0 -0 0.0671951 2
1.18363 -0.0883105 0 -2.913 0 -0 0.0629118 2
1.18363 -0.0883105 0 -3.182 0 -0 0.0649613 2
1.18363 -0.0883105 0 -3.281 0 -0 0.0690949 2
1.18363 -0.0883105 0 -3.433 0 -0 0.061076 2
1.18363 -0.0883105 0 -3.684 0 -0 0.0652558 2
1.18363 -0.0883105 0 -3.6 0 -0 0.0644162 2
1.18363 -0.0883105 0 -3.248 0 -0 0.0650373 2
1.18363 -0.0883105 0 -2.702 0 -0 0.064981 2
1.18363 -0.0883105 0 -1.885 0 -0 0.0676185 2
1.18363 -0.0883105 0 -1.038 0 -0 0.0620612 2
1.18363 -0.0883105 0 -0.281998 0 -0 0.0653613 2
1.18363 -0.0883105 0 -0.135998 0 -0 0.072258 2
1.18363 -0.0883105 0 -0.247997 0 -0 0.0577359 2
1.18363 -0.0883105 0 -0.362 0 -0 0.074189 2
1.18363 -0.0883105 0 -0.231998 0 -0 0.0568195 2
1.18363 -0.0883105 0 -0.251999 0 -0 0.0639376 2
1.18363 -0.0883105 0 -0.307999 0 -0 0.065099 2
1.18363 -0.0883105 0 -0.320999 0 -0 0.0648445 2
1.18363 -0.0883105 0 -0.323997 0 -0 0.0649642 2
1.18363 -0.0883105 0 -0.32 0 -0 0.0650656 2
1.18363 -0.0883105 0 -0.333 0 -0 0.0654512 2
1.18363 -0.0883105 0 -0.302998 0 -0 0.0645579 2
1.18363 -0.0883105 0 -0.278999 0 -0 0.0649644 2
1.18363 -0.0883105 0 -0.273998 0 -0 0.0650002 2
1.18363 -0.0883105 0 -0.287998 0 -0 0.0651117 2
1.18363 -0.0883105 0 -0.308998 0 -0 0.0649266 2
1.18363 -0.0883105 0 -0.303997 0 -0 0.0649892 2
1.18363 -0.0883105 0 -0.305 0 -0 0.06367 2
1.18363 -0.0883105 0 -0.302998 0 -0 0.0662913 2
1.18363 -0.0883105 0 -0.310997 0 -0 0.0650362 2
1.18363 -0.0883105 0 -0.308998 0 -0 0.0649716 2
1.18363 -0.0883105 0 -0.253998 0 -0 0.0652778 2
1.18363 -0.0883105 0 -0.320999 0 -0 0.0648507 2
1.18363 -0.0883105 0 -0.316998 0 -0 0.0648579 2
1.18363 -0.0883105 0 -0.299 0 -0 0.0651149 2
1.18363 -0.0883105 0 -0.293999 0 -0 0.0650726 2
1.18363 -0.0883105 0 -0.295998 0 -0 0.0631464 2
1.18363 -0.0883105 0 -0.295998 0 -0 0.0668371 2
1.18363 -0.0883105 0 -0.295998 0 -0 0.0662011 2
1.18363 -0.0883105 0 -0.294998 0 -0 0.0634879 2
1.18363 -0.0883105 0 -0.293999 0 -0 0.0661492 2
1.18363 -0.0883105 0 -0.294998 0 -0 0.0650912 2
1.18363 -0.0883105 0 -0.293999 0 -0 0.0642816 2
1.18363 -0.0883105 0 -0.293999 0 -0 0.0652699 2
1.18363 -0.0883105 0 -0.294998 0 -0 0.0645013 2
1.18363 -0.0883105 0 -0.295998 0 -0 0.0643807 2
1.18363 -0.0883105 0 -0.295998 0 -0 0.0653379 2
1.18363 -0.0883105 0 -0.294998 0 -0 0.065479 2
1.18363 -0.0883105 0 -0.294998 0 -0 0.0667657 2
1.18363 -0.0883105 0 -0.296997 0 -0 0.0629382 2
1.18363 -0.0883105 0 -0.299999 0 -0 0.0650435 2
1.18363 -0.0883105 0 -0.300999 0 -0 0.065008 2
1.18363 -0.0883105 0 -0.302998 0 -0 0.0649773 2
1.18363 -0.0883105 0 -0.302998 0 -0 0.0649938 2
1.18363 -0.0883105 0 -0.302998 0 -0 0.0650567 2
1.18363 -0.0883105 0 -0.301998 0 -0 0.0649394 2
1.18363 -0.0883105 0 -0.303997 0 -0 0.0651719 2
1.18363 -0.0883105 0 -0.302998 0 -0 0.0648264 2
1.18363 -0.0883105 0 -0.301998 0 -0 0.0650552 2
1.18363 -0.0883105 0 -0.303997 0 -0 0.0655031 2
1.18363 -0.0883105 0 -0.306 0 -0 0.0644302 2
1.18363 -0.0883105 0 -0.306999 0 -0 0.0649895 2
1.18363 -0.0883105 0 -0.306 0 -0 0.0720035 2
1.18363 -0.0883105 0 -0.305 0 -0 0.059123 2
1.18363 -0.0883105 0 -0.307999 0 -0 0.0640276 2
1.18363 -0.0883105 0 -0.306999 0 -0 0.0647886 2
1.18363 -0.0883105 0 -0.306999 0 -0 0.0650351 2
1.18363 -0.0883105 0 -0.307999 0 -0 0.0645626 2
1.18363 -0.0883105 0 -0.307999 0 -0 0.0636584 2
1.18363 -0.0883105 0 -0.306999 0 -0 0.0667274 2
1.18363 -0.0883105 0 -0.307999 0 -0 0.0650201 2
1.18363 -0.0883105 0 -0.308998 0 -0 0.0649681 2
1.18363 -0.0883105 0 -0.308998 0 -0 0.0637025 2
1.18363 -0.0883105 0 -0.308998 0 -0 0.0653405 2
1.18363 -0.0883105 0 -0.312 0 -0 0.0659788 2
1.18363 -0.0883105 0 -0.310997 0 -0 0.0649984 2
1.18363 -0.0883105 0 -0.312 0 -0 0.0650761 2
1.18363 -0.0883105 0 -0.309998 0 -0 0.0744442 2
1.18363 -0.0883105 0 -0.312 0 -0 0.0559638 2
1.18363 -0.0883105 0 -0.310997 0 -0 0.0644871 2
1.18363 -0.0883105 0 -0.310997 0 -0 0.0651826 2
1.18363 -0.0883105 0 -0.312 0 -0 0.0648054 2
1.18363 -0.0883105 0 -0.313 0 -0 0.0650167 2
1.18363 -0.0883105 0 -0.312 0 -0 0.0649652 2
1.18363 -0.0883105 0 -0.313999 0 -0 0.0656209 2
1.18363 -0.0883105 0 -0.315998 0 -0 0.0644918 2
1.18363 -0.0883105 0 -0.314999 0 -0 0.0642517 2
1.18363 -0.0883105 0 -0.315998 0 -0 0.0654988 2
1.18363 -0.0883105 0 -0.316998 0 -0 0.0664231 2
1.18363 -0.0883105 0 -0.317997 0 -0 0.0635273 2
1.18363 -0.0883105 0 -0.32 0 -0 0.0650838 2
1.18363 -0.0883105 0 -0.320999 0 -0 0.0650387 2
1.18363 -0.0883105 0 -0.32 0 -0 0.0723839 2
1.18363 -0.0883105 0 -0.32 0 -0 0.0576377 2
1.18363 -0.0883105 0 -0.320999 0 -0 0.0643052 2
1.18363 -0.0883105 0 -0.321999 0 -0 0.0657223 2
1.18363 -0.0883105 0 -0.322998 0 -0 0.0653079 2
1.18363 -0.0883105 0 -0.323997 0 -0 0.0685723 2
1.18363 -0.0883105 0 -0.326 0 -0 0.0613357 2
1.18363 -0.0883105 0 -0.326 0 -0 0.0664602 2
1.18363 -0.0883105 0 -0.325001 0 -0 0.0660019 2
1.18363 -0.0883105 0 -0.323997 0 -0 0.0671124 2
1.18363 -0.0883105 0 -0.322998 0 -0 0.0652216 2
1.18363 -0.0883105 0 -0.323997 0 -0 0.0637675 2
1.18363 -0.0883105 0 -0.323997 0 -0 0.0663434 2
1.18363 -0.0883105 0 -0.325001 0 -0 0.0649505 2
1.18363 -0.0883105 0 -0.326 0 -0 0.0639458 2
1.18363 -0.0883105 0 -0.327 0 -0 0.0698037 2
1.18363 -0.0883105 0 -0.327 0 -0 0.0607184 2
1.18363 -0.0883105 0 -0.326 0 -0 0.0740023 2
1.18363 -0.0883105 0 -0.326 0 -0 0.0569744 2
1.18363 -0.0883105 0 -0.327 0 -0 0.0643866 2
1.18363 -0.0883105 0 -0.326 0 -0 0.066872 2
1.18363 -0.0883105 0 -0.326 0 -0 0.0633361 2
1.18363 -0.0883105 0 -0.327 0 -0 0.0652557 2
1.18363 -0.0883105 0 -0.327999 0 -0 0.0651195 2
1.18363 -0.0883105 0 -0.329998 0 -0 0.0645171 2
1.18363 -0.0883105 0 -0.328999 0 -0 0.0645575 2
1.18363 -0.0883105 0 -0.329998 0 -0 0.0653202 2
1.18363 -0.0883105 0 -0.329998 0 -0 0.0652775 2
1.18363 -0.0883105 0 -0.328999 0 -0 0.0649551 2
1.18363 -0.0883105 0 -0.329998 0 -0 0.0647348 2
1.18363 -0.0883105 0 -0.332001 0 -0 0.0710893 2
1.18363 -0.0883105 0 -0.330997 0 -0 0.0596865 2
