1388129319.114394333 -1.51606 -1.06063 1.078 23.284 -0.252548 -0.176683  0.179576 0.0676961 7
1388129320.014385586 -1.52825 -1.0879 1.181 24.712 -0.0135523 -0.0302964  0.114446 0.0276928 7
1388129320.114391365 -1.52857 -1.08933 1.188 24.857 0 -0.0142957  0.069996 0.0253059 7
1388129320.214381625 -1.53245 -1.07931 1.192 25.151 -0.0388281 0.100201  0.0400039 0.0513175 7
1388129320.314373088 -1.53266 -1.07477 1.189 25.174 0 0.0453894  -0.0300026 0.00401473 7
1388129320.714389706 -1.54656 -1.02885 1.186 24.876 -0.0347591 0.114791  0 -0.0130022 7
1388129320.914381677 -1.56049 -0.99387 1.185 24.699 -0.0696179 0.174924  0 -0.0154468 7
1388129321.014380233 -1.56765 -0.976861 1.183 24.518 -0.0716577 0.170089  -0.0200003 -0.0315909 4
1388129321.114478304 -1.02033 -2.14686 1.186 -0.128 0 0.0205775  0.0299706 -4.29732 4
1388129321.214442843 -1.01808 -2.14534 1.169 -0.85 0.0225119 0.0151788  -0.17006 -0.126057 4
1388129321.314452447 -1.01503 -2.14262 1.164 -1.082 0.0305168 0.0272909  -0.0499952 -0.0404875 4
1388129321.414400835 -1.01074 -2.13877 1.161 -1.307 0.0429218 0.0385063  -0.0300155 -0.0392903 4
1388129321.514439731 -1.00609 -2.13525 1.16 -1.329 0.0465195 0.0351155  0 -0.00383845 4
1388129321.614402545 -0.999831 -2.13286 1.166 -1.483 0.0625896 0.0239811  0.0600223 -0.026888 4
1388129321.714497591 -0.993826 -2.13062 1.166 -1.485 0.0599901 0.0223661  0 -0.000348543 4
1388129321.814408345 -0.987936 -2.12845 1.166 -1.496 0.0589548 0.0217386  0 -0.00192185 4
1388129322.914462941 -0.9025 -2.08046 1.156 0.776001 0.0776653 0.0436172  0 0.0360472 4
1388129323.014441159 -0.894257 -2.0747 1.152 0.686001 0.0824471 0.0576825  -0.0400087 -0.0157114 4
1388129323.314447161 -0.871433 -2.04989 1.143 0.445 0.07608 0.0826865  -0.0299994 -0.0140206 4
1388129323.614454946 -0.85019 -2.02549 1.141 0.396 0.0708069 0.0813239  0 -0.00285062 4
1388129325.014495029 -0.831437 -1.96604 1.183 -1.711 0.0133946 0.0424626  0.0299991 -0.0262665 4
1388129325.114408119 -0.830635 -1.9615 1.183 -1.716 0 0.0454903  0 -0.000873277 4
1388129325.214437796 -0.831 -1.9573 1.186 -1.796 0 0.0419296  0.0299911 -0.0139585 4
1388129325.314426146 -0.830543 -1.95216 1.196 -2 0 0.051461  0.100012 -0.0356089 4
1388129325.414419855 -0.829905 -1.94679 1.196 -2.002 0 0.053723  0 -0.000348896 4
1388129325.514437365 -0.82853 -1.94211 1.204 -2.175 0.013753 0.0467924  0.079986 -0.030189 4
1388129325.614445224 -0.827182 -1.939 1.203 -2.261 0.0134724 0.0311117  0 -0.0150087 4
1388129325.714465054 -0.825676 -1.93948 1.217 -2.574 0.0150636 0  0.139972 -0.0546179 4
1388129325.814435695 -0.822871 -1.93998 1.215 -2.654 0.0280567 0  -0.0200059 -0.0139667 4
1388129325.914424214 -0.820252 -1.94313 1.213 -2.87 0.026188 -0.0315199  -0.0200023 -0.0377034 4
1388129326.014456690 -0.815931 -1.94784 1.213 -2.998 0.043199 -0.0470803  0 -0.022333 4
1388129326.114452077 -0.810101 -1.95456 1.208 -3.035 0.0582998 -0.0671603  -0.0500023 -0.00645813 4
1388129326.314422055 -0.807714 -1.96747 1.198 -3.105 0.0119372 -0.064554  -0.0500075 -0.00610954 4
1388129326.514419456 -0.810229 -1.97727 1.185 -3.215 -0.0125744 -0.0490333  -0.0650008 -0.00959949 4
1388129326.714423919 -0.814875 -1.98891 1.192 -3.219 -0.0232311 -0.0581896  0.0349992 -0.000349033 4
1388129327.414427094 -0.820032 -2.00446 1.201 -2.789 0 -0.0222159  0.0128571 0.0107213 4
1388129327.814429804 -0.819117 -2.02953 1.199 -2.722 0 -0.0626723  0 0.00292338 4
1388129329.214443742 -0.854184 -2.02466 1.22 -3.216 -0.0250471 0  0.0149999 -0.00615845 4
1388129329.314424722 -0.855388 -2.02525 1.221 -3.207 -0.0120509 0  0.0100019 0.00157123 4
1388129329.414413257 -0.856785 -2.02562 1.222 -3.202 -0.0139699 0  0.0100011 0.000872618 4
1388129329.514440636 -0.857799 -2.02575 1.233 -3.212 -0.010131 0  0.10997 -0.00174489 4
1388129329.814440947 -0.862643 -2.03142 1.237 -3.055 -0.0161466 -0.0188804  0.0133333 0.00913386 4
1388129330.014429288 -0.864565 -2.03439 1.22 -2.757 0 -0.0148685  -0.085005 0.026007 4
1388129330.114427343 -0.865071 -2.03363 1.216 -2.61 0 0  -0.0400008 0.0256571 4
1388129330.214454980 -0.866569 -2.03274 1.209 -2.499 -0.0149685 0  -0.0699807 0.0193675 4
1388129330.314430654 -0.867414 -2.03122 1.205 -2.462 0 0.0151663  -0.0400097 0.0064594 4
1388129330.414443599 -0.869118 -2.029 1.212 -2.342 -0.0170398 0.0222294  0.0699909 0.0209414 4
1388129330.514431413 -0.870422 -2.02706 1.219 -2.259 -0.0130377 0.0194234  0.0700085 0.014488 4
1388129330.614453471 -0.87148 -2.02528 1.216 -2.071 -0.0105806 0.017743  -0.0299934 0.0328049 4
1388129330.714419311 -0.873113 -2.02154 1.21 -1.995 -0.0163397 0.0374739  -0.0600205 0.0132691 4
1388129330.814429250 -0.874846 -2.01667 1.212 -1.876 -0.0173264 0.0486803  0.019998 0.0207673 4
1388129330.914415442 -0.876429 -2.01014 1.215 -1.719 -0.0158336 0.0652799  0.0300041 0.0274054 4
1388129331.014423035 -0.878796 -2.00307 1.21 -1.645 -0.0236645 0.0707095  -0.0499962 0.0129144 4
1388129331.114453103 -0.880354 -1.99459 1.21 -1.439 -0.0155776 0.0847519  0 0.0359432 4
1388129331.214456896 -0.882374 -1.98644 1.205 -1.296 -0.0201956 0.0815648  -0.0499981 0.0249572 4
1388129331.314433154 -0.885053 -1.97812 1.206 -1.222 -0.0267987 0.0831854  0.0100024 0.0129184 4
1388129331.414418781 -0.887184 -1.96777 1.207 -1.113 -0.0213084 0.103493  0.0100014 0.019027 4
1388129331.514437385 -0.890243 -1.95686 1.208 -0.992001 -0.0305886 0.109093  0 0.0211143 4
1388129331.614425731 -0.892676 -1.94567 1.208 -0.799 -0.0243326 0.11194  0 0.0336889 4
1388129331.714427690 -0.894059 -1.93817 1.215 -0.740999 -0.013834 0.0749642  0.0699986 0.0101228 4
1388129331.814428646 -0.89446 -1.93139 1.216 -0.534 0 0.0677897  0 0.0361278 4
1388129331.914419435 -0.895592 -1.92566 1.212 -0.399 -0.0113244 0.0572892  -0.0400037 0.0235642 4
1388129332.014409729 -0.895951 -1.92031 1.209 -0.234999 0 0.053574  -0.0300029 0.0286264 4
1388129332.114424103 -0.89564 -1.91653 1.209 -0.212999 0 0.0377304  0 0.00383906 4
1388129332.214427077 -0.894833 -1.91378 1.204 -0.177 0 0.0275844  -0.0499985 0.00628288 4
1388129332.314432891 -0.893719 -1.91024 1.202 -0.225 0.011145 0.0353514  -0.0199988 -0.00837715 4
1388129332.414431143 -0.892871 -1.9073 1.201 -0.198 0 0.0293525  -0.0100002 0.00471255 4
1388129332.514458965 -0.890663 -1.90578 1.197 -0.24 0.0220705 0.0152482  -0.0399889 -0.00732831 4
1388129332.614441354 -0.888281 -1.90427 1.19 -0.320999 0.0238257 0.0150636  -0.0700123 -0.0141395 4
1388129332.714426104 -0.886022 -1.9027 1.182 -0.348999 0.0225958 0.015696  -0.0800122 -0.00488765 4
1388129332.814427527 -0.883925 -1.90027 1.186 -0.438 0.0209691 0.0243608  0.0399994 -0.0155333 4
1388129332.914429831 -0.881733 -1.898 1.193 -0.569 0.0219152 0.0226607  0.0699984 -0.0228634 4
1388129333.014429934 -0.878987 -1.89567 1.18 -0.667 0.0274649 0.0232886  -0.13 -0.0171041 4
1388129333.114429989 -0.876237 -1.89244 1.169 -0.778999 0.0274999 0.0322818  -0.11 -0.0195476 4
1388129333.214427375 -0.872881 -1.88995 1.161 -0.852999 0.0335587 0.0249578  -0.0800021 -0.0129157 4
1388129333.314426155 -0.869053 -1.88807 1.157 -0.879999 0.0382812 0.0187444  -0.0400005 -0.00471252 4
1388129333.414429257 -0.864619 -1.88755 1.155 -0.844 0.0443369 0  -0.0199994 0.00628287 4
1388129333.514460089 -0.859678 -1.88852 1.154 -0.858999 0.0493917 0  0 -0.00261708 4
1388129333.614456895 -0.853475 -1.89036 1.152 -0.864 0.0620387 -0.0184897  -0.0200006 -0.000872879 4
1388129333.714438628 -0.847314 -1.89345 1.145 -0.859999 0.0616154 -0.03083  -0.0700128 0.000698542 4
1388129333.814443903 -0.841905 -1.89801 1.141 -0.907999 0.0540897 -0.0455876  -0.0399979 -0.0083772 4
1388129333.914456217 -0.836729 -1.90362 1.138 -0.976999 0.0517575 -0.0561771  -0.0299963 -0.0120413 4
1388129334.014426095 -0.834933 -1.90981 1.124 -1.091 0.0179588 -0.0618994  -0.140042 -0.0199028 4
1388129334.214422881 -0.838662 -1.91686 1.116 -1.109 -0.0186429 -0.0352406  -0.0400006 -0.00157079 4
1388129334.314414818 -0.84206 -1.91981 1.117 -1.092 -0.0339806 -0.0295002  0.0100008 0.00296733 4
1388129334.614421567 -0.846186 -1.92059 1.115 -1.325 -0.0137534 0  0 -0.0135551 4
1388129334.714448673 -0.84742 -1.92035 1.123 -1.419 -0.0123385 0  0.0799783 -0.0164016 4
1388129334.814411915 -0.848254 -1.92069 1.125 -1.497 0 0  0.0200074 -0.0136188 4
1388129334.914430321 -0.848976 -1.91982 1.128 -1.552 0 0  0.0299945 -0.0095976 4
1388129335.014425830 -0.849124 -1.91965 1.136 -1.67 0 0  0.0800036 -0.0205958 4
1388129335.114432554 -0.848429 -1.91962 1.143 -1.761 0 0  0.0699953 -0.0158814 4
1388129335.214427624 -0.847251 -1.92036 1.149 -1.904 0.0117797 0  0.060003 -0.0249594 4
1388129335.314429907 -0.845177 -1.92034 1.152 -2.049 0.020735 0  0.0299993 -0.0253068 4
1388129335.414424544 -0.842588 -1.92042 1.158 -2.21 0.0258929 0  0.0600032 -0.0281012 4
1388129335.514425214 -0.839843 -1.92046 1.163 -2.295 0.0274513 0  0.0499997 -0.0148354 4
1388129335.614454930 -0.836153 -1.91977 1.171 -2.352 0.0368896 0  0.0799762 -0.00994528 4
1388129335.714427433 -0.831197 -1.91975 1.183 -2.433 0.0495713 0  0.120033 -0.0141413 4
1388129335.814436148 -0.825741 -1.9202 1.184 -2.439 0.0545536 0  0 -0.00104686 4
1388129336.114430344 -0.806698 -1.92815 1.195 -2.525 0.0634796 -0.0264946  0.0366674 -0.0050034 4
1388129336.314399880 -0.796004 -1.93424 1.196 -2.598 0.0534766 -0.0304862  0 -0.00637142 4
1388129336.514435754 -0.784131 -1.9427 1.215 -2.522 0.0593554 -0.0422788  0.094983 0.00663108 4
1388129336.814427613 -0.784499 -1.96368 1.213 -2.168 0 -0.0699414  0 0.0205954 4
1388129338.014429593 -0.869239 -1.95585 1.176 -2.454 -0.0706166 0  -0.0308333 -0.00415971 4
1388129338.114462542 -0.875194 -1.9539 1.178 -2.642 -0.0595241 0.0195288  0.0199934 -0.0328013 4
1388129338.214445154 -0.881338 -1.95079 1.17 -2.706 -0.0614566 0.0310253  -0.0800139 -0.0111719 4
1388129338.314487741 -0.886424 -1.94779 1.169 -2.766 -0.0508336 0.0300746  0 -0.0104674 4
1388129338.414434499 -0.891529 -1.94297 1.17 -2.769 -0.0510774 0.0482121  0.0100053 -0.000523923 4
1388129338.514442658 -0.894894 -1.94031 1.172 -2.697 -0.03365 0.0265798  0.0199984 0.0125651 4
1388129338.614445758 -0.889408 -1.94571 1.166 -2.282 0.0548556 -0.0540208  -0.0599981 0.0724291 4
1388129338.714437513 -0.876804 -1.95592 1.163 -2.166 0.126057 -0.102129  -0.0300025 0.0202474 4
1388129338.914428516 -0.858936 -1.96185 1.122 -3.745 0.089342 -0.0296452  -0.205009 -0.1378 4
1388129339.114407883 -0.871582 -1.96187 0.974 -5.95 -0.0632349 0  -0.740076 -0.192442 4
1388129339.514432973 -1.01606 -1.91251 0.902 -25.804 -0.361183 0.123399  -0.179989 -0.86624 4
1388129340.214429800 -0.966299 -1.93065 1.134 -24.201 0.0710938 -0.0259154  0.33143 0.0399682 4
1388129341.214428910 -0.837596 -1.81401 1.291 0.0839996 0.128703 0.116637  0.157 0.423854 4
1388129342.014412457 -0.840386 -1.73637 1.283 0.912001 0 0.0970567  -0.0100002 0.0180646 4
1388129342.814449732 -0.879223 -1.73119 1.282 0.535 -0.0485435 0  0 -0.0082245 4
1388129343.114433937 -0.90078 -1.74276 1.336 0.0419998 -0.0718612 -0.0385788  0.180009 -0.0286831 4
1388129344.514428413 -0.900587 -1.69685 1.199 0.267 0 0.0327946  -0.0978575 0.00280501 4
1388129344.614436910 -0.898018 -1.69451 1.202 0.176001 0.0256831 0.023374  0.0299975 -0.0158811 4
1388129344.714422852 -0.892961 -1.69307 1.191 0.142 0.0505791 0.0143871  -0.110015 -0.00593502 4
1388129344.814430802 -0.886149 -1.69244 1.187 0.131001 0.0681129 0  -0.0399968 -0.00191965 4
1388129344.914430412 -0.878596 -1.69441 1.177 0.203001 0.0755291 -0.0197815  -0.1 0.0125665 4
1388129345.014420151 -0.873125 -1.69711 1.168 0.314001 0.0547169 -0.0269843  -0.0900092 0.0193752 4
1388129345.114435704 -0.867811 -1.69847 1.162 0.393 0.0531374 -0.0135559  -0.0599907 0.0137857 4
1388129345.214433779 -0.86383 -1.70008 1.161 0.457001 0.0398106 -0.0161476  -0.0100002 0.0111705 4
1388129345.314435018 -0.859968 -1.70203 1.159 0.457001 0.0386133 -0.0194338  -0.0199998 0 4
1388129345.414426357 -0.855401 -1.70291 1.156 0.403 0.0456818 0  -0.0300026 -0.00942574 4
1388129345.514439991 -0.851162 -1.70317 1.155 0.285 0.0423843 0  0 -0.0205921 4
1388129345.614429758 -0.846398 -1.70265 1.16 0.158001 0.0476378 0  0.0500051 -0.0221678 4
1388129345.814457083 -0.836934 -1.70204 1.169 -0.0529995 0.0473126 0  0.0449939 -0.0184107 4
1388129345.914421260 -0.831897 -1.70277 1.179 -0.101999 0.0503931 0  0.100036 -0.00855514 4
1388129346.014459224 -0.827276 -1.70364 1.182 -0.115999 0.0461964 0  0.0299886 -0.00244252 4
1388129346.114453478 -0.823711 -1.7067 1.187 -0.0439987 0.0356497 -0.0305318  0.0500029 0.0125672 4
1388129346.214453097 -0.821345 -1.71133 1.188 0.0480003 0.0236615 -0.0463534  0.01 0.0160569 4
1388129346.314422109 -0.818702 -1.71549 1.188 0.132 0.0264382 -0.0416327  0 0.0146652 4
1388129346.514427643 -0.813106 -1.72353 1.187 0.200001 0.0279792 -0.0401643  0 0.00593402 4
1388129346.614430904 -0.809906 -1.7284 1.176 0.398001 0.0319969 -0.0487435  -0.109996 0.0345564 4
1388129346.714428077 -0.807139 -1.73444 1.17 0.405001 0.0276692 -0.0603765  -0.0600017 0.00122176 4
1388129346.814435164 -0.804489 -1.73984 1.16 0.421 0.0265025 -0.0539894  -0.0999929 0.00279213 4
1388129346.914429581 -0.801443 -1.74533 1.161 0.502001 0.0304583 -0.0549323  0.0100006 0.0141382 4
1388129347.014567067 -0.798728 -1.7505 1.15 0.582001 0.0271087 -0.051647  -0.109849 0.0139435 4
1388129347.214421385 -0.793399 -1.76024 1.128 0.690001 0.0266664 -0.0487453  -0.11008 0.00943163 4
1388129347.314456684 -0.790148 -1.765 1.124 0.712 0.0324971 -0.0475502  -0.0399859 0.00383826 4
1388129347.514441878 -0.784102 -1.77301 1.128 0.779001 0.0302344 -0.0400734  0.0200015 0.0058474 4
1388129347.914459276 -0.772645 -1.78332 1.153 0.142 0.0286408 -0.0257573  0.0624973 -0.0277932 4
1388129348.314454607 -0.770171 -1.80434 1.212 -0.706999 0 -0.0525454  0.147502 -0.037045 4
1388129348.614426199 -0.774554 -1.81678 1.228 -1.449 -0.0146105 -0.0414906  0.0533384 -0.0431719 4
1388129349.314428035 -0.805927 -1.82417 1.196 -1.817 -0.0448186 -0.0105492  -0.0457142 -0.00917542 4
1388129349.414427395 -0.810429 -1.82513 1.191 -1.932 -0.045024 0  -0.0500003 -0.0200714 4
1388129349.514424071 -0.812557 -1.8259 1.209 -2.11 -0.0212811 0  0.180006 -0.0310678 4
1388129349.614458689 -0.815393 -1.82608 1.244 -2.201 -0.0283429 0  0.349879 -0.0158773 4
1388129349.714452663 -0.818444 -1.82605 1.306 -2.33 -0.030511 0  0.620037 -0.0225161 4
1388129349.814464048 -0.821473 -1.82658 1.358 -2.347 -0.0302864 0  0.519941 -0.00296676 4
1388129349.914428040 -0.824309 -1.82741 1.371 -2.338 -0.0283748 0  0.130047 0.0015715 4
1388129350.014456881 -0.827021 -1.82689 1.359 -2.323 -0.0271161 0  -0.119965 0.00261713 4
1388129350.114455402 -0.829358 -1.82612 1.314 -2.269 -0.0233636 0  -0.450007 0.00942507 4
1388129350.214447716 -0.830261 -1.8245 1.252 -2.193 0 0.016133  -0.620048 0.0132656 4
1388129350.314430444 -0.831828 -1.81992 1.197 -2.041 -0.0156692 0.0458127  -0.550095 0.0265333 4
1388129350.414430781 -0.833272 -1.81213 1.152 -1.835 -0.0144436 0.0779405  -0.449998 0.0359539 4
1388129350.514465693 -0.8346 -1.79806 1.115 -1.583 -0.0132768 0.140616  -0.369871 0.0439668 4
1388129350.614420036 -0.836045 -1.7799 1.102 -1.384 -0.0144513 0.181691  -0.130059 0.0347481 4
1388129350.714429099 -0.83846 -1.76322 1.095 -1.247 -0.0241445 0.166847  -0.0699937 0.0239087 4
1388129350.914444861 -0.842866 -1.74319 1.087 -1.023 -0.0220284 0.100142  -0.0399968 0.0195462 4
1388129351.214430887 -0.841559 -1.75438 1.113 -0.643999 0 -0.0373272  0.0866707 0.0220503 4
1388129351.814444081 -0.841601 -1.79134 1.14 1.529 0 -0.0615867  0.044999 0.0632086 4
1388129352.114431097 -0.85625 -1.78579 1.164 1.214 -0.0488308 0.0185008  0.0800035 -0.0183268 4
1388129354.914430714 -0.85625 -1.78579 0 37.375 0 0  -0.415714 0.225403 0
1388129355.014500770 -0.85625 -1.78579 0 44.603 0 0  0 1.26064 0
1388129355.114459949 -0.85625 -1.78579 0 48.542 0 0  0 0.687765 0
1388129355.214448989 -0.85625 -1.78579 0 53.584 0 0  0 0.880091 0
1388129355.314441224 -0.85625 -1.78579 0 59.075 0 0  0 0.958436 0
1388129355.414416049 -0.85625 -1.78579 0 64.968 0 0  0 1.02878 0
1388129355.514457375 -0.85625 -1.78579 0 68.436 0 0  0 0.605031 0
1388129355.614431565 -0.85625 -1.78579 0 70.177 0 0  0 0.30394 0
1388129355.714420331 -0.85625 -1.78579 0 69.478 0 0  0 -0.122012 0
1388129355.814439193 -0.85625 -1.78579 0 69.155 0 0  0 -0.0563645 0
1388129355.914427474 -0.85625 -1.78579 0 69.189 0 0  0 0.00593555 0
1388129356.014436692 -0.85625 -1.78579 0 69.202 0 0  0 0.0022688 0
1388129356.114417774 -0.85625 -1.78579 0 69.212 0 0  0 0.00174603 0
1388129356.214419150 -0.85625 -1.78579 0 69.228 0 0  0 0.00279229 0
1388129356.314452849 -0.85625 -1.78579 0 69.238 0 0  0 0.00174378 0
1388129356.414418582 -0.85625 -1.78579 0 69.251 0 0  0 0.00226979 0
1388129356.514428905 -0.85625 -1.78579 0 69.269 0 0  0 0.00314221 0
1388129356.614425762 -0.85625 -1.78579 0 69.279 0 0  0 0.00174443 0
1388129356.714419801 -0.85625 -1.78579 0 69.288 0 0  0 0.00157136 0
1388129356.814447538 -0.85625 -1.78579 0 69.299 0 0  0 0.00191961 0
1388129356.914425310 -0.85625 -1.78579 0 69.308 0 0  0 0.00157028 0
1388129357.014425859 -0.85625 -1.78579 0 69.318 0 0  0 0.00174569 0
1388129357.114427797 -0.85625 -1.78579 0 69.333 0 0  0 0.00261784 0
1388129357.214431434 -0.85625 -1.78579 0 69.342 0 0  0 0.00157121 0
1388129357.314428443 -0.85625 -1.78579 0 69.35 0 0  0 0.00139554 0
1388129357.414423703 -0.85625 -1.78579 0 69.356 0 0  0 0.001048 0
1388129357.514442548 -0.85625 -1.78579 0 69.366 0 0  0 0.00174537 0
1388129357.614429524 -0.85625 -1.78579 0 69.374 0 0  0 0.00139568 0
1388129357.714428704 -0.85625 -1.78579 0 69.382 0 0  0 0.00139684 0
1388129357.814430235 -0.85625 -1.78579 0 69.397 0 0  0 0.00261785 0
1388129357.914424327 -0.85625 -1.78579 0 69.407 0 0  0 0.00174581 0
1388129358.014425347 -0.85625 -1.78579 0 69.413 0 0  0 0.00104661 0
1388129358.114419971 -0.85625 -1.78579 0 69.421 0 0  0 0.0013969 0
1388129358.214422359 -0.85625 -1.78579 0 69.426 0 0  0 0.000872164 0
1388129358.314418604 -0.85625 -1.78579 0 69.436 0 0  0 0.00174577 0
1388129358.414416440 -0.85625 -1.78579 0 69.446 0 0  0 0.00174441 0
1388129358.514431588 -0.85625 -1.78579 0 69.457 0 0  0 0.00191985 0
1388129358.614493344 -0.85625 -1.78579 0 69.459 0 0  0 0.000348659 0
1388129358.714439821 -0.85625 -1.78579 0 69.471 0 0  0 0.0020957 0
1388129358.814422974 -0.85625 -1.78579 0 69.477 0 0  0 0.00104813 0
1388129358.914426681 -0.85625 -1.78579 0 69.481 0 0  0 0.000697722 0
1388129359.014464793 -0.85625 -1.78579 0 69.486 0 0  0 0.000871853 0
1388129359.114403529 -0.85625 -1.78579 0 69.492 0 0  0 0.0010486 0
1388129359.314408562 -0.85625 -1.78579 0 69.493 0 0  0 8.72163e-05 0
1388129360.314413416 -0.85625 -1.78579 0 69.501 0 0  0 0.000139549 0
1388129361.314412722 -0.85625 -1.78579 0 69.539 0 0  0 0.000663261 0
1388129362.514435726 -0.85625 -1.78579 0 69.657 0 0  0 0.00171626 0
1388129365.214413340 -0.85625 -1.78579 0 69.801 0 0  0 0.000930832 0
1388129366.114391617 -0.85625 -1.78579 0 109.578 0 0  0 0.771396 0
1388129372.414412995 -0.85625 -1.78579 0 87.262 0 0  0 -0.0618232 0
1388129372.514443556 -0.85625 -1.78579 0 86.917 0 0  0 -0.0601957 0
1388129372.614414379 -0.85625 -1.78579 0 86.937 0 0  0 0.00349242 0
1388129372.714410195 -0.85625 -1.78579 0 88.988 0 0  0 0.357981 0
1388129372.814418108 -0.85625 -1.78579 0 92.263 0 0  0 0.57155 0
1388129372.914409790 -0.85625 -1.78579 0 95.144 0 0  0 0.502872 0
1388129373.014413506 -0.85625 -1.78579 0 95.538 0 0  0 0.0687629 0
1388129373.214402766 -0.85625 -1.78579 0 90.992 0 0  0 -0.396734 0
1388129373.514461788 -0.85625 -1.78579 0 87.851 0 0  0 -0.1827 0
1388129374.014442963 -0.85625 -1.78579 0 102.859 0 0  0 0.523898 0
1388129374.614438143 -0.85625 -1.78579 0 93.202 0 0  0 -0.280913 0
1388129375.014418688 -0.85625 -1.78579 0 111.361 0 0  0 0.792374 0
1388129378.914434579 -0.85625 -1.78579 0 -103.073 0 0  0 -0.959632 0
1388129379.014424702 -0.85625 -1.78579 0 -104.507 0 0  0 -0.250305 0
1388129379.114431491 -0.85625 -1.78579 0 -107.472 0 0  0 -0.517456 0
1388129379.214459091 -0.85625 -1.78579 0 -110.271 0 0  0 -0.488382 0
1388129379.314430829 -0.85625 -1.78579 0 -111.471 0 0  0 -0.2095 0
1388129379.414455650 -0.85625 -1.78579 0 -112.749 0 0  0 -0.222998 0
1388129379.514432650 -0.85625 -1.78579 0 -113.734 0 0  0 -0.171955 0
1388129379.614435468 -0.85625 -1.78579 0 -114.166 0 0  0 -0.075396 0
1388129379.714427903 -0.85625 -1.78579 0 -114.122 0 0  0 0.00768114 0
1388129379.814447548 -0.85625 -1.78579 0 -114.291 0 0  0 -0.0294914 0
1388129379.914428865 -0.85625 -1.78579 0 -114.677 0 0  0 -0.0673812 0
1388129380.014424736 -0.85625 -1.78579 0 -114.705 0 0  0 -0.0048871 0
1388129380.114427963 -0.85625 -1.78579 0 -114.389 0 0  0 0.0551496 0
1388129380.214448386 -0.85625 -1.78579 0 -114.078 0 0  0 0.0542695 0
1388129380.314451872 -0.85625 -1.78579 0 -114.129 0 0  0 -0.00890131 0
1388129380.414413405 -0.85625 -1.78579 0 -114.397 0 0  0 -0.0467924 0
1388129380.514409951 -0.85625 -1.78579 0 -115.173 0 0  0 -0.135442 0
1388129380.614430974 -0.85625 -1.78579 0 -116.186 0 0  0 -0.176765 0
1388129380.714454616 -0.85625 -1.78579 0 -117.901 0 0  0 -0.299254 0
1388129380.814429933 -0.85625 -1.78579 0 -119.235 0 0  0 -0.232884 0
1388129380.914427933 -0.85625 -1.78579 0 -121.363 0 0  0 -0.371413 0
1388129381.014431263 -0.85625 -1.78579 0 -122.67 0 0  0 -0.228107 0
1388129381.114430637 -0.85625 -1.78579 0 -124.349 0 0  0 -0.293043 0
1388129381.214432354 -0.85625 -1.78579 0 -126.412 0 0  0 -0.360055 0
1388129381.314446407 -0.85625 -1.78579 0 -128.956 0 0  0 -0.44395 0
1388129381.414423033 -0.85625 -1.78579 0 -132.62 0 0  0 -0.639637 0
1388129381.514426542 -0.85625 -1.78579 0 -135.142 0 0  0 -0.440157 0
1388129381.614451562 -0.85625 -1.78579 0 -140.343 0 0  0 -0.907518 0
1388129381.714429293 -0.85625 -1.78579 0 -144.844 0 0  0 -0.785748 0
1388129381.814435751 -0.85625 -1.78579 0 -145.694 0 0  0 -0.148344 0
1388129381.914510434 -0.85625 -1.78579 0 -144.672 0 0  0 0.17824 0
1388129382.014455327 -0.85625 -1.78579 0 -143.053 0 0  0 0.282724 0
1388129382.114456489 -0.85625 -1.78579 0 -141.484 0 0  0 0.273839 0
1388129382.214452816 -0.85625 -1.78579 0 -139.139 0 0  0 0.409295 0
1388129382.314427565 -0.85625 -1.78579 0 -134.403 0 0  0 0.826797 0
1388129382.414462678 -0.85625 -1.78579 0 -129.909 0 0  0 0.784076 0
1388129382.514449042 -0.85625 -1.78579 0 -124.824 0 0  0 0.887621 0
1388129382.614443735 -0.85625 -1.78579 0 -121.599 0 0  0 0.562898 0
1388129382.714418972 -0.85625 -1.78579 0 -121.456 0 0  0 0.024964 0
1388129382.814434149 -0.85625 -1.78579 0 -124.91 0 0  0 -0.602744 0
1388129382.914428450 -0.85625 -1.78579 0 -129.535 0 0  0 -0.807261 0
1388129383.014433826 -0.85625 -1.78579 0 -133.886 0 0  0 -0.759352 0
1388129383.114433333 -0.85625 -1.78579 0 -137.978 0 0  0 -0.714193 0
1388129383.214416326 -0.85625 -1.78579 0 -140.81 0 0  0 -0.494361 0
1388129383.314429323 -0.85625 -1.78579 0 -143.187 0 0  0 -0.414811 0
1388129383.414417941 -0.85625 -1.78579 0 -144.452 0 0  0 -0.220809 0
1388129383.514432434 -0.85625 -1.78579 0 -144.355 0 0  0 0.0169273 0
1388129383.614419235 -0.85625 -1.78579 0 -144.354 0 0  0 0.00017446 0
1388129383.714429400 -0.85625 -1.78579 0 -144.336 0 0  0 0.00314088 0
1388129383.814443348 -0.85625 -1.78579 0 -144.318 0 0  0 0.00314076 0
1388129383.914422541 -0.85625 -1.78579 0 -144.301 0 0  0 0.00296871 0
1388129384.014436989 -0.85625 -1.78579 0 -144.291 0 0  0 0.00174412 0
1388129384.114457582 -0.85625 -1.78579 0 -144.278 0 0  0 0.00226855 0
1388129384.214431657 -0.85625 -1.78579 0 -144.265 0 0  0 0.0022696 0
1388129384.314454656 -0.85625 -1.78579 0 -144.254 0 0  0 0.0019197 0
1388129384.414453686 -0.85625 -1.78579 0 -144.244 0 0  0 0.00174572 0
1388129384.514419451 -0.85625 -1.78579 0 -144.234 0 0  0 0.00174497 0
1388129384.614422441 -0.85625 -1.78579 0 -144.225 0 0  0 0.00157122 0
1388129384.714418783 -0.85625 -1.78579 0 -144.216 0 0  0 0.00157132 0
1388129384.814427674 -0.85625 -1.78579 0 -144.209 0 0  0 0.00122095 0
1388129384.914428677 -0.85625 -1.78579 0 -144.207 0 0  0 0.000348871 0
1388129385.014453976 -0.85625 -1.78579 0 -144.198 0 0  0 0.00157087 0
1388129385.114445782 -0.85625 -1.78579 0 -144.19 0 0  0 0.00139694 0
1388129385.214431204 -0.85625 -1.78579 0 -144.184 0 0  0 0.00104677 0
1388129385.414420574 -0.85625 -1.78579 0 -144.175 0 0  0 0.000785674 0
1388129385.514431760 -0.85625 -1.78579 0 -144.168 0 0  0 0.00122092 0
1388129385.614436079 -0.85625 -1.78579 0 -144.154 0 0  0 0.00244334 0
1388129385.714438342 -0.85625 -1.78579 0 -144.148 0 0  0 0.00104793 0
1388129385.814429113 -0.85625 -1.78579 0 -144.137 0 0  0 0.00191898 0
1388129385.914456881 -0.85625 -1.78579 0 -144.135 0 0  0 0.000350108 0
1388129386.014423239 -0.85625 -1.78579 0 -144.133 0 0  0 0.000348992 0
1388129386.114438385 -0.85625 -1.78579 0 -144.121 0 0  0 0.00209426 0
1388129386.214438953 -0.85625 -1.78579 0 -144.119 0 0  0 0.000348872 0
1388129386.314425952 -0.85625 -1.78579 0 -144.112 0 0  0 0.00122122 0
1388129386.414429503 -0.85625 -1.78579 0 -144.106 0 0  0 0.00104792 0
1388129386.514432544 -0.85625 -1.78579 0 -144.098 0 0  0 0.00139545 0
1388129386.614425028 -0.85625 -1.78579 0 -144.099 0 0  0 -0.00017445 0
1388129386.714460011 -0.85625 -1.78579 0 -144.092 0 0  0 0.00122196 0
1388129386.814429697 -0.85625 -1.78579 0 -144.085 0 0  0 0.00122143 0
1388129386.914437149 -0.85625 -1.78579 0 -144.079 0 0  0 0.00104788 0
1388129387.014436323 -0.85625 -1.78579 0 -144.071 0 0  0 0.00139551 0
1388129387.114430014 -0.85625 -1.78579 0 -144.067 0 0  0 0.000697792 0
1388129387.214432367 -0.85625 -1.78579 0 -144.062 0 0  0 0.000873496 0
1388129387.314412798 -0.85625 -1.78579 0 -144.06 0 0  0 0.000348942 0
1388129387.414408491 -0.85625 -1.78579 0 -144.059 0 0  0 0.000174445 0
1388129387.514422367 -0.85625 -1.78579 0 -144.052 0 0  0 0.00122222 0
1388129387.614436265 -0.85625 -1.78579 0 -144.04 0 0  0 0.00209295 0
1388129387.714430017 -0.85625 -1.78579 0 -144.032 0 0  0 0.00139692 0
1388129387.914431792 -0.85625 -1.78579 0 -144.027 0 0  0 0.000436089 0
1388129388.014434189 -0.85625 -1.78579 0 -144.025 0 0  0 0.000348866 0
1388129388.114435806 -0.85625 -1.78579 0 -144.012 0 0  0 0.00226898 0
1388129388.214437356 -0.85625 -1.78579 0 -144.003 0 0  0 0.00157124 0
1388129388.314430275 -0.85625 -1.78579 0 -143.998 0 0  0 0.000872247 0
1388129388.414436807 -0.85625 -1.78579 0 -143.991 0 0  0 0.00122231 0
1388129388.514432147 -0.85625 -1.78579 0 -143.986 0 0  0 0.000872226 0
1388129388.714415813 -0.85625 -1.78579 0 -143.978 0 0  0 0.000698471 0
1388129388.814435520 -0.85625 -1.78579 0 -143.968 0 0  0 0.00174536 0
1388129388.914421437 -0.85625 -1.78579 0 -143.964 0 0  0 0.000697846 0
1388129389.014419410 -0.85625 -1.78579 0 -143.962 0 0  0 0.000348881 0
1388129389.114430717 -0.85625 -1.78579 0 -143.956 0 0  0 0.0010465 0
1388129389.214431572 -0.85625 -1.78579 0 -143.95 0 0  0 0.00104794 0
1388129389.414430411 -0.85625 -1.78579 0 -143.945 0 0  0 0.000436095 0
1388129389.514423558 -0.85625 -1.78579 0 -143.936 0 0  0 0.00157137 0
1388129389.614423035 -0.85625 -1.78579 0 -143.93 0 0  0 0.00104663 0
1388129389.814430088 -0.85625 -1.78579 0 -143.925 0 0  0 0.000436743 0
1388129389.914418180 -0.85625 -1.78579 0 -143.92 0 0  0 0.000872289 0
1388129390.014434526 -0.85625 -1.78579 0 -143.917 0 0  0 0.000523226 0
1388129390.114433442 -0.85625 -1.78579 0 -143.912 0 0  0 0.000873526 0
1388129390.214431428 -0.85625 -1.78579 0 -143.91 0 0  0 0.000348881 0
1388129390.614436988 -0.85625 -1.78579 0 -143.894 0 0  0 0.000698071 0
1388129391.114424334 -0.85625 -1.78579 0 -143.868 0 0  0 0.000907628 0
1388129391.814431518 -0.85625 -1.78579 0 -144.118 0 0  0 -0.00623325 0
1388129392.814436487 -0.85625 -1.78579 0 -130.739 0 0  0 0.233506 0
1388129393.214426664 -0.85625 -1.78579 0 175.162 0 0  0 13.3478 0
1388129396.314456448 -0.85625 -1.78579 0 157.395 0 0  0 -0.100029 0
1388129396.414422583 -0.85625 -1.78579 0 157.426 0 0  0 0.00541338 0
1388129396.514420594 -0.85625 -1.78579 0 157.427 0 0  0 0.000175772 0
1388129396.614439892 -0.85625 -1.78579 0 157.499 0 0  0 0.0125624 0
1388129396.714431279 -0.85625 -1.78579 0 157.525 0 0  0 0.00453842 0
1388129396.814457323 -0.85625 -1.78579 0 157.337 0 0  0 -0.0328043 0
1388129397.014433692 -0.85625 -1.78579 0 157.256 0 0  0 -0.00706886 0
1388129530.814463167 -0.85625 -1.78579 0 -24.518 0 0  0 -0.0237112 0
1388129530.914440891 -0.85625 -1.78579 0 -24.518 0 0  0 0 0
1388129531.014441270 -0.85625 -1.78579 0 -24.518 0 0  0 0 0
1388129531.114444019 -0.85625 -1.78579 0 -24.518 0 0  0 0 0
1388129531.214413462 -0.85625 -1.78579 0 -24.518 0 0  0 0 0
1388129531.314426608 -0.85625 -1.78579 0 -24.518 0 0  0 0 0
1388129531.414433102 -0.85625 -1.78579 0 -10.262 0 0  0 2.48798 2
1388129531.514437033 -0.85625 -1.78579 0 -6.877 0 0  0 0.590771 2
1388129531.614444621 -0.85625 -1.78579 0 -5.521 0 0  0 0.236649 2
1388129531.714444817 -0.85625 -1.78579 0 -7.252 0 0  0 -0.302116 2
1388129531.814450578 -0.85625 -1.78579 0 -9.198 0 0  0 -0.339622 2
1388129531.914444015 -0.85625 -1.78579 0 -11.211 0 0  0 -0.351358 2
1388129532.014440269 -0.85625 -1.78579 0 -12.527 0 0  0 -0.229694 2
1388129532.114454175 -0.85625 -1.78579 0 -13.136 0 0  0 -0.106276 2
1388129532.214429523 -0.85625 -1.78579 0 -13.063 0 0  0 0.012744 2
1388129532.314436495 -0.85625 -1.78579 0 -12.675 0 0  0 0.0677141 2
1388129532.414432247 -0.85625 -1.78579 0 -12.441 0 0  0 0.0408423 2
1388129532.514440662 -0.85625 -1.78579 0 -12.644 0 0  0 -0.0354272 2
1388129532.614436069 -0.85625 -1.78579 0 -12.636 0 0  0 0.00139639 2
1388129532.714455652 -0.85625 -1.78579 0 -12.659 0 0  0 -0.00401343 2
1388129532.814430693 -0.85625 -1.78579 0 -12.719 0 0  0 -0.0104747 2
1388129532.914426801 -0.85625 -1.78579 0 -12.687 0 0  0 0.00558537 2
1388129533.014439789 -0.85625 -1.78579 0 -12.655 0 0  0 0.00558426 2
1388129533.114457869 -0.85625 -1.78579 0 -12.646 0 0  0 0.00157048 2
1388129533.214449992 -0.85625 -1.78579 0 -12.659 0 0  0 -0.00226903 2
1388129533.314431675 -0.85625 -1.78579 0 -12.65 0 0  0 0.00157105 2
1388129533.414438097 -0.85625 -1.78579 0 -12.654 0 0  0 -0.000698036 2
1388129533.514440598 -0.85625 -1.78579 0 -12.659 0 0  0 -0.000872663 2
1388129533.614431192 -0.85625 -1.78579 0 -12.669 0 0  0 -0.00174553 2
1388129533.714436003 -0.85625 -1.78579 0 -12.671 0 0  0 -0.000349024 2
1388129533.814434068 -0.85625 -1.78579 0 -12.682 0 0  0 -0.00191984 2
1388129533.914444617 -0.85625 -1.78579 0 -12.686 0 0  0 -0.000698174 2
1388129534.014434757 -0.85625 -1.78579 0 -12.698 0 0  0 -0.00209462 2
1388129534.114421140 -0.85625 -1.78579 0 -12.701 0 0  0 -0.000523549 2
1388129534.214445407 -0.85625 -1.78579 0 -12.709 0 0  0 -0.00139599 2
1388129534.314434651 -0.85625 -1.78579 0 -12.714 0 0  0 -0.000872778 2
1388129534.414461113 -0.85625 -1.78579 0 -12.729 0 0  0 -0.00261736 2
1388129534.514438630 -0.85625 -1.78579 0 -12.735 0 0  0 -0.00104736 2
1388129534.614445592 -0.85625 -1.78579 0 -12.746 0 0  0 -0.00191967 2
1388129534.714435228 -0.85625 -1.78579 0 -12.751 0 0  0 -0.000872775 2
1388129534.814441902 -0.85625 -1.78579 0 -12.755 0 0  0 -0.000698201 2
1388129534.914445040 -0.85625 -1.78579 0 -12.76 0 0  0 -0.000872491 2
1388129535.014434411 -0.85625 -1.78579 0 -12.766 0 0  0 -0.0010474 2
1388129535.114435120 -0.85625 -1.78579 0 -12.775 0 0  0 -0.00157075 2
1388129535.214431779 -0.85625 -1.78579 0 -12.781 0 0  0 -0.00104716 2
1388129535.314431559 -0.85625 -1.78579 0 -12.789 0 0  0 -0.00139633 2
1388129535.414429650 -0.85625 -1.78579 0 -12.801 0 0  0 -0.00209445 2
1388129535.514433212 -0.85625 -1.78579 0 -12.809 0 0  0 -0.00139628 2
1388129535.614439383 -0.85625 -1.78579 0 -12.814 0 0  0 -0.000872464 2
1388129535.714441409 -0.85625 -1.78579 0 -12.82 0 0  0 -0.00104727 2
1388129535.814441474 -0.85625 -1.78579 0 -12.829 0 0  0 -0.00157076 2
1388129535.914442239 -0.85625 -1.78579 0 -12.834 0 0  0 -0.000872678 2
1388129536.014442550 -0.85625 -1.78579 0 -12.839 0 0  0 -0.000872682 2
1388129536.214431352 -0.85625 -1.78579 0 -12.849 0 0  0 -0.000872733 2
1388129536.314448593 -0.85625 -1.78579 0 -12.857 0 0  0 -0.00139592 2
1388129536.414430275 -0.85625 -1.78579 0 -12.866 0 0  0 -0.00157105 2
1388129536.814444202 -0.85625 -1.78579 0 -12.889 0 0  0 -0.00100356 2
1388129537.114426050 -0.85625 -1.78579 0 -12.908 0 0  0 -0.00110545 2
1388129538.614469322 -0.85625 -1.78579 0 -13.027 0 0  0 -0.00138458 2
1388129538.714465193 -0.85625 -1.78579 0 -13.035 0 0  0 -0.00139639 2
1388129538.814461815 -0.85625 -1.78579 0 -13.041 0 0  0 -0.00104716 2
1388129538.914437581 -0.85625 -1.78579 0 -13.046 0 0  0 -0.000872896 2
1388129539.014439305 -0.85625 -1.78579 0 -13.055 0 0  0 -0.00157074 2
1388129539.114431367 -0.85625 -1.78579 0 -13.062 0 0  0 -0.00122182 2
1388129539.214453694 -0.85625 -1.78579 0 -13.071 0 0  0 -0.00157058 2
1388129539.314449858 -0.85625 -1.78579 0 -13.077 0 0  0 -0.00104716 2
1388129539.414431479 -0.85625 -1.78579 0 -13.085 0 0  0 -0.00139659 2
1388129539.514434252 -0.85625 -1.78579 0 -13.091 0 0  0 -0.00104709 2
1388129539.614456835 -0.85625 -1.78579 0 -13.098 0 0  0 -0.00122145 2
1388129539.714422325 -0.85625 -1.78579 0 -13.105 0 0  0 -0.00122215 2
1388129539.814414292 -0.85625 -1.78579 0 -13.115 0 0  0 -0.00174551 2
1388129539.914458148 -0.85625 -1.78579 0 -13.119 0 0  0 -0.000697775 2
1388129540.014430941 -0.85625 -1.78579 0 -13.131 0 0  0 -0.00209498 2
1388129540.114432450 -0.85625 -1.78579 0 -13.136 0 0  0 -0.000872671 2
1388129540.214447420 -0.85625 -1.78579 0 -13.141 0 0  0 -0.000872554 2
1388129540.314459935 -0.85625 -1.78579 0 -13.151 0 0  0 -0.00174515 2
1388129540.414427548 -0.85625 -1.78579 0 -13.153 0 0  0 -0.000349154 2
1388129540.514436640 -0.85625 -1.78579 0 -13.163 0 0  0 -0.00174521 2
1388129540.614427302 -0.85625 -1.78579 0 -13.168 0 0  0 -0.0008726 2
1388129540.714430389 -0.85625 -1.78579 0 -13.181 0 0  0 -0.00226894 2
1388129540.814441584 -0.85625 -1.78579 0 -13.192 0 0  0 -0.00191959 2
1388129540.914475917 -0.85625 -1.78579 0 -13.202 0 0  0 -0.00174477 2
1388129541.014444496 -0.85625 -1.78579 0 -13.208 0 0  0 -0.00104745 2
1388129541.114423544 -0.85625 -1.78579 0 -13.214 0 0  0 -0.00104751 2
1388129541.214457505 -0.85625 -1.78579 0 -13.22 0 0  0 -0.00104677 2
1388129541.314429221 -0.85625 -1.78579 0 -13.227 0 0  0 -0.00122207 2
1388129541.414429231 -0.85625 -1.78579 0 -13.239 0 0  0 -0.00209441 2
1388129541.514419822 -0.85625 -1.78579 0 -13.245 0 0  0 -0.00104739 2
1388129541.614427174 -0.85625 -1.78579 0 -13.254 0 0  0 -0.00157065 2
1388129541.714422558 -0.85625 -1.78579 0 -13.261 0 0  0 -0.00122178 2
1388129541.814449556 -0.85625 -1.78579 0 -13.264 0 0  0 -0.000523503 2
1388129541.914440331 -0.85625 -1.78579 0 -13.279 0 0  0 -0.00261813 2
1388129542.014439366 -0.85625 -1.78579 0 -13.285 0 0  0 -0.0010473 2
1388129542.114482153 -0.85625 -1.78579 0 -13.293 0 0  0 -0.00139557 2
1388129542.214443345 -0.85625 -1.78579 0 -13.302 0 0  0 -0.00157154 2
1388129542.314420003 -0.85625 -1.78579 0 -13.309 0 0  0 -0.00122201 2
1388129542.414464674 -0.85625 -1.78579 0 -13.318 0 0  0 -0.00157006 2
1388129542.514429685 -0.85625 -1.78579 0 -13.326 0 0  0 -0.00139665 2
1388129542.614426654 -0.85625 -1.78579 0 -13.334 0 0  0 -0.00139637 2
1388129542.714421629 -0.85625 -1.78579 0 -13.34 0 0  0 -0.00104717 2
1388129542.814429846 -0.85625 -1.78579 0 -13.353 0 0  0 -0.00226883 2
1388129542.914433781 -0.85625 -1.78579 0 -13.36 0 0  0 -0.00122168 2
1388129543.014429666 -0.85625 -1.78579 0 -13.367 0 0  0 -0.00122178 2
1388129543.114414529 -0.85625 -1.78579 0 -13.374 0 0  0 -0.00122191 2
1388129543.214423905 -0.85625 -1.78579 0 -13.381 0 0  0 -0.00122161 2
1388129543.314424231 -0.85625 -1.78579 0 -13.393 0 0  0 -0.0020944 2
1388129543.414418281 -0.85625 -1.78579 0 -13.399 0 0  0 -0.00104718 2
1388129543.514423651 -0.85625 -1.78579 0 -13.407 0 0  0 -0.00139625 2
1388129543.614430226 -0.85625 -1.78579 0 -13.417 0 0  0 -0.00174525 2
1388129543.714504141 -0.85625 -1.78579 0 -13.423 0 0  0 -0.00104635 2
1388129543.814452200 -0.85625 -1.78579 0 -13.435 0 0  0 -0.0020955 2
1388129543.914425839 -0.85625 -1.78579 0 -13.443 0 0  0 -0.0013967 2
1388129544.014415170 -0.85625 -1.78579 0 -13.449 0 0  0 -0.00104723 2
1388129544.114491126 -0.85625 -1.78579 0 -13.459 0 0  0 -0.00174404 2
1388129544.214439096 -0.85625 -1.78579 0 -13.469 0 0  0 -0.00174628 2
1388129544.314512038 -0.85625 -1.78579 0 -13.478 0 0  0 -0.00156962 2
1388129544.414423336 -0.85625 -1.78579 0 -13.485 0 0  0 -0.00122281 2
1388129544.514425887 -0.85625 -1.78579 0 -13.492 0 0  0 -0.00122169 2
1388129544.614418916 -0.85625 -1.78579 0 -13.498 0 0  0 -0.00104719 2
1388129544.714426971 -0.85625 -1.78579 0 -13.51 0 0  0 -0.00209424 2
1388129544.814427383 -0.85625 -1.78579 0 -13.514 0 0  0 -0.000698245 2
1388129544.914435822 -0.85625 -1.78579 0 -13.52 0 0  0 -0.00104703 2
1388129545.014459242 -0.85625 -1.78579 0 -13.526 0 0  0 -0.00104704 2
1388129545.114430032 -0.85625 -1.78579 0 -13.533 0 0  0 -0.00122208 2
1388129545.214429610 -0.85625 -1.78579 0 -13.541 0 0  0 -0.00139617 2
1388129545.314428310 -0.85625 -1.78579 0 -13.55 0 0  0 -0.00157079 2
1388129545.414418674 -0.85625 -1.78579 0 -13.555 0 0  0 -0.000872769 2
1388129545.514427604 -0.85625 -1.78579 0 -13.564 0 0  0 -0.00157063 2
1388129545.614417491 -0.85625 -1.78579 0 -13.573 0 0  0 -0.00157109 2
1388129545.714457156 -0.85625 -1.78579 0 -13.579 0 0  0 -0.00104671 2
1388129545.814379736 -0.85625 -1.78579 0 -13.588 0 0  0 -0.00157198 2
1388129545.914468563 -0.85625 -1.78579 0 -13.594 0 0  0 -0.00104636 2
1388129546.014435639 -0.85625 -1.78579 0 -13.601 0 0  0 -0.00122213 2
1388129546.114430644 -0.85625 -1.78579 0 -13.606 0 0  0 -0.000872728 2
1388129546.214455325 -0.85625 -1.78579 0 -13.612 0 0  0 -0.00104686 2
1388129546.314431864 -0.85625 -1.78579 0 -13.619 0 0  0 -0.00122201 2
1388129546.414425220 -0.85625 -1.78579 0 -13.624 0 0  0 -0.000872743 2
1388129546.514461788 -0.85625 -1.78579 0 -13.636 0 0  0 -0.00209364 2
1388129546.614439681 -0.85625 -1.78579 0 -13.647 0 0  0 -0.00192023 2
1388129546.714440403 -0.85625 -1.78579 0 -13.653 0 0  0 -0.00104728 2
1388129546.814434996 -0.85625 -1.78579 0 -13.663 0 0  0 -0.00174546 2
1388129546.914445590 -0.85625 -1.78579 0 -13.667 0 0  0 -0.000698007 2
1388129547.014434269 -0.85625 -1.78579 0 -13.674 0 0  0 -0.00122186 2
1388129547.114427197 -0.85625 -1.78579 0 -13.678 0 0  0 -0.00069813 2
1388129547.214432845 -0.85625 -1.78579 0 -13.688 0 0  0 -0.00174527 2
1388129547.414437690 -0.85625 -1.78579 0 -13.699 0 0  0 -0.00095988 2
1388129547.514458913 -0.85625 -1.78579 0 -13.712 0 0  0 -0.00226853 2
1388129547.614426489 -0.85625 -1.78579 0 -13.726 0 0  0 -0.00244424 2
1388129547.714432637 -0.85625 -1.78579 0 -13.731 0 0  0 -0.000872631 2
1388129547.814426777 -0.85625 -1.78579 0 -13.738 0 0  0 -0.0012218 2
1388129547.914465026 -0.85625 -1.78579 0 -13.75 0 0  0 -0.00209361 2
1388129548.014428667 -0.85625 -1.78579 0 -13.757 0 0  0 -0.00122217 2
1388129548.114426437 -0.85625 -1.78579 0 -13.762 0 0  0 -0.000872704 2
1388129548.214427553 -0.85625 -1.78579 0 -13.771 0 0  0 -0.00157075 2
1388129548.314413527 -0.85625 -1.78579 0 -13.777 0 0  0 -0.00104727 2
1388129548.414453817 -0.85625 -1.78579 0 -13.777 0 0  0 0 2
1388129548.614429355 -0.85625 -1.78579 0 -13.795 0 0  0 -0.00157104 2
1388129548.814447430 -0.85625 -1.78579 0 -13.813 0 0  0 -0.00157062 2
1388129549.114429352 -0.85625 -1.78579 0 -13.832 0 0  0 -0.00110544 2
1388129549.314452809 -0.85625 -1.78579 0 -13.853 0 0  0 -0.00183237 2
1388129549.614433524 -0.85625 -1.78579 0 -13.874 0 0  0 -0.0012218 2
1388129550.014437064 -0.85625 -1.78579 0 -13.908 0 0  0 -0.00148353 2
1388129550.214415819 -0.85625 -1.78579 0 -13.918 0 0  0 -0.000872694 2
1388129550.414455806 -0.85625 -1.78579 0 -13.933 0 0  0 -0.00130877 2
1388129550.514418589 -0.85625 -1.78579 0 -13.944 0 0  0 -0.00192052 2
1388129550.714421288 -0.85625 -1.78579 0 -13.956 0 0  0 -0.00104719 2
1388129550.814421920 -0.85625 -1.78579 0 -13.969 0 0  0 -0.002269 2
1388129550.914427651 -0.85625 -1.78579 0 -13.976 0 0  0 -0.00122166 2
1388129551.014432370 -0.85625 -1.78579 0 -13.984 0 0  0 -0.0013961 2
1388129551.114428896 -0.85625 -1.78579 0 -13.993 0 0  0 -0.00157099 2
1388129551.214457178 -0.85625 -1.78579 0 -14.004 0 0  0 -0.00191926 2
1388129551.314449769 -0.85625 -1.78579 0 -14.008 0 0  0 -0.000698133 2
1388129551.414433123 -0.85625 -1.78579 0 -14.014 0 0  0 -0.00104746 2
1388129551.514426111 -0.85625 -1.78579 0 -14.027 0 0  0 -0.00226901 2
1388129551.614458607 -0.85625 -1.78579 0 -14.039 0 0  0 -0.00209373 2
1388129551.714449546 -0.85625 -1.78579 0 -14.048 0 0  0 -0.00157091 2
1388129551.814445302 -0.85625 -1.78579 0 -14.053 0 0  0 -0.000872722 2
1388129551.914435374 -0.85625 -1.78579 0 -14.06 0 0  0 -0.00122185 2
1388129552.014424775 -0.85625 -1.78579 0 -14.068 0 0  0 -0.00139648 2
1388129552.114437931 -0.85625 -1.78579 0 -14.075 0 0  0 -0.00122156 2
1388129552.214488959 -0.85625 -1.78579 0 -14.081 0 0  0 -0.00104659 2
1388129552.314433750 -0.85625 -1.78579 0 -14.087 0 0  0 -0.00104787 2
1388129552.414466976 -0.85625 -1.78579 0 -14.092 0 0  0 -0.000872395 2
1388129552.514448875 -0.85625 -1.78579 0 -14.101 0 0  0 -0.00157105 2
1388129552.614430279 -0.85625 -1.78579 0 -14.104 0 0  0 -0.000523741 2
1388129552.714416951 -0.85625 -1.78579 0 -14.111 0 0  0 -0.00122189 2
1388129553.014427596 -0.85625 -1.78579 0 -14.137 0 0  0 -0.00151257 2
1388129553.114427595 -0.85625 -1.78579 0 -14.145 0 0  0 -0.00139616 2
1388129553.214430120 -0.85625 -1.78579 0 -14.153 0 0  0 -0.00139629 2
1388129553.314443105 -0.85625 -1.78579 0 -14.159 0 0  0 -0.00104699 2
1388129553.414438078 -0.85625 -1.78579 0 -14.167 0 0  0 -0.0013964 2
1388129553.514435124 -0.85625 -1.78579 0 -14.171 0 0  0 -0.000698102 2
1388129553.614442139 -0.85625 -1.78579 0 -14.176 0 0  0 -0.000872623 2
1388129553.714433522 -0.85625 -1.78579 0 -14.184 0 0  0 -0.00139645 2
1388129553.914451714 -0.85625 -1.78579 0 -14.205 0 0  0 -0.00183242 2
1388129554.114423426 -0.85625 -1.78579 0 -14.219 0 0  0 -0.0012219 2
1388129554.414426398 -0.85625 -1.78579 0 -14.24 0 0  0 -0.00122171 2
1388129554.814424829 -0.85625 -1.78579 0 -14.27 0 0  0 -0.00130899 2
1388129566.315472972 -0.85625 -1.78579 0 -15.192 0 0  0 -0.00139917 2
1388129566.414434996 -0.85625 -1.78579 0 -15.201 0 0  0 -0.00158724 2
1388129566.514434798 -0.85625 -1.78579 0 -15.207 0 0  0 -0.00104729 2
1388129566.614420885 -0.85625 -1.78579 0 -15.218 0 0  0 -0.00192007 2
1388129566.714418716 -0.85625 -1.78579 0 -15.226 0 0  0 -0.00139636 2
1388129566.814457160 -0.85625 -1.78579 0 -15.233 0 0  0 -0.00122126 2
1388129566.914419103 -0.85625 -1.78579 0 -15.237 0 0  0 -0.000698347 2
1388129567.014417340 -0.85625 -1.78579 0 -15.246 0 0  0 -0.00157079 2
1388129567.114422941 -0.85625 -1.78579 0 -15.253 0 0  0 -0.00122166 2
1388129567.214427213 -0.85625 -1.78579 0 -15.266 0 0  0 -0.00226892 2
1388129567.314456971 -0.85625 -1.78579 0 -15.274 0 0  0 -0.00139575 2
1388129567.414455625 -0.85625 -1.78579 0 -15.284 0 0  0 -0.00174539 2
1388129567.514438208 -0.85625 -1.78579 0 -15.287 0 0  0 -0.000523735 2
1388129567.614425008 -0.85625 -1.78579 0 -15.295 0 0  0 -0.00139651 2
1388129567.714425108 -0.85625 -1.78579 0 -15.301 0 0  0 -0.00104712 2
1388129567.814428860 -0.85625 -1.78579 0 -15.307 0 0  0 -0.00104708 2
1388129567.914456452 -0.85625 -1.78579 0 -15.317 0 0  0 -0.00174489 2
1388129568.014437543 -0.85625 -1.78579 0 -15.325 0 0  0 -0.00139659 2
1388129568.114455291 -0.85625 -1.78579 0 -15.333 0 0  0 -0.00139591 2
1388129568.214448148 -0.85625 -1.78579 0 -15.34 0 0  0 -0.00122181 2
1388129568.314429321 -0.85625 -1.78579 0 -15.345 0 0  0 -0.000872849 2
1388129568.414426807 -0.85625 -1.78579 0 -15.354 0 0  0 -0.00157097 2
1388129568.514455811 -0.85625 -1.78579 0 -15.364 0 0  0 -0.0017447 2
1388129568.614445184 -0.85625 -1.78579 0 -15.373 0 0  0 -0.00157093 2
1388129568.714413949 -0.85625 -1.78579 0 -15.38 0 0  0 -0.00122227 2
1388129568.814419863 -0.85625 -1.78579 0 -15.385 0 0  0 -0.000872467 2
1388129568.914426485 -0.85625 -1.78579 0 -15.397 0 0  0 -0.00209427 2
1388129569.014410546 -0.85625 -1.78579 0 -15.407 0 0  0 -0.00174565 2
1388129569.114416353 -0.85625 -1.78579 0 -15.415 0 0  0 -0.00139625 2
1388129569.314423737 -0.85625 -1.78579 0 -15.433 0 0  0 -0.00157071 2
1388129569.514449614 -0.85625 -1.78579 0 -15.448 0 0  0 -0.00130886 2
1388129569.614423430 -0.85625 -1.78579 0 -15.458 0 0  0 -0.00174566 2
1388129569.814427399 -0.85625 -1.78579 0 -15.468 0 0  0 -0.000872667 2
1388129570.014424656 -0.85625 -1.78579 0 -15.483 0 0  0 -0.00130904 2
1388129570.114438053 -0.85625 -1.78579 0 -15.49 0 0  0 -0.00122156 2
1388129570.314428116 -0.85625 -1.78579 0 -15.507 0 0  0 -0.00148362 2
1388129571.114416046 -0.85625 -1.78579 0 -15.578 0 0  0 -0.00154901 2
1388129571.214427318 -0.85625 -1.78579 0 -15.582 0 0  0 -0.000698002 2
1388129571.314427068 -0.85625 -1.78579 0 -15.595 0 0  0 -0.00226885 2
1388129571.414431836 -0.85625 -1.78579 0 -15.602 0 0  0 -0.00122167 2
1388129571.514441670 -0.85625 -1.78579 0 -15.61 0 0  0 -0.00139619 2
1388129571.614431601 -0.85625 -1.78579 0 -15.616 0 0  0 -0.00104723 2
1388129571.714430853 -0.85625 -1.78579 0 -15.625 0 0  0 -0.00157094 2
1388129571.814437002 -0.85625 -1.78579 0 -15.635 0 0  0 -0.0017451 2
1388129571.914432989 -0.85625 -1.78579 0 -15.642 0 0  0 -0.00122177 2
1388129572.014438223 -0.85625 -1.78579 0 -15.651 0 0  0 -0.00157085 2
1388129572.114432868 -0.85625 -1.78579 0 -15.659 0 0  0 -0.00139624 2
1388129572.214439341 -0.85625 -1.78579 0 -15.668 0 0  0 -0.00157066 2
1388129572.314438880 -0.85625 -1.78579 0 -15.677 0 0  0 -0.00157094 2
1388129572.414439874 -0.85625 -1.78579 0 -15.686 0 0  0 -0.00157075 2
1388129572.514437617 -0.85625 -1.78579 0 -15.694 0 0  0 -0.00139619 2
1388129572.614435977 -0.85625 -1.78579 0 -15.703 0 0  0 -0.00157096 2
1388129572.714436883 -0.85625 -1.78579 0 -15.71 0 0  0 -0.00122171 2
1388129572.814434454 -0.85625 -1.78579 0 -15.718 0 0  0 -0.0013962 2
1388129572.914449716 -0.85625 -1.78579 0 -15.726 0 0  0 -0.00139612 2
1388129573.014439479 -0.85625 -1.78579 0 -15.735 0 0  0 -0.00157093 2
1388129573.114427854 -0.85625 -1.78579 0 -15.741 0 0  0 -0.00104724 2
1388129573.214442366 -0.85625 -1.78579 0 -15.748 0 0  0 -0.00122155 2
1388129573.314443762 -0.85625 -1.78579 0 -15.756 0 0  0 -0.00139631 2
1388129573.414438264 -0.85625 -1.78579 0 -15.767 0 0  0 -0.00191991 2
1388129573.514443230 -0.85625 -1.78579 0 -15.773 0 0  0 -0.00104724 2
1388129573.614436325 -0.85625 -1.78579 0 -15.782 0 0  0 -0.00157087 2
1388129573.714436822 -0.85625 -1.78579 0 -15.792 0 0  0 -0.00174536 2
1388129573.814437485 -0.85625 -1.78579 0 -15.804 0 0  0 -0.0020944 2
1388129573.914441835 -0.85625 -1.78579 0 -15.81 0 0  0 -0.00104708 2
1388129574.014430420 -0.85625 -1.78579 0 -15.82 0 0  0 -0.00174557 2
1388129574.114432923 -0.85625 -1.78579 0 -15.829 0 0  0 -0.00157073 2
1388129574.214433999 -0.85625 -1.78579 0 -15.837 0 0  0 -0.00139631 2
1388129574.314423036 -0.85625 -1.78579 0 -15.845 0 0  0 -0.00139632 2
1388129574.414446601 -0.85625 -1.78579 0 -15.852 0 0  0 -0.00122144 2
1388129574.514446097 -0.85625 -1.78579 0 -15.857 0 0  0 -0.000872689 2
1388129574.614453834 -0.85625 -1.78579 0 -15.864 0 0  0 -0.00122163 2
1388129574.714419222 -0.85625 -1.78579 0 -15.872 0 0  0 -0.00139681 2
1388129574.814418876 -0.85625 -1.78579 0 -15.881 0 0  0 -0.00157077 2
1388129575.014458249 -0.85625 -1.78579 0 -15.891 0 0  0 -0.000872513 2
1388129575.214432230 -0.85625 -1.78579 0 -15.904 0 0  0 -0.00113457 2
1388129575.314452595 -0.85625 -1.78579 0 -15.915 0 0  0 -0.00191958 2
1388129575.414417458 -0.85625 -1.78579 0 -15.928 0 0  0 -0.00226964 2
1388129575.814430597 -0.85625 -1.78579 0 -15.955 0 0  0 -0.00117808 2
1388129576.314433570 -0.85625 -1.78579 0 -15.995 0 0  0 -0.00139625 2
1388129576.514443024 -0.85625 -1.78579 0 -16.008 0 0  0 -0.00113437 2
1388129576.714434903 -0.85625 -1.78579 0 -16.021 0 0  0 -0.00113455 2
1388129576.814427358 -0.85625 -1.78579 0 -16.032 0 0  0 -0.00191995 2
1388129576.914434645 -0.85625 -1.78579 0 -16.044 0 0  0 -0.00209426 2
1388129577.014456331 -0.85625 -1.78579 0 -16.05 0 0  0 -0.00104689 2
1388129577.114447853 -0.85625 -1.78579 0 -16.061 0 0  0 -0.00192014 2
1388129577.214443168 -0.85625 -1.78579 0 -16.068 0 0  0 -0.00122178 2
1388129577.314418526 -0.85625 -1.78579 0 -16.078 0 0  0 -0.0017458 2
1388129577.414429479 -0.85625 -1.78579 0 -16.087 0 0  0 -0.00157059 2
1388129577.514434452 -0.85625 -1.78579 0 -16.097 0 0  0 -0.00174528 2
1388129577.614432158 -0.85625 -1.78579 0 -16.104 0 0  0 -0.00122175 2
1388129577.714442169 -0.85625 -1.78579 0 -16.115 0 0  0 -0.00191961 2
1388129577.814426617 -0.85625 -1.78579 0 -16.121 0 0  0 -0.00104728 2
1388129577.914433662 -0.85625 -1.78579 0 -16.129 0 0  0 -0.00139623 2
1388129578.014442583 -0.85625 -1.78579 0 -16.137 0 0  0 -0.0013962 2
1388129578.114424060 -0.85625 -1.78579 0 -16.147 0 0  0 -0.00174553 2
1388129578.214431939 -0.85625 -1.78579 0 -16.153 0 0  0 -0.00104721 2
1388129578.314428279 -0.85625 -1.78579 0 -16.162 0 0  0 -0.00157082 2
1388129578.414429493 -0.85625 -1.78579 0 -16.168 0 0  0 -0.00104711 2
1388129578.514440193 -0.85625 -1.78579 0 -16.175 0 0  0 -0.00122159 2
1388129578.614451174 -0.85625 -1.78579 0 -16.184 0 0  0 -0.00157076 2
1388129578.714415179 -0.85625 -1.78579 0 -16.192 0 0  0 -0.00139666 2
1388129578.814430499 -0.85625 -1.78579 0 -16.199 0 0  0 -0.00122154 2
1388129578.914426524 -0.85625 -1.78579 0 -16.207 0 0  0 -0.00139638 2
1388129579.014427136 -0.85625 -1.78579 0 -16.213 0 0  0 -0.00104712 2
1388129579.114422533 -0.85625 -1.78579 0 -16.223 0 0  0 -0.00174545 2
1388129579.214417576 -0.85625 -1.78579 0 -16.231 0 0  0 -0.0013964 2
1388129579.314429226 -0.85625 -1.78579 0 -16.241 0 0  0 -0.001745 2
1388129579.414419218 -0.85625 -1.78579 0 -16.246 0 0  0 -0.000872772 2
1388129579.514423974 -0.85625 -1.78579 0 -16.255 0 0  0 -0.00157086 2
1388129579.614418055 -0.85625 -1.78579 0 -16.259 0 0  0 -0.000698122 2
1388129579.814407214 -0.85625 -1.78579 0 -16.275 0 0  0 -0.00139632 2
1388129579.914412019 -0.85625 -1.78579 0 -16.276 0 0  0 -0.000174595 2
1388129580.014426236 -0.85625 -1.78579 0 -16.295 0 0  0 -0.00331566 2
1388129580.214398907 -0.85625 -1.78579 0 -16.296 0 0  0 -8.72304e-05 2
1388129580.314430800 -0.85625 -1.78579 0 -16.307 0 0  0 -0.00191919 2
1388129580.414411895 -0.85625 -1.78579 0 -16.319 0 0  0 -0.00209481 2
1388129580.614410397 -0.85625 -1.78579 0 -16.333 0 0  0 -0.00122173 2
1388129580.714407175 -0.85625 -1.78579 0 -16.338 0 0  0 -0.000872713 2
1388129580.914434335 -0.85625 -1.78579 0 -16.344 0 0  0 -0.000523573 2
1388129581.014428688 -0.85625 -1.78579 0 -16.382 0 0  0 -0.00663264 2
1388129581.214412192 -0.85625 -1.78579 0 -16.383 0 0  0 -8.72257e-05 2
1388129581.514434225 -0.85625 -1.78579 0 -16.407 0 0  0 -0.00139617 2
1388129581.714406628 -0.85625 -1.78579 0 -16.431 0 0  0 -0.0020947 2
1388129582.014464918 -0.85625 -1.78579 0 -16.453 0 0  0 -0.00127968 2
1388129582.414434029 -0.85625 -1.78579 0 -16.472 0 0  0 -0.000829098 2
1388129582.714420044 -0.85625 -1.78579 0 -16.48 0 0  0 -0.000465409 2
1388129582.814455412 -0.85625 -1.78579 0 -16.481 0 0  0 -0.000174542 2
1388129583.014420929 -0.85625 -1.78579 0 -16.485 0 0  0 -0.000349101 2
1388129583.214434024 -0.85625 -1.78579 0 -16.491 0 0  0 -0.000523527 2
1388129583.414415035 -0.85625 -1.78579 0 -16.498 0 0  0 -0.000610921 2
1388129583.614433271 -0.85625 -1.78579 0 -16.499 0 0  0 -8.72938e-05 2
1388129583.714428537 -0.85625 -1.78579 0 -16.501 0 0  0 -0.000349057 2
1388129583.814434355 -0.85625 -1.78579 0 -16.501 0 0  0 0 2
1388129584.014431375 -0.85625 -1.78579 0 -16.51 0 0  0 -0.000785395 2
1388129584.114418073 -0.85625 -1.78579 0 -16.516 0 0  0 -0.00104743 2
1388129584.214443311 -0.85625 -1.78579 0 -16.518 0 0  0 -0.000348952 2
1388129584.314457804 -0.85625 -1.78579 0 -16.519 0 0  0 -0.000174495 2
1388129584.414425512 -0.85625 -1.78579 0 -16.522 0 0  0 -0.000523813 2
1388129584.514437964 -0.85625 -1.78579 0 -16.527 0 0  0 -0.000872493 2
1388129584.614442134 -0.85625 -1.78579 0 -16.529 0 0  0 -0.000349109 2
1388129584.714411276 -0.85625 -1.78579 0 -16.532 0 0  0 -0.000523722 2
1388129584.814431902 -0.85625 -1.78579 0 -16.538 0 0  0 -0.00104699 2
1388129584.914427795 -0.85625 -1.78579 0 -16.538 0 0  0 0 2
1388129585.014428529 -0.85625 -1.78579 0 -16.539 0 0  0 -0.000174519 2
1388129585.214434543 -0.85625 -1.78579 0 -16.54 0 0  0 -8.72575e-05 2
1388129585.314436007 -0.85625 -1.78579 0 -16.55 0 0  0 -0.00174534 2
1388129585.514433198 -0.85625 -1.78579 0 -16.558 0 0  0 -0.000698133 2
1388129585.614427289 -0.85625 -1.78579 0 -16.562 0 0  0 -0.000698206 2
1388129585.714430213 -0.85625 -1.78579 0 -16.566 0 0  0 -0.000698061 2
1388129585.914431801 -0.85625 -1.78579 0 -16.57 0 0  0 -0.000349079 2
1388129586.214431893 -0.85625 -1.78579 0 -16.578 0 0  0 -0.000465415 2
1388129586.316030546 -0.85625 -1.78579 0 -16.579 0 0  0 -0.000171774 2
1388129586.514434680 -0.85625 -1.78579 0 -16.583 0 0  0 -0.00035189 2
1388129586.714421686 -0.85625 -1.78579 0 -16.585 0 0  0 -0.000174532 2
1388129586.914440096 -0.85625 -1.78579 0 -16.588 0 0  0 -0.000261798 2
1388129587.014430959 -0.85625 -1.78579 0 -16.594 0 0  0 -0.0010473 2
1388129587.214460670 -0.85625 -1.78579 0 -16.597 0 0  0 -0.000261742 2
1388129587.614440406 -0.85625 -1.78579 0 -16.608 0 0  0 -0.000479997 2
1388129587.814422066 -0.85625 -1.78579 0 -16.618 0 0  0 -0.000872723 2
1388129588.014433507 -0.85625 -1.78579 0 -16.62 0 0  0 -0.000174552 2
1388129588.314433317 -0.85625 -1.78579 0 -16.625 0 0  0 -0.000290867 2
1388129588.514430562 -0.85625 -1.78579 0 -16.63 0 0  0 -0.000436348 2
1388129588.714427719 -0.85625 -1.78579 0 -16.634 0 0  0 -0.000349087 2
1388129589.314432593 -0.85625 -1.78579 0 -16.652 0 0  0 -0.000523584 2
1388129589.514440313 -0.85625 -1.78579 0 -16.656 0 0  0 -0.000349069 2
1388129589.814450682 -0.85625 -1.78579 0 -16.665 0 0  0 -0.00052357 2
1388129590.514428210 -0.85625 -1.78579 0 -16.682 0 0  0 -0.000423884 2
1388129591.014434215 -0.85625 -1.78579 0 -16.692 0 0  0 -0.000349053 2
1388129591.414428656 -0.85625 -1.78579 0 -16.698 0 0  0 -0.000261805 2
1388129591.514433805 -0.85625 -1.78579 0 -16.702 0 0  0 -0.000698128 2
1388129591.614420290 -0.85625 -1.78579 0 -16.702 0 0  0 0 2
1388129591.714423308 -0.85625 -1.78579 0 -16.705 0 0  0 -0.000523545 2
1388129591.814436666 -0.85625 -1.78579 0 -16.706 0 0  0 -0.00017458 2
1388129591.914439008 -0.85625 -1.78579 0 -16.706 0 0  0 0 2
1388129592.014463132 -0.85625 -1.78579 0 -16.706 0 0  0 0 2
1388129592.114460928 -0.85625 -1.78579 0 -16.707 0 0  0 -0.000174524 2
1388129592.214439118 -0.85625 -1.78579 0 -16.707 0 0  0 0 2
1388129592.314438151 -0.85625 -1.78579 0 -16.708 0 0  0 -0.000174522 2
1388129592.414429163 -0.85625 -1.78579 0 -16.711 0 0  0 -0.000523608 2
1388129592.514443214 -0.85625 -1.78579 0 -16.712 0 0  0 -0.000174496 2
1388129592.714441996 -0.85625 -1.78579 0 -16.713 0 0  0 -8.73023e-05 2
1388129592.814432161 -0.85625 -1.78579 0 -16.716 0 0  0 -0.000523612 2
1388129592.914435591 -0.85625 -1.78579 0 -16.72 0 0  0 -0.00069814 2
1388129593.014434710 -0.85625 -1.78579 0 -16.721 0 0  0 -0.000174522 2
1388129593.114454812 -0.85625 -1.78579 0 -16.724 0 0  0 -0.000523456 2
1388129593.214442894 -0.85625 -1.78579 0 -16.726 0 0  0 -0.000349165 2
