11.6438 1.15351 0.78 28.7788
11.6933 1.13756 0.775867 28.8788
11.7432 1.12364 0.773399 28.9788
11.7925 1.10868 0.772055 29.0788
11.8408 1.09138 0.771465 29.1788
11.8878 1.07131 0.771378 29.2788
11.9332 1.04839 0.771624 29.3788
11.9755 1.01704 0.767501 29.4788
12.0174 0.985993 0.765043 29.5788
12.0602 0.956916 0.763707 29.6788
12.1043 0.93045 0.763126 29.7788
12.1495 0.906783 0.763049 29.8788
12.1959 0.885899 0.763309 29.9788
12.2442 0.865423 0.759793 30.0788
12.2929 0.847169 0.758179 30.1788
12.3417 0.83013 0.757844 30.2788
12.3904 0.813787 0.758355 30.3788
12.439 0.797862 0.759414 30.4788
12.4876 0.782199 0.760815 30.5788
12.536 0.766705 0.762417 30.6788
12.5843 0.751318 0.764123 30.7788
12.6325 0.735997 0.76587 30.8788
12.6806 0.720711 0.767613 30.9788
12.7286 0.705438 0.769323 31.0788
12.7766 0.690161 0.770983 31.1788
12.8245 0.674867 0.772581 31.2788
12.8723 0.659546 0.774111 31.3788
12.9201 0.64419 0.77557 31.4788
12.9679 0.628794 0.776958 31.5788
13.0156 0.613354 0.778273 31.6788
13.0632 0.597868 0.779519 31.7788
13.1109 0.582333 0.780698 31.8788
13.1585 0.566749 0.781812 31.9788
13.206 0.551114 0.782864 32.0788
13.2536 0.53543 0.783856 32.1788
13.3011 0.519697 0.784792 32.2788
13.3486 0.503915 0.785675 32.3788
13.396 0.488086 0.786506 32.4788
13.4435 0.47221 0.78729 32.5788
13.4909 0.45629 0.788028 32.6788
13.5383 0.440326 0.788722 32.7788
13.5857 0.42432 0.789376 32.8788
13.6331 0.408274 0.789992 32.9788
13.6804 0.392188 0.79057 33.0788
13.7278 0.376065 0.791115 33.1788
13.7751 0.359906 0.791626 33.2788
13.8224 0.343712 0.792107 33.3788
13.8697 0.327485 0.792558 33.4788
13.917 0.311227 0.792982 33.5788
13.9643 0.294937 0.79338 33.6788
14.0115 0.278619 0.793753 33.7788
14.0588 0.262273 0.794103 33.8788
14.106 0.2459 0.794431 33.9788
14.1533 0.229502 0.794738 34.0788
14.2005 0.213079 0.795025 34.1788
14.2477 0.196633 0.795294 34.2788
14.2949 0.180165 0.795545 34.3788
14.3421 0.163676 0.79578 34.4788
14.3893 0.147167 0.795999 34.5788
14.4365 0.130638 0.796203 34.6788
14.4837 0.114091 0.796393 34.7788
14.5309 0.0975257 0.79657 34.8788
14.5754 0.0695237 0.792133 34.9788
14.6207 0.0438605 0.78926 35.0788
14.6673 0.0217891 0.787445 35.1788
14.7152 0.00365899 0.786346 35.2788
14.7641 -0.0105877 0.785729 35.3788
14.8137 -0.0211731 0.785436 35.4788
14.8637 -0.0283623 0.785361 35.5788
