11.0252 0.595939 0.885 24.7627
11.0756 0.594665 0.882503 24.8627
11.1253 0.584801 0.879511 24.9627
11.175 0.575519 0.877232 25.0627
11.2246 0.566886 0.875441 25.1627
11.2743 0.558848 0.873984 25.2627
11.324 0.551311 0.872754 25.3627
11.3737 0.544174 0.871676 25.4627
11.4234 0.537344 0.870698 25.5627
11.4731 0.530743 0.869785 25.6627
11.5228 0.524304 0.868912 25.7627
11.5724 0.517973 0.868062 25.8627
11.6221 0.511707 0.867225 25.9627
11.6718 0.505472 0.866392 26.0627
11.7215 0.499239 0.865558 26.1627
11.7711 0.492987 0.86472 26.2627
11.8207 0.486701 0.863875 26.3627
11.8704 0.480367 0.863023 26.4627
11.92 0.473975 0.862163 26.5627
11.9696 0.46752 0.861293 26.6627
12.0192 0.460997 0.860415 26.7627
12.0687 0.454401 0.859529 26.8627
12.1183 0.447732 0.858633 26.9627
12.1679 0.440988 0.85773 27.0627
12.2174 0.43417 0.856819 27.1627
12.2669 0.427278 0.8559 27.2627
12.3164 0.420313 0.854974 27.3627
12.366 0.413277 0.854041 27.4627
12.4154 0.406172 0.853102 27.5627
12.4649 0.398999 0.852156 27.6627
12.5144 0.39176 0.851205 27.7627
12.5639 0.384459 0.850248 27.8627
12.6133 0.377097 0.849286 27.9627
12.6628 0.369675 0.84832 28.0627
12.7122 0.362198 0.847348 28.1627
12.7617 0.354666 0.846372 28.2627
12.8111 0.347083 0.845392 28.3627
12.8605 0.339449 0.844408 28.4627
12.9099 0.331768 0.84342 28.5627
12.9593 0.324041 0.842429 28.6627
13.0087 0.316271 0.841435 28.7627
13.0581 0.308459 0.840437 28.8627
13.1075 0.300606 0.839436 28.9627
13.1568 0.292716 0.838433 29.0627
13.2062 0.284789 0.837427 29.1627
13.2556 0.276828 0.836418 29.2627
13.3049 0.268833 0.835407 29.3627
13.3543 0.260806 0.834394 29.4627
13.4036 0.252749 0.833379 29.5627
13.453 0.244664 0.832362 29.6627
13.5023 0.23655 0.831343 29.7627
13.5516 0.22841 0.830322 29.8627
13.601 0.220245 0.829299 29.9627
13.6503 0.212057 0.828275 30.0627
13.6996 0.203845 0.827249 30.1627
13.7489 0.195611 0.826222 30.2627
13.7982 0.187357 0.825194 30.3627
13.8475 0.179083 0.824164 30.4627
13.8969 0.170789 0.823134 30.5627
13.9462 0.162478 0.822102 30.6627
13.9955 0.154149 0.821069 30.7627
14.0448 0.145804 0.820035 30.8627
14.0941 0.137444 0.819 30.9627
14.1433 0.129068 0.817964 31.0627
14.1926 0.120678 0.816927 31.1627
14.2419 0.112274 0.815889 31.2627
14.2912 0.103858 0.814851 31.3627
14.3405 0.0954288 0.813812 31.4627
14.3898 0.0869879 0.812772 31.5627
14.4391 0.0785358 0.811732 31.6627
14.4883 0.070073 0.810691 31.7627
14.5376 0.0615998 0.80965 31.8627
14.5869 0.0531169 0.808608 31.9627
14.6362 0.0446247 0.807565 32.0627
14.6854 0.0361235 0.806522 32.1627
14.734 0.0215775 0.803983 32.2627
14.7827 0.00788536 0.80229 32.3627
14.8319 -0.0034196 0.801171 32.4627
14.8815 -0.0117459 0.800442 32.5627
