1387952942.471414269 0 0 0 25.926 0 0  0 0.0779038 2
1387952942.571361060 0 0 0 25.928 0 0  0 0.00034906 2
1387952942.671427483 0 0 0 25.931 0 0  0 0.000523296 2
1387952942.771301570 0 0 0 25.933 0 0  0 0.000349647 2
1387952942.871424143 0 0 0 25.936 0 0  0 0.000523003 2
1387952942.971315970 0 0 0 25.939 0 0  0 0.000523878 2
1387952943.071297397 0 0 0 25.946 0 0  0 0.00122195 2
1387952943.171375630 0 0 0 25.952 0 0  0 0.00104647 2
1387952943.271278067 0 0 0 25.957 0 0  0 0.000873703 2
1387952943.371299164 0 0 0 25.957 0 0  0 0 2
1387952943.471296379 0 0 0 25.957 0 0  0 0 2
1387952943.571325780 0 0 0 25.957 0 0  0 0 2
1387952943.671330961 0 0 0 25.959 0 0  0 0.000348856 2
1387952943.771302264 0 0 0 25.962 0 0  0 0.000523794 2
1387952943.871387549 0 0 0 25.968 0 0  0 0.0010464 2
1387952943.971432540 0 0 0 25.969 0 0  0 0.000174359 2
1387952944.071427305 0 0 0 25.973 0 0  0 0.000698118 2
1387952944.171428214 0 0 0 25.976 0 0  0 0.000523639 2
1387952944.271294967 0 0 0 25.98 0 0  0 0.000699013 2
1387952944.371472378 0 0 0 25.983 0 0  0 0.000522717 2
1387952944.471298192 0 0 0 25.987 0 0  0 0.000699299 2
1387952944.571291849 0 0 0 25.989 0 0  0 0.000349229 2
1387952944.671328657 0 0 0 25.99 0 0  0 0.000174373 2
1387952944.771390686 0 0 0 25.994 0 0  0 0.000697648 2
1387952944.871371206 0 0 0 25.998 0 0  0 0.000698217 2
1387952944.971305281 0 0 0 25.999 0 0  0 0.000174885 2
1387952945.071387352 0 0 0 25.999 0 0  0 0 2
1387952945.171365428 0 0 0 26.005 0 0  0 0.00104718 2
1387952945.271566930 0 0 0 26.005 0 0  0 0 2
1387952945.371314878 0 0 0 26.009 0 0  0 0.000700179 2
1387952945.471271304 0 0 0 26.014 0 0  0 0.000872899 2
1387952945.571296796 0 0 0 26.019 0 0  0 0.000872296 2
1387952945.671371125 0 0 0 26.021 0 0  0 0.000348948 2
1387952945.771279768 0 0 0 26.026 0 0  0 0.000873316 2
1387952945.871362756 0 0 0 26.033 0 0  0 0.00122104 2
1387952945.971260233 0 0 0 26.036 0 0  0 0.000523848 2
1387952946.071374992 0 0 0 26.038 0 0  0 0.000348807 2
1387952946.171301388 0 0 0 26.042 0 0  0 0.000698595 2
1387952946.271292175 0 0 0 26.047 0 0  0 0.000872931 2
1387952946.371381229 0 0 0 26.05 0 0  0 0.000522846 2
1387952946.471356787 0 0 0 26.054 0 0  0 0.000698585 2
1387952946.571385294 0 0 0 26.055 0 0  0 0.000174387 2
1387952946.671432861 0 0 0 26.055 0 0  0 0 2
1387952946.771389987 0 0 0 26.057 0 0  0 0.000349024 2
1387952946.871406823 0 0 0 26.06 0 0  0 0.000523556 2
1387952946.971304644 0 0 0 26.062 0 0  0 0.000349564 2
1387952947.071394614 0 0 0 26.066 0 0  0 0.000697454 2
1387952947.171423458 0 0 0 26.068 0 0  0 0.000349106 2
1387952947.271281626 0 0 0 26.069 0 0  0 0.000174685 2
1387952947.371300629 0 0 0 26.07 0 0  0 0.000174404 2
1387952947.471264736 0 0 0 26.073 0 0  0 0.000523832 2
1387952947.571300646 0 0 0 26.078 0 0  0 0.000872205 2
1387952947.671329219 0 0 0 26.085 0 0  0 0.00122138 2
1387952947.771300519 0 0 0 26.086 0 0  0 0.00017482 2
1387952947.871315612 0 0 0 26.09 0 0  0 0.000697976 2
1387952947.971391184 0 0 0 26.092 0 0  0 0.000348611 2
1387952948.071387633 0 0 0 26.095 0 0  0 0.000523663 2
1387952948.171374505 0 0 0 26.097 0 0  0 0.000349253 2
1387952948.271368158 0 0 0 26.099 0 0  0 0.000349229 2
1387952948.371251812 0 0 0 26.098 0 0  0 -0.000174974 2
1387952948.471378584 0 0 0 26.099 0 0  0 0.000174549 2
1387952948.571283254 0 0 0 26.102 0 0  0 0.000523811 2
1387952948.671272293 0 0 0 26.106 0 0  0 0.000698491 2
1387952948.771370155 0 0 0 26.109 0 0  0 0.0005228 2
1387952948.871269030 0 0 0 26.111 0 0  0 0.00034956 2
1387952948.971275742 0 0 0 26.112 0 0  0 0.000174425 2
1387952949.071352922 0 0 0 26.113 0 0  0 0.000174635 2
1387952949.171263603 0 0 0 26.117 0 0  0 0.000698705 2
1387952949.271285331 0 0 0 26.12 0 0  0 0.00052353 2
1387952949.371288196 0 0 0 26.125 0 0  0 0.000872493 2
1387952949.471298542 0 0 0 26.13 0 0  0 0.000872428 2
1387952949.571300852 0 0 0 26.13 0 0  0 0 2
1387952949.671313717 0 0 0 26.131 0 0  0 0.000174747 2
1387952949.771394737 0 0 0 26.132 0 0  0 0.000174296 2
1387952949.871284672 0 0 0 26.135 0 0  0 0.000524221 2
1387952949.971353401 0 0 0 26.141 0 0  0 0.00104657 2
1387952950.071288039 0 0 0 26.144 0 0  0 0.000523653 2
1387952950.171343294 0 0 0 26.149 0 0  0 0.000872369 2
1387952950.271288265 0 0 0 26.152 0 0  0 0.000523932 2
1387952950.371291341 0 0 0 26.158 0 0  0 0.00104726 2
1387952950.471271580 0 0 0 26.161 0 0  0 0.000523415 2
1387952950.571290523 0 0 0 26.163 0 0  0 0.000349141 2
1387952950.671373425 0 0 0 26.167 0 0  0 0.000697503 2
1387952950.771254358 0 0 0 26.169 0 0  0 0.000349623 2
1387952950.871411928 0 0 0 26.171 0 0  0 0.000348325 2
1387952950.971404247 0 0 0 26.172 0 0  0 0.000174783 2
1387952951.071387842 0 0 0 26.175 0 0  0 0.000523397 2
1387952951.171418302 0 0 0 26.177 0 0  0 0.000349101 2
1387952951.271419981 0 0 0 26.182 0 0  0 0.000872504 2
1387952951.371342050 0 0 0 26.184 0 0  0 0.000349479 2
1387952951.471407561 0 0 0 26.186 0 0  0 0.000348978 2
1387952951.571322299 0 0 0 26.191 0 0  0 0.000873263 2
1387952951.671267128 0 0 0 26.194 0 0  0 0.000523933 2
1387952951.771278172 0 0 0 26.2 0 0  0 0.00104717 2
1387952951.871398510 0 0 0 26.206 0 0  0 0.0010457 2
1387952951.971651558 0 0 0 26.211 0 0  0 0.000870648 2
1387952952.071414871 0 0 0 26.215 0 0  0 0.000699737 2
1387952952.171287835 0 0 0 26.219 0 0  0 0.000698969 2
1387952952.271264377 0 0 0 26.225 0 0  0 0.00104753 2
1387952952.371278145 0 0 0 26.228 0 0  0 0.000523572 2
1387952952.471291838 0 0 0 26.232 0 0  0 0.000697986 2
1387952952.571752099 0 0 0 26.235 0 0  0 0.000521245 2
1387952952.671359391 0 0 0 26.24 0 0  0 0.000875958 2
1387952952.771474632 0 0 0 26.242 0 0  0 0.000348805 2
1387952952.871387475 0 0 0 26.243 0 0  0 0.000174589 2
1387952952.971291031 0 0 0 26.246 0 0  0 0.00052415 2
1387952953.071309409 0 0 0 26.25 0 0  0 0.000697953 2
1387952953.171276942 0 0 0 26.257 0 0  0 0.00122212 2
1387952953.271294057 0 0 0 26.259 0 0  0 0.000349147 2
1387952953.371369142 0 0 0 26.263 0 0  0 0.000697557 2
1387952953.471290581 0 0 0 26.264 0 0  0 0.000174574 2
1387952953.571282067 0 0 0 26.267 0 0  0 0.000523689 2
1387952953.671301350 0 0 0 26.269 0 0  0 0.000348807 2
1387952953.771318607 0 0 0 26.271 0 0  0 0.000349147 2
1387952953.871367152 0 0 0 26.276 0 0  0 0.000872095 2
1387952953.971364433 0 0 0 26.28 0 0  0 0.000698433 2
1387952954.071287061 0 0 0 26.283 0 0  0 0.00052405 2
1387952954.171292796 0 0 0 26.285 0 0  0 0.000348854 2
1387952954.271369346 0 0 0 26.286 0 0  0 0.000174304 2
1387952954.371396668 0 0 0 26.29 0 0  0 0.000698223 2
1387952954.471402324 0 0 0 26.29 0 0  0 0 2
1387952954.571322366 -0.000942568 -0.000749269 0.02 26.292 0 0  0.20016 0.000349153 7
1387952954.671290940 -0.00234469 -0.00189863 0.086 26.292 -0.0140257 -0.0114972  0.660207 0 7
1387952954.771331316 -0.00419273 -0.00336968 0.195 26.294 -0.0184729 -0.0147046  1.08956 0.000349066 7
1387952954.871291379 -0.00558307 -0.0046319 0.345 26.297 -0.013909 -0.0126273  1.5006 0.000523853 7
1387952954.971394116 -0.00730881 -0.0059215 0.47 26.293 -0.0172397 -0.0128828  1.24872 -0.000697697 7
1387952955.071306617 -0.0117905 -0.00462917 0.69 26.249 -0.0448564 0.0129346  2.20193 -0.00768595 7
1387952955.171428291 -0.0133889 -0.00949472 0.814 26.259 -0.0159644 -0.0485963  1.23849 0.00174325 7
1387952955.271314944 -0.0161541 -0.0122125 1.071 26.301 -0.0276829 -0.0272087  2.57292 0.00733867 7
1387952955.371293858 -0.0152015 -0.00888599 1.25 26.322 0 0.0332722  1.79038 0.00366595 7
1387952955.471370272 -0.0160432 -0.00989116 1.393 26.306 0 -0.010044  1.42891 -0.00279052 7
1387952955.571305881 -0.0202572 -0.011402 1.515 26.299 -0.0421672 -0.0151184  1.22079 -0.00122251 7
1387952955.671382785 -0.0218558 -0.0164517 1.533 26.332 -0.0159741 -0.050458  0.179862 0.00575533 7
1387952955.771405210 -0.022831 -0.0159924 1.559 26.325 0 0  0.259942 -0.00122145 7
1387952955.871313589 -0.025906 -0.0172021 1.507 26.345 -0.0307786 -0.0121079  -0.520477 0.00349361 7
1387952955.971368691 -0.0272433 -0.0152751 0.184 26.359 -0.0133656 0.019259  -13.2227 0.0024421 7
1387952956.071271560 -0.0266526 -0.0149966 0.004 26.356 0 0  -1.80175 -0.00052382 7
1387952956.171303761 -0.0259754 -0.0146072 -0.187 26.35 0 0  -1.90939 -0.00104695 7
1387952956.271474110 -0.0260278 -0.0140952 -0.412 26.369 0 0  -2.24617 0.00331033 7
1387952956.371294481 -0.0258842 -0.0136474 0.001 26.39 0 0  4.13743 0.00367177 7
1387952956.471417693 -0.0255569 -0.0133893 0.041 26.403 0 0  0.399508 0.00226622 7
1387952956.571404217 -0.0247905 -0.0129717 -0.109 26.418 0 0  -1.5002 0.00261824 7
1387952956.671291783 -0.0229587 -0.0117083 -0.127 26.592 0.0183389 0.0126481  -0.180203 0.0304029 7
1387952956.771387472 -0.0183501 0.00083403 -0.276 26.953 0.0460416 0.125303  -1.48858 0.0629462 7
1387952956.871290123 -0.00881802 0.0144612 -0.152 27.186 0.0954141 0.136405  1.24121 0.0407061 7
1387952956.971300391 -0.00314698 0.0214383 -0.073 27.542 0.0567046 0.0697629  0.789919 0.0621272 7
1387952957.071375830 -0.0033807 0.0259232 0.042 27.573 0 0.0448155  1.14913 0.00540647 7
1387952957.171426542 -0.00815198 0.0167574 0.08 27.282 -0.0476887 -0.0916115  0.379807 -0.0507634 7
1387952957.271343147 -0.0150772 0.00212705 0.09 27.027 -0.0693104 -0.146425  0.100083 -0.0445429 7
1387952957.371421592 -0.0240574 -0.0148449 0.071 26.856 -0.0897312 -0.169587  -0.189851 -0.0298217 7
1387952957.571466160 -0.0432072 -0.0488857 0.065 26.835 -0.0957277 -0.170166  -0.0299933 -0.00183235 7
1387952957.671401154 -0.0472843 -0.0654007 0.078 26.385 -0.0407978 -0.165257  0.130085 -0.0785907 7
1387952957.771407239 -0.0438089 -0.10719 0.125 25.976 0.034752 -0.417873  0.469971 -0.0713797 7
1387952957.871403603 -0.045838 -0.152864 0.133 26.263 -0.0202912 -0.456752  0.0800029 0.0500929 7
1387952958.371418455 -0.0928026 -0.304988 0.192 14.692 -0.0939265 -0.304239  0.117996 -0.403892 7
1387952958.771427624 -0.146346 -0.344969 0.844 14.661 -0.133855 -0.0999493  1.62996 -0.00135261 7
1387952958.971423171 -0.166169 -0.307205 1.149 14.789 -0.0991158 0.188821  1.52503 0.0111703 7
1387952959.271442952 -0.182637 -0.257648 1.137 15.028 -0.0548897 0.165181  -0.0399974 0.0139036 7
1387952959.971286006 -0.192349 -0.279849 0.986 15.658 -0.013878 -0.0317239  -0.215763 0.0157115 7
1387952960.071383298 -0.193268 -0.280536 0.995 15.58 0 0  0.0899125 -0.0136003 7
1387952960.171370944 -0.194534 -0.27869 1.002 15.523 -0.0126639 0.0184605  0.0700086 -0.00994963 7
1387952960.271317459 -0.197574 -0.275105 0.996 15.422 -0.0304188 0.0358695  -0.0600321 -0.0176372 7
1387952960.371320122 -0.19946 -0.271035 0.992 15.357 -0.0188544 0.0406955  -0.0399989 -0.0113443 7
1387952960.471281568 -0.201348 -0.267448 0.987 15.339 -0.018889 0.0358831  -0.0500193 -0.00314291 7
1387952960.571406731 -0.20384 -0.264932 0.982 15.325 -0.0248941 0.0251324  -0.0499375 -0.0024404 7
1387952960.671428876 -0.205957 -0.263352 0.979 15.392 -0.0211607 0.0157993  -0.0299934 0.0116912 7
1387952960.771386988 -0.207328 -0.267253 0.974 15.483 -0.0137197 -0.0390268  -0.050021 0.0158891 4
1387952960.871480853 -0.208322 -0.271072 0.968 15.56 0 -0.0381527  -0.0599437 0.0134265 4
1387952960.971592615 6.61644 0.320644 0.966 -179.981 0.020666 0.0362142  -0.0199777 -34.0902 4
1387952961.071483246 6.6176 0.321924 0.962 -179.913 0.0115637 0.0128086  -0.0400438 0.0118812 4
1387952961.171470199 6.61749 0.322382 0.959 -179.833 0 0  -0.0300039 0.0139644 4
1387952961.271450223 6.61591 0.320438 0.955 -179.869 -0.0157693 -0.0194432  -0.040008 -0.00628448 4
1387952961.371472439 6.61472 0.316756 0.957 -179.89 -0.0118743 -0.0368173  0.0199956 -0.00366436 4
1387952961.471556953 6.61326 0.312493 0.956 -179.919 -0.0145602 -0.0425897  0 -0.00505723 4
1387952961.571452201 6.60975 0.308438 0.956 -179.93 -0.0352136 -0.0405924  0 -0.00192182 4
1387952961.671378388 6.60677 0.30624 0.96 -179.931 -0.0297825 -0.0219966  0.0400295 -0.000174732 4
1387952961.771442642 6.60233 0.303956 0.962 -179.92 -0.0444237 -0.0228226  0.0199872 0.00191874 4
1387952961.871451097 6.5983 0.303447 0.967 -179.899 -0.0402722 0  0.0499958 0.00366487 4
1387952961.971552812 6.594 0.303433 0.968 -179.893 -0.0429312 0  0 0.00104606 4
1387952962.071376111 6.587 0.302453 0.969 -179.895 -0.0701279 0  0.0100177 -0.000349658 4
1387952962.171356283 6.57957 0.298094 0.972 -179.883 -0.074363 -0.0435904  0.0300059 0.00209483 4
1387952962.271552190 6.57288 0.293594 0.972 -179.862 -0.0667461 -0.0449154  0 0.00365801 4
1387952962.371539068 6.56374 0.289053 0.973 -179.829 -0.0914225 -0.0454186  0.0100013 0.00576034 4
1387952962.471325711 6.55515 0.286428 0.969 -179.747 -0.0860691 -0.0263082  -0.0400855 0.0143423 4
1387952962.571478113 6.54595 0.28321 0.961 -179.658 -0.0917931 -0.0321253  -0.0798783 0.0155099 4
1387952962.671549915 6.53491 0.280757 0.956 -179.694 -0.110372 -0.0245157  -0.0499641 -0.00627872 4
1387952962.771365265 6.52478 0.278285 0.957 -179.824 -0.101494 -0.0247614  0.0100185 -0.0227313 4
1387952962.871561236 6.51468 0.275402 0.956 -179.954 -0.100802 -0.0287744  0 -0.0226449 4
1387952962.971482962 6.50466 0.272473 0.958 179.955 -0.100239 -0.0293102  0.0200157 62.8652 4
1387952963.071451672 6.49613 0.26625 0.961 179.888 -0.0854041 -0.0622537  0.0300094 -0.0116974 4
1387952963.171449380 6.48861 0.260597 0.964 179.788 -0.0751477 -0.0565313  0.0300007 -0.0174538 4
1387952963.271448196 6.48172 0.24949 0.966 179.701 -0.0689541 -0.111071  0.0200002 -0.0151845 4
1387952963.371372356 6.47507 0.240085 0.968 179.557 -0.0664746 -0.0941256  0.0200152 -0.0251518 4
1387952963.471374737 6.46853 0.234813 0.967 179.456 -0.0654304 -0.0527125  0 -0.0176274 4
1387952963.571416092 6.46272 0.229275 0.966 179.399 -0.0580498 -0.0553578  0 -0.00994429 4
1387952963.671556131 6.45646 0.225141 0.967 179.397 -0.0625366 -0.0412844  0 -0.000348552 4
1387952963.771556001 6.45206 0.228369 0.967 179.436 -0.0440278 0.0322831  0 0.00680688 4
1387952963.871512216 6.44836 0.231084 0.968 179.476 -0.037016 0.0271555  0.0100044 0.00698437 4
1387952963.971373099 6.4453 0.243286 0.968 179.531 -0.0305638 0.122193  0 0.00961257 4
1387952964.071552802 6.44371 0.261186 0.969 179.585 -0.0159426 0.178675  0 0.00940802 4
1387952964.171332186 6.44418 0.277117 0.973 179.678 0 0.159663  0.0400884 0.0162674 4
1387952964.271527401 6.44626 0.291434 0.976 179.715 0.0207869 0.142894  0.0299415 0.00644508 4
1387952964.371385143 6.44578 0.301524 0.985 179.727 0 0.101042  0.0901282 0.00209739 4
1387952964.471473000 6.44461 0.305676 0.988 179.767 -0.0116589 0.0414825  0.0299737 0.00697518 4
1387952964.571483146 6.44368 0.30465 0.991 179.754 0 -0.0102596  0.029997 -0.00226862 4
1387952964.671565906 6.44182 0.301404 0.997 179.716 -0.0185476 -0.0324301  0.0599504 -0.00662679 4
1387952964.771547968 6.44101 0.294596 0.992 179.647 0 -0.0680915  -0.050009 -0.012045 4
1387952964.871365058 6.43862 0.286936 0.99 179.552 -0.0238906 -0.0767428  -0.0200366 -0.0166109 4
1387952964.971532338 6.43447 0.278355 0.993 179.485 -0.0414825 -0.0856593  0.0299499 -0.0116742 4
1387952965.071450489 6.43132 0.271328 0.984 179.391 -0.0315077 -0.0703361  -0.0900737 -0.0164195 4
1387952965.171422770 6.4279 0.267123 0.975 179.29 -0.0342062 -0.042057  -0.090025 -0.0176327 4
1387952965.271475087 6.425 0.263925 0.974 179.231 -0.0289793 -0.0319615  0 -0.0102921 4
1387952965.371532222 6.4226 0.261342 0.974 179.21 -0.0239462 -0.0258195  0 -0.00366308 4
1387952965.471447510 6.42197 0.261166 0.986 179.004 0 0  0.120102 -0.0359843 4
1387952965.571391647 6.42104 0.261693 0.992 178.95 0 0  0.0600335 -0.00943003 4
1387952965.671441106 6.41884 0.263786 0.994 178.945 -0.021976 0.0209162  0.0199901 -0.000872253 4
1387952965.771376581 6.41622 0.264922 0.997 178.947 -0.0261853 0.0113694  0.0300194 0.000349266 4
1387952965.871565989 6.41538 0.26559 0.999 178.939 0 0  0.0199622 -0.00139369 4
1387952965.971446084 6.41243 0.266387 0.999 178.924 -0.0295271 0  0 -0.00262103 4
1387952966.071670562 6.40905 0.266754 1.001 178.908 -0.0337706 0  0.0199552 -0.00278624 4
1387952966.171408801 6.40638 0.267016 1.006 178.936 -0.0267269 0  0.0501312 0.00489973 4
1387952966.271424384 6.40275 0.268096 1.005 178.983 -0.0363689 0.0108007  0 0.00820176 4
1387952966.371340645 6.39883 0.269126 1.016 178.998 -0.0391823 0.0103118  0.110092 0.00262008 4
1387952966.471363914 6.39518 0.266826 1.013 178.942 -0.0365371 -0.0229978  -0.029993 -0.00977153 4
1387952966.671508780 6.38767 0.26113 1.012 178.912 -0.037521 -0.0284579  0 -0.00261608 4
1387952966.771459623 6.38388 0.258178 1.012 178.91 -0.0379205 -0.0295316  0 -0.000349212 4
1387952966.871379936 6.38245 0.256738 1.005 178.932 -0.0142867 -0.0144171  -0.0700558 0.00384267 4
1387952966.971517880 6.38238 0.256146 1.005 178.867 0 0  0 -0.0113289 4
1387952967.171520762 6.38133 0.259884 1 178.858 0 0.018692  -0.0249996 -0.000785372 4
1387952967.371633490 6.37544 0.266494 1.004 178.919 -0.0294427 0.0330279  0.0199887 0.00532024 4
1387952967.771554182 6.37579 0.28136 0.999 179.06 0 0.0371719  -0.0125025 0.0061535 4
1387952968.071575018 6.36889 0.294142 0.991 178.973 -0.0229996 0.0426053  -0.0266648 -0.0050611 4
1387952968.171410338 6.3665 0.298171 0.996 178.951 -0.0239267 0.0403511  0.0500825 -0.00384611 4
