1388547254.506780314 0 0 0 -0 0 0  0 -0 0
1388547254.606748616 0 0 0 -0 0 0  0 0 0
1388547254.706718869 0 0 0 -0 0 0  0 0 0
1388547254.906715949 0 0 0 -0 0 0  0 0 0
1388547255.006721126 0 0 0 -0 0 0  0 0 0
1388547255.106731396 0 0 0 -0 0 0  0 0 0
1388547255.506701813 0 0 0 -0 0 0  0 0 0
1388547255.606711318 0 0 0 -0 0 0  0 0 0
1388547255.706723827 -0.00342181 0.001023 0.907 -165.914 -0.0342138 0.0102288  9.06887 -28.9538 4
1388547255.806780339 -0.00640932 0.000983443 0.898 -165.912 -0.0298582 0  -0.0899492 0.000348677 4
1388547255.906679560 -0.00934932 0.000103684 0.893 -165.888 -0.0294296 0  -0.0500504 0.00419338 4
1388547256.806714407 -0.0326337 -0.0318382 0.889 -166.481 -0.0258705 -0.0354896  0 -0.0114994 4
1388547256.906710781 -0.0351324 -0.0350538 0.89 -166.535 -0.0249878 -0.0321567  0.0100004 -0.00942527 4
1388547257.006720006 -0.0378919 -0.0381063 0.892 -166.51 -0.0275922 -0.0305227  0.0199982 0.00436452 4
1388547257.306706826 -0.0421493 -0.0456302 0.938 -166.222 -0.014192 -0.0250807  0.15334 0.0167556 4
1388547257.406712980 -0.0429117 -0.0486583 0.946 -166.108 0 -0.0302791  0.0799951 0.0198953 4
1388547257.506710962 -0.0422243 -0.0526226 0.956 -165.992 0 -0.0396436  0.100002 0.0202458 4
1388547257.606700911 -0.0403028 -0.0570094 0.963 -165.938 0.0192179 -0.0438721  0.070007 0.00942587 4
1388547257.706741423 -0.0377193 -0.0615482 0.964 -165.957 0.0258245 -0.0453703  0 -0.00331429 4
1388547259.106723855 -0.0305589 -0.0835126 0.989 -165.98 0 -0.0156891  0.0178574 -0.000286674 4
1388547259.406720175 -0.0244682 -0.0930196 0.985 -165.691 0.0203025 -0.0316902  -0.0133335 0.0168136 4
1388547260.006729434 -0.0164154 -0.122118 0.956 -165.414 0.0134211 -0.0484971  -0.0483326 0.00805727 4
1388547260.106729369 -0.0148308 -0.126993 0.953 -165.396 0.015846 -0.0487433  -0.03 0.00314253 4
1388547263.106776378 -0.0684824 0.150736 0.957 -0.0279999 -0.0169379 0  0 0.962057 4
1388547263.306787497 -0.0708962 0.15129 0.951 -0.0240021 -0.0120685 0  -0.0299983 0.000348855 4
1388547263.406792878 -0.072051 0.151539 0.95 -0.0210114 -0.0115475 0  0 0.000521951 4
1388547263.506772283 -0.0714426 0.15109 0.943 -0.053009 0 0  -0.0700144 -0.0055858 4
1388547263.807404369 -0.0647265 0.145417 0.933 0.0179901 0.0223399 -0.0188708  -0.0332632 0.00412188 3
1388547263.907887189 -0.0619656 0.143 0.931 0.134995 0.0274767 -0.0240526  -0.0199039 0.020323 3
1388547264.008327687 -0.059124 0.14012 0.929 0.214996 0.0282913 -0.0286784  -0.0199123 0.0139017 3
1388547264.309453058 -0.0504942 0.131259 0.93 0.250992 0.0286585 -0.0294244  0 0.00208631 3
1388547264.409999364 -0.0637309 0.122634 0.954 -12.877 -0.131649 -0.0857874  0.238696 -2.27882 3
1388547264.510479181 -0.0860056 0.11202 0.959 -16.477 -0.221683 -0.105633  0.0497612 -0.625319 3
1388547264.610901794 -0.123409 0.0995449 0.962 -22.87 -0.37246 -0.124223  0.0298737 -1.11109 3
1388547264.711337052 -0.167527 0.0869476 0.964 -26.374 -0.439272 -0.125427  0.0199133 -0.608913 3
1388547265.446344977 -0.39877 0.00271599 0.935 -62.33 -0.314613 -0.1146  -0.0394554 -0.853801 3
1388547265.546782682 -0.430108 -0.00839007 0.934 -63.567 -0.312011 -0.110577  0 -0.214956 3
1388547265.747855106 -0.489034 -0.028581 0.936 -72.498 -0.293056 -0.100416  0 -0.77522 3
1388547266.249623033 -0.337316 -0.225193 0.936 -61.674 0.302365 -0.391839  0 0.376497 3
1388547266.350052635 -0.292497 -0.270558 0.928 -60.897 0.446273 -0.451705  -0.0796578 0.135033 3
1388547266.450507236 -0.237557 -0.320866 0.926 -60.879 0.546921 -0.500801  -0.0199095 0.00312831 3
1388547266.550914280 -0.182917 -0.374545 0.93 -61.378 0.544184 -0.534614  0.0398378 -0.0867403 3
1388547266.852213766 -0.0948341 -0.528585 0.916 -62.459 0.292342 -0.511253  -0.0464654 -0.0626184 3
1388547266.952633592 -0.0770978 -0.577285 0.914 -62.498 0.176622 -0.484968  -0.0199164 -0.00677858 3
1388547267.153398368 -0.0692884 -0.668572 0.916 -61.926 0.0388983 -0.454698  0 0.0497255 3
1388547267.253798702 -0.0649324 -0.714172 0.92 -61.74 0.0433864 -0.454176  0.0398405 0.0323345 3
1388547267.354223207 -0.0583469 -0.760297 0.931 -61.491 0.0655764 -0.459303  0.109535 0.0432764 3
1388547267.454642124 -0.0473007 -0.807065 0.931 -61.153 0.110002 -0.465724  0 0.0587456 3
1388547267.655417866 -0.0185971 -0.902153 0.938 -60.946 0.142963 -0.473607  0.0348648 0.0179944 3
1388547269.561924971 1.45054 -1.66496 0.89 -52.667 0.770591 -0.400105  -0.0251769 0.0757908 3
1388547269.662331449 1.52805 -1.7052 0.89 -52.675 0.771923 -0.400811  0 -0.00138985 3
1388547269.762796251 1.60585 -1.74591 0.892 -52.669 0.774428 -0.405222  0.0199075 0.00104178 3
1388547269.863185835 1.68249 -1.78682 0.906 -50.159 0.763413 -0.407502  0.139457 0.436379 3
1388547269.963578978 1.75441 -1.82569 0.917 -48.528 0.716377 -0.387122  0.109569 0.283548 3
1388547270.264642891 1.89758 -1.9078 0.946 -43.7 0.475547 -0.272764  0.0963251 0.279889 3
1388547271.469793348 2.13123 -1.97887 0.895 -26.959 0.19388 -0.0589697  -0.0423184 0.242447 3
1388547271.871197184 2.21068 -2.00712 0.888 -26.079 0.197916 -0.070367  -0.0174388 0.0382625 3
1388547271.971768355 2.23609 -2.01683 0.886 -26.166 0.252681 -0.0965538  -0.0198864 -0.0150965 3
1388547272.072172186 2.26733 -2.02944 0.88 -26.094 0.311178 -0.125621  -0.0597587 0.0125143 3
1388547272.272967694 2.36107 -2.06914 0.866 -25.62 0.466817 -0.197728  -0.0697227 0.0412003 3
1388547275.684313436 5.03554 -1.34791 0.921 -5.94701 0.783993 0.211422  0.0161227 0.100652 3
1388547276.186028425 5.33071 -1.33583 0.918 -14.375 0.588322 0.024082  0 -0.293187 3
1388547282.749326803 -1.27627 -9.08172 0.83 -48.347 -1.00666 -1.18018  -0.0134079 -0.0903392 3
1388547282.924213429 -1.45716 -9.27954 0.816 -48.623 -1.03432 -1.13109  -0.0800519 -0.0275443 8
1388547283.024177255 -1.55697 -9.38577 0.814 -48.388 -0.998508 -1.06272  -0.0200072 0.0410302 8
1388547283.124214209 -1.65058 -9.48485 0.812 -48.189 -0.935754 -0.990447  -0.0199926 0.0347175 3
1388547283.224177546 -1.73269 -9.57263 0.815 -46.426 -0.821362 -0.878087  0.030011 0.307814 3
1388547283.824256651 -1.74049 -9.8622 0.776 -33.278 -0.012989 -0.482553  -0.0649914 0.38241 3
