-0.0228199 -1.29682 0.938 1.80002
-0.0119264 -1.29292 0.935896 1.90002
-0.000949559 -1.29225 0.933589 2.00002
0.0162891 -1.29304 0.931902 2.10002
0.0387279 -1.29497 0.93065 2.20002
0.0655242 -1.29777 0.929701 2.30002
0.0959796 -1.30124 0.928965 2.40002
0.129508 -1.30522 0.928378 2.50002
0.165617 -1.30964 0.927895 2.60002
0.203892 -1.31439 0.927485 2.70002
0.243985 -1.31944 0.927124 2.80002
0.285602 -1.32472 0.926799 2.90002
0.3285 -1.33021 0.926498 3.00002
0.372471 -1.33588 0.926212 3.10002
0.417342 -1.34168 0.925937 3.20002
0.462969 -1.34761 0.925669 3.30002
0.50923 -1.35364 0.925405 3.40002
0.556023 -1.35977 0.925143 3.50002
0.603261 -1.36596 0.924881 3.60002
0.650874 -1.37223 0.92462 3.70002
0.6988 -1.37854 0.924357 3.80002
0.74699 -1.38491 0.924093 3.90002
0.7954 -1.39131 0.923827 4.00002
0.843995 -1.39775 0.92356 4.10002
0.892745 -1.40422 0.92329 4.20002
0.941625 -1.41072 0.923019 4.30002
0.990614 -1.41723 0.922745 4.40002
1.0397 -1.42377 0.92247 4.50002
1.08885 -1.43032 0.922192 4.60002
1.13807 -1.43689 0.921913 4.70002
1.18735 -1.44347 0.921632 4.80002
1.23667 -1.45007 0.921348 4.90002
1.28603 -1.45667 0.921064 5.00002
1.33542 -1.46328 0.920777 5.10002
1.38483 -1.4699 0.920489 5.20002
1.43427 -1.47653 0.920199 5.30002
1.48373 -1.48316 0.919908 5.40002
1.5332 -1.4898 0.919616 5.50002
1.58269 -1.49645 0.919322 5.60002
1.63218 -1.5031 0.919027 5.70002
1.68169 -1.50975 0.91873 5.80002
1.7312 -1.51641 0.918433 5.90002
1.78072 -1.52307 0.918134 6.00002
1.83024 -1.52974 0.917835 6.10002
1.87977 -1.53641 0.917534 6.20002
1.9293 -1.54308 0.917233 6.30002
1.97884 -1.54975 0.91693 6.40002
2.02838 -1.55643 0.916627 6.50002
2.07792 -1.56311 0.916323 6.60002
2.12746 -1.56979 0.916018 6.70002
2.177 -1.57648 0.915713 6.80002
2.22654 -1.58316 0.915407 6.90002
2.27609 -1.58985 0.9151 7.00002
2.32563 -1.59654 0.914793 7.10002
2.37518 -1.60323 0.914485 7.20002
2.42473 -1.60993 0.914177 7.30002
2.47427 -1.61662 0.913868 7.40002
2.52382 -1.62332 0.913558 7.50002
2.57337 -1.63002 0.913249 7.60002
2.62291 -1.63672 0.912938 7.70002
2.67246 -1.64342 0.912628 7.80002
2.72201 -1.65012 0.912317 7.90002
2.77156 -1.65682 0.912005 8.00002
2.8211 -1.66352 0.911693 8.10002
2.87065 -1.67023 0.911381 8.20002
2.9202 -1.67693 0.911069 8.30002
2.96975 -1.68364 0.910756 8.40002
3.0193 -1.69035 0.910443 8.50002
3.06884 -1.69705 0.91013 8.60002
3.11839 -1.70376 0.909817 8.70002
3.16794 -1.71047 0.909503 8.80002
3.21749 -1.71718 0.909189 8.90002
3.26703 -1.72389 0.908875 9.00002
3.31658 -1.73061 0.908561 9.10002
3.36613 -1.73732 0.908247 9.20002
3.41567 -1.74403 0.907932 9.30002
3.46522 -1.75074 0.907617 9.40002
3.51477 -1.75746 0.907302 9.50002
3.56432 -1.76417 0.906987 9.60002
3.61386 -1.77089 0.906672 9.70002
3.66341 -1.7776 0.906356 9.80002
3.71296 -1.78432 0.906041 9.90002
3.7625 -1.79104 0.905725 10
3.81205 -1.79775 0.90541 10.1
3.8616 -1.80447 0.905094 10.2
3.91114 -1.81119 0.904778 10.3
3.96069 -1.81791 0.904462 10.4
4.01024 -1.82462 0.904146 10.5
4.05978 -1.83134 0.90383 10.6
4.10933 -1.83806 0.903513 10.7
4.15888 -1.84478 0.903197 10.8
4.20842 -1.8515 0.902881 10.9
4.25797 -1.85822 0.902564 11
4.30752 -1.86494 0.902248 11.1
4.35706 -1.87166 0.901931 11.2
4.40661 -1.87838 0.901614 11.3
4.45615 -1.8851 0.901298 11.4
4.5057 -1.89182 0.900981 11.5
4.55525 -1.89854 0.900664 11.6
4.60479 -1.90526 0.900347 11.7
4.65434 -1.91198 0.90003 11.8
4.70389 -1.91871 0.899714 11.9
4.75343 -1.92543 0.899397 12
4.80298 -1.93215 0.89908 12.1
4.85252 -1.93887 0.898763 12.2
4.90207 -1.94559 0.898445 12.3
4.95162 -1.95232 0.898128 12.4
5.00116 -1.95904 0.897811 12.5
5.05071 -1.96576 0.897494 12.6
5.10025 -1.97248 0.897177 12.7
5.1498 -1.97921 0.89686 12.8
5.19935 -1.98593 0.896543 12.9
5.24889 -1.99265 0.896225 13
5.29844 -1.99937 0.895908 13.1
5.34798 -2.0061 0.895591 13.2
5.39753 -2.01282 0.895273 13.3
5.44708 -2.01954 0.894956 13.4
5.49662 -2.02627 0.894639 13.5
5.54617 -2.03299 0.894321 13.6
5.59571 -2.03971 0.894004 13.7
5.64526 -2.04644 0.893687 13.8
5.69481 -2.05316 0.893369 13.9
5.74435 -2.05989 0.893052 14
5.7939 -2.06661 0.892734 14.1
5.84344 -2.07333 0.892417 14.2
5.89299 -2.08006 0.8921 14.3
5.94253 -2.08678 0.891782 14.4
5.99208 -2.0935 0.891465 14.5
6.04163 -2.10023 0.891147 14.6
6.09117 -2.10695 0.89083 14.7
6.14072 -2.11368 0.890512 14.8
6.19026 -2.1204 0.890195 14.9
6.23981 -2.12713 0.889877 15
6.28936 -2.13385 0.88956 15.1
6.3389 -2.14057 0.889242 15.2
6.38845 -2.1473 0.888925 15.3
6.43799 -2.15402 0.888607 15.4
6.48754 -2.16075 0.88829 15.5
6.53708 -2.16747 0.887972 15.6
6.58663 -2.1742 0.887655 15.7
6.63618 -2.18092 0.887337 15.8
6.68572 -2.18765 0.88702 15.9
6.73527 -2.19437 0.886702 16
6.78481 -2.20109 0.886385 16.1
6.83436 -2.20782 0.886067 16.2
6.8839 -2.21454 0.885749 16.3
6.93345 -2.22127 0.885432 16.4
6.983 -2.22799 0.885114 16.5
7.03254 -2.23472 0.884797 16.6
7.08209 -2.24144 0.884479 16.7
7.13163 -2.24817 0.884162 16.8
7.18118 -2.25489 0.883844 16.9
7.23072 -2.26162 0.883527 17
7.28027 -2.26834 0.883209 17.1
7.32982 -2.27507 0.882891 17.2
7.37936 -2.28179 0.882574 17.3
7.42891 -2.28852 0.882256 17.4
7.47845 -2.29524 0.881939 17.5
7.528 -2.30196 0.881621 17.6
7.57754 -2.30869 0.881303 17.7
7.62709 -2.31541 0.880986 17.8
7.67664 -2.32214 0.880668 17.9
7.72618 -2.32886 0.880351 18
7.77573 -2.33559 0.880033 18.1
7.82527 -2.34231 0.879716 18.2
7.87482 -2.34904 0.879398 18.3
7.92436 -2.35576 0.87908 18.4
7.97391 -2.36249 0.878763 18.5
8.02346 -2.36921 0.878445 18.6
8.073 -2.37594 0.878128 18.7
8.12255 -2.38266 0.87781 18.8
8.17209 -2.38939 0.877492 18.9
8.22164 -2.39611 0.877175 19
8.27118 -2.40284 0.876857 19.1
8.32073 -2.40956 0.87654 19.2
8.33136 -2.40983 0.874409 19.3
8.34813 -2.41199 0.872926 19.4
8.3701 -2.41543 0.871884 19.5
8.39648 -2.41952 0.871141 19.6
8.42664 -2.42371 0.8706 19.7
8.46002 -2.42748 0.870197 19.8
8.49613 -2.43043 0.869886 19.9
8.53454 -2.43221 0.869636 20
8.57485 -2.43251 0.869428 20.1
8.61669 -2.4311 0.869246 20.2
8.65974 -2.4278 0.869081 20.3
8.6698 -2.42112 0.867053 20.4
8.68591 -2.41362 0.865732 20.5
8.70724 -2.40558 0.864895 20.6
8.733 -2.39722 0.864388 20.7
8.76251 -2.38869 0.864105 20.8
8.79518 -2.38006 0.863968 20.9
8.83051 -2.37137 0.863928 21
8.86808 -2.36263 0.863948 21.1
8.90751 -2.35384 0.864002 21.2
8.94852 -2.34501 0.864073 21.3
8.99083 -2.33612 0.864151 21.4
9.03424 -2.32717 0.864226 21.5
9.07857 -2.31816 0.864294 21.6
9.12367 -2.30909 0.864351 21.7
9.16941 -2.29995 0.864395 21.8
9.21569 -2.29075 0.864424 21.9
9.26242 -2.28149 0.864439 22
9.30952 -2.27216 0.864438 22.1
9.35693 -2.26276 0.864422 22.2
9.40461 -2.25331 0.864391 22.3
9.4525 -2.2438 0.864346 22.4
9.50058 -2.23424 0.864286 22.5
9.5488 -2.22463 0.864213 22.6
9.59716 -2.21496 0.864127 22.7
9.64561 -2.20525 0.864029 22.8
9.69415 -2.19549 0.863919 22.9
9.74277 -2.18569 0.863798 23
9.79144 -2.17585 0.863666 23.1
9.84016 -2.16597 0.863524 23.2
9.88892 -2.15606 0.863373 23.3
9.93771 -2.14611 0.863212 23.4
9.98653 -2.13613 0.863043 23.5
10.0354 -2.12612 0.862865 23.6
10.0842 -2.11608 0.86268 23.7
10.1331 -2.10601 0.862487 23.8
10.182 -2.09592 0.862287 23.9
10.2309 -2.0858 0.862081 24
10.2798 -2.07566 0.861869 24.1
10.3287 -2.0655 0.86165 24.2
10.3776 -2.05532 0.861426 24.3
10.4265 -2.04512 0.861197 24.4
10.4754 -2.03489 0.860963 24.5
10.5243 -2.02465 0.860724 24.6
10.5733 -2.0144 0.860481 24.7
10.6222 -2.00412 0.860233 24.8
10.6711 -1.99384 0.859981 24.9
10.72 -1.98353 0.859726 25
10.7689 -1.97322 0.859467 25.1
10.8178 -1.96289 0.859205 25.2
10.8667 -1.95254 0.858939 25.3
10.9157 -1.94219 0.85867 25.4
10.9646 -1.93182 0.858399 25.5
11.0135 -1.92145 0.858125 25.6
11.0624 -1.91106 0.857848 25.7
11.1113 -1.90066 0.857569 25.8
11.1602 -1.89025 0.857288 25.9
11.2091 -1.87984 0.857004 26
11.258 -1.86941 0.856719 26.1
11.3069 -1.85898 0.856431 26.2
11.3558 -1.84854 0.856142 26.3
11.4047 -1.83809 0.855851 26.4
11.4536 -1.82764 0.855558 26.5
11.5025 -1.81718 0.855264 26.6
11.5513 -1.80671 0.854969 26.7
11.6002 -1.79623 0.854672 26.8
11.6491 -1.78575 0.854373 26.9
11.698 -1.77527 0.854074 27
11.7469 -1.76478 0.853773 27.1
11.7958 -1.75428 0.853472 27.2
11.8447 -1.74378 0.853169 27.3
11.8936 -1.73328 0.852865 27.4
11.9424 -1.72277 0.85256 27.5
11.9913 -1.71225 0.852255 27.6
12.0402 -1.70174 0.851948 27.7
12.0891 -1.69121 0.851641 27.8
12.138 -1.68069 0.851333 27.9
12.1868 -1.67016 0.851025 28
12.2357 -1.65963 0.850716 28.1
12.2846 -1.64909 0.850406 28.2
12.3335 -1.63855 0.850095 28.3
12.3823 -1.62801 0.849784 28.4
12.4312 -1.61747 0.849473 28.5
12.4801 -1.60692 0.849161 28.6
12.529 -1.59637 0.848848 28.7
12.5778 -1.58582 0.848535 28.8
12.6267 -1.57527 0.848222 28.9
12.6756 -1.56471 0.847908 29
12.7245 -1.55416 0.847594 29.1
12.7733 -1.5436 0.84728 29.2
12.8222 -1.53304 0.846965 29.3
12.8711 -1.52247 0.84665 29.4
12.92 -1.51191 0.846334 29.5
12.9688 -1.50134 0.846019 29.6
13.0177 -1.49077 0.845703 29.7
13.0666 -1.4802 0.845387 29.8
13.1154 -1.46963 0.84507 29.9
13.1643 -1.45906 0.844753 30
13.2132 -1.44848 0.844437 30.1
13.262 -1.43791 0.844119 30.2
13.3109 -1.42733 0.843802 30.3
13.3598 -1.41676 0.843485 30.4
13.4086 -1.40618 0.843167 30.5
13.4575 -1.3956 0.842849 30.6
13.5064 -1.38502 0.842531 30.7
13.5552 -1.37444 0.842213 30.8
13.6041 -1.36386 0.841895 30.9
13.653 -1.35327 0.841577 31
13.7019 -1.34269 0.841258 31.1
13.7507 -1.3321 0.84094 31.2
13.7996 -1.32152 0.840621 31.3
13.8485 -1.31093 0.840302 31.4
13.8973 -1.30035 0.839983 31.5
13.9462 -1.28976 0.839664 31.6
13.995 -1.27917 0.839345 31.7
14.0439 -1.26858 0.839026 31.8
14.0928 -1.25799 0.838707 31.9
14.1416 -1.2474 0.838388 32
14.1905 -1.23681 0.838068 32.1
14.2394 -1.22622 0.837749 32.2
14.2882 -1.21563 0.837429 32.3
14.3371 -1.20504 0.83711 32.4
14.386 -1.19445 0.83679 32.5
14.4348 -1.18386 0.836471 32.6
14.4837 -1.17326 0.836151 32.7
14.5326 -1.16267 0.835831 32.8
14.5814 -1.15208 0.835511 32.9
14.6303 -1.14149 0.835191 33
14.6792 -1.13089 0.834872 33.1
14.728 -1.1203 0.834552 33.2
14.7769 -1.1097 0.834232 33.3
14.8258 -1.09911 0.833912 33.4
14.8746 -1.08851 0.833592 33.5
14.9235 -1.07792 0.833272 33.6
14.9724 -1.06732 0.832952 33.7
15.0212 -1.05673 0.832632 33.8
15.0701 -1.04613 0.832311 33.9
15.1189 -1.03553 0.831991 34
15.1678 -1.02494 0.831671 34.1
15.2167 -1.01434 0.831351 34.2
15.2655 -1.00374 0.831031 34.3
15.3144 -0.993148 0.830711 34.4
15.3633 -0.982551 0.83039 34.5
15.4121 -0.971954 0.83007 34.6
15.461 -0.961357 0.82975 34.7
15.5099 -0.950759 0.829429 34.8
15.5587 -0.940162 0.829109 34.9
15.6076 -0.929564 0.828789 35
15.6565 -0.918966 0.828469 35.1
15.7053 -0.908368 0.828148 35.2
15.7542 -0.89777 0.827828 35.3
15.803 -0.887172 0.827507 35.4
15.8519 -0.876574 0.827187 35.5
15.9008 -0.865975 0.826867 35.6
15.9496 -0.855377 0.826546 35.7
15.9985 -0.844778 0.826226 35.8
16.0474 -0.83418 0.825906 35.9
16.0962 -0.823581 0.825585 36
16.1451 -0.812982 0.825265 36.1
16.194 -0.802383 0.824944 36.2
16.2428 -0.791785 0.824624 36.3
16.2917 -0.781186 0.824303 36.4
16.3405 -0.770587 0.823983 36.5
16.3894 -0.759987 0.823663 36.6
16.4383 -0.749388 0.823342 36.7
16.4871 -0.738789 0.823022 36.8
16.536 -0.72819 0.822701 36.9
16.5849 -0.717591 0.822381 37
16.6337 -0.706991 0.82206 37.1
16.6826 -0.696392 0.82174 37.2
16.7315 -0.685792 0.821419 37.3
16.7803 -0.675193 0.821099 37.4
16.8292 -0.664593 0.820778 37.5
16.878 -0.653994 0.820458 37.6
16.9269 -0.643394 0.820137 37.7
16.9758 -0.632795 0.819817 37.8
17.0246 -0.622195 0.819496 37.9
17.0735 -0.611595 0.819176 38
17.1224 -0.600995 0.818855 38.1
17.1712 -0.590396 0.818535 38.2
17.2201 -0.579796 0.818214 38.3
17.269 -0.569196 0.817894 38.4
17.3178 -0.558596 0.817573 38.5
17.3667 -0.547996 0.817253 38.6
17.4155 -0.537397 0.816932 38.7
17.4644 -0.526797 0.816612 38.8
17.5133 -0.516197 0.816291 38.9
17.5621 -0.505597 0.815971 39
17.611 -0.494997 0.81565 39.1
17.6599 -0.484397 0.81533 39.2
17.7087 -0.473797 0.815009 39.3
17.7576 -0.463197 0.814689 39.4
17.8065 -0.452597 0.814368 39.5
17.8553 -0.441997 0.814048 39.6
17.9042 -0.431397 0.813727 39.7
17.953 -0.420797 0.813407 39.8
18.0019 -0.410197 0.813086 39.9
18.0508 -0.399597 0.812765 40
18.0996 -0.388997 0.812445 40.1
18.1485 -0.378396 0.812124 40.2
18.1974 -0.367796 0.811804 40.3
18.2462 -0.357196 0.811483 40.4
18.2951 -0.346596 0.811163 40.5
18.3439 -0.335996 0.810842 40.6
18.3928 -0.325396 0.810522 40.7
18.4417 -0.314796 0.810201 40.8
18.4905 -0.304195 0.809881 40.9
18.5394 -0.293595 0.80956 41
18.5883 -0.282995 0.80924 41.1
18.6371 -0.272395 0.808919 41.2
18.686 -0.261795 0.808599 41.3
18.7349 -0.251194 0.808278 41.4
18.7837 -0.240594 0.807957 41.5
18.8326 -0.229994 0.807637 41.6
18.8814 -0.219394 0.807316 41.7
18.9303 -0.208794 0.806996 41.8
18.9792 -0.198193 0.806675 41.9
19.028 -0.187593 0.806355 42
19.0769 -0.176993 0.806034 42.1
19.1258 -0.166393 0.805714 42.2
19.1746 -0.155792 0.805393 42.3
19.2235 -0.145192 0.805073 42.4
19.2724 -0.134592 0.804752 42.5
19.3212 -0.123992 0.804432 42.6
19.3701 -0.113391 0.804111 42.7
19.4189 -0.102791 0.80379 42.8
19.4678 -0.0921909 0.80347 42.9
19.5167 -0.0815906 0.803149 43
19.5655 -0.0709903 0.802829 43.1
19.6144 -0.0603901 0.802508 43.2
19.6633 -0.0497898 0.802188 43.3
19.6731 -0.0421892 0.800046 43.4
19.6891 -0.033447 0.798551 43.5
19.7103 -0.0241777 0.797494 43.6
19.7361 -0.0149477 0.796735 43.7
19.7658 -0.00622894 0.796178 43.8
19.7989 0.00159717 0.795759 43.9
19.8348 0.00822507 0.795432 44
19.8732 0.0134101 0.795166 44.1
