1386113605.472511771 -1.06346e-29 1.86447e-29 0 5.404 -2.70807e-30 4.74779e-30  0 0.0240176 6
1386113605.535015413 -1.06813e-29 1.87271e-29 0 5.245 -7.47072e-31 1.31844e-30  0 -0.0443986 6
1386113605.602535201 -1.06937e-29 1.87488e-29 0 5.304 -1.82751e-31 3.21715e-31  0 0.015251 6
1386113605.665445912 -1.06966e-29 1.87539e-29 0 5.596 -4.65395e-32 8.09263e-32  0 0.0810095 6
1386113605.731851949 -1.06976e-29 1.87556e-29 0 5.982 -1.44379e-32 2.47199e-32  0 0.101451 6
1386113605.795661236 -1.06978e-29 1.8756e-29 0 6.169 -3.59284e-33 6.10701e-33  0 0.0511488 6
1386113605.860628535 -1.06979e-29 1.87561e-29 0 6.476 -9.15571e-34 1.53791e-33  0 0.0824747 6
1386113605.926478465 -1.91623e-11 -1.12988e-11 0 165.465 -2.90999e-10 -1.71583e-10  0 42.1395 6
1386113605.990969318 -4.30314e-13 -1.83777e-13 0 165.628 2.90459e-10 1.7235e-10  0 0.0441156 6
1386113606.058602104 -0.00872204 0.000530852 0.241 165.735 -0.128962 0.00784904  3.56336 0.027611 6
1386113606.121248064 -0.0175037 0.000568903 0.261 165.783 -0.140179 0.000607397  0.319254 0.0133741 6
1386113606.186333981 -0.0248976 0.000259544 0.258 165.898 -0.113602 -0.00475309  -0.0460929 0.0308355 6
1386113606.254162409 -0.0280248 -0.00228494 0.284 165.943 -0.0461048 -0.0375135  0.38332 0.0115787 6
1386113606.315660482 -0.0319353 -0.00826163 0.333 165.976 -0.0635863 -0.0971851  0.796773 0.00936683 6
1386113606.381768925 -0.0361076 -0.0150276 0.392 165.96 -0.0631139 -0.102346  0.892473 -0.00422184 6
1386113606.447046128 -0.0403707 -0.0231862 0.46 165.962 -0.0653071 -0.124984  1.04171 0.00053445 6
1386113606.510477876 -0.0444965 -0.0333915 0.535 165.907 -0.0650428 -0.160887  1.18237 -0.0151355 6
1386113606.577059287 -0.0496188 -0.0452833 0.596 165.813 -0.0769341 -0.178606  0.916172 -0.0246391 6
1386113606.642244271 -0.0559201 -0.0569279 0.648 165.704 -0.0966672 -0.178639  0.79773 -0.0291871 6
1386113606.707273568 -0.0642157 -0.0680863 0.675 165.652 -0.127567 -0.17159  0.415197 -0.0139569 6
1386113606.772563085 -0.074529 -0.0791921 0.688 165.596 -0.157962 -0.170101  0.199113 -0.0149699 6
1386113606.837629569 -0.0847523 -0.0902115 0.699 165.624 -0.157122 -0.169356  0.169058 0.00751063 6
1386113606.902802668 -0.0929433 -0.100459 0.694 165.665 -0.12568 -0.157228  -0.0767188 0.0109799 6
1386113606.966955285 -0.0991507 -0.109473 0.683 165.781 -0.0967599 -0.140507  -0.171466 0.0315623 6
1386113607.033038325 -0.10342 -0.117431 0.676 165.914 -0.0646053 -0.120433  -0.105927 0.0351257 6
1386113607.098082806 -0.105931 -0.12364 0.663 166.036 -0.0386021 -0.0954547  -0.199863 0.0327345 6
1386113607.163191940 -0.107534 -0.126118 0.658 166.179 -0.0246278 -0.0380667  -0.0767941 0.0383343 6
1386113607.228786285 -0.107855 -0.127891 0.646 166.246 -0.00488547 -0.0270187  -0.182943 0.0178277 6
1386113607.293591745 -0.108208 -0.12907 0.638 166.301 -0.00544732 -0.0182026  -0.123446 0.0148105 6
1386113607.365839340 -0.108423 -0.129636 0.638 166.38 -0.00297816 -0.00782677  0 0.0190869 6
1386113607.423784792 -0.108635 -0.130154 0.638 166.434 -0.00365332 -0.00894793  0 0.0162652 6
1386113607.488926657 -0.108834 -0.130213 0.64 166.498 -0.00305468 -0.000905025  0.0307022 0.0171461 6
1386113607.554299358 -0.108915 -0.130225 0.643 166.565 -0.00123942 -0.000180088  0.0458907 0.0178881 6
1386113607.618256932 -0.109213 -0.129966 0.645 166.609 -0.00465902 0.00405399  0.0312707 0.0120047 6
1386113607.684169216 -0.109421 -0.129496 0.652 166.613 -0.00316355 0.00712633  0.106202 0.00106264 6
1386113607.749303498 -0.110029 -0.129013 0.657 166.654 -0.00932744 0.00741869  0.0767645 0.0109864 6
1386113607.814507206 -0.110697 -0.128168 0.663 166.659 -0.0102456 0.0129613  0.0920193 0.00133559 6
1386113607.879854867 -0.111079 -0.127525 0.669 166.694 -0.00584438 0.00983091  0.0918166 0.00934891 6
1386113607.944609502 -0.111252 -0.126686 0.674 166.706 -0.00267305 0.0129632  0.0772145 0.00323258 6
1386113608.009842658 -0.11116 -0.125927 0.678 166.707 0.0014081 0.0116295  0.0613185 0.000269447 6
1386113608.074835996 -0.111181 -0.12521 0.682 166.688 -0.000319803 0.0110416  0.0615448 -0.0051015 6
1386113608.140025815 -0.110791 -0.12433 0.678 166.696 0.00597866 0.0134938  -0.0613593 0.00214067 6
1386113608.205058169 -0.110444 -0.123532 0.677 166.723 0.00532812 0.0122648  -0.015377 0.00724838 6
1386113608.268600345 -0.11014 -0.122782 0.675 166.73 0.00479106 0.0118094  -0.0314752 0.00191956 6
1386113608.335462093 -0.110302 -0.121714 0.674 166.738 -0.0024264 0.0159642  -0.0149562 0.00209112 6
1386113608.400353173 -0.110203 -0.120488 0.675 166.748 0.00152286 0.018901  0.0154104 0.00268815 6
1386113608.466050957 -0.109812 -0.119611 0.672 166.746 0.00595078 0.0133555  -0.0456636 -0.000531029 6
1386113608.530806441 -0.109898 -0.118541 0.673 166.757 -0.00132567 0.0165175  0.0154427 0.00296521 6
1386113608.595813950 -0.110032 -0.117727 0.674 166.785 -0.00205009 0.0125162  0.0153828 0.00751744 6
1386113608.660817686 -0.11014 -0.117051 0.674 166.801 -0.00167214 0.010406  0 0.00429359 6
1386113608.726004743 -0.109755 -0.116558 0.675 166.774 0.00591145 0.00756583  0.0153405 -0.0072271 6
1386113608.791457424 -0.109454 -0.116068 0.676 166.793 0.00460291 0.00748081  0.0152782 0.0050657 6
1386113608.856362369 -0.109127 -0.115585 0.674 166.794 0.00502662 0.00744974  -0.0308143 0.000270809 6
1386113608.921336196 -0.108951 -0.115208 0.675 166.825 0.00271684 0.00579702  0.0153908 0.00832471 4
1386113608.987600961 0.132529 0.0872097 0.675 -0.0279999 0.00282435 -0.00200617  0 -43.9469 3
