1388035736.528344241 0 0 0 54.562 0 0  0 0.163943 2
1388035736.628243396 0 0 0 54.591 0 0  0 0.00506645 2
1388035736.728377357 0 0 0 54.622 0 0  0 0.00540364 2
1388035736.828320510 0 0 0 54.654 0 0  0 0.00558783 2
1388035736.928371503 0 0 0 54.685 0 0  0 0.00540812 2
1388035737.028347557 0 0 0 54.715 0 0  0 0.00523703 2
1388035737.128232602 0 0 0 54.745 0 0  0 0.0052418 2
1388035737.228340237 0 0 0 54.772 0 0  0 0.0047074 2
1388035737.328240158 0 0 0 54.801 0 0  0 0.00506641 2
1388035737.428304833 0 0 0 54.834 0 0  0 0.00575603 2
1388035737.528240523 0 0 0 54.865 0 0  0 0.00541436 2
1388035737.628242682 0 0 0 54.894 0 0  0 0.00506123 2
1388035737.728334887 0 0 0 54.926 0 0  0 0.0055795 2
1388035737.828246683 0 0 0 54.956 0 0  0 0.00524106 2
1388035737.928236016 0 0 0 54.989 0 0  0 0.0057597 2
1388035738.028336091 0 0 0 55.018 0 0  0 0.00505694 2
1388035738.128241687 0 0 0 55.05 0 0  0 0.00558993 2
1388035738.228340794 0 0 0 55.079 0 0  0 0.00505633 2
1388035738.328232618 0 0 0 55.111 0 0  0 0.00559136 2
1388035738.428363011 0 0 0 55.142 0 0  0 0.00540317 2
1388035738.528293614 0 0 0 55.174 0 0  0 0.00558919 2
1388035738.628335370 0 0 0 55.205 0 0  0 0.00540862 2
1388035738.728279017 0 0 0 55.237 0 0  0 0.0055878 2
1388035738.828414515 0 0 0 55.268 0 0  0 0.00540356 2
1388035738.928319536 0 0 0 55.298 0 0  0 0.00524075 2
1388035739.028247195 0 0 0 55.33 0 0  0 0.00558936 2
1388035739.128255931 0 0 0 55.361 0 0  0 0.00540974 2
1388035739.228221924 0 0 0 55.389 0 0  0 0.00488856 2
1388035739.328242674 0 0 0 55.42 0 0  0 0.00540909 2
1388035739.428324190 0 0 0 55.448 0 0  0 0.00488359 2
1388035739.528243596 0 0 0 55.476 0 0  0 0.00489084 2
1388035739.628276009 0 0 0 55.504 0 0  0 0.00488532 2
1388035739.728358845 0 0 0 55.536 0 0  0 0.00558003 2
1388035739.828350058 0 0 0 55.566 0 0  0 0.0052369 2
1388035739.928370522 0 0 0 55.597 0 0  0 0.0054091 2
1388035740.028243561 0 0 0 55.625 0 0  0 0.00489311 2
1388035740.128265573 0 0 0 55.657 0 0  0 0.00558409 2
1388035740.228223111 0 0 0 55.686 0 0  0 0.00506349 2
1388035740.328418737 0 0 0 55.713 0 0  0 0.00470326 2
1388035740.428324535 0 0 0 55.746 0 0  0 0.00576452 2
1388035740.528211607 0 0 0 55.776 0 0  0 0.00524236 2
1388035740.628367082 0 0 0 55.804 0 0  0 0.00487931 2
1388035740.728233623 0 0 0 55.835 0 0  0 0.00541744 2
1388035740.828272596 0 0 0 55.865 0 0  0 0.0052344 2
1388035740.928233565 0 0 0 55.895 0 0  0 0.00523782 2
1388035741.028361442 0 0 0 55.927 0 0  0 0.00557752 2
1388035741.128333031 0 0 0 55.96 0 0  0 0.00576139 2
1388035741.228218919 0 0 0 55.987 0 0  0 0.00471785 2
1388035741.328392901 0 0 0 56.018 0 0  0 0.00540148 2
1388035741.428371885 -0.000193641 0.000134821 0.017 56.053 0 0  0.170036 0.00610991 7
1388035741.528335434 -0.000897251 0.00057897 0.153 56.084 0 0  1.3605 0.00541218 7
1388035741.628375047 -0.00184843 0.00117696 0.301 56.112 0 0  1.47941 0.00488497 7
1388035741.728321695 -0.00280981 0.00178693 0.444 56.147 0 0  1.43076 0.00611189 7
1388035741.828373244 -0.00348541 0.00232089 0.31 56.169 0 0  -1.33931 0.00383763 7
1388035741.928277920 -0.00400267 0.00261113 0.257 56.127 0 0  -0.530506 -0.00733735 7
1388035742.028313824 -0.00441029 0.00276084 0.224 56.26 0 0  -0.329882 0.0232044 7
1388035742.128218144 -0.00475232 0.00267079 0.203 56.289 0 0  -0.210201 0.00506685 7
1388035742.228348338 -0.00499132 0.00241086 0.129 56.271 0 0  -0.739038 -0.00313778 7
1388035742.328392485 -0.00526716 0.00214706 0.191 56.304 0 0  0.619726 0.00575721 7
1388035742.428380688 -0.00557748 0.00181566 0.144 56.344 0 0  -0.470055 0.0069823 7
1388035742.528381045 -0.00606271 0.00140055 0.16 56.348 0 0  0.159999 0.000697746 7
1388035742.628328878 -0.00681292 0.00097976 0.172 56.366 0 0  0.120063 0.0031435 7
1388035742.728233612 -0.00753284 6.20117e-05 0.153 56.415 0 0  -0.190181 0.00856023 7
1388035742.828344247 -0.00811251 -0.000976896 0.047 56.456 0 -0.0103776  -1.05883 0.00714801 7
1388035742.928330508 -0.00915477 -0.00165082 0.18 56.478 -0.0104241 0  1.33018 0.00384014 7
1388035743.028343714 -0.00999704 -0.00220504 0.093 56.528 0 0  -0.869885 0.00872536 7
1388035743.128331071 -0.0110352 -0.00242622 0.158 56.536 -0.0103832 0  0.650082 0.00139634 7
1388035743.228306639 -0.0118164 -0.00278714 0.071 56.562 0 0  -0.870213 0.00453914 7
1388035743.328339821 -0.0123729 -0.00268295 -0.063 56.536 0 0  -1.33956 -0.00453652 7
1388035743.428394158 -0.0124989 -0.00348699 -0.219 56.407 0 0  -1.55915 -0.0225021 7
1388035743.528376991 -0.0134789 -0.00473879 0.097 55.812 0 -0.0125202  3.16054 -0.103865 7
1388035743.628260364 -0.0148428 -0.00580631 0.152 55.326 -0.013655 -0.0106876  0.550642 -0.0849221 7
1388035743.729544683 -0.0162872 -0.00890155 0.024 54.49 -0.0142604 -0.03056  -1.26377 -0.144059 7
1388035743.828248086 -0.018935 -0.0126067 -0.122 54.121 -0.0268259 -0.0375377  -1.47918 -0.0652492 7
1388035743.928260314 -0.0223823 -0.0159857 -0.087 54.276 -0.0344689 -0.0337861  0.349957 0.0270497 7
1388035744.028371716 -0.0262549 -0.0213314 -0.164 54.577 -0.0386831 -0.0533982  -0.769143 0.0524757 7
1388035744.128255161 -0.0205721 -0.0186536 -0.175 54.854 0.0568944 0.0268098  -0.110128 0.0484021 7
1388035744.228273875 -0.0112284 -0.00743555 -0.108 54.88 0.0934192 0.11216  0.669875 0.00453718 7
1388035744.328181703 -0.00845872 -0.0289139 -0.117 54.97 0.0277226 -0.214982  -0.090083 0.0157225 7
1388035744.428249245 -0.00144715 -0.0449295 -0.101 55.219 0.0700684 -0.160048  0.159892 0.0434295 7
1388035744.528252046 -0.000579006 -0.0433038 -0.031 15.912 0 0.0162563  0.69998 -6.86017 7
1388035744.628268814 0.000223791 -0.039416 -0.025 15.95 0 0.0388717  0.0599899 0.00663116 7
1388035744.728354440 0.000559603 -0.0358498 0.092 15.853 0 0.0356313  1.169 -0.0169152 7
1388035744.828372968 0.00037595 -0.0349136 0.124 15.82 0 0  0.319941 -0.00575852 7
1388035744.928396638 0.000824864 -0.0351645 0.113 15.787 0 0  -0.109974 -0.00575822 7
1388035745.028355301 -2.7268e-05 -0.0390639 0.171 15.747 0 -0.0390099  0.58024 -0.0069842 7
1388035745.128355034 -0.00660242 -0.0555323 0.248 15.771 -0.0657517 -0.164685  0.770002 0.00418883 7
1388035749.528366311 -0.124619 0.295593 1.783 22.724 -0.026822 0.079801  0.348863 0.0275801 4
1388035749.628488537 -0.125576 0.30338 1.823 22.698 0 0.0777704  0.399512 -0.00453249 4
1388035749.728453552 -0.125406 0.309883 1.822 22.775 0 0.0650557  -0.0100035 0.0134437 4
1388035759.728384266 -0.125406 0.309883 0 -30.803 0 0  -0.182201 -0.0935119 0
1388035760.028370389 -0.125406 0.309883 0 -30.668 0 0  0 0.00785436 0
1388035760.128364871 -0.125406 0.309883 0 -30.613 0 0  0 0.00959956 0
1388035760.328348415 -0.125406 0.309883 0 -30.407 0 0  0 0.0179785 0
1388035760.428349321 -0.125406 0.309883 0 -30.319 0 0  0 0.0153586 0
1388035760.528364973 -0.125406 0.309883 0 -30.252 0 0  0 0.0116918 0
1388035760.628336837 -0.125406 0.309883 0 -30.199 0 0  0 0.00925309 0
1388035760.728358785 -0.125406 0.309883 0 -30.161 0 0  0 0.00663081 0
1388035760.828330284 -0.125406 0.309883 0 -30.126 0 0  0 0.00611037 0
1388035760.928354250 -0.125406 0.309883 0 -29.964 0 0  0 0.0282673 0
1388035761.028355448 -0.125406 0.309883 0 -29.962 0 0  0 0.000349203 0
1388035761.128251742 -0.125406 0.309883 0 -29.889 0 0  0 0.0127541 0
1388035761.228281498 -0.125406 0.309883 0 -29.85 0 0  0 0.00680468 0
1388035761.328236387 -0.125406 0.309883 0 -29.814 0 0  0 0.00628623 0
1388035761.428365254 -0.125406 0.309883 0 -29.78 0 0  0 0.00592622 0
1388035761.528240107 -0.125406 0.309883 0 -29.746 0 0  0 0.00594162 0
1388035761.628172081 -0.125406 0.309883 0 -29.715 0 0  0 0.00541423 0
1388035761.728239072 -0.125406 0.309883 0 -29.681 0 0  0 0.00593022 0
1388035761.828241796 -0.125406 0.309883 0 -29.644 0 0  0 0.00645766 0
1388035761.928353898 -0.125406 0.309883 0 -29.608 0 0  0 0.00627603 0
1388035762.028251176 -0.125406 0.309883 0 -29.575 0 0  0 0.00576534 0
1388035762.128372916 -0.125406 0.309883 0 -29.541 0 0  0 0.00592697 0
1388035762.228350991 -0.125406 0.309883 0 -29.506 0 0  0 0.00610997 0
1388035762.328338700 -0.125406 0.309883 0 -29.472 0 0  0 0.00593492 0
1388035762.428354497 -0.125406 0.309883 0 -29.438 0 0  0 0.00593325 0
1388035762.528250088 -0.125406 0.309883 0 -29.401 0 0  0 0.00646458 0
1388035762.628357514 -0.125406 0.309883 0 -29.368 0 0  0 0.00575324 0
1388035762.728317363 -0.125406 0.309883 0 -29.333 0 0  0 0.00611108 0
1388035762.828216860 -0.125406 0.309883 0 -29.298 0 0  0 0.00611477 0
1388035762.928239847 -0.125406 0.309883 0 -29.26 0 0  0 0.00663075 0
1388035763.028246216 -0.125406 0.309883 0 -29.221 0 0  0 0.00680627 0
1388035763.128300419 -0.125406 0.309883 0 -29.186 0 0  0 0.00610532 0
1388035763.228281494 -0.125406 0.309883 0 -29.152 0 0  0 0.00593531 0
1388035763.328343387 -0.125406 0.309883 0 -29.118 0 0  0 0.00593052 0
1388035763.428249801 -0.125406 0.309883 0 -29.082 0 0  0 0.00628895 0
1388035763.528325936 -0.125406 0.309883 0 -29.044 0 0  0 0.00662722 0
1388035763.628336832 -0.125406 0.309883 0 -29.011 0 0  0 0.00575912 0
1388035763.728254577 -0.125406 0.309883 0 -28.977 0 0  0 0.00593907 0
1388035763.828329517 -0.125406 0.309883 0 -28.938 0 0  0 0.00680161 0
1388035763.928223087 -0.125406 0.309883 0 -28.905 0 0  0 0.00576556 0
1388035764.028270655 -0.125406 0.309883 0 -28.869 0 0  0 0.00628041 0
1388035764.128376829 -0.125406 0.309883 0 -28.834 0 0  0 0.00610215 0
1388035764.228231144 -0.125406 0.309883 0 -28.797 0 0  0 0.00646692 0
1388035764.328254472 -0.125406 0.309883 0 -28.762 0 0  0 0.00610753 0
1388035764.428376150 -0.125406 0.309883 0 -28.725 0 0  0 0.00644965 0
1388035764.528342148 -0.125406 0.309883 0 -28.69 0 0  0 0.0061107 0
1388035764.628355206 -0.125406 0.309883 0 -28.649 0 0  0 0.00715498 0
1388035764.728244798 -0.125406 0.309883 0 -28.602 0 0  0 0.00821227 0
1388035764.828376108 -0.125406 0.309883 0 -29.009 0 0  0 -0.070942 0
1388035764.928344678 -0.125406 0.309883 0 -27.997 0 0  0 0.176683 0
1388035765.028288677 -0.125406 0.309883 0 -26.872 0 0  0 0.19646 0
1388035765.128378712 -0.125406 0.309883 0 -24.955 0 0  0 0.334279 0
1388035765.228248459 -0.125406 0.309883 0 -24.113 0 0  0 0.147148 0
1388035765.328325220 -0.125406 0.309883 0 -23.494 0 0  0 0.107953 0
1388035765.428249872 -0.125406 0.309883 0 -20.327 0 0  0 0.553163 0
1388035765.528302121 -0.125406 0.309883 0 -15.125 0 0  0 0.907446 0
1388035765.628245281 -0.125406 0.309883 0 -8.234 0 0  0 1.20339 0
1388035765.728366389 -0.125406 0.309883 0 -3.061 0 0  0 0.901767 0
1388035765.828305982 -0.125406 0.309883 0 9.583 0 0  0 2.20813 0
1388035765.928255699 -0.125406 0.309883 0 17.865 0 0  0 1.44621 0
1388035766.028377023 -0.125406 0.309883 0 22.907 0 0  0 0.878929 0
1388035766.128378357 -0.125406 0.309883 0 28.877 0 0  0 1.04195 0
1388035766.228257614 -0.125406 0.309883 0 31.446 0 0  0 0.448917 0
1388035766.328250909 -0.125406 0.309883 0 41.906 0 0  0 1.82574 0
1388035766.428219143 -0.125406 0.309883 0 51.851 0 0  0 1.73628 0
1388035766.528240102 -0.125406 0.309883 0 63.302 0 0  0 1.99816 0
1388035766.628362263 -0.125406 0.309883 0 71.016 0 0  0 1.3447 0
1388035766.728262388 -0.125406 0.309883 0 83.988 0 0  0 2.2663 0
1388035766.828356685 -0.125406 0.309883 0 95.387 0 0  0 1.98763 0
1388035766.928246834 -0.125406 0.309883 0 118.658 0 0  0 4.06602 0
1388035767.028389869 -0.125406 0.309883 0 134.806 0 0  0 2.81433 0
1388035767.128251810 -0.125406 0.309883 0 146.346 0 0  0 2.01689 0
1388035767.228352734 -0.125406 0.309883 0 154.116 0 0  0 1.35475 0
1388035767.328345548 -0.125406 0.309883 0 156.94 0 0  0 0.492917 0
1388035767.428372588 -0.125406 0.309883 0 159.543 0 0  0 0.454186 0
1388035767.528416522 -0.125406 0.309883 0 155.766 0 0  0 -0.65892 0
1388035767.628241091 -0.125406 0.309883 0 149.906 0 0  0 -1.02456 0
1388035767.728239491 -0.125406 0.309883 0 144.743 0 0  0 -0.90113 0
1388035767.828240682 -0.125406 0.309883 0 142.083 0 0  0 -0.464253 0
1388035767.928252768 -0.125406 0.309883 0 140.009 0 0  0 -0.361936 0
1388035768.028311162 -0.125406 0.309883 0 136.087 0 0  0 -0.684118 0
1388035768.128239235 -0.125406 0.309883 0 129.289 0 0  0 -1.18733 0
1388035768.228271794 -0.125406 0.309883 0 127.943 0 0  0 -0.234845 0
1388035768.328322227 -0.125406 0.309883 0 124.463 0 0  0 -0.607069 0
1388035768.428331865 -0.125406 0.309883 0 118.448 0 0  0 -1.04971 0
1388035768.528242404 -0.125406 0.309883 0 111.408 0 0  0 -1.22981 0
1388035768.628369511 -0.125406 0.309883 0 104.842 0 0  0 -1.14453 0
1388035768.728258208 -0.125406 0.309883 0 104.042 0 0  0 -0.139782 0
1388035768.828375267 -0.125406 0.309883 0 105.797 0 0  0 0.305947 0
1388035768.928366335 -0.125406 0.309883 0 95.429 0 0  0 -1.80972 0
1388035769.028333240 -0.125406 0.309883 0 100.141 0 0  0 0.822671 0
1388035769.128243357 -0.125406 0.309883 0 112.222 0 0  0 2.11043 0
1388035769.228286037 -0.125406 0.309883 0 113.839 0 0  0 0.282099 0
1388035769.328237790 -0.125406 0.309883 0 113.669 0 0  0 -0.0296846 0
1388035769.428337596 -0.125406 0.309883 0 113.401 0 0  0 -0.0467278 0
1388035769.528322097 -0.125406 0.309883 0 111.423 0 0  0 -0.34528 0
1388035769.628323433 -0.125406 0.309883 0 109.35 0 0  0 -0.361802 0
1388035769.728319877 -0.125406 0.309883 0 106.629 0 0  0 -0.474921 0
1388035769.828224886 -0.125406 0.309883 0 103.232 0 0  0 -0.593451 0
1388035769.928245862 -0.125406 0.309883 0 100.954 0 0  0 -0.397503 0
1388035770.128386949 -0.125406 0.309883 0 99.882 0 0  0 -0.0934836 0
1388035770.228388852 -0.125406 0.309883 0 99.77 0 0  0 -0.0195486 0
1388035770.328393388 -0.125406 0.309883 0 98.71 0 0  0 -0.184996 0
1388035770.428382918 -0.125406 0.309883 0 101.826 0 0  0 0.543901 0
1388035770.528354018 -0.125406 0.309883 0 110.007 0 0  0 1.42827 0
1388035770.628224049 -0.125406 0.309883 0 111.812 0 0  0 0.315441 0
1388035770.728289151 -0.125406 0.309883 0 111.028 0 0  0 -0.136744 0
1388035770.828257932 -0.125406 0.309883 0 108.401 0 0  0 -0.458641 0
1388035770.928260803 -0.125406 0.309883 0 108.095 0 0  0 -0.0534055 0
1388035771.028329386 -0.125406 0.309883 0 107.492 0 0  0 -0.105172 0
1388035771.128324796 -0.125406 0.309883 0 106.412 0 0  0 -0.188503 0
1388035771.228369838 -0.125406 0.309883 0 107.342 0 0  0 0.162243 0
1388035771.328344367 -0.125406 0.309883 0 114.683 0 0  0 1.28157 0
1388035771.428324956 -0.125406 0.309883 0 126.797 0 0  0 2.1147 0
1388035771.528317980 -0.125406 0.309883 0 140.183 0 0  0 2.33646 0
1388035771.628394878 -0.125406 0.309883 0 149.275 0 0  0 1.58563 0
1388035771.728384551 -0.125406 0.309883 0 155.258 0 0  0 1.04434 0
1388035771.828356973 -0.125406 0.309883 0 159.638 0 0  0 0.764666 0
1388035771.928247396 -0.125406 0.309883 0 164.959 0 0  0 0.929708 0
1388035772.028242867 -0.125406 0.309883 0 170.886 0 0  0 1.0345 0
1388035772.128243013 -0.125406 0.309883 0 178.611 0 0  0 1.34826 0
1388035772.228374949 -0.125406 0.309883 0 -171.775 0 0  0 -61.0733 0
1388035772.328246023 -0.125406 0.309883 0 -160.347 0 0  0 1.99714 0
1388035772.428264470 -0.125406 0.309883 0 -151.456 0 0  0 1.55149 0
1388035772.528222985 -0.125406 0.309883 0 -143.616 0 0  0 1.36891 0
1388035772.628249748 -0.125406 0.309883 0 -136.579 0 0  0 1.22786 0
1388035772.728352478 -0.125406 0.309883 0 -129.24 0 0  0 1.27958 0
1388035772.828251154 -0.125406 0.309883 0 -122.64 0 0  0 1.15309 0
1388035772.928277151 -0.125406 0.309883 0 -118.791 0 0  0 0.671602 0
1388035773.028365225 -0.125406 0.309883 0 -113.758 0 0  0 0.877651 0
1388035773.128372997 -0.125406 0.309883 0 -106.957 0 0  0 1.18691 0
1388035773.228339046 -0.125406 0.309883 0 -102.711 0 0  0 0.741319 0
1388035773.328381447 -0.125406 0.309883 0 -93.509 0 0  0 1.60537 0
1388035773.428382919 -0.125406 0.309883 0 -86.228 0 0  0 1.27076 0
1388035773.528309306 -0.125406 0.309883 0 -78.52 0 0  0 1.34629 0
1388035773.628252958 -0.125406 0.309883 0 -76.702 0 0  0 0.317479 0
1388035773.728253808 -0.125406 0.309883 0 -75.909 0 0  0 0.138405 0
1388035773.828268554 -0.125406 0.309883 0 -74.118 0 0  0 0.312542 0
1388035773.928222738 -0.125406 0.309883 0 -72.631 0 0  0 0.259649 0
1388035774.028365507 -0.125406 0.309883 0 -72.673 0 0  0 -0.0073199 0
1388035774.128258164 -0.125406 0.309883 0 -71.635 0 0  0 0.181359 0
1388035774.228374393 -0.125406 0.309883 0 -71.79 0 0  0 -0.027021 0
1388035774.328352525 -0.125406 0.309883 0 -76.105 0 0  0 -0.753275 0
1388035774.428353515 -0.125406 0.309883 0 -81.646 0 0  0 -0.967077 0
1388035774.528220542 -0.125406 0.309883 0 -84.264 0 0  0 -0.457535 0
1388035774.628379590 -0.125406 0.309883 0 -84.836 0 0  0 -0.0996741 0
1388035774.828397259 -0.125406 0.309883 0 -85.216 0 0  0 -0.0331588 0
1388035775.028250125 -0.125406 0.309883 0 -87.531 0 0  0 -0.20217 0
1388035775.128260960 -0.125406 0.309883 0 -87.451 0 0  0 0.0139614 0
1388035775.228254055 -0.125406 0.309883 0 -87.475 0 0  0 -0.00418944 0
1388035775.328246022 -0.125406 0.309883 0 -87.501 0 0  0 -0.00453839 0
1388035775.428291702 -0.125406 0.309883 0 -87.418 0 0  0 0.0144797 0
1388035775.528321264 -0.125406 0.309883 0 -87.25 0 0  0 0.0293127 0
1388035775.628351152 -0.125406 0.309883 0 -87.335 0 0  0 -0.0148307 0
