1388302241.503070234 -0.399091 -0.5353 0.929 6.992 -0.0676215 -0.0907006  0.157409 0.0206772 7
1388302241.603056322 -0.40094 -0.544608 0.911 6.878 -0.0184866 -0.0930834  -0.180025 -0.0198996 7
1388302241.703058621 -0.403146 -0.549613 0.882 6.767 -0.022058 -0.0500533  -0.289993 -0.0193726 7
1388302241.803048783 -0.402786 -0.55481 0.855 6.613 0 -0.0519737  -0.270027 -0.0268808 7
1388302241.903060085 -0.399787 -0.557241 0.825 6.499 0.0299895 -0.024311  -0.299966 -0.0198945 7
1388302242.003058129 -0.397799 -0.557779 0.795 6.384 0.0198796 0  -0.300006 -0.0200717 7
1388302242.103058887 -0.39432 -0.560583 0.77 6.322 0.0347909 -0.028036  -0.249998 -0.0108209 7
1388302242.203053195 -0.390357 -0.560855 0.757 6.299 0.0396247 0  -0.130007 -0.00401453 7
1388302242.303071855 -0.387105 -0.560238 0.739 6.222 0.0325131 0  -0.179966 -0.0134365 7
1388302242.403059370 -0.382754 -0.560708 0.73 6.157 0.043516 0  -0.0900112 -0.0113461 7
1388302242.503056650 -0.37808 -0.559228 0.728 6.055 0.0467457 0.0148022  -0.0200005 -0.0178029 7
1388302242.603060704 -0.37479 -0.558949 0.731 6.006 0.0328956 0  0.0299988 -0.00855173 7
1388302242.703073004 -0.369536 -0.559701 0.733 5.955 0.0525307 0  0.0199975 -0.00890011 7
1388302242.803063212 -0.3652 -0.560046 0.743 5.928 0.043372 0  0.10001 -0.00471284 7
1388302242.903074561 -0.360974 -0.559458 0.748 5.976 0.0422542 0  0.0499943 0.00837661 7
1388302243.003061933 -0.355112 -0.560752 0.752 6.042 0.0586273 -0.0129501  0.0400051 0.0115206 4
1388302243.103141152 -0.289864 -0.596526 0.744 0.072 0.0424862 -0.0150922  -0.0799367 -1.04114 4
1388302243.203116039 -0.284304 -0.597758 0.734 0.0950003 0.055609 -0.0123211  -0.100025 0.00401531 4
1388302243.303095644 -0.276931 -0.599618 0.726 0.113 0.0737469 -0.0186068  -0.0800163 0.00314226 4
1388302243.403089257 -0.269686 -0.59993 0.72 0.166 0.0724532 0  -0.0600038 0.00925083 4
1388302243.503144476 -0.261752 -0.599668 0.714 0.268 0.0793013 0  -0.0599669 0.0177925 4
1388302243.603133761 -0.253553 -0.600539 0.712 0.339 0.0819927 0  -0.0200021 0.0123932 4
1388302243.703080427 -0.243422 -0.600692 0.709 0.412 0.101369 0  -0.030016 0.0127477 4
1388302243.803092107 -0.231809 -0.601284 0.706 0.494 0.116111 0  -0.0299965 0.01431 4
1388302243.903093962 -0.218435 -0.601409 0.704 0.599 0.133737 0  -0.0199996 0.0183256 4
1388302244.003073059 -0.205061 -0.60019 0.711 0.755 0.133773 0.0121951  0.0700146 0.0272329 4
1388302244.103124231 -0.191224 -0.598114 0.71 0.885 0.138303 0.0207534  0 0.0226777 4
1388302244.203096176 -0.17643 -0.595038 0.725 1.011 0.147975 0.0307629  0.150042 0.0219973 4
1388302244.303103446 -0.163822 -0.591555 0.723 1.152 0.126076 0.0348271  -0.0199985 0.0246073 4
1388302244.503558334 -0.138463 -0.58068 0.712 1.241 0.126508 0.0542545  -0.0548752 0.00774911 3
1388302244.603838696 -0.124938 -0.573523 0.71 1.199 0.134864 0.0713641  -0.0199441 -0.00730986 3
1388302244.704103275 -0.115737 -0.568324 0.712 1.264 0.0917709 0.0518566  0.0199472 0.0113147 3
1388302244.804373128 -0.109423 -0.561002 0.714 -0.396 0.0629717 0.0730219  0.0199462 -0.288945 3
1388302244.904623535 -0.104468 -0.552095 0.721 -4.132 0.0494215 0.0888474  0.0698252 -0.650426 3
1388302245.004894885 -0.0986213 -0.549409 0.727 -8.112 0.0583109 0.0267916  0.0598376 -0.692761 3
1388302245.105151265 -0.0883347 -0.545446 0.729 -11.716 0.102603 0.0395289  0.0199489 -0.627408 3
1388302245.205407530 -0.070111 -0.550774 0.732 -14.974 0.181771 -0.0531451  0.0299233 -0.567175 3
1388302245.305669565 -0.0474059 -0.56555 0.732 -17.796 0.226458 -0.147372  0 -0.491245 3
1388302245.405937459 -0.0181062 -0.58897 0.731 -20.32 0.292215 -0.233575  0 -0.439344 3
1388302245.506209022 0.0207938 -0.622651 0.731 -22.611 0.387946 -0.335905  0 -0.398772 3
1388302245.606487858 0.0580606 -0.667193 0.734 -24.655 0.371632 -0.444182  0.0299166 -0.355753 3
1388302245.706747442 0.0937432 -0.715586 0.731 -26.641 0.355902 -0.482669  -0.0299223 -0.345725 3
1388302245.807016704 0.134399 -0.769708 0.728 -28.489 0.405467 -0.539773  -0.0299194 -0.321671 3
1388302245.907325659 0.170878 -0.820927 0.725 -30.07 0.36367 -0.510611  -0.0299076 -0.275087 3
1388302246.007580978 0.207246 -0.870172 0.72 -31.523 0.362749 -0.491193  -0.0498727 -0.252951 3
1388302246.107840140 0.239515 -0.911045 0.719 -32.781 0.321856 -0.407679  0 -0.218995 3
1388302246.208123846 0.274245 -0.949741 0.715 -33.89 0.346322 -0.385862  -0.0398868 -0.193009 3
1388302246.549008434 0.440877 -1.12957 0.709 -37.652 0.488822 -0.527546  -0.0176013 -0.192614 3
1388302246.649284031 0.488237 -1.18068 0.708 -38.729 0.4723 -0.5097  0 -0.187455 3
1388302246.749593869 0.535125 -1.233 0.706 -39.679 0.467424 -0.521541  -0.0199382 -0.165294 3
1388302246.849857769 0.584094 -1.29467 0.71 -40.561 0.488403 -0.615044  0.0398947 -0.153533 3
1388302246.950120916 0.626613 -1.34506 0.712 -41.371 0.424074 -0.502597  0.0199475 -0.141 3
1388302247.050392496 0.668062 -1.39473 0.719 -42.106 0.413372 -0.495407  0.0698104 -0.127934 3
1388302247.150655589 0.71224 -1.44232 0.722 -42.843 0.44062 -0.474627  0.0299213 -0.128293 3
1388302247.250916692 0.753834 -1.49117 0.729 -43.527 0.41486 -0.487218  0.0698177 -0.11907 3
1388302247.351221048 0.800233 -1.54137 0.731 -44.236 0.462576 -0.500441  0.0199393 -0.123368 3
1388302247.451495457 0.841622 -1.58629 0.733 -44.936 0.412757 -0.447957  0.0199453 -0.121839 3
1388302247.551763846 0.887084 -1.63705 0.728 -45.565 0.453404 -0.506284  -0.0498662 -0.109487 3
1388302247.652045530 0.929524 -1.69349 0.73 -46.143 0.423206 -0.562777  0.0199438 -0.100597 3
1388302247.752294693 0.962312 -1.74934 0.734 -46.576 0.327068 -0.557201  0.0399006 -0.0753847 3
1388302247.852566012 0.989352 -1.80755 0.721 -46.967 0.269673 -0.580441  -0.129648 -0.0680575 3
1388302247.952860280 1.01179 -1.86249 0.714 -47.226 0.223754 -0.547822  -0.0697946 -0.0450712 3
1388302248.053150404 1.02709 -1.90854 0.707 -47.513 0.152525 -0.459132  -0.0697975 -0.0499465 3
1388302248.153412662 1.04078 -1.94477 0.702 -47.714 0.136496 -0.361409  -0.0498692 -0.0349894 3
1388302248.253654845 1.0543 -1.97083 0.684 -47.78 0.134878 -0.259934  -0.179565 -0.011491 3
1388302248.353907716 1.07221 -1.99109 0.677 -47.817 0.178658 -0.20211  -0.0698234 -0.00644188 3
1388302248.454157347 1.09628 -2.00567 0.675 -47.889 0.240118 -0.145478  -0.0199502 -0.0125348 3
1388302248.554419390 1.12671 -2.01895 0.679 -48.027 0.303545 -0.132447  0.0398955 -0.0240227 3
1388302248.654668354 1.16447 -2.03459 0.685 -48.25 0.376614 -0.155927  0.059851 -0.0388241 3
1388302248.754919829 1.19888 -2.05203 0.69 -48.554 0.343287 -0.173972  0.0498746 -0.0529251 3
1388302248.855177886 1.22934 -2.07247 0.695 -48.882 0.303811 -0.203909  0.0498713 -0.0570993 3
1388302248.955438586 1.26258 -2.10015 0.698 -49.135 0.331549 -0.276091  0.029922 -0.0440417 3
1388302249.055702091 1.30526 -2.13169 0.703 -49.408 0.425632 -0.314531  0.0498686 -0.0475227 3
1388302249.155959346 1.34977 -2.15956 0.7 -49.721 0.443929 -0.277993  -0.029923 -0.0544886 3
1388302249.256204969 1.39226 -2.17857 0.7 -50.917 0.423912 -0.189709  0 -0.20823 3
1388302249.356474165 1.44194 -2.18966 0.7 -53.871 0.495476 -0.110572  0 -0.514186 3
1388302249.456712771 1.50154 -2.21064 0.701 -55.25 0.594504 -0.209306  0 -0.240108 3
1388302249.556981492 1.55844 -2.24413 0.701 -55.975 0.567532 -0.333952  0 -0.126197 3
1388302249.657356831 1.59113 -2.28535 0.697 -55.824 0.325695 -0.410669  -0.0398504 0.0262554 3
1388302249.757613572 1.61706 -2.33644 0.705 -54.851 0.258643 -0.509567  0.0797951 0.169386 3
1388302249.857902241 1.63725 -2.38453 0.704 -53.693 0.20125 -0.479604  0 0.201527 3
1388302249.958148299 1.66527 -2.4448 0.703 -52.611 0.279545 -0.601142  0 0.188381 3
1388302250.058405765 1.70053 -2.50019 0.702 -51.58 0.351733 -0.552548  0 0.179482 3
1388302250.158664211 1.74065 -2.55537 0.699 -50.672 0.400165 -0.550375  -0.0299227 0.158067 3
1388302250.258904968 1.78398 -2.60714 0.691 -49.697 0.432236 -0.516385  -0.0798079 0.169761 3
1388302250.359168856 1.82574 -2.65764 0.688 -48.736 0.416494 -0.503718  -0.029921 0.167284 3
1388302250.459415883 1.8587 -2.69144 0.686 -47.83 0.328747 -0.337166  -0.0199507 0.157738 3
1388302250.559670634 1.87506 -2.69213 0.682 -46.835 0.163211 0  -0.0398984 0.173219 3
1388302250.659932460 1.89156 -2.69088 0.674 -45.977 0.164623 0.0123975  -0.0797911 0.149358 3
1388302250.760192779 1.90975 -2.69191 0.675 -45.17 0.18137 -0.0102534  0 0.140483 3
1388302250.860453460 1.93301 -2.69921 0.664 -44.48 0.232024 -0.0727771  -0.109714 0.120114 3
1388302250.960717539 1.96113 -2.7024 0.659 -43.913 0.280415 -0.0318486  -0.0498683 0.0986998 3
1388302251.060978989 1.99707 -2.70607 0.652 -43.332 0.358508 -0.0365911  -0.0698175 0.101139 3
1388302251.161228450 2.03303 -2.70296 0.65 -42.813 0.358689 0.0309957  -0.0199502 0.0903574 3
1388302251.261476059 2.07268 -2.70481 0.649 -42.312 0.395477 -0.0184525  0 0.0872249 3
1388302251.361728466 2.11503 -2.71481 0.657 -41.744 0.422505 -0.0997046  0.0797986 0.0988852 3
1388302251.461988890 2.16126 -2.74766 0.657 -41.218 0.461118 -0.327653  0 0.091566 3
1388302251.562300502 2.20909 -2.7925 0.66 -40.713 0.476769 -0.446984  0.0299068 0.0878649 3
1388302251.849571967 2.35025 -2.93829 0.677 -38.753 0.49139 -0.50753  0.0591775 0.119081 3
1388302251.958116597 2.40273 -2.99338 0.685 -37.598 0.483424 -0.507467  0.0737024 0.185717 3
1388302252.058393675 2.4478 -3.03964 0.694 -36.281 0.44954 -0.461379  0.0897513 0.229225 3
1388302252.158658582 2.49593 -3.08792 0.707 -34.821 0.480001 -0.48151  0.129657 0.254145 3
1388302252.258900472 2.54586 -3.13198 0.711 -33.343 0.498074 -0.439482  0.0399035 0.257337 3
1388302252.359149843 2.59396 -3.16931 0.714 -31.808 0.479812 -0.372423  0.0299254 0.267242 3
1388302252.459425180 2.64398 -3.20068 0.716 -30.228 0.498787 -0.312785  0.0199451 0.275005 3
1388302252.559682957 2.68958 -3.22205 0.719 -28.602 0.454823 -0.213146  0.0299229 0.283061 3
1388302252.659952349 2.73143 -3.23447 0.724 -26.975 0.417376 -0.123942  0.0498657 0.283202 3
1388302252.760203085 2.77464 -3.23878 0.725 -25.327 0.431063 -0.042952  0 0.286911 3
1388302252.860469674 2.81907 -3.23733 0.725 -23.776 0.443156 0.0144983  0 0.269981 3
1388302252.960738040 2.86697 -3.22811 0.722 -22.355 0.477693 0.0919075  -0.0299197 0.247347 3
1388302253.060991556 2.91396 -3.21519 0.719 -21.031 0.468716 0.128871  -0.0299241 0.230497 3
1388302253.161243016 2.96722 -3.19995 0.717 -19.89 0.5312 0.152053  -0.0199498 0.198643 3
1388302253.261498330 3.01732 -3.1852 0.711 -18.923 0.499822 0.147058  -0.0598472 0.168344 3
1388302253.361770172 3.04662 -3.16429 0.705 -18.119 0.292182 0.208528  -0.0598373 0.139944 3
1388302253.462015245 3.07056 -3.14473 0.702 -17.423 0.238776 0.195129  -0.0299267 0.121178 3
1388302253.562281114 3.10736 -3.12549 0.7 -16.781 0.366992 0.19196  -0.019947 0.111753 3
1388302253.662544794 3.13771 -3.10482 0.686 -16.363 0.302725 0.206132  -0.139632 0.0727629 3
1388302253.762787372 3.16863 -3.08563 0.672 -15.965 0.308513 0.191414  -0.139661 0.069296 3
1388302253.863073320 3.22463 -3.07376 0.662 -15.672 0.558397 0.118382  -0.0997149 0.0509924 3
1388302253.963355010 3.28807 -3.06335 0.651 -15.367 0.632538 0.103804  -0.109691 0.0530831 3
1388302254.063596637 3.35925 -3.05794 0.646 -15.12 0.710136 0.0539764  -0.0498795 0.0430057 3
1388302254.163867796 3.43236 -3.05829 0.642 -14.857 0.729163 0  -0.0398918 0.0457781 3
1388302254.264118563 3.50618 -3.0558 0.646 -14.572 0.736311 0.0247915  0.0398999 0.0496174 3
1388302254.364378091 3.57517 -3.05646 0.649 -14.28 0.688125 0  0.0299223 0.0508317 3
1388302254.464630163 3.64426 -3.05134 0.654 -13.96 0.689109 0.0510404  0.0498743 0.0557101 3
1388302254.564895525 3.71448 -3.04332 0.665 -13.523 0.700387 0.0800443  0.109709 0.0760691 3
1388302254.665139602 3.78223 -3.03888 0.671 -12.799 0.6758 0.0443107  0.0598539 0.126054 3
1388302254.765391215 3.85204 -3.03431 0.684 -11.945 0.696343 0.0455316  0.129674 0.148677 3
1388302254.865653527 3.91948 -3.03236 0.694 -10.978 0.672682 0.0194833  0.0997384 0.168332 3
1388302254.965902919 3.99034 -3.02642 0.701 -10.03 0.706798 0.0592048  0.0698259 0.165046 3
1388302255.066152793 4.06054 -3.01521 0.708 -9.037 0.700301 0.111811  0.0698255 0.172879 3
1388302255.166403095 4.12844 -3.01147 0.717 -8.174 0.677309 0.0373918  0.0897753 0.150246 3
1388302255.266644137 4.19484 -3.02133 0.725 -7.467 0.662376 -0.0983757  0.0798076 0.123098 3
1388302255.366887299 4.25657 -3.03245 0.735 -6.78 0.615776 -0.111002  0.0997574 0.119613 3
1388302255.467157571 4.32789 -3.0245 0.739 -6.055 0.711368 0.0793313  0.0398922 0.126195 3
1388302255.567406683 4.39433 -3.02419 0.742 -5.22 0.662699 0  0.0299255 0.145373 3
1388302255.667653840 4.46163 -3.03343 0.742 -4.366 0.671382 -0.0921957  0 0.148684 3
1388302255.767917802 4.52888 -3.04502 0.744 -3.503 0.670656 -0.115541  0.0199473 0.150225 3
1388302255.868205695 4.58438 -3.05579 0.742 -2.594 0.553483 -0.107357  -0.0199426 0.158195 3
1388302255.968456344 4.62323 -3.06892 0.742 -1.641 0.387481 -0.131046  0 0.165914 3
1388302256.068727814 4.6381 -3.07895 0.742 -0.637 0.148303 -0.0999616  0 0.174757 3
1388302256.168993057 4.64764 -3.09067 0.739 0.313 0.0951959 -0.116905  -0.0299206 0.165368 3
1388302256.269252335 4.65607 -3.10151 0.73 1.214 0.0840516 -0.108123  -0.0897673 0.156847 3
1388302256.369512343 4.66657 -3.11058 0.727 2.039 0.104724 -0.0904442  -0.0299222 0.143616 3
1388302256.469795480 4.68005 -3.11704 0.717 2.938 0.134429 -0.0644291  -0.0997177 0.156462 3
1388302256.570041597 4.69507 -3.1212 0.715 3.812 0.149773 -0.0415711  -0.0199509 0.152167 3
1388302256.670306510 4.71351 -3.12462 0.712 4.721 0.183993 -0.034102  -0.0299207 0.158231 3
1388302256.770566951 4.75252 -3.12358 0.712 5.661 0.389021 0.0104263  0 0.163635 3
1388302257.153848945 5.03574 -3.06526 0.674 9.115 0.738945 0.152157  -0.0991437 0.157283 3
1388302257.254126953 5.10505 -3.0502 0.662 9.688 0.691107 0.150171  -0.119667 0.0997301 3
1388302257.354381888 5.17261 -3.03298 0.666 10.228 0.673974 0.171818  0.0398983 0.0940083 3
1388302257.454630888 5.2398 -3.01428 0.664 10.683 0.670207 0.18647  -0.0199503 0.0792152 3
1388302257.554903268 5.31295 -2.99296 0.664 11.101 0.729479 0.212677  0 0.0727565 3
1388302257.655159755 5.37481 -2.97455 0.676 11.443 0.617022 0.183552  0.119693 0.0595377 3
1388302257.755408620 5.42619 -2.95816 0.684 11.767 0.512522 0.163516  0.0798014 0.0564082 3
1388302257.855673812 5.46611 -2.94616 0.696 12.014 0.398159 0.119732  0.119683 0.0429956 3
1388302257.955915458 5.5109 -2.93296 0.696 12.25 0.446783 0.131652  0 0.0410905 3
1388302258.056172576 5.56106 -2.92006 0.705 12.506 0.500346 0.128698  0.0897692 0.0445659 3
1388302258.156423505 5.58348 -2.91425 0.703 12.76 0.223636 0.0579313  -0.0199499 0.0442204 3
1388302258.256682366 5.59988 -2.91031 0.71 13.09 0.163551 0.0392691  0.0698193 0.0574471 3
1388302258.356943157 5.61266 -2.90469 0.704 13.433 0.127518 0.0560323  -0.0598439 0.0597091 3
1388302258.457223948 5.62612 -2.89733 0.696 13.632 0.13424 0.0734521  -0.079776 0.0346347 3
1388302258.557476637 5.64597 -2.88771 0.699 13.783 0.198 0.0959837  0.0299244 0.0262882 3
1388302258.657735650 5.67025 -2.8772 0.695 13.88 0.242122 0.104819  -0.0398967 0.016886 3
1388302258.757976670 5.71178 -2.8602 0.693 13.98 0.414306 0.169573  -0.0199519 0.0174111 3
1388302258.858224774 5.77358 -2.83682 0.69 14.118 0.616449 0.233215  -0.0299258 0.024026 3
1388302258.958506148 5.82397 -2.81673 0.689 14.236 0.502563 0.200294  0 0.0205371 3
1388302259.058836370 5.88276 -2.79587 0.697 14.3 0.585968 0.20794  0.0797367 0.0111332 3
1388302259.159092973 5.95023 -2.77047 0.697 14.365 0.672942 0.253356  0 0.0113157 3
1388302259.259351261 6.01476 -2.74556 0.702 14.421 0.643647 0.248441  0.0498712 0.00974862 3
1388302259.359628597 6.07766 -2.72089 0.715 14.578 0.62719 0.246021  0.12964 0.0273261 3
1388302259.459888656 6.13179 -2.69646 0.711 14.718 0.539903 0.243651  -0.0398962 0.0243711 3
1388302259.560140008 6.16822 -2.67818 0.718 14.674 0.363467 0.182358  0.0698245 -0.0076603 3
1388302259.660386122 6.20422 -2.6582 0.722 14.588 0.359059 0.199327  0.0399018 -0.0149731 3
1388302259.760642959 6.23322 -2.63862 0.726 14.496 0.289272 0.195259  0.0398975 -0.0160157 3
1388302259.860896416 6.26022 -2.62342 0.728 14.437 0.269292 0.151643  0.0199494 -0.0102714 3
1388302259.961141667 6.2916 -2.60672 0.727 14.417 0.313087 0.16656  0 -0.0034822 3
1388302260.061397420 6.33553 -2.5854 0.723 14.376 0.438122 0.212745  -0.039898 -0.00713766 3
1388302260.161645525 6.39325 -2.55626 0.727 14.299 0.57578 0.290612  0.039901 -0.0134057 3
1388302260.261904986 6.45409 -2.51848 0.722 14.173 0.606811 0.37685  -0.0498706 -0.0219341 3
1388302260.362168005 6.51661 -2.47721 0.718 13.913 0.623621 0.411643  -0.0398951 -0.0452596 3
1388302260.462412539 6.57368 -2.43889 0.723 13.464 0.569245 0.382217  0.049878 -0.078174 3
1388302260.562674002 6.63242 -2.40194 0.723 12.909 0.585886 0.368571  0 -0.0966132 3
1388302260.662940484 6.68532 -2.37775 0.72 12.359 0.527616 0.241272  -0.0299203 -0.0957382 3
1388302260.763214745 6.7339 -2.36083 0.718 11.858 0.484485 0.168711  -0.0199453 -0.0872017 3
1388302260.863454052 6.77262 -2.35269 0.727 11.509 0.386215 0.0811507  0.0897851 -0.0607664 3
1388302260.963712235 6.81022 -2.34705 0.731 11.156 0.3751 0.0562678  0.039897 -0.0614516 3
1388302261.063976227 6.84904 -2.34428 0.734 10.822 0.387165 0.0276267  0.029921 -0.0581404 3
1388302261.164262223 6.88843 -2.34164 0.739 10.569 0.392804 0.0264056  0.0498574 -0.0440309 3
1388302261.264525052 6.93085 -2.33953 0.733 10.254 0.423065 0.0210217  -0.0598427 -0.0548338 3
1388302261.364791226 6.9779 -2.3359 0.736 10.042 0.469181 0.0361879  0.0299204 -0.0369027 3
1388302261.465069656 7.02456 -2.33188 0.733 9.986 0.465309 0.0401042  -0.0299167 -0.00974666 3
1388302261.565321075 7.08706 -2.32318 0.731 9.936 0.623461 0.0867931  -0.0199498 -0.00870479 3
1388302261.665574837 7.15139 -2.31363 0.733 10.013 0.641657 0.0952207  0.0199494 0.0134051 3
1388302261.765836730 7.22015 -2.3022 0.731 10.091 0.685864 0.11398  -0.0199478 0.0135779 3
1388302261.866085179 7.28752 -2.28955 0.731 10.175 0.672029 0.126187  0 0.0146244 3
1388302261.966344283 7.35388 -2.27528 0.743 10.138 0.661808 0.142356  0.11969 -0.00644081 3
1388302262.066598440 7.41823 -2.26169 0.739 10.094 0.641938 0.135517  -0.0398986 -0.00766009 3
1388302262.166854416 7.4777 -2.24859 0.735 10.113 0.593182 0.13072  -0.0398979 0.00330783 3
1388302262.454385873 7.59015 -2.22558 0.719 10.979 0.391096 0.08002  -0.0556461 0.0525666 3
1388302262.579623824 7.63958 -2.21508 0.717 11.566 0.394614 0.0838356  -0.0159696 0.0818049 3
1388302262.679870260 7.67487 -2.20611 0.714 11.985 0.352106 0.0894879  -0.0299263 0.0729496 3
1388302262.780138638 7.70883 -2.1948 0.713 12.372 0.338668 0.112756  0 0.0673633 3
1388302262.880420596 7.74206 -2.18154 0.713 12.62 0.331366 0.132315  0 0.0431627 3
1388302262.980664744 7.77508 -2.15917 0.712 12.811 0.329408 0.223064  0 0.0332546 3
1388302263.080937561 7.80929 -2.13249 0.721 12.854 0.341151 0.266165  0.0897551 0.00748437 3
1388302263.181191226 7.84533 -2.10569 0.716 12.796 0.359485 0.267292  -0.0498735 -0.0100974 3
1388302263.281479634 7.88356 -2.07804 0.711 12.603 0.381243 0.275674  -0.0498562 -0.0335878 3
1388302263.381759817 7.92382 -2.05072 0.713 12.307 0.401418 0.272425  0.0199441 -0.0515173 3
1388302263.481996922 7.97214 -2.02472 0.714 11.969 0.482127 0.259394  0 -0.0588528 3
1388302263.582258151 8.01771 -2.00723 0.719 11.523 0.454417 0.17442  0.0498697 -0.0776387 3
1388302263.682529889 8.0685 -1.99399 0.727 10.939 0.50657 0.132129  0.0797832 -0.101651 3
1388302263.782774209 8.12715 -1.98537 0.727 10.411 0.585033 0.0859183  0 -0.0919291 3
1388302263.883018602 8.18837 -1.97935 0.73 9.944 0.610707 0.0601208  0.0299269 -0.081308 3
1388302263.983335817 8.24849 -1.97077 0.732 9.635 0.599346 0.0855309  0.0199368 -0.0537601 3
1388302264.083607161 8.30288 -1.96377 0.736 9.568 0.542393 0.0697781  0.0398918 -0.0116621 3
1388302264.183870436 8.35019 -1.95507 0.741 9.623 0.471868 0.0867934  0.0498687 0.00957416 3
1388302264.284120998 8.39663 -1.94666 0.742 9.787 0.463282 0.083847  0 0.0285519 3
1388302264.384395460 8.44012 -1.93975 0.747 9.908 0.433709 0.068933  0.0498631 0.0210606 3
1388302264.484645535 8.48295 -1.9357 0.756 9.988 0.427187 0.0404147  0.0897755 0.013928 3
1388302264.584904493 8.52866 -1.93175 0.755 10.047 0.455893 0.0393675  0 0.0102708 3
1388302264.685140609 8.57726 -1.92758 0.76 10.164 0.484903 0.0415694  0.0498822 0.020372 3
1388302264.785410787 8.62751 -1.92586 0.757 10.337 0.501168 0.0172007  -0.0299192 0.0301129 3
1388302264.885650210 8.68511 -1.92922 0.754 10.589 0.574598 -0.0335207  -0.0299283 0.0438774 3
1388302264.985906291 8.74478 -1.92975 0.754 10.952 0.595144 0  0 0.0631934 3
1388302265.086162507 8.80309 -1.93086 0.756 11.39 0.581673 -0.0110829  0.0199489 0.07625 3
1388302265.186430355 8.86038 -1.93168 0.755 11.884 0.571354 0  0 0.0859892 3
1388302265.286690267 8.91635 -1.93189 0.759 12.469 0.558218 0  0.0398963 0.101837 3
1388302265.386955902 8.97458 -1.9244 0.759 13.112 0.580759 0.0747336  0 0.111927 3
1388302265.487205394 9.0293 -1.91114 0.756 13.692 0.545852 0.132267  -0.0299253 0.100977 3
1388302265.587462035 9.07504 -1.89547 0.758 14.213 0.45624 0.156295  0.0199488 0.0906989 3
1388302265.687709651 9.11412 -1.87527 0.752 14.693 0.389824 0.201485  -0.0598518 0.0835691 3
1388302265.787961304 9.15278 -1.85302 0.748 15.051 0.385653 0.221926  -0.0398996 0.0623259 3
1388302265.888242238 9.18767 -1.82641 0.742 15.349 0.347855 0.265316  -0.0598319 0.0518652 3
1388302265.988548784 9.22003 -1.80006 0.734 15.519 0.322648 0.262681  -0.0797555 0.0295799 3
1388302266.088813292 9.25371 -1.77376 0.732 15.615 0.335902 0.262367  -0.0199472 0.0167107 3
1388302266.189120818 9.29126 -1.75089 0.731 15.535 0.374373 0.228005  0 -0.0139198 3
1388302266.289389957 9.32913 -1.72678 0.729 15.326 0.377693 0.240472  -0.0199463 -0.0363794 3
1388302266.389701752 9.36796 -1.70639 0.736 15.13 0.38705 0.203263  0.0697824 -0.034102 3
1388302266.489957878 9.40974 -1.68814 0.733 14.842 0.416769 0.182043  -0.0299234 -0.0501371 3
1388302266.590197080 9.45342 -1.66965 0.729 14.571 0.435712 0.184393  -0.0399045 -0.0471855 3
1388302266.690458516 9.49562 -1.65246 0.731 14.28 0.420978 0.171472  0.0199478 -0.0506567 3
1388302266.790723339 9.53676 -1.63655 0.734 14.069 0.410256 0.158647  0.0299208 -0.0367293 3
1388302266.890974341 9.57972 -1.61849 0.737 13.791 0.428547 0.180204  0.0299249 -0.0483987 3
1388302266.991234793 9.62284 -1.5992 0.744 13.635 0.43009 0.19238  0.0698182 -0.0271564 3
1388302267.091519234 9.66364 -1.58004 0.747 13.422 0.406789 0.191099  0.0299149 -0.03707 3
1388302267.191773377 9.70556 -1.56207 0.748 13.264 0.418196 0.179161  0 -0.0275065 3
1388302267.292161773 9.74787 -1.54289 0.75 13.071 0.421405 0.191082  0.0199226 -0.0335543 3
1388302267.392726839 9.79366 -1.52378 0.755 12.898 0.455367 0.190054  0.0497191 -0.0300246 3
1388302267.771722391 10.0186 -1.47115 0.758 12.251 0.593421 0.138874  0 -0.0297953 3
1388302267.872016792 10.0713 -1.46096 0.754 12.291 0.525842 0.101527  -0.0398826 0.00696098 3
1388302267.972304640 10.1283 -1.4465 0.753 12.389 0.568452 0.144258  0 0.0170551 3
1388302268.072560501 10.1901 -1.43316 0.755 12.492 0.616018 0.133067  0.019949 0.0179311 3
1388302268.172826969 10.2538 -1.41856 0.751 12.601 0.635932 0.145605  -0.0398937 0.0189734 3
1388302268.273099542 10.3061 -1.40884 0.748 12.686 0.520886 0.0969011  -0.0299185 0.0147951 3
1388302268.373349129 10.3562 -1.39971 0.748 12.712 0.500321 0.0910235  0 0.0045264 3
1388302268.473609618 10.4046 -1.39617 0.748 12.771 0.482735 0.0353174  0 0.0102707 3
1388302268.573850708 10.4584 -1.39348 0.752 12.884 0.536462 0.0268393  0.0399038 0.0196749 3
1388302268.674105933 10.5065 -1.38954 0.75 13.037 0.479952 0.0393553  -0.0199491 0.0266355 3
1388302268.774369623 10.5526 -1.38338 0.749 13.263 0.459224 0.0614279  0 0.0393407 3
1388302268.874628454 10.5987 -1.37562 0.745 13.522 0.460557 0.0773634  -0.0398967 0.0450871 3
1388302268.974870318 10.6416 -1.36378 0.745 13.795 0.427415 0.118104  0 0.0475326 3
1388302269.075139136 10.6844 -1.34401 0.749 14.051 0.427555 0.197234  0.0398928 0.0445607 3
1388302269.175396653 10.7264 -1.32094 0.747 14.219 0.418686 0.230064  -0.0199486 0.0292461 3
1388302269.275682486 10.767 -1.29925 0.746 14.332 0.404203 0.216339  0 0.0196662 3
1388302269.375929341 10.8102 -1.27562 0.748 14.399 0.431121 0.235697  0.0199508 0.0116648 3
1388302269.476171633 10.8561 -1.25001 0.744 14.397 0.458488 0.255454  -0.0399033 -0.000348363 3
1388302269.576416689 10.899 -1.21812 0.742 14.124 0.427647 0.318141  -0.0199511 -0.0475308 3
1388302269.676668882 10.9411 -1.18743 0.745 13.785 0.419564 0.306101  0.0299245 -0.0590179 3
1388302269.776929703 10.9872 -1.15799 0.747 13.29 0.46 0.293645  0.019948 -0.0861689 3
1388302269.877188531 11.0307 -1.13153 0.75 12.773 0.433621 0.263912  0.0299226 -0.0900006 3
1388302269.977452863 11.0758 -1.10927 0.754 12.354 0.450232 0.222026  0.0398945 -0.0729366 3
1388302270.077697124 11.1224 -1.09447 0.759 11.813 0.465101 0.147655  0.0498782 -0.0941923 3
1388302270.177986220 11.1697 -1.08495 0.763 11.453 0.471559 0.0948705  0.0398847 -0.0626505 3
1388302270.278276731 11.2157 -1.07987 0.775 11.171 0.458821 0.0506956  0.119652 -0.049076 3
1388302270.378530781 11.2625 -1.07633 0.774 10.972 0.466318 0.0353169  0 -0.0346439 3
1388302270.478778345 11.3097 -1.07379 0.776 10.826 0.471248 0.0252879  0.0199506 -0.0254189 3
1388302270.579073763 11.3546 -1.07059 0.777 10.715 0.447428 0.0319725  0 -0.0193161 3
1388302270.679383485 11.4001 -1.06788 0.778 10.734 0.45329 0.0269823  0 0.00330573 3
1388302270.779755418 11.4471 -1.06303 0.778 10.798 0.468493 0.0482808  0 0.0111289 3
1388302270.880426250 11.4929 -1.05353 0.785 10.909 0.455031 0.0944205  0.0695335 0.0192441 3
1388302270.980657909 11.5405 -1.04033 0.785 11.146 0.474471 0.131687  0 0.0412686 3
1388302271.080911474 11.5903 -1.02662 0.782 11.352 0.49694 0.136747  -0.0299241 0.0358627 3
1388302271.181162656 11.6383 -1.01271 0.783 11.581 0.479414 0.138734  0 0.0398679 3
1388302271.281423344 11.6894 -0.99551 0.779 11.754 0.509456 0.171569  -0.039896 0.0301157 3
1388302271.381683925 11.7432 -0.976498 0.776 11.849 0.535888 0.189624  -0.029922 0.0165377 3
1388302271.481940982 11.7944 -0.951716 0.77 11.846 0.511591 0.247178  -0.0598462 -0.000522301 3
1388302271.582335402 11.8444 -0.927551 0.766 11.773 0.497834 0.240704  -0.0398429 -0.0126908 3
1388302271.682785695 11.9002 -0.900756 0.764 11.805 0.555388 0.266749  -0.0199103 0.00555995 3
1388302271.783048818 11.9525 -0.880778 0.764 11.865 0.521154 0.199255  0 0.0104444 3
1388302271.883313454 12.0027 -0.865117 0.767 12.031 0.501 0.156193  0.0299208 0.0288961 3
1388302271.983582463 12.0544 -0.848896 0.772 12.074 0.515919 0.16178  0.0498659 0.00748465 3
1388302272.083847273 12.0996 -0.832164 0.776 12.103 0.450602 0.166876  0.0398944 0.0050483 3
1388302272.184119360 12.14 -0.816584 0.778 12.056 0.402967 0.155382  0.0199457 -0.00818094 3
1388302272.284391607 12.1853 -0.805055 0.786 11.973 0.451677 0.114968  0.0797828 -0.0144469 3
1388302272.384636793 12.238 -0.792235 0.786 11.906 0.525621 0.12789  0 -0.011665 3
1388302272.484903664 12.2885 -0.779418 0.787 11.891 0.50408 0.127833  0 -0.00261092 3
1388302272.585166210 12.3466 -0.765345 0.788 11.901 0.578701 0.140362  0 0.0017408 3
1388302272.685429308 12.3998 -0.747094 0.784 11.997 0.530965 0.182023  -0.039895 0.016711 3
1388302272.785689121 12.4594 -0.731298 0.779 12.083 0.594541 0.157555  -0.0498704 0.014971 3
1388302273.068292736 12.6077 -0.689567 0.767 12.249 0.524622 0.147667  -0.0424623 0.010252 3
1388302273.168580448 12.6602 -0.673894 0.765 12.391 0.523874 0.156277  -0.0199426 0.0247126 3
1388302273.268849892 12.7153 -0.657258 0.765 12.402 0.5496 0.165916  0 0.00191465 3
1388302273.369132923 12.7667 -0.635655 0.762 12.404 0.512737 0.215419  -0.0299153 0.000347889 3
1388302273.469374530 12.8065 -0.618425 0.758 12.35 0.396714 0.171883  -0.0399036 -0.00940188 3
1388302273.569643943 12.8479 -0.594779 0.754 12.274 0.412718 0.23583  -0.0398925 -0.0132289 3
1388302273.669904347 12.887 -0.579658 0.755 12.231 0.39049 0.150814  0 -0.0074853 3
1388302273.770159564 12.9244 -0.566638 0.756 12.163 0.373085 0.12987  0 -0.0118382 3
1388302273.870433037 12.9608 -0.546014 0.757 12.104 0.363146 0.205671  0 -0.0102694 3
1388302273.970708712 13.0108 -0.532654 0.761 12.007 0.497696 0.133234  0.03989 -0.0168832 3
1388302274.070984375 13.0541 -0.519758 0.765 11.826 0.432106 0.128604  0.03989 -0.0315036 3
1388302274.171247994 13.0918 -0.494591 0.764 11.624 0.37574 0.251008  0 -0.0351629 3
1388302274.271501872 13.1424 -0.477842 0.767 11.424 0.504762 0.167066  0.029924 -0.0348183 3
1388302274.371750722 13.204 -0.46651 0.767 11.095 0.614673 0.113047  0 -0.0572789 3
1388302274.472011090 13.2508 -0.443115 0.771 10.792 0.46708 0.233341  0.0398961 -0.0527461 3
1388302274.572270170 13.2983 -0.432953 0.771 10.484 0.473571 0.101359  0 -0.0536173 3
1388302274.672525022 13.347 -0.42123 0.775 10.217 0.485661 0.116925  0.0398983 -0.0464815 3
1388302274.772775191 13.4104 -0.412262 0.784 10.03 0.632525 0.089454  0.0897754 -0.0325563 3
1388302274.873027088 13.4617 -0.404085 0.79 9.962 0.511922 0.0815724  0.0598492 -0.0118386 3
1388302274.973281147 13.5069 -0.398106 0.797 9.974 0.45057 0.0596369  0.0698226 0.00208927 3
1388302275.073516514 13.5502 -0.390932 0.801 10.127 0.431722 0.0715684  0.0399061 0.0266408 3
1388302275.173783432 13.606 -0.383482 0.803 10.276 0.556918 0.0743074  0.0199468 0.0259362 3
1388302275.274015756 13.6482 -0.37786 0.804 10.54 0.421018 0.0560858  0 0.0459699 3
1388302275.374358437 13.6884 -0.371038 0.805 10.711 0.400332 0.0679827  0 0.0297431 3
1388302275.474603238 13.7289 -0.363505 0.805 10.812 0.404337 0.075152  0 0.0175847 3
1388302275.574840803 13.7712 -0.355395 0.807 11.02 0.42228 0.0809035  0.0199526 0.0362168 3
1388302275.675097402 13.8049 -0.34765 0.808 11.406 0.335733 0.0772508  0 0.0671972 3
1388302275.775329430 13.856 -0.335249 0.811 11.994 0.509882 0.123729  0.0299306 0.102388 3
1388302275.875587410 13.9017 -0.321701 0.812 12.718 0.455826 0.135127  0 0.126037 3
1388302275.975844936 13.9459 -0.303714 0.812 13.525 0.441374 0.179406  0 0.140486 3
1388302276.068452399 13.989 -0.284994 0.81 14.167 0.465258 0.202149  -0.0215965 0.120995 8
1388302276.168516427 14.05 -0.257664 0.81 14.366 0.609342 0.273128  0 0.0347101 8
1388302276.268446866 14.1188 -0.23301 0.811 14.499 0.687953 0.246703  0.010007 0.0232289 8
1388302276.368484687 14.1737 -0.196435 0.812 14.516 0.548962 0.365619  0 0.00296597 8
1388302276.468519427 14.2186 -0.164121 0.809 14.504 0.44935 0.323022  -0.0299896 -0.00209385 8
1388302276.568513874 14.24 -0.143564 0.804 14.44 0.213945 0.205582  -0.0500028 -0.0111706 8
1388302276.668443963 14.2435 -0.124623 0.8 14.452 0.0350055 0.189543  -0.040028 0.00209571 4
1388302276.768533494 14.2482 -0.116475 0.795 14.561 0.0468045 0.0814075  -0.0499553 0.0190073 4
1388302276.868459516 14.2498 -0.10994 0.782 14.661 0.0164894 0.0653946  -0.130096 0.0174659 9
1388302276.968518882 14.2525 -0.103886 0.743 14.702 0.026502 0.0605131  -0.389769 0.00715167 9
1388302277.068445045 14.2552 -0.0977637 0.69 14.699 0.0265735 0.0612642  -0.530392 -0.000524031 9
1388302277.168482813 14.2537 -0.0956683 0.625 14.757 -0.0141871 0.0209457  -0.649755 0.0101192 9
1388302277.268515381 14.2489 -0.0950602 0.558 14.766 -0.0479276 0  -0.669782 0.00157042 9
1388302277.368517802 14.2362 -0.0974706 0.481 14.649 -0.127074 -0.0241038  -0.769981 -0.02042 9
1388302277.468505893 14.2077 -0.103602 0.392 14.505 -0.285778 -0.0613183  -0.890106 -0.0251356 9
1388302277.568510922 14.1757 -0.110817 0.312 14.376 -0.319737 -0.0721448  -0.79996 -0.0225139 9
1388302277.668473692 14.1389 -0.120312 0.224 14.231 -0.367856 -0.0949888  -0.880328 -0.0253164 9
1388302277.768488579 14.1059 -0.129934 0.141 14.126 -0.329621 -0.0962031  -0.829876 -0.0183235 9
1388302277.868479717 14.0576 -0.142957 0.062 14.144 -0.483229 -0.130248  -0.79007 0.00314214 9
1388302277.968482857 14.0129 -0.156061 0.03 14.149 -0.447092 -0.131032  -0.31999 0.000872491 9
1388302278.068464817 13.9708 -0.165802 -0.07 14.198 -0.420964 -0.0974306  -1.00018 0.00855362 9
1388302278.168457674 13.9212 -0.181867 -0.147 14.215 -0.496566 -0.160662  -0.770055 0.00296731 9
1388302278.268515869 13.8667 -0.194112 -0.225 14.215 -0.544832 -0.122373  -0.779546 0 9
1388302278.368476524 13.8465 -0.197162 -0.268 14.123 -0.201485 -0.0305125  -0.430169 -0.0160632 9
1388302278.468447885 13.8465 -0.197162 0 13.465 0 0  2.68077 -0.114876 2
1388302278.568477664 13.8465 -0.197162 0 13.409 0 0  0 -0.00977089 2
1388302278.668498163 13.8465 -0.197162 0 13.434 0 0  0 0.00436236 2
1388302278.768474979 13.8465 -0.197162 0 13.427 0 0  0 -0.00122201 2
1388302278.868456267 13.8465 -0.197162 0 13.434 0 0  0 0.00122195 2
1388302279.240353834 13.8465 -0.197162 0 13.445 0 0  0 0.000516219 2
1388302279.260641152 13.8465 -0.197162 0 13.445 0 0  0 0 2
1388302279.360755805 13.8465 -0.197162 0 13.451 0 0  0 0.00104609 2
1388302279.460723331 13.8465 -0.197162 0 13.457 0 0  0 0.00104763 2
1388302279.560728306 13.8465 -0.197162 0 13.459 0 0  0 0.000348857 2
1388302279.660755587 13.8465 -0.197162 0 13.463 0 0  0 0.000697891 2
1388302279.760777768 13.8465 -0.197162 0 13.467 0 0  0 0.000698259 2
1388302279.860720295 13.8465 -0.197162 0 13.471 0 0  0 0.000698483 2
1388302279.960754272 13.8465 -0.197162 0 13.475 0 0  0 0.000697844 2
1388302280.060717827 13.8465 -0.197162 0 13.48 0 0  0 0.000872836 2
1388302280.160752575 13.8465 -0.197162 0 13.483 0 0  0 0.000523462 2
1388302280.260724448 13.8465 -0.197162 0 13.487 0 0  0 0.000698278 2
1388302280.360787066 13.8465 -0.197162 0 13.492 0 0  0 0.000872305 2
1388302280.460708853 13.8465 -0.197162 0 13.497 0 0  0 0.000873201 2
1388302280.560785677 13.8465 -0.197162 0 13.498 0 0  0 0.000174636 2
1388302280.660717482 13.8465 -0.197162 0 13.503 0 0  0 0.000873114 2
1388302280.760795071 13.8465 -0.197162 0 13.506 0 0  0 0.000523238 2
1388302280.860778952 13.8465 -0.197162 0 13.513 0 0  0 0.00122192 2
1388302280.960747716 13.8465 -0.197162 0 13.518 0 0  0 0.000872791 2
1388302281.060746383 13.8465 -0.197162 0 13.521 0 0  0 0.000523651 2
1388302281.160780244 13.8465 -0.197162 0 13.523 0 0  0 0.000349089 2
1388302281.260751591 13.8465 -0.197162 0 13.529 0 0  0 0.00104726 2
1388302281.360754209 13.8465 -0.197162 0 13.532 0 0  0 0.00052363 2
1388302281.460780315 13.8465 -0.197162 0 13.534 0 0  0 0.000349116 2
1388302281.560789051 13.8465 -0.197162 0 13.538 0 0  0 0.00069802 2
1388302281.660715043 13.8465 -0.197162 0 13.54 0 0  0 0.000349466 2
1388302281.760750059 13.8465 -0.197162 0 13.543 0 0  0 0.000523128 2
1388302281.860741383 13.8465 -0.197162 0 13.547 0 0  0 0.000698475 2
1388302281.960745402 13.8465 -0.197162 0 13.552 0 0  0 0.000872483 2
1388302282.060779755 13.8465 -0.197162 0 13.554 0 0  0 0.000349087 2
1388302282.160708957 13.8465 -0.197162 0 13.558 0 0  0 0.000698576 2
1388302282.260720075 13.8465 -0.197162 0 13.562 0 0  0 0.000698003 2
1388302282.360725020 13.8465 -0.197162 0 13.567 0 0  0 0.000872475 2
1388302282.460717868 13.8465 -0.197162 0 13.572 0 0  0 0.000872913 2
1388302282.560723945 13.8465 -0.197162 0 13.573 0 0  0 0.000174426 2
1388302282.660750521 13.8465 -0.197162 0 13.577 0 0  0 0.000697896 2
1388302282.760716654 13.8465 -0.197162 0 13.579 0 0  0 0.000349325 2
1388302282.860740900 13.8465 -0.197162 0 13.578 0 0  0 -0.000174395 2
1388302282.960757988 13.8465 -0.197162 0 13.583 0 0  0 0.000872369 2
1388302283.060741985 13.8465 -0.197162 0 13.588 0 0  0 0.000872658 2
1388302283.160760396 13.8465 -0.197162 0 13.592 0 0  0 0.000698285 2
1388302283.260720900 13.8465 -0.197162 0 13.596 0 0  0 0.000698357 2
1388302283.360714148 13.8465 -0.197162 0 13.599 0 0  0 0.000523679 2
1388302283.460730458 13.8465 -0.197162 0 13.608 0 0  0 0.00157034 2
1388302283.560714284 13.8465 -0.197162 0 13.611 0 0  0 0.000523729 2
1388302283.660713866 13.8465 -0.197162 0 13.614 0 0  0 0.000523646 2
1388302283.760770369 13.8465 -0.197162 0 13.619 0 0  0 0.000872025 2
1388302283.860748273 13.8465 -0.197162 0 13.624 0 0  0 0.000873044 2
1388302283.960749629 13.8465 -0.197162 0 13.63 0 0  0 0.00104727 2
1388302284.060709651 13.8465 -0.197162 0 13.635 0 0  0 0.000872867 2
1388302284.160734250 13.8465 -0.197162 0 13.638 0 0  0 0.000523515 2
1388302284.260723443 13.8465 -0.197162 0 13.643 0 0  0 0.000872612 2
1388302284.360720834 13.8465 -0.197162 0 13.647 0 0  0 0.000698099 2
1388302284.460721110 13.8465 -0.197162 0 13.651 0 0  0 0.000698412 2
1388302284.560706872 13.8465 -0.197162 0 13.656 0 0  0 0.000872642 2
1388302284.660831730 13.8465 -0.197162 0 13.662 0 0  0 0.00104598 2
1388302284.760851377 13.8465 -0.197162 0 13.664 0 0  0 0.000348806 2
1388302284.860986839 13.8465 -0.197162 0 13.675 0 0  0 0.00191721 2
1388302284.960793106 13.8465 -0.197162 0 13.677 0 0  0 0.000349885 2
1388302285.060816160 13.8465 -0.197162 0 13.682 0 0  0 0.00087265 2
1388302285.160763675 13.8465 -0.197162 0 13.683 0 0  0 0.000174529 2
1388302285.260719623 13.8465 -0.197162 0 13.683 0 0  0 0 2
1388302285.360766248 13.8465 -0.197162 0 13.684 0 0  0 0.000174356 2
1388302285.460729159 13.8465 -0.197162 0 13.686 0 0  0 0.000349337 2
1388302285.560763750 13.8465 -0.197162 0 13.692 0 0  0 0.00104659 2
1388302285.660739334 13.8465 -0.197162 0 13.697 0 0  0 0.000873064 2
1388302285.760711669 13.8465 -0.197162 0 13.7 0 0  0 0.000523789 2
1388302285.860719983 13.8465 -0.197162 0 13.702 0 0  0 0.000348845 2
1388302285.960718711 13.8465 -0.197162 0 13.704 0 0  0 0.000349211 2
1388302286.060721472 13.8465 -0.197162 0 13.71 0 0  0 0.00104726 2
1388302286.160723206 13.8465 -0.197162 0 13.71 0 0  0 0 2
1388302286.260720174 13.8465 -0.197162 0 13.711 0 0  0 0.000174442 2
1388302286.360720075 13.8465 -0.197162 0 13.714 0 0  0 0.000523645 2
1388302286.460764139 13.8465 -0.197162 0 13.718 0 0  0 0.000697774 2
1388302286.560716933 13.8465 -0.197162 0 13.723 0 0  0 0.00087293 2
1388302286.660761895 13.8465 -0.197162 0 13.728 0 0  0 0.000872459 2
1388302286.760710825 13.8465 -0.197162 0 13.73 0 0  0 0.000349052 2
1388302286.860766747 13.8465 -0.197162 0 13.731 0 0  0 0.000174672 2
1388302286.960746369 13.8465 -0.197162 0 13.736 0 0  0 0.000872696 2
1388302287.060717623 13.8465 -0.197162 0 13.736 0 0  0 0 2
1388302287.160728409 13.8465 -0.197162 0 13.741 0 0  0 0.000872757 2
1388302287.260734514 13.8465 -0.197162 0 13.743 0 0  0 0.000348853 2
1388302287.360730844 13.8465 -0.197162 0 13.742 0 0  0 -0.000174443 2
1388302287.460718906 13.8465 -0.197162 0 13.747 0 0  0 0.000872622 2
1388302287.560752165 13.8465 -0.197162 0 13.754 0 0  0 0.00122132 2
1388302287.660714306 13.8465 -0.197162 0 13.759 0 0  0 0.000873182 2
1388302287.760719178 13.8465 -0.197162 0 13.764 0 0  0 0.000872476 2
1388302287.860728435 13.8465 -0.197162 0 13.768 0 0  0 0.000698016 2
1388302287.960720612 13.8465 -0.197162 0 13.771 0 0  0 0.000523685 2
1388302288.060727547 13.8465 -0.197162 0 13.774 0 0  0 0.000523608 2
1388302288.160725140 13.8465 -0.197162 0 13.781 0 0  0 0.00122175 2
1388302288.260718833 13.8465 -0.197162 0 13.784 0 0  0 0.000523677 2
1388302288.360788904 13.8465 -0.197162 0 13.787 0 0  0 0.000523277 2
1388302288.460719817 13.8465 -0.197162 0 13.789 0 0  0 0.000349115 2
1388302288.560710636 13.8465 -0.197162 0 13.795 0 0  0 0.00104738 2
1388302288.660733550 13.8465 -0.197162 0 13.799 0 0  0 0.000697921 2
1388302288.760723297 13.8465 -0.197162 0 13.803 0 0  0 0.000698153 2
1388302288.860755634 13.8465 -0.197162 0 13.806 0 0  0 0.000523475 2
1388302288.960751971 13.8465 -0.197162 0 13.81 0 0  0 0.000698107 2
1388302289.060729900 13.8465 -0.197162 0 13.812 0 0  0 0.000349284 2
1388302289.160721381 13.8465 -0.197162 0 13.814 0 0  0 0.000349237 2
1388302289.260721310 13.8465 -0.197162 0 13.817 0 0  0 0.000523312 2
1388302289.360725222 13.8465 -0.197162 0 13.818 0 0  0 0.000174763 2
1388302289.460754807 13.8465 -0.197162 0 13.824 0 0  0 0.00104665 2
1388302289.560752396 13.8465 -0.197162 0 13.825 0 0  0 0.000174774 2
1388302289.660732574 13.8465 -0.197162 0 13.83 0 0  0 0.000872691 2
1388302289.760726689 13.8465 -0.197162 0 13.832 0 0  0 0.000349228 2
1388302289.860725613 13.8465 -0.197162 0 13.785 0 0  0 -0.00820329 2
1388302289.960764404 13.8465 -0.197162 0 13.811 0 0  0 0.00453627 2
1388302290.060759613 13.8465 -0.197162 0 13.506 0 0  0 -0.0532351 2
1388302290.160712438 13.8465 -0.197162 0 11.232 0 0  0 -0.397075 2
1388302290.260718714 13.8465 -0.197162 0 2.967 0 0  0 -1.44242 2
1388302290.360719935 13.8465 -0.197162 0 -4.277 0 0  0 -1.2643 2
1388302290.460719810 13.8465 -0.197162 0 -8.412 0 0  0 -0.721695 2
1388302290.560725253 13.8465 -0.197162 0 -9.552 0 0  0 -0.198957 2
1388302290.882771493 13.8465 -0.197162 0 3.669 0 0  0 0.716512 2
1388302290.895026622 13.8465 -0.197162 0 4.675 0 0  0 1.43271 2
1388302290.995154508 13.8465 -0.197162 0 10.084 0 0  0 0.942843 2
1388302291.095128160 13.8465 -0.197162 0 15.149 0 0  0 0.884242 2
1388302291.195173828 13.8465 -0.197162 0 20.646 0 0  0 0.95897 2
1388302291.295181312 13.8465 -0.197162 0 26.511 0 0  0 1.02356 2
1388302291.395131494 13.8465 -0.197162 0 31.324 0 0  0 0.840446 2
1388302291.495134306 13.8465 -0.197162 0 37.805 0 0  0 1.13112 2
1388302291.595137059 13.8465 -0.197162 0 42.874 0 0  0 0.884683 2
1388302291.695147388 13.8465 -0.197162 0 41.861 0 0  0 -0.176784 2
1388302291.795182382 13.8465 -0.197162 0 37.274 0 0  0 -0.800302 2
1388302291.895134277 13.8465 -0.197162 0 34.879 0 0  0 -0.418208 2
1388302291.995172653 13.8465 -0.197162 0 35.27 0 0  0 0.068216 2
1388302292.095106566 13.8465 -0.197162 0 36.069 0 0  0 0.139544 2
1388302292.195155442 13.8465 -0.197162 0 36.669 0 0  0 0.104668 2
1388302292.295130672 13.8465 -0.197162 0 38.749 0 0  0 0.363119 2
1388302292.395183620 13.8465 -0.197162 0 39.183 0 0  0 0.0757069 2
1388302292.495116252 13.8465 -0.197162 0 38.119 0 0  0 -0.185828 2
1388302292.595186569 13.8465 -0.197162 0 38.815 0 0  0 0.121389 2
1388302292.695115565 13.8465 -0.197162 0 39.514 0 0  0 0.122085 2
1388302292.795177030 13.8465 -0.197162 0 39.336 0 0  0 -0.031048 2
1388302292.895147660 13.8465 -0.197162 0 37.019 0 0  0 -0.404511 2
1388302292.995141101 13.8465 -0.197162 0 35.7 0 0  0 -0.230224 2
1388302293.095151786 13.8465 -0.197162 0 33.634 0 0  0 -0.360547 2
1388302293.195112173 13.8465 -0.197162 0 32.794 0 0  0 -0.146666 2
1388302293.295184286 13.8465 -0.197162 0 34.456 0 0  0 0.289865 2
1388302293.395117516 13.8465 -0.197162 0 37.172 0 0  0 0.474348 2
1388302293.495146222 13.8465 -0.197162 0 40.911 0 0  0 0.652391 2
1388302293.595127870 13.8465 -0.197162 0 43.356 0 0  0 0.426811 2
1388302293.695125178 13.8465 -0.197162 0 42.784 0 0  0 -0.0998353 2
1388302293.795122906 13.8465 -0.197162 0 41.597 0 0  0 -0.207175 2
1388302293.895124728 13.8465 -0.197162 0 39.143 0 0  0 -0.428296 2
1388302293.995146969 13.8465 -0.197162 0 38.075 0 0  0 -0.18636 2
1388302294.095163782 13.8465 -0.197162 0 35.971 0 0  0 -0.367156 2
1388302294.195117841 13.8465 -0.197162 0 34.979 0 0  0 -0.173216 2
1388302294.295118137 13.8465 -0.197162 0 36.518 0 0  0 0.268606 2
1388302294.395186548 13.8465 -0.197162 0 38.555 0 0  0 0.35528 2
1388302294.495117285 13.8465 -0.197162 0 39.3 0 0  0 0.130117 2
1388302294.595126820 13.8465 -0.197162 0 39.094 0 0  0 -0.0359499 2
1388302294.695150531 13.8465 -0.197162 0 37.345 0 0  0 -0.305186 2
1388302294.795117207 13.8465 -0.197162 0 34.782 0 0  0 -0.447477 2
1388302294.895153287 13.8465 -0.197162 0 33.089 0 0  0 -0.295378 2
1388302294.995177721 13.8465 -0.197162 0 32.817 0 0  0 -0.0474612 2
1388302295.095176256 13.8465 -0.197162 0 31.596 0 0  0 -0.213108 2
1388302295.195211573 13.8465 -0.197162 0 31.323 0 0  0 -0.0476305 2
1388302295.295103420 13.8465 -0.197162 0 32.912 0 0  0 0.277633 2
1388302295.395154406 13.8465 -0.197162 0 35.058 0 0  0 0.374357 2
1388302295.495178938 13.8465 -0.197162 0 36.766 0 0  0 0.298029 2
1388302295.595187696 13.8465 -0.197162 0 37.812 0 0  0 0.182546 2
1388302295.695133101 13.8465 -0.197162 0 38.554 0 0  0 0.129574 2
1388302295.795124322 13.8465 -0.197162 0 38.684 0 0  0 0.0226915 2
1388302295.895163942 13.8465 -0.197162 0 37.945 0 0  0 -0.128929 2
1388302295.995099788 13.8465 -0.197162 0 37.459 0 0  0 -0.0848775 2
1388302296.095127593 13.8465 -0.197162 0 35.599 0 0  0 -0.324541 2
1388302296.195105454 13.8465 -0.197162 0 36.121 0 0  0 0.0911262 2
1388302296.295165372 13.8465 -0.197162 0 38.712 0 0  0 0.451945 2
1388302296.395145828 13.8465 -0.197162 0 40.388 0 0  0 0.292574 2
1388302296.495144570 13.8465 -0.197162 0 41.693 0 0  0 0.227768 2
1388302296.595152969 13.8465 -0.197162 0 42.304 0 0  0 0.106631 2
1388302296.695340493 13.8465 -0.197162 0 40.661 0 0  0 -0.286221 2
1388302296.795317267 13.8465 -0.197162 0 38.778 0 0  0 -0.328722 2
1388302296.895239657 13.8465 -0.197162 0 38.042 0 0  0 -0.128556 2
1388302296.995167238 13.8465 -0.197162 0 39.016 0 0  0 0.170118 2
1388302297.673906690 13.8465 -0.197162 0 57.729 0 0  0 0.481191 2
1388302297.774113877 13.8465 -0.197162 0 55.64 0 0  0 -0.363846 2
1388302297.874099537 13.8465 -0.197162 0 52.687 0 0  0 -0.515469 2
1388302297.974095576 13.8465 -0.197162 0 46.187 0 0  0 -1.13451 2
1388302298.074106919 13.8465 -0.197162 0 41.247 0 0  0 -0.862095 2
1388302298.174152943 13.8465 -0.197162 0 36.865 0 0  0 -0.764451 2
1388302298.274092843 13.8465 -0.197162 0 33.951 0 0  0 -0.508895 2
1388302298.374129526 13.8465 -0.197162 0 34.071 0 0  0 0.0209361 2
1388302298.474118661 13.8465 -0.197162 0 35.322 0 0  0 0.218364 2
1388302298.574128356 13.8465 -0.197162 0 38.392 0 0  0 0.535764 2
1388302298.674107361 13.8465 -0.197162 0 43.51 0 0  0 0.893447 2
1388302298.774140711 13.8465 -0.197162 0 44.162 0 0  0 0.113758 2
1388302298.874091561 13.8465 -0.197162 0 41.348 0 0  0 -0.491377 2
1388302298.974151427 13.8465 -0.197162 0 38.567 0 0  0 -0.485085 2
1388302299.074090788 13.8465 -0.197162 0 35.97 0 0  0 -0.453537 2
1388302299.174152673 13.8465 -0.197162 0 32.612 0 0  0 -0.585719 2
1388302299.274145934 13.8465 -0.197162 0 30.393 0 0  0 -0.387314 2
1388302299.374168630 13.8465 -0.197162 0 29.232 0 0  0 -0.202587 2
1388302299.474105344 13.8465 -0.197162 0 26.114 0 0  0 -0.544538 2
1388302299.574120791 13.8465 -0.197162 0 24.7 0 0  0 -0.246751 2
1388302299.674124320 13.8465 -0.197162 0 25.365 0 0  0 0.11606 2
1388302299.774116100 13.8465 -0.197162 0 27.083 0 0  0 0.299872 2
1388302299.874104803 13.8465 -0.197162 0 27.485 0 0  0 0.0701702 2
1388302299.974122372 13.8465 -0.197162 0 27.089 0 0  0 -0.0691029 2
1388302300.074123261 13.8465 -0.197162 0 25.315 0 0  0 -0.309619 2
1388302300.174151478 13.8465 -0.197162 0 23.078 0 0  0 -0.39032 2
1388302300.274121360 13.8465 -0.197162 0 22.098 0 0  0 -0.171094 2
1388302300.374098413 13.8465 -0.197162 0 21.992 0 0  0 -0.0185046 2
1388302300.474121140 13.8465 -0.197162 0 21.729 0 0  0 -0.0458918 2
1388302300.574123664 13.8465 -0.197162 0 22.017 0 0  0 0.0502642 2
1388302300.674126819 13.8465 -0.197162 0 21.015 0 0  0 -0.174877 2
1388302300.774088112 13.8465 -0.197162 0 19.972 0 0  0 -0.182108 2
1388302300.874157573 13.8465 -0.197162 0 18.906 0 0  0 -0.185923 2
1388302300.974156019 13.8465 -0.197162 0 18.812 0 0  0 -0.0164063 2
1388302301.074149048 13.8465 -0.197162 0 18.74 0 0  0 -0.0125673 2
1388302301.174092647 13.8465 -0.197162 0 18.302 0 0  0 -0.0764885 2
1388302301.274132649 13.8465 -0.197162 0 17.932 0 0  0 -0.0645512 2
1388302301.374124692 13.8465 -0.197162 0 18.783 0 0  0 0.148539 2
1388302301.474124809 13.8465 -0.197162 0 19.114 0 0  0 0.0577702 2
1388302301.574124887 13.8465 -0.197162 0 18.466 0 0  0 -0.113097 2
1388302301.674123016 13.8465 -0.197162 0 18.3 0 0  0 -0.0289731 2
1388302301.774156535 13.8465 -0.197162 0 18.372 0 0  0 0.0125622 2
1388302301.874103327 13.8465 -0.197162 0 18.366 0 0  0 -0.00104751 2
1388302301.974094475 13.8465 -0.197162 0 18.375 0 0  0 0.00157074 2
1388302302.074124352 13.8465 -0.197162 0 18.377 0 0  0 0.000349103 2
1388302302.174156170 13.8465 -0.197162 0 18.378 0 0  0 0.000174382 2
1388302302.274123774 13.8465 -0.197162 0 18.379 0 0  0 0.000174494 2
1388302302.374124339 13.8465 -0.197162 0 18.379 0 0  0 0 2
1388302302.474156358 13.8465 -0.197162 0 18.381 0 0  0 0.000349095 2
1388302302.574129616 13.8465 -0.197162 0 18.385 0 0  0 0.000698268 2
1388302302.674105975 13.8465 -0.197162 0 18.387 0 0  0 0.00034929 2
1388302302.950522744 13.8465 -0.197162 0 18.395 0 0  0 0.000505093 2
1388302303.018250479 13.8465 -0.197162 0 18.398 0 0  0 0.00077316 2
1388302303.118385639 13.8465 -0.197162 0 18.399 0 0  0 0.000174202 2
1388302303.218341405 13.8465 -0.197162 0 18.4 0 0  0 0.000174514 2
1388302303.318344597 13.8465 -0.197162 0 18.404 0 0  0 0.000698059 2
1388302303.418326746 13.8465 -0.197162 0 18.41 0 0  0 0.00104748 2
1388302303.518325761 13.8465 -0.197162 0 18.41 0 0  0 0 2
1388302303.618326150 13.8465 -0.197162 0 18.411 0 0  0 0.000174436 2
1388302303.718357283 13.8465 -0.197162 0 18.415 0 0  0 0.000698197 2
1388302303.818319378 13.8465 -0.197162 0 18.416 0 0  0 0.000174503 2
1388302303.918325832 13.8465 -0.197162 0 18.418 0 0  0 0.000348852 2
1388302304.018321230 13.8465 -0.197162 0 18.42 0 0  0 0.000349223 2
1388302304.118320466 13.8465 -0.197162 0 18.424 0 0  0 0.000698086 2
1388302304.218354124 13.8465 -0.197162 0 18.426 0 0  0 0.00034909 2
1388302304.318345674 13.8465 -0.197162 0 18.432 0 0  0 0.00104738 2
1388302304.418354830 13.8465 -0.197162 0 18.435 0 0  0 0.000523263 2
1388302304.518353921 13.8465 -0.197162 0 18.437 0 0  0 0.00034921 2
1388302304.618359419 13.8465 -0.197162 0 18.442 0 0  0 0.00087247 2
1388302304.718362693 13.8465 -0.197162 0 18.445 0 0  0 0.000523627 2
1388302304.818313657 13.8465 -0.197162 0 18.449 0 0  0 0.000698424 2
1388302304.918328081 13.8465 -0.197162 0 18.454 0 0  0 0.000872725 2
1388302305.018321830 13.8465 -0.197162 0 18.456 0 0  0 0.000348896 2
1388302305.118326092 13.8465 -0.197162 0 18.46 0 0  0 0.000698384 2
1388302305.218322156 13.8465 -0.197162 0 18.466 0 0  0 0.001047 2
1388302305.318322015 13.8465 -0.197162 0 18.468 0 0  0 0.000349207 2
1388302305.418322736 13.8465 -0.197162 0 18.473 0 0  0 0.000872512 2
1388302305.518323592 13.8465 -0.197162 0 18.475 0 0  0 0.000349204 2
1388302305.618362527 13.8465 -0.197162 0 18.479 0 0  0 0.000697809 2
1388302305.718360738 13.8465 -0.197162 0 18.485 0 0  0 0.00104731 2
1388302305.818309256 13.8465 -0.197162 0 18.493 0 0  0 0.00139688 2
1388302305.918360676 13.8465 -0.197162 0 18.497 0 0  0 0.000697722 2
1388302306.018351266 13.8465 -0.197162 0 18.502 0 0  0 0.000872933 2
1388302306.118317799 13.8465 -0.197162 0 18.507 0 0  0 0.00087281 2
1388302306.218349446 13.8465 -0.197162 0 18.513 0 0  0 0.00104696 2
1388302306.318366467 13.8465 -0.197162 0 18.517 0 0  0 0.000697962 2
1388302306.418320995 13.8465 -0.197162 0 18.518 0 0  0 0.000174516 2
1388302306.518321906 13.8465 -0.197162 0 18.523 0 0  0 0.000872843 2
1388302306.618362466 13.8465 -0.197162 0 18.527 0 0  0 0.000697798 2
1388302306.718314593 13.8465 -0.197162 0 18.53 0 0  0 0.000523895 2
1388302306.818319679 13.8465 -0.197162 0 18.535 0 0  0 0.000872474 2
1388302306.918320597 13.8465 -0.197162 0 18.54 0 0  0 0.000872843 2
1388302307.018322199 13.8465 -0.197162 0 18.546 0 0  0 0.00104694 2
1388302307.118371639 13.8465 -0.197162 0 18.55 0 0  0 0.000697736 2
1388302307.218313326 13.8465 -0.197162 0 18.554 0 0  0 0.000698821 2
1388302307.318363766 13.8465 -0.197162 0 18.556 0 0  0 0.000348698 2
1388302307.418320045 13.8465 -0.197162 0 18.562 0 0  0 0.00104775 2
1388302307.518329823 13.8465 -0.197162 0 18.566 0 0  0 0.000698013 2
1388302307.618341726 13.8465 -0.197162 0 18.571 0 0  0 0.000872747 2
1388302307.718327932 13.8465 -0.197162 0 18.573 0 0  0 0.000348922 2
1388302307.818335854 13.8465 -0.197162 0 18.578 0 0  0 0.000872782 2
1388302307.918371562 13.8465 -0.197162 0 18.581 0 0  0 0.000523124 2
1388302308.018313416 13.8465 -0.197162 0 18.586 0 0  0 0.000873359 2
1388302308.118344055 13.8465 -0.197162 0 18.592 0 0  0 0.00104697 2
1388302308.218323436 13.8465 -0.197162 0 18.595 0 0  0 0.000523419 2
1388302308.318362195 13.8465 -0.197162 0 18.6 0 0  0 0.000872513 2
1388302308.418319832 13.8465 -0.197162 0 18.606 0 0  0 0.00104773 2
1388302308.518323077 13.8465 -0.197162 0 18.61 0 0  0 0.000698058 2
1388302308.618362154 13.8465 -0.197162 0 18.615 0 0  0 0.000872177 2
1388302308.718499751 13.8465 -0.197162 0 18.618 0 0  0 0.000522925 2
1388302308.818494361 13.8465 -0.197162 0 18.62 0 0  0 0.000349226 2
1388302308.918425438 13.8465 -0.197162 0 18.623 0 0  0 0.000524005 2
1388302309.018386760 13.8465 -0.197162 0 18.627 0 0  0 0.000698351 2
1388302309.118532469 13.8465 -0.197162 0 18.63 0 0  0 0.000522882 2
1388302309.218355613 13.8465 -0.197162 0 18.635 0 0  0 0.000874064 2
1388302309.318374135 13.8465 -0.197162 0 18.641 0 0  0 0.00104709 2
1388302309.418362684 13.8465 -0.197162 0 18.645 0 0  0 0.000698161 2
1388302309.518319876 13.8465 -0.197162 0 18.649 0 0  0 0.00069838 2
1388302309.618369436 13.8465 -0.197162 0 18.651 0 0  0 0.000349034 2
1388302309.718358792 13.8465 -0.197162 0 18.655 0 0  0 0.000698155 2
1388302309.818358064 13.8465 -0.197162 0 18.661 0 0  0 0.00104696 2
1388302309.918341732 13.8465 -0.197162 0 18.667 0 0  0 0.00104746 2
1388302310.018326840 13.8465 -0.197162 0 18.673 0 0  0 0.00104744 2
1388302310.118327576 13.8465 -0.197162 0 18.676 0 0  0 0.00052364 2
1388302310.218350585 13.8465 -0.197162 0 18.682 0 0  0 0.00104705 2
1388302310.318324829 13.8465 -0.197162 0 18.686 0 0  0 0.000698261 2
1388302310.418329216 13.8465 -0.197162 0 18.69 0 0  0 0.00069805 2
1388302310.518346844 13.8465 -0.197162 0 18.695 0 0  0 0.000872364 2
1388302310.618347498 13.8465 -0.197162 0 18.701 0 0  0 0.00104728 2
1388302310.718336802 13.8465 -0.197162 0 18.705 0 0  0 0.000698156 2
1388302310.818370241 13.8465 -0.197162 0 18.708 0 0  0 0.000523469 2
1388302310.918358713 13.8465 -0.197162 0 18.71 0 0  0 0.000349247 2
