4.58757 -2.78071 1.06 1.38804e+09
4.62565 -2.79667 1.05781 1.38804e+09
4.66592 -2.81083 1.0579 1.38804e+09
4.70802 -2.82312 1.0595 1.38804e+09
4.75166 -2.83345 1.06208 1.38804e+09
4.78998 -2.84818 1.06031 1.38804e+09
4.83023 -2.86162 1.06093 1.38804e+09
4.87199 -2.87421 1.06307 1.38804e+09
4.91498 -2.8862 1.06614 1.38804e+09
4.95896 -2.89777 1.06974 1.38804e+09
5.00377 -2.90901 1.07357 1.38804e+09
5.04927 -2.92001 1.07746 1.38804e+09
5.09534 -2.93081 1.08128 1.38804e+09
5.14188 -2.94148 1.08495 1.38804e+09
5.18881 -2.95204 1.08842 1.38804e+09
5.23607 -2.96252 1.09165 1.38804e+09
5.28361 -2.97294 1.09463 1.38804e+09
5.33138 -2.98331 1.09735 1.38804e+09
5.37933 -2.99367 1.09982 1.38804e+09
5.42745 -3.004 1.10203 1.38804e+09
5.47569 -3.01433 1.10399 1.38804e+09
5.52405 -3.02465 1.10571 1.38804e+09
5.57249 -3.03499 1.1072 1.38804e+09
5.62101 -3.04533 1.10846 1.38804e+09
5.66959 -3.05568 1.10952 1.38804e+09
5.71822 -3.06604 1.11038 1.38804e+09
5.7669 -3.07642 1.11104 1.38804e+09
5.81561 -3.08681 1.11152 1.38804e+09
5.86435 -3.09722 1.11183 1.38804e+09
5.91311 -3.10765 1.11197 1.38804e+09
5.96189 -3.1181 1.11196 1.38804e+09
6.01068 -3.12856 1.11181 1.38804e+09
6.05949 -3.13904 1.11151 1.38804e+09
6.10831 -3.14953 1.11109 1.38804e+09
6.15713 -3.16004 1.11053 1.38804e+09
6.20596 -3.17057 1.10987 1.38804e+09
6.2548 -3.18111 1.10908 1.38804e+09
6.30364 -3.19166 1.1082 1.38804e+09
6.35248 -3.20223 1.10721 1.38804e+09
6.40132 -3.21281 1.10613 1.38804e+09
6.45016 -3.22341 1.10496 1.38804e+09
6.49901 -3.23402 1.10371 1.38804e+09
6.54785 -3.24464 1.10237 1.38804e+09
6.5967 -3.25527 1.10096 1.38804e+09
6.64554 -3.26591 1.09948 1.38804e+09
6.69439 -3.27656 1.09793 1.38804e+09
6.74323 -3.28722 1.09632 1.38804e+09
6.79207 -3.29789 1.09465 1.38804e+09
6.84091 -3.30857 1.09292 1.38804e+09
6.88975 -3.31926 1.09114 1.38804e+09
6.93859 -3.32996 1.0893 1.38804e+09
6.98743 -3.34066 1.08742 1.38804e+09
7.03627 -3.35137 1.08549 1.38804e+09
7.07499 -3.36413 1.08087 1.38804e+09
7.11554 -3.37589 1.07775 1.38804e+09
7.15729 -3.38792 1.07565 1.38804e+09
7.19981 -3.40101 1.07422 1.38804e+09
7.24277 -3.41563 1.07326 1.38804e+09
7.28587 -3.43206 1.07261 1.38804e+09
7.32883 -3.45048 1.07216 1.38804e+09
7.37142 -3.47099 1.07185 1.38804e+09
7.41341 -3.49363 1.07162 1.38804e+09
7.4546 -3.51842 1.07144 1.38804e+09
7.4948 -3.54535 1.0713 1.38804e+09
7.53385 -3.57436 1.07117 1.38804e+09
7.57158 -3.60541 1.07105 1.38804e+09
7.60786 -3.63842 1.07093 1.38804e+09
7.64254 -3.67331 1.0708 1.38804e+09
7.67551 -3.71 1.07067 1.38804e+09
7.70666 -3.74839 1.07053 1.38804e+09
7.73588 -3.78838 1.07037 1.38804e+09
7.76308 -3.82986 1.07021 1.38804e+09
7.78818 -3.87272 1.07003 1.38804e+09
7.8111 -3.91684 1.06985 1.38804e+09
7.83177 -3.96211 1.06965 1.38804e+09
7.85014 -4.0084 1.06944 1.38804e+09
7.86615 -4.0556 1.06921 1.38804e+09
7.87975 -4.10357 1.06898 1.38804e+09
7.89091 -4.15219 1.06873 1.38804e+09
7.89959 -4.20133 1.06848 1.38804e+09
7.90577 -4.25086 1.06821 1.38804e+09
7.90944 -4.30066 1.06793 1.38804e+09
7.91057 -4.35059 1.06764 1.38804e+09
7.90918 -4.40052 1.06735 1.38804e+09
7.90525 -4.45033 1.06704 1.38804e+09
7.89881 -4.49988 1.06672 1.38804e+09
7.88986 -4.54904 1.0664 1.38804e+09
7.87844 -4.59769 1.06606 1.38804e+09
7.86456 -4.64571 1.06572 1.38804e+09
7.84827 -4.69296 1.06537 1.38804e+09
7.8296 -4.73933 1.06501 1.38804e+09
7.80861 -4.7847 1.06464 1.38804e+09
7.78535 -4.82895 1.06427 1.38804e+09
7.75987 -4.87196 1.06388 1.38804e+09
7.77847 -4.89676 1.05832 1.38804e+09
7.78776 -4.92477 1.05399 1.38804e+09
7.78866 -4.9547 1.05051 1.38804e+09
7.78217 -4.98548 1.04763 1.38804e+09
7.76929 -5.01635 1.04515 1.38804e+09
7.75096 -5.0468 1.04296 1.38804e+09
7.72801 -5.07649 1.04096 1.38804e+09
7.70116 -5.10523 1.03909 1.38804e+09
7.67099 -5.13288 1.03731 1.38804e+09
7.63799 -5.15937 1.03558 1.38804e+09
7.60257 -5.18463 1.03388 1.38804e+09
7.56506 -5.20858 1.0322 1.38804e+09
7.5257 -5.23118 1.03051 1.38804e+09
7.48474 -5.25234 1.02882 1.38804e+09
7.44235 -5.272 1.02713 1.38804e+09
7.3987 -5.29007 1.02541 1.38804e+09
7.35394 -5.30649 1.02368 1.38804e+09
7.30818 -5.32116 1.02193 1.38804e+09
7.26156 -5.33402 1.02016 1.38804e+09
7.21419 -5.34499 1.01836 1.38804e+09
7.16619 -5.35401 1.01655 1.38804e+09
7.11767 -5.36101 1.01471 1.38804e+09
7.06873 -5.36594 1.01285 1.38804e+09
7.0195 -5.36876 1.01097 1.38804e+09
6.97008 -5.36941 1.00907 1.38804e+09
6.921 -5.37597 1.00715 1.38804e+09
6.87266 -5.38623 1.00521 1.38804e+09
6.82533 -5.39889 1.00328 1.38804e+09
6.77919 -5.41277 1.00136 1.38804e+09
6.73429 -5.42691 0.999456 1.38804e+09
6.69067 -5.44046 0.997587 1.38804e+09
6.64831 -5.4528 0.995759 1.38804e+09
6.60716 -5.46341 0.993978 1.38804e+09
6.56717 -5.47197 0.992245 1.38804e+09
6.52826 -5.47822 0.990564 1.38804e+09
6.49034 -5.48206 0.988934 1.38804e+09
6.45334 -5.48342 0.987352 1.38804e+09
6.41718 -5.48232 0.985817 1.38804e+09
6.38178 -5.47882 0.984323 1.38804e+09
6.34708 -5.47301 0.982868 1.38804e+09
6.31301 -5.46499 0.981447 1.38804e+09
6.27953 -5.45489 0.980056 1.38804e+09
6.24661 -5.44284 0.97869 1.38804e+09
6.21422 -5.42895 0.977347 1.38804e+09
6.18235 -5.41335 0.976023 1.38804e+09
6.15101 -5.39617 0.974715 1.38804e+09
6.12019 -5.37749 0.973421 1.38804e+09
6.08992 -5.35743 0.972137 1.38804e+09
6.06022 -5.33608 0.970863 1.38804e+09
6.03112 -5.31351 0.969596 1.38804e+09
6.00263 -5.28981 0.968335 1.38804e+09
5.97481 -5.26505 0.96708 1.38804e+09
5.94768 -5.23927 0.965829 1.38804e+09
5.92129 -5.21255 0.964581 1.38804e+09
5.89565 -5.18493 0.963336 1.38804e+09
5.87082 -5.15645 0.962093 1.38804e+09
5.84682 -5.12717 0.960852 1.38804e+09
5.82369 -5.09713 0.959613 1.38804e+09
5.80146 -5.06635 0.958375 1.38804e+09
5.78015 -5.03489 0.957138 1.38804e+09
5.75979 -5.00277 0.955901 1.38804e+09
5.74282 -4.96871 0.954665 1.38804e+09
5.73005 -4.93234 0.953426 1.38804e+09
5.72135 -4.89389 0.952178 1.38804e+09
5.71624 -4.8537 0.950913 1.38804e+09
5.71418 -4.81211 0.949625 1.38804e+09
5.71461 -4.76937 0.948307 1.38804e+09
5.71707 -4.72569 0.946952 1.38804e+09
5.72117 -4.68123 0.945557 1.38804e+09
5.72663 -4.63612 0.944116 1.38804e+09
5.73322 -4.59046 0.942628 1.38804e+09
5.74082 -4.54436 0.941091 1.38804e+09
5.74936 -4.49792 0.939504 1.38804e+09
5.75881 -4.45121 0.937867 1.38804e+09
5.7692 -4.40434 0.936181 1.38804e+09
5.78057 -4.35737 0.934448 1.38804e+09
5.79299 -4.3104 0.932669 1.38804e+09
5.80647 -4.26349 0.934283 1.38804e+09
5.82114 -4.21675 0.937018 1.38804e+09
5.83712 -4.17028 0.940483 1.38804e+09
5.85446 -4.12415 0.944408 1.38804e+09
5.87325 -4.07847 0.94861 1.38804e+09
5.89353 -4.03334 0.952962 1.38804e+09
5.91536 -3.98884 0.957375 1.38804e+09
5.93877 -3.94508 0.96179 1.38804e+09
5.96379 -3.90215 0.966163 1.38804e+09
5.99043 -3.86015 0.970466 1.38804e+09
6.0187 -3.81918 0.974677 1.38804e+09
6.04858 -3.77933 0.978783 1.38804e+09
6.08008 -3.74071 0.982774 1.38804e+09
6.11316 -3.7034 0.986643 1.38804e+09
6.1478 -3.6675 0.990385 1.38804e+09
6.18396 -3.63311 0.993997 1.38804e+09
6.21836 -3.63856 0.984091 1.38804e+09
6.25257 -3.63683 0.974099 1.38804e+09
6.28646 -3.62875 0.9642 1.38804e+09
6.31988 -3.61523 0.954505 1.38804e+09
6.35279 -3.59717 0.945084 1.38804e+09
6.38519 -3.57532 0.935973 1.38804e+09
6.41714 -3.55037 0.927189 1.38804e+09
6.44872 -3.52286 0.918736 1.38804e+09
6.48001 -3.49327 0.910609 1.38804e+09
6.51108 -3.46196 0.902798 1.38804e+09
6.54201 -3.42926 0.89529 1.38804e+09
6.57287 -3.39544 0.88807 1.38804e+09
6.60369 -3.3607 0.881123 1.38804e+09
6.63452 -3.32522 0.874434 1.38804e+09
6.66539 -3.28916 0.867988 1.38804e+09
6.69633 -3.25263 0.86177 1.38804e+09
6.72735 -3.21572 0.855769 1.38804e+09
6.75847 -3.17852 0.849969 1.38804e+09
6.7897 -3.14111 0.844361 1.38804e+09
6.82104 -3.10352 0.838932 1.38804e+09
6.85249 -3.0658 0.833673 1.38804e+09
6.88406 -3.028 0.828572 1.38804e+09
6.91574 -2.99013 0.823622 1.38804e+09
6.94753 -2.95223 0.818812 1.38804e+09
6.97944 -2.91431 0.814136 1.38804e+09
7.01145 -2.87638 0.809586 1.38804e+09
7.04357 -2.83847 0.805154 1.38804e+09
7.07578 -2.80057 0.800833 1.38804e+09
7.10809 -2.7627 0.796618 1.38804e+09
7.14048 -2.72486 0.792503 1.38804e+09
7.17297 -2.68705 0.788481 1.38804e+09
7.20554 -2.64929 0.784548 1.38804e+09
7.23818 -2.61156 0.780699 1.38804e+09
7.2709 -2.57387 0.776929 1.38804e+09
7.30369 -2.53623 0.773233 1.38804e+09
7.33655 -2.49863 0.769608 1.38804e+09
7.36948 -2.46107 0.766049 1.38804e+09
7.40246 -2.42355 0.762554 1.38804e+09
7.43551 -2.38608 0.759117 1.38804e+09
7.4686 -2.34864 0.755737 1.38804e+09
7.50175 -2.31125 0.75241 1.38804e+09
7.53495 -2.27389 0.749133 1.38804e+09
7.5682 -2.23658 0.745903 1.38804e+09
7.6015 -2.19929 0.742718 1.38804e+09
7.63483 -2.16205 0.739575 1.38804e+09
7.66821 -2.12483 0.736472 1.38804e+09
7.70162 -2.08765 0.733407 1.38804e+09
7.73508 -2.0505 0.730377 1.38804e+09
7.76856 -2.01338 0.727381 1.38804e+09
7.80209 -1.97629 0.724417 1.38804e+09
7.83564 -1.93923 0.721483 1.38804e+09
7.86922 -1.90219 0.718577 1.38804e+09
7.90283 -1.86518 0.715698 1.38804e+09
7.93647 -1.82819 0.712845 1.38804e+09
7.97014 -1.79122 0.710015 1.38804e+09
8.00383 -1.75428 0.707208 1.38804e+09
8.03755 -1.71736 0.704423 1.38804e+09
8.07128 -1.68046 0.701657 1.38804e+09
8.10504 -1.64358 0.698911 1.38804e+09
8.13882 -1.60672 0.696183 1.38804e+09
8.17262 -1.56987 0.693472 1.38804e+09
8.20644 -1.53304 0.690777 1.38804e+09
8.24027 -1.49623 0.688097 1.38804e+09
8.27413 -1.45944 0.685432 1.38804e+09
8.308 -1.42265 0.68278 1.38804e+09
8.34188 -1.38589 0.680141 1.38804e+09
8.37578 -1.34913 0.677515 1.38804e+09
8.40969 -1.31239 0.6749 1.38804e+09
8.44362 -1.27566 0.672295 1.38804e+09
8.47756 -1.23895 0.669701 1.38804e+09
8.51151 -1.20224 0.667117 1.38804e+09
8.54547 -1.16554 0.664541 1.38804e+09
8.57944 -1.12886 0.661975 1.38804e+09
8.61343 -1.09218 0.659416 1.38804e+09
8.64742 -1.05552 0.656866 1.38804e+09
8.68142 -1.01886 0.654322 1.38804e+09
8.71544 -0.982212 0.651786 1.38804e+09
8.74946 -0.945571 0.649256 1.38804e+09
8.78349 -0.908938 0.646732 1.38804e+09
8.81752 -0.872312 0.644214 1.38804e+09
8.85157 -0.835694 0.641702 1.38804e+09
8.88562 -0.799082 0.639195 1.38804e+09
8.91968 -0.762476 0.636692 1.38804e+09
8.95375 -0.725876 0.634195 1.38804e+09
8.98782 -0.689282 0.631701 1.38804e+09
9.0219 -0.652694 0.629212 1.38804e+09
9.05598 -0.616111 0.626727 1.38804e+09
9.09007 -0.579533 0.624245 1.38804e+09
9.12416 -0.54296 0.621767 1.38804e+09
9.15826 -0.506391 0.619293 1.38804e+09
9.19236 -0.469827 0.616821 1.38804e+09
9.22647 -0.433267 0.614353 1.38804e+09
9.26059 -0.396711 0.611887 1.38804e+09
9.2947 -0.360158 0.609423 1.38804e+09
9.32882 -0.32361 0.606963 1.38804e+09
9.36295 -0.287064 0.604504 1.38804e+09
9.39707 -0.250522 0.602048 1.38804e+09
9.4312 -0.213983 0.599594 1.38804e+09
9.46534 -0.177448 0.597142 1.38804e+09
9.49948 -0.140915 0.594692 1.38804e+09
9.53362 -0.104384 0.592244 1.38804e+09
9.56776 -0.0678567 0.589797 1.38804e+09
9.6019 -0.0313315 0.587352 1.38804e+09
9.63605 0.00519132 0.584908 1.38804e+09
9.6702 0.0417119 0.582466 1.38804e+09
9.70435 0.0782303 0.580025 1.38804e+09
9.73851 0.114747 0.577586 1.38804e+09
9.77267 0.151261 0.575147 1.38804e+09
9.80683 0.187774 0.57271 1.38804e+09
9.84099 0.224284 0.570274 1.38804e+09
9.87515 0.260793 0.567839 1.38804e+09
9.90931 0.297301 0.565405 1.38804e+09
9.94348 0.333807 0.562971 1.38804e+09
9.97765 0.370311 0.560539 1.38804e+09
10.0118 0.406814 0.558107 1.38804e+09
10.046 0.443316 0.555676 1.38804e+09
10.0802 0.479816 0.553246 1.38804e+09
10.1143 0.516315 0.550817 1.38804e+09
10.1485 0.552813 0.548388 1.38804e+09
10.1827 0.58931 0.545959 1.38804e+09
10.216 0.587642 0.540765 1.38804e+09
10.2484 0.59438 0.536864 1.38804e+09
10.2797 0.607606 0.533834 1.38804e+09
10.3104 0.625699 0.531388 1.38804e+09
10.3409 0.647336 0.529331 1.38804e+09
10.3716 0.671439 0.527531 1.38804e+09
10.4032 0.697123 0.525897 1.38804e+09
10.4358 0.723646 0.524367 1.38804e+09
10.4699 0.750382 0.522901 1.38804e+09
10.5055 0.776797 0.521469 1.38804e+09
10.5428 0.802436 0.520053 1.38804e+09
10.5817 0.826908 0.51864 1.38804e+09
10.6223 0.849885 0.517222 1.38804e+09
10.6644 0.871088 0.515792 1.38804e+09
10.708 0.890288 0.514346 1.38804e+09
10.7529 0.907293 0.512883 1.38804e+09
10.7989 0.921952 0.511401 1.38804e+09
10.846 0.934144 0.509899 1.38804e+09
10.8938 0.943775 0.508377 1.38804e+09
