12.9854 0.30339 0.786 29.1856
13.0316 0.295027 0.78202 29.2856
13.0784 0.287372 0.779419 29.3856
13.1258 0.281118 0.777755 29.4856
13.1738 0.276643 0.776724 29.5856
13.2222 0.274163 0.776122 29.6856
13.2709 0.273801 0.77581 29.7856
13.3198 0.275631 0.775692 29.8856
13.366 0.278642 0.771765 29.9856
13.4127 0.284193 0.769238 30.0856
13.4599 0.289158 0.767659 30.1856
13.5077 0.29215 0.766722 30.2856
13.5559 0.29255 0.766218 30.3856
13.6044 0.29012 0.766004 30.4856
13.6493 0.276465 0.762729 30.5856
13.6942 0.261333 0.761118 30.6856
13.7395 0.246188 0.760637 30.7856
13.7853 0.231577 0.760921 30.8856
13.8316 0.217653 0.761712 30.9856
13.8783 0.204395 0.762835 31.0856
13.9254 0.191723 0.764168 31.1856
13.9729 0.179538 0.765628 31.2856
14.0206 0.167747 0.767158 31.3856
14.0685 0.156266 0.768718 31.4856
14.1166 0.145023 0.770284 31.5856
14.1648 0.133959 0.771838 31.6856
14.2131 0.123028 0.77337 31.7856
14.2615 0.112188 0.774871 31.8856
14.31 0.101411 0.776339 31.9856
14.3586 0.0906695 0.77777 32.0856
14.4072 0.0799451 0.779165 32.1856
14.4559 0.0692222 0.780524 32.2856
14.5045 0.0584887 0.781847 32.3856
14.5532 0.0477354 0.783135 32.4856
14.6019 0.0369553 0.784389 32.5856
14.6507 0.0261432 0.785612 32.6856
14.6964 0.0159846 0.781771 32.7856
14.7428 0.00603525 0.779357 32.8856
14.7898 -0.00263039 0.777906 32.9856
14.8375 -0.00946861 0.777107 33.0856
14.8857 -0.0142059 0.776746 33.1856
