1385687227.654661435 0.0352521 0.061948 0 -2.256 0.00868569 0.0152633  0 -0.00970144 6
1385687227.780280045 0.0362068 0.0644189 0 -2.285 0.00760069 0.0196697  0 -0.00402923 6
1385687227.801774281 0.0363443 0.0648224 0 -2.224 0.00639431 0.0187724  0 0.049532 6
1385687227.842288261 0.0366289 0.0655552 0 -2.188 0.00702428 0.0180873  0 0.0155087 6
1385687227.938075267 0.0358717 0.0640804 0 -179.491 -0.00790496 -0.0153968  0 -32.3063 6
1385687227.995696118 0.0357092 0.058845 0.258 -179.465 -0.00281985 -0.0908589  4.47755 0.00787567 6
1385687228.065866477 0.0350733 0.047568 0.288 -179.387 -0.00906271 -0.160708  0.427531 0.0194015 6
1385687228.128557464 0.034352 0.0407847 0.339 -179.404 -0.011505 -0.108202  0.813514 -0.00473661 6
1385687228.202196337 0.0333883 0.0299016 0.403 -179.337 -0.013087 -0.147791  0.869106 0.0158801 6
1385687228.236960091 0.0328231 0.0239688 0.472 -179.344 -0.0162574 -0.170662  1.98483 -0.00350862 6
1385687228.325290074 0.0317891 0.0101438 0.546 -179.357 -0.0117063 -0.156515  0.837768 -0.00256879 6
1385687228.392044543 0.0310142 -0.0059602 0.616 -179.359 -0.0116081 -0.241242  1.04862 -0.000522623 6
1385687228.429632295 0.0303555 -0.0164464 0.682 -179.357 -0.0175235 -0.27898  1.75589 0.000928159 6
1385687228.487514126 0.0314298 -0.0300019 0.736 -179.367 0.0185601 -0.234193  0.932935 -0.00301828 6
1385687228.558525626 0.0286636 -0.0438177 0.777 -179.453 -0.0389546 -0.194556  0.577371 -0.0211368 6
1385687228.620161485 0.0230609 -0.0542194 0.801 -179.525 -0.0909006 -0.168762  0.389384 -0.0203855 6
1385687228.687867769 0.0149388 -0.063732 0.814 -179.591 -0.11996 -0.140498  0.192006 -0.0170159 6
1385687228.748089704 0.00818734 -0.0702779 0.815 -179.623 -0.11211 -0.108696  0.0166052 -0.00927345 6
1385687228.825743818 -0.000858945 -0.0776642 0.804 -179.619 -0.116495 -0.095118  -0.141654 0.000898533 6
1385687228.898537609 -0.0088307 -0.0833589 0.787 -179.578 -0.109512 -0.0782304  -0.233536 0.00983039 6
1385687228.952700849 -0.0140397 -0.0855772 0.768 -179.554 -0.0961727 -0.0409566  -0.350791 0.00773431 6
1385687229.014408124 -0.0187104 -0.0870536 0.746 -179.535 -0.0756914 -0.0239261  -0.356522 0.00537317 6
1385687229.115372743 -0.0243493 -0.0888133 0.727 -179.503 -0.0558502 -0.0174282  -0.188185 0.00553129 6
1385687229.148273115 -0.025627 -0.0891614 0.714 -179.506 -0.0388354 -0.0105796  -0.395132 -0.00158655 6
1385687229.221915416 -0.0273215 -0.0891877 0.703 -179.515 -0.0230099 -0.000357472  -0.149371 -0.00213364 6
1385687229.312819040 -0.0287572 -0.0889569 0.696 -179.477 -0.0157928 0.00253865  -0.0770046 0.00729484 6
1385687229.403012336 -0.0294013 -0.0884242 0.695 -179.528 -0.00714166 0.00590581  -0.0110873 -0.00986801 6
1385687229.444766464 -0.0294169 -0.088373 0.695 -179.559 -0.000372716 0.00122718  0 -0.0129605 6
1385687229.475623837 -0.0293612 -0.0884789 0.697 -179.574 0.00180249 -0.00343146  0.0648143 -0.00848383 6
1385687229.550709653 -0.028776 -0.0883671 0.699 -179.597 0.00779478 0.0014885  0.0266362 -0.00534506 6
1385687229.624199262 -0.0288574 -0.0883507 0.7 -179.634 -0.0011083 0.000222997  0.0136074 -0.00878786 6
1385687229.673776559 -0.0292726 -0.0882007 0.704 -179.671 -0.00837564 0.00302616  0.0806821 -0.0130265 6
1385687229.742058851 -0.0297559 -0.0872218 0.706 -179.719 -0.00707666 0.0143363  0.0292902 -0.0122662 6
1385687229.794282552 -0.0299177 -0.0861942 0.707 -179.75 -0.00309951 0.0196772  0.0191484 -0.0103622 6
1385687229.867822742 -0.0301377 -0.0846603 0.707 -179.775 -0.00299076 0.0208582  0 -0.0059318 6
1385687229.932098022 -0.0302799 -0.083045 0.706 -179.769 -0.0022129 0.0251296  -0.0155581 0.00162834 6
1385687229.989609105 -0.0304578 -0.0813681 0.707 -179.799 -0.00309398 0.0291579  0.017388 -0.00910394 6
1385687230.067474327 -0.0304778 -0.0794038 0.71 -179.865 -0.000256275 0.0252278  0.0385281 -0.0147959 6
1385687230.152559507 -0.0300333 -0.0782831 0.707 -179.809 0.00522422 0.0131713  -0.0352588 0.0114871 6
1385687230.207695233 -0.0295887 -0.0774442 0.708 -179.804 0.0080642 0.0152146  0.0181371 0.0015843 6
1385687230.306437394 -0.0288213 -0.0759156 0.708 -179.805 0.00777143 0.0154812  0 -0.000175311 6
1385687230.331614219 -0.0283516 -0.0757491 0.709 -179.819 0.0186574 0.00661357  0.0397191 -0.00971045 6
1385687230.419948709 -0.0268302 -0.0757336 0.711 -179.823 0.0172233 0.000174746  0.0226412 -0.000789893 6
1385687230.496827545 -0.025923 -0.0754983 0.709 -179.843 0.0117998 0.00306163  -0.026015 -0.00454144 6
1385687230.551877936 -0.0252546 -0.0753896 0.712 -179.831 0.0121421 0.00197359  0.0544955 0.00380725 6
1385687230.587421480 -0.024796 -0.0754755 0.714 -179.856 0.0129016 -0.00241761  0.056269 -0.0122805 6
1385687230.643162924 -0.0242531 -0.0753561 0.713 -179.882 0.00973941 0.0021436  -0.01794 -0.00814121 6
1385687230.704030559 -0.0235462 -0.0753597 0.715 -179.903 0.0116134 -5.90851e-05  0.0328582 -0.00602046 6
1385687230.773962102 -0.0228834 -0.0755169 0.714 -179.929 0.00947771 -0.00224833  -0.0142997 -0.00648924 6
1385687230.834729266 -0.0225838 -0.0751999 0.716 -179.941 0.00493041 0.00521576  0.0329125 -0.0034447 6
1385687230.901564612 -0.0222841 -0.0745668 0.716 -179.921 0.00448535 0.00947344  0 0.0052199 4
1385687232.432900074 0.073615 0.385697 0.699 0.471008 0.0335875 0.203156  -0.0111014 2.05601 3
1385687233.497434181 0.0863365 0.467519 0.732 0.960007 0.0119503 0.0768617  0.0309995 0.00801725 3
1385687233.894395019 0.0914417 0.465989 0.739 0.919998 0.0128608 -0.00385543  0.017634 -0.00175907 3
1385687234.266589973 0.0973867 0.453749 0.746 0.878006 0.0159729 -0.0328861  0.0188073 -0.00196913 3
1385687234.552126471 0.0991447 0.444262 0.75 0.902008 0.00615664 -0.0332254  0.0140087 0.00146712 3
1385687234.843673268 0.0996977 0.436514 0.762 0.77301 0.00189676 -0.026575  0.0411598 -0.00772238 3
1385687235.117949498 0.0998732 0.437053 0.766 0.76001 0.000640177 0.00196623  0.0145838 -0.000827273 3
1385687235.386440919 0.101552 0.441778 0.772 0.697998 0.00625232 0.0175979  0.0223471 -0.00403107 3
1385687235.845904648 0.107439 0.473278 0.774 0.744003 0.0128124 0.0685572  0.0043529 0.00174757 3
1385687236.160711878 0.111504 0.502133 0.77 0.734009 0.0129143 0.0916622  -0.0127062 -0.000554108 3
1385687236.420578281 0.113298 0.531651 0.769 0.787003 0.00690317 0.113587  -0.00384813 0.0035592 3
1385687236.693388862 0.113245 0.556563 0.762 0.796005 -0.000196031 0.0913177  -0.0256588 0.000575955 3
1385687237.005577059 0.114094 0.582848 0.753 0.766006 0.00271993 0.084194  -0.0288288 -0.00167712 3
1385687237.267239790 0.115724 0.604006 0.743 0.730011 0.00623033 0.080861  -0.0382171 -0.00240095 3
1385687237.340299427 0.116351 0.611801 0.742 0.682999 0.00857851 0.106698  -0.0136874 -0.0112308 3
