0.358397 -0.600483 0.977 0.999993
0.368515 -0.602318 0.976752 1.09999
0.385058 -0.603721 0.976757 1.19999
0.406995 -0.604429 0.976926 1.29999
0.433439 -0.604154 0.977201 1.39999
0.463625 -0.602625 0.977541 1.49999
0.496887 -0.599598 0.977918 1.59999
0.53264 -0.594869 0.978314 1.69999
0.57037 -0.588268 0.978715 1.79999
0.609619 -0.579666 0.979113 1.89999
0.649983 -0.568966 0.979503 1.99999
0.691099 -0.556098 0.979879 2.09999
0.732642 -0.541024 0.98024 2.19999
0.77432 -0.523723 0.980584 2.29999
0.81587 -0.504196 0.98091 2.39999
0.857053 -0.48246 0.981216 2.49999
0.897651 -0.458545 0.981504 2.59999
0.937468 -0.432495 0.981772 2.69999
0.976323 -0.404362 0.982021 2.79999
1.01405 -0.374208 0.982251 2.89999
1.01959 -0.36638 0.982035 2.99999
1.02956 -0.353797 0.982083 3.09999
1.04331 -0.337286 0.982301 3.19999
1.06032 -0.317558 0.982622 3.29999
1.08016 -0.295186 0.983 3.39999
1.10239 -0.270629 0.983405 3.49999
1.12665 -0.244253 0.983813 3.59999
1.15262 -0.216357 0.984211 3.69999
1.18003 -0.187187 0.984587 3.79999
1.20863 -0.156944 0.984936 3.89999
1.23825 -0.125799 0.985253 3.99999
1.2687 -0.0938901 0.985536 4.09999
1.29984 -0.0613374 0.985784 4.19999
1.33157 -0.0282396 0.985996 4.29999
1.36378 0.00531971 0.986173 4.39999
1.3964 0.0392702 0.986315 4.49999
1.42935 0.0735524 0.986423 4.59999
1.46257 0.108116 0.986498 4.69999
1.49602 0.14292 0.986542 4.79999
1.52966 0.177927 0.986555 4.89999
1.56346 0.213109 0.986539 4.99999
1.59739 0.248438 0.986496 5.09999
1.63142 0.283894 0.986425 5.19999
1.66553 0.319459 0.98633 5.29999
1.69972 0.355116 0.986211 5.39999
1.73396 0.390854 0.986069 5.49999
1.76825 0.42666 0.985905 5.59999
1.80257 0.462526 0.98572 5.69999
1.83693 0.498443 0.985516 5.79999
1.8713 0.534404 0.985294 5.89999
1.9057 0.570405 0.985054 5.99999
1.9401 0.60644 0.984797 6.09999
1.97452 0.642504 0.984525 6.19999
2.00895 0.678595 0.984237 6.29999
2.04338 0.714708 0.983936 6.39999
2.07781 0.750842 0.983621 6.49999
2.11224 0.786994 0.983294 6.59999
2.14668 0.823163 0.982955 6.69999
2.18111 0.859346 0.982604 6.79999
2.21554 0.895542 0.982243 6.89999
2.24997 0.93175 0.981871 6.99999
2.2844 0.967968 0.98149 7.09999
2.31882 1.0042 0.9811 7.19999
2.35324 1.04043 0.980701 7.29999
2.38765 1.07668 0.980295 7.39999
2.42207 1.11293 0.97988 7.49999
2.45648 1.14919 0.979459 7.59999
2.49088 1.18546 0.97903 7.69999
2.52528 1.22173 0.978595 7.79999
2.55968 1.25801 0.978154 7.89999
2.59407 1.29429 0.977707 7.99999
2.62846 1.33058 0.977255 8.09999
2.66285 1.36687 0.976798 8.19999
2.69723 1.40317 0.976335 8.29999
2.73161 1.43947 0.975868 8.39999
2.76599 1.47577 0.975397 8.49999
2.80036 1.51208 0.974922 8.59999
2.83473 1.54839 0.974442 8.69999
2.8691 1.58471 0.973959 8.79999
2.90346 1.62103 0.973473 8.89999
2.93782 1.65735 0.972983 8.99999
2.97218 1.69367 0.97249 9.09999
3.00654 1.72999 0.971994 9.19999
3.04089 1.76632 0.971496 9.29999
3.07524 1.80265 0.970994 9.39999
3.10959 1.83899 0.970491 9.49999
3.14394 1.87532 0.969985 9.59999
3.17829 1.91166 0.969476 9.69999
3.21263 1.94799 0.968966 9.79999
3.24697 1.98433 0.968454 9.89999
3.28131 2.02068 0.96794 9.99999
3.31565 2.05702 0.967424 10.1
3.34999 2.09337 0.966906 10.2
3.38432 2.12971 0.966387 10.3
3.41866 2.16606 0.965866 10.4
3.45299 2.20241 0.965344 10.5
3.48732 2.23876 0.96482 10.6
3.52165 2.27511 0.964296 10.7
3.55598 2.31146 0.96377 10.8
3.59031 2.34782 0.963243 10.9
3.62463 2.38417 0.962715 11
3.65896 2.42053 0.962186 11.1
3.69328 2.45689 0.961656 11.2
3.72761 2.49325 0.961125 11.3
3.76193 2.5296 0.960593 11.4
3.79625 2.56596 0.96006 11.5
3.83057 2.60232 0.959527 11.6
3.86489 2.63869 0.958993 11.7
3.89921 2.67505 0.958458 11.8
3.93353 2.71141 0.957923 11.9
3.96785 2.74777 0.957387 12
4.00216 2.78414 0.95685 12.1
4.03648 2.8205 0.956313 12.2
4.0708 2.85687 0.955775 12.3
4.10511 2.89323 0.955237 12.4
4.13943 2.9296 0.954699 12.5
4.17374 2.96597 0.95416 12.6
4.20805 3.00233 0.95362 12.7
4.24237 3.0387 0.953081 12.8
4.27668 3.07507 0.952541 12.9
4.31099 3.11144 0.952 13
4.3159 3.11975 0.951463 13.1
4.32494 3.13308 0.951086 13.2
4.33774 3.15041 0.950819 13.3
4.35403 3.1708 0.950625 13.4
4.37359 3.19346 0.950481 13.5
4.39623 3.21769 0.950371 13.6
4.42176 3.24287 0.950282 13.7
4.44999 3.26851 0.950208 13.8
4.48075 3.29413 0.950144 13.9
4.51386 3.31938 0.950085 14
4.54916 3.3439 0.950029 14.1
4.58647 3.36743 0.949974 14.2
4.62562 3.38972 0.94992 14.3
4.66647 3.41055 0.949866 14.4
4.70883 3.42975 0.94981 14.5
4.75257 3.44717 0.949753 14.6
4.79752 3.46267 0.949694 14.7
4.84353 3.47614 0.949633 14.8
4.89044 3.48749 0.94957 14.9
4.93812 3.49665 0.949505 15
4.98641 3.50354 0.949439 15.1
5.03518 3.50812 0.94937 15.2
5.08427 3.51034 0.949299 15.3
5.13355 3.51018 0.949226 15.4
5.18288 3.50761 0.949151 15.5
5.23212 3.50263 0.949074 15.6
5.28114 3.49523 0.948995 15.7
5.32981 3.48543 0.948914 15.8
5.33848 3.47871 0.947786 15.9
5.35312 3.4701 0.94664 16
5.37288 3.46003 0.945497 16.1
5.39701 3.44888 0.944369 16.2
5.42487 3.4369 0.943264 16.3
5.45586 3.42428 0.942185 16.4
5.4895 3.41114 0.941134 16.5
5.52536 3.39758 0.94011 16.6
5.56309 3.38365 0.939112 16.7
5.60237 3.36941 0.938139 16.8
5.64296 3.35489 0.937189 16.9
5.68464 3.34013 0.93626 17
5.72722 3.32515 0.935351 17.1
5.77057 3.30998 0.93446 17.2
5.81455 3.29464 0.933585 17.3
5.85906 3.27914 0.932725 17.4
5.90401 3.2635 0.931878 17.5
5.94933 3.24774 0.931044 17.6
5.99495 3.23187 0.930222 17.7
6.04082 3.21589 0.92941 17.8
6.08691 3.19982 0.928607 17.9
6.13317 3.18367 0.927813 18
6.17957 3.16744 0.927027 18.1
6.22609 3.15114 0.926249 18.2
6.27271 3.13477 0.925478 18.3
6.31941 3.11835 0.924713 18.4
6.36618 3.10188 0.923954 18.5
6.413 3.08535 0.923201 18.6
6.45986 3.06878 0.922453 18.7
6.50676 3.05217 0.921709 18.8
6.55369 3.03552 0.920971 18.9
6.60064 3.01883 0.920236 19
6.64761 3.00211 0.919505 19.1
6.69459 2.98536 0.918778 19.2
6.74158 2.96858 0.918055 19.3
6.78858 2.95178 0.917335 19.4
6.83558 2.93494 0.916617 19.5
6.88259 2.91809 0.915903 19.6
6.9296 2.90121 0.915191 19.7
6.97662 2.88431 0.914482 19.8
7.02363 2.86739 0.913775 19.9
7.07064 2.85045 0.913071 20
7.11765 2.83349 0.912369 20.1
7.16466 2.81652 0.911668 20.2
7.21166 2.79953 0.91097 20.3
7.25867 2.78253 0.910273 20.4
7.30567 2.76551 0.909578 20.5
7.35267 2.74848 0.908884 20.6
7.39966 2.73143 0.908192 20.7
7.44666 2.71438 0.907502 20.8
7.49365 2.69731 0.906813 20.9
7.54063 2.68023 0.906125 21
7.58762 2.66314 0.905438 21.1
7.6346 2.64604 0.904752 21.2
7.68158 2.62893 0.904068 21.3
7.72855 2.61181 0.903384 21.4
7.77553 2.59468 0.902701 21.5
7.8225 2.57755 0.902019 21.6
7.86946 2.5604 0.901338 21.7
7.91643 2.54325 0.900658 21.8
7.96339 2.5261 0.899979 21.9
8.01035 2.50893 0.8993 22
8.05731 2.49176 0.898622 22.1
8.10427 2.47458 0.897945 22.2
8.15122 2.4574 0.897268 22.3
8.19817 2.44021 0.896592 22.4
8.24512 2.42302 0.895916 22.5
8.29207 2.40582 0.895241 22.6
8.33902 2.38862 0.894566 22.7
8.38597 2.37141 0.893892 22.8
8.43291 2.3542 0.893218 22.9
8.47985 2.33698 0.892545 23
8.52679 2.31976 0.891871 23.1
8.57373 2.30254 0.891199 23.2
8.62067 2.28531 0.890526 23.3
8.66761 2.26808 0.889854 23.4
8.71454 2.25085 0.889183 23.5
8.76148 2.23361 0.888511 23.6
8.80841 2.21637 0.88784 23.7
8.85534 2.19912 0.887169 23.8
8.90228 2.18188 0.886498 23.9
8.94921 2.16463 0.885828 24
8.99614 2.14738 0.885158 24.1
9.04306 2.13012 0.884488 24.2
9.08999 2.11287 0.883818 24.3
9.13692 2.09561 0.883148 24.4
9.18385 2.07835 0.882479 24.5
9.23077 2.06109 0.881809 24.6
9.2777 2.04382 0.88114 24.7
9.32462 2.02656 0.880471 24.8
9.37154 2.00929 0.879802 24.9
9.41847 1.99202 0.879133 25
9.46539 1.97475 0.878465 25.1
9.51231 1.95748 0.877796 25.2
9.55923 1.94021 0.877128 25.3
9.60616 1.92293 0.876459 25.4
9.65308 1.90566 0.875791 25.5
9.7 1.88838 0.875123 25.6
9.74692 1.8711 0.874455 25.7
9.79383 1.85382 0.873787 25.8
9.84075 1.83654 0.873119 25.9
9.88767 1.81926 0.872451 26
9.93459 1.80198 0.871784 26.1
9.98151 1.78469 0.871116 26.2
10.0284 1.76741 0.870448 26.3
10.0753 1.75012 0.869781 26.4
10.1223 1.73284 0.869113 26.5
10.1692 1.71555 0.868446 26.6
10.2161 1.69826 0.867779 26.7
10.263 1.68098 0.867111 26.8
10.3099 1.66369 0.866444 26.9
10.3568 1.6464 0.865777 27
10.4038 1.62911 0.86511 27.1
10.4507 1.61182 0.864442 27.2
10.4976 1.59453 0.863775 27.3
10.5445 1.57724 0.863108 27.4
10.5914 1.55994 0.862441 27.5
10.6383 1.54265 0.861774 27.6
10.6852 1.52536 0.861107 27.7
10.7322 1.50806 0.86044 27.8
10.7791 1.49077 0.859773 27.9
10.826 1.47348 0.859106 28
10.8729 1.45618 0.858439 28.1
10.9198 1.43889 0.857772 28.2
10.9667 1.42159 0.857105 28.3
11.0136 1.4043 0.856439 28.4
11.0606 1.387 0.855772 28.5
11.1075 1.3697 0.855105 28.6
11.1544 1.35241 0.854438 28.7
11.2013 1.33511 0.853771 28.8
11.2482 1.31781 0.853104 28.9
11.2951 1.30052 0.852438 29
11.342 1.28322 0.851771 29.1
11.3889 1.26592 0.851104 29.2
11.4359 1.24862 0.850438 29.3
11.4828 1.23132 0.849771 29.4
11.5297 1.21403 0.849104 29.5
11.5766 1.19673 0.848437 29.6
11.6235 1.17943 0.847771 29.7
11.6704 1.16213 0.847104 29.8
11.7173 1.14483 0.846437 29.9
11.7642 1.12753 0.845771 30
11.8112 1.11023 0.845104 30.1
11.8581 1.09293 0.844437 30.2
11.905 1.07563 0.843771 30.3
11.9519 1.05833 0.843104 30.4
11.9988 1.04103 0.842437 30.5
12.0457 1.02373 0.841771 30.6
12.0926 1.00643 0.841104 30.7
12.1395 0.989134 0.840438 30.8
12.1864 0.971834 0.839771 30.9
12.2334 0.954534 0.839104 31
12.2803 0.937233 0.838438 31.1
12.3272 0.919933 0.837771 31.2
12.3741 0.902632 0.837105 31.3
12.421 0.885331 0.836438 31.4
12.4679 0.868031 0.835771 31.5
12.5148 0.85073 0.835105 31.6
12.5617 0.833429 0.834438 31.7
12.6087 0.816128 0.833772 31.8
12.6556 0.798827 0.833105 31.9
12.7025 0.781526 0.832439 32
12.7494 0.764225 0.831772 32.1
12.7963 0.746923 0.831105 32.2
12.8432 0.729622 0.830439 32.3
12.8901 0.712321 0.829772 32.4
12.937 0.695019 0.829106 32.5
12.9839 0.677718 0.828439 32.6
13.0309 0.660417 0.827773 32.7
13.0778 0.643115 0.827106 32.8
13.1247 0.625814 0.826439 32.9
13.1716 0.608512 0.825773 33
13.2185 0.59121 0.825106 33.1
13.2654 0.573909 0.82444 33.2
13.3123 0.556607 0.823773 33.3
13.3592 0.539306 0.823107 33.4
13.4061 0.522004 0.82244 33.5
13.4531 0.504702 0.821774 33.6
13.5 0.4874 0.821107 33.7
13.5469 0.470098 0.820441 33.8
13.5938 0.452797 0.819774 33.9
13.6407 0.435495 0.819107 34
13.6876 0.418193 0.818441 34.1
13.7345 0.400891 0.817774 34.2
13.7814 0.383589 0.817108 34.3
13.8283 0.366287 0.816441 34.4
13.8753 0.348985 0.815775 34.5
13.9222 0.331683 0.815108 34.6
13.9691 0.314381 0.814442 34.7
14.016 0.297079 0.813775 34.8
14.0629 0.279777 0.813109 34.9
14.1098 0.262475 0.812442 35
14.1567 0.245173 0.811775 35.1
14.2036 0.227871 0.811109 35.2
14.2505 0.210569 0.810442 35.3
14.2975 0.193267 0.809776 35.4
14.3444 0.175965 0.809109 35.5
14.3913 0.158663 0.808443 35.6
14.4382 0.141361 0.807776 35.7
14.4851 0.124059 0.80711 35.8
14.532 0.106757 0.806443 35.9
14.5404 0.0992152 0.805907 36
14.5547 0.0894119 0.805532 36.1
14.5741 0.0780762 0.805267 36.2
14.598 0.0658902 0.805076 36.3
14.6259 0.0534394 0.804936 36.4
14.6572 0.0412143 0.804831 36.5
14.6916 0.0296214 0.80475 36.6
14.7286 0.0189978 0.804684 36.7
14.7678 0.00962182 0.80463 36.8
14.8089 0.00172363 0.804583 36.9
14.8516 -0.00450746 0.804541 37
