1386143934.695345252 -8.43782e-31 -2.52835e-31 0 -0.31 -2.02789e-31 -6.07646e-32  0 -0.00130033 6
1386143934.833615460 -8.45204e-31 -2.53271e-31 0 -0.019 -1.02896e-32 -3.15575e-33  0 0.0367318 6
1386143934.898630505 -1.83774e-12 -7.53416e-12 0 166.292 -2.82664e-11 -1.15883e-10  0 44.6462 6
1386143935.039023497 -0.0594035 0.0133108 0.247 167.102 -0.423123 0.0948108  1.75935 0.100697 6
1386143935.111337466 -0.086589 0.0123691 0.251 167.394 -0.375937 -0.0130224  0.0553143 0.0704736 6
1386143935.174355460 -0.107288 0.0106866 0.252 167.542 -0.328461 -0.026698  0.0158685 0.0409925 6
1386143935.309660134 -0.120241 -0.0131725 0.321 167.629 -0.0957324 -0.176336  0.50996 0.0112211 6
1386143935.379961877 -0.127526 -0.0269784 0.384 167.625 -0.10362 -0.19638  0.896137 -0.000992505 6
1386143935.510198801 -0.133205 -0.0445915 0.535 167.755 -0.0436044 -0.135239  1.15943 0.0174222 6
1386143935.642916812 -0.144665 -0.0624227 0.649 167.69 -0.0863504 -0.134354  0.858964 -0.00854825 6
1386143935.705938733 -0.151054 -0.0711339 0.675 167.679 -0.101374 -0.138224  0.412555 -0.00304678 6
1386143935.836958926 -0.16387 -0.0886912 0.692 167.788 -0.0978182 -0.134005  0.129751 0.0145191 6
1386143935.901612163 -0.169675 -0.0974938 0.685 167.846 -0.0897933 -0.136151  -0.10827 0.0156569 6
1386143936.034698308 -0.179307 -0.11219 0.658 167.99 -0.0723735 -0.110429  -0.202876 0.0188862 6
1386143936.095806653 -0.183006 -0.118565 0.64 168.121 -0.0605298 -0.104315  -0.294559 0.0374143 6
1386143936.227469905 -0.188012 -0.128176 0.621 168.353 -0.0380225 -0.0729978  -0.144308 0.0307532 6
1386143936.293044306 -0.190694 -0.132974 0.613 168.497 -0.040898 -0.0731629  -0.121999 0.0383263 6
1386143936.423179493 -0.195801 -0.141776 0.617 168.733 -0.0392457 -0.0676411  0.0307373 0.0316526 6
1386143936.486564878 -0.198581 -0.14612 0.62 168.805 -0.0438575 -0.0685227  0.0473295 0.0198229 6
1386143936.618198214 -0.20342 -0.157247 0.623 168.911 -0.0367621 -0.0845374  0.0227906 0.0140549 6
1386143936.683848465 -0.206307 -0.1622 0.631 168.953 -0.043971 -0.0754402  0.121858 0.0111678 6
1386143936.814692803 -0.210941 -0.16789 0.645 169.032 -0.0354144 -0.0434874  0.106997 0.0105371 6
1386143936.945103853 -0.212474 -0.170582 0.655 169.103 -0.0117602 -0.0206395  0.0766806 0.00950202 6
1386143937.009774405 -0.213401 -0.17278 0.659 169.076 -0.014325 -0.0339961  0.061852 -0.00728482 6
1386143937.140977434 -0.217368 -0.174702 0.667 169.146 -0.0302359 -0.0146459  0.0609742 0.0093107 6
1386143937.205821384 -0.218872 -0.175448 0.668 169.158 -0.023197 -0.0114994  0.0154216 0.00323223 6
1386143937.336829569 -0.221247 -0.175996 0.671 169.186 -0.0181293 -0.00418312  0.0228993 0.00373023 6
1386143937.401504539 -0.222708 -0.176667 0.672 169.254 -0.0225897 -0.0103859  0.0154619 0.0183487 6
1386143937.532019238 -0.224106 -0.177837 0.672 169.282 -0.0107111 -0.00895996  0 0.00374433 6
1386143937.597031231 -0.225594 -0.177808 0.672 169.284 -0.0228893 0.00043877  0 0.00053663 6
1386143937.727610086 -0.227442 -0.177843 0.676 169.384 -0.0141501 -0.000267701  0.0306328 0.0133669 6
1386143937.792588376 -0.228946 -0.17765 0.678 169.338 -0.0231434 0.00298057  0.0307795 -0.0123571 6
1386143937.923124756 -0.231495 -0.17729 0.678 169.44 -0.0195331 0.00275804  0 0.0136385 4
1386143937.988606151 0.870779 0.131538 0.675 0.0319977 0.0170084 -0.00494693  -0.0458145 -45.1537 4
1386143938.119279319 0.870235 0.129798 0.662 0.162994 -0.00416628 -0.0133131  -0.0994848 0.0174965 4
1386143938.187640585 0.869255 0.128686 0.655 0.220993 -0.0143297 -0.016276  -0.102397 0.0148076 3
1386143938.314411975 0.865397 0.124075 0.641 0.382004 -0.0304334 -0.0363723  -0.110435 0.0221672 3
1386143938.444787791 0.865335 0.123761 0.628 0.427002 -0.000479506 -0.00240236  -0.0997117 0.00602386 3
1386143938.510013306 0.866256 0.124182 0.624 0.464005 0.0141219 0.00644598  -0.0613257 0.00990129 3
1386143938.640448490 0.874587 0.130279 0.623 1.826 0.0638713 0.0467465  -0.00766664 0.182247 3
1386143938.705785908 0.880157 0.135091 0.628 2.474 0.0852438 0.073644  0.0765258 0.173096 3
1386143938.834864761 0.910097 0.15004 0.631 3.661 0.231952 0.115811  0.0232416 0.160499 3
1386143938.903667900 0.929404 0.159316 0.634 4.242 0.280623 0.134826  0.0436027 0.147385 3
1386143939.033214820 0.987381 0.178686 0.648 4.959 0.447532 0.149517  0.108069 0.0965976 3
1386143939.097350935 1.01973 0.188745 0.656 5.26399 0.504408 0.156848  0.124735 0.0829973 3
1386143939.229414199 1.09343 0.208235 0.668 5.54599 0.558042 0.14758  0.0908655 0.0372684 3
1386143939.292790236 1.1314 0.216622 0.677 5.68199 0.59909 0.132329  0.14201 0.0374538 3
1386143939.422680867 1.20638 0.229203 0.695 5.813 0.577273 0.0968607  0.138578 0.017604 3
1386143939.487758204 1.24361 0.233147 0.706 5.84999 0.572091 0.0606105  0.16903 0.00991974 3
1386143939.619166763 1.32107 0.236726 0.727 6.004 0.589447 0.0272314  0.159807 0.0204547 3
1386143939.751556684 1.38841 0.237518 0.747 6.20799 0.508634 0.00598535  0.151069 0.0268931 3
1386143939.812972831 1.41814 0.235979 0.756 6.34799 0.484084 -0.0250594  0.146541 0.0397851 3
1386143939.945936636 1.48071 0.230669 0.774 6.59599 0.470597 -0.0399399  0.135375 0.0325535 3
1386143940.008542205 1.50892 0.228008 0.781 6.769 0.450602 -0.0424988  0.111811 0.0482304 3
1386143940.140569741 1.56985 0.22187 0.797 7.20799 0.461498 -0.0464895  0.121187 0.0580327 3
1386143940.204541001 1.59988 0.220532 0.802 7.369 0.469414 -0.0209124  0.0781601 0.0439286 3
1386143940.338767504 1.66965 0.218559 0.808 7.71899 0.519809 -0.0147003  0.0447006 0.0455088 3
1386143940.401283870 1.70172 0.218631 0.812 7.951 0.513044 0.0011586  0.0639832 0.0647724 3
1386143940.531471437 1.76839 0.217367 0.813 8.25299 0.512095 -0.00971165  0.00768123 0.0404851 3
1386143940.596895255 1.80236 0.215282 0.818 8.38499 0.519157 -0.0318748  0.0764248 0.035215 3
1386143940.729657533 1.87676 0.207537 0.818 8.875 0.560429 -0.0583371  0 0.0644175 3
1386143940.792999383 1.91431 0.201727 0.824 9.18399 0.592825 -0.0917191  0.0947241 0.0851396 3
1386143940.922855997 1.99296 0.186733 0.824 10.041 0.605644 -0.115467  0 0.115186 3
1386143941.053226174 2.07343 0.174189 0.831 11.031 0.617254 -0.0962159  0.0536933 0.132535 3
1386143941.118471869 2.09848 0.174844 0.827 11.631 0.383969 0.0100383  -0.0613067 0.160502 3
1386143941.255285428 2.18277 0.166849 0.825 12.791 0.616075 -0.0584363  -0.0146184 0.147982 3
1386143941.319944256 2.22142 0.165184 0.824 13.319 0.597731 -0.025752  -0.0154658 0.142522 3
1386143941.444713674 2.28983 0.174284 0.813 14.118 0.548307 0.0729309  -0.0881626 0.111767 3
1386143941.512308865 2.32685 0.18263 0.808 14.43 0.547731 0.123468  -0.0739698 0.0805585 3
1386143941.640534292 2.39067 0.210614 0.79 14.987 0.497702 0.218245  -0.140378 0.0758165 3
1386143941.705325487 2.42169 0.223371 0.782 15.174 0.478768 0.19689  -0.123474 0.0503726 3
1386143941.838062721 2.48073 0.250575 0.749 15.258 0.444806 0.204946  -0.248611 0.0110449 3
1386143941.900886290 2.50825 0.262855 0.739 15.169 0.437912 0.195475  -0.159176 -0.0247267 3
1386143942.031764508 2.56078 0.274815 0.724 14.922 0.401359 0.0913833  -0.11461 -0.0329379 3
1386143942.096718375 2.58572 0.276837 0.72 14.812 0.384001 0.0311219  -0.0615822 -0.0295575 3
1386143942.227451546 2.64121 0.266065 0.717 14.673 0.424442 -0.082399  -0.0229475 -0.0185559 3
1386143942.357834738 2.70236 0.24661 0.726 14.713 0.469039 -0.149213  0.0690273 0.00535356 3
1386143942.425118189 2.73529 0.235242 0.728 14.829 0.489372 -0.168948  0.029725 0.0300896 3
1386143942.553414082 2.80432 0.218815 0.732 15.321 0.538053 -0.128042  0.0311779 0.066932 3
1386143942.618385197 2.84004 0.213862 0.733 15.626 0.549752 -0.0762276  0.0153915 0.0819307 3
1386143942.748864528 2.91369 0.21835 0.736 16.317 0.564454 0.0343907  0.0229921 0.0924314 3
1386143942.814112655 2.95036 0.22558 0.739 16.625 0.562043 0.110817  0.0459783 0.0823869 3
1386143942.944507373 3.01782 0.250666 0.734 17.204 0.517377 0.192385  -0.0383451 0.0774983 3
1386143943.015964464 3.05456 0.267252 0.732 17.411 0.514118 0.232108  -0.0279888 0.0505596 3
1386143943.140338517 3.11507 0.306137 0.726 17.578 0.48655 0.312643  -0.0482416 0.023436 3
1386143943.207892197 3.14619 0.328521 0.725 17.587 0.460609 0.331349  -0.014803 0.00232201 3
1386143943.335808882 3.20223 0.373189 0.721 17.309 0.438121 0.3492  -0.0312704 -0.037931 3
1386143943.401284967 3.23058 0.393807 0.72 17.1 0.432984 0.31489  -0.0152728 -0.0557109 3
1386143943.531558397 3.28867 0.43303 0.722 16.475 0.445883 0.301083  0.0153523 -0.0837339 3
1386143943.661888574 3.34971 0.464983 0.72 15.825 0.468353 0.245173  -0.0153456 -0.0870446 3
1386143943.725586488 3.38102 0.477376 0.717 15.42 0.491543 0.194557  -0.0470973 -0.11097 3
1386143943.857208998 3.44919 0.494547 0.714 14.545 0.517918 0.130455  -0.0227925 -0.116026 3
1386143943.922923473 3.4836 0.500537 0.714 14.052 0.523689 0.0911613  0 -0.130936 3
1386143944.052866063 3.55248 0.507887 0.71 13.183 0.530025 0.0565636  -0.0307828 -0.116721 3
1386143944.123325020 3.58857 0.508473 0.706 12.849 0.512337 0.00831365  -0.0567706 -0.0827346 3
1386143944.251231613 3.65542 0.507698 0.701 12.261 0.522581 -0.00606277  -0.039091 -0.0802343 3
1386143944.313499897 3.68769 0.506885 0.701 11.979 0.518309 -0.0130497  0 -0.0790417 3
1386143944.444953248 3.75698 0.508524 0.694 11.608 0.527121 0.0124696  -0.0532508 -0.0492586 3
1386143944.510011561 3.79168 0.510317 0.691 11.415 0.533317 0.0275518  -0.0461125 -0.0517787 3
1386143944.642347904 3.85969 0.518435 0.686 10.886 0.51392 0.0613441  -0.0377825 -0.0697665 3
1386143944.705318591 3.89196 0.522699 0.684 10.537 0.512517 0.0677231  -0.0317608 -0.0967304 3
1386143944.835711202 3.96589 0.528691 0.683 9.75299 0.566983 0.0459494  -0.00766915 -0.104941 3
1386143944.965980809 4.03745 0.52588 0.682 9.149 0.54928 -0.0215789  -0.00767639 -0.0809213 3
1386143945.030870289 4.07262 0.523808 0.683 8.953 0.542018 -0.0319281  0.0154108 -0.0527178 3
1386143945.164157601 4.14632 0.507679 0.692 8.985 0.552976 -0.121013  0.0675233 0.00418993 3
1386143945.228871126 4.18339 0.497598 0.697 9.233 0.572723 -0.155767  0.0772636 0.0668861 3
1386143945.357403032 4.25644 0.475086 0.706 9.89299 0.56841 -0.175149  0.0700215 0.0896195 3
1386143945.421983607 4.29417 0.461076 0.712 10.314 0.584172 -0.216933  0.0929072 0.113779 3
1386143945.555808078 4.36967 0.442634 0.719 11.511 0.564163 -0.137811  0.0523073 0.156113 3
1386143945.620091295 4.40626 0.435401 0.723 12.12 0.569146 -0.112515  0.0622246 0.165346 3
1386143945.753221109 4.48264 0.434015 0.73 13.474 0.57377 -0.0104145  0.0525803 0.17751 3
1386143945.814339467 4.51604 0.435533 0.73 14.179 0.546442 0.0248489  0 0.201324 3
1386143945.945843239 4.58623 0.452928 0.727 15.357 0.533734 0.132279  -0.022813 0.156344 3
1386143946.009449637 4.62026 0.463224 0.727 15.944 0.534979 0.161861  0 0.161072 3
1386143946.140115675 4.68493 0.495445 0.723 16.863 0.494927 0.246593  -0.0306124 0.122751 3
1386143946.205096638 4.71582 0.511281 0.72 17.27 0.475471 0.243702  -0.0461674 0.10932 3
1386143946.335913692 4.76995 0.547967 0.713 17.784 0.413738 0.280437  -0.0535098 0.0685756 3
1386143946.466219801 4.81608 0.583225 0.704 18.1 0.354013 0.270578  -0.0690681 0.0423245 3
1386143946.532081288 4.839 0.60145 0.699 18.15 0.348082 0.276721  -0.0759169 0.0132508 3
1386143946.668093832 4.88246 0.63519 0.688 17.852 0.319529 0.24806  -0.0808749 -0.0382383 3
1386143946.727228828 4.90057 0.649953 0.682 17.646 0.306209 0.249649  -0.101463 -0.0608021 3
1386143946.856043298 4.94223 0.680149 0.671 17.105 0.323456 0.234415  -0.0853941 -0.0733011 3
1386143946.922940778 4.96433 0.694872 0.667 16.86 0.330254 0.220086  -0.059793 -0.0639183 3
1386143947.053230117 5.01347 0.726237 0.663 16.213 0.377193 0.240738  -0.0307009 -0.0866712 3
1386143947.118195327 5.03963 0.739369 0.661 15.967 0.402711 0.20213  -0.0307857 -0.06609 3
1386143947.248794237 5.09561 0.767029 0.66 15.271 0.428625 0.211792  -0.00765703 -0.0930136 3
1386143947.313792962 5.12504 0.780304 0.661 14.975 0.452727 0.204237  0.0153849 -0.0794826 3
1386143947.444233600 5.1874 0.808996 0.658 14.404 0.478055 0.219963  -0.022999 -0.0764012 3
1386143947.509009765 5.21974 0.821898 0.654 14.167 0.499338 0.199174  -0.0617511 -0.0638572 3
1386143947.639966449 5.28569 0.848935 0.645 13.6 0.503573 0.206461  -0.068725 -0.0755673 3
1386143947.772419301 5.35198 0.870911 0.633 12.936 0.500506 0.165911  -0.0905983 -0.0874934 3
1386143947.835686330 5.38324 0.880465 0.63 12.635 0.494089 0.15102  -0.0474181 -0.0830388 3
1386143947.966092869 5.44974 0.897835 0.621 11.858 0.509901 0.133197  -0.0690149 -0.103991 3
1386143948.031339623 5.4821 0.904672 0.615 11.499 0.496059 0.104795  -0.0919586 -0.0960337 3
1386143948.161827715 5.54915 0.912134 0.607 10.624 0.513849 0.0571814  -0.0613083 -0.117035 3
1386143948.227043029 5.58509 0.914578 0.605 10.068 0.550973 0.0374734  -0.0306676 -0.1488 3
1386143948.359591040 5.65928 0.918577 0.599 9.00299 0.559747 0.0301714  -0.0452666 -0.140234 3
1386143948.423916673 5.69515 0.921219 0.592 8.37799 0.55762 0.0410676  -0.108821 -0.169579 3
1386143948.552727733 5.76441 0.925401 0.587 7.2 0.537697 0.03247  -0.0388165 -0.159613 3
1386143948.618334622 5.79738 0.925305 0.585 6.716 0.502487 -0.0014644  -0.0304846 -0.128756 3
1386143948.748619277 5.85535 0.914829 0.582 6.019 0.444967 -0.080407  -0.0230265 -0.0933729 3
1386143948.814021748 5.88345 0.903803 0.584 5.97299 0.429732 -0.168584  0.0305799 -0.012277 3
1386143948.945393271 5.93871 0.856926 0.597 6.80099 0.42059 -0.356835  0.098956 0.110004 3
1386143949.074760777 5.96816 0.853828 0.614 8.36099 0.227657 -0.0239466  0.131409 0.210463 3
1386143949.147554968 5.99718 0.82242 0.622 9.29599 0.398741 -0.431464  0.109899 0.224177 3
1386143949.270412543 6.05269 0.804886 0.638 11.035 0.451788 -0.142711  0.130232 0.247046 3
1386143949.337839261 6.08397 0.78391 0.644 11.966 0.463869 -0.311103  0.0889855 0.240988 3
1386143949.465905589 6.0614 0.768403 0.649 16.341 -0.17623 -0.121084  0.0390423 0.596239 3
1386143949.531267235 6.04042 0.770296 0.651 17.382 -0.320929 0.0289634  0.030599 0.277975 3
1386143949.663766802 6.00173 0.793598 0.649 18.617 -0.292036 0.175866  -0.0150944 0.162678 3
1386143949.726519923 5.98705 0.809144 0.649 19.202 -0.233905 0.247732  0 0.162702 3
1386143949.856728925 5.98061 0.842861 0.644 20.144 -0.0494612 0.258942  -0.0383998 0.126266 3
1386143949.922144992 5.98338 0.858713 0.645 20.416 0.0423533 0.242331  0.0152868 0.0725716 3
1386143950.052922989 6.01929 0.8801 0.641 20.254 0.274574 0.163533  -0.0305862 -0.0216204 3
1386143950.117655659 6.04548 0.888245 0.643 20.01 0.404677 0.125826  0.0308963 -0.0657884 3
1386143950.248636759 6.1221 0.894362 0.649 19.276 0.584927 0.0467055  0.0458081 -0.097805 3
1386143950.378781266 6.21835 0.896195 0.655 17.846 0.739614 0.0140827  0.0461026 -0.191774 3
1386143950.446900914 6.24763 0.926696 0.659 12.432 0.429833 0.447753  0.0587202 -1.38715 3
1386143950.573796050 6.2723 0.982492 0.673 9.089 0.194347 0.439707  0.110327 -0.459798 3
1386143950.645060471 6.28983 1.01136 0.687 8.36099 0.245988 0.405067  0.196451 -0.178297 3
1386143950.770228546 6.33917 1.05457 0.717 7.94 0.394204 0.345195  0.239678 -0.0587024 3
1386143950.835491831 6.36777 1.07398 0.723 7.99699 0.438317 0.297519  0.0919353 0.0152412 3
1386143950.964964915 6.4438 1.10249 0.722 8.02299 0.587203 0.220191  -0.00772361 0.003505 3
1386143951.030313364 6.48623 1.11442 0.719 7.966 0.649284 0.182443  -0.0459077 -0.0152213 3
1386143951.161514970 6.59225 1.12479 0.707 7.59599 0.808047 0.0790404  -0.0914623 -0.0492212 3
1386143951.226869430 6.65019 1.12771 0.696 7.58299 0.886529 0.0447479  -0.168313 -0.00347186 3
1386143951.357359603 6.71653 1.12309 0.671 7.93199 0.508453 -0.0354049  -0.191585 0.0466792 3
1386143951.422385958 6.76858 1.14084 0.66 6.43199 0.800337 0.273013  -0.169162 -0.402605 3
1386143951.554146855 6.80013 1.2375 0.635 -4.666 0.239489 0.733618  -0.189738 -1.47006 3
1386143951.617871576 6.81272 1.27881 0.624 -6.205 0.19752 0.648179  -0.172617 -0.421511 3
1386143951.748403618 6.84881 1.35113 0.602 -7.45 0.276468 0.554065  -0.168541 -0.166467 3
1386143951.884232762 6.90111 1.39596 0.584 -7.562 0.385066 0.330024  -0.132519 -0.0143913 3
1386143951.944508434 6.92733 1.40825 0.578 -7.77701 0.435042 0.203857  -0.0995426 -0.0622583 3
1386143952.078688292 6.99941 1.39882 0.562 -8.71901 0.537192 -0.0702588  -0.119243 -0.12253 3
1386143952.138860915 7.03532 1.38832 0.555 -9.36501 0.596645 -0.174526  -0.116332 -0.187374 3
1386143952.271862315 7.12818 1.33182 0.529 -10.367 0.698209 -0.424785  -0.195487 -0.131489 3
1386143952.333414243 7.17316 1.30075 0.521 -10.847 0.730855 -0.504778  -0.129972 -0.136105 3
1386143952.469383147 7.25279 1.27007 0.502 -10.904 0.585642 -0.225631  -0.139738 -0.00731753 3
1386143952.531602358 7.30202 1.24373 0.5 -13.537 0.791153 -0.4234  -0.0321444 -0.738589 3
1386143952.596364042 7.35778 1.21472 0.494 -19.563 0.861068 -0.44787  -0.0926474 -1.62401 3
1386143952.737805427 7.48779 1.16276 0.475 -25.525 0.919149 -0.367368  -0.134331 -0.735687 7
1386143952.792105946 7.54071 1.14411 0.469 -27.009 0.974616 -0.34348  -0.110496 -0.476986 7
1386143952.922286628 7.66551 1.11451 0.466 -28.231 0.958683 -0.22741  -0.0230449 -0.163833 7
1386143952.991556023 7.73082 1.10351 0.482 -28.488 0.942814 -0.158822  0.230982 -0.0647553 7
1386143953.133701034 7.84587 1.09846 0.482 -28.611 0.809378 -0.0354807  0 -0.0151027 7
1386143953.183181183 7.88357 1.09713 0.483 -28.631 0.761856 -0.026934  0.0202101 -0.00705079 7
1386143953.313525467 7.9629 1.10267 0.485 -28.733 0.608642 0.0425221  0.015344 -0.0136586 7
1386143953.378690430 7.99568 1.1056 0.486 -28.857 0.503055 0.0449755  0.0153457 -0.0332134 7
1386143953.543717837 8.0443 1.11754 0.486 -28.932 0.294601 0.0723246  0 -0.00793167 7
1386143953.640487679 8.05858 1.12629 0.478 -29.224 0.147643 0.0904089  -0.0826704 -0.0526634 8
1386143953.718237054 8.06887 1.13295 0.448 -29.739 0.132294 0.0857086  -0.385855 -0.115608 8
1386143953.837901018 8.08369 1.14117 0.394 -30.684 0.123869 0.0687065  -0.451264 -0.137832 8
1386143953.901573244 8.09273 1.14369 0.352 -31.024 0.141974 0.0395893  -0.659628 -0.0931969 8
1386143954.032892817 8.11065 1.15237 0.284 -31.594 0.13646 0.0660651  -0.517821 -0.075758 8
1386143954.096365472 8.11943 1.15753 0.241 -31.755 0.138216 0.0813179  -0.677457 -0.0442695 8
1386143954.230862442 8.13184 1.16354 0.185 -31.934 0.0923279 0.044712  -0.416366 -0.0232284 8
1386143954.291669401 8.13681 1.16974 0.183 -31.864 0.0816033 0.101824  -0.032891 0.0200941 8
1386143954.424749396 8.17641 1.17409 0 -32.699 0.297615 0.0327324  -1.37511 -0.10951 2
1386143954.488374750 8.2052 1.16819 0 -32.698 0.45247 -0.092731  0 0.000276256 2
1386143954.625468792 8.21204 1.16539 0 -32.688 0.0499069 -0.0204521  0 0.00127239 2
1386143954.685769227 8.21221 1.16565 0 -32.687 0.00283189 0.00428203  0 0.000291488 2
1386143954.818036906 8.2087 1.16761 0 -32.69 -0.0265533 0.0148727  0 -0.000396652 2
1386143954.943909920 8.2073 1.16785 0 -32.689 -0.0111394 0.00186789  0 0.00013964 2
1386143955.012167946 8.20632 1.16867 0 -32.688 -0.0142788 0.0120096  0 0.000253605 2
1386143955.139489337 8.20488 1.16956 0 -32.683 -0.0113738 0.00700878  0 0.000686072 2
1386143955.206803266 8.20491 1.16965 0 -32.684 0.000468765 0.00132702  0 -0.000261118 2
1386143955.335132859 8.20496 1.1696 0 -32.685 0.000413397 -0.000364603  0 -0.000134891 2
1386143955.403545174 8.20481 1.1697 0 -32.686 -0.00216885 0.00133566  0 -0.000256925 2
1386143955.530994710 8.2049 1.1696 0 -32.687 0.000645584 -0.000745549  0 -0.000135823 2
1386143955.598703522 8.20496 1.16955 0 -32.687 0.000971634 -0.000760894  0 0 2
1386143955.726317765 8.205 1.16947 0 -32.692 0.000293549 -0.000622559  0 -0.000684498 2
1386143955.793858690 8.20503 1.16943 0 -32.692 0.000495195 -0.000567762  0 0 2
1386143955.924134419 8.20523 1.16938 0 -32.69 0.00150847 -0.000380892  0 0.000267797 2
1386143955.986915615 8.20528 1.1694 0 -32.691 0.000825566 0.000311035  0 -0.00027997 2
1386143956.117437297 8.20544 1.16931 0 -32.69 0.00122267 -0.000683655  0 0.000134666 2
1386143956.182763365 8.20549 1.1693 0 -32.694 0.000716965 -0.000100869  0 -0.0010681 2
1386143956.313186961 8.20565 1.16924 0 -32.697 0.00123862 -0.00052699  0 -0.000402261 2
1386143956.444311704 8.20573 1.1692 0 -32.697 0.000630385 -0.000311068  0 0 2
1386143956.509316482 8.20579 1.16915 0 -32.697 0.000902917 -0.000629453  0 0 2
1386143956.639782956 8.20597 1.16905 0 -32.696 0.00137343 -0.000775599  0 0.000134723 2
1386143956.703688735 8.206 1.16902 0 -32.695 0.000433368 -0.000491478  0 0.000270876 2
1386143956.834929302 8.20607 1.16896 0 -32.696 0.000553797 -0.000474961  0 -0.000131899 2
1386143956.900352018 8.20613 1.16889 0 -32.696 0.000861602 -0.00105948  0 0 2
1386143957.030084889 8.20635 1.16894 0 -32.699 0.00176674 0.000382238  0 -0.000404402 2
1386143957.099425432 8.20647 1.16895 0 -32.697 0.00167743 0.0001275  0 0.000503131 2
1386143957.227019492 8.20658 1.16901 0 -32.697 0.000835987 0.00049917  0 0 2
1386143957.292322700 8.20659 1.16898 0 -32.697 0.000118376 -0.000442961  0 0 2
1386143957.422115843 8.20663 1.16894 0 -32.698 0.000347429 -0.000333617  0 -0.00013337 2
1386143957.487203534 8.20671 1.16888 0 -32.697 0.0012042 -0.000975351  0 0.000265957 2
1386143957.618776003 8.20682 1.16881 0 -32.696 0.000853128 -0.000532715  0 0.000133591 2
1386143957.683419764 8.20689 1.16877 0 -32.696 0.0010152 -0.000642506  0 0 2
1386143957.814466485 8.2069 1.16875 0 -32.7 0.000107892 -0.000136049  0 -0.000532442 2
1386143957.946652657 8.20697 1.16867 0 -32.702 0.000517946 -0.000595333  0 -0.000263926 2
1386143958.009522254 8.20701 1.16861 0 -32.701 0.000712407 -0.000946646  0 0.000275341 2
1386143958.139775406 8.2072 1.16865 0 -32.706 0.00146217 0.000291151  0 -0.00067063 2
1386143958.205293553 8.20725 1.16864 0 -32.704 0.000629629 -0.00010856  0 0.000532485 2
1386143958.334441379 8.20737 1.1686 0 -32.705 0.000991608 -0.000332895  0 -0.000134037 2
1386143958.409584296 8.2075 1.16854 0 -32.706 0.00169486 -0.000734373  0 -0.000233912 2
1386143958.530703071 8.20758 1.16852 0 -32.705 0.000691925 -0.00018949  0 0.000145121 2
1386143958.596409809 8.20765 1.16852 0 -32.703 0.00102193 9.29588e-06  0 0.000530956 2
1386143958.725962592 8.2078 1.16848 0 -32.703 0.00117177 -0.00026574  0 0 2
1386143958.794634988 8.20792 1.16849 0 -32.702 0.00165025 1.87202e-05  0 0.000255952 2
1386143958.921151406 8.20803 1.16847 0 -32.701 0.000896479 -0.000160335  0 0.000136825 2
1386143958.990638342 8.20808 1.16848 0 -32.701 0.000741238 0.000212259  0 0 2
1386143959.116883321 8.20822 1.16843 0 -32.699 0.00107113 -0.000391949  0 0.000276347 2
1386143959.183292291 8.2083 1.16841 0 -32.698 0.00131236 -0.000258992  0 0.000264676 2
1386143959.312650298 8.20852 1.16838 0 -32.698 0.00164354 -0.00022728  0 0 2
1386143959.443435224 8.20855 1.16838 0 -32.696 0.000234086 -3.87969e-05  0 0.000266754 2
1386143959.508365833 8.20861 1.1684 0 -32.698 0.000921257 0.000382225  0 -0.000537303 2
1386143959.640224194 8.20871 1.16832 0 -32.695 0.000754279 -0.00067326  0 0.000395864 2
1386143959.703950727 8.20875 1.1683 0 -32.693 0.000739139 -0.000284624  0 0.000547455 2
1386143959.835423673 8.20896 1.16826 0 -32.695 0.00158419 -0.000254982  0 -0.000265358 2
1386143959.901923580 8.20903 1.16822 0 -32.693 0.00103899 -0.000707627  0 0.000524623 2
1386143960.035971392 8.20916 1.16825 0 -32.693 0.000988502 0.000283701  0 0 2
1386143960.097168108 8.20921 1.16822 0 -32.693 0.000822989 -0.000561187  0 0 2
1386143960.229093742 8.20928 1.16811 0 -32.695 0.000530657 -0.00087446  0 -0.000264448 2
1386143960.291360270 8.20936 1.1681 0 -32.694 0.00125907 -0.000157423  0 0.000282284 2
1386143960.421728328 8.20941 1.168 0 -32.697 0.000377206 -0.000695894  0 -0.000402432 2
1386143960.488781630 8.2095 1.168 0 -32.698 0.00133787 -8.4448e-05  0 -0.000258161 2
1386143960.617965640 8.20966 1.16797 0 -32.699 0.00120336 -0.000231578  0 -0.000136061 2
1386143960.684529597 8.20973 1.16791 0 -32.7 0.00104492 -0.000959992  0 -0.000260059 2
1386143960.816430460 8.20977 1.16777 0 -32.699 0.000304895 -0.00105213  0 0.000131239 2
1386143960.944557611 8.20985 1.16781 0 -32.702 0.000631962 0.000308661  0 -0.000407392 2
1386143961.009284354 8.20989 1.16776 0 -32.7 0.000693598 -0.000672527  0 0.000538995 2
1386143961.139800038 8.20987 1.16782 0 -32.697 -0.000202658 0.00041745  0 0.000399936 2
1386143961.204417057 8.20996 1.16783 0 -32.696 0.00145858 0.000172785  0 0.000272016 2
1386143961.335959464 8.21011 1.16781 0 -32.694 0.00112203 -0.000102029  0 0.000265218 2
1386143961.400474515 8.21019 1.16754 0 -32.689 0.00130354 -0.00430234  0 0.00135397 2
1386143961.530515007 8.21082 1.16335 0 -32.67 0.00485667 -0.0321821  0 0.00254969 2
1386143961.598660963 8.2169 1.15708 0 -32.682 0.0892117 -0.0919712  0 -0.00307562 2
1386143961.726996372 8.20887 1.16842 0 -32.294 -0.0626115 0.0883425  0 0.0527671 2
1386143961.793426695 8.18353 1.16074 0 -29.853 -0.381434 -0.115653  0 0.641328 2
1386143961.922871058 8.07627 1.17505 0 -19.386 -0.828599 0.110558  0 1.41129 2
1386143961.990017754 8.03309 1.19053 0 -12.525 -0.643141 0.230485  0 1.78336 2
1386143962.118283898 7.97404 1.20102 0 2.489 -0.460316 0.0817992  0 2.04297 2
1386143962.185238252 7.94378 1.20743 0 10.161 -0.451994 0.0957016  0 1.99989 2
1386143962.312734451 7.86268 1.18647 0 24.552 -0.636138 -0.164371  0 1.97002 2
1386143962.394520067 7.80934 1.17281 0 31.781 -0.652124 -0.166992  0 1.54269 2
1386143962.520263947 7.82908 1.03095 0 47.748 0.156937 -1.12818  0 2.21623 2
1386143962.574310151 7.86031 0.952996 0 56.628 0.577941 -1.44236  0 2.86764 2
1386143962.703708876 7.86364 0.924554 0 75.789 0.0257619 -0.219797  0 2.58443 2
1386143962.839486709 7.75812 0.89763 0 94.638 -0.777172 -0.198298  0 2.42291 2
1386143962.899532246 7.71522 0.880598 0 104.206 -0.714493 -0.28365  0 2.78111 2
1386143963.035527739 7.68556 0.761897 0 119.412 -0.218107 -0.872826  0 1.9515 2
1386143963.096209029 7.6705 0.717729 0 125.788 -0.248185 -0.727869  0 1.83388 2
1386143963.226690221 7.59585 0.635734 0 136.824 -0.572076 -0.628409  0 1.47619 2
1386143963.291686149 7.54794 0.601679 0 143.104 -0.737215 -0.523946  0 1.68636 2
1386143963.419514969 7.45567 0.542402 0 152.951 -0.72182 -0.463727  0 1.34447 2
1386143963.486360925 7.41093 0.510722 0 155.637 -0.669234 -0.473923  0 0.701307 2
1386143963.620578585 7.70638 0.474814 0 160.738 2.20124 -0.267538  0 0.66332 2
1386143963.747532929 7.75213 0.535807 0 171.328 0.360419 0.480435  0 1.45588 2
1386143963.816773852 7.73578 0.538567 0 177.916 -0.236145 0.0398666  0 1.66061 2
1386143963.943193155 7.69177 0.492604 0 -169.122 -0.348132 -0.363574  0 -47.9116 2
1386143964.012364030 7.71375 0.498797 0 -163.741 0.31769 0.0895229  0 1.35774 2
1386143964.141712489 7.74735 0.515285 0 -153.448 0.259769 0.127469  0 1.38886 2
1386143964.203276140 7.76181 0.523608 0 -149.536 0.234861 0.135201  0 1.10905 2
1386143964.334259155 7.73533 0.503942 0 -146.443 -0.202148 -0.150144  0 0.412138 2
1386143964.403750515 7.6678 0.466531 0 -147.295 -0.971735 -0.538352  0 -0.213986 2
1386143964.529654980 7.56633 0.459672 0 -154.128 -0.805934 -0.054481  0 -0.947213 2
1386143964.598008667 7.54665 0.471913 0 -157.673 -0.287856 0.179086  0 -0.905173 2
1386143964.725445634 7.51463 0.48776 0 -159.702 -0.251284 0.124354  0 -0.277884 2
1386143964.800167384 7.4826 0.5268 0 -157.906 -0.428739 0.522477  0 0.419505 2
1386143964.927338041 7.43612 0.566041 0 -154.086 -0.365484 0.308568  0 0.524269 2
1386143964.989471376 7.39526 0.559491 0 -151.928 -0.657612 -0.105414  0 0.606183 2
1386143965.119959287 7.54291 0.612527 0 -148.589 1.13155 0.406442  0 0.446605 2
1386143965.247593768 7.73202 0.6835 0 -146.947 1.48169 0.556066  0 0.224534 2
1386143965.314834934 7.75163 0.653602 0 -149.19 0.291537 -0.444652  0 -0.582199 2
1386143965.442993441 7.7537 0.581027 0 -156.275 0.0161825 -0.566288  0 -0.964872 2
1386143965.508359898 7.7525 0.546707 0 -159.644 -0.0183137 -0.525046  0 -0.899546 2
1386143965.638361628 7.74262 0.488659 0 -166.968 -0.0760045 -0.446513  0 -0.983279 2
1386143965.703734778 7.73685 0.461613 0 -169.277 -0.0882674 -0.413715  0 -0.616456 2
1386143965.834312354 7.60038 0.375634 0 -167.418 -1.04518 -0.658451  0 0.248478 2
1386143965.899456898 7.54534 0.338716 0 -162.322 -0.844912 -0.566718  0 1.3653 2
1386143966.030216531 7.4908 0.304695 0 -148.346 -0.417028 -0.26018  0 1.86546 2
1386143966.095064379 7.47736 0.295069 0 -141.73 -0.207311 -0.148428  0 1.78064 2
1386143966.225497307 7.69162 0.387421 0 -132.205 1.64268 0.70804  0 1.27455 2
1386143966.290738332 7.76595 0.404319 0 -129.436 1.13929 0.259014  0 0.740764 2
1386143966.420831862 7.73238 0.331571 0 -129.622 -0.25801 -0.559202  0 -0.0249538 2
1386143966.486300752 7.66798 0.264971 0 -130.844 -0.983783 -1.01727  0 -0.325772 2
1386143966.616759758 7.46841 0.125448 0 -133.365 -1.52976 -1.06948  0 -0.337269 2
1386143966.747476753 7.27833 -0.00164869 0 -136.546 -1.45414 -0.972301  0 -0.424726 2
1386143966.822771412 7.23972 -0.029889 0 -136.268 -0.512785 -0.375063  0 0.0644403 2
1386143966.942637752 7.17413 -0.0530924 0 -130.584 -0.547123 -0.193577  0 0.827626 2
1386143967.014456321 7.13244 -0.089321 0 -125.97 -0.580484 -0.504446  0 1.12129 2
1386143967.138430863 7.08944 -0.145796 0 -119.371 -0.346852 -0.45554  0 0.929015 2
1386143967.203632966 7.07359 -0.171946 0 -116.814 -0.24314 -0.401059  0 0.684457 2
1386143967.333774928 7.05022 -0.220314 0 -111.533 -0.179561 -0.371658  0 0.708233 2
1386143967.399134342 7.05469 -0.238878 0 -110.476 0.0683185 -0.284028  0 0.282256 2
1386143967.532082948 6.93218 -0.382697 0 -107.114 -0.921494 -1.08176  0 0.441358 2
1386143967.594566235 6.85946 -0.455035 0 -105.229 -1.16374 -1.15771  0 0.526532 2
1386143967.727318765 6.71526 -0.587653 0 -105.571 -1.08626 -0.998986  0 -0.0449634 2
1386143967.790838648 6.64845 -0.646441 0 -106.514 -1.05177 -0.92551  0 -0.259107 2
1386143967.923448017 6.53156 -0.759242 0 -104.454 -0.881414 -0.850629  0 0.271126 2
1386143967.986156303 6.51963 -0.80789 0 -101.047 -0.190384 -0.775777  0 0.948253 2
1386143968.051441249 6.52898 -0.828186 0 -96.225 0.143338 -0.310878  0 1.28911 2
1386143968.182322509 6.52543 -0.867393 0 -88.418 -0.0271747 -0.299565  0 1.04108 2
1386143968.248687656 6.52531 -0.888932 0 -83.65 -0.00178545 -0.324549  0 1.25393 2
1386143968.442422936 6.56799 -0.90636 0 -69.714 0.220291 -0.0899618  0 1.25547 2
1386143968.641327562 6.60383 -0.907676 0 -57.588 0.180186 -0.00661338  0 1.06402 2
1386143968.834808915 6.57285 -0.937992 0 -47.791 -0.160102 -0.156686  0 0.883754 2
1386143968.900272058 6.55499 -0.948552 0 -42.636 -0.272781 -0.161312  0 1.37439 2
1386143969.029751566 6.49076 -0.928996 0 -31.444 -0.496123 0.151033  0 1.50863 2
1386143969.096966882 6.45087 -0.917231 0 -24.968 -0.593447 0.175041  0 1.68157 2
1386143969.232022843 6.43618 -0.898492 0 -13.084 -0.108727 0.138747  0 1.53577 2
1386143969.293602915 6.43791 -0.894252 0 -7.483 0.0279917 0.0688475  0 1.58746 2
1386143969.423662841 6.42486 -0.891044 0 3.51799 -0.100278 0.0246665  0 1.47627 2
1386143969.488170738 6.42052 -0.892313 0 7.592 -0.0673679 -0.0196644  0 1.10227 2
1386143969.637458345 6.41275 -0.908042 0 12.035 -0.0520426 -0.105364  0 0.519434 2
1386143969.682028446 6.41069 -0.912634 0 13.966 -0.0461034 -0.103033  0 0.756164 2
1386143969.817870417 6.39918 -0.924305 0 16.361 -0.0847442 -0.0859109  0 0.307714 2
1386143969.878220513 6.39566 -0.926698 0 22.655 -0.05844 -0.0396589  0 1.82023 2
1386143970.037844416 6.39168 -0.9294 0 25.254 -0.0248781 -0.0169243  0 0.284175 2
1386143970.075434374 6.39242 -0.930543 0 28.696 0.0196424 -0.03042  0 1.59815 2
1386143970.340902390 6.4498 -0.917404 0 32.037 0.216149 0.0494923  0 0.219656 2
1386143970.400778307 6.47355 -0.90619 0 32.824 0.39657 0.1873  0 0.229404 2
1386143970.529441473 6.52256 -0.869578 0 35.201 0.380927 0.284558  0 0.322442 2
1386143970.594631759 6.54132 -0.846982 0 34.767 0.287848 0.346614  0 -0.116196 2
1386143970.725839415 6.56325 -0.801073 0 34.081 0.167137 0.34989  0 -0.0912526 2
1386143970.789820986 6.57523 -0.777995 0 33.705 0.187176 0.360698  0 -0.102565 2
1386143970.920295751 6.64501 -0.690385 0 33.184 0.534781 0.671473  0 -0.0696944 2
1386143970.986307665 6.6843 -0.660522 0 33.64 0.595259 0.452388  0 0.120567 2
1386143971.116789235 6.74032 -0.622877 0 34.127 0.429306 0.288506  0 0.0651413 2
1386143971.181923015 6.75428 -0.608706 0 33.98 0.214389 0.217579  0 -0.0393911 2
1386143971.312319137 6.75838 -0.601745 0 33.857 0.0314141 0.0533832  0 -0.0164635 2
1386143971.442347803 6.75629 -0.574955 0 33.412 -0.016044 0.20603  0 -0.0597297 2
1386143971.507884923 6.75435 -0.546701 0 32.891 -0.029654 0.431111  0 -0.138751 2
1386143971.637901650 6.75818 -0.528632 0 32.649 0.0294791 0.138977  0 -0.0324843 2
1386143971.704301626 6.75888 -0.526674 0 32.674 0.0106091 0.0294906  0 0.00656967 2
1386143971.833142602 6.75907 -0.526587 0 32.663 0.00146971 0.000674047  0 -0.00149032 2
1386143971.899182405 6.75933 -0.526531 0 32.664 0.00382377 0.000849265  0 0.000266156 2
1386143972.032724837 6.75947 -0.52643 0 32.653 0.00108489 0.000751438  0 -0.00143785 2
1386143972.094822134 6.75948 -0.526183 0 32.639 0.000135507 0.00398526  0 -0.00393702 2
1386143972.226930226 6.75934 -0.526218 0 32.633 -0.00101537 -0.000267936  0 -0.000792247 2
1386143972.290378242 6.75924 -0.526073 0 32.629 -0.00165366 0.00228421  0 -0.00109972 2
1386143972.420429556 6.75941 -0.526434 0 32.674 0.00130462 -0.00277147  0 0.00603889 2
1386143972.487898409 6.75954 -0.526715 0 32.722 0.00187548 -0.00416138  0 0.012418 2
1386143972.616706839 6.75979 -0.527097 0 32.775 0.00195766 -0.00296944  0 0.00718055 2
1386143972.746780868 6.76032 -0.527825 0 32.812 0.00405003 -0.00559446  0 0.00496499 2
1386143972.811425689 6.76033 -0.527948 0 32.821 0.000305287 -0.00190995  0 0.00243061 2
1386143972.942001924 6.76054 -0.527649 0 32.816 0.00154447 0.00229179  0 -0.000668971 2
1386143973.007306744 6.76034 -0.527725 0 32.825 -0.00295279 -0.00116501  0 0.00240605 2
1386143973.138248204 6.76 -0.528086 0 32.842 -0.0025862 -0.00275713  0 0.00226572 2
1386143973.204955670 6.75989 -0.528583 0 32.847 -0.00167986 -0.00744493  0 0.00130947 2
1386143973.335288028 6.76024 -0.529023 0 32.877 0.00266811 -0.00337943  0 0.00401725 2
1386143973.397785651 6.76375 -0.531798 0 33.105 0.0561594 -0.0444015  0 0.0636711 2
1386143973.529428705 6.7873 -0.535838 0 33.639 0.178894 -0.0306887  0 0.0707975 2
1386143973.594179983 6.7906 -0.535871 0 33.626 0.0510189 -0.000510091  0 -0.0035042 2
1386143973.725105719 6.7901 -0.533646 0 33.506 -0.00387455 0.0169947  0 -0.0159962 2
1386143973.791200821 6.78969 -0.533303 0 33.471 -0.00621663 0.00519365  0 -0.00924318 2
1386143973.921424677 6.78938 -0.531503 0 33.391 -0.00231357 0.013821  0 -0.0107223 2
1386143973.985206470 6.78968 -0.53059 0 33.423 0.0046468 0.0143195  0 0.00876004 2
1386143974.116383179 6.79112 -0.531337 0 33.533 0.0109878 -0.00569437  0 0.0146358 2
1386143974.246947202 6.79161 -0.531374 0 33.525 0.00372031 -0.000287772  0 -0.00107086 2
1386143974.310373836 6.79159 -0.531395 0 33.53 -0.000217453 -0.000335722  0 0.00137721 2
1386143974.446043474 6.79154 -0.53161 0 33.532 -0.000416229 -0.00157978  0 0.00025715 2
1386143974.510857461 6.79154 -0.53167 0 33.533 9.16349e-06 -0.000930235  0 0.000271189 2
1386143974.638482061 6.79137 -0.531787 0 33.537 -0.0012977 -0.000916043  0 0.000546719 2
1386143974.703043029 6.79141 -0.531802 0 33.539 0.000529965 -0.000235138  0 0.000540379 2
1386143974.833763954 6.79105 -0.531951 0 33.543 -0.00271127 -0.00114131  0 0.000533769 2
1386143974.898973338 6.79097 -0.531932 0 33.543 -0.00130486 0.000290776  0 0 2
1386143975.029445492 6.79062 -0.532187 0 33.545 -0.00268418 -0.00195318  0 0.000267394 2
1386143975.094225287 6.79028 -0.532419 0 33.546 -0.00526056 -0.00358522  0 0.000267221 2
1386143975.224752042 6.78977 -0.532667 0 33.55 -0.00384563 -0.00189276  0 0.000536604 2
1386143975.290311297 6.78965 -0.532781 0 33.55 -0.00188982 -0.0017427  0 0 2
1386143975.420677631 6.7897 -0.532882 0 33.552 0.000390272 -0.000774745  0 0.000267611 2
1386143975.485792490 6.78968 -0.532919 0 33.551 -0.000392622 -0.000565839  0 -0.000269936 2
1386143975.616309004 6.78977 -0.532903 0 33.557 0.000747591 0.000122758  0 0.000801908 2
1386143975.746646352 6.78987 -0.532889 0 33.559 0.000718098 0.000102977  0 0.00026767 2
1386143975.811931155 6.78984 -0.532923 0 33.562 -0.000348272 -0.00052535  0 0.000803622 2
1386143975.941622078 6.78985 -0.532835 0 33.567 7.79977e-05 0.000683003  0 0.000673537 2
1386143976.007469819 6.78981 -0.53286 0 33.569 -0.000652391 -0.000379001  0 0.000529819 2
1386143976.139336557 6.78974 -0.533033 0 33.571 -0.00050559 -0.00131673  0 0.000264566 2
1386143976.203174844 6.78968 -0.533066 0 33.575 -0.00101842 -0.000503979  0 0.00109299 2
1386143976.333134731 6.78979 -0.53305 0 33.576 0.000852162 0.000122711  0 0.000135248 2
1386143976.397714097 6.78987 -0.533038 0 33.578 0.00117366 0.000179106  0 0.000540225 2
1386143976.528424859 6.78969 -0.533211 0 33.58 -0.00137443 -0.00132294  0 0.000266905 2
1386143976.595674003 6.78972 -0.533189 0 33.583 0.00042778 0.000326212  0 0.000776188 2
1386143976.726816684 6.78959 -0.533457 0 33.583 -0.000974148 -0.00204065  0 0 2
1386143976.788925692 6.78967 -0.533472 0 33.584 0.00130757 -0.000237764  0 0.000283 2
1386143976.920002272 6.78974 -0.533526 0 33.586 0.000552825 -0.000413972  0 0.000266161 2
1386143976.985811801 6.78972 -0.53356 0 33.586 -0.000334839 -0.000516164  0 0 2
1386143977.117427891 6.78953 -0.533591 0 33.588 -0.0014708 -0.000236979  0 0.000265069 2
1386143977.246421979 6.78936 -0.533636 0 33.59 -0.00128231 -0.000350831  0 0.000270457 2
1386143977.312152453 6.78932 -0.533684 0 33.591 -0.000656777 -0.000728252  0 0.000267408 2
1386143977.442604978 6.78926 -0.533746 0 33.593 -0.00047726 -0.000472793  0 0.000267434 2
1386143977.508173946 6.78917 -0.533812 0 33.592 -0.00125348 -0.00100628  0 -0.000268067 2
1386143977.637802437 6.7892 -0.533857 0 33.596 0.000182381 -0.000353132  0 0.000538268 2
1386143977.702487634 6.78918 -0.533907 0 33.6 -0.000319903 -0.000763965  0 0.00107868 2
1386143977.833729037 6.78923 -0.533837 0 33.604 0.000448903 0.000529541  0 0.000533682 2
1386143977.897847651 6.78923 -0.533831 0 33.604 -6.29829e-05 0.000106241  0 0 2
1386143978.029143495 6.78931 -0.533834 0 33.607 0.000585152 -2.43824e-05  0 0.00039756 2
1386143978.095786065 6.78938 -0.533816 0 33.607 0.00107529 0.00026994  0 0 2
1386143978.225811174 6.78933 -0.533799 0 33.613 -0.000353261 0.000126027  0 0.000804939 2
1386143978.289307880 6.78936 -0.533676 0 33.612 0.000403428 0.0019499  0 -0.000272621 2
1386143978.419895603 6.78942 -0.53358 0 33.615 0.000454628 0.000730581  0 0.000399716 2
1386143978.486882402 6.78941 -0.533576 0 33.616 -0.000128645 5.80859e-05  0 0.000262393 2
1386143978.615864962 6.78954 -0.53351 0 33.622 0.000976273 0.000513914  0 0.000811445 2
1386143978.745701356 6.78957 -0.533558 0 33.623 0.000254322 -0.000371835  0 0.000135377 2
1386143978.814666217 6.78953 -0.533575 0 33.625 -0.00049172 -0.000248657  0 0.000505872 2
1386143978.942414415 6.7894 -0.53368 0 33.632 -0.00106103 -0.000822083  0 0.000956875 2
1386143979.007358150 6.78927 -0.533708 0 33.635 -0.00191222 -0.000416748  0 0.000803741 2
1386143979.137867778 6.78926 -0.5338 0 33.639 -0.000127594 -0.000709573  0 0.000534634 2
1386143979.202822172 6.78926 -0.533785 0 33.641 7.08791e-05 0.000231497  0 0.000537106 2
1386143979.333353445 6.78928 -0.533733 0 33.645 9.57913e-05 0.000396133  0 0.000536585 2
1386143979.399734618 6.7893 -0.533757 0 33.647 0.000379522 -0.000361633  0 0.000525562 2
1386143979.528883325 6.78926 -0.533857 0 33.648 -0.000294389 -0.000768491  0 0.000134036 2
1386143979.594270865 6.78928 -0.533825 0 33.649 0.000259022 0.000485691  0 0.000268811 2
1386143979.724766209 6.78885 -0.533951 0 33.654 -0.00329742 -0.000970061  0 0.000667345 2
1386143979.789742957 6.7888 -0.533939 0 33.658 -0.000717932 0.000194729  0 0.00107794 2
1386143979.920195785 6.78902 -0.533705 0 33.664 0.00165383 0.00179136  0 0.000802299 2
