8.54072 1.32296 1.039 1.38806e+09
8.57482 1.30843 1.18061 1.38806e+09
8.61075 1.29277 1.26963 1.38806e+09
8.64878 1.27767 1.32308 1.38806e+09
8.68889 1.26403 1.35254 1.38806e+09
8.73088 1.25236 1.36587 1.38806e+09
8.77448 1.24296 1.36844 1.38806e+09
8.8194 1.23597 1.36385 1.38806e+09
8.86537 1.23149 1.35459 1.38806e+09
8.91212 1.22956 1.3423 1.38806e+09
8.95943 1.23019 1.32813 1.38806e+09
9.00706 1.23339 1.31282 1.38806e+09
9.05482 1.23914 1.2969 1.38806e+09
9.10251 1.24742 1.28071 1.38806e+09
9.14996 1.25821 1.26446 1.38806e+09
9.18476 1.245 1.39367 1.38806e+09
9.22127 1.23116 1.46453 1.38806e+09
9.25967 1.21806 1.4957 1.38806e+09
9.29986 1.2062 1.50019 1.38806e+09
9.34164 1.19566 1.48701 1.38806e+09
9.38476 1.18639 1.46241 1.38806e+09
9.42902 1.17823 1.43072 1.38806e+09
9.47422 1.17102 1.3949 1.38806e+09
9.52021 1.1646 1.35695 1.38806e+09
9.56685 1.15885 1.31826 1.38806e+09
9.61402 1.15365 1.27973 1.38806e+09
9.66165 1.14888 1.24195 1.38806e+09
9.70965 1.14447 1.20529 1.38806e+09
9.75797 1.14035 1.16997 1.38806e+09
9.80654 1.13647 1.13613 1.38806e+09
9.85534 1.13277 1.10382 1.38806e+09
9.90431 1.12922 1.07303 1.38806e+09
9.95344 1.12579 1.04375 1.38806e+09
10.0027 1.12245 1.01594 1.38806e+09
10.0521 1.11918 0.989541 1.38806e+09
10.1015 1.11597 0.964491 1.38806e+09
10.151 1.1128 0.940726 1.38806e+09
10.2006 1.10967 0.918183 1.38806e+09
10.2503 1.10656 0.896797 1.38806e+09
10.2999 1.10346 0.876505 1.38806e+09
10.3497 1.10038 0.857247 1.38806e+09
10.3994 1.09731 0.838965 1.38806e+09
10.4492 1.09424 0.821604 1.38806e+09
10.499 1.09117 0.805112 1.38806e+09
10.5488 1.0881 0.789439 1.38806e+09
10.5986 1.08502 0.774538 1.38806e+09
10.6485 1.08195 0.760366 1.38806e+09
10.6983 1.07886 0.74688 1.38806e+09
10.7482 1.07578 0.734043 1.38806e+09
10.798 1.07269 0.721815 1.38806e+09
10.8479 1.06959 0.710164 1.38806e+09
10.8978 1.06648 0.699056 1.38806e+09
10.9477 1.06337 0.68846 1.38806e+09
10.9976 1.06026 0.678347 1.38806e+09
11.0474 1.05713 0.668691 1.38806e+09
11.0973 1.054 0.659464 1.38806e+09
11.1472 1.05087 0.650644 1.38806e+09
11.1971 1.04773 0.642206 1.38806e+09
11.247 1.04458 0.63413 1.38806e+09
11.2969 1.04143 0.626395 1.38806e+09
11.3468 1.03827 0.618982 1.38806e+09
11.3967 1.03511 0.611873 1.38806e+09
11.4466 1.03194 0.605051 1.38806e+09
11.4965 1.02876 0.598499 1.38806e+09
11.5464 1.02559 0.592204 1.38806e+09
11.5963 1.0224 0.586149 1.38806e+09
11.6462 1.01922 0.580323 1.38806e+09
11.6961 1.01603 0.574712 1.38806e+09
11.746 1.01283 0.569304 1.38806e+09
11.7959 1.00963 0.564088 1.38806e+09
11.8458 1.00643 0.559053 1.38806e+09
11.8819 0.997319 0.705255 1.38806e+09
11.9202 0.989462 0.80042 1.38806e+09
11.9607 0.983781 0.861006 1.38806e+09
12.0028 0.980684 0.898201 1.38806e+09
12.0463 0.980316 0.919603 1.38806e+09
12.0907 0.982689 0.930373 1.38806e+09
