1.72001 1.07926 1.149 1.38804e+09
1.75615 1.08383 1.14753 1.38804e+09
1.79445 1.08743 1.14558 1.38804e+09
1.83383 1.09361 1.14331 1.38804e+09
1.87364 1.10374 1.14085 1.38804e+09
1.90241 1.12639 1.13936 1.38804e+09
1.93233 1.15104 1.13735 1.38804e+09
1.96367 1.17679 1.13501 1.38804e+09
1.99641 1.20319 1.13243 1.38804e+09
2.03044 1.23001 1.1297 1.38804e+09
2.0656 1.25711 1.12688 1.38804e+09
2.10173 1.28442 1.124 1.38804e+09
2.13867 1.31189 1.12107 1.38804e+09
2.17631 1.3395 1.11813 1.38804e+09
2.21452 1.36723 1.11517 1.38804e+09
2.25321 1.39505 1.11221 1.38804e+09
2.29231 1.42295 1.10925 1.38804e+09
2.33174 1.45093 1.10628 1.38804e+09
2.37145 1.47897 1.10332 1.38804e+09
2.4114 1.50707 1.10036 1.38804e+09
2.45154 1.53522 1.0974 1.38804e+09
2.49184 1.56341 1.09444 1.38804e+09
2.53227 1.59164 1.09149 1.38804e+09
2.57281 1.6199 1.08853 1.38804e+09
2.61345 1.64819 1.08558 1.38804e+09
2.65417 1.67651 1.08262 1.38804e+09
2.69494 1.70485 1.07967 1.38804e+09
2.73578 1.73321 1.07672 1.38804e+09
2.77665 1.76159 1.07377 1.38804e+09
2.81756 1.78998 1.07081 1.38804e+09
2.8585 1.81839 1.06786 1.38804e+09
2.89947 1.84681 1.0649 1.38804e+09
2.94046 1.87523 1.06195 1.38804e+09
2.98146 1.90367 1.05899 1.38804e+09
3.02248 1.93212 1.05604 1.38804e+09
3.06351 1.96057 1.05308 1.38804e+09
3.10455 1.98903 1.05012 1.38804e+09
3.14559 2.0175 1.04716 1.38804e+09
3.18664 2.04597 1.0442 1.38804e+09
3.2277 2.07445 1.04124 1.38804e+09
3.26876 2.10293 1.03828 1.38804e+09
3.30982 2.13141 1.03532 1.38804e+09
3.35089 2.1599 1.03235 1.38804e+09
3.39196 2.18839 1.02939 1.38804e+09
3.43303 2.21688 1.02642 1.38804e+09
3.4741 2.24538 1.02346 1.38804e+09
3.51517 2.27388 1.02049 1.38804e+09
3.55624 2.30238 1.01752 1.38804e+09
3.59731 2.33088 1.01456 1.38804e+09
3.63838 2.35938 1.01159 1.38804e+09
3.67946 2.38789 1.00862 1.38804e+09
3.72053 2.4164 1.00565 1.38804e+09
3.7616 2.4449 1.00268 1.38804e+09
3.80267 2.47341 0.999707 1.38804e+09
3.84374 2.50193 0.996736 1.38804e+09
3.88481 2.53044 0.993764 1.38804e+09
3.92588 2.55895 0.990792 1.38804e+09
3.96695 2.58747 0.98782 1.38804e+09
4.00802 2.61598 0.984847 1.38804e+09
4.04909 2.6445 0.981873 1.38804e+09
4.09016 2.67302 0.9789 1.38804e+09
4.13123 2.70154 0.975926 1.38804e+09
4.1723 2.73005 0.972951 1.38804e+09
4.21337 2.75857 0.969977 1.38804e+09
4.25443 2.7871 0.967002 1.38804e+09
4.2955 2.81562 0.964027 1.38804e+09
4.33657 2.84414 0.961051 1.38804e+09
4.37763 2.87266 0.958075 1.38804e+09
4.4187 2.90118 0.955099 1.38804e+09
4.45976 2.92971 0.952123 1.38804e+09
4.50083 2.95823 0.949147 1.38804e+09
4.5419 2.98676 0.94617 1.38804e+09
4.58296 3.01528 0.943194 1.38804e+09
4.62402 3.04381 0.940217 1.38804e+09
4.66509 3.07233 0.93724 1.38804e+09
4.70615 3.10086 0.934262 1.38804e+09
4.74722 3.12939 0.931285 1.38804e+09
4.78828 3.15791 0.928307 1.38804e+09
4.82934 3.18644 0.92533 1.38804e+09
4.8704 3.21497 0.922352 1.38804e+09
4.91147 3.2435 0.919374 1.38804e+09
4.95253 3.27203 0.916396 1.38804e+09
4.99359 3.30056 0.913418 1.38804e+09
5.03465 3.32908 0.91044 1.38804e+09
5.07572 3.35761 0.907461 1.38804e+09
5.11678 3.38614 0.904483 1.38804e+09
5.15784 3.41467 0.901505 1.38804e+09
5.1989 3.4432 0.898526 1.38804e+09
5.23996 3.47173 0.895547 1.38804e+09
5.28102 3.50026 0.892569 1.38804e+09
5.32208 3.52879 0.88959 1.38804e+09
5.36315 3.55732 0.886611 1.38804e+09
5.40421 3.58586 0.883632 1.38804e+09
5.44527 3.61439 0.880653 1.38804e+09
5.48633 3.64292 0.877674 1.38804e+09
5.52739 3.67145 0.874695 1.38804e+09
5.56845 3.69998 0.871716 1.38804e+09
5.60951 3.72851 0.868737 1.38804e+09
5.65057 3.75704 0.865758 1.38804e+09
5.69163 3.78558 0.862778 1.38804e+09
5.73269 3.81411 0.859799 1.38804e+09
5.77375 3.84264 0.85682 1.38804e+09
5.81481 3.87117 0.85384 1.38804e+09
5.85587 3.89971 0.850861 1.38804e+09
5.89693 3.92824 0.847882 1.38804e+09
5.93799 3.95677 0.844902 1.38804e+09
5.97905 3.9853 0.841923 1.38804e+09
6.02011 4.01384 0.838943 1.38804e+09
6.06116 4.04237 0.835964 1.38804e+09
6.10222 4.0709 0.832984 1.38804e+09
6.14328 4.09944 0.830005 1.38804e+09
6.18434 4.12797 0.827025 1.38804e+09
6.21701 4.14455 0.825732 1.38804e+09
6.25122 4.16278 0.823998 1.38804e+09
6.28612 4.18341 0.82197 1.38804e+09
6.32111 4.2067 0.819745 1.38804e+09
6.35576 4.23266 0.817389 1.38804e+09
6.38972 4.26118 0.814943 1.38804e+09
6.42275 4.29211 0.812438 1.38804e+09
6.45463 4.32528 0.809891 1.38804e+09
6.48519 4.36052 0.807314 1.38804e+09
6.51427 4.39766 0.804715 1.38804e+09
6.54175 4.43657 0.802099 1.38804e+09
6.5675 4.47709 0.799469 1.38804e+09
6.59142 4.51908 0.796827 1.38804e+09
6.61342 4.56242 0.794174 1.38804e+09
6.6334 4.60696 0.79151 1.38804e+09
6.65384 4.63418 0.791559 1.38804e+09
6.67065 4.6663 0.791616 1.38804e+09
6.68619 4.70139 0.791669 1.38804e+09
6.70179 4.73845 0.791711 1.38804e+09
6.71828 4.77682 0.791736 1.38804e+09
6.7362 4.816 0.791742 1.38804e+09
6.75587 4.85558 0.791725 1.38804e+09
6.7775 4.89518 0.791684 1.38804e+09
6.80119 4.93451 0.791618 1.38804e+09
6.82701 4.97327 0.791526 1.38804e+09
6.85494 5.01122 0.791408 1.38804e+09
6.88497 5.04813 0.791264 1.38804e+09
6.91705 5.0838 0.791093 1.38804e+09
6.9511 5.11805 0.790897 1.38804e+09
6.98704 5.15073 0.790676 1.38804e+09
7.02476 5.18168 0.790429 1.38804e+09
7.06418 5.21079 0.790158 1.38804e+09
7.10516 5.23793 0.789863 1.38804e+09
7.1476 5.26301 0.789544 1.38804e+09
7.19136 5.28594 0.789203 1.38804e+09
7.23633 5.30663 0.788838 1.38804e+09
7.28238 5.32502 0.788452 1.38804e+09
7.32937 5.34105 0.788044 1.38804e+09
7.37717 5.35467 0.787615 1.38804e+09
7.42565 5.36584 0.787165 1.38804e+09
7.47468 5.37453 0.786696 1.38804e+09
7.52412 5.3807 0.786207 1.38804e+09
7.57385 5.38434 0.785699 1.38804e+09
7.62371 5.38544 0.785173 1.38804e+09
7.67359 5.384 0.784628 1.38804e+09
7.72334 5.38002 0.784066 1.38804e+09
7.77284 5.3735 0.783487 1.38804e+09
7.82196 5.36447 0.782891 1.38804e+09
7.87056 5.35295 0.782279 1.38804e+09
7.91852 5.33898 0.781651 1.38804e+09
7.96572 5.32258 0.781008 1.38804e+09
8.01203 5.3038 0.780349 1.38804e+09
8.05732 5.28269 0.779676 1.38804e+09
8.10149 5.2593 0.778989 1.38804e+09
8.14442 5.2337 0.778288 1.38804e+09
8.186 5.20595 0.777573 1.38804e+09
8.22611 5.17613 0.776846 1.38804e+09
8.26467 5.1443 0.776105 1.38804e+09
8.30155 5.11057 0.775352 1.38804e+09
8.33669 5.075 0.774587 1.38804e+09
8.36997 5.03769 0.77381 1.38804e+09
8.40132 4.99875 0.773021 1.38804e+09
8.43065 4.95826 0.772221 1.38804e+09
8.45789 4.91634 0.77141 1.38804e+09
8.48441 4.91537 0.768412 1.38804e+09
8.50991 4.90583 0.764478 1.38804e+09
8.5342 4.88964 0.759979 1.38804e+09
8.55736 4.86813 0.755166 1.38804e+09
8.57952 4.8423 0.750208 1.38804e+09
8.60085 4.81293 0.745215 1.38804e+09
8.62151 4.78065 0.740259 1.38804e+09
8.64161 4.74597 0.735384 1.38804e+09
8.6613 4.70931 0.730618 1.38804e+09
8.68066 4.67101 0.725975 1.38804e+09
8.6998 4.63135 0.721462 1.38804e+09
8.71878 4.59058 0.71708 1.38804e+09
8.73766 4.54889 0.712828 1.38804e+09
8.75651 4.50644 0.708702 1.38804e+09
8.77534 4.46337 0.704697 1.38804e+09
8.7942 4.41978 0.700807 1.38804e+09
8.81311 4.37578 0.697026 1.38804e+09
8.83208 4.33144 0.693348 1.38804e+09
8.85112 4.28683 0.689768 1.38804e+09
8.87025 4.24199 0.686279 1.38804e+09
8.88948 4.19697 0.682876 1.38804e+09
8.9088 4.15181 0.679555 1.38804e+09
8.92821 4.10653 0.67631 1.38804e+09
8.94773 4.06117 0.673137 1.38804e+09
8.96733 4.01574 0.670032 1.38804e+09
8.98704 3.97026 0.666991 1.38804e+09
9.00683 3.92475 0.66401 1.38804e+09
9.02671 3.87921 0.661085 1.38804e+09
9.04668 3.83365 0.658213 1.38804e+09
9.06673 3.78808 0.655392 1.38804e+09
9.08687 3.74251 0.652618 1.38804e+09
9.10707 3.69694 0.649888 1.38804e+09
9.12735 3.65138 0.647201 1.38804e+09
9.1477 3.60583 0.644554 1.38804e+09
9.16812 3.56029 0.641944 1.38804e+09
9.1886 3.51476 0.639369 1.38804e+09
9.20914 3.46924 0.636828 1.38804e+09
9.22974 3.42374 0.634318 1.38804e+09
9.2504 3.37825 0.631838 1.38804e+09
9.27111 3.33279 0.629386 1.38804e+09
9.29186 3.28733 0.626961 1.38804e+09
9.31267 3.2419 0.62456 1.38804e+09
9.33352 3.19648 0.622184 1.38804e+09
9.35442 3.15107 0.61983 1.38804e+09
9.37535 3.10568 0.617497 1.38804e+09
9.39633 3.06031 0.615183 1.38804e+09
9.41734 3.01495 0.612889 1.38804e+09
9.43839 2.96961 0.610613 1.38804e+09
9.45947 2.92428 0.608353 1.38804e+09
9.48059 2.87896 0.606109 1.38804e+09
9.50173 2.83366 0.603881 1.38804e+09
9.52291 2.78837 0.601666 1.38804e+09
9.54411 2.74309 0.599465 1.38804e+09
9.56534 2.69783 0.597277 1.38804e+09
9.58659 2.65257 0.5951 1.38804e+09
9.60787 2.60733 0.592935 1.38804e+09
9.62918 2.5621 0.590781 1.38804e+09
9.6505 2.51687 0.588636 1.38804e+09
9.67185 2.47166 0.586502 1.38804e+09
9.69321 2.42646 0.584376 1.38804e+09
9.7146 2.38126 0.582259 1.38804e+09
9.736 2.33608 0.580149 1.38804e+09
9.75742 2.2909 0.578048 1.38804e+09
9.77886 2.24573 0.575954 1.38804e+09
9.80031 2.20056 0.573866 1.38804e+09
9.82178 2.15541 0.571785 1.38804e+09
9.84326 2.11026 0.56971 1.38804e+09
9.86476 2.06512 0.567641 1.38804e+09
9.88627 2.01998 0.565577 1.38804e+09
9.90779 1.97485 0.563518 1.38804e+09
9.92932 1.92972 0.561464 1.38804e+09
9.95087 1.8846 0.559415 1.38804e+09
9.97242 1.83949 0.55737 1.38804e+09
9.99399 1.79438 0.555329 1.38804e+09
10.0156 1.74927 0.553292 1.38804e+09
10.0372 1.70417 0.551259 1.38804e+09
10.0587 1.65908 0.549229 1.38804e+09
10.0839 1.65912 0.549082 1.38804e+09
10.1072 1.65045 0.548885 1.38804e+09
10.1287 1.63485 0.548652 1.38804e+09
10.1489 1.61377 0.548394 1.38804e+09
10.1682 1.58841 0.54812 1.38804e+09
10.1874 1.55975 0.547834 1.38804e+09
10.2071 1.52859 0.54754 1.38804e+09
10.2277 1.49563 0.547239 1.38804e+09
10.2496 1.46147 0.546934 1.38804e+09
10.2732 1.42664 0.546625 1.38804e+09
10.2988 1.3916 0.546313 1.38804e+09
10.3263 1.35679 0.545998 1.38804e+09
10.356 1.32257 0.545681 1.38804e+09
10.3879 1.28927 0.545363 1.38804e+09
10.4218 1.2572 0.545042 1.38804e+09
10.4578 1.22659 0.544719 1.38804e+09
10.4956 1.19767 0.544394 1.38804e+09
10.5354 1.17064 0.544068 1.38804e+09
10.5768 1.14564 0.543739 1.38804e+09
10.6197 1.12283 0.543409 1.38804e+09
10.664 1.10231 0.543077 1.38804e+09
10.7096 1.08418 0.542743 1.38804e+09
10.7562 1.06851 0.542406 1.38804e+09
10.8037 1.05538 0.542068 1.38804e+09
10.852 1.04482 0.541728 1.38804e+09
10.9009 1.03687 0.541386 1.38804e+09
