1388098808.995233336 0 0 0 14.821 0 0  0 0.0368944 2
1388098809.095301929 0 0 0 14.831 0 0  0 0.00174417 2
1388098809.195310664 0 0 0 14.834 0 0  0 0.000523432 2
1388098809.295188798 0 0 0 14.847 0 0  0 0.00227178 2
1388098809.395191668 0 0 0 14.857 0 0  0 0.00174532 2
1388098809.495274017 0 0 0 14.865 0 0  0 0.00139501 2
1388098809.595306712 0 0 0 14.868 0 0  0 0.000523473 2
1388098809.695296587 0 0 0 14.88 0 0  0 0.00209462 2
1388098809.795301285 0 0 0 14.885 0 0  0 0.000872644 2
1388098809.895155038 0 0 0 14.896 0 0  0 0.00192262 2
1388098809.995285644 0 0 0 14.904 0 0  0 0.00139451 2
1388098810.095298788 0 0 0 14.907 0 0  0 0.000523409 2
1388098810.195303891 0 0 0 14.919 0 0  0 0.0020943 2
1388098810.295306693 0 0 0 14.923 0 0  0 0.000698228 2
1388098810.395305999 0 0 0 14.93 0 0  0 0.00122173 2
1388098810.495164364 0 0 0 14.941 0 0  0 0.00192253 2
1388098810.595320400 0 0 0 14.948 0 0  0 0.00121982 2
1388098810.695203771 0 0 0 14.954 0 0  0 0.00104851 2
1388098810.795194696 0 0 0 14.958 0 0  0 0.000698144 2
1388098810.895428258 0 0 0 14.968 0 0  0 0.0017413 2
1388098810.995195340 0 0 0 14.978 0 0  0 0.00174928 2
1388098811.095188293 0 0 0 14.982 0 0  0 0.000698297 2
1388098811.195256817 0 0 0 14.99 0 0  0 0.00139521 2
1388098811.295220503 0 0 0 14.993 0 0  0 0.000523834 2
1388098811.395204447 0 0 0 14.995 0 0  0 0.000349097 2
1388098811.495275903 0 0 0 15.011 0 0  0 0.0027905 2
1388098811.595311390 0 0 0 15.018 0 0  0 0.00122129 2
1388098811.695177513 0 0 0 15.023 0 0  0 0.000873854 2
1388098811.795307490 0 0 0 15.031 0 0  0 0.00139452 2
1388098811.895338721 0 0 0 15.04 0 0  0 0.00157028 2
1388098811.995305761 0 0 0 15.045 0 0  0 0.000872972 2
1388098812.095177189 0 0 0 15.055 0 0  0 0.00174762 2
1388098812.195176149 0 0 0 15.062 0 0  0 0.00122174 2
1388098812.295307314 0 0 0 15.066 0 0  0 0.000697167 2
1388098812.395271077 0 0 0 15.075 0 0  0 0.00157134 2
1388098812.495191328 0 0 0 15.077 0 0  0 0.000349319 2
1388098812.595176319 0 0 0 15.086 0 0  0 0.00157117 2
1388098812.695177721 0 0 0 15.095 0 0  0 0.00157074 2
1388098812.795267196 0 0 0 15.098 0 0  0 0.00052301 2
1388098812.895208813 0 0 0 15.107 0 0  0 0.00157185 2
1388098812.995174880 0 0 0 15.117 0 0  0 0.0017458 2
1388098813.095209666 0 0 0 15.119 0 0  0 0.000349086 2
1388098813.195301936 0 0 0 15.128 0 0  0 0.00156932 2
1388098813.295313258 0 0 0 15.131 0 0  0 0.000523418 2
1388098813.395202913 0 0 0 15.143 0 0  0 0.00209672 2
1388098813.495306915 0 0 0 15.149 0 0  0 0.0010462 2
1388098813.595191053 0 0 0 15.153 0 0  0 0.000698891 2
1388098813.695203983 0 0 0 15.159 0 0  0 0.00104715 2
1388098813.795180802 0 0 0 15.16 0 0  0 0.000174477 2
1388098813.895186328 0 0 0 15.17 0 0  0 0.00174527 2
1388098813.995177392 0 0 0 15.176 0 0  0 0.00104722 2
1388098814.095223493 0 0 0 15.182 0 0  0 0.00104681 2
1388098814.195271840 0 0 0 15.188 0 0  0 0.00104662 2
1388098814.295318072 0 0 0 15.193 0 0  0 0.000872281 2
1388098814.395174001 0 0 0 15.2 0 0  0 0.00122349 2
1388098814.495301259 0 0 0 15.209 0 0  0 0.00156877 2
1388098814.595201810 0 0 0 15.22 0 0  0 0.00192188 2
1388098814.695300774 0 0 0 15.227 0 0  0 0.00122052 2
1388098814.795304280 0 0 0 15.23 0 0  0 0.000523459 2
1388098814.895245275 0 0 0 15.238 0 0  0 0.00139715 2
1388098814.995206169 0 0 0 15.245 0 0  0 0.0012222 2
1388098815.095315888 0 0 0 15.247 0 0  0 0.000348658 2
1388098815.195310525 0 0 0 15.261 0 0  0 0.00244358 2
1388098815.295166312 0 0 0 15.271 0 0  0 0.00174789 2
1388098815.395192646 0 0 0 15.277 0 0  0 0.00104701 2
1388098815.495320604 0 0 0 15.279 0 0  0 0.000348594 2
1388098815.595223951 0 0 0 15.284 0 0  0 0.000873529 2
1388098815.695231287 0 0 0 15.289 0 0  0 0.000872454 2
1388098815.795222290 0 0 0 15.29 0 0  0 0.000174619 2
1388098815.895306800 0 0 0 15.3 0 0  0 0.0017439 2
1388098816.295291956 0 0 0 15.333 0 0  0 0.00143995 2
1388098816.395286791 0 0 0 15.333 0 0  0 0 2
1388098816.595219338 -0.0271774 0.0158346 0.159 15.307 -0.135933 0.0791999  0.795268 -0.0022697 7
1388098816.695306647 -0.0422323 0.0245549 0.271 15.297 -0.150417 0.0871269  1.11902 -0.00174385 7
1388098816.795315035 -0.0577779 0.0334702 0.354 15.292 -0.155444 0.0891453  0.82993 -0.000872611 7
1388098819.895290245 0.13511 -0.353289 0.154 21.913 0.0622223 -0.124762  -0.0645166 0.0372772 7
1388098819.995306584 0.141793 -0.367405 0.145 21.841 0.0668274 -0.141137  -0.0899853 -0.0125644 7
1388098820.395303410 0.183247 -0.523379 0.641 22.456 0.103636 -0.389937  1.24001 0.0268346 7
1388098822.595205444 -0.0398115 -0.269637 1.09 21.96 -0.101395 0.115342  0.2041 -0.0039351 7
1388098824.195210372 -0.121954 -0.0259973 1.186 20.984 -0.0513392 0.152274  0.0599998 -0.0106465 4
1388098824.495762206 7.57078 0.0527385 1.206 179.833 -0.0671399 -0.0505983  0.0665443 9.22449 3
1388098824.596107022 7.56424 0.0472419 1.202 179.811 -0.065195 -0.054777  -0.0398625 -0.00382642 3
1388098824.797201029 7.5489 0.0473303 1.166 179.305 -0.0762613 0  -0.179021 -0.0439166 3
1388098824.897588169 7.54227 0.0479556 1.154 178.932 -0.066008 0  -0.119537 -0.0648496 3
1388098824.997984385 7.53131 0.0502488 1.122 178.623 -0.109233 0.022842  -0.318737 -0.0537178 3
1388098825.098433540 7.5182 0.0534521 1.117 178.545 -0.130442 0.0318894  -0.0497764 -0.0135529 3
1388098825.199018605 7.50251 0.0579547 1.106 178.479 -0.156025 0.0447644  -0.10936 -0.0114522 3
1388098825.299571895 7.46357 0.069157 1.051 178.206 -0.387267 0.111407  -0.546974 -0.0473851 3
1388098826.951055161 5.62612 1.11147 0.927 175.357 -1.11261 0.631135  -0.075084 -0.030109 3
1388098827.051843320 5.51312 1.17162 0.918 175.673 -1.12116 0.596855  -0.0892962 0.0547211 3
1388098827.152506057 5.39883 1.22588 0.896 -179.736 -1.13537 0.539029  -0.218552 -61.6222 3
1388098827.253152657 5.28252 1.28128 0.892 -179.042 -1.15562 0.550434  -0.039743 0.120348 3
1388098828.058227726 5.10478 1.01234 0.842 -154.961 -0.22077 -0.334056  -0.062106 0.522054 3
1388098828.158751967 5.16868 0.935636 0.697 -136.93 0.635653 -0.763045  -1.44244 3.13059 3
1388098829.969083993 4.58296 -1.63696 0.767 -149.023 -0.323544 -1.42106  0.0386669 -0.116588 3
1388098830.170013591 4.26125 -1.84212 0.802 -157.691 -1.60109 -1.02104  0.17419 -0.752926 3
1388098830.270484610 4.10643 -1.93699 0.806 -163.809 -1.54097 -0.944248  0.0398125 -1.06279 3
1388098830.371019387 3.94585 -2.0163 0.813 -166.333 -1.59719 -0.788835  0.0696276 -0.438178 3
1388098830.471654257 3.79892 -2.04967 0.859 -173.14 -1.46008 -0.331649  0.457098 -1.18055 3
1388098830.572188339 3.65499 -2.07315 0.863 -174.637 -1.43164 -0.233507  0.0397875 -0.259888 3
1388098831.175472038 3.43241 -1.58519 0.87 155.439 -0.368948 0.80884  0.0116032 9.54926 3
1388098831.276038874 3.40123 -1.50045 0.861 153.509 -0.310083 0.842571  -0.0894927 -0.33495 3
1388098831.376531684 3.40085 -1.39803 0.82 146.967 0 1.01918  -0.407989 -1.1362 3
1388098831.476899894 3.41268 -1.28746 0.805 145.416 0.117866 1.10167  -0.14945 -0.269708 3
1388098831.615911563 3.41526 -1.13385 0.769 142.776 0.0185265 1.10501  -0.258971 -0.331459 3
1388098831.716515911 3.39893 -1.03803 0.753 141.363 -0.162286 0.952432  -0.159039 -0.245134 3
1388098831.817011995 3.37448 -0.947682 0.748 140.946 -0.24331 0.899012  -0.0497532 -0.0724209 3
1388098832.118747577 3.05946 -0.759275 0.732 139.675 -1.04402 0.624412  -0.0530266 -0.0735185 3
1388098834.431108874 7.11827 -1.20854 0.713 144.924 1.75526 -0.194287  0 0.0396185 3
1388098834.515551804 7.26792 -1.23043 0.686 145.494 1.77218 -0.259288  -0.319743 0.117812 8
1388098834.615563897 7.44535 -1.25713 0.683 145.574 1.77415 -0.266939  -0.0299964 0.0139609 8
1388098834.715504260 7.62071 -1.28433 0.673 145.879 1.75461 -0.272181  -0.10006 0.0532644 8
1388098835.115489618 8.07233 -1.2638 0.652 144.105 1.1291 0.0513323  -0.0525019 -0.0774082 8
1388098835.215386679 8.1663 -1.2559 0.668 143.797 0.940587 0.0790782  0.160165 -0.0538115 8
1388098835.315629945 8.23421 -1.23642 0.746 143.21 0.677474 0.194325  0.778107 -0.102202 8
1388098838.115590402 8.27792 -1.4389 0.657 145.039 0.0156126 -0.0723145  -0.0317862 0.0114009 4
1388098838.215578393 8.27629 -1.45519 0.663 145.359 -0.016305 -0.162927  0.0600072 0.0558574 4
1388098839.415528052 8.3797 -1.09143 0.171 143.543 0.0861777 0.303145  -0.410017 -0.0264138 9
1388098839.515535393 8.38145 -1.05954 0.101 143.579 0.0174954 0.318888  -0.699949 0.0062826 9
1388098839.615626332 8.38209 -1.02972 0.058 143.544 0 0.297871  -0.429609 -0.00610308 9
1388098839.715624107 8.38464 -1.00219 -0.01 143.506 0.0255142 0.275322  -0.680015 -0.00663242 9
1388098839.815602115 8.38759 -0.973603 -0.031 143.525 0.0295593 0.285944  -0.210046 0.00331686 9
1388098839.915659387 8.38816 -0.943055 -0.094 143.539 0 0.305311  -0.629639 0.00244205 9
1388098840.015486821 8.38567 -0.90724 -0.164 143.443 -0.0249317 0.358769  -0.70121 -0.0167841 9
1388098840.115484871 8.37893 -0.867984 -0.199 143.358 -0.0673406 0.392565  -0.350007 -0.0148356 9
1388098840.215375856 8.35861 -0.826021 -0.318 142.921 -0.203459 0.420093  -1.1913 -0.076354 9
1388098840.315674919 8.335 -0.784337 -0.348 142.731 -0.235374 0.415591  -0.299105 -0.0330625 9
1388098841.015506864 8.21175 -0.611487 -0.629 142.134 -0.176118 0.246988  -0.401525 -0.0148887 9
1388098841.115420478 8.18563 -0.564706 -0.798 141.46 -0.2614 0.468208  -1.69146 -0.117737 9
1388098841.215629101 8.15523 -0.519513 -0.819 141.445 -0.303366 0.450994  -0.209563 -0.00261244 9
1388098841.515633035 8.05853 -0.39268 -0.847 141.42 -0.322341 0.42277  -0.0933321 -0.00145451 9
1388098841.615739268 8.03627 -0.360223 -0.974 141.161 -0.222369 0.324227  -1.26865 -0.0451559 9
1388098841.715504048 8.01229 -0.332579 -1.012 140.644 -0.240337 0.277096  -0.380896 -0.0904463 9
1388098841.815402993 7.98778 -0.310177 -1.062 140.098 -0.245322 0.22424  -0.500506 -0.0953913 9
