1386495628.630448010 -2.07829e-29 2.68337e-29 0 -1.511 -5.23067e-30 6.75353e-30  0 -0.00663731 6
1386495628.695197954 -2.08683e-29 2.69446e-29 0 -1.706 -1.31794e-30 1.71316e-30  0 -0.0525621 6
1386495628.826318669 -2.08794e-29 2.6959e-29 0 -1.561 -8.46821e-32 1.09332e-31  0 0.0193007 6
1386495628.957051022 -2.08801e-29 2.69599e-29 0 -1.245 -5.4525e-33 6.96196e-33  0 0.0421873 6
1386495629.021813530 -1.62383e-11 -5.96846e-12 0 173.577 -2.50736e-10 -9.21592e-11  0 47.114 6
1386495629.157297785 -0.0335817 -0.00593026 0.246 173.851 -0.247864 -0.0437708  1.81571 0.0352974 6
1386495629.227710911 -0.0453818 -0.00765237 0.258 173.903 -0.167583 -0.0244573  0.170423 0.0128897 6
1386495629.296615294 -0.0525939 -0.0136766 0.299 173.968 -0.104669 -0.0874283  0.595027 0.0164649 6
1386495629.428351209 -0.0582642 -0.0164149 0.413 174.111 -0.0430427 -0.0207862  0.865368 0.0189443 6
1386495629.558576811 -0.0646878 -0.0201033 0.565 174.349 -0.0493272 -0.0283236  1.16721 0.0318985 6
1386495629.623760699 -0.0686851 -0.0221082 0.634 174.456 -0.0613237 -0.0307574  1.05854 0.0286483 6
1386495629.754417857 -0.0816398 -0.0307251 0.694 174.59 -0.09915 -0.0659506  0.459217 0.0179002 6
1386495629.819476111 -0.0884853 -0.0362301 0.709 174.642 -0.105222 -0.0846157  0.230563 0.0139507 6
1386495629.950363723 -0.0987412 -0.0457467 0.701 174.802 -0.0783566 -0.0727085  -0.0611211 0.0213358 6
1386495630.018646961 -0.102444 -0.0497713 0.694 174.896 -0.0542315 -0.0589394  -0.102514 0.024025 6
1386495630.145430438 -0.104684 -0.0539255 0.674 175.027 -0.017666 -0.0327661  -0.157749 0.0180333 6
1386495630.210669683 -0.105313 -0.055624 0.661 175.121 -0.00963914 -0.0260355  -0.199267 0.0251501 6
1386495630.339479668 -0.104581 -0.0585583 0.646 175.189 0.00568265 -0.0227802  -0.116451 0.00921283 6
1386495630.406357134 -0.103623 -0.0598595 0.644 175.235 0.014328 -0.0194553  -0.0299054 0.0120062 6
1386495630.537553701 -0.104243 -0.0630227 0.646 175.295 -0.00473052 -0.0241104  0.0152443 0.00798157 6
1386495630.601955587 -0.104448 -0.0648425 0.645 175.386 -0.00318071 -0.028257  -0.0155275 0.0246625 6
1386495630.732542745 -0.105189 -0.0695823 0.65 175.353 -0.00567437 -0.0362964  0.0382886 -0.00441117 6
1386495630.797822479 -0.105043 -0.0720223 0.655 175.348 0.00223803 -0.0373769  0.0765934 -0.00133403 6
1386495630.928205723 -0.102472 -0.0782989 0.662 175.345 0.0197209 -0.0481399  0.0536879 -0.000402385 6
1386495631.058768107 -0.0997247 -0.0858403 0.668 175.361 0.0210406 -0.0577612  0.045955 0.00213767 6
1386495631.123957873 -0.0983927 -0.0896075 0.667 175.315 0.0204326 -0.057788  -0.0153398 -0.0123129 6
1386495631.253832766 -0.0954337 -0.098722 0.667 175.321 0.0227838 -0.0701788  0 0.00080587 6
1386495631.319731936 -0.0945657 -0.103337 0.666 175.292 0.0131717 -0.0700355  -0.0151747 -0.00767841 6
1386495631.450079422 -0.0929045 -0.11254 0.667 175.222 0.0127444 -0.0705978  0.0076718 -0.00937385 6
1386495631.515414978 -0.0916088 -0.116575 0.666 175.237 0.0198308 -0.0617637  -0.0153056 0.00400683 6
1386495631.645564576 -0.0904527 -0.124108 0.665 175.307 0.00888333 -0.0578812  -0.00768347 0.00938811 6
1386495631.710825850 -0.0899026 -0.127818 0.669 175.32 0.0084294 -0.0568486  0.0612921 0.00347681 6
1386495631.841063308 -0.0900036 -0.135301 0.67 175.335 -0.000776098 -0.0574537  0.00767828 0.00201009 6
1386495631.906458689 -0.0902171 -0.139445 0.673 175.302 -0.00326336 -0.0633688  0.0458748 -0.0088086 6
1386495632.036722016 -0.0895604 -0.148067 0.674 175.279 0.00504064 -0.0661899  0.00767676 -0.00308098 4
1386495632.102068194 0.101408 -0.465286 0.674 -0.0650024 -0.000538052 0.0630548  0 -46.8326 4
1386495632.234783847 0.102139 -0.457304 0.665 -0.0310059 0.0055052 0.0601449  -0.0678142 0.00447085 4
1386495632.299595633 0.102806 -0.453892 0.659 -0.0690002 0.010305 0.0526501  -0.0925758 -0.0102316 4
1386495632.428576176 0.103984 -0.449016 0.646 -0.0350037 0.00913154 0.0378002  -0.10079 0.00460032 3
1386495632.558712747 0.108222 -0.441988 0.636 -0.147003 0.0325667 0.0540071  -0.0768424 -0.0150208 3
1386495632.626270576 0.110792 -0.437287 0.632 -0.136002 0.0380323 0.0695804  -0.0592085 0.00284222 3
1386495632.754903204 0.118381 -0.422685 0.63 1.14099 0.0589978 0.113518  -0.0155482 0.173267 3
1386495632.837213763 0.12391 -0.411731 0.626 1.78299 0.0671744 0.133078  -0.0485964 0.136131 3
1386495632.950321765 0.146737 -0.393923 0.625 2.847 0.201817 0.157445  -0.00884111 0.164184 3
1386495633.017098777 0.165623 -0.383636 0.621 3.263 0.282816 0.154045  -0.0599009 0.108729 3
1386495633.145742151 0.224378 -0.361784 0.625 3.687 0.456733 0.169865  0.0310937 0.0575243 3
1386495633.212376771 0.258088 -0.352459 0.628 3.75 0.50589 0.13995  0.0450216 0.0165022 3
1386495633.341463155 0.333816 -0.33899 0.634 3.79599 0.586644 0.104339  0.0464805 0.00621814 3
1386495633.410408838 0.375791 -0.332787 0.64 3.931 0.608819 0.0899649  0.087025 0.0341771 3
1386495633.537086425 0.451575 -0.327733 0.65 4.12799 0.598237 0.0399002  0.0789406 0.0271409 3
1386495633.603910685 0.490347 -0.326546 0.658 4.241 0.580213 0.0177673  0.119717 0.0295153 3
1386495633.732151362 0.558144 -0.328794 0.675 4.601 0.52867 -0.0175354  0.132563 0.0489953 3
1386495633.800038346 0.592772 -0.330872 0.683 4.961 0.51009 -0.030605  0.117843 0.0925538 3
1386495633.928587990 0.650198 -0.337473 0.692 5.491 0.446722 -0.0513504  0.0700119 0.0719584 3
1386495634.057937228 0.703554 -0.34453 0.701 6.19699 0.412498 -0.05456  0.0695791 0.0952608 3
1386495634.131769566 0.734724 -0.348941 0.705 6.56699 0.422171 -0.0597415  0.0541768 0.0874635 3
1386495634.260893171 0.791764 -0.355378 0.712 7.44699 0.441741 -0.0498524  0.0542116 0.118948 3
1386495634.319566192 0.817565 -0.358511 0.714 7.91699 0.439743 -0.0533843  0.0340872 0.13981 3
1386495634.449055919 0.880272 -0.362355 0.72 8.94199 0.484269 -0.0296868  0.0463357 0.138154 3
1386495634.515297266 0.913129 -0.36292 0.722 9.51599 0.496013 -0.00853354  0.0301926 0.151239 3
1386495634.645882013 0.982421 -0.360695 0.723 10.598 0.530632 0.0170406  0.00765786 0.144615 3
1386495634.711780978 1.01751 -0.359075 0.721 11.134 0.5324 0.0245878  -0.0303495 0.141958 3
1386495634.841515092 1.08818 -0.349631 0.731 12.292 0.544743 0.0727952  0.0770807 0.155788 3
1386495634.906610874 1.12313 -0.343962 0.727 12.813 0.536905 0.0870859  -0.0614479 0.139688 3
1386495635.037554324 1.19213 -0.328977 0.733 13.786 0.52697 0.114436  0.0458213 0.129691 3
1386495635.103797461 1.22664 -0.320716 0.73 14.236 0.520867 0.124713  -0.0452877 0.118562 3
1386495635.232992983 1.29094 -0.304124 0.726 15.093 0.497758 0.128424  -0.0309608 0.115773 3
1386495635.363473735 1.3522 -0.285392 0.722 15.795 0.469497 0.143563  -0.0306559 0.093902 3
1386495635.428531841 1.3811 -0.276682 0.722 16.07 0.44412 0.133874  0 0.0737733 3
1386495635.561354403 1.44272 -0.256808 0.724 16.473 0.463947 0.14963  0.0150577 0.0529554 3
1386495635.624169180 1.47175 -0.246504 0.719 16.695 0.46211 0.164035  -0.0795991 0.0616835 3
1386495635.754480133 1.53143 -0.222753 0.709 17.049 0.457978 0.182261  -0.0767395 0.0474138 3
1386495635.820149557 1.56159 -0.209698 0.707 17.131 0.459337 0.198794  -0.0304556 0.0217937 3
1386495635.949944025 1.62056 -0.181667 0.699 17.336 0.454354 0.215968  -0.0616359 0.0275663 3
1386495636.015556341 1.65136 -0.166356 0.697 17.388 0.469393 0.233352  -0.0304821 0.0138328 3
1386495636.145798327 1.71413 -0.134896 0.7 17.55 0.481943 0.241556  0.023034 0.0217074 3
1386495636.211221490 1.74525 -0.119152 0.696 17.596 0.475695 0.240648  -0.0611404 0.0122731 3
1386495636.341644660 1.80952 -0.0882748 0.686 17.414 0.49279 0.236743  -0.0766735 -0.0243562 3
1386495636.407193062 1.84188 -0.0729484 0.684 17.33 0.493609 0.233819  -0.0305118 -0.0223662 3
1386495636.537102891 1.90559 -0.0448884 0.674 17.074 0.490435 0.215996  -0.0769765 -0.034393 3
1386495636.667629719 1.96664 -0.022336 0.669 16.77 0.467685 0.17278  -0.0383063 -0.0406492 3
1386495636.733068191 1.99803 -0.0120133 0.67 16.612 0.479705 0.157747  0.0152815 -0.0421379 3
1386495636.863195036 2.05795 0.00598723 0.664 16.333 0.460455 0.138331  -0.0461089 -0.0374219 3
1386495636.930987783 2.08902 0.0149817 0.66 16.192 0.45834 0.132676  -0.0590034 -0.0363022 3
1386495637.058984725 2.14876 0.0322658 0.655 15.918 0.466715 0.135035  -0.0390634 -0.03736 3
1386495637.126421299 2.17967 0.0416898 0.655 15.643 0.458376 0.139746  0 -0.0711753 3
1386495637.257527432 2.24217 0.0614643 0.649 15.271 0.476753 0.150828  -0.0457644 -0.0495211 3
1386495637.319651091 2.27207 0.0709831 0.646 15.094 0.481323 0.153224  -0.0482908 -0.0497277 3
1386495637.450403963 2.33709 0.0877256 0.645 14.703 0.49727 0.128047  -0.00764802 -0.0521927 3
1386495637.517511123 2.37153 0.0961389 0.645 14.471 0.513094 0.125372  0 -0.0603374 3
1386495637.646011371 2.43494 0.104455 0.646 13.863 0.493472 0.064713  0.00778209 -0.0825806 3
1386495637.713930860 2.46943 0.106497 0.65 13.562 0.507817 0.0300728  0.0588933 -0.0773467 3
1386495637.840871696 2.53612 0.0994368 0.656 13.21 0.52541 -0.0556189  0.0472661 -0.0483977 3
1386495637.972260224 2.60507 0.0870778 0.668 13.127 0.524732 -0.0940643  0.0913322 -0.0110245 3
1386495638.037287622 2.63982 0.0792528 0.673 13.337 0.534428 -0.120334  0.0768907 0.0563615 3
1386495638.167747528 2.70447 0.0661535 0.683 14.231 0.495576 -0.100409  0.0766519 0.119601 3
1386495638.232890657 2.73672 0.0600197 0.687 14.761 0.495054 -0.0941589  0.0614033 0.141998 3
1386495638.363286030 2.79123 0.0543782 0.695 15.753 0.41805 -0.0432645  0.0613519 0.132779 3
1386495638.428523567 2.81872 0.0533368 0.699 16.283 0.421358 -0.0159624  0.0613144 0.141793 3
1386495638.559256443 2.87067 0.0598332 0.704 17.256 0.397338 0.0496916  0.0382459 0.1299 3
1386495638.624423683 2.89571 0.0650766 0.706 17.754 0.384238 0.0804611  0.0306903 0.133376 3
1386495638.754483498 2.95014 0.0835982 0.703 18.673 0.418536 0.142408  -0.0230663 0.123323 3
1386495638.819304768 2.97883 0.0946699 0.702 19.122 0.442524 0.170805  -0.015427 0.120896 3
1386495638.950660737 3.04186 0.121591 0.697 19.793 0.479842 0.204948  -0.0380645 0.0891566 3
1386495639.022142153 3.07701 0.138037 0.694 20.134 0.491827 0.230066  -0.041969 0.0832575 3
1386495639.146001131 3.13866 0.167452 0.695 20.562 0.497677 0.237489  0.0080737 0.0603119 3
1386495639.276869929 3.20456 0.199386 0.686 20.835 0.503598 0.244018  -0.0687712 0.0364079 3
1386495639.342006668 3.23741 0.215371 0.682 20.954 0.504334 0.245401  -0.0614093 0.0318868 3
1386495639.474475772 3.30339 0.247482 0.669 21.003 0.498095 0.242409  -0.0981361 0.0064554 3
1386495639.537311985 3.33368 0.261649 0.664 20.958 0.481936 0.225462  -0.079572 -0.0124986 3
1386495639.668459001 3.39827 0.290735 0.656 20.644 0.492565 0.221775  -0.0610002 -0.0417871 3
1386495639.733233726 3.43001 0.304962 0.652 20.422 0.48997 0.219653  -0.0617525 -0.0598171 3
1386495639.866630234 3.49947 0.337254 0.648 19.986 0.520717 0.242069  -0.0299858 -0.0570458 3
1386495639.928618840 3.53132 0.352638 0.643 19.751 0.513671 0.24818  -0.08066 -0.0661659 3
1386495640.060955139 3.60246 0.388584 0.632 19.226 0.537575 0.271626  -0.0831216 -0.0692393 3
1386495640.124555359 3.63504 0.405153 0.627 19.022 0.512383 0.260514  -0.0786161 -0.0559848 3
1386495640.254370157 3.7044 0.435621 0.619 18.631 0.534281 0.234702  -0.0616263 -0.0525678 3
1386495640.319907061 3.73887 0.448656 0.615 18.46 0.525982 0.198908  -0.0610343 -0.0455408 3
1386495640.450091770 3.80716 0.466314 0.61 17.936 0.524553 0.135632  -0.038407 -0.0702507 3
1386495640.515614006 3.84138 0.473021 0.609 17.697 0.522268 0.10237  -0.015262 -0.0636625 3
1386495640.647736939 3.90477 0.477664 0.606 17.239 0.479754 0.0351419  -0.0227061 -0.0605003 3
1386495640.776341254 3.96725 0.478897 0.603 16.891 0.485823 0.00958544  -0.0233274 -0.0472291 3
1386495640.841378006 3.99927 0.479932 0.599 16.678 0.492438 0.0159118  -0.0615037 -0.0571601 3
1386495640.971949290 4.06578 0.486126 0.591 16.314 0.509347 0.047444  -0.0612692 -0.0486552 3
1386495641.039793296 4.10181 0.49079 0.589 16.138 0.531 0.0687374  -0.0294794 -0.0452758 3
1386495641.167690968 4.17305 0.503074 0.591 15.598 0.557018 0.0960463  0.0156375 -0.0736912 3
1386495641.233022822 4.211 0.510557 0.589 15.282 0.580961 0.114542  -0.0306129 -0.0844173 3
1386495641.363260889 4.28446 0.52373 0.591 14.595 0.564015 0.101144  0.0153565 -0.0920669 3
1386495641.432739341 4.32406 0.529753 0.596 14.485 0.57003 0.0866886  0.0719648 -0.0276288 3
1386495641.559061148 4.39485 0.531172 0.605 14.753 0.560352 0.0112346  0.0712466 0.0370269 3
1386495641.626224997 4.43194 0.529773 0.61 15.107 0.552336 -0.0208377  0.0744448 0.091992 3
1386495641.755170160 4.49957 0.522264 0.625 16.444 0.524484 -0.0582326  0.116329 0.18097 3
1386495641.820066124 4.53322 0.517727 0.63 17.246 0.5184 -0.0699155  0.0770464 0.215688 3
1386495641.953668551 4.59394 0.519355 0.647 19.233 0.454546 0.0121899  0.127243 0.259574 3
1386495642.080862503 4.65172 0.531562 0.655 21.241 0.454206 0.0959697  0.0628961 0.275535 3
1386495642.148647607 4.67944 0.543754 0.659 22.212 0.408919 0.17986  0.05901 0.250011 3
1386495642.277761361 4.72844 0.586749 0.658 23.651 0.379524 0.333003  -0.00774511 0.19452 3
1386495642.341726828 4.74926 0.611951 0.656 24.203 0.325529 0.393986  -0.0312669 0.150616 3
1386495642.471470716 4.78855 0.67068 0.649 24.772 0.302825 0.452653  -0.0539524 0.0765425 3
1386495642.536590413 4.80893 0.700241 0.643 24.92 0.312964 0.45395  -0.092138 0.0396695 3
1386495642.667723776 4.85036 0.753522 0.64 24.756 0.315952 0.406315  -0.0228775 -0.0218279 3
1386495642.732968983 4.8724 0.777926 0.639 24.515 0.337761 0.374036  -0.0153268 -0.0644675 3
1386495642.863340163 4.92581 0.815061 0.635 23.821 0.409676 0.284837  -0.0306816 -0.0929085 3
1386495642.928557502 4.954 0.832417 0.639 23.33 0.432241 0.266138  0.0613334 -0.131403 3
1386495643.060142817 5.01748 0.864375 0.635 22.206 0.482428 0.242868  -0.0303985 -0.149085 3
1386495643.124230994 5.04986 0.879969 0.631 21.515 0.505244 0.243316  -0.062414 -0.18818 3
1386495643.254443380 5.11758 0.911031 0.623 19.972 0.520093 0.238545  -0.0614381 -0.206819 3
1386495643.387560946 5.18681 0.942343 0.613 18.399 0.520032 0.235226  -0.0751216 -0.206241 3
1386495643.450425012 5.2189 0.936388 0.607 22.375 0.510529 -0.0947291  -0.095444 1.10388 3
1386495643.580609703 5.25178 0.892762 0.597 26.125 0.252561 -0.33511  -0.0768139 0.502746 3
1386495643.645935836 5.26717 0.871492 0.593 26.316 0.235509 -0.325593  -0.0612312 0.0510283 3
1386495643.775901480 5.29332 0.83746 0.587 25.045 0.201224 -0.261856  -0.046166 -0.170684 3
1386495643.842039967 5.30647 0.825483 0.585 23.974 0.198858 -0.181097  -0.0302396 -0.282626 3
1386495643.973985680 5.33749 0.830237 0.578 22.298 0.235067 0.0360327  -0.0530521 -0.221696 3
1386495644.037566200 5.35447 0.838242 0.574 21.728 0.267131 0.1259  -0.0629124 -0.156467 3
1386495644.169765764 5.40317 0.876992 0.56 20.928 0.36835 0.293118  -0.105901 -0.105618 3
1386495644.231565968 5.43018 0.90106 0.555 20.762 0.437143 0.389459  -0.0809059 -0.046881 3
1386495644.369719175 5.50476 0.959333 0.552 20.535 0.53985 0.421794  -0.021715 -0.0286782 3
1386495644.428744834 5.53971 0.985188 0.551 20.278 0.592077 0.438035  -0.0169418 -0.0759889 3
1386495644.561698250 5.63015 1.01199 0.551 26.552 0.680228 0.20157  0 0.82361 3
1386495644.689733507 5.70373 1.01989 0.556 40.261 0.574675 0.0617414  0.0390517 1.86876 3
1386495644.758828461 5.74186 1.02194 0.558 44.325 0.551872 0.0296614  0.0289457 1.02656 3
1386495644.885397779 5.81174 1.01944 0.573 47.373 0.552103 -0.0197919  0.118512 0.420303 3
1386495644.955408175 5.84837 1.01795 0.578 46.777 0.52325 -0.0212541  0.071418 -0.148579 3
1386495645.084752512 5.91018 1.02072 0.599 44.655 0.477817 0.0214502  0.162357 -0.286335 3
1386495645.169525161 5.95025 1.02582 0.607 43.389 0.472769 0.0601596  0.0943701 -0.26065 3
1386495645.277155281 6.00235 1.04734 0.618 40.794 0.484041 0.199952  0.102202 -0.420805 3
1386495645.344930957 6.03468 1.06506 0.62 39.442 0.476987 0.261383  0.0295091 -0.348162 3
1386495645.472294981 6.10262 1.11526 0.619 36.485 0.533415 0.394114  -0.00785151 -0.40521 3
1386495645.537600346 6.13768 1.14252 0.616 34.832 0.5369 0.417449  -0.045938 -0.441779 3
1386495645.667802333 6.20569 1.19523 0.607 30.776 0.522379 0.404893  -0.0691234 -0.543698 3
1386495645.732829597 6.24056 1.22122 0.605 28.756 0.536113 0.399617  -0.0307563 -0.542164 3
1386495645.863513768 6.23861 1.27875 0.595 20.789 -0.0148918 0.440236  -0.0765204 -1.06402 3
1386495645.929367508 6.22512 1.29573 0.589 17.399 -0.204814 0.257777  -0.091111 -0.898455 3
1386495646.059190683 6.2024 1.30659 0.577 13.243 -0.17504 0.0836883  -0.0924334 -0.558727 3
1386495646.189016973 6.19413 1.29599 0.565 11.244 -0.063681 -0.0816362  -0.0924312 -0.268738 3
1386495646.255035367 6.19569 1.28637 0.563 10.523 0.0236434 -0.145729  -0.0302946 -0.190609 3
1386495646.385472192 6.22923 1.25061 0.568 9.265 0.257164 -0.274211  0.0383327 -0.168328 3
1386495646.450905524 6.2552 1.23049 0.571 8.478 0.39683 -0.307397  0.0458482 -0.20992 3
1386495646.581569571 6.30776 1.21842 0.574 5.34099 0.402214 -0.0923557  0.0229596 -0.419022 3
1386495646.646616335 6.32148 1.19857 0.578 6.666 0.211021 -0.305271  0.0614942 0.355526 3
1386495646.776731517 6.36702 1.25816 0.615 16.935 0.349977 0.458032  0.284363 1.37746 3
1386495646.841971901 6.40599 1.2824 0.618 23.302 0.597291 0.371412  0.0459838 1.70331 3
1386495646.972861651 6.47542 1.30578 0.633 36.201 0.530487 0.178657  0.1146 1.72 3
1386495647.037624603 6.49507 1.29812 0.63 42.098 0.303459 -0.11821  -0.0463228 1.58921 3
1386495647.102677456 6.51223 1.28828 0.632 47.654 0.263674 -0.151259  0.0307442 1.49064 3
1386495647.238142523 6.52728 1.25327 0.607 57.349 0.11113 -0.258463  -0.184549 1.2491 3
1386495647.307805692 6.5313 1.2359 0.59 61.669 0.0577117 -0.249437  -0.244031 1.08233 3
1386495647.428932703 6.49683 1.19908 0.541 68.365 -0.284632 -0.303907  -0.404534 0.964832 7
1386495647.558044572 6.51433 1.1766 0.498 73.474 0.135593 -0.174115  -0.333045 0.690633 4
1386495647.624486575 6.52259 1.15865 0.475 75.226 0.124332 -0.270174  -0.346167 0.460223 4
1386495647.758112231 6.53561 1.11765 0.425 77.225 0.0973897 -0.306824  -0.37418 0.261096 4
1386495647.820321346 6.54117 1.09973 0.399 77.706 0.0894074 -0.288145  -0.417945 0.134949 8
1386495647.951413522 6.54263 1.06163 0.332 78.525 0.0111582 -0.290611  -0.511091 0.10904 8
1386495648.016509560 6.54181 1.04738 0.294 78.696 -0.0126581 -0.21892  -0.583753 0.0458472 8
1386495648.146389213 6.53915 1.03427 0.213 78.945 -0.0204722 -0.100937  -0.623654 0.0334608 8
1386495648.213928416 6.53732 1.02913 0.183 78.988 -0.0270229 -0.0761359  -0.444186 0.0111118 8
1386495648.342198298 6.53678 1.03226 0.135 78.884 -0.00421341 0.0243765  -0.374211 -0.0141505 8
1386495648.406868667 6.53551 1.04113 0.109 78.784 -0.0196541 0.137292  -0.402039 -0.0269877 8
1386495648.542033214 6.52528 1.08726 0 78.294 -0.0757305 0.341227  -0.806424 -0.0632726 2
1386495648.603917519 6.52077 1.10702 0 78.547 -0.0727331 0.319382  0 0.0713534 2
1386495648.733967432 6.52129 1.1133 0 78.534 0.00395185 0.0482657  0 -0.0017437 2
1386495648.798616863 6.52149 1.11378 0 78.521 0.00304853 0.00738233  0 -0.00350972 2
1386495648.929252330 6.52218 1.11355 0 78.534 0.00529906 -0.00175249  0 0.0017369 2
1386495648.995531945 6.52241 1.1128 0 78.528 0.00356572 -0.011189  0 -0.00158111 2
1386495649.124679929 6.52261 1.11223 0 78.53 0.00154145 -0.0044688  0 0.000270135 2
1386495649.258840519 6.52277 1.11129 0 78.531 0.00117364 -0.00697116  0 0.000130021 2
1386495649.320266446 6.5228 1.11104 0 78.532 0.000435632 -0.00418346  0 0.00028398 2
1386495649.453660930 6.52274 1.11114 0 78.536 -0.000444453 0.000773556  0 0.000524069 2
1386495649.516128476 6.52272 1.11121 0 78.536 -0.000314445 0.00119621  0 0 2
1386495649.646656790 6.52276 1.11117 0 78.537 0.000353193 -0.000336624  0 0.000133639 2
1386495649.711622215 6.52275 1.11111 0 78.537 -0.000209878 -0.000944025  0 0 2
1386495649.842418214 6.52278 1.11111 0 78.536 0.000193146 -1.72812e-05  0 -0.000133366 2
1386495649.907935299 6.52277 1.11112 0 78.536 -0.000141977 0.000168249  0 0 2
1386495650.040243680 6.52277 1.11115 0 78.538 -9.7676e-06 0.000242123  0 0.000263683 2
1386495650.101866289 6.5228 1.11116 0 78.536 0.000611271 0.00011494  0 -0.000566146 2
1386495650.244292416 6.52283 1.11114 0 78.534 0.000219301 -7.73125e-05  0 -0.000244951 2
1386495650.299986328 6.52286 1.11112 0 78.532 0.00042069 -0.000475341  0 -0.000628804 2
1386495650.432524128 6.5229 1.11117 0 78.532 0.000318339 0.000426349  0 0 2
1386495650.560063500 6.5229 1.11117 0 78.53 -2.83267e-05 -2.16306e-05  0 -0.000273542 2
1386495650.627623811 6.5229 1.11115 0 78.529 9.36506e-05 -0.00039643  0 -0.000258195 2
1386495650.755243481 6.523 1.11117 0 78.531 0.000759572 0.000192974  0 0.00027337 2
1386495650.827269456 6.52302 1.11118 0 78.532 0.000274803 0.000112325  0 0.000242186 2
1386495650.951003422 6.52301 1.11118 0 78.533 -8.47793e-05 -7.91736e-06  0 0.000140977 2
1386495651.024068034 6.52305 1.11117 0 78.531 0.000558934 -4.38021e-05  0 -0.000477487 2
1386495651.147312755 6.52315 1.11117 0 78.529 0.000827263 -6.0726e-05  0 -0.000283074 2
1386495651.214825159 6.52317 1.11119 0 78.529 0.000198416 0.000353023  0 0 2
1386495651.342846011 6.52321 1.11116 0 78.53 0.000348797 -0.00025744  0 0.000136257 2
1386495651.407614714 6.52321 1.11117 0 78.53 -7.32765e-05 0.00015263  0 0 2
1386495651.537783150 6.52329 1.11117 0 78.525 0.000688969 2.45085e-05  0 -0.000670044 2
1386495651.605351409 6.52331 1.11122 0 78.524 0.000159972 0.000675526  0 -0.000258164 2
1386495651.733391386 6.5233 1.11117 0 78.523 -6.90055e-05 -0.000346288  0 -0.000136236 2
1386495651.800656671 6.52337 1.11118 0 78.524 0.00104863 0.000178662  0 0.000259327 2
1386495651.937960575 6.5234 1.11116 0 78.523 0.000243536 -0.000152726  0 -0.000127044 2
1386495652.059465315 6.52343 1.11117 0 78.523 0.000211608 2.78079e-05  0 0 2
1386495652.124756730 6.52345 1.11116 0 78.523 0.000284047 -0.000114286  0 0 2
1386495652.255583264 6.52349 1.11111 0 78.523 0.000354682 -0.000332657  0 0 2
1386495652.320698063 6.52351 1.1111 0 78.523 0.000210621 -0.000268178  0 0 2
1386495652.450708246 6.52353 1.11118 0 78.522 0.000197264 0.000649797  0 -0.000134172 2
1386495652.516099655 6.52355 1.1112 0 78.52 0.000359 0.000218165  0 -0.000533517 2
1386495652.646693622 6.52356 1.11114 0 78.519 5.99512e-05 -0.000407307  0 -0.000134592 2
1386495652.711877882 6.52357 1.1112 0 78.518 0.000149835 0.000845656  0 -0.000267606 2
1386495652.842363102 6.52358 1.1112 0 78.516 7.46552e-05 3.91623e-05  0 -0.000267367 2
1386495652.910611899 6.52362 1.11121 0 78.516 0.000571763 0.000136811  0 0 2
1386495653.037879216 6.52371 1.11131 0 78.511 0.000717885 0.000727092  0 -0.000685318 2
1386495653.102906114 6.52376 1.11133 0 78.51 0.000667685 0.000341694  0 -0.000268254 2
1386495653.234025234 6.52378 1.11137 0 78.508 0.000170962 0.000310677  0 -0.000266074 2
1386495653.299981209 6.5238 1.11141 0 78.505 0.000288208 0.000608326  0 -0.000795444 2
1386495653.429379642 6.52383 1.11139 0 78.509 0.000240886 -0.000115752  0 0.000540254 2
1386495653.493961624 6.52389 1.11138 0 78.509 0.000925854 -0.000261207  0 0 2
1386495653.626167853 6.52399 1.11141 0 78.508 0.000761643 0.000286853  0 -0.000131943 2
1386495653.757755050 6.52402 1.1114 0 78.514 0.00022662 -0.000115893  0 0.000795383 2
1386495653.820622581 6.52405 1.11145 0 78.514 0.000443268 0.000745188  0 0 2
1386495653.954875327 6.52401 1.11149 0 78.514 -0.000233853 0.000318317  0 0 2
1386495654.016095116 6.52403 1.1115 0 78.512 0.000254268 0.000218232  0 -0.000569871 2
1386495654.148796748 6.52409 1.11155 0 78.513 0.000439246 0.000339859  0 0.000131451 2
1386495654.211729812 6.5241 1.11155 0 78.513 0.000136998 9.94532e-05  0 0 2
1386495654.357096330 6.52425 1.11157 0 78.514 0.00107176 0.000147186  0 0.000119998 2
1386495654.405616029 6.52427 1.11157 0 78.513 0.00040668 -0.000127103  0 -0.000359518 2
1386495654.537810439 6.52428 1.11155 0 78.513 7.77683e-05 -0.000148206  0 0 2
1386495654.603119442 6.52429 1.11154 0 78.513 7.0043e-05 -0.000169414  0 0 2
1386495654.735789579 6.52441 1.11158 0 78.516 0.000948535 0.000313277  0 0.000394445 2
1386495654.800322840 6.52445 1.11153 0 78.516 0.000529625 -0.000751254  0 0 2
1386495654.929389169 6.52456 1.11152 0 78.515 0.000887809 -7.07815e-05  0 -0.000135153 2
1386495655.059834965 6.52461 1.11154 0 78.514 0.000373331 0.00010665  0 -0.000133724 2
1386495655.127217062 6.5246 1.1115 0 78.513 -0.000120154 -0.000551409  0 -0.000258877 2
1386495655.255491944 6.5247 1.11156 0 78.512 0.000776347 0.000456339  0 -0.000135987 2
1386495655.324778304 6.52469 1.11158 0 78.512 -0.000202475 0.00032973  0 0 2
1386495655.451055891 6.52476 1.11161 0 78.513 0.000540598 0.000247531  0 0.000138138 2
1386495655.519566793 6.52479 1.11164 0 78.513 0.000418002 0.000366499  0 0 2
1386495655.647185361 6.52484 1.11167 0 78.511 0.000411844 0.000241742  0 -0.000273373 2
1386495655.714739450 6.52488 1.11166 0 78.51 0.000640816 -0.000154666  0 -0.000258218 2
1386495655.842320701 6.52495 1.11173 0 78.508 0.000511368 0.000553378  0 -0.000273452 2
1386495655.911283281 6.52496 1.11178 0 78.509 0.000176026 0.00069776  0 0.000252944 2
1386495656.041700340 6.52494 1.11177 0 78.508 -0.000168298 -3.37629e-06  0 -0.000133753 2
1386495656.105394252 6.52492 1.11178 0 78.507 -0.00020587 4.8893e-05  0 -0.000273868 2
1386495656.233537820 6.52498 1.11177 0 78.508 0.000416757 -3.68987e-05  0 0.000136126 2
1386495656.300912157 6.52498 1.11174 0 78.509 7.17326e-05 -0.000429257  0 0.000258907 2
1386495656.429254355 6.525 1.11177 0 78.507 0.000132268 0.000197364  0 -0.000271831 2
1386495656.559178807 6.52508 1.11168 0 78.507 0.000596336 -0.00071085  0 0 2
1386495656.624797104 6.52509 1.11162 0 78.506 0.000135192 -0.000801181  0 -0.000265836 2
1386495656.755307280 6.52508 1.11164 0 78.505 -1.81761e-06 9.97359e-05  0 -0.000134678 2
1386495656.822651822 6.52513 1.11162 0 78.506 0.000632603 -0.00022041  0 0.000260999 2
1386495656.951078608 6.5251 1.11173 0 78.505 -0.000198507 0.000817921  0 -0.000136863 2
1386495657.016453553 6.52511 1.11178 0 78.505 0.000188544 0.000870149  0 0 2
1386495657.146932340 6.52509 1.11193 0 78.505 -0.000178138 0.00114188  0 0 2
1386495657.212204061 6.52515 1.11197 0 78.507 0.000941829 0.000605136  0 0.000536535 2
1386495657.343731577 6.52522 1.11194 0 78.507 0.000546735 -0.000260999  0 0 2
1386495657.407752342 6.52522 1.11197 0 78.505 -6.69894e-05 0.000547648  0 -0.000547019 2
1386495657.547008360 6.52523 1.11205 0 78.502 8.87079e-05 0.000512793  0 -0.000375791 2
1386495657.606330778 6.52524 1.11206 0 78.502 0.000135308 0.000318312  0 0 2
1386495657.734595563 6.52514 1.11222 0 78.499 -0.000773226 0.00118871  0 -0.000407993 2
1386495657.798965534 6.52508 1.1123 0 78.5 -0.000880369 0.00124796  0 0.000270991 2
1386495657.929201119 6.52497 1.11269 0 78.498 -0.000900036 0.0030167  0 -0.000267879 2
1386495657.996706956 6.52492 1.11271 0 78.497 -0.000632485 0.000320406  0 -0.000258403 2
1386495658.126515945 6.52488 1.11258 0 78.499 -0.000314719 -0.000977872  0 0.00026876 2
1386495658.192251199 6.52485 1.11268 0 78.498 -0.000490926 0.00148307  0 -0.000265363 2
1386495658.321406089 6.52449 1.11345 0 78.494 -0.00281946 0.00595699  0 -0.000540241 2
1386495658.451244360 6.52491 1.1119 0 78.493 0.00323709 -0.0119325  0 -0.000134349 2
1386495658.518570081 6.525 1.11168 0 78.493 0.00141522 -0.00331792  0 0 2
1386495658.648215211 6.52492 1.11173 0 78.495 -0.000668165 0.000362725  0 0.000269099 2
1386495658.713821181 6.52496 1.11155 0 78.497 0.000705288 -0.00270752  0 0.000531772 2
1386495658.842597794 6.52506 1.11147 0 78.496 0.000771444 -0.000596145  0 -0.000135457 2
1386495658.911275933 6.52512 1.11128 0 78.495 0.000806437 -0.00281363  0 -0.000253992 2
1386495659.038387231 6.52503 1.11219 0 78.499 -0.000656545 0.00718092  0 0.000548927 2
1386495659.104268096 6.52461 1.11031 0 78.395 -0.00636016 -0.0284797  0 -0.0275509 2
1386495659.233794809 6.52318 1.10455 0 78.442 -0.0110701 -0.0444745  0 0.0063327 2
1386495659.299787714 6.52118 1.06695 0 77.53 -0.0302622 -0.569781  0 -0.241199 2
1386495659.449730574 6.54928 1.03934 0 70.6 0.18737 -0.184136  0 -0.806649 2
1386495659.495862254 6.56096 1.0334 0 66.439 0.253148 -0.12875  0 -1.57426 2
1386495659.625829337 6.59343 1.06146 0 58.583 0.24986 0.215908  0 -1.05498 2
1386495659.755586340 6.59618 1.06001 0 51.244 0.0212187 -0.0112477  0 -0.987151 2
1386495659.821204438 6.59338 1.04663 0 47.375 -0.0426614 -0.203883  0 -1.02908 2
1386495659.954211021 6.57213 1.00126 0 40.709 -0.159797 -0.341073  0 -0.874721 2
1386495660.035393591 6.55232 0.973743 0 40.341 -0.243983 -0.338978  0 -0.0791181 2
1386495660.149836770 6.48867 0.749114 0 45.668 -0.556239 -1.9628  0 0.812402 2
1386495660.224334304 6.46083 0.616968 0 50.697 -0.373629 -1.77383  0 1.17819 2
1386495660.342335140 6.48942 0.569034 0 63.388 0.242288 -0.406219  0 1.8771 2
1386495660.407267142 6.50714 0.546681 0 71.304 0.272853 -0.344259  0 2.12777 2
1386495660.538458561 6.44412 0.538735 0 91.412 -0.480351 -0.0605625  0 2.67511 2
1386495660.603122825 6.39059 0.533643 0 102.666 -0.827824 -0.0787506  0 3.03752 2
1386495660.734007632 6.35679 0.483487 0 121.873 -0.258264 -0.383206  0 2.56122 2
1386495660.800778167 6.35084 0.470614 0 132.032 -0.0891044 -0.192801  0 2.65548 2
1386495660.929476783 6.17856 0.462267 0 148.253 -1.33863 -0.0648548  0 2.19979 2
1386495660.994863000 6.12223 0.466381 0 153.703 -0.861407 0.0629111  0 1.45475 2
1386495661.125147181 6.11667 0.502481 0 160.935 -0.0426905 0.277089  0 0.968822 2
1386495661.257616806 6.13634 0.446221 0 162.184 0.148455 -0.424697  0 0.16456 2
1386495661.323135333 6.14588 0.420328 0 163.154 0.145584 -0.395202  0 0.258396 2
1386495661.451997826 6.19769 0.406803 0 167.947 0.402077 -0.104955  0 0.64917 2
1386495661.516539376 6.23382 0.416551 0 170.796 0.559879 0.15102  0 0.770425 2
1386495661.647031512 6.23198 0.411578 0 172.591 -0.014138 -0.0381051  0 0.240081 2
1386495661.713234334 6.22252 0.40631 0 171.434 -0.142848 -0.0795811  0 -0.305024 2
1386495661.841926440 6.10591 0.391224 0 167.408 -0.906098 -0.117225  0 -0.546008 2
1386495661.910954529 6.01836 0.422313 0 162.355 -1.26841 0.450384  0 -1.27762 2
1386495662.038279722 5.95942 0.416872 0 148.298 -0.462878 -0.0427296  0 -1.92688 2
1386495662.103563369 5.95049 0.409346 0 142.549 -0.13677 -0.115282  0 -1.53697 2
1386495662.233860208 5.95414 0.344772 0 138.09 0.0279624 -0.495596  0 -0.597284 2
1386495662.299247568 5.98555 0.322666 0 139.069 0.480486 -0.338075  0 0.261316 2
1386495662.429049442 6.01762 0.301874 0 142.976 0.247032 -0.160185  0 0.525339 2
1386495662.495344860 6.0203 0.300159 0 145.166 0.0404019 -0.0258692  0 0.576551 2
1386495662.625200751 6.10752 0.273749 0 147.794 0.67171 -0.203376  0 0.353217 2
1386495662.690409119 6.12981 0.25929 0 147.915 0.341821 -0.221738  0 0.0323857 2
1386495662.821395407 6.07487 0.294403 0 146.073 -0.419483 0.268069  0 -0.245438 2
1386495662.953133396 6.06991 0.395119 0 142.869 -0.0376512 0.764513  0 -0.424482 2
1386495663.016665657 6.07596 0.427261 0 142.551 0.0952773 0.505922  0 -0.0873587 2
1386495663.146456783 6.01953 0.451625 0 144.649 -0.434777 0.187717  0 0.282123 2
1386495663.212092884 5.93443 0.408213 0 143.534 -1.29659 -0.661402  0 -0.29649 2
1386495663.344445613 5.88646 0.338277 0 144.013 -0.36241 -0.528403  0 0.0631655 2
1386495663.407711989 5.88691 0.291002 0 146.217 0.00703679 -0.747246  0 0.608017 2
1386495663.540158549 5.93239 0.205781 0 153.703 0.343451 -0.643439  0 0.986476 2
1386495663.602493401 5.95644 0.170782 0 159.827 0.385687 -0.561465  0 1.71467 2
1386495663.735825486 5.8907 0.16559 0 171.385 -0.493053 -0.0389356  0 1.51295 2
1386495663.797892149 5.85567 0.170207 0 175.254 -0.564387 0.0743848  0 1.08797 2
1386495663.933328338 5.87088 0.145808 0 -177.629 0.1123 -0.180155  0 -45.4751 2
1386495664.059754607 5.88591 0.127756 0 -169.853 0.118921 -0.142782  0 1.07349 2
1386495664.126129389 5.89403 0.119595 0 -164.994 0.122392 -0.122961  0 1.27768 2
1386495664.255860660 5.98841 0.0218834 0 -152.105 0.727494 -0.753184  0 1.73401 2
1386495664.322861127 6.03118 -0.0394783 0 -145.525 0.638295 -0.91584  0 1.71406 2
1386495664.452029788 6.06235 -0.0821757 0 -131.746 0.241316 -0.330555  0 1.86182 2
1386495664.518881286 6.06872 -0.0887507 0 -123.811 0.0952674 -0.0983527  0 2.07163 2
1386495664.647552169 6.07229 -0.0908204 0 -108.034 0.0277328 -0.0160849  0 2.14004 2
1386495664.714767065 6.07299 -0.0911122 0 -100.556 0.0104046 -0.00434073  0 1.94177 2
1386495664.842790027 6.13853 -0.123658 0 -91.274 0.511989 -0.254217  0 1.26541 2
1386495664.907475713 6.17445 -0.143025 0 -90.526 0.555237 -0.299397  0 0.201823 2
1386495665.038407405 6.24086 -0.18343 0 -91.994 0.50722 -0.308599  0 -0.195685 2
1386495665.103557536 6.2708 -0.20365 0 -94.38 0.459608 -0.310363  0 -0.639194 2
1386495665.234017618 6.29731 -0.201057 0 -99.437 0.2032 0.0198743  0 -0.676539 2
1386495665.310805446 6.31217 -0.223418 0 -100.488 0.193465 -0.291194  0 -0.238885 2
1386495665.429829782 6.33383 -0.252734 0 -97.938 0.181979 -0.246305  0 0.373923 2
1386495665.560174938 6.35892 -0.277843 0 -88.946 0.192529 -0.192635  0 1.20403 2
1386495665.625586526 6.37232 -0.290956 0 -83.059 0.204775 -0.200466  0 1.57079 2
1386495665.755672885 6.39324 -0.275387 0 -60.907 0.16079 0.119677  0 2.97207 2
1386495665.820757040 6.40131 -0.266254 0 -49.039 0.124067 0.140334  0 3.18258 2
1386495665.951291160 6.52143 -0.305502 0 -28.02 0.920234 -0.300672  0 2.81038 2
1386495666.016420327 6.55376 -0.354527 0 -20.634 0.496369 -0.752739  0 1.9793 2
1386495666.146787956 6.52654 -0.449216 0 -13.509 -0.208794 -0.726323  0 0.953877 2
1386495666.212128369 6.50202 -0.485029 0 -12.32 -0.375282 -0.548104  0 0.317596 2
1386495666.342704026 6.4592 -0.51813 0 -9.81001 -0.327959 -0.2535  0 0.335496 2
1386495666.407692851 6.44169 -0.523938 0 -8.09601 -0.269286 -0.0893628  0 0.46031 2
1386495666.537919451 6.41696 -0.529374 0 -3.79201 -0.189959 -0.0417467  0 0.576833 2
1386495666.604747658 6.40546 -0.528148 0 -2.011 -0.172105 0.0183575  0 0.465139 2
1386495666.734111719 6.37192 -0.526564 0 1.09499 -0.259197 0.0122417  0 0.419048 2
1386495666.799404623 6.35171 -0.530166 0 1.75499 -0.309645 -0.0551663  0 0.176424 2
1386495666.929681721 6.29626 -0.557867 0 0.363998 -0.425612 -0.212631  0 -0.186352 2
1386495666.998641362 6.26785 -0.578125 0 -0.594009 -0.412007 -0.293763  0 -0.242466 2
1386495667.125699707 6.25843 -0.582444 0 -2.37701 -0.0741607 -0.0339957  0 -0.244921 2
1386495667.255249363 6.25003 -0.586045 0 -3.278 -0.0648264 -0.0277943  0 -0.121383 2
1386495667.321056690 6.24082 -0.583244 0 -2.50201 -0.139892 0.0425598  0 0.205805 2
1386495667.453303097 6.24023 -0.584031 0 -2.36501 -0.00443219 -0.00594945  0 0.0180818 2
1386495667.517666873 6.2416 -0.583329 0 -2.34201 0.0212738 0.0109119  0 0.00623547 2
1386495667.649013243 6.24163 -0.583409 0 -2.328 0.000159926 -0.000612611  0 0.00186132 2
1386495667.712315117 6.24431 -0.582633 0 -2.27701 0.0423747 0.0122668  0 0.0140601 2
1386495667.845322660 6.25907 -0.57214 0 -1.72401 0.110992 0.0788867  0 0.072564 2
1386495667.911621227 6.2599 -0.570092 0 -1.912 0.0125121 0.0308987  0 -0.0494885 2
1386495668.038056965 6.25733 -0.568206 0 -1.97701 -0.0203574 0.0149097  0 -0.00897299 2
1386495668.104755159 6.25639 -0.566411 0 -1.98601 -0.0139828 0.0269239  0 -0.00235578 2
1386495668.235551040 6.26509 -0.551101 0 -2.46001 0.0665088 0.117048  0 -0.06325 2
1386495668.299302312 6.26824 -0.545844 0 -2.505 0.0494008 0.0824634  0 -0.0123192 2
1386495668.432054981 6.27092 -0.542943 0 -2.636 0.0201821 0.0218551  0 -0.0172224 2
1386495668.494975126 6.27183 -0.542331 0 -2.68901 0.0144501 0.00972303  0 -0.0147041 2
1386495668.627323738 6.27601 -0.53676 0 -2.85701 0.0316131 0.0420922  0 -0.0221547 2
1386495668.754864148 6.276 -0.536073 0 -2.899 -9.30105e-05 0.00538801  0 -0.00574643 2
1386495668.821789483 6.2835 -0.526309 0 -3.26801 0.111966 0.145888  0 -0.0962315 2
1386495668.951494127 6.32112 -0.477999 0 -4.35901 0.290055 0.372468  0 -0.146807 2
1386495669.018832365 6.32701 -0.470623 0 -4.3 0.0874458 0.109532  0 0.0152936 2
1386495669.149351739 6.32726 -0.4722 0 -4.07101 0.00197038 -0.0120791  0 0.0306208 2
1386495669.213261547 6.32746 -0.472646 0 -4.04701 0.00303632 -0.00698837  0 0.00655479 2
1386495669.342988751 6.32762 -0.472902 0 -4.03001 0.00123751 -0.00196892  0 0.00228692 2
1386495669.410206923 6.32726 -0.472894 0 -4.01801 -0.0053875 0.000116158  0 0.00311807 2
1386495669.539228250 6.32734 -0.472867 0 -4.013 0.000626635 0.000209712  0 0.000677033 2
1386495669.603346362 6.32759 -0.472766 0 -4.01701 0.00395759 0.0015752  0 -0.00109238 2
1386495669.735581975 6.32886 -0.472231 0 -3.97101 0.00962745 0.00404251  0 0.00607206 2
1386495669.799043647 6.32915 -0.472124 0 -3.96701 0.00445494 0.00169178  0 0.00109948 2
1386495669.929844963 6.32916 -0.472054 0 -3.97 8.01542e-05 0.00053762  0 -0.000399063 2
1386495669.996405473 6.32988 -0.47218 0 -3.90901 0.010877 -0.00190121  0 0.0159924 2
1386495670.125644981 6.32966 -0.472023 0 -3.979 -0.00168398 0.00121721  0 -0.00945216 2
1386495670.255923857 6.32961 -0.472174 0 -3.97301 -0.000435935 -0.00116081  0 0.000803371 2
1386495670.321141313 6.3296 -0.472195 0 -3.97101 -3.55378e-05 -0.000319758  0 0.00053494 2
1386495670.451621477 6.32971 -0.472217 0 -3.966 0.000850716 -0.00016979  0 0.000669463 2
1386495670.517231775 6.32975 -0.472256 0 -3.96301 0.000541693 -0.000592138  0 0.000795576 2
1386495670.647364269 6.3296 -0.472 0 -3.957 -0.00116305 0.00196915  0 0.000806321 2
1386495670.712391988 6.32956 -0.471947 0 -3.955 -0.000544182 0.000804232  0 0.000536501 2
1386495670.843016549 6.32945 -0.471957 0 -3.94901 -0.000898524 -7.71739e-05  0 0.000801245 2
1386495670.908147660 6.32946 -0.471965 0 -3.94501 0.000158427 -0.00011079  0 0.0010713 2
1386495671.037846991 6.32949 -0.472004 0 -3.94 0.000298434 -0.000303294  0 0.000673494 2
1386495671.103769612 6.32944 -0.472021 0 -3.938 -0.000886557 -0.000256365  0 0.000529218 2
1386495671.234265230 6.32939 -0.472114 0 -3.93301 -0.000378529 -0.000717396  0 0.000667343 2
1386495671.299455815 6.32933 -0.472067 0 -3.93201 -0.000865204 0.000721064  0 0.000269623 2
1386495671.429927998 6.32943 -0.472099 0 -3.92601 0.000733981 -0.000238871  0 0.00080218 2
1386495671.512005207 6.32939 -0.472102 0 -3.923 -0.00049871 -4.56752e-05  0 0.000639206 2
1386495671.625528623 6.32934 -0.472176 0 -3.91501 -0.000374363 -0.000646638  0 0.00122926 2
1386495671.756875621 6.32923 -0.472199 0 -3.90601 -0.000875064 -0.000173491  0 0.00119627 2
1386495671.821763793 6.32919 -0.472241 0 -3.901 -0.00051818 -0.000647357  0 0.00134619 2
1386495671.953436285 6.32927 -0.472277 0 -3.897 0.000572744 -0.000276241  0 0.000529912 2
1386495672.016077694 6.32924 -0.472309 0 -3.89401 -0.000483653 -0.000519909  0 0.000833282 2
1386495672.150108966 6.32925 -0.472257 0 -3.88901 8.75087e-05 0.000391733  0 0.000651726 2
1386495672.213004417 6.32925 -0.472314 0 -3.888 -6.64285e-05 -0.00090372  0 0.000279462 2
1386495672.343226876 6.32912 -0.472387 0 -3.882 -0.000960742 -0.000564373  0 0.000803719 2
1386495672.408217229 6.32913 -0.472346 0 -3.87901 5.55379e-05 0.000631344  0 0.000803165 2
1386495672.540762218 6.32913 -0.472436 0 -3.87401 9.66015e-06 -0.000677937  0 0.000659034 2
1386495672.604179448 6.32918 -0.472489 0 -3.871 0.00081878 -0.000827992  0 0.000827287 2
1386495672.735714055 6.32911 -0.472586 0 -3.86401 -0.000499468 -0.00073638  0 0.000927306 2
1386495672.799566822 6.32921 -0.472595 0 -3.86101 0.00152938 -0.000150335  0 0.000821644 2
1386495672.930072066 6.32922 -0.472593 0 -3.854 4.08078e-05 1.62323e-05  0 0.00093666 2
1386495672.995259893 6.32929 -0.472665 0 -3.84901 0.00107272 -0.00110169  0 0.00133591 2
1386495673.127438211 6.32911 -0.472712 0 -3.84401 -0.00134501 -0.000358933  0 0.000660862 2
1386495673.256894739 6.32906 -0.472646 0 -3.83501 -0.000396374 0.000511981  0 0.00121374 2
1386495673.323251725 6.32902 -0.472683 0 -3.83301 -0.000566959 -0.000556662  0 0.000525753 2
1386495673.454608173 6.32907 -0.472793 0 -3.83 0.000361959 -0.000837519  0 0.000399404 2
1386495673.518020453 6.32909 -0.472795 0 -3.82701 0.000365132 -3.69584e-05  0 0.000823152 2
1386495673.647696221 6.329 -0.472828 0 -3.82001 -0.000656806 -0.000251211  0 0.000942652 2
1386495673.712811633 6.32899 -0.472844 0 -3.815 -0.000167137 -0.000243466  0 0.00134149 2
1386495673.851676068 6.32896 -0.472852 0 -3.81001 -0.000216303 -5.93408e-05  0 0.000627125 2
1386495673.909560107 6.32898 -0.47286 0 -3.80701 0.000228252 -0.000135195  0 0.000906369 2
1386495674.039406374 6.32894 -0.472857 0 -3.804 -0.000307973 1.79955e-05  0 0.000404049 2
1386495674.104329084 6.32894 -0.472882 0 -3.80101 0.000109438 -0.000384031  0 0.000804002 2
1386495674.235067571 6.32904 -0.472955 0 -3.79501 0.000713065 -0.000559273  0 0.000800546 2
1386495674.301142280 6.32906 -0.472929 0 -3.79301 0.000411559 0.000405042  0 0.000527999 2
1386495674.433801032 6.32895 -0.472912 0 -3.785 -0.000841381 0.000124406  0 0.00105395 2
1386495674.497629047 6.32894 -0.472996 0 -3.78401 -0.000156033 -0.00131621  0 0.000271206 2
1386495674.625889689 6.32884 -0.473055 0 -3.778 -0.000822887 -0.000457323  0 0.000818088 2
1386495674.757443226 6.32889 -0.473019 0 -3.772 0.000434811 0.000273574  0 0.000795587 2
1386495674.821788487 6.32884 -0.473048 0 -3.77101 -0.000820076 -0.000452715  0 0.000269026 2
1386495674.953106942 6.32881 -0.473147 0 -3.76701 -0.000279324 -0.000754991  0 0.000531341 2
1386495675.016993497 6.32882 -0.473212 0 -3.763 0.000228 -0.00101757  0 0.00109634 2
1386495675.147532257 6.32882 -0.473361 0 -3.76001 -1.50598e-05 -0.00113835  0 0.000399866 2
1386495675.212808379 6.32881 -0.473398 0 -3.757 -0.00013343 -0.000565998  0 0.000803728 2
