6.60338 0.799985 0.752 1.3881e+09
6.69734 0.847082 0.748892 1.3881e+09
6.79085 0.864326 0.747156 1.3881e+09
6.87786 0.867575 0.746358 1.3881e+09
6.95835 0.864202 0.746202 1.3881e+09
7.03329 0.85753 0.74648 1.3881e+09
7.10367 0.849109 0.747052 1.3881e+09
7.1703 0.839705 0.747819 1.3881e+09
7.23386 0.829741 0.748712 1.3881e+09
7.29491 0.819473 0.749685 1.3881e+09
7.35389 0.809078 0.750705 1.3881e+09
7.41118 0.798688 0.751749 1.3881e+09
7.46709 0.788409 0.752801 1.3881e+09
7.52188 0.778324 0.753851 1.3881e+09
7.57576 0.768505 0.754892 1.3881e+09
7.62889 0.759008 0.755918 1.3881e+09
7.68142 0.749882 0.756925 1.3881e+09
7.73347 0.741165 0.757912 1.3881e+09
7.78513 0.732886 0.758877 1.3881e+09
7.83648 0.725069 0.75982 1.3881e+09
7.88758 0.71773 0.760739 1.3881e+09
7.93848 0.710881 0.761635 1.3881e+09
7.98923 0.704528 0.762508 1.3881e+09
8.03984 0.698674 0.763359 1.3881e+09
8.09036 0.693317 0.764187 1.3881e+09
8.14079 0.688455 0.764994 1.3881e+09
8.19116 0.68408 0.765779 1.3881e+09
8.24148 0.680185 0.766544 1.3881e+09
8.29176 0.676759 0.767289 1.3881e+09
8.342 0.673791 0.768014 1.3881e+09
8.39222 0.671268 0.768722 1.3881e+09
8.4424 0.669178 0.769411 1.3881e+09
8.49257 0.667507 0.770083 1.3881e+09
8.54272 0.666241 0.770739 1.3881e+09
8.59285 0.665365 0.771379 1.3881e+09
8.64296 0.664866 0.772004 1.3881e+09
8.69305 0.664729 0.772614 1.3881e+09
8.74313 0.66494 0.773211 1.3881e+09
8.7932 0.665485 0.773794 1.3881e+09
8.84325 0.666351 0.774365 1.3881e+09
8.89328 0.667524 0.774924 1.3881e+09
8.9433 0.668991 0.775472 1.3881e+09
8.9933 0.670739 0.776008 1.3881e+09
9.04329 0.672758 0.776534 1.3881e+09
9.09326 0.675034 0.777051 1.3881e+09
9.14321 0.677557 0.777558 1.3881e+09
9.19315 0.680315 0.778056 1.3881e+09
9.24308 0.683298 0.778546 1.3881e+09
9.29299 0.686496 0.779028 1.3881e+09
9.34288 0.689899 0.779502 1.3881e+09
9.39276 0.693498 0.779969 1.3881e+09
9.44262 0.697284 0.780429 1.3881e+09
9.49247 0.701248 0.780883 1.3881e+09
9.5423 0.705383 0.78133 1.3881e+09
9.59212 0.709681 0.781772 1.3881e+09
9.64193 0.714133 0.782208 1.3881e+09
9.69172 0.718734 0.782639 1.3881e+09
9.7415 0.723475 0.783065 1.3881e+09
9.79126 0.728352 0.783486 1.3881e+09
9.84101 0.733356 0.783903 1.3881e+09
9.89075 0.738484 0.784315 1.3881e+09
9.94047 0.743728 0.784724 1.3881e+09
9.99019 0.749083 0.785129 1.3881e+09
10.0399 0.754545 0.78553 1.3881e+09
10.0896 0.760109 0.785928 1.3881e+09
10.1393 0.765769 0.786322 1.3881e+09
10.1889 0.771521 0.786714 1.3881e+09
10.2386 0.777361 0.787103 1.3881e+09
10.2882 0.783285 0.787489 1.3881e+09
10.3379 0.78929 0.787872 1.3881e+09
10.3875 0.79537 0.788253 1.3881e+09
10.4371 0.801523 0.788632 1.3881e+09
10.4867 0.807746 0.789008 1.3881e+09
10.5363 0.814035 0.789383 1.3881e+09
10.5859 0.820387 0.789755 1.3881e+09
10.6355 0.8268 0.790126 1.3881e+09
10.6851 0.833269 0.790495 1.3881e+09
10.7347 0.839794 0.790862 1.3881e+09
10.7842 0.846371 0.791228 1.3881e+09
10.8338 0.852998 0.791593 1.3881e+09
10.8833 0.859672 0.791955 1.3881e+09
10.9329 0.866391 0.792317 1.3881e+09
10.9824 0.873154 0.792677 1.3881e+09
11.032 0.879958 0.793037 1.3881e+09
11.0815 0.886802 0.793395 1.3881e+09
11.131 0.893683 0.793752 1.3881e+09
11.1805 0.900599 0.794108 1.3881e+09
11.2301 0.90755 0.794463 1.3881e+09
11.2796 0.914533 0.794817 1.3881e+09
11.3291 0.921548 0.795171 1.3881e+09
11.3786 0.928592 0.795523 1.3881e+09
11.4281 0.935664 0.795875 1.3881e+09
11.4776 0.942763 0.796226 1.3881e+09
11.5271 0.949888 0.796577 1.3881e+09
11.5765 0.957038 0.796926 1.3881e+09
11.626 0.964211 0.797276 1.3881e+09
11.6755 0.971406 0.797624 1.3881e+09
11.725 0.978622 0.797972 1.3881e+09
11.7818 1.07473 0.794628 1.3881e+09
11.8462 1.14754 0.792532 1.3881e+09
11.9166 1.19626 0.791268 1.3881e+09
11.9883 1.22389 0.79056 1.3881e+09
12.0578 1.23492 0.790221 1.3881e+09
12.1233 1.23361 0.790131 1.3881e+09
12.1844 1.22335 0.790208 1.3881e+09
