2.02462 -0.89619 0.882 7.21661
2.081 -0.916803 0.875932 7.31661
2.13371 -0.941905 0.873221 7.41661
2.18279 -0.970928 0.872747 7.51661
2.22834 -1.00329 0.87375 7.61661
2.27052 -1.03848 0.875717 7.71661
2.30946 -1.07607 0.8783 7.81661
2.34532 -1.11574 0.881264 7.91661
2.3782 -1.15719 0.884453 8.01661
2.40819 -1.2002 0.887761 8.11661
2.43538 -1.24458 0.891116 8.21661
2.4598 -1.29017 0.894472 8.31661
2.51425 -1.31003 0.887992 8.41661
2.56412 -1.33388 0.884808 8.51661
2.61006 -1.36122 0.883859 8.61661
2.653 -1.39102 0.884414 8.71661
2.69395 -1.42226 0.885966 8.81661
2.7338 -1.45412 0.888167 8.91661
2.77328 -1.48594 0.890776 9.01661
2.81294 -1.5172 0.893627 9.11661
2.85318 -1.5475 0.896608 9.21661
2.89424 -1.57649 0.899639 9.31661
2.93629 -1.60392 0.90267 9.41661
2.97941 -1.62954 0.905663 9.51661
3.02361 -1.65317 0.908597 9.61661
3.06887 -1.67465 0.911455 9.71661
3.11512 -1.69385 0.914229 9.81661
3.16227 -1.71066 0.916913 9.91661
3.21022 -1.72499 0.919504 10.0166
3.25886 -1.73677 0.922001 10.1166
3.30804 -1.74595 0.924405 10.2166
3.35763 -1.75249 0.926718 10.3166
3.4075 -1.75636 0.92894 10.4166
3.45751 -1.75756 0.931074 10.5166
3.51685 -1.76093 0.924731 10.6166
3.57471 -1.75876 0.921723 10.7166
3.63114 -1.75403 0.920942 10.8166
3.68639 -1.74806 0.921624 10.9166
3.74065 -1.74147 0.923241 11.0166
3.79412 -1.73454 0.925428 11.1166
3.84693 -1.72743 0.927939 11.2166
3.89919 -1.72021 0.930606 11.3166
3.95099 -1.71292 0.933313 11.4166
4.00241 -1.70558 0.935988 11.5166
4.0535 -1.69819 0.938579 11.6166
4.10433 -1.69078 0.941058 11.7166
4.15493 -1.68334 0.943405 11.8166
4.20534 -1.67588 0.945612 11.9166
4.2556 -1.66841 0.947673 12.0166
4.30572 -1.66092 0.949588 12.1166
4.35573 -1.65341 0.95136 12.2166
4.40564 -1.64589 0.952994 12.3166
4.45547 -1.63836 0.954493 12.4166
4.50524 -1.63082 0.955863 12.5166
4.55495 -1.62327 0.95711 12.6166
4.60462 -1.6157 0.95824 12.7166
4.65424 -1.60813 0.959259 12.8166
4.70383 -1.60056 0.960173 12.9166
4.75339 -1.59297 0.960986 13.0166
4.80293 -1.58538 0.961704 13.1166
4.85245 -1.57778 0.962333 13.2166
4.90195 -1.57017 0.962876 13.3166
4.95144 -1.56255 0.96334 13.4166
5.00091 -1.55493 0.963727 13.5166
5.05038 -1.54731 0.964043 13.6166
5.09983 -1.53968 0.964291 13.7166
5.14928 -1.53204 0.964475 13.8166
5.19872 -1.52439 0.964598 13.9166
5.24816 -1.51675 0.964664 14.0166
5.29759 -1.50909 0.964676 14.1166
5.34702 -1.50144 0.964636 14.2166
5.39644 -1.49377 0.964549 14.3166
5.44586 -1.48611 0.964415 14.4166
5.49528 -1.47844 0.964238 14.5166
5.54469 -1.47076 0.964021 14.6166
5.59411 -1.46308 0.963765 14.7166
5.64352 -1.4554 0.963472 14.8166
5.69293 -1.44772 0.963145 14.9166
5.74234 -1.44003 0.962785 15.0166
5.79175 -1.43234 0.962395 15.1166
5.84116 -1.42464 0.961975 15.2166
5.89056 -1.41695 0.961528 15.3166
5.93997 -1.40925 0.961055 15.4166
5.98937 -1.40155 0.960558 15.5166
6.03878 -1.39384 0.960037 15.6166
6.08818 -1.38613 0.959494 15.7166
6.13759 -1.37842 0.958931 15.8166
6.18699 -1.37071 0.958348 15.9166
6.23639 -1.363 0.957746 16.0166
6.28579 -1.35528 0.957127 16.1166
6.33519 -1.34757 0.956491 16.2166
6.38459 -1.33985 0.95584 16.3166
6.43399 -1.33212 0.955174 16.4166
6.48339 -1.3244 0.954494 16.5166
6.53279 -1.31668 0.953801 16.6166
6.58219 -1.30895 0.953096 16.7166
6.63159 -1.30122 0.952378 16.8166
6.68099 -1.2935 0.95165 16.9166
6.73039 -1.28577 0.95091 17.0166
6.77979 -1.27804 0.950161 17.1166
6.82919 -1.2703 0.949403 17.2166
6.87859 -1.26257 0.948636 17.3166
6.92799 -1.25484 0.94786 17.4166
6.97738 -1.2471 0.947076 17.5166
7.02678 -1.23936 0.946285 17.6166
7.07618 -1.23163 0.945487 17.7166
7.12558 -1.22389 0.944682 17.8166
7.17498 -1.21615 0.943871 17.9166
7.22437 -1.20841 0.943054 18.0166
7.27377 -1.20067 0.942231 18.1166
7.32317 -1.19293 0.941403 18.2166
7.37256 -1.18519 0.940569 18.3166
7.42196 -1.17744 0.939731 18.4166
7.47136 -1.1697 0.938889 18.5166
7.52075 -1.16196 0.938042 18.6166
7.57015 -1.15421 0.937191 18.7166
7.61955 -1.14647 0.936336 18.8166
7.66894 -1.13872 0.935478 18.9166
7.71834 -1.13097 0.934616 19.0166
7.76774 -1.12323 0.933752 19.1166
7.81713 -1.11548 0.932884 19.2166
7.86653 -1.10773 0.932013 19.3166
7.91592 -1.09998 0.931139 19.4166
7.96532 -1.09224 0.930263 19.5166
8.01472 -1.08449 0.929385 19.6166
8.06411 -1.07674 0.928504 19.7166
8.11351 -1.06899 0.927621 19.8166
8.1629 -1.06124 0.926736 19.9166
8.2123 -1.05349 0.925849 20.0166
8.2617 -1.04574 0.924961 20.1166
8.31109 -1.03799 0.92407 20.2166
8.36049 -1.03024 0.923178 20.3166
8.40988 -1.02249 0.922284 20.4166
8.45928 -1.01474 0.921389 20.5166
8.50867 -1.00698 0.920493 20.6166
8.55807 -0.999232 0.919595 20.7166
8.60746 -0.99148 0.918696 20.8166
8.65686 -0.983728 0.917796 20.9166
8.70625 -0.975975 0.916895 21.0166
8.75565 -0.968222 0.915992 21.1166
8.80505 -0.96047 0.915089 21.2166
8.85444 -0.952717 0.914185 21.3166
8.90384 -0.944963 0.91328 21.4166
8.95323 -0.93721 0.912374 21.5166
9.00263 -0.929457 0.911467 21.6166
9.05202 -0.921703 0.91056 21.7166
9.10142 -0.913949 0.909652 21.8166
9.15081 -0.906195 0.908743 21.9166
9.20021 -0.898441 0.907833 22.0166
9.2496 -0.890687 0.906923 22.1166
9.299 -0.882933 0.906013 22.2166
9.34839 -0.875179 0.905102 22.3166
9.39779 -0.867424 0.90419 22.4166
9.44718 -0.85967 0.903278 22.5166
9.49658 -0.851915 0.902366 22.6166
9.54597 -0.84416 0.901453 22.7166
9.59537 -0.836406 0.900539 22.8166
9.64476 -0.828651 0.899626 22.9166
9.69416 -0.820896 0.898712 23.0166
9.74355 -0.813141 0.897797 23.1166
9.79295 -0.805386 0.896883 23.2166
9.84234 -0.797631 0.895968 23.3166
9.89174 -0.789875 0.895052 23.4166
9.94113 -0.78212 0.894137 23.5166
9.99053 -0.774365 0.893221 23.6166
10.0399 -0.766609 0.892305 23.7166
10.0893 -0.758854 0.891389 23.8166
10.1387 -0.751098 0.890472 23.9166
10.1881 -0.743343 0.889555 24.0166
10.2375 -0.735587 0.888639 24.1166
10.2869 -0.727832 0.887722 24.2166
10.3363 -0.720076 0.886804 24.3166
10.3857 -0.71232 0.885887 24.4166
10.4351 -0.704565 0.884969 24.5166
10.4845 -0.696809 0.884052 24.6166
10.5339 -0.689053 0.883134 24.7166
10.5833 -0.681297 0.882216 24.8166
10.6327 -0.673541 0.881298 24.9166
10.6821 -0.665785 0.88038 25.0166
10.7314 -0.658029 0.879461 25.1166
10.7808 -0.650274 0.878543 25.2166
10.8302 -0.642518 0.877625 25.3166
10.8796 -0.634762 0.876706 25.4166
10.929 -0.627006 0.875787 25.5166
10.9784 -0.619249 0.874869 25.6166
11.0278 -0.611493 0.87395 25.7166
11.0772 -0.603737 0.873031 25.8166
11.1266 -0.595981 0.872112 25.9166
11.176 -0.588225 0.871193 26.0166
11.2254 -0.580469 0.870274 26.1166
11.2748 -0.572713 0.869355 26.2166
11.3242 -0.564957 0.868435 26.3166
11.3736 -0.5572 0.867516 26.4166
11.423 -0.549444 0.866597 26.5166
11.4724 -0.541688 0.865677 26.6166
11.5218 -0.533932 0.864758 26.7166
11.5712 -0.526175 0.863839 26.8166
11.6206 -0.518419 0.862919 26.9166
11.6699 -0.510663 0.862 27.0166
11.7193 -0.502907 0.86108 27.1166
11.7687 -0.49515 0.860161 27.2166
11.8181 -0.487394 0.859241 27.3166
11.8675 -0.479638 0.858321 27.4166
11.9169 -0.471881 0.857402 27.5166
11.9663 -0.464125 0.856482 27.6166
12.0157 -0.456369 0.855562 27.7166
12.0651 -0.448612 0.854642 27.8166
12.1145 -0.440856 0.853723 27.9166
12.1639 -0.4331 0.852803 28.0166
12.2133 -0.425343 0.851883 28.1166
12.2627 -0.417587 0.850963 28.2166
12.3121 -0.40983 0.850043 28.3166
12.3615 -0.402074 0.849124 28.4166
12.4109 -0.394318 0.848204 28.5166
12.4603 -0.386561 0.847284 28.6166
12.5097 -0.378805 0.846364 28.7166
12.5591 -0.371048 0.845444 28.8166
12.6084 -0.363292 0.844524 28.9166
12.6578 -0.355536 0.843604 29.0166
12.7072 -0.347779 0.842684 29.1166
12.7566 -0.340023 0.841764 29.2166
12.806 -0.332266 0.840844 29.3166
12.8554 -0.32451 0.839924 29.4166
12.9048 -0.316753 0.839004 29.5166
12.9542 -0.308997 0.838084 29.6166
13.0036 -0.301241 0.837164 29.7166
13.053 -0.293484 0.836244 29.8166
13.1024 -0.285728 0.835324 29.9166
13.1518 -0.277971 0.834404 30.0166
13.2012 -0.270215 0.833484 30.1166
13.2506 -0.262458 0.832564 30.2166
13.3 -0.254702 0.831644 30.3166
13.3494 -0.246945 0.830724 30.4166
13.3988 -0.239189 0.829804 30.5166
13.4482 -0.231432 0.828884 30.6166
13.4976 -0.223676 0.827964 30.7166
13.5469 -0.215919 0.827044 30.8166
13.5963 -0.208163 0.826123 30.9166
13.6457 -0.200406 0.825203 31.0166
13.6951 -0.19265 0.824283 31.1166
13.7445 -0.184893 0.823363 31.2166
13.7939 -0.177137 0.822443 31.3166
13.8433 -0.169381 0.821523 31.4166
13.8927 -0.161624 0.820603 31.5166
13.9421 -0.153868 0.819683 31.6166
13.9915 -0.146111 0.818763 31.7166
14.0409 -0.138355 0.817843 31.8166
14.0903 -0.130598 0.816922 31.9166
14.1397 -0.122842 0.816002 32.0166
14.1891 -0.115085 0.815082 32.1166
14.2385 -0.107329 0.814162 32.2166
14.2879 -0.0995721 0.813242 32.3166
14.3373 -0.0918156 0.812322 32.4166
14.3867 -0.0840591 0.811402 32.5166
14.4361 -0.0763026 0.810482 32.6166
14.4854 -0.0685461 0.809562 32.7166
14.5348 -0.0607896 0.808641 32.8166
14.5842 -0.0530331 0.807721 32.9166
14.6336 -0.0452766 0.806801 33.0166
14.683 -0.0375201 0.805881 33.1166
14.7324 -0.0297636 0.804961 33.2166
14.791 -0.0353668 0.796565 33.3166
14.8481 -0.0375769 0.790773 33.4166
14.9039 -0.0385876 0.786745 33.5166
