1.09686 0.576285 0.907 1.38806e+09
1.15483 0.579583 0.904808 1.38806e+09
1.21174 0.581791 0.903252 1.38806e+09
1.26735 0.586852 0.902131 1.38806e+09
1.32213 0.608279 0.899936 1.38806e+09
1.3753 0.629519 0.898396 1.38806e+09
1.42754 0.649545 0.897311 1.38806e+09
1.47917 0.668129 0.896544 1.38806e+09
1.53035 0.685359 0.895999 1.38806e+09
1.58117 0.701428 0.895607 1.38806e+09
1.63168 0.716549 0.895322 1.38806e+09
1.68192 0.730923 0.895112 1.38806e+09
1.73193 0.744723 0.894954 1.38806e+09
1.78172 0.758093 0.894832 1.38806e+09
1.83132 0.771153 0.894736 1.38806e+09
1.88076 0.784 0.894657 1.38806e+09
1.93005 0.796712 0.894591 1.38806e+09
1.97921 0.809353 0.894534 1.38806e+09
2.02824 0.82197 0.894482 1.38806e+09
2.07716 0.834604 0.894435 1.38806e+09
2.12598 0.847285 0.894392 1.38806e+09
2.17471 0.860036 0.89435 1.38806e+09
2.22335 0.872875 0.89431 1.38806e+09
2.27191 0.885816 0.894271 1.38806e+09
2.32041 0.898868 0.894233 1.38806e+09
2.36883 0.912038 0.894196 1.38806e+09
2.41719 0.925329 0.894159 1.38806e+09
2.46549 0.938744 0.894123 1.38806e+09
2.51373 0.952284 0.894087 1.38806e+09
2.56192 0.965948 0.894051 1.38806e+09
2.61006 0.979734 0.894016 1.38806e+09
2.65815 0.993641 0.893981 1.38806e+09
2.7062 1.00767 0.893946 1.38806e+09
2.7542 1.02181 0.893911 1.38806e+09
2.80217 1.03606 0.893876 1.38806e+09
2.85009 1.05042 0.893841 1.38806e+09
2.89798 1.06488 0.893807 1.38806e+09
2.94584 1.07945 0.893772 1.38806e+09
2.99366 1.09411 0.893738 1.38806e+09
3.04145 1.10886 0.893704 1.38806e+09
3.08921 1.12371 0.89367 1.38806e+09
3.13694 1.13863 0.893636 1.38806e+09
3.18464 1.15365 0.893602 1.38806e+09
3.23232 1.16873 0.893568 1.38806e+09
3.27997 1.1839 0.893535 1.38806e+09
3.3276 1.19914 0.893501 1.38806e+09
3.3752 1.21444 0.893468 1.38806e+09
3.42279 1.22981 0.893434 1.38806e+09
3.47035 1.24525 0.893401 1.38806e+09
3.51789 1.26074 0.893367 1.38806e+09
3.56541 1.27629 0.893334 1.38806e+09
3.61292 1.2919 0.893301 1.38806e+09
3.6604 1.30756 0.893268 1.38806e+09
3.70787 1.32326 0.893234 1.38806e+09
3.75533 1.33902 0.893201 1.38806e+09
3.80276 1.35482 0.893168 1.38806e+09
3.85019 1.37066 0.893135 1.38806e+09
3.905 1.39205 0.891121 1.38806e+09
3.9588 1.41213 0.889792 1.38806e+09
4.01224 1.42958 0.888927 1.38806e+09
4.06555 1.44389 0.888376 1.38806e+09
4.11875 1.45499 0.888038 1.38806e+09
4.1718 1.46294 0.887843 1.38806e+09
4.22462 1.46788 0.887745 1.38806e+09
4.27713 1.46995 0.88771 1.38806e+09
4.3348 1.47774 0.885469 1.38806e+09
4.39147 1.48124 0.883852 1.38806e+09
4.4471 1.48222 0.882664 1.38806e+09
4.5018 1.48162 0.881767 1.38806e+09
4.55569 1.47997 0.881065 1.38806e+09
4.6089 1.47759 0.880494 1.38806e+09
4.66156 1.47467 0.880008 1.38806e+09
4.71374 1.47136 0.879576 1.38806e+09
4.76553 1.46776 0.879176 1.38806e+09
4.81699 1.46394 0.878795 1.38806e+09
4.86818 1.45996 0.878422 1.38806e+09
4.91914 1.45587 0.878051 1.38806e+09
4.96991 1.45169 0.877678 1.38806e+09
5.02053 1.44747 0.877299 1.38806e+09
5.07101 1.44322 0.876913 1.38806e+09
5.12139 1.43896 0.87652 1.38806e+09
5.17168 1.4347 0.876118 1.38806e+09
5.22189 1.43045 0.875707 1.38806e+09
5.27204 1.42623 0.875288 1.38806e+09
5.32214 1.42203 0.874861 1.38806e+09
5.37219 1.41787 0.874426 1.38806e+09
5.42222 1.41374 0.873983 1.38806e+09
5.47221 1.40964 0.873532 1.38806e+09
5.52219 1.40559 0.873075 1.38806e+09
5.57214 1.40157 0.872611 1.38806e+09
5.62208 1.3976 0.87214 1.38806e+09
5.672 1.39366 0.871664 1.38806e+09
5.72192 1.38976 0.871181 1.38806e+09
5.77183 1.3859 0.870694 1.38806e+09
5.82173 1.38208 0.870201 1.38806e+09
5.87162 1.3783 0.869704 1.38806e+09
5.92152 1.37455 0.869202 1.38806e+09
5.97141 1.37084 0.868696 1.38806e+09
6.02129 1.36716 0.868185 1.38806e+09
6.07118 1.36351 0.867671 1.38806e+09
6.12107 1.35989 0.867154 1.38806e+09
6.17095 1.3563 0.866633 1.38806e+09
6.22084 1.35274 0.866109 1.38806e+09
6.27072 1.34921 0.865581 1.38806e+09
6.32061 1.3457 0.865051 1.38806e+09
6.37049 1.34222 0.864518 1.38806e+09
6.42038 1.33876 0.863983 1.38806e+09
6.47026 1.33533 0.863445 1.38806e+09
6.52015 1.33192 0.862905 1.38806e+09
6.57004 1.32853 0.862363 1.38806e+09
6.61993 1.32516 0.861819 1.38806e+09
6.66982 1.3218 0.861273 1.38806e+09
6.71971 1.31847 0.860725 1.38806e+09
6.7696 1.31516 0.860175 1.38806e+09
6.81949 1.31186 0.859624 1.38806e+09
6.86939 1.30857 0.859071 1.38806e+09
6.91928 1.30531 0.858517 1.38806e+09
6.96918 1.30205 0.857961 1.38806e+09
7.01907 1.29881 0.857405 1.38806e+09
7.06897 1.29559 0.856846 1.38806e+09
7.11887 1.29237 0.856287 1.38806e+09
7.16876 1.28917 0.855727 1.38806e+09
7.21866 1.28598 0.855166 1.38806e+09
7.26856 1.2828 0.854603 1.38806e+09
7.31846 1.27963 0.85404 1.38806e+09
7.36836 1.27647 0.853476 1.38806e+09
7.41826 1.27332 0.852911 1.38806e+09
7.46816 1.27018 0.852345 1.38806e+09
7.51807 1.26705 0.851779 1.38806e+09
7.56797 1.26393 0.851212 1.38806e+09
7.61787 1.26081 0.850644 1.38806e+09
7.66777 1.25771 0.850075 1.38806e+09
7.71768 1.25461 0.849506 1.38806e+09
7.76758 1.25151 0.848937 1.38806e+09
7.81749 1.24843 0.848367 1.38806e+09
7.86739 1.24534 0.847796 1.38806e+09
7.9173 1.24227 0.847225 1.38806e+09
7.9672 1.2392 0.846654 1.38806e+09
8.01711 1.23614 0.846082 1.38806e+09
8.06702 1.23308 0.84551 1.38806e+09
8.11692 1.23002 0.844937 1.38806e+09
8.16683 1.22697 0.844364 1.38806e+09
8.21674 1.22393 0.843791 1.38806e+09
8.26664 1.22089 0.843217 1.38806e+09
8.31655 1.21785 0.842643 1.38806e+09
8.36646 1.21482 0.842069 1.38806e+09
8.41637 1.21179 0.841495 1.38806e+09
8.46628 1.20877 0.84092 1.38806e+09
8.51618 1.20575 0.840345 1.38806e+09
8.56609 1.20273 0.83977 1.38806e+09
8.616 1.19971 0.839194 1.38806e+09
8.66591 1.1967 0.838619 1.38806e+09
8.71582 1.19369 0.838043 1.38806e+09
8.76573 1.19068 0.837467 1.38806e+09
8.81564 1.18768 0.836891 1.38806e+09
8.86555 1.18467 0.836315 1.38806e+09
8.91546 1.18167 0.835738 1.38806e+09
8.96537 1.17868 0.835162 1.38806e+09
9.01528 1.17568 0.834585 1.38806e+09
9.06519 1.17269 0.834008 1.38806e+09
9.1151 1.1697 0.833431 1.38806e+09
9.16501 1.16671 0.832854 1.38806e+09
9.21492 1.16372 0.832277 1.38806e+09
9.26483 1.16073 0.831699 1.38806e+09
9.31474 1.15775 0.831122 1.38806e+09
9.36465 1.15476 0.830545 1.38806e+09
9.41457 1.15178 0.829967 1.38806e+09
9.46448 1.1488 0.829389 1.38806e+09
9.51439 1.14582 0.828812 1.38806e+09
9.5643 1.14285 0.828234 1.38806e+09
9.61421 1.13987 0.827656 1.38806e+09
9.66412 1.13689 0.827078 1.38806e+09
9.71403 1.13392 0.8265 1.38806e+09
9.76394 1.13094 0.825922 1.38806e+09
9.81386 1.12797 0.825344 1.38806e+09
9.86377 1.125 0.824766 1.38806e+09
9.91368 1.12203 0.824188 1.38806e+09
9.96359 1.11906 0.82361 1.38806e+09
10.0135 1.11609 0.823031 1.38806e+09
10.0634 1.11312 0.822453 1.38806e+09
10.1133 1.11016 0.821875 1.38806e+09
10.1632 1.10719 0.821296 1.38806e+09
10.2132 1.10422 0.820718 1.38806e+09
10.2631 1.10126 0.820139 1.38806e+09
10.313 1.09829 0.819561 1.38806e+09
10.3629 1.09533 0.818982 1.38806e+09
10.4128 1.09237 0.818404 1.38806e+09
10.4627 1.0894 0.817825 1.38806e+09
10.5126 1.08644 0.817247 1.38806e+09
10.5625 1.08348 0.816668 1.38806e+09
10.6124 1.08052 0.816089 1.38806e+09
10.6624 1.07756 0.815511 1.38806e+09
10.7123 1.07459 0.814932 1.38806e+09
10.7622 1.07163 0.814353 1.38806e+09
10.8121 1.06867 0.813775 1.38806e+09
10.862 1.06571 0.813196 1.38806e+09
10.9119 1.06276 0.812617 1.38806e+09
10.9618 1.0598 0.812038 1.38806e+09
11.0117 1.05684 0.81146 1.38806e+09
11.0617 1.05388 0.810881 1.38806e+09
11.1116 1.05092 0.810302 1.38806e+09
11.1615 1.04796 0.809723 1.38806e+09
11.2114 1.04501 0.809144 1.38806e+09
11.2613 1.04205 0.808565 1.38806e+09
11.3112 1.03909 0.807987 1.38806e+09
11.3611 1.03614 0.807408 1.38806e+09
11.411 1.03318 0.806829 1.38806e+09
11.461 1.03022 0.80625 1.38806e+09
11.5109 1.02727 0.805671 1.38806e+09
11.5608 1.02431 0.805092 1.38806e+09
11.6107 1.02135 0.804513 1.38806e+09
11.6606 1.0184 0.803934 1.38806e+09
11.7105 1.01544 0.803356 1.38806e+09
11.7604 1.01249 0.802777 1.38806e+09
11.8103 1.00953 0.802198 1.38806e+09
11.8675 1.01794 0.800177 1.38806e+09
