1388035598.147785387 0.0368114 0.828881 0.875 -166.55 0 0.13808  0.145763 -0.484242 7
1388035598.247773840 0.0411694 0.84615 0.89 -166.204 0.0435843 0.172711  0.150017 0.0603968 7
1388035598.347769431 0.0455333 0.86466 0.899 -166.119 0.0436408 0.185115  0.090004 0.0148345 7
1388035598.447772459 0.0435077 0.88544 0.968 -167.981 -0.0202554 0.20779  0.689979 -0.32497 7
1388035598.547780120 0.04773 0.841918 1.012 -179.24 0.0422203 -0.435186  0.439966 -1.96492 7
1388035598.647770037 0.039887 0.802914 1.019 167.987 -0.0784383 -0.390081  0.0700071 60.6087 7
1388035598.747766739 0.0210361 0.763087 1.002 153.15 -0.188515 -0.39828  -0.170006 -2.58963 7
1388035598.847779785 -0.000794235 0.740372 0.987 136.24 -0.218275 -0.227123  -0.14998 -2.95096 7
1388035598.947772517 -0.0614519 0.717574 0.981 113.374 -0.60662 -0.227996  -0.0600044 -3.99116 7
1388035599.047776807 -0.187363 0.683743 0.973 91.512 -1.25905 -0.3383  -0.0799966 -3.81548 7
1388035599.147784284 -0.302768 0.675396 0.967 86.167 -1.15397 -0.0834591  -0.0599955 -0.932809 7
1388035599.247777849 -0.283374 0.673759 0.961 69.796 0.193954 -0.016374  -0.0600039 -2.85746 7
1388035599.347761199 -0.241341 0.670469 0.981 72.851 0.420401 -0.0328985  0.200033 0.533287 7
1388035599.447780510 -0.192331 0.649389 0.998 79.328 0.490009 -0.210763  0.169967 1.13023 3
1388035599.547771490 -0.131222 0.617016 1.048 87.217 0.611147 -0.323765  0.500045 1.37701 8
1388035599.647765890 -0.072531 0.594387 1.09 95.355 0.586939 -0.2263  0.420024 1.42043 8
1388035599.747772889 -0.0192883 0.568877 1.126 103.146 0.532389 -0.255077  0.359975 1.35969 8
1388035599.847770078 0.0145695 0.549784 1.203 110.428 0.338588 -0.190937  0.770022 1.27098 8
1388035599.947763153 0.0145695 0.549784 0 109.515 0 0  -12.0308 -0.15936 0
1388035600.047781658 0.0145695 0.549784 0 103.63 0 0  0 -1.02694 0
1388035600.147793545 0.0145695 0.549784 0 55.723 0 0  0 -8.36035 0
1388035600.247772339 0.0145695 0.549784 0 12.679 0 0  0 -7.51419 0
1388035600.347779961 0.0145695 0.549784 0 -46.582 0 0  0 -10.3422 0
1388035600.447770360 0.0145695 0.549784 0 -63.564 0 0  0 -2.9642 0
1388035600.547770502 0.0145695 0.549784 0 -67.466 0 0  0 -0.681027 0
1388035600.647780767 0.0145695 0.549784 0 -67.259 0 0  0 0.0361247 0
1388035600.747777173 0.0145695 0.549784 0 -66.769 0 0  0 0.0855252 0
1388035600.847773702 0.0145695 0.549784 0 -60.702 0 0  0 1.05893 0
1388035600.947784138 0.0145695 0.549784 0 -57.667 0 0  0 0.529652 0
1388035601.047777916 0.0145695 0.549784 0 -60.554 0 0  0 -0.503908 0
1388035601.147770270 0.0145695 0.549784 0 -60.621 0 0  0 -0.0116942 0
1388035601.247782526 0.0145695 0.549784 0 -61.931 0 0  0 -0.22861 0
1388035601.347773174 0.0145695 0.549784 0 -61.96 0 0  0 -0.00506181 0
1388035601.447770219 0.0145695 0.549784 0 -61.908 0 0  0 0.00907566 0
1388035601.547784230 0.0145695 0.549784 0 -61.898 0 0  0 0.00174546 0
1388035601.647777207 0.0145695 0.549784 0 -61.877 0 0  0 0.00366543 0
1388035601.747757392 0.0145695 0.549784 0 -61.859 0 0  0 0.00314182 0
1388035601.847773910 0.0145695 0.549784 0 -61.84 0 0  0 0.00331575 0
1388035601.947774305 0.0145695 0.549784 0 -61.825 0 0  0 0.00261788 0
1388035602.047772141 0.0145695 0.549784 0 -61.8 0 0  0 0.00436368 0
1388035602.147780506 0.0145695 0.549784 0 -61.772 0 0  0 0.00488649 0
1388035602.247776956 0.0145695 0.549784 0 -61.751 0 0  0 0.00366531 0
1388035602.347771753 0.0145695 0.549784 0 -61.732 0 0  0 0.00331647 0
1388035602.447780563 0.0145695 0.549784 0 -61.712 0 0  0 0.00348977 0
1388035602.547776553 0.0145695 0.549784 0 -61.681 0 0  0 0.00541109 0
1388035602.647774457 0.0145695 0.549784 0 -61.661 0 0  0 0.00349081 0
1388035602.747771766 0.0145695 0.549784 0 -61.625 0 0  0 0.00628323 0
1388035602.847770979 0.0145695 0.549784 0 -61.596 0 0  0 0.00506138 0
1388035602.947772280 0.0145695 0.549784 0 -61.577 0 0  0 0.00331626 0
1388035603.047772248 0.0145695 0.549784 0 -61.542 0 0  0 0.00610863 0
1388035603.147766186 0.0145695 0.549784 0 -61.515 0 0  0 0.00471275 0
1388035603.247764053 0.0145695 0.549784 0 -61.484 0 0  0 0.00541033 0
1388035603.347769615 0.0145695 0.549784 0 -61.463 0 0  0 0.00366497 0
1388035603.447771299 0.0145695 0.549784 0 -61.425 0 0  0 0.00663249 0
1388035603.547771058 0.0145695 0.549784 0 -61.402 0 0  0 0.00401406 0
1388035603.647770635 0.0145695 0.549784 0 -61.37 0 0  0 0.00558534 0
1388035603.747773256 0.0145695 0.549784 0 -61.342 0 0  0 0.00488677 0
1388035603.847783479 0.0145695 0.549784 0 -61.315 0 0  0 0.00471198 0
1388035603.947769649 0.0145695 0.549784 0 -61.298 0 0  0 0.00296717 0
1388035604.047776167 0.0145695 0.549784 0 -61.264 0 0  0 0.0059338 0
1388035604.147774693 0.0145695 0.549784 0 -61.232 0 0  0 0.0055854 0
1388035604.247769653 0.0145695 0.549784 0 -61.2 0 0  0 0.00558493 0
1388035604.347769469 0.0145695 0.549784 0 -61.173 0 0  0 0.00471247 0
1388035604.447770713 0.0145695 0.549784 0 -61.154 0 0  0 0.00331626 0
1388035604.547772341 0.0145695 0.549784 0 -61.115 0 0  0 0.00680626 0
1388035604.647772381 0.0145695 0.549784 0 -61.079 0 0  0 0.00628373 0
1388035604.747770264 0.0145695 0.549784 0 -61.048 0 0  0 0.00541033 0
1388035604.847771991 0.0145695 0.549784 0 -61.013 0 0  0 0.00610852 0
1388035604.947770042 0.0145695 0.549784 0 -60.995 0 0  0 0.00314193 0
1388035605.047776082 0.0145695 0.549784 0 -60.957 0 0  0 0.00663154 0
1388035605.147770890 0.0145695 0.549784 0 -60.916 0 0  0 0.00715629 0
1388035605.247764929 0.0145695 0.549784 0 -60.886 0 0  0 0.00523609 0
1388035605.347769202 0.0145695 0.549784 0 -60.854 0 0  0 0.00558508 0
1388035605.447771735 0.0145695 0.549784 0 -60.835 0 0  0 0.00331622 0
1388035605.547771123 0.0145695 0.549784 0 -60.794 0 0  0 0.00715596 0
1388035605.647767254 0.0145695 0.549784 0 -60.757 0 0  0 0.00645775 0
1388035605.747764234 0.0145695 0.549784 0 -60.725 0 0  0 0.00558548 0
1388035605.847768219 0.0145695 0.549784 0 -60.702 0 0  0 0.00401389 0
1388035605.947770399 0.0145695 0.549784 0 -60.676 0 0  0 0.00453793 0
1388035606.047772563 0.0145695 0.549784 0 -60.639 0 0  0 0.00645736 0
1388035606.147765760 0.0145695 0.549784 0 -60.605 0 0  0 0.00593459 0
1388035606.247757504 0.0145695 0.549784 0 -60.576 0 0  0 0.00506176 0
1388035606.347771616 0.0145695 0.549784 0 -60.542 0 0  0 0.00593335 0
1388035606.447769938 0.0145695 0.549784 0 -60.525 0 0  0 0.00296681 0
1388035606.547770622 0.0145695 0.549784 0 -60.485 0 0  0 0.00698143 0
1388035606.647772614 0.0145695 0.549784 0 -60.452 0 0  0 0.00575964 0
1388035606.747774078 0.0145695 0.549784 0 -60.419 0 0  0 0.00575967 0
1388035606.847771345 0.0145695 0.549784 0 -60.39 0 0  0 0.00506148 0
1388035606.947771166 0.0145695 0.549784 0 -60.372 0 0  0 0.0031412 0
1388035607.047772196 0.0145695 0.549784 0 -60.338 0 0  0 0.00593413 0
1388035607.147772321 0.0145695 0.549784 0 -60.303 0 0  0 0.00610862 0
1388035607.247769159 0.0145695 0.549784 0 -60.281 0 0  0 0.0038404 0
1388035607.347785389 0.0145695 0.549784 0 -60.259 0 0  0 0.00383899 0
1388035607.447759692 0.0145695 0.549784 0 -60.218 0 0  0 0.00715775 0
1388035607.547764740 0.0145695 0.549784 0 -60.189 0 0  0 0.00506108 0
1388035607.647764181 0.0145695 0.549784 0 -60.144 0 0  0 0.00785371 0
1388035607.747764690 0.0145695 0.549784 0 -60.116 0 0  0 0.00488688 0
1388035607.847770379 0.0145695 0.549784 0 -60.081 0 0  0 0.00610828 0
1388035607.947771783 0.0145695 0.549784 0 -60.055 0 0  0 0.00453796 0
1388035608.047770318 0.0145695 0.549784 0 -60.022 0 0  0 0.00575984 0
1388035608.147763971 0.0145695 0.549784 0 -59.99 0 0  0 0.005585 0
1388035608.247763699 0.0145695 0.549784 0 -59.96 0 0  0 0.00523645 0
1388035608.347770671 0.0145695 0.549784 0 -59.925 0 0  0 0.0061082 0
1388035608.447771684 0.0145695 0.549784 0 -59.902 0 0  0 0.00401401 0
1388035608.547765879 0.0145695 0.549784 0 -59.865 0 0  0 0.00645787 0
1388035608.647765885 0.0145695 0.549784 0 -59.834 0 0  0 0.00541088 0
1388035608.747766662 0.0145695 0.549784 0 -59.804 0 0  0 0.00523573 0
1388035608.847764218 0.0145695 0.549784 0 -59.796 0 0  0 0.0013962 0
1388035608.947771075 0.0145695 0.549784 0 -59.756 0 0  0 0.006981 0
1388035609.047775444 0.0145695 0.549784 0 -59.814 0 0  0 -0.0101222 0
1388035609.147773336 0.0145695 0.549784 0 -63.264 0 0  0 -0.602151 0
1388035609.247771829 0.0145695 0.549784 0 -77.878 0 0  0 -2.55066 0
1388035609.347771233 0.0145695 0.549784 0 -96.667 0 0  0 -3.27932 0
1388035609.447771391 0.0145695 0.549784 0 -113.964 0 0  0 -3.01889 0
1388035609.547771300 0.0145695 0.549784 0 -140.766 0 0  0 -4.67784 0
1388035609.647766208 0.0145695 0.549784 0 -157.496 0 0  0 -2.92008 0
1388035609.747765201 0.0145695 0.549784 0 -174.815 0 0  0 -3.02277 0
1388035609.847771197 0.0145695 0.549784 0 178.847 0 0  0 61.722 0
1388035609.947772351 0.0145695 0.549784 0 168.62 0 0  0 -1.78493 0
1388035610.047771795 0.0145695 0.549784 0 164.78 0 0  0 -0.67021 0
1388035610.147773364 0.0145695 0.549784 0 159.563 0 0  0 -0.910523 0
1388035610.247770302 0.0145695 0.549784 0 157.985 0 0  0 -0.275422 0
1388035610.347771631 0.0145695 0.549784 0 158.665 0 0  0 0.11868 0
1388035610.447772064 0.0145695 0.549784 0 158.448 0 0  0 -0.0378726 0
1388035610.547772195 0.0145695 0.549784 0 157.072 0 0  0 -0.240156 0
1388035610.647764300 0.0145695 0.549784 0 154.287 0 0  0 -0.486113 0
1388035610.747765202 0.0145695 0.549784 0 153.513 0 0  0 -0.135088 0
1388035610.847771128 0.0145695 0.549784 0 148.044 0 0  0 -0.954463 0
1388035610.947771655 0.0145695 0.549784 0 141.331 0 0  0 -1.17164 0
1388035611.047780274 0.0145695 0.549784 0 134.093 0 0  0 -1.26316 0
1388035611.147790881 0.0145695 0.549784 0 126.308 0 0  0 -1.3586 0
1388035611.247765301 0.0145695 0.549784 0 120.054 0 0  0 -1.09181 0
1388035611.347773581 0.0145695 0.549784 0 113.903 0 0  0 -1.07346 0
1388035611.447772304 0.0145695 0.549784 0 104.902 0 0  0 -1.57099 0
1388035611.547794176 0.0145695 0.549784 0 97.684 0 0  0 -1.2595 0
1388035611.647772248 0.0145695 0.549784 0 93.761 0 0  0 -0.684842 0
1388035611.747771552 0.0145695 0.549784 0 92.737 0 0  0 -0.178723 0
1388035611.847771669 0.0145695 0.549784 0 93.463 0 0  0 0.12671 0
1388035611.947771109 0.0145695 0.549784 0 93.976 0 0  0 0.089536 0
1388035612.047767174 0.0145695 0.549784 0 94.296 0 0  0 0.0558527 0
1388035612.147764510 0.0145695 0.549784 0 94.235 0 0  0 -0.0106463 0
1388035612.247772375 0.0145695 0.549784 0 94.249 0 0  0 0.00244326 0
1388035612.347772212 0.0145695 0.549784 0 95.181 0 0  0 0.162665 0
1388035612.447772103 0.0145695 0.549784 0 96.661 0 0  0 0.25831 0
1388035612.547770235 0.0145695 0.549784 0 94.312 0 0  0 -0.409987 0
1388035612.647770697 0.0145695 0.549784 0 91.799 0 0  0 -0.438598 0
1388035612.747770136 0.0145695 0.549784 0 88.638 0 0  0 -0.551702 0
1388035612.847772206 0.0145695 0.549784 0 84.327 0 0  0 -0.752395 0
1388035612.947772005 0.0145695 0.549784 0 69.89 0 0  0 -2.51974 0
1388035613.047764388 0.0145695 0.549784 0 46.44 0 0  0 -4.09311 0
1388035613.147764033 0.0145695 0.549784 0 24.228 0 0  0 -3.87674 0
1388035613.247771648 0.0145695 0.549784 0 11.328 0 0  0 -2.2513 0
1388035613.347766975 0.0145695 0.549784 0 10.766 0 0  0 -0.0980921 0
1388035613.447773829 0.0145695 0.549784 0 13.968 0 0  0 0.558816 0
1388035613.547772785 0.0145695 0.549784 0 19.591 0 0  0 0.981409 0
1388035613.647772329 0.0145695 0.549784 0 25.107 0 0  0 0.962728 0
1388035613.747773789 0.0145695 0.549784 0 32.554 0 0  0 1.29973 0
1388035613.847772223 0.0145695 0.549784 0 39.44 0 0  0 1.20185 0
1388035613.947773361 0.0145695 0.549784 0 51.041 0 0  0 2.02473 0
1388035614.047769515 0.0145695 0.549784 0 55.39 0 0  0 0.759073 0
1388035614.147772465 0.0145695 0.549784 0 58.502 0 0  0 0.54313 0
1388035614.247766487 0.0145695 0.549784 0 61.477 0 0  0 0.519267 0
1388035614.347771341 0.0145695 0.549784 0 62.437 0 0  0 0.167543 0
1388035614.447764844 0.0145695 0.549784 0 66.909 0 0  0 0.780561 0
1388035614.547770123 0.0145695 0.549784 0 67.647 0 0  0 0.1288 0
1388035614.647771953 0.0145695 0.549784 0 73.383 0 0  0 1.0011 0
1388035614.747771325 0.0145695 0.549784 0 74.69 0 0  0 0.228116 0
1388035614.847773613 0.0145695 0.549784 0 80.948 0 0  0 1.0922 0
1388035614.947770333 0.0145695 0.549784 0 84.681 0 0  0 0.651553 0
1388035615.047762277 0.0145695 0.549784 0 93.494 0 0  0 1.53828 0
1388035615.147767850 0.0145695 0.549784 0 95.223 0 0  0 0.30175 0
1388035615.247772264 0.0145695 0.549784 0 114.992 0 0  0 3.45019 0
1388035615.347775642 0.0145695 0.549784 0 125.02 0 0  0 1.75016 0
1388035615.447771630 0.0145695 0.549784 0 135.912 0 0  0 1.90109 0
1388035615.547769521 0.0145695 0.549784 0 153.043 0 0  0 2.98999 0
1388035615.647771699 0.0145695 0.549784 0 156.283 0 0  0 0.565475 0
1388035615.747766643 0.0145695 0.549784 0 169.584 0 0  0 2.32158 0
1388035615.847769533 0.0145695 0.549784 0 175.374 0 0  0 1.01052 0
1388035615.947768398 0.0145695 0.549784 0 -178.295 0 0  0 -61.7276 0
1388035616.047762381 0.0145695 0.549784 0 -175.583 0 0  0 0.473363 0
1388035616.147768011 0.0145695 0.549784 0 -169.762 0 0  0 1.0159 0
1388035616.247774711 0.0145695 0.549784 0 -165.465 0 0  0 0.749917 0
1388035616.347773354 0.0145695 0.549784 0 -162.076 0 0  0 0.591499 0
1388035616.447756571 0.0145695 0.549784 0 -160.134 0 0  0 0.339 0
1388035616.547765588 0.0145695 0.549784 0 -157.049 0 0  0 0.538387 0
1388035616.647772103 0.0145695 0.549784 0 -154.44 0 0  0 0.455326 0
1388035616.747771121 0.0145695 0.549784 0 -155.532 0 0  0 -0.190591 0
1388035616.847772819 0.0145695 0.549784 0 -159.586 0 0  0 -0.707545 0
1388035616.947773219 0.0145695 0.549784 0 -165.397 0 0  0 -1.01421 0
1388035617.047782624 0.0145695 0.549784 0 -171.482 0 0  0 -1.06193 0
1388035617.147777662 0.0145695 0.549784 0 -176.124 0 0  0 -0.810222 0
1388035617.247770331 0.0145695 0.549784 0 -179.202 0 0  0 -0.537252 0
1388035617.347764600 0.0145695 0.549784 0 178.956 0 0  0 62.5139 0
1388035617.447760792 0.0145695 0.549784 0 -178.484 0 0  0 -62.3874 0
1388035617.547760736 0.0145695 0.549784 0 -175.742 0 0  0 0.478568 0
1388035617.647772390 0.0145695 0.549784 0 -174.667 0 0  0 0.1876 0
1388035617.747768217 0.0145695 0.549784 0 -175.187 0 0  0 -0.090759 0
1388035617.847773036 0.0145695 0.549784 0 -175.107 0 0  0 0.0139623 0
1388035617.947772911 0.0145695 0.549784 0 -177.3 0 0  0 -0.382753 0
1388035618.047771712 0.0145695 0.549784 0 178.214 0 0  0 62.0496 0
1388035618.147764927 0.0145695 0.549784 0 172.331 0 0  0 -1.02685 0
1388035618.247771160 0.0145695 0.549784 0 168.843 0 0  0 -0.608731 0
1388035618.347774416 0.0145695 0.549784 0 159.774 0 0  0 -1.58279 0
1388035618.447772134 0.0145695 0.549784 0 147.755 0 0  0 -2.09776 0
1388035618.547758856 0.0145695 0.549784 0 139.633 0 0  0 -1.41775 0
1388035618.647770467 0.0145695 0.549784 0 137.241 0 0  0 -0.417434 0
1388035618.747774508 0.0145695 0.549784 0 138.286 0 0  0 0.182379 0
1388035618.847772658 0.0145695 0.549784 0 143.223 0 0  0 0.861687 0
1388035618.947763840 0.0145695 0.549784 0 145.287 0 0  0 0.360267 0
1388035619.047772308 0.0145695 0.549784 0 145.128 0 0  0 -0.0277478 0
1388035619.147764921 0.0145695 0.549784 0 144.389 0 0  0 -0.128989 0
1388035619.247770813 0.0145695 0.549784 0 143.432 0 0  0 -0.167018 0
1388035619.347772211 0.0145695 0.549784 0 140.677 0 0  0 -0.480832 0
1388035619.447772682 0.0145695 0.549784 0 138.401 0 0  0 -0.397235 0
1388035619.547768060 0.0145695 0.549784 0 134.043 0 0  0 -0.76065 0
1388035619.647765427 0.0145695 0.549784 0 125.414 0 0  0 -1.50608 0
1388035619.747767187 0.0145695 0.549784 0 121.277 0 0  0 -0.72203 0
1388035619.847765802 0.0145695 0.549784 0 118.102 0 0  0 -0.55415 0
1388035619.947759965 0.0145695 0.549784 0 119.464 0 0  0 0.237728 0
1388035620.047768765 0.0145695 0.549784 0 123.591 0 0  0 0.720235 0
1388035620.147763664 0.0145695 0.549784 0 124.611 0 0  0 0.178032 0
1388035620.247769722 0.0145695 0.549784 0 126.209 0 0  0 0.278887 0
1388035620.347769040 0.0145695 0.549784 0 130.87 0 0  0 0.813503 0
1388035620.447768108 0.0145695 0.549784 0 134.097 0 0  0 0.563224 0
1388035620.547765020 0.0145695 0.549784 0 135.583 0 0  0 0.259363 0
1388035620.647765887 0.0145695 0.549784 0 136.799 0 0  0 0.212231 0
1388035620.747772211 0.0145695 0.549784 0 137.765 0 0  0 0.168589 0
1388035620.847764740 0.0145695 0.549784 0 142.001 0 0  0 0.739378 0
1388035620.947757698 0.0145695 0.549784 0 148.24 0 0  0 1.08899 0
1388035621.047760469 0.0145695 0.549784 0 156.034 0 0  0 1.36027 0
1388035621.147770457 0.0145695 0.549784 0 163.847 0 0  0 1.36349 0
1388035621.247772252 0.0145695 0.549784 0 169.487 0 0  0 0.984348 0
1388035621.347772398 0.0145695 0.549784 0 177.387 0 0  0 1.37881 0
1388035621.447776869 0.0145695 0.549784 0 -177.957 0 0  0 -62.0165 0
1388035621.547773226 0.0145695 0.549784 0 -172.013 0 0  0 1.03746 0
1388035621.647765711 0.0145695 0.549784 0 -168.432 0 0  0 0.625048 0
1388035621.747773371 0.0145695 0.549784 0 -167.511 0 0  0 0.160733 0
1388035621.847773902 0.0145695 0.549784 0 -167.196 0 0  0 0.054978 0
1388035621.947773664 0.0145695 0.549784 0 -168.825 0 0  0 -0.284314 0
1388035622.047772387 0.0145695 0.549784 0 -171.918 0 0  0 -0.539838 0
1388035622.147763885 0.0145695 0.549784 0 -175.125 0 0  0 -0.559775 0
1388035622.247771265 0.0145695 0.549784 0 -175.957 0 0  0 -0.145201 0
1388035622.347764590 0.0145695 0.549784 0 -172.778 0 0  0 0.554877 0
1388035622.447767819 0.0145695 0.549784 0 -167.701 0 0  0 0.886074 0
1388035622.547771756 0.0145695 0.549784 0 -164.364 0 0  0 0.582394 0
1388035622.647768862 0.0145695 0.549784 0 -161.701 0 0  0 0.464794 0
1388035622.747771491 0.0145695 0.549784 0 -159.942 0 0  0 0.306996 0
1388035622.847773810 0.0145695 0.549784 0 -156.974 0 0  0 0.518002 0
1388035622.947784771 0.0145695 0.549784 0 -155.929 0 0  0 0.182367 0
1388035623.047776904 0.0145695 0.549784 0 -156.056 0 0  0 -0.0221672 0
1388035623.147765055 0.0145695 0.549784 0 -158.07 0 0  0 -0.351552 0
1388035623.247779633 0.0145695 0.549784 0 -160.435 0 0  0 -0.412708 0
1388035623.347763816 0.0145695 0.549784 0 -163.449 0 0  0 -0.526127 0
1388035623.447767691 0.0145695 0.549784 0 -163.092 0 0  0 0.0623076 0
1388035623.547765893 0.0145695 0.549784 0 -161.537 0 0  0 0.271402 0
1388035623.647771611 0.0145695 0.549784 0 -159.467 0 0  0 0.361264 0
1388035623.747771192 0.0145695 0.549784 0 -158.763 0 0  0 0.122871 0
1388035623.847764608 0.0145695 0.549784 0 -159.271 0 0  0 -0.0886678 0
1388035623.947765534 0.0145695 0.549784 0 -160.723 0 0  0 -0.253421 0
1388035624.047766162 0.0145695 0.549784 0 -164.43 0 0  0 -0.646987 0
1388035624.147771538 0.0145695 0.549784 0 -169.162 0 0  0 -0.825847 0
1388035624.247771816 0.0145695 0.549784 0 -173.662 0 0  0 -0.785396 0
1388035624.347765785 0.0145695 0.549784 0 -178.694 0 0  0 -0.878302 0
1388035624.447771916 0.0145695 0.549784 0 178.431 0 0  0 62.3262 0
1388035624.547773302 0.0145695 0.549784 0 175.475 0 0  0 -0.515911 0
1388035624.647773323 0.0145695 0.549784 0 173.867 0 0  0 -0.280649 0
1388035624.747775675 0.0145695 0.549784 0 171.118 0 0  0 -0.479781 0
1388035624.847772775 0.0145695 0.549784 0 170.552 0 0  0 -0.0987875 0
1388035624.947772117 0.0145695 0.549784 0 169.431 0 0  0 -0.195653 0
1388035625.047770368 0.0145695 0.549784 0 169.676 0 0  0 0.0427605 0
1388035625.147772536 0.0145695 0.549784 0 171.694 0 0  0 0.352201 0
1388035625.247771062 0.0145695 0.549784 0 172.026 0 0  0 0.0579459 0
1388035625.347773141 0.0145695 0.549784 0 174.651 0 0  0 0.458139 0
1388035625.447758314 0.0145695 0.549784 0 -177.825 0 0  0 -61.5278 0
1388035625.547758643 0.0145695 0.549784 0 -176.778 0 0  0 0.182735 0
1388035625.647771033 0.0145695 0.549784 0 -177.992 0 0  0 -0.211858 0
1388035625.747772389 0.0145695 0.549784 0 178.276 0 0  0 62.1797 0
1388035625.847773554 0.0145695 0.549784 0 178.881 0 0  0 0.10559 0
1388035625.947772084 0.0145695 0.549784 0 179.41 0 0  0 0.0923305 0
1388035626.047770900 0.0145695 0.549784 0 179.24 0 0  0 -0.0296706 0
1388035626.147764608 0.0145695 0.549784 0 178.364 0 0  0 -0.152902 0
1388035626.247770188 0.0145695 0.549784 0 179.889 0 0  0 0.266149 0
1388035626.347772142 0.0145695 0.549784 0 -177.032 0 0  0 -62.2932 0
1388035626.447772820 0.0145695 0.549784 0 -177.259 0 0  0 -0.0396196 0
1388035626.547773606 0.0145695 0.549784 0 -178.296 0 0  0 -0.18099 0
1388035626.647772332 0.0145695 0.549784 0 175.852 0 0  0 61.8113 0
1388035626.747774204 0.0145695 0.549784 0 170.469 0 0  0 -0.939495 0
1388035626.847768168 0.0145695 0.549784 0 163.862 0 0  0 -1.15321 0
1388035626.947765121 0.0145695 0.549784 0 159.069 0 0  0 -0.836562 0
1388035627.047765673 0.0145695 0.549784 0 156.129 0 0  0 -0.513124 0
1388035627.147770936 0.0145695 0.549784 0 154.94 0 0  0 -0.207508 0
1388035627.247771560 0.0145695 0.549784 0 154.751 0 0  0 -0.0329857 0
1388035627.347773296 0.0145695 0.549784 0 155.841 0 0  0 0.190237 0
1388035627.447771502 0.0145695 0.549784 0 157.364 0 0  0 0.265818 0
1388035627.547772626 0.0145695 0.549784 0 159.351 0 0  0 0.346793 0
1388035627.647764470 0.0145695 0.549784 0 163.009 0 0  0 0.638494 0
1388035627.747772001 0.0145695 0.549784 0 170.814 0 0  0 1.36213 0
1388035627.847773151 0.0145695 0.549784 0 175.229 0 0  0 0.770555 0
1388035627.947770927 0.0145695 0.549784 0 178.068 0 0  0 0.495508 0
1388035628.047772172 0.0145695 0.549784 0 177.942 0 0  0 -0.0219894 0
1388035628.147772474 0.0145695 0.549784 0 176.638 0 0  0 -0.22759 0
1388035628.247772431 0.0145695 0.549784 0 172.672 0 0  0 -0.692198 0
1388035628.347770963 0.0145695 0.549784 0 172.361 0 0  0 -0.0542813 0
1388035628.447771519 0.0145695 0.549784 0 172.614 0 0  0 0.0441576 0
1388035628.547773656 0.0145695 0.549784 0 176.146 0 0  0 0.616437 0
1388035628.647773875 0.0145695 0.549784 0 177.284 0 0  0 0.198618 0
1388035628.747772670 0.0145695 0.549784 0 -179.277 0 0  0 -62.2324 0
1388035628.847768274 0.0145695 0.549784 0 177.046 0 0  0 62.1928 0
1388035628.947763844 0.0145695 0.549784 0 175.33 0 0  0 -0.299512 0
1388035629.047766256 0.0145695 0.549784 0 172.895 0 0  0 -0.424977 0
1388035629.147772747 0.0145695 0.549784 0 170.872 0 0  0 -0.353059 0
1388035629.247771495 0.0145695 0.549784 0 167.213 0 0  0 -0.638623 0
1388035629.347766445 0.0145695 0.549784 0 165.41 0 0  0 -0.314698 0
1388035629.447770202 0.0145695 0.549784 0 165.727 0 0  0 0.0553251 0
1388035629.547764442 0.0145695 0.549784 0 165.939 0 0  0 0.0370014 0
1388035629.647773242 0.0145695 0.549784 0 165.941 0 0  0 0.000348843 0
1388035629.747764377 0.0145695 0.549784 0 165.983 0 0  0 0.00733233 0
1388035629.847771131 0.0145695 0.549784 0 166.103 0 0  0 0.0209417 0
1388035629.947766378 0.0145695 0.549784 0 166.117 0 0  0 0.0024449 0
1388035630.047771064 0.0145695 0.549784 0 166.169 0 0  0 0.00907563 0
1388035630.147771149 0.0145695 0.549784 0 166.159 0 0  0 -0.00174703 0
1388035630.247771600 0.0145695 0.549784 0 166.173 0 0  0 0.00244477 0
1388035630.347771732 0.0145695 0.549784 0 166.317 0 0  0 0.0251322 0
1388035630.447772163 0.0145695 0.549784 0 166.283 0 0  0 -0.0059335 0
1388035661.447778535 0.0145695 0.549784 0 -0 0 0  0 -0.0936189 0
1388035661.547784309 0.0145695 0.549784 0 -0 0 0  0 0 0
1388035661.647797913 0.0145695 0.549784 0 -0 0 0  0 0 0
1388035661.747784158 0.0145695 0.549784 0 -0 0 0  0 0 0
1388035661.847783390 0.0145695 0.549784 0 -0 0 0  0 0 0
1388035661.947771558 0.0145695 0.549784 0 -0.584 0 0  0 -0.101939 2
1388035662.047777446 0.0145695 0.549784 0 -0.587 0 0  0 -0.000523572 2
1388035662.147765643 0.0145695 0.549784 0 -0.591 0 0  0 -0.000698216 2
1388035662.247767834 0.0145695 0.549784 0 -0.592 0 0  0 -0.000174527 2
1388035662.347767222 0.0145695 0.549784 0 -0.596 0 0  0 -0.000698137 2
1388035662.447766235 0.0145695 0.549784 0 -0.598 0 0  0 -0.000349065 2
1388035662.547774367 0.0145695 0.549784 0 -0.6 0 0  0 -0.000349043 2
1388035662.647768075 0.0145695 0.549784 0 -0.602 0 0  0 -0.000349083 2
1388035662.747763976 0.0145695 0.549784 0 -0.606 0 0  0 -0.000698162 2
1388035662.847757611 0.0145695 0.549784 0 -0.607 0 0  0 -0.000174542 2
1388035662.947764630 0.0145695 0.549784 0 -0.608 0 0  0 -0.000174518 2
1388035663.047767247 0.0145695 0.549784 0 -0.609 0 0  0 -0.000174537 2
1388035663.147762193 0.0145695 0.549784 0 -0.611 0 0  0 -0.000349079 2
1388035663.247766457 0.0145695 0.549784 0 -0.613 0 0  0 -0.000349046 2
1388035663.347765496 0.0145695 0.549784 0 -0.617 0 0  0 -0.00069814 2
1388035663.447764373 0.0145695 0.549784 0 -0.621 0 0  0 -0.000698141 2
1388035663.547758571 0.0145695 0.549784 0 -0.623 0 0  0 -0.000349092 2
1388035663.647766107 0.0145695 0.549784 0 -0.623 0 0  0 0 2
1388035663.747768748 0.0145695 0.549784 0 -0.628 0 0  0 -0.000872641 2
1388035663.847763443 0.0145695 0.549784 0 -0.63 0 0  0 -0.00034908 2
1388035663.947772295 0.0145695 0.549784 0 -0.635 0 0  0 -0.000872587 2
1388035664.047770912 0.0145695 0.549784 0 -0.633 0 0  0 0.000349066 2
1388035664.147773505 0.0145695 0.549784 0 -0.636 0 0  0 -0.000523578 2
1388035664.247767987 0.0145695 0.549784 0 -0.639 0 0  0 -0.000523631 2
1388035664.347765820 0.0145695 0.549784 0 -0.643 0 0  0 -0.000698148 2
1388035664.447772189 0.0145695 0.549784 0 -0.647 0 0  0 -0.000698089 2
1388035664.547772335 0.0145695 0.549784 0 -0.65 0 0  0 -0.000523591 2
1388035664.647765274 0.0145695 0.549784 0 -0.651 0 0  0 -0.000174553 2
1388035664.747767066 0.0145695 0.549784 0 -0.65 0 0  0 0.000174538 2
1388035664.847758268 0.0145695 0.549784 0 -0.653 0 0  0 -0.000523649 2
1388035664.947767395 0.0145695 0.549784 0 -0.658 0 0  0 -0.000872584 2
1388035665.047776443 0.0145695 0.549784 0 -0.66 0 0  0 -0.00034904 2
1388035665.147764256 0.0145695 0.549784 0 -0.66 0 0  0 0 2
1388035665.247772753 0.0145695 0.549784 0 -0.661 0 0  0 -0.000174516 2
1388035665.347770139 0.0145695 0.549784 0 -0.667 0 0  0 -0.00104722 2
1388035665.447768405 0.0145695 0.549784 0 -0.671 0 0  0 -0.000698145 2
1388035665.547774803 0.0145695 0.549784 0 -0.676 0 0  0 -0.000872608 2
1388035665.647770329 0.0145695 0.549784 0 -0.679 0 0  0 -0.000523626 2
1388035665.747772026 0.0145695 0.549784 0 -0.681 0 0  0 -0.000349055 2
1388035665.847771965 0.0145695 0.549784 0 -0.684 0 0  0 -0.000523603 2
1388035665.947774307 0.0145695 0.549784 0 -0.689 0 0  0 -0.000872643 2
1388035666.047760559 0.0145695 0.549784 0 -0.688 0 0  0 0.000174555 2
1388035666.147764909 0.0145695 0.549784 0 -0.687 0 0  0 0.000174533 2
1388035666.247763564 0.0145695 0.549784 0 -0.689 0 0  0 -0.000349076 2
1388035666.347766497 0.0145695 0.549784 0 -0.694 0 0  0 -0.000872638 2
1388035666.447771270 0.0145695 0.549784 0 -0.697 0 0  0 -0.000523577 2
1388035666.547764651 0.0145695 0.549784 0 -0.702 0 0  0 -0.000872722 2
1388035666.647769177 0.0145695 0.549784 0 -0.707 0 0  0 -0.000872624 2
1388035666.747767402 0.0145695 0.549784 0 -0.713 0 0  0 -0.00104721 2
1388035666.847765396 0.0145695 0.549784 0 -0.717 0 0  0 -0.000698147 2
1388035666.947763688 0.0145695 0.549784 0 -0.72 0 0  0 -0.000523611 2
1388035667.047766996 0.0145695 0.549784 0 -0.723 0 0  0 -0.000523575 2
1388035667.147764199 0.0145695 0.549784 0 -0.735 0 0  0 -0.00209446 2
1388035667.247765636 0.0145695 0.549784 0 -0.74 0 0  0 -0.000872651 2
1388035667.347765725 0.0145695 0.549784 0 -0.705 0 0  0 0.00610865 2
1388035667.447772205 0.0145695 0.549784 0 -1.017 0 0  0 -0.0544507 2
1388035667.547771042 0.0145695 0.549784 0 -2.439 0 0  0 -0.248189 2
1388035667.647766263 0.0145695 0.549784 0 -0.541 0 0  0 0.331279 2
1388035667.747772134 0.0145695 0.549784 0 3.381 0 0  0 0.684478 2
1388035667.847766726 0.0145695 0.549784 0 5.283 0 0  0 0.33198 2
1388035667.947770868 0.0145695 0.549784 0 4.972 0 0  0 -0.0542775 2
1388035668.047762666 0.0145695 0.549784 0 6.047 0 0  0 0.187638 2
1388035668.147767408 0.0145695 0.549784 0 6.416 0 0  0 0.0643996 2
1388035668.247757847 0.0145695 0.549784 0 12.085 0 0  0 0.989522 2
1388035668.347773514 0.0145695 0.549784 0 11.772 0 0  0 -0.0546202 2
1388035668.447767167 0.0145695 0.549784 0 8.097 0 0  0 -0.641449 2
1388035668.547775478 0.0145695 0.549784 0 8.003 0 0  0 -0.0164047 2
1388035668.647843569 0.0145695 0.549784 0 8.878 0 0  0 0.152612 2
1388035668.747764402 0.0145695 0.549784 0 9.462 0 0  0 0.102008 2
1388035668.947759249 0.0145695 0.549784 0 7.826 0 0  0 -0.142772 2
1388035669.047765087 0.0145695 0.549784 0 6.251 0 0  0 -0.274873 2
1388035669.147770974 0.0145695 0.549784 0 3.306 0 0  0 -0.513969 2
1388035669.247794861 0.0145695 0.549784 0 1.097 0 0  0 -0.385451 2
1388035669.347770599 0.0145695 0.549784 0 -0.545 0 0  0 -0.286653 2
1388035669.447772029 0.0145695 0.549784 0 -1.703 0 0  0 -0.202106 2
1388035669.547767446 0.0145695 0.549784 0 -1.607 0 0  0 0.0167559 2
1388035669.847801507 0.0145695 0.549784 0 -1.19 0 0  0 0.0242573 2
1388035671.147780504 0.0145695 0.549784 0 -0.394 0 0  0 0.010687 2
1388035671.247780048 0.0145695 0.549784 0 9.967 0 0  0 1.80834 2
1388035671.347762167 0.0145695 0.549784 0 19.54 0 0  0 1.6711 2
1388035671.447767160 0.0145695 0.549784 0 19.165 0 0  0 -0.0654466 2
1388035671.547767184 0.0145695 0.549784 0 15.783 0 0  0 -0.59027 2
1388035671.647768172 0.0145695 0.549784 0 14.596 0 0  0 -0.207169 2
1388035671.747774417 0.0145695 0.549784 0 13.183 0 0  0 -0.2466 2
1388035671.847778477 0.0145695 0.549784 0 9.443 0 0  0 -0.652727 2
1388035671.947769636 0.0145695 0.549784 0 4.837 0 0  0 -0.80397 2
1388035672.047778860 0.0145695 0.549784 0 4.217 0 0  0 -0.1082 2
1388035672.147775539 0.0145695 0.549784 0 5.387 0 0  0 0.20421 2
1388035672.347787691 0.0145695 0.549784 0 3.062 0 0  0 -0.202882 2
1388035672.447764327 0.0145695 0.549784 0 2.774 0 0  0 -0.0502772 2
1388035672.547766525 0.0145695 0.549784 0 1.777 0 0  0 -0.174005 2
1388035672.647764287 0.0145695 0.549784 0 2.064 0 0  0 0.0500921 2
1388035672.747768020 0.0145695 0.549784 0 2.101 0 0  0 0.00645751 2
1388035672.847766675 0.0145695 0.549784 0 2.025 0 0  0 -0.0132647 2
1388035672.947773815 0.0145695 0.549784 0 8.78 0 0  0 1.17889 2
1388035673.047771919 0.0145695 0.549784 0 11.922 0 0  0 0.548393 2
1388035673.147772186 0.0145695 0.549784 0 17.503 0 0  0 0.974066 2
1388035673.247764418 0.0145695 0.549784 0 22.847 0 0  0 0.932776 2
1388035673.347763773 0.0145695 0.549784 0 25.691 0 0  0 0.496375 2
1388035673.447770288 0.0145695 0.549784 0 26.152 0 0  0 0.0804545 2
1388035673.547771736 0.0145695 0.549784 0 25.293 0 0  0 -0.149922 2
1388035673.647764400 0.0145695 0.549784 0 25.276 0 0  0 -0.00296731 2
1388035673.747780602 0.0145695 0.549784 0 26.691 0 0  0 0.246924 2
1388035673.847771228 0.0145695 0.549784 0 27.068 0 0  0 0.0658052 2
1388035673.947771517 0.0145695 0.549784 0 27.041 0 0  0 -0.00471245 2
1388035674.047763355 0.0145695 0.549784 0 27.115 0 0  0 0.0129164 2
1388035674.147771275 0.0145695 0.549784 0 28.08 0 0  0 0.168411 2
1388035674.247771505 0.0145695 0.549784 0 28.607 0 0  0 0.0919787 2
1388035674.347771566 0.0145695 0.549784 0 28.705 0 0  0 0.0171041 2
1388035674.447771792 0.0145695 0.549784 0 28.152 0 0  0 -0.0965164 2
1388035674.547760818 0.0145695 0.549784 0 27.865 0 0  0 -0.0500966 2
1388035674.647768174 0.0145695 0.549784 0 27.813 0 0  0 -0.00907505 2
1388035674.747767536 0.0145695 0.549784 0 27.926 0 0  0 0.0197225 2
1388035674.847765319 0.0145695 0.549784 0 27.927 0 0  0 0.000174441 2
1388035674.947765829 0.0145695 0.549784 0 27.973 0 0  0 0.00802839 2
1388035675.047768163 0.0145695 0.549784 0 27.972 0 0  0 -0.000174433 2
1388035675.147765917 0.0145695 0.549784 0 27.951 0 0  0 -0.00366526 2
1388035675.247766675 0.0145695 0.549784 0 27.968 0 0  0 0.00296707 2
1388035675.347770537 0.0145695 0.549784 0 27.965 0 0  0 -0.000523624 2
1388035675.447770805 0.0145695 0.549784 0 27.957 0 0  0 -0.00139616 2
1388035675.547755126 0.0145695 0.549784 0 27.935 0 0  0 -0.00384055 2
1388035675.647766598 0.0145695 0.549784 0 27.929 0 0  0 -0.00104684 2
1388035675.747772591 0.0145695 0.549784 0 27.942 0 0  0 0.00226854 2
1388035675.847768846 0.0145695 0.549784 0 27.956 0 0  0 0.00244354 2
1388035675.947769948 0.0145695 0.549784 0 27.958 0 0  0 0.000349203 2
1388035676.047772773 0.0145695 0.549784 0 27.94 0 0  0 -0.00314144 2
1388035676.147766373 0.0145695 0.549784 0 27.901 0 0  0 -0.00680748 2
1388035676.247772542 0.0145695 0.549784 0 27.9 0 0  0 -0.000174426 2
1388035676.347774480 0.0145695 0.549784 0 27.896 0 0  0 -0.000698068 2
1388035676.447765225 0.0145695 0.549784 0 27.894 0 0  0 -0.000349239 2
1388035676.547771376 0.0145695 0.549784 0 27.89 0 0  0 -0.000698038 2
1388035676.647761370 0.0145695 0.549784 0 27.9 0 0  0 0.00174554 2
1388035676.747768045 0.0145695 0.549784 0 27.88 0 0  0 -0.00349051 2
1388035676.847766071 0.0145695 0.549784 0 27.876 0 0  0 -0.000698095 2
1388035676.947771832 0.0145695 0.549784 0 27.872 0 0  0 -0.000698041 2
1388035677.047780861 0.0145695 0.549784 0 27.868 0 0  0 -0.000698018 2
1388035677.147775822 0.0145695 0.549784 0 27.864 0 0  0 -0.000698116 2
1388035677.247773423 0.0145695 0.549784 0 27.861 0 0  0 -0.000523657 2
1388035677.347771085 0.0145695 0.549784 0 27.858 0 0  0 -0.000523656 2
1388035677.447772017 0.0145695 0.549784 0 27.852 0 0  0 -0.00104728 2
1388035677.547772137 0.0145695 0.549784 0 27.852 0 0  0 0 2
1388035677.647772800 0.0145695 0.549784 0 27.85 0 0  0 -0.000348872 2
1388035677.747771901 0.0145695 0.549784 0 27.848 0 0  0 -0.00034921 2
1388035677.847767538 0.0145695 0.549784 0 27.841 0 0  0 -0.00122178 2
1388035677.947758375 0.0145695 0.549784 0 27.838 0 0  0 -0.000523692 2
1388035678.047782608 0.0145695 0.549784 0 27.837 0 0  0 -0.000174395 2
1388035678.147763718 0.0145695 0.549784 0 27.832 0 0  0 -0.000872683 2
1388035678.247770261 0.0145695 0.549784 0 27.827 0 0  0 -0.000872794 2
1388035678.347773636 0.0145695 0.549784 0 27.826 0 0  0 -0.000174431 2
1388035678.447769242 0.0145695 0.549784 0 27.826 0 0  0 0 2
1388035678.547767974 0.0145695 0.549784 0 27.824 0 0  0 -0.000349211 2
1388035678.647795706 0.0145695 0.549784 0 27.82 0 0  0 -0.000697888 2
1388035678.747769474 0.0145695 0.549784 0 27.817 0 0  0 -0.000523781 2
1388035678.847771450 0.0145695 0.549784 0 27.813 0 0  0 -0.000698067 2
1388035678.947769830 0.0145695 0.549784 0 27.812 0 0  0 -0.00017444 2
1388035679.047770419 0.0145695 0.549784 0 27.808 0 0  0 -0.000698077 2
1388035679.147771214 0.0145695 0.549784 0 27.806 0 0  0 -0.000349204 2
1388035679.247765209 0.0145695 0.549784 0 27.802 0 0  0 -0.000698123 2
1388035679.347771559 0.0145695 0.549784 0 27.8 0 0  0 -0.000349185 2
1388035679.447772208 0.0145695 0.549784 0 27.798 0 0  0 -0.000348872 2
1388035679.547772071 0.0145695 0.549784 0 27.798 0 0  0 0 2
1388035679.647769737 0.0145695 0.549784 0 27.794 0 0  0 -0.000698097 2
1388035679.747770655 0.0145695 0.549784 0 27.793 0 0  0 -0.000174768 2
1388035679.847763805 0.0145695 0.549784 0 27.791 0 0  0 -0.000348898 2
1388035679.947770733 0.0145695 0.549784 0 27.79 0 0  0 -0.000174425 2
1388035680.047765101 0.0145695 0.549784 0 27.786 0 0  0 -0.000698453 2
1388035680.147771790 0.0145695 0.549784 0 27.784 0 0  0 -0.000348851 2
1388035680.247763784 0.0145695 0.549784 0 27.782 0 0  0 -0.000349235 2
1388035680.347767871 0.0145695 0.549784 0 27.78 0 0  0 -0.00034886 2
1388035680.447765071 0.0145695 0.549784 0 27.778 0 0  0 -0.000349217 2
1388035680.547764784 0.0145695 0.549784 0 27.775 0 0  0 -0.000523646 2
1388035680.647772099 0.0145695 0.549784 0 27.769 0 0  0 -0.00104721 2
1388035680.747764339 0.0145695 0.549784 0 27.767 0 0  0 -0.000348901 2
1388035680.847772080 0.0145695 0.549784 0 27.765 0 0  0 -0.00034918 2
1388035680.947771091 0.0145695 0.549784 0 27.761 0 0  0 -0.000698088 2
1388035681.047769870 0.0145695 0.549784 0 27.76 0 0  0 -0.000174439 2
1388035681.147770855 0.0145695 0.549784 0 27.76 0 0  0 0 2
1388035681.247770117 0.0145695 0.549784 0 27.76 0 0  0 0 2
1388035681.347771507 0.0145695 0.549784 0 27.76 0 0  0 0 2
1388035681.447770632 0.0145695 0.549784 0 27.755 0 0  0 -0.000872859 2
1388035681.547768130 0.0145695 0.549784 0 27.755 0 0  0 0 2
1388035681.647771214 0.0145695 0.549784 0 27.754 0 0  0 -0.000174432 2
1388035681.747764451 0.0145695 0.549784 0 27.75 0 0  0 -0.000698128 2
1388035681.847772163 0.0145695 0.549784 0 27.747 0 0  0 -0.000523604 2
1388035681.947770891 0.0145695 0.549784 0 27.747 0 0  0 0 2
1388035682.047761544 0.0145695 0.549784 0 27.745 0 0  0 -0.000348907 2
1388035682.147770083 0.0145695 0.549784 0 27.742 0 0  0 -0.000523599 2
1388035682.247769589 0.0145695 0.549784 0 27.741 0 0  0 -0.000174771 2
1388035682.347769885 0.0145695 0.549784 0 27.741 0 0  0 0 2
1388035682.447771313 0.0145695 0.549784 0 27.736 0 0  0 -0.000872506 2
1388035682.547765329 0.0145695 0.549784 0 27.736 0 0  0 0 2
1388035682.647768111 0.0145695 0.549784 0 27.73 0 0  0 -0.00104726 2
1388035682.747771399 0.0145695 0.549784 0 27.727 0 0  0 -0.000523627 2
1388035682.847774306 0.0145695 0.549784 0 27.725 0 0  0 -0.000348864 2
1388035682.947777106 0.0145695 0.549784 0 27.721 0 0  0 -0.000698062 2
1388035683.047770772 0.0145695 0.549784 0 27.721 0 0  0 0 2
1388035683.147766856 0.0145695 0.549784 0 27.718 0 0  0 -0.000523665 2
1388035683.247787783 0.0145695 0.549784 0 27.716 0 0  0 -0.000349134 2
1388035683.347770033 0.0145695 0.549784 0 27.714 0 0  0 -0.000348936 2
1388035683.447772044 0.0145695 0.549784 0 27.712 0 0  0 -0.0003492 2
1388035683.547771471 0.0145695 0.549784 0 27.711 0 0  0 -0.000174438 2
1388035683.647769194 0.0145695 0.549784 0 27.71 0 0  0 -0.000174774 2
1388035683.747764196 0.0145695 0.549784 0 27.707 0 0  0 -0.000523337 2
1388035683.847772870 0.0145695 0.549784 0 27.703 0 0  0 -0.000698353 2
1388035683.947759683 0.0145695 0.549784 0 27.701 0 0  0 -0.00034892 2
1388035684.047768839 0.0145695 0.549784 0 27.699 0 0  0 -0.000349175 2
1388035684.147772726 0.0145695 0.549784 0 27.695 0 0  0 -0.000698054 2
1388035684.247770537 0.0145695 0.549784 0 27.695 0 0  0 0 2
1388035684.347766547 0.0145695 0.549784 0 27.693 0 0  0 -0.000348888 2
1388035684.447769818 0.0145695 0.549784 0 27.693 0 0  0 0 2
1388035684.547771501 0.0145695 0.549784 0 27.689 0 0  0 -0.000698402 2
1388035684.647757446 0.0145695 0.549784 0 27.687 0 0  0 -0.000348923 2
1388035684.747773996 0.0145695 0.549784 0 27.684 0 0  0 -0.000523557 2
1388035684.847758826 0.0145695 0.549784 0 27.681 0 0  0 -0.000523723 2
1388035684.947772010 0.0145695 0.549784 0 27.678 0 0  0 -0.000523575 2
1388035685.047771224 0.0145695 0.549784 0 27.674 0 0  0 -0.000698087 2
1388035685.147771822 0.0145695 0.549784 0 27.672 0 0  0 -0.000348872 2
1388035685.247838633 0.0145695 0.549784 0 27.672 0 0  0 0 2
1388035685.347771137 0.0145695 0.549784 0 27.669 0 0  0 -0.000523998 2
1388035685.447767553 0.0145695 0.549784 0 27.669 0 0  0 0 2
1388035685.547785098 0.0145695 0.549784 0 27.664 0 0  0 -0.000872698 2
1388035685.647763506 0.0145695 0.549784 0 27.661 0 0  0 -0.000523757 2
1388035685.747765628 0.0145695 0.549784 0 27.659 0 0  0 -0.000348867 2
1388035685.847766977 0.0145695 0.549784 0 27.658 0 0  0 -0.000174435 2
1388035685.947743102 0.0145695 0.549784 0 27.654 0 0  0 -0.000698581 2
1388035686.047771318 0.0145695 0.549784 0 27.652 0 0  0 -0.000348776 2
1388035686.147770248 0.0145695 0.549784 0 27.648 0 0  0 -0.000698089 2
1388035686.247772528 0.0145695 0.549784 0 27.644 0 0  0 -0.000698398 2
1388035686.347772511 0.0145695 0.549784 0 27.64 0 0  0 -0.000698081 2
1388035686.447771760 0.0145695 0.549784 0 27.64 0 0  0 0 2
1388035686.547759378 0.0145695 0.549784 0 27.636 0 0  0 -0.000698168 2
1388035686.647770973 0.0145695 0.549784 0 27.637 0 0  0 0.000174417 2
1388035686.747760776 0.0145695 0.549784 0 27.633 0 0  0 -0.000698152 2
1388035686.847762832 0.0145695 0.549784 0 27.631 0 0  0 -0.000348867 2
1388035686.947774356 0.0145695 0.549784 0 27.63 0 0  0 -0.00017475 2
1388035687.047770267 0.0145695 0.549784 0 27.629 0 0  0 -0.000174444 2
1388035687.147770294 0.0145695 0.549784 0 27.629 0 0  0 0 2
1388035687.247759606 0.0145695 0.549784 0 27.626 0 0  0 -0.0005237 2
1388035687.347772366 0.0145695 0.549784 0 27.624 0 0  0 -0.00034883 2
1388035687.447772493 0.0145695 0.549784 0 27.62 0 0  0 -0.00069808 2
1388035687.547772845 0.0145695 0.549784 0 27.617 0 0  0 -0.000523642 2
1388035687.647768723 0.0145695 0.549784 0 27.615 0 0  0 -0.000349221 2
1388035687.747773225 0.0145695 0.549784 0 27.613 0 0  0 -0.000348858 2
1388035687.847769777 0.0145695 0.549784 0 27.613 0 0  0 0 2
1388035687.947764216 0.0145695 0.549784 0 27.611 0 0  0 -0.000349226 2
1388035688.047771234 0.0145695 0.549784 0 27.607 0 0  0 -0.000698032 2
1388035688.147771157 0.0145695 0.549784 0 27.607 0 0  0 0 2
1388035688.247769949 0.0145695 0.549784 0 27.607 0 0  0 0 2
1388035688.347773341 0.0145695 0.549784 0 27.603 0 0  0 -0.000698057 2
1388035688.447771261 0.0145695 0.549784 0 27.599 0 0  0 -0.000698096 2
1388035688.547770516 0.0145695 0.549784 0 27.596 0 0  0 -0.000523648 2
1388035688.647769940 0.0145695 0.549784 0 27.595 0 0  0 -0.000174771 2
1388035688.747770369 0.0145695 0.549784 0 27.592 0 0  0 -0.000523642 2
1388035688.847772349 0.0145695 0.549784 0 27.587 0 0  0 -0.000872501 2
1388035688.947767957 0.0145695 0.549784 0 27.586 0 0  0 -0.000174445 2
1388035689.047775483 0.0145695 0.549784 0 27.578 0 0  0 -0.00139639 2
1388035689.147772772 0.0145695 0.549784 0 27.573 0 0  0 -0.000872542 2
1388035689.247765222 0.0145695 0.549784 0 27.568 0 0  0 -0.000872584 2
1388035689.347770838 0.0145695 0.549784 0 27.566 0 0  0 -0.000349187 2
1388035689.447771142 0.0145695 0.549784 0 27.565 0 0  0 -0.000174437 2
1388035689.547770446 0.0145695 0.549784 0 27.561 0 0  0 -0.000698086 2
1388035689.647764855 0.0145695 0.549784 0 27.557 0 0  0 -0.000698453 2
1388035689.747771108 0.0145695 0.549784 0 27.555 0 0  0 -0.000348852 2
1388035689.847770774 0.0145695 0.549784 0 27.554 0 0  0 -0.000174438 2
1388035689.947771625 0.0145695 0.549784 0 27.552 0 0  0 -0.000349204 2
1388035690.047763374 0.0145695 0.549784 0 27.549 0 0  0 -0.000523687 2
1388035690.147771346 0.0145695 0.549784 0 27.547 0 0  0 -0.000348846 2
1388035690.247766497 0.0145695 0.549784 0 27.544 0 0  0 -0.000523669 2
1388035690.347771530 0.0145695 0.549784 0 27.54 0 0  0 -0.000698046 2
1388035690.447772079 0.0145695 0.549784 0 27.539 0 0  0 -0.000174769 2
1388035690.547764865 0.0145695 0.549784 0 27.534 0 0  0 -0.000872581 2
1388035690.647771466 0.0145695 0.549784 0 27.534 0 0  0 0 2
1388035690.747773539 0.0145695 0.549784 0 27.531 0 0  0 -0.000523633 2
1388035690.847765674 0.0145695 0.549784 0 27.527 0 0  0 -0.000698136 2
1388035690.947760435 0.0145695 0.549784 0 27.524 0 0  0 -0.000523671 2
1388035691.047765355 0.0145695 0.549784 0 27.522 0 0  0 -0.00034919 2
1388035691.147771397 0.0145695 0.549784 0 27.517 0 0  0 -0.000872465 2
1388035691.247771713 0.0145695 0.549784 0 27.517 0 0  0 0 2
1388035691.347771342 0.0145695 0.549784 0 27.514 0 0  0 -0.000523646 2
1388035691.447771234 0.0145695 0.549784 0 27.512 0 0  0 -0.000349207 2
1388035691.547763345 0.0145695 0.549784 0 27.513 0 0  0 0.000174784 2
1388035691.647770197 0.0145695 0.549784 0 27.509 0 0  0 -0.000698033 2
1388035691.747764921 0.0145695 0.549784 0 27.507 0 0  0 -0.000349225 2
1388035691.847770739 0.0145695 0.549784 0 27.503 0 0  0 -0.00069804 2
1388035691.947770315 0.0145695 0.549784 0 27.501 0 0  0 -0.000349208 2
1388035692.047771118 0.0145695 0.549784 0 27.497 0 0  0 -0.000698075 2
1388035692.147766237 0.0145695 0.549784 0 27.496 0 0  0 -0.000174446 2
1388035692.247772369 0.0145695 0.549784 0 27.49 0 0  0 -0.00104722 2
1388035692.347771188 0.0145695 0.549784 0 27.488 0 0  0 -0.000348878 2
1388035692.447771381 0.0145695 0.549784 0 27.488 0 0  0 0 2
1388035692.547771813 0.0145695 0.549784 0 27.486 0 0  0 -0.000349205 2
1388035692.647764293 0.0145695 0.549784 0 27.482 0 0  0 -0.000698134 2
1388035692.747770778 0.0145695 0.549784 0 27.48 0 0  0 -0.000349184 2
1388035692.847771707 0.0145695 0.549784 0 27.479 0 0  0 -0.000174435 2
1388035692.947763745 0.0145695 0.549784 0 27.474 0 0  0 -0.000872588 2
1388035693.047770406 0.0145695 0.549784 0 27.47 0 0  0 -0.000698367 2
1388035693.147756712 0.0145695 0.549784 0 27.47 0 0  0 0 2
1388035693.247771247 0.0145695 0.549784 0 27.467 0 0  0 -0.000523568 2
1388035693.347771351 0.0145695 0.549784 0 27.464 0 0  0 -0.000523311 2
1388035693.447766038 0.0145695 0.549784 0 27.46 0 0  0 -0.000698451 2
1388035693.547771004 0.0145695 0.549784 0 27.46 0 0  0 0 2
1388035693.647764723 0.0145695 0.549784 0 27.457 0 0  0 -0.000523344 2
1388035693.747773250 0.0145695 0.549784 0 27.453 0 0  0 -0.000698354 2
1388035693.847772497 0.0145695 0.549784 0 27.448 0 0  0 -0.000872525 2
1388035693.947771788 0.0145695 0.549784 0 27.446 0 0  0 -0.000349209 2
1388035694.047769201 0.0145695 0.549784 0 27.442 0 0  0 -0.000698099 2
1388035694.147771582 0.0145695 0.549784 0 27.437 0 0  0 -0.000872497 2
1388035694.247765134 0.0145695 0.549784 0 27.43 0 0  0 -0.0012218 2
1388035694.347770598 0.0145695 0.549784 0 27.426 0 0  0 -0.000698043 2
1388035694.447770950 0.0145695 0.549784 0 27.426 0 0  0 0 2
1388035694.547765272 0.0145695 0.549784 0 27.426 0 0  0 0 2
1388035694.647770963 0.0145695 0.549784 0 27.423 0 0  0 -0.000523614 2
1388035694.747762387 0.0145695 0.549784 0 27.42 0 0  0 -0.000523689 2
1388035694.847765346 0.0145695 0.549784 0 27.412 0 0  0 -0.00139612 2
1388035694.947801058 0.0145695 0.549784 0 27.408 0 0  0 -0.000697832 2
1388035695.047768995 0.0145695 0.549784 0 27.404 0 0  0 -0.000698638 2
1388035695.147771715 0.0145695 0.549784 0 27.402 0 0  0 -0.000348865 2
1388035695.247772819 0.0145695 0.549784 0 27.401 0 0  0 -0.000174768 2
1388035695.347777496 0.0145695 0.549784 0 27.396 0 0  0 -0.000872477 2
1388035695.447784451 0.0145695 0.549784 0 27.392 0 0  0 -0.000698033 2
1388035695.547770713 0.0145695 0.549784 0 27.389 0 0  0 -0.000523716 2
1388035695.647759905 0.0145695 0.549784 0 27.388 0 0  0 -0.000174456 2
1388035695.747766267 0.0145695 0.549784 0 27.385 0 0  0 -0.000523611 2
1388035695.847771517 0.0145695 0.549784 0 27.383 0 0  0 -0.000349189 2
1388035695.947765620 0.0145695 0.549784 0 27.379 0 0  0 -0.000698122 2
1388035696.047771867 0.0145695 0.549784 0 27.378 0 0  0 -0.000174426 2
1388035696.147759654 0.0145695 0.549784 0 27.376 0 0  0 -0.00034925 2
1388035696.247772180 0.0145695 0.549784 0 27.374 0 0  0 -0.00034883 2
1388035696.347770310 0.0145695 0.549784 0 27.368 0 0  0 -0.00104731 2
1388035696.447764399 0.0145695 0.549784 0 27.365 0 0  0 -0.000523675 2
1388035696.547771235 0.0145695 0.549784 0 27.361 0 0  0 -0.000698033 2
1388035696.647770673 0.0145695 0.549784 0 27.36 0 0  0 -0.000174438 2
1388035696.747772950 0.0145695 0.549784 0 27.357 0 0  0 -0.000523632 2
1388035696.847765613 0.0145695 0.549784 0 27.355 0 0  0 -0.000349233 2
1388035696.947759035 0.0145695 0.549784 0 27.348 0 0  0 -0.00122181 2
1388035697.047773303 0.0145695 0.549784 0 27.345 0 0  0 -0.000523569 2
1388035697.147771315 0.0145695 0.549784 0 27.346 0 0  0 0.000174773 2
1388035697.247773409 0.0145695 0.549784 0 27.343 0 0  0 -0.000523633 2
1388035697.347770630 0.0145695 0.549784 0 27.339 0 0  0 -0.000698101 2
1388035697.447771940 0.0145695 0.549784 0 27.337 0 0  0 -0.000349202 2
1388035697.547765539 0.0145695 0.549784 0 27.335 0 0  0 -0.000349229 2
1388035697.647770458 0.0145695 0.549784 0 27.331 0 0  0 -0.000698047 2
1388035697.747770984 0.0145695 0.549784 0 27.329 0 0  0 -0.000348872 2
1388035697.847771299 0.0145695 0.549784 0 27.325 0 0  0 -0.000698079 2
1388035697.947771173 0.0145695 0.549784 0 27.321 0 0  0 -0.000698415 2
1388035698.047776443 0.0145695 0.549784 0 27.317 0 0  0 -0.000698044 2
1388035698.147770513 0.0145695 0.549784 0 27.314 0 0  0 -0.000523675 2
1388035698.247771017 0.0145695 0.549784 0 27.312 0 0  0 -0.000348872 2
1388035698.347765391 0.0145695 0.549784 0 27.31 0 0  0 -0.000349227 2
1388035698.447767422 0.0145695 0.549784 0 27.305 0 0  0 -0.0008725 2
1388035698.547763781 0.0145695 0.549784 0 27.302 0 0  0 -0.000523663 2
1388035698.647772011 0.0145695 0.549784 0 27.3 0 0  0 -0.000349178 2
1388035698.747773047 0.0145695 0.549784 0 27.298 0 0  0 -0.00034887 2
1388035698.847771950 0.0145695 0.549784 0 27.299 0 0  0 0.000174439 2
1388035698.947770928 0.0145695 0.549784 0 27.296 0 0  0 -0.000523649 2
1388035699.047772291 0.0145695 0.549784 0 27.292 0 0  0 -0.000698072 2
1388035699.147760116 0.0145695 0.549784 0 27.286 0 0  0 -0.00104742 2
1388035699.247765253 0.0145695 0.549784 0 27.281 0 0  0 -0.000872473 2
1388035699.347764832 0.0145695 0.549784 0 27.276 0 0  0 -0.000872855 2
1388035699.447770773 0.0145695 0.549784 0 27.271 0 0  0 -0.000872466 2
1388035699.547771494 0.0145695 0.549784 0 27.269 0 0  0 -0.000349204 2
1388035699.647771580 0.0145695 0.549784 0 27.267 0 0  0 -0.000348874 2
1388035699.747766427 0.0145695 0.549784 0 27.266 0 0  0 -0.000174446 2
1388035699.847763982 0.0145695 0.549784 0 27.264 0 0  0 -0.000349216 2
1388035699.947765022 0.0145695 0.549784 0 27.262 0 0  0 -0.000349203 2
1388035700.047753612 0.0145695 0.549784 0 27.26 0 0  0 -0.000348914 2
1388035700.147772401 0.0145695 0.549784 0 27.258 0 0  0 -0.000349141 2
1388035700.247772988 0.0145695 0.549784 0 27.254 0 0  0 -0.000698077 2
1388035700.347764185 0.0145695 0.549784 0 27.252 0 0  0 -0.000348905 2
1388035700.447760283 0.0145695 0.549784 0 27.248 0 0  0 -0.000698441 2
1388035700.547765656 0.0145695 0.549784 0 27.246 0 0  0 -0.000348855 2
1388035700.647765340 0.0145695 0.549784 0 27.243 0 0  0 -0.000523646 2
1388035700.747744319 0.0145695 0.549784 0 27.239 0 0  0 -0.000698228 2
1388035700.847772972 0.0145695 0.549784 0 27.233 0 0  0 -0.00104699 2
1388035700.947763720 0.0145695 0.549784 0 27.229 0 0  0 -0.000698146 2
1388035701.047764588 0.0145695 0.549784 0 27.228 0 0  0 -0.000174436 2
1388035701.147761849 0.0145695 0.549784 0 27.225 0 0  0 -0.000523658 2
1388035701.247772408 0.0145695 0.549784 0 27.224 0 0  0 -0.000174419 2
1388035701.347738871 0.0145695 0.549784 0 27.219 0 0  0 -0.000873144 2
1388035701.447765470 0.0145695 0.549784 0 27.216 0 0  0 -0.000523505 2
1388035701.547770446 0.0145695 0.549784 0 27.212 0 0  0 -0.000698046 2
1388035701.647771971 0.0145695 0.549784 0 27.209 0 0  0 -0.000523636 2
1388035701.747756226 0.0145695 0.549784 0 27.207 0 0  0 -0.000348929 2
1388035701.847764346 0.0145695 0.549784 0 27.203 0 0  0 -0.000698357 2
1388035701.947755252 0.0145695 0.549784 0 27.198 0 0  0 -0.000872598 2
1388035702.047765248 0.0145695 0.549784 0 27.197 0 0  0 -0.00017442 2
1388035702.147765299 0.0145695 0.549784 0 27.195 0 0  0 -0.000349207 2
1388035702.247764827 0.0145695 0.549784 0 27.19 0 0  0 -0.000872522 2
1388035702.347765998 0.0145695 0.549784 0 27.189 0 0  0 -0.000174768 2
1388035702.447766998 0.0145695 0.549784 0 27.185 0 0  0 -0.000698074 2
1388035702.547772960 0.0145695 0.549784 0 27.183 0 0  0 -0.000348853 2
1388035702.647765618 0.0145695 0.549784 0 27.182 0 0  0 -0.000174783 2
1388035702.747765285 0.0145695 0.549784 0 27.178 0 0  0 -0.000698083 2
1388035702.847768817 0.0145695 0.549784 0 27.174 0 0  0 -0.000698056 2
1388035702.947765462 0.0145695 0.549784 0 27.168 0 0  0 -0.00104732 2
1388035703.047764369 0.0145695 0.549784 0 27.165 0 0  0 -0.000523317 2
1388035703.147767860 0.0145695 0.549784 0 27.16 0 0  0 -0.000872821 2
1388035703.247759473 0.0145695 0.549784 0 27.159 0 0  0 -0.000174452 2
1388035703.347771696 0.0145695 0.549784 0 27.155 0 0  0 -0.000697996 2
1388035703.447765735 0.0145695 0.549784 0 27.153 0 0  0 -0.000349228 2
1388035703.547768153 0.0145695 0.549784 0 27.148 0 0  0 -0.000872497 2
1388035703.647770289 0.0145695 0.549784 0 27.148 0 0  0 0 2
1388035703.747766230 0.0145695 0.549784 0 27.146 0 0  0 -0.000349221 2
1388035703.847771621 0.0145695 0.549784 0 27.144 0 0  0 -0.000349188 2
1388035703.947770739 0.0145695 0.549784 0 27.143 0 0  0 -0.000174439 2
1388035704.047765399 0.0145695 0.549784 0 27.138 0 0  0 -0.000872565 2
1388035704.147770706 0.0145695 0.549784 0 27.137 0 0  0 -0.000174761 2
1388035704.247765864 0.0145695 0.549784 0 27.13 0 0  0 -0.00122178 2
1388035704.347765447 0.0145695 0.549784 0 27.128 0 0  0 -0.000348876 2
1388035704.447770864 0.0145695 0.549784 0 27.121 0 0  0 -0.00122166 2
1388035704.547771145 0.0145695 0.549784 0 27.119 0 0  0 -0.000349206 2
1388035704.647771678 0.0145695 0.549784 0 27.115 0 0  0 -0.000698077 2
1388035704.747771527 0.0145695 0.549784 0 27.111 0 0  0 -0.000698082 2
1388035704.847772109 0.0145695 0.549784 0 27.111 0 0  0 0 2
1388035704.947766394 0.0145695 0.549784 0 27.107 0 0  0 -0.000698121 2
1388035705.047766833 0.0145695 0.549784 0 27.107 0 0  0 0 2
1388035705.147771942 0.0145695 0.549784 0 27.104 0 0  0 -0.000523617 2
1388035705.247770690 0.0145695 0.549784 0 27.099 0 0  0 -0.000872529 2
1388035705.347764862 0.0145695 0.549784 0 27.1 0 0  0 0.000174447 2
1388035705.447769678 0.0145695 0.549784 0 27.092 0 0  0 -0.00139643 2
1388035705.547762996 0.0145695 0.549784 0 27.09 0 0  0 -0.000348897 2
1388035705.647770881 0.0145695 0.549784 0 27.09 0 0  0 0 2
1388035705.747771719 0.0145695 0.549784 0 27.087 0 0  0 -0.00052364 2
1388035705.847771648 0.0145695 0.549784 0 27.084 0 0  0 -0.000523644 2
1388035705.947764095 0.0145695 0.549784 0 27.081 0 0  0 -0.000523684 2
1388035706.047770918 0.0145695 0.549784 0 27.075 0 0  0 -0.00104688 2
1388035706.147770849 0.0145695 0.549784 0 27.074 0 0  0 -0.00017477 2
1388035706.247770190 0.0145695 0.549784 0 27.069 0 0  0 -0.000872524 2
1388035706.347769941 0.0145695 0.549784 0 27.064 0 0  0 -0.000872853 2
1388035706.447765328 0.0145695 0.549784 0 27.061 0 0  0 -0.000523335 2
1388035706.547771825 0.0145695 0.549784 0 27.058 0 0  0 -0.00052361 2
1388035706.647770782 0.0145695 0.549784 0 27.055 0 0  0 -0.00052365 2
1388035706.747765467 0.0145695 0.549784 0 27.054 0 0  0 -0.000174446 2
1388035706.847771156 0.0145695 0.549784 0 27.049 0 0  0 -0.000872801 2
1388035706.947770499 0.0145695 0.549784 0 27.048 0 0  0 -0.000174438 2
1388035707.047773112 0.0145695 0.549784 0 27.044 0 0  0 -0.000698063 2
1388035707.147771001 0.0145695 0.549784 0 27.041 0 0  0 -0.000523655 2
1388035707.247766456 0.0145695 0.549784 0 27.038 0 0  0 -0.000523668 2
1388035707.347771026 0.0145695 0.549784 0 27.034 0 0  0 -0.000698049 2
1388035707.447764301 0.0145695 0.549784 0 27.029 0 0  0 -0.00087291 2
1388035707.547764777 0.0145695 0.549784 0 27.025 0 0  0 -0.000698078 2
1388035707.647767813 0.0145695 0.549784 0 27.023 0 0  0 -0.000348864 2
1388035707.747772051 0.0145695 0.549784 0 27.02 0 0  0 -0.000523622 2
1388035707.847769925 0.0145695 0.549784 0 27.018 0 0  0 -0.000349214 2
1388035707.947767445 0.0145695 0.549784 0 27.015 0 0  0 -0.000523657 2
1388035708.047763986 0.0145695 0.549784 0 27.013 0 0  0 -0.000348886 2
1388035708.147765828 0.0145695 0.549784 0 27.01 0 0  0 -0.000523634 2
1388035708.247759363 0.0145695 0.549784 0 27.008 0 0  0 -0.00034923 2
1388035708.347772452 0.0145695 0.549784 0 27.007 0 0  0 -0.000174414 2
1388035708.447771143 0.0145695 0.549784 0 27.001 0 0  0 -0.0010473 2
1388035708.547767560 0.0145695 0.549784 0 26.999 0 0  0 -0.000348887 2
1388035708.647771034 0.0145695 0.549784 0 26.996 0 0  0 -0.000523626 2
1388035708.747763462 0.0145695 0.549784 0 26.997 0 0  0 0.00017445 2
1388035708.847763367 0.0145695 0.549784 0 26.994 0 0  0 -0.000523645 2
1388035708.947765258 0.0145695 0.549784 0 26.988 0 0  0 -0.00104694 2
1388035709.047765591 0.0145695 0.549784 0 26.982 0 0  0 -0.00104728 2
1388035709.147771267 0.0145695 0.549784 0 26.977 0 0  0 -0.000872802 2
1388035709.247764951 0.0145695 0.549784 0 26.976 0 0  0 -0.000174448 2
1388035709.347764426 0.0145695 0.549784 0 26.974 0 0  0 -0.000348876 2
1388035709.447764934 0.0145695 0.549784 0 26.969 0 0  0 -0.000872847 2
1388035709.547770802 0.0145695 0.549784 0 26.966 0 0  0 -0.000523613 2
1388035709.647771927 0.0145695 0.549784 0 26.96 0 0  0 -0.00104728 2
1388035709.747771472 0.0145695 0.549784 0 26.958 0 0  0 -0.000348876 2
1388035709.847763609 0.0145695 0.549784 0 26.956 0 0  0 -0.000349234 2
1388035709.947769193 0.0145695 0.549784 0 26.953 0 0  0 -0.000523615 2
1388035710.047760182 0.0145695 0.549784 0 26.949 0 0  0 -0.000698144 2
1388035710.147779733 0.0145695 0.549784 0 26.943 0 0  0 -0.00104675 2
1388035710.247775137 0.0145695 0.549784 0 26.939 0 0  0 -0.000698446 2
1388035710.347770128 0.0145695 0.549784 0 26.938 0 0  0 -0.000174446 2
1388035710.447771091 0.0145695 0.549784 0 26.933 0 0  0 -0.00087251 2
1388035710.547763326 0.0145695 0.549784 0 26.93 0 0  0 -0.000523685 2
1388035710.647771211 0.0145695 0.549784 0 26.926 0 0  0 -0.000698026 2
1388035710.747769544 0.0145695 0.549784 0 26.922 0 0  0 -0.000698093 2
1388035710.847772063 0.0145695 0.549784 0 26.92 0 0  0 -0.000349198 2
1388035710.947771155 0.0145695 0.549784 0 26.915 0 0  0 -0.000872526 2
1388035711.047767857 0.0145695 0.549784 0 26.914 0 0  0 -0.000174776 2
1388035711.147771082 0.0145695 0.549784 0 26.912 0 0  0 -0.000348863 2
1388035711.247773617 0.0145695 0.549784 0 26.909 0 0  0 -0.000523631 2
1388035711.347772249 0.0145695 0.549784 0 26.903 0 0  0 -0.0010473 2
1388035711.447772686 0.0145695 0.549784 0 26.9 0 0  0 -0.000523642 2
1388035711.547771719 0.0145695 0.549784 0 26.893 0 0  0 -0.00122174 2
1388035711.647763402 0.0145695 0.549784 0 26.888 0 0  0 -0.000872591 2
1388035711.747778707 0.0145695 0.549784 0 26.882 0 0  0 -0.00104713 2
1388035711.847771769 0.0145695 0.549784 0 26.879 0 0  0 -0.00052368 2
1388035711.947771835 0.0145695 0.549784 0 26.876 0 0  0 -0.000523644 2
1388035712.047771929 0.0145695 0.549784 0 26.874 0 0  0 -0.000348874 2
1388035712.147771411 0.0145695 0.549784 0 26.871 0 0  0 -0.000523647 2
1388035712.247772759 0.0145695 0.549784 0 26.867 0 0  0 -0.000698072 2
1388035712.347771711 0.0145695 0.549784 0 26.863 0 0  0 -0.000698088 2
1388035712.447773008 0.0145695 0.549784 0 26.86 0 0  0 -0.000523637 2
1388035712.547765576 0.0145695 0.549784 0 26.856 0 0  0 -0.000698133 2
1388035712.647771611 0.0145695 0.549784 0 26.851 0 0  0 -0.000872798 2
1388035712.747764578 0.0145695 0.549784 0 26.85 0 0  0 -0.000174449 2
1388035712.847775832 0.0145695 0.549784 0 26.846 0 0  0 -0.000698003 2
1388035712.947772251 0.0145695 0.549784 0 26.844 0 0  0 -0.00034922 2
1388035713.047780158 0.0145695 0.549784 0 26.839 0 0  0 -0.000872449 2
1388035713.147777293 0.0145695 0.549784 0 26.834 0 0  0 -0.000872876 2
1388035713.247771039 0.0145695 0.549784 0 26.83 0 0  0 -0.000698125 2
1388035713.347771242 0.0145695 0.549784 0 26.829 0 0  0 -0.000174437 2
1388035713.447762967 0.0145695 0.549784 0 26.826 0 0  0 -0.000523687 2
1388035713.547765561 0.0145695 0.549784 0 26.821 0 0  0 -0.000872828 2
1388035713.647763962 0.0145695 0.549784 0 26.82 0 0  0 -0.00017444 2
1388035713.747772101 0.0145695 0.549784 0 26.815 0 0  0 -0.000872447 2
1388035713.847769686 0.0145695 0.549784 0 26.808 0 0  0 -0.00122175 2
1388035713.947771481 0.0145695 0.549784 0 26.803 0 0  0 -0.000872835 2
1388035714.047771406 0.0145695 0.549784 0 26.797 0 0  0 -0.00104696 2
1388035714.147777652 0.0145695 0.549784 0 26.793 0 0  0 -0.00069837 2
1388035714.247770414 0.0145695 0.549784 0 26.791 0 0  0 -0.000348899 2
1388035714.347769527 0.0145695 0.549784 0 26.787 0 0  0 -0.000698087 2
1388035714.447771126 0.0145695 0.549784 0 26.786 0 0  0 -0.000174767 2
1388035714.547772373 0.0145695 0.549784 0 26.78 0 0  0 -0.00104694 2
1388035714.647772196 0.0145695 0.549784 0 26.779 0 0  0 -0.00017477 2
1388035714.747769390 0.0145695 0.549784 0 26.776 0 0  0 -0.000523659 2
1388035714.847764875 0.0145695 0.549784 0 26.774 0 0  0 -0.00034889 2
1388035714.947770592 0.0145695 0.549784 0 26.769 0 0  0 -0.000872801 2
1388035715.047763826 0.0145695 0.549784 0 26.764 0 0  0 -0.000872577 2
1388035715.147763865 0.0145695 0.549784 0 26.763 0 0  0 -0.000174437 2
1388035715.247772990 0.0145695 0.549784 0 26.757 0 0  0 -0.00104719 2
1388035715.347770866 0.0145695 0.549784 0 26.753 0 0  0 -0.000698096 2
1388035715.447764558 0.0145695 0.549784 0 26.75 0 0  0 -0.000523677 2
1388035715.547771295 0.0145695 0.549784 0 26.746 0 0  0 -0.000698034 2
1388035715.647771824 0.0145695 0.549784 0 26.743 0 0  0 -0.000523641 2
1388035715.747770609 0.0145695 0.549784 0 26.741 0 0  0 -0.000349211 2
1388035715.847771022 0.0145695 0.549784 0 26.738 0 0  0 -0.000523309 2
1388035715.947771310 0.0145695 0.549784 0 26.735 0 0  0 -0.000523643 2
1388035716.047772130 0.0145695 0.549784 0 26.732 0 0  0 -0.00052364 2
1388035716.147768467 0.0145695 0.549784 0 26.726 0 0  0 -0.00104733 2
1388035716.247795234 0.0145695 0.549784 0 26.722 0 0  0 -0.000697894 2
1388035716.347772414 0.0145695 0.549784 0 26.715 0 0  0 -0.001222 2
1388035716.447771128 0.0145695 0.549784 0 26.713 0 0  0 -0.000349211 2
1388035716.547778599 0.0145695 0.549784 0 26.708 0 0  0 -0.000872453 2
1388035716.647783607 0.0145695 0.549784 0 26.704 0 0  0 -0.000698046 2
1388035716.747774888 0.0145695 0.549784 0 26.702 0 0  0 -0.000349237 2
1388035716.847775504 0.0145695 0.549784 0 26.697 0 0  0 -0.000872513 2
1388035716.947765805 0.0145695 0.549784 0 26.695 0 0  0 -0.000349241 2
1388035717.047774828 0.0145695 0.549784 0 26.692 0 0  0 -0.000523597 2
