1388144077.422671682 0 0 0 43 0 0  0 0.124847 2
1388144077.522611486 0 0 0 42.991 0 0  0 -0.00157155 2
1388144077.622622531 0 0 0 42.985 0 0  0 -0.00104717 2
1388144077.722570425 0 0 0 42.977 0 0  0 -0.00139689 2
1388144077.822621496 0 0 0 42.97 0 0  0 -0.0012211 2
1388144077.922547049 0 0 0 42.962 0 0  0 -0.0013972 2
1388144078.022584839 0 0 0 42.957 0 0  0 -0.000872521 2
1388144078.122574508 0 0 0 42.949 0 0  0 -0.00139631 2
1388144078.222524859 0 0 0 42.941 0 0  0 -0.00139686 2
1388144078.322567679 0 0 0 42.931 0 0  0 -0.00174495 2
1388144078.422549181 0 0 0 42.923 0 0  0 -0.00139642 2
1388144078.522534801 0 0 0 42.916 0 0  0 -0.0012219 2
1388144078.622563022 0 0 0 42.908 0 0  0 -0.00139577 2
1388144078.722643486 0 0 0 42.903 0 0  0 -0.000872149 2
1388144078.822652643 0 0 0 42.894 0 0  0 -0.00157046 2
1388144078.922549777 0 0 0 42.888 0 0  0 -0.00104837 2
1388144079.022623884 0 0 0 42.883 0 0  0 -0.000872205 2
1388144079.122642258 0 0 0 42.876 0 0  0 -0.0012215 2
1388144079.222547420 0 0 0 42.87 0 0  0 -0.00104828 2
1388144079.322533670 0 0 0 42.862 0 0  0 -0.00139635 2
1388144079.422578374 0 0 0 42.853 0 0  0 -0.0015699 2
1388144079.522548489 0 0 0 42.843 0 0  0 -0.00174622 2
1388144079.622585022 0 0 0 42.835 0 0  0 -0.00139565 2
1388144079.722555134 0 0 0 42.826 0 0  0 -0.00157107 2
1388144079.822548790 0 0 0 42.816 0 0  0 -0.00174515 2
1388144079.922513809 0 0 0 42.807 0 0  0 -0.00157181 2
1388144080.022551388 0 0 0 42.797 0 0  0 -0.00174438 2
1388144080.122620884 0 0 0 42.79 0 0  0 -0.00122088 2
1388144080.222625359 0 0 0 42.784 0 0  0 -0.00104724 2
1388144080.322559229 0 0 0 42.778 0 0  0 -0.00104798 2
1388144080.422631386 0 0 0 42.769 0 0  0 -0.00156947 2
1388144080.522681188 0 0 0 42.76 0 0  0 -0.00157048 2
1388144080.622553175 0 0 0 42.754 0 0  0 -0.00104796 2
1388144080.722549409 0 0 0 42.746 0 0  0 -0.00139688 2
1388144080.822553189 0 0 0 42.74 0 0  0 -0.00104658 2
1388144080.922547262 0 0 0 42.732 0 0  0 -0.00139691 2
1388144081.022588195 0 0 0 42.725 0 0  0 -0.00122123 2
1388144081.122657551 0 0 0 42.715 0 0  0 -0.00174383 2
1388144081.222526747 0 0 0 42.71 0 0  0 -0.000873994 2
1388144081.322658683 0 0 0 42.702 0 0  0 -0.00139432 2
1388144081.422627892 -6.16408e-05 0.00168153 0.016 42.696 0 0.0168205  0.160049 -0.00104761 7
1388144081.522601359 -0.00034481 0.00527014 0.073 42.688 0 0.0358956  0.570151 -0.00139653 7
1388144081.622630490 -0.000783747 0.0109429 0.189 42.679 0 0.0567115  1.15966 -0.00157014 7
1388144081.722626932 -0.0013541 0.0182325 0.322 42.674 0 0.0728979  1.33005 -0.000872882 7
1388144081.822549625 -0.00194787 0.0271419 0.496 42.658 0 0.0891633  1.74135 -0.00279448 7
1388144081.922623874 -0.00250806 0.0371881 0.67 42.626 0 0.100388  1.73871 -0.00558117 7
1388144082.022684854 -0.00292173 0.0480121 0.805 42.668 0 0.108173  1.34918 0.00732588 7
1388144082.122532814 -0.00333312 0.0600614 1.06 42.633 0 0.120677  2.55388 -0.00611793 7
1388144082.222550142 -0.00372735 0.0728737 1.248 42.629 0 0.128101  1.87967 -0.000697627 7
1388144082.322550083 -0.004067 0.0860817 1.403 42.633 0 0.132079  1.55 0.000697749 7
1388144082.422548339 -0.00431411 0.0997052 1.54 42.588 0 0.136238  1.37002 -0.0078538 7
1388144082.522525649 -0.00390389 0.107985 0.211 42.619 0 0.0828128  -13.293 0.00541144 7
1388144082.622623997 -0.00349221 0.116981 0.141 42.589 0 0.0898759  -0.699312 -0.00523063 7
1388144082.722664303 -0.00312761 0.128307 0.206 42.566 0 0.113213  0.649738 -0.00401243 7
1388144082.822680580 -0.00266634 0.140054 0.209 42.577 0 0.117451  0.0299951 0.00191916 7
1388144082.922630372 -0.0021244 0.152313 0.188 42.561 0 0.122653  -0.210105 -0.00279373 7
1388144083.022547194 -0.00162928 0.164915 0.143 42.552 0 0.126127  -0.450375 -0.00157257 7
1388144083.122685349 -0.00125242 0.178687 0.224 42.552 0 0.137531  0.808882 0 7
1388144083.222556988 -0.000800857 0.192758 0.211 42.638 0 0.140888  -0.130167 0.0150295 7
1388144083.322624954 -0.000166475 0.207024 0.179 42.646 0 0.14256  -0.319783 0.00139521 7
1388144083.422622516 0.000466382 0.221397 0.133 42.438 0 0.143735  -0.460011 -0.0363038 7
1388144083.522575238 0.00121052 0.237116 0.211 41.932 0 0.157266  0.780369 -0.0883555 7
1388144083.622639639 0.00196207 0.253828 0.208 41.842 0 0.167014  -0.0299807 -0.0156979 7
1388144083.722558421 0.0026968 0.270679 0.217 42.131 0 0.168649  0.0900732 0.0504813 7
1388144083.822626385 0.00486038 0.287713 0.184 42.263 0.0216211 0.170224  -0.329776 0.0230227 7
1388144083.922539578 0.00859153 0.305604 0.158 42.243 0.037344 0.179063  -0.260226 -0.00349377 7
1388144084.022638831 0.0132777 0.319067 0.146 42.274 0.046815 0.1345  -0.119881 0.00540485 7
1388144084.122548045 0.0214076 0.334779 0.12 42.25 0.0813733 0.15726  -0.260236 -0.00419229 7
1388144084.222657213 0.0346401 0.334457 0.109 42.326 0.13218 0  -0.10988 0.0132501 7
1388144084.322547290 0.0588882 0.323474 0.145 42.466 0.242748 -0.109948  0.360396 0.0244614 7
1388144084.422554837 0.0837491 0.306717 0.126 42.42 0.24859 -0.167561  -0.189986 -0.00802816 7
1388144084.522554007 0.103463 0.293964 0.163 41.993 0.197137 -0.12753  0.370003 -0.0745259 7
1388144084.622528170 0.126133 0.284233 0.185 42.052 0.226767 -0.0973329  0.220057 0.0102998 7
1388144084.722608426 0.146467 0.279895 0.266 41.989 0.203168 -0.0433469  0.80935 -0.0109867 7
1388144084.822596494 0.165704 0.279293 0.332 41.972 0.192397 0  0.660079 -0.00296712 7
1388144084.922601944 0.183457 0.284555 0.474 41.822 0.177518 0.0526114  1.41992 -0.0261788 7
1388144085.022601885 0.191814 0.28596 0.584 41.703 0.0835725 0.0140559  1.1 -0.0207693 7
1388144085.122574162 0.195618 0.285477 0.766 41.646 0.0380558 0  1.8205 -0.009951 7
1388144085.222543437 0.20195 0.292604 0.886 41.584 0.0633308 0.0712907  1.20037 -0.0108244 7
1388144085.322659941 0.214524 0.312622 0.974 41.601 0.125598 0.199946  0.878976 0.00296397 7
1388144085.422589761 0.22718 0.34161 1.084 41.601 0.126651 0.290085  1.10077 0 7
1388144085.522552194 0.238497 0.375636 1.127 41.592 0.113207 0.340391  0.430162 -0.00157186 7
1388144085.622681755 0.247687 0.410987 1.151 41.595 0.0917882 0.353049  0.239689 0.000523299 7
1388144085.722685597 0.244028 0.437704 1.146 41.615 -0.0365915 0.267158  -0.0499981 0.0034906 7
1388144085.822554098 0.23829 0.46302 1.114 41.749 -0.0574548 0.253498  -0.320421 0.023418 7
1388144085.922549285 0.228724 0.487191 1.079 41.847 -0.0956713 0.241716  -0.350017 0.017105 7
1388144086.022621158 0.216643 0.505907 1.029 41.974 -0.120723 0.187027  -0.499641 0.0221496 7
1388144086.122547829 0.206674 0.518775 0.992 42.117 -0.0997618 0.128781  -0.370272 0.0249768 7
1388144086.222680530 0.201271 0.522577 0.968 42.204 -0.0539541 0.0379608  -0.239682 0.0151639 7
1388144086.322531711 0.199463 0.51814 0.927 42.252 -0.0181059 -0.0444276  -0.410611 0.00839013 7
1388144086.422546036 0.199493 0.508662 0.925 42.325 0 -0.0947753  -0.0199971 0.0127394 7
1388144086.522586063 0.19888 0.498303 0.933 42.36 0 -0.10354  0.079968 0.00610618 7
1388144086.622536553 0.198319 0.48948 0.947 42.277 0 -0.0882787  0.140069 -0.0144934 7
1388144086.722585448 0.196452 0.481968 0.956 42.149 -0.0186555 -0.0750819  0.089956 -0.0223297 7
1388144086.822548227 0.191124 0.476796 0.97 42.051 -0.0533009 -0.0517394  0.140052 -0.0171105 7
1388144086.922529514 0.18439 0.473733 0.974 41.996 -0.0673502 -0.0306352  0.0400075 -0.00960116 7
1388144087.022684364 0.178177 0.471409 0.975 41.966 -0.0620388 -0.0232096  0 -0.00522768 7
1388144087.122552161 0.17123 0.470452 0.974 41.955 -0.0695602 0  -0.0100132 -0.00192201 7
1388144087.222620132 0.16503 0.469774 0.972 42.019 -0.0619581 0  -0.0199864 0.0111624 7
1388144087.322558673 0.160293 0.467562 0.969 42.162 -0.047399 -0.0221301  -0.0300184 0.0249732 7
1388144087.422571809 0.157457 0.465572 0.968 42.233 -0.0283566 -0.0199009  0 0.0123907 7
1388144087.522623500 0.156152 0.463935 0.965 42.344 -0.0130457 -0.0163599  -0.0299845 0.0193632 4
1388144087.622736929 0.154759 0.460687 0.96 42.4 -0.0139092 -0.0324377  -0.0499433 0.00976273 4
1388144087.722722969 0.15425 0.457106 0.955 42.459 0 -0.0358176  -0.050007 0.0102986 4
1388144088.823006390 7.75122 -0.366255 0.949 -179.073 0.0512958 0.0682623  0 -3.51406 4
1388144088.923490747 7.75668 -0.358653 0.949 -179.106 0.054424 0.075657  0 -0.00573199 3
1388144089.023911127 7.76291 -0.351771 0.953 -179.142 0.0619698 0.0685328  0.0398326 -0.00625676 3
1388144089.124248121 7.76784 -0.345465 0.954 -179.268 0.0492051 0.062847  0 -0.0219172 3
1388144089.224561365 7.77254 -0.33878 0.958 179.871 0.0467796 0.0666431  0.0398751 62.4858 3
1388144089.324852186 7.77648 -0.333019 0.968 178.469 0.0393469 0.0574385  0.09971 -0.243986 3
1388144089.425270964 7.7758 -0.326538 0.962 176.828 0 0.0645357  -0.0597498 -0.285215 3
1388144089.626320132 7.77125 -0.312209 0.961 176.297 -0.0226397 0.0712708  0 -0.0460965 3
1388144090.229642459 7.63464 -0.237342 0.939 173.023 -0.226417 0.124092  -0.0364648 -0.0947124 3
1388144090.430926363 7.45743 -0.180353 0.937 167.636 -0.8804 0.283129  0 -0.467106 3
1388144090.531340810 7.39812 -0.159207 0.912 166.133 -0.590726 0.210584  -0.248968 -0.26124 3
1388144090.631836899 7.33281 -0.139219 0.906 166.838 -0.649804 0.198899  -0.0597038 0.122439 3
1388144090.732313428 7.26139 -0.119558 0.905 167.193 -0.710863 0.195673  0 0.0616653 3
1388144090.833038252 7.18649 -0.0997576 0.905 167.559 -0.743623 0.196581  0 0.0634192 3
1388144091.235149445 6.86783 -0.046974 0.908 168.688 -0.792464 0.131266  0 0.0490033 3
1388144091.335719220 6.78724 -0.0345881 0.907 168.871 -0.801328 0.123157  0 0.0317587 3
1388144091.537034411 6.64606 -0.0545061 0.863 171.703 -0.701276 -0.0989392  -0.218563 0.245524 3
1388144091.637591820 6.58261 -0.0832848 0.841 173.279 -0.630955 -0.286192  -0.21878 0.273539 3
1388144091.738091261 6.52148 -0.117007 0.841 173.26 -0.608272 -0.335546  0 -0.00329916 3
1388144091.838445644 6.46443 -0.150132 0.846 172.93 -0.568566 -0.330077  0.0498234 -0.0573928 3
1388144091.938766360 6.40639 -0.177914 0.86 172.401 -0.578526 -0.276933  0.139552 -0.0920326 3
1388144092.039189326 6.35054 -0.198252 0.829 171.774 -0.556112 -0.202523  -0.308694 -0.108971 3
1388144092.139576045 6.29617 -0.209079 0.81 170.988 -0.541579 -0.107854  -0.189268 -0.136655 3
1388144092.239999425 6.24347 -0.210399 0.805 170.455 -0.524816 -0.0131439  -0.0497892 -0.0926334 3
1388144092.340863653 6.19243 -0.203345 0.808 169.927 -0.506045 0.0699328  0.029743 -0.0913638 3
1388144092.441147634 6.14465 -0.188523 0.822 169.137 -0.476444 0.147806  0.139604 -0.137491 3
1388144092.541604821 6.09206 -0.172238 0.827 168.945 -0.523539 0.162104  0.0497724 -0.033358 3
1388144092.642203087 6.04099 -0.154011 0.859 168.757 -0.507633 0.181189  0.318097 -0.032617 3
1388144092.742685768 5.98779 -0.135119 0.845 168.619 -0.529419 0.188012  -0.139327 -0.0239699 3
1388144092.843342775 5.93345 -0.116577 0.844 168.611 -0.53991 0.184206  0 -0.00138705 3
1388144093.346052934 5.65894 -0.0284962 0.839 168.548 -0.546044 0.175212  0 -0.00218725 3
1388144093.848621799 5.38274 -0.0149245 0.82 170.049 -0.549591 0.0270048  -0.0378058 0.052127 3
1388144094.150310583 5.25678 -0.0347645 0.807 173.593 -0.417495 -0.0657631  -0.0430908 0.205027 3
1388144094.351839701 5.17065 -0.0722577 0.805 176.05 -0.4274 -0.186044  0 0.212787 3
1388144094.552874972 5.0782 -0.115301 0.812 177.234 -0.459883 -0.214108  0.0348198 0.102792 3
1388144094.653232495 5.02668 -0.131983 0.766 177.031 -0.51333 -0.166226  -0.458361 -0.0353038 3
1388144094.753504744 4.9802 -0.144964 0.748 176.403 -0.463545 -0.129463  -0.179511 -0.109309 3
1388144094.853830702 4.93011 -0.150632 0.74 175.782 -0.499248 -0.0564917  -0.0797401 -0.108033 3
1388144094.954352842 4.87894 -0.154231 0.74 175.512 -0.509085 -0.0358042  0 -0.0468792 3
1388144095.054894260 4.82388 -0.148436 0.743 174.692 -0.547627 0.0576417  0.0298384 -0.142346 3
1388144095.155456418 4.7709 -0.141013 0.743 174.417 -0.52683 0.0738125  0 -0.0477285 3
1388144095.356631720 4.66634 -0.115241 0.753 173.478 -0.519742 0.128106  0.0497079 -0.0814644 3
1388144095.457276433 4.61473 -0.102272 0.755 173.413 -0.512772 0.12886  0.0198719 -0.0112717 3
1388144095.557870158 4.56452 -0.0893289 0.756 173.329 -0.499164 0.128669  0 -0.0145748 3
1388144095.859496853 4.4069 -0.0512642 0.791 172.996 -0.522559 0.126198  0.116037 -0.0192685 3
1388144095.960082200 4.35458 -0.0386811 0.792 173.03 -0.520213 0.125099  0 0.00589899 3
1388144096.060717065 4.29834 -0.0276062 0.769 173.517 -0.558773 0.11005  -0.228549 0.0844619 3
1388144096.161314008 4.24208 -0.0194801 0.759 174.557 -0.559271 0.0807789  -0.0994066 0.180437 3
1388144096.261872604 4.18423 -0.0111265 0.757 174.82 -0.575344 0.0830719  -0.0198889 0.0456473 3
1388144096.362545367 4.12689 -0.00334834 0.757 175.064 -0.569559 0.0772617  0 0.0423014 3
1388144096.463064950 4.06785 0.000847715 0.768 176.025 -0.587283 0.0417437  0.109431 0.16686 3
1388144096.563631638 4.00358 0.00517881 0.769 176.191 -0.639154 0.0430669  0 0.0288093 3
1388144096.664259037 3.93623 0.00960044 0.778 176.381 -0.66931 0.0439406  0.0894389 0.0329543 3
1388144096.764917230 3.86752 0.0136811 0.778 176.456 -0.682529 0.0405396  0 0.0130045 3
1388144097.369094828 3.48097 0.0320844 0.748 177.376 -0.6398 0.0304601  -0.0496543 0.0265766 3
1388144104.708668736 -0.57419 -0.298975 0.638 -161.265 -0.552506 -0.0451061  -0.0149872 -0.805278 3
1388144104.923502827 -0.60053 -0.278151 0.668 -160.783 -0.122602 0.0969318  0.139643 0.0391579 8
1388144105.023521833 -0.610329 -0.272254 0.654 -161.068 -0.0979706 0.0589612  -0.139973 -0.0497324 3
1388144105.223520868 -0.603741 -0.271916 0.645 -161.386 0.0329397 0  -0.0450002 -0.0277506 3
1388144105.323484489 -0.598827 -0.271758 0.644 -161.421 0.0491544 0  -0.0100036 -0.00611151 3
1388144105.523290693 -0.625154 -0.276851 0.679 -163.314 -0.131763 -0.0254867  0.17517 -0.165355 4
1388144105.723728751 -0.584461 -0.291363 0.753 -163.824 0.203022 -0.0724046  0.369191 -0.0444088 4
1388144105.923509882 -0.523037 -0.279648 0.803 -164.061 0.307456 0.0586425  0.250274 -0.0207048 9
1388144106.123389352 -0.339093 -0.24543 0.775 -163.808 0.920274 0.171195  -0.140084 0.0220919 9
1388144106.323485887 -0.234084 -0.255591 0.669 -162.342 0.524794 -0.0507834  -0.529744 0.127871 9
1388144106.423429807 -0.184896 -0.261424 0.665 -162.343 0.492154 -0.0583591  -0.0400224 -0.000174535 9
1388144106.523307246 -0.222082 -0.282873 0.501 -164.941 -0.372318 -0.214755  -1.64201 -0.453993 9
1388144106.623387427 -0.270801 -0.295887 0.344 -165.668 -0.4868 -0.13004  -1.56874 -0.126784 9
1388144106.723406851 -0.311105 -0.296697 0.216 -163.941 -0.402964 0  -1.27975 0.30136 9
1388144106.823273322 -0.311105 -0.296697 0 -161.858 0 0  -2.16289 0.364038 2
1388144106.923298546 -0.311105 -0.296697 0 -161.055 0 0  0 0.140114 2
1388144107.023371955 -0.311105 -0.296697 0 -161.093 0 0  0 -0.00662707 2
1388144107.123333267 -0.311105 -0.296697 0 -161.108 0 0  0 -0.0026189 2
1388144107.223436851 -0.311105 -0.296697 0 -161.116 0 0  0 -0.00139538 2
1388144107.323440346 -0.311105 -0.296697 0 -161.124 0 0  0 -0.00139611 2
1388144107.423458727 -0.311105 -0.296697 0 -161.131 0 0  0 -0.0012215 2
1388144107.523594434 -0.311105 -0.296697 0 -161.14 0 0  0 -0.00156847 2
1388144107.623325134 -0.311105 -0.296697 0 -161.147 0 0  0 -0.00122502 2
1388144107.723329189 -0.311105 -0.296697 0 -161.154 0 0  0 -0.00122168 2
1388144107.823392684 -0.311105 -0.296697 0 -161.159 0 0  0 -0.000872297 2
1388144107.923493676 -0.311105 -0.296697 0 -161.16 0 0  0 -0.000174261 2
1388144108.023519456 -0.311105 -0.296697 0 -161.161 0 0  0 -0.000174392 2
1388144108.223259735 -0.311105 -0.296697 0 -161.186 0 0  0 -0.00218463 2
1388144108.323301156 -0.311105 -0.296697 0 -161.19 0 0  0 -0.000697459 2
1388144108.423377711 -0.311105 -0.296697 0 -161.198 0 0  0 -0.00139509 2
1388144108.523432055 -0.311105 -0.296697 0 -161.204 0 0  0 -0.00104672 2
1388144108.623302923 -0.311105 -0.296697 0 -161.21 0 0  0 -0.00104864 2
1388144108.723301323 -0.311105 -0.296697 0 -161.215 0 0  0 -0.000872865 2
1388144108.823322420 -0.311105 -0.296697 0 -161.222 0 0  0 -0.00122147 2
1388144108.923287579 -0.311105 -0.296697 0 -161.23 0 0  0 -0.00139665 2
1388144109.023445493 -0.311105 -0.296697 0 -161.237 0 0  0 -0.0012198 2
1388144109.123305611 -0.311105 -0.296697 0 -161.242 0 0  0 -0.000874074 2
1388144109.223286058 -0.311105 -0.296697 0 -161.249 0 0  0 -0.00122196 2
1388144109.323297454 -0.311105 -0.296697 0 -161.254 0 0  0 -0.000872086 2
1388144109.423360807 -0.311105 -0.296697 0 -161.26 0 0  0 -0.00104663 2
1388144109.523384277 -0.311105 -0.296697 0 -161.267 0 0  0 -0.00122144 2
1388144109.623377166 -0.311105 -0.296697 0 -161.273 0 0  0 -0.00104736 2
1388144109.723505959 -0.311105 -0.296697 0 -161.273 0 0  0 0 2
1388144109.923517422 -0.311105 -0.296697 0 -161.277 0 0  0 -0.000349187 2
1388144110.123508497 -0.311105 -0.296697 0 -161.297 0 0  0 -0.00174545 2
1388144110.223503403 -0.311105 -0.296697 0 -161.307 0 0  0 -0.00174513 2
1388144110.323526249 -0.311105 -0.296697 0 -161.312 0 0  0 -0.000872652 2
1388144110.423374003 -0.311105 -0.296697 0 -161.328 0 0  0 -0.00279658 2
1388144110.523431211 -0.311105 -0.296697 0 -161.337 0 0  0 -0.0015697 2
1388144110.623288815 -0.311105 -0.296697 0 -161.347 0 0  0 -0.00174819 2
1388144110.723328833 -0.311105 -0.296697 0 -161.353 0 0  0 -0.00104687 2
1388144110.823680638 -0.311105 -0.296697 0 -161.359 0 0  0 -0.00104362 2
1388144110.923294490 -0.311105 -0.296697 0 -161.364 0 0  0 -0.000875566 2
1388144111.023249731 -0.311105 -0.296697 0 -161.369 0 0  0 -0.000873242 2
1388144111.123336343 -0.311105 -0.296697 0 -161.379 0 0  0 -0.00174353 2
1388144111.223464231 -0.311105 -0.296697 0 -161.386 0 0  0 -0.00122016 2
1388144111.323512915 -0.311105 -0.296697 0 -161.392 0 0  0 -0.00104678 2
1388144111.423430932 -0.311105 -0.296697 0 -161.402 0 0  0 -0.00174713 2
1388144111.523384421 -0.311105 -0.296697 0 -161.407 0 0  0 -0.000873257 2
1388144111.623368013 -0.311105 -0.296697 0 -161.414 0 0  0 -0.00122193 2
1388144111.723285814 -0.311105 -0.296697 0 -161.42 0 0  0 -0.00104748 2
1388144111.823387795 -0.311105 -0.296697 0 -161.427 0 0  0 -0.00122048 2
1388144111.923403795 -0.311105 -0.296697 0 -161.434 0 0  0 -0.00122153 2
1388144112.023439559 -0.311105 -0.296697 0 -161.441 0 0  0 -0.00122129 2
1388144112.123324539 -0.311105 -0.296697 0 -161.453 0 0  0 -0.00209699 2
1388144112.223275239 -0.311105 -0.296697 0 -161.458 0 0  0 -0.000873282 2
1388144112.323335935 -0.311105 -0.296697 0 -161.467 0 0  0 -0.00156965 2
1388144112.423317085 -0.311105 -0.296697 0 -161.472 0 0  0 -0.000873016 2
1388144112.523385052 -0.311105 -0.296697 0 -161.48 0 0  0 -0.00139521 2
1388144112.623341122 -0.311105 -0.296697 0 -161.488 0 0  0 -0.00139678 2
1388144112.723371093 -0.311105 -0.296697 0 -161.495 0 0  0 -0.00122136 2
1388144112.823352245 -0.311105 -0.296697 0 -161.505 0 0  0 -0.00174603 2
1388144112.923636363 -0.311105 -0.296697 0 -161.509 0 0  0 -0.000695771 2
1388144113.023370693 -0.311105 -0.296697 0 -161.516 0 0  0 -0.00122498 2
1388144113.123506680 -0.311105 -0.296697 0 -161.522 0 0  0 -0.00104587 2
1388144113.223369105 -0.311105 -0.296697 0 -161.531 0 0  0 -0.00157276 2
1388144113.323296472 -0.311105 -0.296697 0 -161.534 0 0  0 -0.000524358 2
1388144113.423498115 -0.311105 -0.296697 0 -161.544 0 0  0 -0.00174152 2
1388144113.523410469 -0.311105 -0.296697 0 -161.55 0 0  0 -0.00104821 2
1388144113.623333231 -0.311105 -0.296697 0 -161.557 0 0  0 -0.00122267 2
1388144113.723287077 -0.311105 -0.296697 0 -161.566 0 0  0 -0.00157132 2
1388144113.823287220 -0.311105 -0.296697 0 -161.57 0 0  0 -0.000698413 2
1388144113.923400096 -0.311105 -0.296697 0 -161.577 0 0  0 -0.00122035 2
1388144114.023360567 -0.311105 -0.296697 0 -161.586 0 0  0 -0.00157122 2
1388144114.123479024 -0.311105 -0.296697 0 -161.594 0 0  0 -0.00139451 2
1388144114.223412335 -0.311105 -0.296697 0 -161.601 0 0  0 -0.00122254 2
1388144114.323277755 -0.311105 -0.296697 0 -161.611 0 0  0 -0.00174805 2
1388144114.423431839 -0.311105 -0.296697 0 -161.616 0 0  0 -0.000871508 2
1388144114.523305011 -0.311105 -0.296697 0 -161.624 0 0  0 -0.00139794 2
1388144114.623456086 -0.311105 -0.296697 0 -161.635 0 0  0 -0.00191658 2
1388144114.723429688 -0.311105 -0.296697 0 -161.643 0 0  0 -0.00139653 2
1388144114.823268643 -0.311105 -0.296697 0 -161.649 0 0  0 -0.00104898 2
1388144114.923300428 -0.311105 -0.296697 0 -161.657 0 0  0 -0.00139638 2
1388144115.023304277 -0.311105 -0.296697 0 -161.663 0 0  0 -0.00104658 2
1388144115.123423645 -0.311105 -0.296697 0 -161.668 0 0  0 -0.00087181 2
1388144115.223405631 -0.311105 -0.296697 0 -161.677 0 0  0 -0.00157088 2
1388144115.323406197 -0.311105 -0.296697 0 -161.683 0 0  0 -0.00104728 2
1388144115.423259609 -0.311105 -0.296697 0 -161.689 0 0  0 -0.00104883 2
1388144115.523497635 -0.311105 -0.296697 0 -161.699 0 0  0 -0.00174156 2
1388144115.623460415 -0.311105 -0.296697 0 -161.707 0 0  0 -0.00139668 2
1388144115.723286376 -0.311105 -0.296697 0 -161.715 0 0  0 -0.0013986 2
1388144115.823320465 -0.311105 -0.296697 0 -161.722 0 0  0 -0.00122131 2
1388144115.923301616 -0.311105 -0.296697 0 -161.733 0 0  0 -0.00191984 2
1388144116.023465678 -0.311105 -0.296697 0 -161.739 0 0  0 -0.00104557 2
1388144116.123312104 -0.311105 -0.296697 0 -161.743 0 0  0 -0.000699488 2
1388144116.223514930 -0.311105 -0.296697 0 -161.746 0 0  0 -0.000522252 2
1388144116.323485115 -0.311105 -0.296697 0 -161.748 0 0  0 -0.000349644 2
1388144163.723507210 -0.311105 -0.296697 0 53.844 0 0  0 0.0793837 2
1388144163.823344634 -0.311105 -0.296697 0 30.135 0 0  0 -4.14474 2
1388144180.123540139 -0.311105 -0.296697 0 176.321 0 0  0 0.156527 2
1388144180.923405954 -0.311105 -0.296697 0 176.293 0 0  0 -0.000610965 2
1388144182.523400834 -0.311105 -0.296697 0 176.188 0 0  0 -0.00114537 2
1388144183.023502213 -0.311105 -0.296697 0 176.158 0 0  0 -0.00104694 2
1388144183.323520182 -0.311105 -0.296697 0 176.142 0 0  0 -0.000930719 2
