0.0452488 0.493495 1.165 1.38806e+09
0.0534095 0.496505 1.16134 1.38806e+09
0.0683061 0.499013 1.1585 1.38806e+09
0.0888733 0.500739 1.15623 1.38806e+09
0.114188 0.501362 1.15435 1.38806e+09
0.143447 0.500579 1.15274 1.38806e+09
0.175943 0.498125 1.15131 1.38806e+09
0.211053 0.493781 1.15001 1.38806e+09
0.248229 0.487376 1.1488 1.38806e+09
0.286981 0.478784 1.14765 1.38806e+09
0.326874 0.467917 1.14654 1.38806e+09
0.367522 0.454722 1.14546 1.38806e+09
0.408579 0.439175 1.14439 1.38806e+09
0.449736 0.421275 1.14334 1.38806e+09
0.490716 0.40104 1.14229 1.38806e+09
0.531269 0.378505 1.14124 1.38806e+09
0.571172 0.35372 1.14019 1.38806e+09
0.610219 0.326745 1.13914 1.38806e+09
0.648228 0.297646 1.13809 1.38806e+09
0.685029 0.266503 1.13703 1.38806e+09
0.72047 0.233397 1.13596 1.38806e+09
0.754412 0.198418 1.1349 1.38806e+09
0.786726 0.161661 1.13382 1.38806e+09
0.817297 0.123223 1.13274 1.38806e+09
0.846018 0.083208 1.13165 1.38806e+09
0.872791 0.0417223 1.13056 1.38806e+09
0.897529 -0.00112434 1.12946 1.38806e+09
0.920153 -0.0452192 1.12835 1.38806e+09
0.940589 -0.0904468 1.12724 1.38806e+09
0.958775 -0.136689 1.12612 1.38806e+09
0.974655 -0.183826 1.125 1.38806e+09
0.988178 -0.231736 1.12386 1.38806e+09
0.999305 -0.280294 1.12273 1.38806e+09
1.008 -0.329376 1.12159 1.38806e+09
1.01423 -0.378856 1.12044 1.38806e+09
1.01799 -0.428606 1.11928 1.38806e+09
1.01925 -0.478499 1.11813 1.38806e+09
1.01801 -0.528408 1.11696 1.38806e+09
1.01427 -0.578203 1.11579 1.38806e+09
1.00803 -0.627759 1.11462 1.38806e+09
0.999315 -0.676948 1.11344 1.38806e+09
0.988138 -0.725644 1.11225 1.38806e+09
0.974526 -0.773722 1.11107 1.38806e+09
0.958513 -0.821061 1.10987 1.38806e+09
0.940137 -0.867537 1.10868 1.38806e+09
0.919444 -0.913034 1.10747 1.38806e+09
0.896485 -0.957433 1.10627 1.38806e+09
0.871318 -1.00062 1.10506 1.38806e+09
0.844006 -1.04249 1.10385 1.38806e+09
0.814617 -1.08293 1.10263 1.38806e+09
0.783225 -1.12184 1.10141 1.38806e+09
0.74991 -1.15911 1.10018 1.38806e+09
0.714756 -1.19466 1.09895 1.38806e+09
0.677853 -1.22839 1.09772 1.38806e+09
0.639293 -1.26021 1.09649 1.38806e+09
0.599176 -1.29005 1.09525 1.38806e+09
0.557602 -1.31783 1.09401 1.38806e+09
0.514679 -1.34346 1.09276 1.38806e+09
0.470514 -1.3669 1.09151 1.38806e+09
0.425222 -1.38808 1.09026 1.38806e+09
0.378917 -1.40694 1.08901 1.38806e+09
0.331718 -1.42344 1.08775 1.38806e+09
0.283745 -1.43753 1.0865 1.38806e+09
0.235122 -1.44917 1.08523 1.38806e+09
0.185971 -1.45835 1.08397 1.38806e+09
0.136419 -1.46502 1.0827 1.38806e+09
0.0865933 -1.46918 1.08144 1.38806e+09
0.0704297 -1.46803 1.07801 1.38806e+09
0.0487601 -1.46882 1.07552 1.38806e+09
0.022701 -1.47175 1.07367 1.38806e+09
-0.0067958 -1.47688 1.07227 1.38806e+09
-0.0389334 -1.48412 1.07117 1.38806e+09
-0.0730555 -1.49329 1.07028 1.38806e+09
-0.108631 -1.50418 1.06951 1.38806e+09
-0.145239 -1.51654 1.06884 1.38806e+09
-0.182552 -1.53009 1.06822 1.38806e+09
-0.220321 -1.54458 1.06762 1.38806e+09
-0.258364 -1.55975 1.06704 1.38806e+09
-0.29655 -1.57537 1.06647 1.38806e+09
-0.334791 -1.59124 1.06589 1.38806e+09
-0.373034 -1.60717 1.0653 1.38806e+09
-0.411248 -1.623 1.0647 1.38806e+09
-0.449422 -1.63861 1.06409 1.38806e+09
-0.487559 -1.65389 1.06346 1.38806e+09
-0.525668 -1.66875 1.06283 1.38806e+09
-0.563768 -1.68313 1.06218 1.38806e+09
-0.601875 -1.69699 1.06152 1.38806e+09
-0.640012 -1.7103 1.06084 1.38806e+09
-0.678197 -1.72303 1.06016 1.38806e+09
-0.716447 -1.73518 1.05946 1.38806e+09
-0.75478 -1.74675 1.05876 1.38806e+09
-0.793207 -1.75775 1.05804 1.38806e+09
-0.83174 -1.76819 1.05732 1.38806e+09
-0.870387 -1.77808 1.05658 1.38806e+09
-0.909154 -1.78746 1.05584 1.38806e+09
-0.948043 -1.79632 1.05509 1.38806e+09
-0.987057 -1.80471 1.05433 1.38806e+09
-1.02619 -1.81264 1.05356 1.38806e+09
-1.06545 -1.82013 1.05279 1.38806e+09
-1.10483 -1.82721 1.052 1.38806e+09
-1.14432 -1.83389 1.05122 1.38806e+09
-1.18393 -1.84019 1.05042 1.38806e+09
-1.22364 -1.84614 1.04961 1.38806e+09
-1.26344 -1.85176 1.0488 1.38806e+09
-1.30334 -1.85705 1.04799 1.38806e+09
-1.34333 -1.86203 1.04716 1.38806e+09
-1.38341 -1.86673 1.04633 1.38806e+09
-1.42355 -1.87115 1.0455 1.38806e+09
-1.46377 -1.8753 1.04466 1.38806e+09
-1.50406 -1.8792 1.04381 1.38806e+09
-1.54441 -1.88286 1.04296 1.38806e+09
-1.58485 -1.88573 1.0421 1.38806e+09
-1.62552 -1.88541 1.04123 1.38806e+09
-1.66649 -1.88157 1.04036 1.38806e+09
-1.70778 -1.87446 1.03948 1.38806e+09
-1.74936 -1.86455 1.0386 1.38806e+09
-1.79123 -1.85236 1.0377 1.38806e+09
-1.8334 -1.83834 1.03679 1.38806e+09
-1.87589 -1.82292 1.03588 1.38806e+09
-1.91872 -1.80645 1.03495 1.38806e+09
-1.9619 -1.78921 1.034 1.38806e+09
-2.00544 -1.77147 1.03305 1.38806e+09
-2.04934 -1.75341 1.03208 1.38806e+09
-2.09361 -1.73521 1.0311 1.38806e+09
-2.13823 -1.717 1.0301 1.38806e+09
-2.1832 -1.69889 1.02909 1.38806e+09
-2.2285 -1.68098 1.02807 1.38806e+09
-2.27412 -1.66332 1.02703 1.38806e+09
-2.32004 -1.64597 1.02598 1.38806e+09
-2.36625 -1.62897 1.02492 1.38806e+09
-2.41272 -1.61236 1.02385 1.38806e+09
-2.45945 -1.59616 1.02276 1.38806e+09
-2.50641 -1.58037 1.02167 1.38806e+09
-2.55359 -1.56501 1.02056 1.38806e+09
-2.60098 -1.55008 1.01944 1.38806e+09
-2.64855 -1.53558 1.01832 1.38806e+09
-2.69629 -1.52151 1.01718 1.38806e+09
-2.74419 -1.50786 1.01603 1.38806e+09
-2.79224 -1.49462 1.01488 1.38806e+09
-2.84042 -1.48178 1.01372 1.38806e+09
-2.88873 -1.46933 1.01255 1.38806e+09
-2.93716 -1.45726 1.01138 1.38806e+09
-2.98569 -1.44556 1.0102 1.38806e+09
-3.03431 -1.43422 1.00901 1.38806e+09
-3.08303 -1.42322 1.00781 1.38806e+09
-3.13183 -1.41254 1.00662 1.38806e+09
-3.1807 -1.40219 1.00541 1.38806e+09
-3.22965 -1.39214 1.0042 1.38806e+09
-3.27866 -1.38238 1.00299 1.38806e+09
-3.32773 -1.3729 1.00177 1.38806e+09
-3.37685 -1.36369 1.00055 1.38806e+09
-3.42603 -1.35473 0.999324 1.38806e+09
-3.47525 -1.34602 0.998095 1.38806e+09
-3.52451 -1.33755 0.996862 1.38806e+09
-3.57382 -1.3293 0.995627 1.38806e+09
-3.62316 -1.32127 0.994389 1.38806e+09
-3.67254 -1.31344 0.993148 1.38806e+09
-3.72194 -1.30581 0.991905 1.38806e+09
-3.77138 -1.29837 0.990659 1.38806e+09
-3.82085 -1.2911 0.989412 1.38806e+09
-3.87034 -1.28401 0.988162 1.38806e+09
-3.91985 -1.27708 0.98691 1.38806e+09
-3.96939 -1.2703 0.985657 1.38806e+09
-4.01894 -1.26368 0.984402 1.38806e+09
-4.06852 -1.2572 0.983145 1.38806e+09
-4.11811 -1.25085 0.981887 1.38806e+09
-4.16772 -1.24463 0.980627 1.38806e+09
-4.21735 -1.23853 0.979366 1.38806e+09
-4.26699 -1.23256 0.978104 1.38806e+09
-4.31665 -1.22669 0.976841 1.38806e+09
-4.36631 -1.22094 0.975577 1.38806e+09
-4.41599 -1.21528 0.974312 1.38806e+09
-4.46568 -1.20973 0.973046 1.38806e+09
-4.51538 -1.20426 0.971779 1.38806e+09
-4.56509 -1.19889 0.970511 1.38806e+09
-4.61481 -1.1936 0.969242 1.38806e+09
-4.66454 -1.18839 0.967973 1.38806e+09
-4.71427 -1.18326 0.966703 1.38806e+09
-4.76402 -1.1782 0.965433 1.38806e+09
-4.81377 -1.17321 0.964161 1.38806e+09
-4.86352 -1.16829 0.96289 1.38806e+09
-4.91329 -1.16344 0.961617 1.38806e+09
-4.96306 -1.15864 0.960345 1.38806e+09
-5.01283 -1.1539 0.959072 1.38806e+09
-5.06261 -1.14922 0.957798 1.38806e+09
-5.1124 -1.14459 0.956524 1.38806e+09
-5.16219 -1.14002 0.95525 1.38806e+09
-5.21198 -1.13549 0.953975 1.38806e+09
-5.26178 -1.131 0.9527 1.38806e+09
-5.31158 -1.12656 0.951424 1.38806e+09
-5.36139 -1.12217 0.950149 1.38806e+09
-5.4112 -1.11781 0.948873 1.38806e+09
-5.46101 -1.11349 0.947596 1.38806e+09
-5.51083 -1.1092 0.94632 1.38806e+09
-5.56065 -1.10496 0.945043 1.38806e+09
-5.61047 -1.10074 0.943766 1.38806e+09
-5.66029 -1.09656 0.942489 1.38806e+09
-5.71012 -1.0924 0.941212 1.38806e+09
-5.75995 -1.08828 0.939934 1.38806e+09
-5.80978 -1.08418 0.938656 1.38806e+09
-5.85962 -1.08011 0.937379 1.38806e+09
-5.90945 -1.07606 0.936101 1.38806e+09
-5.95929 -1.07204 0.934822 1.38806e+09
-6.00913 -1.06804 0.933544 1.38806e+09
-6.05897 -1.06406 0.932266 1.38806e+09
-6.10881 -1.0601 0.930987 1.38806e+09
-6.15866 -1.05616 0.929708 1.38806e+09
-6.2085 -1.05224 0.92843 1.38806e+09
-6.25835 -1.04834 0.927151 1.38806e+09
-6.3082 -1.04445 0.925872 1.38806e+09
-6.35805 -1.04059 0.924593 1.38806e+09
-6.4079 -1.03673 0.923314 1.38806e+09
-6.45775 -1.0329 0.922035 1.38806e+09
-6.50761 -1.02907 0.920755 1.38806e+09
-6.55746 -1.02526 0.919476 1.38806e+09
-6.60732 -1.02146 0.918197 1.38806e+09
-6.65718 -1.01768 0.916917 1.38806e+09
-6.70703 -1.0139 0.915638 1.38806e+09
-6.75689 -1.01014 0.914358 1.38806e+09
-6.80675 -1.00639 0.913078 1.38806e+09
-6.85661 -1.00265 0.911799 1.38806e+09
-6.90647 -0.998917 0.910519 1.38806e+09
-6.95633 -0.995194 0.909239 1.38806e+09
-7.00619 -0.991481 0.907959 1.38806e+09
-7.05606 -0.987775 0.906679 1.38806e+09
-7.10592 -0.984078 0.9054 1.38806e+09
-7.15578 -0.980388 0.90412 1.38806e+09
-7.20565 -0.976706 0.90284 1.38806e+09
-7.25551 -0.97303 0.90156 1.38806e+09
-7.30538 -0.969362 0.90028 1.38806e+09
-7.35524 -0.965699 0.899 1.38806e+09
-7.40511 -0.962043 0.897719 1.38806e+09
-7.45498 -0.958392 0.896439 1.38806e+09
-7.50484 -0.954747 0.895159 1.38806e+09
-7.55471 -0.951107 0.893879 1.38806e+09
-7.60458 -0.947472 0.892599 1.38806e+09
-7.65445 -0.943842 0.891319 1.38806e+09
-7.70431 -0.940216 0.890039 1.38806e+09
-7.75418 -0.936595 0.888758 1.38806e+09
-7.80405 -0.932978 0.887478 1.38806e+09
-7.85392 -0.929365 0.886198 1.38806e+09
-7.83941 -0.936194 0.882758 1.38806e+09
-7.8447 -0.93269 0.880222 1.38806e+09
-7.85835 -0.923925 0.878301 1.38806e+09
-7.87649 -0.913899 0.876795 1.38806e+09
-7.89882 -0.904213 0.875571 1.38806e+09
-7.92515 -0.895493 0.874537 1.38806e+09
-7.95506 -0.887789 0.873629 1.38806e+09
-7.98805 -0.8808 0.872803 1.38806e+09
-8.02422 -0.879315 0.872031 1.38806e+09
-8.06263 -0.881768 0.871293 1.38806e+09
-8.10249 -0.887248 0.870578 1.38806e+09
-8.1432 -0.894849 0.869878 1.38806e+09
-8.18433 -0.903712 0.86919 1.38806e+09
-8.22552 -0.913053 0.868513 1.38806e+09
-8.26652 -0.922183 0.867845 1.38806e+09
-8.30712 -0.930519 0.867189 1.38806e+09
-8.34719 -0.937583 0.866545 1.38806e+09
-8.38661 -0.943006 0.865913 1.38806e+09
-8.42531 -0.946515 0.865295 1.38806e+09
-8.46323 -0.947924 0.864691 1.38806e+09
-8.50035 -0.947125 0.864101 1.38806e+09
-8.53665 -0.944068 0.863524 1.38806e+09
-8.57212 -0.938755 0.86296 1.38806e+09
-8.60679 -0.931224 0.862408 1.38806e+09
-8.64065 -0.921541 0.861867 1.38806e+09
-8.67373 -0.909792 0.861335 1.38806e+09
-8.70603 -0.896074 0.860812 1.38806e+09
-8.73756 -0.880492 0.860297 1.38806e+09
-8.76833 -0.863153 0.859788 1.38806e+09
-8.79834 -0.844164 0.859284 1.38806e+09
-8.82758 -0.823629 0.858784 1.38806e+09
-8.85605 -0.801649 0.858288 1.38806e+09
-8.88373 -0.778317 0.857795 1.38806e+09
-8.91061 -0.753724 0.857304 1.38806e+09
-8.93667 -0.727953 0.856814 1.38806e+09
-8.96189 -0.701083 0.856326 1.38806e+09
-8.98623 -0.673186 0.855838 1.38806e+09
-9.00969 -0.644329 0.85535 1.38806e+09
-9.03223 -0.614576 0.854862 1.38806e+09
-9.05382 -0.583986 0.854373 1.38806e+09
-9.07446 -0.552615 0.853884 1.38806e+09
-9.0941 -0.520514 0.853394 1.38806e+09
-9.11273 -0.487733 0.852903 1.38806e+09
-9.12985 -0.45407 0.852412 1.38806e+09
-9.14287 -0.418461 0.851918 1.38806e+09
-9.15148 -0.380848 0.851421 1.38806e+09
-9.15185 -0.366729 0.848452 1.38806e+09
-9.14984 -0.347154 0.846517 1.38806e+09
-9.1459 -0.322997 0.84528 1.38806e+09
-9.14045 -0.294975 0.844513 1.38806e+09
-9.13384 -0.263685 0.844065 1.38806e+09
-9.12634 -0.229628 0.843833 1.38806e+09
-9.11818 -0.193232 0.843747 1.38806e+09
-9.10948 -0.154866 0.84376 1.38806e+09
-9.10032 -0.114848 0.843841 1.38806e+09
-9.09071 -0.0734592 0.843969 1.38806e+09
-9.08062 -0.0309451 0.844127 1.38806e+09
-9.06997 0.0124752 0.844307 1.38806e+09
-9.05866 0.0566054 0.844501 1.38806e+09
-9.04657 0.101268 0.844703 1.38806e+09
-9.03358 0.146299 0.845009 1.38806e+09
-9.01956 0.191546 0.845351 1.38806e+09
-9.0044 0.236868 0.845715 1.38806e+09
-8.98799 0.282126 0.846093 1.38806e+09
-8.97023 0.327189 0.846478 1.38806e+09
-8.95103 0.371931 0.846865 1.38806e+09
-8.93032 0.416228 0.847252 1.38806e+09
-8.90806 0.459959 0.847637 1.38806e+09
-8.8842 0.503006 0.848016 1.38806e+09
-8.85871 0.545252 0.84839 1.38806e+09
-8.83157 0.586586 0.848757 1.38806e+09
-8.80278 0.626896 0.849117 1.38806e+09
-8.77235 0.666074 0.84947 1.38806e+09
-8.74029 0.704015 0.849814 1.38806e+09
-8.70664 0.740617 0.850151 1.38806e+09
-8.67142 0.77578 0.850479 1.38806e+09
-8.63469 0.809408 0.850798 1.38806e+09
-8.59649 0.84141 0.851109 1.38806e+09
-8.55688 0.871697 0.851412 1.38806e+09
-8.51593 0.900184 0.851707 1.38806e+09
-8.47371 0.926791 0.851993 1.38806e+09
-8.43031 0.951443 0.85227 1.38806e+09
-8.3858 0.974068 0.85254 1.38806e+09
-8.34028 0.994601 0.852801 1.38806e+09
-8.29383 1.01298 0.853055 1.38806e+09
-8.24656 1.02915 0.8533 1.38806e+09
-8.19858 1.04307 0.853538 1.38806e+09
-8.14997 1.05468 0.853769 1.38806e+09
-8.10087 1.06395 0.853991 1.38806e+09
-8.05137 1.07085 0.854207 1.38806e+09
-8.0429 1.07242 0.851149 1.38806e+09
-8.02764 1.07342 0.849149 1.38806e+09
-8.00677 1.07399 0.847877 1.38806e+09
-7.98121 1.07429 0.847105 1.38806e+09
-7.95171 1.07445 0.846673 1.38806e+09
-7.91892 1.07453 0.846472 1.38806e+09
-7.88335 1.07457 0.846423 1.38806e+09
-7.84546 1.07459 0.846474 1.38806e+09
-7.80563 1.0746 0.846588 1.38806e+09
-7.76415 1.0746 0.84674 1.38806e+09
-7.72131 1.07459 0.846913 1.38806e+09
-7.67731 1.07458 0.847094 1.38806e+09
-7.63235 1.07455 0.847275 1.38806e+09
-7.58658 1.07452 0.847452 1.38806e+09
-7.54012 1.07449 0.847621 1.38806e+09
-7.4931 1.07444 0.84778 1.38806e+09
-7.4456 1.07439 0.847926 1.38806e+09
-7.39769 1.07434 0.848061 1.38806e+09
-7.34945 1.07427 0.848183 1.38806e+09
-7.30092 1.0742 0.848293 1.38806e+09
-7.25216 1.07413 0.848391 1.38806e+09
-7.2032 1.07405 0.848476 1.38806e+09
-7.15407 1.07396 0.84855 1.38806e+09
-7.1048 1.07387 0.848614 1.38806e+09
-7.05542 1.07377 0.848666 1.38806e+09
-7.00593 1.07367 0.848709 1.38806e+09
-6.95636 1.07356 0.848741 1.38806e+09
-6.90673 1.07345 0.848765 1.38806e+09
-6.85703 1.07334 0.84878 1.38806e+09
-6.80729 1.07322 0.848787 1.38806e+09
-6.7575 1.07309 0.848786 1.38806e+09
-6.70768 1.07297 0.848778 1.38806e+09
-6.65783 1.07284 0.848763 1.38806e+09
-6.60796 1.07271 0.848741 1.38806e+09
-6.55806 1.07257 0.848713 1.38806e+09
-6.50815 1.07243 0.848679 1.38806e+09
-6.45823 1.07229 0.848639 1.38806e+09
-6.40829 1.07214 0.848595 1.38806e+09
-6.35834 1.072 0.848545 1.38806e+09
-6.30839 1.07185 0.84849 1.38806e+09
-6.25843 1.0717 0.848431 1.38806e+09
-6.20846 1.07154 0.848368 1.38806e+09
-6.15848 1.07139 0.8483 1.38806e+09
-6.10851 1.07123 0.848229 1.38806e+09
-6.05852 1.07107 0.848155 1.38806e+09
-6.00854 1.07091 0.848077 1.38806e+09
-5.95855 1.07074 0.847995 1.38806e+09
-5.90856 1.07058 0.847911 1.38806e+09
-5.85857 1.07041 0.847824 1.38806e+09
-5.80858 1.07024 0.847734 1.38806e+09
-5.75859 1.07007 0.847642 1.38806e+09
-5.70859 1.0699 0.847547 1.38806e+09
-5.6586 1.06973 0.84745 1.38806e+09
-5.6086 1.06956 0.847351 1.38806e+09
-5.55861 1.06938 0.84725 1.38806e+09
-5.50861 1.0692 0.847146 1.38806e+09
-5.45861 1.06903 0.847041 1.38806e+09
-5.40861 1.06885 0.846935 1.38806e+09
-5.35862 1.06867 0.846826 1.38806e+09
-5.30862 1.06849 0.846717 1.38806e+09
-5.25862 1.06831 0.846605 1.38806e+09
-5.20862 1.06813 0.846493 1.38806e+09
-5.15862 1.06795 0.846379 1.38806e+09
-5.10862 1.06776 0.846263 1.38806e+09
-5.05862 1.06758 0.846147 1.38806e+09
-5.00862 1.06739 0.84603 1.38806e+09
-4.95862 1.06721 0.845911 1.38806e+09
-4.90863 1.06702 0.845792 1.38806e+09
-4.85863 1.06684 0.845671 1.38806e+09
-4.80863 1.06665 0.84555 1.38806e+09
-4.75863 1.06646 0.845428 1.38806e+09
-4.70863 1.06627 0.845305 1.38806e+09
-4.65863 1.06609 0.845182 1.38806e+09
-4.60863 1.0659 0.845057 1.38806e+09
-4.55863 1.06571 0.844932 1.38806e+09
-4.50863 1.06552 0.844807 1.38806e+09
-4.45863 1.06533 0.844681 1.38806e+09
-4.40863 1.06514 0.844554 1.38806e+09
-4.35863 1.06494 0.844427 1.38806e+09
-4.30863 1.06475 0.844299 1.38806e+09
-4.25863 1.06456 0.844171 1.38806e+09
-4.20863 1.06437 0.844042 1.38806e+09
-4.15863 1.06418 0.843913 1.38806e+09
-4.10863 1.06398 0.843784 1.38806e+09
-4.05863 1.06379 0.843654 1.38806e+09
-4.00863 1.0636 0.843524 1.38806e+09
-3.95863 1.0634 0.843393 1.38806e+09
-3.90863 1.06321 0.843262 1.38806e+09
-3.85863 1.06302 0.843131 1.38806e+09
-3.80864 1.06282 0.843 1.38806e+09
-3.75864 1.06263 0.842868 1.38806e+09
-3.70864 1.06243 0.842736 1.38806e+09
-3.65864 1.06224 0.842604 1.38806e+09
-3.60864 1.06204 0.842472 1.38806e+09
-3.55864 1.06185 0.842339 1.38806e+09
-3.50864 1.06165 0.842206 1.38806e+09
-3.45864 1.06145 0.842073 1.38806e+09
-3.40864 1.06126 0.84194 1.38806e+09
-3.35864 1.06106 0.841807 1.38806e+09
-3.30864 1.06087 0.841673 1.38806e+09
-3.25864 1.06067 0.841539 1.38806e+09
-3.20864 1.06047 0.841406 1.38806e+09
-3.15864 1.06028 0.841272 1.38806e+09
-3.10864 1.06008 0.841138 1.38806e+09
-3.05864 1.05988 0.841003 1.38806e+09
-3.00864 1.05969 0.840869 1.38806e+09
-2.95864 1.05949 0.840735 1.38806e+09
-2.90864 1.05929 0.8406 1.38806e+09
-2.85864 1.0591 0.840466 1.38806e+09
-2.80864 1.0589 0.840331 1.38806e+09
-2.75864 1.0587 0.840196 1.38806e+09
-2.70864 1.0585 0.840061 1.38806e+09
-2.65864 1.05831 0.839926 1.38806e+09
-2.60864 1.05811 0.839791 1.38806e+09
-2.55864 1.05791 0.839656 1.38806e+09
-2.50865 1.05771 0.839521 1.38806e+09
-2.45865 1.05752 0.839386 1.38806e+09
-2.40865 1.05732 0.839251 1.38806e+09
-2.35865 1.05712 0.839115 1.38806e+09
-2.30865 1.05692 0.83898 1.38806e+09
-2.25865 1.05673 0.838845 1.38806e+09
-2.20865 1.05653 0.838709 1.38806e+09
-2.15865 1.05633 0.838574 1.38806e+09
-2.10865 1.05613 0.838438 1.38806e+09
-2.05865 1.05593 0.838302 1.38806e+09
-2.00865 1.05573 0.838167 1.38806e+09
-1.95865 1.05554 0.838031 1.38806e+09
-1.90865 1.05534 0.837895 1.38806e+09
-1.85865 1.05514 0.83776 1.38806e+09
-1.80865 1.05494 0.837624 1.38806e+09
-1.75865 1.05474 0.837488 1.38806e+09
-1.70865 1.05455 0.837352 1.38806e+09
-1.65865 1.05435 0.837216 1.38806e+09
-1.60865 1.05415 0.837081 1.38806e+09
-1.55865 1.05395 0.836945 1.38806e+09
-1.50865 1.05375 0.836809 1.38806e+09
-1.45865 1.05355 0.836673 1.38806e+09
-1.40865 1.05335 0.836537 1.38806e+09
-1.35865 1.05316 0.836401 1.38806e+09
-1.30865 1.05296 0.836265 1.38806e+09
-1.25866 1.05276 0.836129 1.38806e+09
-1.20866 1.05256 0.835993 1.38806e+09
-1.15866 1.05236 0.835857 1.38806e+09
-1.10866 1.05216 0.835721 1.38806e+09
-1.05866 1.05196 0.835585 1.38806e+09
-1.00866 1.05177 0.835449 1.38806e+09
-0.958658 1.05157 0.835313 1.38806e+09
-0.908658 1.05137 0.835177 1.38806e+09
-0.858658 1.05117 0.835041 1.38806e+09
-0.808659 1.05097 0.834905 1.38806e+09
-0.758659 1.05077 0.834768 1.38806e+09
-0.70866 1.05057 0.834632 1.38806e+09
-0.65866 1.05037 0.834496 1.38806e+09
-0.60866 1.05018 0.83436 1.38806e+09
-0.558661 1.04998 0.834224 1.38806e+09
-0.508661 1.04978 0.834088 1.38806e+09
-0.458661 1.04958 0.833952 1.38806e+09
-0.408662 1.04938 0.833815 1.38806e+09
-0.358662 1.04918 0.833679 1.38806e+09
-0.308663 1.04898 0.833543 1.38806e+09
-0.258663 1.04878 0.833407 1.38806e+09
-0.208663 1.04858 0.833271 1.38806e+09
-0.158664 1.04839 0.833135 1.38806e+09
-0.108664 1.04819 0.832998 1.38806e+09
-0.0586647 1.04799 0.832862 1.38806e+09
-0.00866505 1.04779 0.832726 1.38806e+09
0.0413346 1.04759 0.83259 1.38806e+09
0.0913342 1.04739 0.832454 1.38806e+09
0.141334 1.04719 0.832317 1.38806e+09
0.191333 1.04699 0.832181 1.38806e+09
0.241333 1.04679 0.832045 1.38806e+09
0.291333 1.0466 0.831909 1.38806e+09
0.341332 1.0464 0.831773 1.38806e+09
0.391332 1.0462 0.831636 1.38806e+09
0.441331 1.046 0.8315 1.38806e+09
0.491331 1.0458 0.831364 1.38806e+09
0.541331 1.0456 0.831228 1.38806e+09
0.59133 1.0454 0.831091 1.38806e+09
0.64133 1.0452 0.830955 1.38806e+09
0.691329 1.045 0.830819 1.38806e+09
0.741329 1.04481 0.830683 1.38806e+09
0.791329 1.04461 0.830546 1.38806e+09
0.841328 1.04441 0.83041 1.38806e+09
0.891328 1.04421 0.830274 1.38806e+09
0.941327 1.04401 0.830138 1.38806e+09
0.991327 1.04381 0.830002 1.38806e+09
1.04133 1.04361 0.829865 1.38806e+09
1.09133 1.04341 0.829729 1.38806e+09
1.14133 1.04321 0.829593 1.38806e+09
1.19133 1.04301 0.829457 1.38806e+09
1.24133 1.04282 0.82932 1.38806e+09
1.29132 1.04262 0.829184 1.38806e+09
1.34132 1.04242 0.829048 1.38806e+09
1.39132 1.04222 0.828912 1.38806e+09
1.44132 1.04202 0.828775 1.38806e+09
1.49132 1.04182 0.828639 1.38806e+09
1.54132 1.04162 0.828503 1.38806e+09
1.59132 1.04142 0.828367 1.38806e+09
1.64132 1.04122 0.82823 1.38806e+09
1.69132 1.04102 0.828094 1.38806e+09
1.74132 1.04083 0.827958 1.38806e+09
1.79132 1.04063 0.827822 1.38806e+09
1.84132 1.04043 0.827685 1.38806e+09
1.89132 1.04023 0.827549 1.38806e+09
1.94132 1.04003 0.827413 1.38806e+09
1.99132 1.03983 0.827276 1.38806e+09
2.04132 1.03963 0.82714 1.38806e+09
2.09132 1.03943 0.827004 1.38806e+09
2.14132 1.03923 0.826868 1.38806e+09
2.19132 1.03903 0.826731 1.38806e+09
2.24132 1.03884 0.826595 1.38806e+09
2.29132 1.03864 0.826459 1.38806e+09
2.34132 1.03844 0.826323 1.38806e+09
2.39132 1.03824 0.826186 1.38806e+09
2.44132 1.03804 0.82605 1.38806e+09
2.49132 1.03784 0.825914 1.38806e+09
2.54131 1.03764 0.825778 1.38806e+09
2.59131 1.03744 0.825641 1.38806e+09
2.64131 1.03724 0.825505 1.38806e+09
2.69131 1.03704 0.825369 1.38806e+09
2.74131 1.03685 0.825233 1.38806e+09
2.79131 1.03665 0.825096 1.38806e+09
2.84131 1.03645 0.82496 1.38806e+09
2.89131 1.03625 0.824824 1.38806e+09
2.94131 1.03605 0.824688 1.38806e+09
2.99131 1.03585 0.824551 1.38806e+09
3.04131 1.03565 0.824415 1.38806e+09
3.09131 1.03545 0.824279 1.38806e+09
3.14131 1.03525 0.824143 1.38806e+09
3.19131 1.03505 0.824006 1.38806e+09
3.24131 1.03486 0.82387 1.38806e+09
3.29131 1.03466 0.823734 1.38806e+09
3.34131 1.03446 0.823597 1.38806e+09
3.39131 1.03426 0.823461 1.38806e+09
3.44131 1.03406 0.823325 1.38806e+09
3.49131 1.03386 0.823189 1.38806e+09
3.54131 1.03366 0.823052 1.38806e+09
3.59131 1.03346 0.822916 1.38806e+09
3.64131 1.03326 0.82278 1.38806e+09
3.69131 1.03306 0.822644 1.38806e+09
3.74131 1.03287 0.822507 1.38806e+09
3.7913 1.03267 0.822371 1.38806e+09
3.8413 1.03247 0.822235 1.38806e+09
3.8913 1.03227 0.822099 1.38806e+09
3.9413 1.03207 0.821962 1.38806e+09
3.9913 1.03187 0.821826 1.38806e+09
4.0413 1.03167 0.82169 1.38806e+09
4.0913 1.03147 0.821554 1.38806e+09
4.1413 1.03127 0.821417 1.38806e+09
4.1913 1.03107 0.821281 1.38806e+09
4.2413 1.03087 0.821145 1.38806e+09
4.2913 1.03068 0.821008 1.38806e+09
4.3413 1.03048 0.820872 1.38806e+09
4.3913 1.03028 0.820736 1.38806e+09
4.4413 1.03008 0.8206 1.38806e+09
4.4913 1.02988 0.820463 1.38806e+09
4.5413 1.02968 0.820327 1.38806e+09
4.5913 1.02948 0.820191 1.38806e+09
4.6413 1.02928 0.820055 1.38806e+09
4.6913 1.02908 0.819918 1.38806e+09
4.7413 1.02888 0.819782 1.38806e+09
4.7913 1.02869 0.819646 1.38806e+09
4.8413 1.02849 0.81951 1.38806e+09
4.8913 1.02829 0.819373 1.38806e+09
4.9413 1.02809 0.819237 1.38806e+09
4.9913 1.02789 0.819101 1.38806e+09
5.04129 1.02769 0.818965 1.38806e+09
5.09129 1.02749 0.818828 1.38806e+09
5.14129 1.02729 0.818692 1.38806e+09
5.19129 1.02709 0.818556 1.38806e+09
5.24129 1.02689 0.818419 1.38806e+09
5.29129 1.0267 0.818283 1.38806e+09
5.34129 1.0265 0.818147 1.38806e+09
5.39129 1.0263 0.818011 1.38806e+09
5.44129 1.0261 0.817874 1.38806e+09
5.49129 1.0259 0.817738 1.38806e+09
5.54129 1.0257 0.817602 1.38806e+09
5.59129 1.0255 0.817466 1.38806e+09
5.64129 1.0253 0.817329 1.38806e+09
5.69129 1.0251 0.817193 1.38806e+09
5.74129 1.0249 0.817057 1.38806e+09
5.79129 1.02471 0.816921 1.38806e+09
5.84129 1.02451 0.816784 1.38806e+09
5.89129 1.02431 0.816648 1.38806e+09
5.94129 1.02411 0.816512 1.38806e+09
5.99129 1.02391 0.816376 1.38806e+09
6.04129 1.02371 0.816239 1.38806e+09
6.09129 1.02351 0.816103 1.38806e+09
6.14129 1.02331 0.815967 1.38806e+09
6.19129 1.02311 0.81583 1.38806e+09
6.24129 1.02291 0.815694 1.38806e+09
6.29129 1.02272 0.815558 1.38806e+09
6.34128 1.02252 0.815422 1.38806e+09
6.39128 1.02232 0.815285 1.38806e+09
6.44128 1.02212 0.815149 1.38806e+09
6.49128 1.02192 0.815013 1.38806e+09
6.54128 1.02172 0.814877 1.38806e+09
6.59128 1.02152 0.81474 1.38806e+09
6.64128 1.02132 0.814604 1.38806e+09
6.69128 1.02112 0.814468 1.38806e+09
6.74128 1.02092 0.814332 1.38806e+09
6.79128 1.02072 0.814195 1.38806e+09
6.84128 1.02053 0.814059 1.38806e+09
6.89128 1.02033 0.813923 1.38806e+09
6.94128 1.02013 0.813786 1.38806e+09
6.99128 1.01993 0.81365 1.38806e+09
7.04128 1.01973 0.813514 1.38806e+09
7.09128 1.01953 0.813378 1.38806e+09
7.14128 1.01933 0.813241 1.38806e+09
7.19128 1.01913 0.813105 1.38806e+09
7.24128 1.01893 0.812969 1.38806e+09
7.29128 1.01873 0.812833 1.38806e+09
7.34128 1.01854 0.812696 1.38806e+09
7.39128 1.01834 0.81256 1.38806e+09
7.44128 1.01814 0.812424 1.38806e+09
7.49128 1.01794 0.812288 1.38806e+09
7.54128 1.01774 0.812151 1.38806e+09
7.59127 1.01754 0.812015 1.38806e+09
7.64127 1.01734 0.811879 1.38806e+09
7.69127 1.01714 0.811743 1.38806e+09
7.74127 1.01694 0.811606 1.38806e+09
7.79127 1.01674 0.81147 1.38806e+09
7.84127 1.01655 0.811334 1.38806e+09
7.89127 1.01635 0.811197 1.38806e+09
7.94127 1.01615 0.811061 1.38806e+09
7.99127 1.01595 0.810925 1.38806e+09
8.04127 1.01575 0.810789 1.38806e+09
8.09127 1.01555 0.810652 1.38806e+09
8.14127 1.01535 0.810516 1.38806e+09
8.19127 1.01515 0.81038 1.38806e+09
8.24127 1.01495 0.810244 1.38806e+09
8.29127 1.01475 0.810107 1.38806e+09
8.34127 1.01456 0.809971 1.38806e+09
8.39127 1.01436 0.809835 1.38806e+09
8.44127 1.01416 0.809699 1.38806e+09
8.49127 1.01396 0.809562 1.38806e+09
8.54127 1.01376 0.809426 1.38806e+09
8.59127 1.01356 0.80929 1.38806e+09
8.64127 1.01336 0.809154 1.38806e+09
8.69127 1.01316 0.809017 1.38806e+09
8.74127 1.01296 0.808881 1.38806e+09
8.79127 1.01276 0.808745 1.38806e+09
8.84126 1.01257 0.808608 1.38806e+09
8.89126 1.01237 0.808472 1.38806e+09
8.94126 1.01217 0.808336 1.38806e+09
8.99126 1.01197 0.8082 1.38806e+09
9.04126 1.01177 0.808063 1.38806e+09
9.09126 1.01157 0.807927 1.38806e+09
9.14126 1.01137 0.807791 1.38806e+09
9.19126 1.01117 0.807655 1.38806e+09
9.24126 1.01097 0.807518 1.38806e+09
9.29126 1.01077 0.807382 1.38806e+09
9.34126 1.01057 0.807246 1.38806e+09
9.39126 1.01038 0.80711 1.38806e+09
9.44126 1.01018 0.806973 1.38806e+09
9.49126 1.00998 0.806837 1.38806e+09
9.54126 1.00978 0.806701 1.38806e+09
9.59126 1.00958 0.806565 1.38806e+09
9.64126 1.00938 0.806428 1.38806e+09
9.69126 1.00918 0.806292 1.38806e+09
9.74126 1.00898 0.806156 1.38806e+09
9.79126 1.00878 0.806019 1.38806e+09
9.84126 1.00858 0.805883 1.38806e+09
9.89126 1.00839 0.805747 1.38806e+09
9.94126 1.00819 0.805611 1.38806e+09
9.99126 1.00799 0.805474 1.38806e+09
10.0413 1.00779 0.805338 1.38806e+09
10.0913 1.00759 0.805202 1.38806e+09
10.1413 1.00739 0.805066 1.38806e+09
10.1913 1.00719 0.804929 1.38806e+09
10.2413 1.00699 0.804793 1.38806e+09
10.2913 1.00679 0.804657 1.38806e+09
10.3413 1.00659 0.804521 1.38806e+09
10.3913 1.0064 0.804384 1.38806e+09
10.4413 1.0062 0.804248 1.38806e+09
10.4913 1.006 0.804112 1.38806e+09
10.5413 1.0058 0.803976 1.38806e+09
10.5913 1.0056 0.803839 1.38806e+09
10.6413 1.0054 0.803703 1.38806e+09
10.6913 1.0052 0.803567 1.38806e+09
10.7412 1.005 0.80343 1.38806e+09
10.7912 1.0048 0.803294 1.38806e+09
10.8412 1.0046 0.803158 1.38806e+09
10.8912 1.00441 0.803022 1.38806e+09
10.9412 1.00421 0.802885 1.38806e+09
10.9912 1.00401 0.802749 1.38806e+09
11.0412 1.00381 0.802613 1.38806e+09
11.0912 1.00361 0.802477 1.38806e+09
11.1412 1.00341 0.80234 1.38806e+09
11.1912 1.00321 0.802204 1.38806e+09
11.2412 1.00301 0.802068 1.38806e+09
11.2912 1.00281 0.801932 1.38806e+09
11.3412 1.00261 0.801795 1.38806e+09
11.3912 1.00242 0.801659 1.38806e+09
11.4412 1.00222 0.801523 1.38806e+09
11.4912 1.00202 0.801387 1.38806e+09
11.5412 1.00182 0.80125 1.38806e+09
11.5912 1.00162 0.801114 1.38806e+09
11.6412 1.00142 0.800978 1.38806e+09
11.6912 1.00122 0.800841 1.38806e+09
11.7412 1.00102 0.800705 1.38806e+09
11.7912 1.00082 0.800569 1.38806e+09
11.8412 1.00062 0.800433 1.38806e+09
11.8912 1.00042 0.800296 1.38806e+09
