1386143238.457173732 -4.24032e-29 1.21765e-29 0 -147.137 -1.06541e-29 3.05944e-30  0 -0.645234 6
1386143238.526303635 -4.25893e-29 1.22309e-29 0 -147.396 -2.69246e-30 7.86188e-31  0 -0.0653907 6
1386143238.654067743 -4.26113e-29 1.22373e-29 0 -147.379 -1.72163e-31 5.02123e-32  0 0.00232206 6
1386143238.718187337 -4.26141e-29 1.22381e-29 0 -147.277 -4.35452e-32 1.26222e-32  0 0.0277657 6
1386143238.848761991 -4.26145e-29 1.22382e-29 0 -146.865 -2.78981e-33 7.89096e-34  0 0.0550684 6
1386143238.913788787 -4.26145e-29 1.22382e-29 0 -146.721 -7.0604e-34 1.98105e-34  0 0.0386532 6
1386143239.044154640 -0.025074 0.00373071 0.243 176.725 -0.192336 0.0286173  1.86399 43.3027 6
1386143239.175021135 -0.0519879 0.00573777 0.259 177.143 -0.205659 0.0153367  0.122262 0.0557474 6
1386143239.240327541 -0.0597263 0.00712371 0.289 177.455 -0.118493 0.021222  0.459373 0.0833818 6
1386143239.370472157 -0.0765795 0.00577061 0.37 177.847 -0.129496 -0.0103969  0.622385 0.0525697 6
1386143239.435589902 -0.0797015 0.0049053 0.434 177.955 -0.0479443 -0.0132883  0.982835 0.0289473 6
1386143239.565903547 -0.094873 0.00378519 0.568 178.069 -0.116423 -0.00859548  1.02829 0.0152681 6
1386143239.633301461 -0.104653 0.00329752 0.614 178.031 -0.145114 -0.00723572  0.682514 -0.00983899 6
1386143239.760976772 -0.126312 0.00216481 0.671 178 -0.169638 -0.00887184  0.446445 -0.00423852 6
1386143239.831739563 -0.134986 0.00101705 0.679 177.974 -0.12258 -0.0162197  0.113054 -0.00641301 6
1386143239.958175624 -0.14213 -0.00152462 0.677 178.006 -0.0565036 -0.0201024  -0.0158183 0.00441697 6
1386143240.023903484 -0.144606 -0.00287016 0.667 178.103 -0.0376726 -0.0204715  -0.152142 0.0257573 6
1386143240.152843125 -0.146377 -0.00476531 0.648 178.138 -0.0137297 -0.0146979  -0.147356 0.0047381 6
1386143240.218716955 -0.147059 -0.00651693 0.641 178.18 -0.0103577 -0.0265905  -0.106264 0.0111258 6
1386143240.354262364 -0.145278 -0.0125348 0.638 178.3 0.0131364 -0.0443975  -0.0221328 0.0154529 6
1386143240.415084453 -0.145149 -0.0150596 0.634 178.352 0.0021247 -0.0415118  -0.0657656 0.0149223 6
1386143240.551035546 -0.147013 -0.0203709 0.638 178.384 -0.0137117 -0.0390675  0.0294223 0.00410784 6
1386143240.609206727 -0.146589 -0.023332 0.642 178.386 0.00729882 -0.0509035  0.0687626 0.000599737 6
1386143240.744518931 -0.147558 -0.0299072 0.649 178.464 -0.00716 -0.0485926  0.0517322 0.0100612 6
1386143240.870609567 -0.148346 -0.0349896 0.661 178.507 -0.00625312 -0.0403073  0.0951696 0.0059519 6
1386143240.935664992 -0.148869 -0.0380448 0.667 178.513 -0.00803415 -0.0469635  0.092229 0.00160882 6
1386143241.068405705 -0.150135 -0.0441336 0.672 178.475 -0.00953871 -0.04587  0.0376674 -0.00499566 6
1386143241.129817387 -0.150284 -0.0470856 0.675 178.461 -0.00242549 -0.0480691  0.0488506 -0.00398097 6
1386143241.261655815 -0.149788 -0.0556068 0.674 178.462 0.00375944 -0.0646332  -0.00758504 0.000133321 6
1386143241.330042620 -0.149204 -0.0601395 0.676 178.404 0.0085381 -0.0662807  0.0292454 -0.0148021 6
1386143241.458212099 -0.148851 -0.0695276 0.678 178.35 0.00275817 -0.0732474  0.0156043 -0.00735349 6
1386143241.522325139 -0.148805 -0.0738049 0.679 178.275 0.000720589 -0.0667149  0.0155975 -0.0204203 6
1386143241.654650250 -0.149485 -0.0825691 0.679 178.328 -0.00514054 -0.0662328  0 0.00699174 6
1386143241.716311198 -0.150501 -0.0873775 0.679 178.288 -0.0164788 -0.0779807  0 -0.0113245 6
1386143241.850159832 -0.150884 -0.0993746 0.679 178.292 -0.00286412 -0.0896318  0 0.000523286 6
1386143241.913624089 -0.150998 -0.106446 0.682 178.239 -0.00180007 -0.111426  0.0472707 -0.014578 6
1386143242.045607656 -0.151606 -0.122179 0.683 178.277 -0.0046013 -0.119203  0.0075767 0.00502432 4
1386143242.174451224 0.76481 0.130899 0.676 -0.0349884 -4.5658e-06 0.103484  -0.0543294 -24.1543 4
1386143242.246034271 0.764182 0.137414 0.67 0.0550079 -0.00876975 0.0910214  -0.0838187 0.0219428 4
1386143242.372475415 0.762879 0.13891 0.655 0.101013 -0.0103077 0.0118316  -0.118632 0.00635033 3
1386143242.437171912 0.761654 0.140092 0.648 0.183014 -0.018936 0.0182723  -0.108198 0.0221215 3
1386143242.567102675 0.763323 0.144265 0.638 0.24501 0.0128455 0.0321189  -0.0769641 0.00832784 3
1386143242.631157991 0.764602 0.146076 0.635 0.189011 0.0199713 0.0282623  -0.0468345 -0.0152584 3
1386143242.761299893 0.772208 0.157015 0.641 0.114014 0.0584392 0.0840573  0.0461035 -0.0100578 3
1386143242.826767213 0.77715 0.164138 0.637 0.0510101 0.0754975 0.108794  -0.0610992 -0.0167965 3
1386143242.964016399 0.805223 0.178019 0.637 0.00900269 0.20454 0.101141  0 -0.00534188 3
1386143243.028828714 0.823727 0.185085 0.64 -0.110992 0.285494 0.10902  0.0462875 -0.0323135 3
1386143243.152428093 0.876382 0.197887 0.647 -0.0649872 0.42601 0.103575  0.0566346 0.00649634 3
1386143243.217910689 0.908913 0.203328 0.653 0.00300598 0.496794 0.0830985  0.0916274 0.0181224 3
1386143243.356836264 0.992574 0.209335 0.663 0.361008 0.6022 0.043235  0.071981 0.0449759 3
1386143243.478779525 1.0685 0.212372 0.676 1.33301 0.622662 0.0249052  0.106607 0.139119 3
1386143243.544718129 1.10872 0.215019 0.682 2.10901 0.609955 0.0401498  0.0909937 0.2054 3
1386143243.679504880 1.1932 0.218074 0.693 4.567 0.626745 0.022665  0.0816104 0.318281 3
1386143243.741183033 1.23007 0.220681 0.699 5.903 0.597776 0.0422585  0.0972792 0.378052 3
1386143243.869838352 1.30004 0.228916 0.712 9.34801 0.543858 0.0640107  0.101045 0.467347 3
1386143243.935263151 1.33383 0.233888 0.715 11.213 0.516482 0.0759977  0.0458542 0.497525 3
1386143244.065801386 1.39311 0.248788 0.721 15.359 0.454083 0.114139  0.0459635 0.55433 3
1386143244.130856095 1.42141 0.258685 0.725 17.3 0.43503 0.152144  0.0614867 0.520742 3
1386143244.260705542 1.46899 0.286169 0.734 20.899 0.366457 0.211661  0.069311 0.483748 3
1386143244.349104833 1.50008 0.30738 0.736 22.485 0.351673 0.239947  0.0226246 0.313135 3
1386143244.455345628 1.53693 0.334772 0.736 25.168 0.34691 0.257829  0 0.440767 3
1386143244.522484556 1.56031 0.350868 0.735 25.835 0.348141 0.239742  -0.0148945 0.17339 3
1386143244.653262575 1.61086 0.383378 0.733 26.835 0.386576 0.248582  -0.0152931 0.133457 3
1386143244.785845313 1.67035 0.41088 0.738 27.866 0.448654 0.207438  0.0377123 0.135722 3
1386143244.849519521 1.70055 0.42259 0.742 28.339 0.474293 0.183902  0.0628198 0.129649 3
1386143244.978985943 1.76575 0.441716 0.74 29.408 0.503646 0.147729  -0.015448 0.144111 3
1386143245.045164797 1.80122 0.450217 0.743 30.048 0.535979 0.12845  0.0453317 0.168786 3
1386143245.174466729 1.86457 0.464032 0.751 31.362 0.489882 0.106842  0.0618707 0.177366 3
1386143245.239656636 1.89751 0.472396 0.756 32.049 0.505412 0.128305  0.076699 0.18393 3
1386143245.369707201 1.94943 0.492977 0.766 33.481 0.399161 0.158259  0.0768932 0.192179 3
1386143245.435323191 1.97484 0.503328 0.772 34.37 0.387374 0.15775  0.0914411 0.236468 3
1386143245.565639862 2.01907 0.53245 0.78 35.946 0.339348 0.223467  0.0613889 0.211074 3
1386143245.631288642 2.03944 0.547487 0.786 36.656 0.310278 0.229059  0.0913955 0.188757 3
1386143245.761951664 2.08372 0.587028 0.794 37.9 0.338907 0.302618  0.0612262 0.166168 3
1386143245.826649266 2.1062 0.607702 0.796 38.453 0.347455 0.319539  0.030913 0.14918 3
1386143245.955936578 2.15087 0.650167 0.803 39.541 0.34555 0.328453  0.054143 0.146875 3
1386143246.088671584 2.19327 0.694519 0.813 39.582 0.319387 0.334139  0.0753381 0.00539113 3
1386143246.152648488 2.21225 0.716798 0.824 39.184 0.296687 0.348248  0.171937 -0.108575 3
1386143246.283319614 2.2521 0.761979 0.847 37.426 0.30496 0.345759  0.176014 -0.234809 3
1386143246.349441855 2.27159 0.784612 0.858 36.456 0.294859 0.342285  0.166359 -0.256037 3
1386143246.478826519 2.3169 0.83119 0.89 33.897 0.350144 0.359994  0.247325 -0.345196 3
1386143246.544921490 2.3419 0.855521 0.899 32.733 0.378306 0.368132  0.136168 -0.307371 3
1386143246.674788342 2.39898 0.896042 0.902 29.945 0.439541 0.312019  0.0231006 -0.374689 3
1386143246.741402480 2.43089 0.915944 0.902 28.478 0.479055 0.298762  0 -0.384361 3
1386143246.869761022 2.49574 0.942728 0.907 25.151 0.505161 0.208669  0.0389534 -0.452384 3
1386143246.935429962 2.53054 0.955109 0.914 23.445 0.529932 0.188526  0.106595 -0.453414 3
1386143247.065916061 2.60797 0.969716 0.921 19.666 0.593434 0.111946  0.0536456 -0.505465 3
1386143247.130631395 2.64535 0.97514 0.926 17.746 0.577609 0.0838082  0.0772614 -0.517811 3
1386143247.261047523 2.71858 0.976247 0.919 14.455 0.561466 0.00848623  -0.0536743 -0.440427 3
1386143247.391627922 2.78589 0.965101 0.9 11.628 0.515488 -0.0853554  -0.145504 -0.377854 3
1386143247.456849080 2.81505 0.960426 0.891 10.405 0.44715 -0.0716737  -0.137992 -0.327275 3
1386143247.587331538 2.87385 0.948697 0.859 8.19501 0.450591 -0.0898941  -0.245244 -0.29561 3
1386143247.653956719 2.90255 0.941959 0.846 7.18001 0.430881 -0.101127  -0.195121 -0.265892 3
1386143247.783258160 2.95746 0.927787 0.812 5.32701 0.424645 -0.1096  -0.262951 -0.25012 3
1386143247.848165922 2.9831 0.921096 0.795 4.46901 0.394968 -0.103091  -0.26191 -0.230711 3
1386143247.979380976 3.03555 0.906372 0.758 2.98701 0.399723 -0.112213  -0.28198 -0.197124 3
1386143248.043932722 3.06172 0.899144 0.741 2.25101 0.405418 -0.111978  -0.263355 -0.198999 3
1386143248.109042340 3.09039 0.892992 0.724 1.666 0.440349 -0.0944825  -0.261098 -0.156817 3
1386143248.249657508 3.15753 0.87992 0.698 0.685013 0.47751 -0.0929632  -0.184902 -0.121761 3
1386143248.304524407 3.18551 0.874466 0.685 0.229004 0.509828 -0.0993968  -0.236937 -0.145058 3
1386143248.459176205 3.2664 0.861017 0.668 -1.01599 0.523073 -0.0869626  -0.109924 -0.140504 3
1386143248.500320064 3.28892 0.85713 0.658 -1.65099 0.547366 -0.0944887  -0.24305 -0.269366 3
1386143248.695746650 3.39132 0.843468 0.633 0.678009 0.523972 -0.0699068  -0.127925 0.207999 3
1386143248.891441856 3.48665 0.85519 0.618 4.57701 0.487122 0.0598981  -0.0766498 0.347737 3
1386143249.032661038 3.55238 0.87046 0.615 5.55301 0.465494 0.108129  -0.0212436 0.120624 3
1386143249.099590414 3.58282 0.883614 0.606 6.81401 0.454719 0.196534  -0.13447 0.328834 3
1386143249.284762763 3.66949 0.923053 0.602 7.87801 0.468078 0.212987  -0.0216015 0.100286 3
1386143249.482527637 3.76323 0.926119 0.616 8.34401 0.473989 0.0155033  0.0707911 0.0411261 3
1386143249.750864490 3.91161 0.866926 0.667 10.284 0.55297 -0.220592  0.19006 0.126183 3
1386143249.898020550 4.00059 0.83485 0.697 11.81 0.604633 -0.217976  0.203865 0.18099 3
1386143249.934542044 4.02248 0.827685 0.711 12.889 0.599358 -0.196188  0.383336 0.515642 3
1386143250.066013472 4.09097 0.829342 0.735 15.248 0.520997 0.0126068  0.182549 0.313165 3
1386143250.131109848 4.12735 0.827648 0.746 16.511 0.558859 -0.0260174  0.16898 0.338629 3
1386143250.275678823 4.21282 0.830545 0.751 17.657 0.591189 0.0200356  0.0345856 0.138354 3
1386143250.346652542 4.24871 0.845508 0.756 19.776 0.505693 0.21083  0.0704486 0.521085 3
1386143250.469045810 4.29948 0.891257 0.742 20.513 0.414772 0.373787  -0.114385 0.105096 3
1386143250.596806783 4.34222 0.949068 0.728 19.912 0.334526 0.452493  -0.10958 -0.0821017 3
1386143250.652301725 4.36082 0.974208 0.722 19.381 0.335134 0.453009  -0.108118 -0.166998 3
1386143250.783927086 4.40435 1.03222 0.714 18.051 0.330722 0.440743  -0.0607786 -0.176356 3
1386143250.847160752 4.42596 1.05839 0.706 17.328 0.341723 0.413868  -0.126515 -0.199559 3
1386143250.978193278 4.47878 1.09995 0.693 15.735 0.403126 0.317182  -0.099212 -0.212185 3
1386143251.043391084 4.5059 1.10791 0.686 16.039 0.416037 0.122075  -0.107366 0.0813803 3
1386143251.173913981 4.5101 1.06268 0.68 23.01 0.0321832 -0.346569  -0.0459689 0.932151 3
1386143251.304553605 4.52179 1.00846 0.669 24.48 0.0894255 -0.415025  -0.0842011 0.19639 3
1386143251.369202072 4.52873 0.9817 0.664 24.236 0.107343 -0.413894  -0.0773414 -0.0658741 3
1386143251.501287076 4.55582 0.934855 0.66 23.241 0.205151 -0.354654  -0.0302835 -0.131475 3
1386143251.565069793 4.57215 0.9183 0.659 22.507 0.255938 -0.259561  -0.0156782 -0.200852 3
1386143251.636667776 4.59601 0.908237 0.657 22.19 0.33334 -0.140545  -0.0279337 -0.0772748 3
1386143251.761180047 4.65466 0.921124 0.661 21.847 0.471014 0.103503  0.0321253 -0.0480798 3
1386143251.899437368 4.73373 0.958271 0.669 21.78 0.571875 0.268675  0.0578631 -0.00845617 3
1386143251.957871396 4.77267 0.978221 0.67 21.673 0.666418 0.341416  0.0171133 -0.0319621 3
1386143252.087651978 4.86808 1.03567 0.661 21.002 0.735209 0.442658  -0.0693478 -0.0902368 3
1386143252.161340528 4.92591 1.07072 0.656 20.572 0.784735 0.475602  -0.0678531 -0.101848 3
1386143252.284653993 4.99424 1.01514 0.65 32.046 0.554081 -0.450725  -0.0486565 1.62398 3
1386143252.350286234 5.02307 0.984104 0.651 36.351 0.439357 -0.472802  0.0152364 1.14481 3
1386143252.477596822 5.07131 0.926463 0.651 41.155 0.378888 -0.452764  0 0.658591 3
1386143252.545782395 5.09486 0.89986 0.648 41.782 0.345378 -0.39015  -0.0439976 0.160491 3
1386143252.675103637 5.13491 0.870563 0.646 40.024 0.309735 -0.226542  -0.0154654 -0.237262 3
1386143252.804146390 5.17928 0.877216 0.654 37.475 0.343788 0.0515524  0.061995 -0.344757 3
1386143252.876610509 5.20527 0.889461 0.664 36.383 0.358651 0.168977  0.137999 -0.263012 3
1386143252.935061266 5.23073 0.906629 0.665 35.447 0.435592 0.293731  0.0171084 -0.279489 3
1386143253.064736467 5.30614 0.964521 0.667 33.784 0.581593 0.446433  0.0154231 -0.223826 3
1386143253.203615170 5.39971 1.03755 0.652 31.809 0.673718 0.525877  -0.108008 -0.248205 3
1386143253.262771924 5.46251 1.04321 0.646 37.757 1.06157 0.0955717  -0.101425 1.75487 3
1386143253.391073660 5.5255 0.984461 0.643 50.078 0.490946 -0.457878  -0.0233824 1.67606 3
1386143253.456431526 5.55628 0.950818 0.641 53.711 0.471035 -0.514758  -0.0306008 0.970166 3
1386143253.586049670 5.59281 0.885836 0.633 57.088 0.281817 -0.501332  -0.0617198 0.454717 3
1386143253.651890457 5.60708 0.856679 0.63 57.015 0.216643 -0.44284  -0.0455645 -0.0193506 3
1386143253.782784174 5.61896 0.820978 0.615 53.694 0.0907925 -0.272744  -0.114597 -0.442821 3
1386143253.847568993 5.62215 0.813826 0.612 51.232 0.0492717 -0.110403  -0.0463071 -0.66327 3
1386143253.978518446 5.63632 0.83511 0.607 46.724 0.108227 0.162534  -0.0381827 -0.600838 3
1386143254.108598832 5.67041 0.890623 0.608 43.2 0.262069 0.426761  0.00768755 -0.472826 3
1386143254.173737453 5.69453 0.923892 0.611 41.622 0.370196 0.510749  0.0460556 -0.422811 3
1386143254.239974282 5.72301 0.95936 0.611 39.933 0.430045 0.53546  0 -0.445047 3
1386143254.369354861 5.81584 1.03792 0.62 36.349 0.717478 0.607218  0.0695622 -0.483477 3
1386143254.500080975 5.93784 1.11688 0.637 32.764 0.933241 0.60397  0.130043 -0.478636 3
1386143254.564905569 5.99958 1.14913 0.644 31 0.952374 0.497519  0.107984 -0.474939 3
1386143254.696604202 6.11995 1.18985 0.668 27.26 0.914036 0.309222  0.182234 -0.49564 3
1386143254.760153845 6.17348 1.20297 0.679 25.456 0.84221 0.206376  0.173093 -0.495451 3
1386143254.891019218 6.28496 1.21309 0.696 22.307 0.851879 0.0773865  0.129904 -0.419977 3
1386143254.956182558 6.33857 1.21496 0.703 21.07 0.822791 0.0286275  0.107422 -0.331317 3
1386143255.086657695 6.43168 1.21422 0.711 18.798 0.713622 -0.00567528  0.0613144 -0.303919 3
1386143255.151891398 6.4754 1.21439 0.715 17.75 0.670102 0.00255426  0.061318 -0.280394 3
1386143255.217185207 6.51748 1.21405 0.712 17.146 0.644455 -0.00519384  -0.0459462 -0.161449 3
1386143255.347598726 6.5912 1.21613 0.683 16.65 0.565318 0.015966  -0.22237 -0.0663802 7
1386143255.412660192 6.62619 1.21466 0.655 17.039 0.537828 -0.0225521  -0.430362 0.104351 7
1386143255.543257703 6.67496 1.20424 0.616 26.726 0.373443 -0.0797651  -0.298627 1.29459 7
1386143255.674345564 6.70545 1.16808 0.599 36.838 0.232564 -0.275907  -0.129684 1.34633 7
1386143255.754696305 6.71961 1.13872 0.591 39.931 0.176166 -0.365319  -0.0995635 0.67184 7
1386143255.870849479 6.72851 1.07793 0.591 41.481 0.0766525 -0.523421  0 0.232905 7
1386143255.934460567 6.73258 1.04448 0.583 40.914 0.0640557 -0.525713  -0.125764 -0.155571 7
1386143256.065120982 6.73718 1.01914 0.567 34.676 0.0352132 -0.193969  -0.122455 -0.833255 7
1386143256.130546796 6.73873 1.00281 0.556 31.628 0.0236522 -0.249543  -0.168129 -0.8131 7
1386143256.262799816 6.74166 0.987258 0.538 27.448 0.0221061 -0.117627  -0.136103 -0.551629 8
1386143256.329575888 6.74319 0.981106 0.511 25.511 0.02293 -0.0921226  -0.404336 -0.506278 8
1386143256.461729792 6.7435 0.97316 0.437 22.394 0.00239914 -0.0601275  -0.559953 -0.411654 8
1386143256.522307526 6.74371 0.970221 0.395 21.099 0.00335271 -0.0485226  -0.693324 -0.373107 8
1386143256.652649821 6.75204 0.968107 0.298 19.306 0.0639072 -0.0162129  -0.744194 -0.240091 8
1386143256.719385638 6.75669 0.967641 0.256 18.636 0.0697865 -0.00699072  -0.629347 -0.175223 8
1386143256.847948941 6.7777 0.983567 0.177 17.717 0.163359 0.123877  -0.614483 -0.124759 8
1386143256.978273921 6.81433 0.989733 0.086 17.677 0.281108 0.0473096  -0.698254 -0.005358 8
1386143257.043078673 6.83398 0.995123 0 17.896 0.303221 0.0831774  -1.32706 0.0589839 2
1386143257.173563343 6.86487 1.0061 0 18.077 0.236742 0.0840892  0 0.0242101 2
1386143257.251267091 6.86775 1.00691 0 18.089 0.0370844 0.0104764  0 0.00269388 2
1386143257.369026130 6.8665 1.00618 0 18.086 -0.0106176 -0.00620714  0 -0.000443261 2
1386143257.437829993 6.86626 1.00606 0 18.085 -0.0035791 -0.00177578  0 -0.000255463 2
1386143257.564578858 6.86356 1.00492 0 18.081 -0.0212939 -0.00896975  0 -0.000550497 2
1386143257.629956876 6.86285 1.00463 0 18.074 -0.0108842 -0.00449798  0 -0.00186973 2
1386143257.760249668 6.86212 1.0043 0 18.072 -0.00558501 -0.00248636  0 -0.000267762 2
1386143257.825601877 6.86194 1.00425 0 18.071 -0.00269796 -0.000762112  0 -0.000264881 2
1386143257.955884875 6.86177 1.00417 0 18.068 -0.00133217 -0.000629004  0 -0.000402695 2
1386143258.020011154 6.86179 1.00421 0 18.069 0.000291914 0.000589459  0 0.000269945 2
1386143258.153078056 6.8619 1.00427 0 18.068 0.000816528 0.000479678  0 -0.000130089 2
1386143258.228346382 6.86185 1.00424 0 18.066 -0.00059934 -0.000466937  0 -0.000463507 2
1386143258.345763070 6.86197 1.00426 0 18.064 0.000996797 0.000196093  0 -0.000297125 2
1386143258.411190762 6.86222 1.00437 0 18.065 0.00388347 0.00167848  0 0.000264575 2
1386143258.542664843 6.8623 1.00442 0 18.061 0.000592151 0.000396259  0 -0.000530712 2
1386143258.677953569 6.86251 1.00449 0 18.062 0.00152833 0.000505841  0 0.000129921 2
1386143258.741769470 6.86257 1.00454 0 18.061 0.00094413 0.000754239  0 -0.000275431 2
1386143258.869583100 6.86282 1.00456 0 18.06 0.00193623 0.000143332  0 -0.000135436 2
1386143258.934955638 6.86284 1.00457 0 18.059 0.000351089 0.000290095  0 -0.000268872 2
1386143259.064555229 6.86306 1.00461 0 18.056 0.00173659 0.000277513  0 -0.000404818 2
1386143259.129933893 6.86315 1.00464 0 18.055 0.00134735 0.000426645  0 -0.000264774 2
1386143259.260169249 6.86328 1.00474 0 18.058 0.00102544 0.000765216  0 0.000402842 2
1386143259.326989258 6.86336 1.00477 0 18.057 0.00107744 0.000475903  0 -0.000263048 2
1386143259.456921687 6.86355 1.00482 0 18.055 0.0014501 0.000401284  0 -0.000268504 2
1386143259.521016086 6.86361 1.00486 0 18.055 0.00103808 0.000627891  0 0 2
1386143259.651404277 6.86379 1.00496 0 18.059 0.00134705 0.00078097  0 0.000535131 2
1386143259.717292409 6.86385 1.005 0 18.059 0.0010073 0.000603159  0 0 2
1386143259.847003571 6.86389 1.005 0 18.057 0.000246528 -5.96591e-06  0 -0.000268962 2
1386143259.977357930 6.86401 1.0051 0 18.057 0.000971367 0.000730073  0 0 2
1386143260.042681669 6.86408 1.00512 0 18.057 0.00103019 0.000404156  0 0 2
1386143260.108335139 6.86412 1.00517 0 18.058 0.000690858 0.000691661  0 0.000267722 2
1386143260.239312926 6.86425 1.00519 0 18.056 0.000940252 0.000117475  0 -0.000268395 2
1386143260.368559403 6.86439 1.00527 0 18.054 0.00110508 0.000675157  0 -0.000269929 2
1386143260.433893633 6.86443 1.00532 0 18.056 0.000672924 0.000712429  0 0.000533984 2
1386143260.563858587 6.86451 1.0054 0 18.051 0.000607402 0.000601629  0 -0.000670068 2
1386143260.630584515 6.86455 1.00541 0 18.051 0.000555081 0.000115237  0 0 2
1386143260.760112830 6.8647 1.00545 0 18.05 0.00115786 0.000370828  0 -0.000135699 2
1386143260.825190683 6.86473 1.00546 0 18.048 0.000439071 0.000169493  0 -0.000536087 2
1386143260.956202960 6.86492 1.00547 0 18.049 0.00147292 5.52826e-05  0 0.000134162 2
1386143261.020910493 6.86496 1.00549 0 18.048 0.000557295 0.000253557  0 -0.000271636 2
1386143261.161667121 6.86513 1.00543 0 18.048 0.00122489 -0.000394682  0 0 2
1386143261.216446696 6.8652 1.00545 0 18.046 0.00125465 0.000408563  0 -0.000636869 2
1386143261.347444267 6.86529 1.00543 0 18.046 0.000700424 -0.000178075  0 0 2
1386143261.412101972 6.86535 1.00543 0 18.047 0.000922394 -1.34032e-05  0 0.000271845 2
1386143261.542940937 6.86544 1.00542 0 18.046 0.000699017 -5.83652e-05  0 -0.00013434 2
1386143261.672950738 6.86551 1.00551 0 18.046 0.000524245 0.000684691  0 0 2
1386143261.738112890 6.86554 1.00552 0 18.045 0.000399424 0.000107774  0 -0.000265653 2
1386143261.868656731 6.86566 1.0055 0 18.045 0.00092528 -0.000134175  0 0 2
1386143261.933813782 6.8657 1.00548 0 18.043 0.000590596 -0.000286685  0 -0.000535436 2
1386143262.064105851 6.86581 1.00549 0 18.043 0.000904347 4.37037e-05  0 0 2
1386143262.139155544 6.86585 1.00548 0 18.043 0.000517322 -0.000134301  0 0 2
1386143262.258875499 6.86602 1.0055 0 18.044 0.00136322 0.000158828  0 0.000144592 2
1386143262.326390045 6.86611 1.00552 0 18.045 0.00138453 0.000295058  0 0.000260342 2
1386143262.453735623 6.86623 1.00559 0 18.045 0.000926032 0.000578394  0 0 2
1386143262.520223402 6.86628 1.00557 0 18.045 0.000783002 -0.00033501  0 0 2
1386143262.652250091 6.86637 1.00565 0 18.043 0.000669271 0.000586784  0 -0.000264245 2
1386143262.717476891 6.86643 1.00567 0 18.042 0.000937038 0.000373412  0 -0.000269473 2
1386143262.846899270 6.86655 1.00573 0 18.042 0.000953305 0.000423117  0 0 2
1386143262.977325672 6.86666 1.00569 0 18.041 0.000843562 -0.000262262  0 -0.000134765 2
1386143263.042327799 6.86669 1.00573 0 18.039 0.000470824 0.000561524  0 -0.000536712 2
1386143263.172830561 6.86691 1.00565 0 18.039 0.00162881 -0.000618208  0 0 2
1386143263.238465801 6.86695 1.00568 0 18.039 0.000633998 0.000495506  0 0 2
1386143263.368619383 6.86715 1.00568 0 18.037 0.00155022 1.57221e-05  0 -0.000268048 2
1386143263.433159302 6.8672 1.00573 0 18.038 0.000735505 0.000748883  0 0.000272341 2
1386143263.562448358 6.86723 1.00578 0 18.033 0.00022872 0.000354598  0 -0.000675631 2
1386143263.629713298 6.86729 1.00576 0 18.031 0.000922588 -0.0001641  0 -0.000518657 2
1386143263.759687195 6.86739 1.0058 0 18.033 0.000814434 0.000262291  0 0.000268419 2
1386143263.824863786 6.86745 1.00579 0 18.031 0.000894016 -0.000162888  0 -0.000535275 2
1386143263.956357543 6.86753 1.00582 0 18.031 0.000591001 0.000229061  0 0 2
1386143264.020637010 6.86763 1.00583 0 18.031 0.00162496 0.00024139  0 0 2
1386143264.150956009 6.86784 1.00589 0 18.031 0.00155021 0.000433163  0 0 2
1386143264.216102986 6.86786 1.00591 0 18.033 0.000433246 0.000339362  0 0.000535518 2
1386143264.347851306 6.86803 1.00595 0 18.031 0.00126664 0.000271471  0 -0.000264803 2
1386143264.476815621 6.86818 1.00603 0 18.03 0.00114513 0.000629698  0 -0.000134227 2
1386143264.542155226 6.86825 1.00609 0 18.031 0.00112586 0.000970269  0 0.000264932 2
1386143264.672335084 6.86829 1.00616 0 18.028 0.00029443 0.000520987  0 -0.000403014 2
1386143264.737773228 6.86831 1.00618 0 18.029 0.000249767 0.00034367  0 0.000268603 2
1386143264.869475135 6.86848 1.00626 0 18.028 0.00135085 0.000596197  0 -0.000133459 2
1386143264.933563910 6.86853 1.00629 0 18.026 0.000680631 0.000418545  0 -0.000544361 2
1386143265.063775847 6.8687 1.00633 0 18.028 0.0013185 0.000357547  0 0.000267928 2
1386143265.129324204 6.86875 1.00636 0 18.027 0.00073067 0.00036089  0 -0.000264088 2
1386143265.259538616 6.86884 1.00633 0 18.029 0.000696618 -0.000232672  0 0.000267923 2
1386143265.324775097 6.86888 1.00631 0 18.028 0.000594667 -0.000221317  0 -0.000269433 2
1386143265.455341933 6.86899 1.00638 0 18.028 0.000860675 0.000479023  0 0 2
1386143265.521005640 6.86904 1.00641 0 18.027 0.000789823 0.000524829  0 -0.000263624 2
1386143265.650820801 6.86929 1.00652 0 18.026 0.00190725 0.000864351  0 -0.000135399 2
1386143265.716112271 6.86937 1.00655 0 18.026 0.0012809 0.000409642  0 0 2
1386143265.846500787 6.86951 1.00655 0 18.024 0.00104056 1.64684e-05  0 -0.000267565 2
1386143265.911703670 6.86953 1.00656 0 18.023 0.000294815 0.00012916  0 -0.000265487 2
1386143266.042028346 6.86964 1.00665 0 18.023 0.000873342 0.000702068  0 0 2
1386143266.172481134 6.86979 1.00668 0 18.022 0.00116388 0.000218099  0 -0.000134737 2
1386143266.237695375 6.86988 1.00671 0 18.02 0.0013159 0.000489636  0 -0.000534966 2
1386143266.368087466 6.86994 1.00683 0 18.021 0.000495241 0.000871269  0 0.0001348 2
1386143266.433273128 6.87001 1.00684 0 18.02 0.00103575 0.000177825  0 -0.000269643 2
1386143266.498642525 6.8701 1.00687 0 18.019 0.00132224 0.0005731  0 -0.000264811 2
1386143266.628873834 6.87021 1.00684 0 18.017 0.000858312 -0.000252144  0 -0.000267888 2
1386143266.759296673 6.87032 1.0069 0 18.016 0.000847806 0.000432536  0 -0.000134768 2
1386143266.824591728 6.8704 1.00691 0 18.018 0.00117485 0.000115002  0 0.000534304 2
1386143266.954949259 6.87048 1.0069 0 18.017 0.000649419 -3.09472e-05  0 -0.000132793 2
1386143267.019923046 6.87053 1.00689 0 18.018 0.000677404 -0.000171666  0 0.000266424 2
1386143267.152447192 6.8706 1.00691 0 18.017 0.00057296 0.000136593  0 -0.000130622 2
1386143267.218188361 6.87067 1.00695 0 18.017 0.00100377 0.000599319  0 0 2
1386143267.345663531 6.87073 1.00694 0 18.015 0.000519558 -4.16468e-05  0 -0.00027368 2
1386143267.476786537 6.8709 1.00703 0 18.015 0.00130417 0.000674865  0 0 2
1386143267.556935343 6.87095 1.00707 0 18.015 0.000605378 0.000426244  0 0 2
1386143267.678218369 6.87108 1.00711 0 18.016 0.00106601 0.000354558  0 0.000142729 2
1386143267.737521752 6.87112 1.00709 0 18.017 0.000570727 -0.00029672  0 0.000296389 2
1386143267.868025897 6.87134 1.00721 0 18.015 0.00168167 0.000936904  0 -0.000267328 2
1386143267.933739737 6.8714 1.00722 0 18.013 0.000975603 0.000142743  0 -0.000534952 2
1386143268.062074760 6.87152 1.00719 0 18.015 0.000919321 -0.000264517  0 0.000273922 2
1386143268.128835598 6.87155 1.00718 0 18.013 0.000489592 -0.000111535  0 -0.000526562 2
1386143268.259382331 6.87173 1.00731 0 18.013 0.00138541 0.000952014  0 0 2
1386143268.322779012 6.87179 1.0073 0 18.013 0.000911745 -0.000160834  0 0 2
1386143268.455768994 6.87194 1.0074 0 18.015 0.00115969 0.000819858  0 0.000264334 2
1386143268.538945619 6.872 1.00743 0 18.015 0.000676132 0.000367482  0 0 2
1386143268.648628741 6.87211 1.00749 0 18.016 0.0010319 0.00050642  0 0.000157823 2
1386143268.717432304 6.87215 1.0075 0 18.014 0.000515543 0.00010943  0 -0.000507058 2
1386143268.846158147 6.87218 1.00751 0 18.009 0.000258904 7.76129e-05  0 -0.000678587 2
1386143268.976610515 6.87228 1.00747 0 18.007 0.00075346 -0.000280654  0 -0.000267434 2
1386143269.041630233 6.87235 1.00748 0 18.008 0.00109101 8.86554e-05  0 0.000270331 2
1386143269.172289488 6.87246 1.00753 0 18.006 0.000837467 0.000374413  0 -0.000267011 2
1386143269.238487544 6.87254 1.00753 0 18.006 0.00112809 -1.65832e-05  0 0 2
1386143269.367626199 6.87264 1.00744 0 18.008 0.000809796 -0.000661813  0 0.000270155 2
1386143269.432947582 6.87265 1.00748 0 18.009 8.29256e-05 0.000674155  0 0.000265006 2
1386143269.563303926 6.87278 1.00751 0 18.004 0.00100369 0.000164483  0 -0.000668056 2
1386143269.628841049 6.8728 1.00753 0 18.002 0.000299781 0.000442305  0 -0.000532331 2
1386143269.759057933 6.87291 1.0076 0 18.002 0.000872192 0.000478465  0 0 2
1386143269.826711403 6.87297 1.00762 0 18 0.000922462 0.000417435  0 -0.000519615 2
1386143269.954760654 6.87302 1.00774 0 17.998 0.000389754 0.000891594  0 -0.000272453 2
1386143270.019875415 6.87306 1.00774 0 17.999 0.000625406 5.36146e-06  0 0.000269937 2
1386143270.150583118 6.87322 1.00778 0 17.997 0.00122093 0.000326149  0 -0.000266912 2
1386143270.215564780 6.87329 1.00781 0 17.997 0.0010908 0.000422091  0 0 2
1386143270.345873501 6.87345 1.00782 0 17.999 0.00122138 0.000116977  0 0.000267729 2
1386143270.411173150 6.87352 1.00785 0 17.997 0.00111051 0.00043639  0 -0.000534266 2
1386143270.544320482 6.87362 1.00787 0 17.997 0.00073487 0.000109322  0 0 2
1386143270.674734724 6.87377 1.00795 0 17.997 0.00112825 0.000620994  0 0 2
1386143270.737685938 6.87385 1.00797 0 18 0.00135544 0.000421401  0 0.000829181 2
1386143270.870410483 6.87397 1.00801 0 17.998 0.000851051 0.000264037  0 -0.000262856 2
1386143270.933682068 6.87402 1.00803 0 17.997 0.000772288 0.000261243  0 -0.000273591 2
1386143271.063175272 6.87426 1.00799 0 17.995 0.00185593 -0.000285898  0 -0.000269415 2
1386143271.128349748 6.87431 1.00801 0 17.995 0.00074243 0.000254705  0 0 2
1386143271.260431635 6.87444 1.00799 0 17.993 0.00104605 -0.000102136  0 -0.000264135 2
1386143271.324142656 6.8745 1.00803 0 17.992 0.000953043 0.000645182  0 -0.000275884 2
1386143271.471027619 6.87456 1.00804 0 17.989 0.000400728 3.48831e-05  0 -0.000355366 2
1386143271.519557420 6.87457 1.00805 0 17.986 0.000197614 0.000134226  0 -0.00108107 2
1386143271.649223867 6.87462 1.00803 0 17.985 0.00034639 -0.000103762  0 -0.000135554 2
1386143271.715330698 6.87466 1.00804 0 17.986 0.000701282 0.000116433  0 0.000265886 2
1386143271.845568933 6.87471 1.00801 0 17.984 0.000370701 -0.000220213  0 -0.000267874 2
1386143271.910892529 6.87475 1.00805 0 17.98 0.000595208 0.000649221  0 -0.00106814 2
1386143272.041409066 6.87489 1.00816 0 17.98 0.00108212 0.000804021  0 0 2
1386143272.171920742 6.87503 1.00821 0 17.977 0.00102061 0.000359161  0 -0.000401989 2
1386143272.237481910 6.87508 1.00824 0 17.977 0.000794191 0.000581947  0 0 2
1386143272.367481762 6.87525 1.00833 0 17.977 0.00134045 0.00070421  0 0 2
1386143272.447719234 6.8753 1.00843 0 17.975 0.000662109 0.00113701  0 -0.000434802 2
1386143272.563155357 6.87539 1.00843 0 17.975 0.000744677 7.29083e-05  0 0 2
1386143272.628291437 6.87543 1.00846 0 17.976 0.000532268 0.000376293  0 0.000269848 2
1386143272.757775430 6.8756 1.00853 0 17.975 0.00134211 0.000531062  0 -0.000135745 2
1386143272.823815745 6.87569 1.00855 0 17.975 0.00131946 0.000367828  0 0 2
1386143272.961978889 6.87578 1.00858 0 17.975 0.000662093 0.000190819  0 0 2
1386143273.020706984 6.87587 1.00859 0 17.976 0.00156149 0.000223303  0 0.000299292 2
1386143273.149905288 6.87594 1.00862 0 17.975 0.000511269 0.000210695  0 -0.000136046 2
1386143273.215053131 6.87604 1.00865 0 17.973 0.0016056 0.000455316  0 -0.000535511 2
1386143273.346049326 6.87618 1.00868 0 17.976 0.00106035 0.000270651  0 0.000400502 2
1386143273.475798225 6.87632 1.00875 0 17.978 0.0010656 0.000483048  0 0.000268884 2
1386143273.541090938 6.87641 1.00883 0 17.978 0.00148722 0.00128068  0 0 2
1386143273.671453141 6.87653 1.00885 0 17.977 0.000891102 0.000190215  0 -0.000134831 2
1386143273.737361104 6.8766 1.00888 0 17.977 0.00106801 0.00032897  0 0 2
1386143273.867070244 6.87669 1.00894 0 17.976 0.000708578 0.00045459  0 -0.000133457 2
1386143273.937273886 6.87678 1.00895 0 17.976 0.00130786 0.00015186  0 0 2
1386143274.062853823 6.87693 1.00909 0 17.973 0.00116409 0.00115762  0 -0.000417776 2
1386143274.129334808 6.87702 1.00912 0 17.974 0.00135388 0.000411008  0 0.000264389 2
1386143274.258567497 6.87716 1.00916 0 17.974 0.00110865 0.000279691  0 0 2
1386143274.323878896 6.87723 1.00915 0 17.975 0.000948372 -2.03969e-05  0 0.000265046 2
1386143274.454249788 6.87743 1.00916 0 17.975 0.00158894 6.50215e-05  0 0 2
1386143274.519337832 6.87744 1.00918 0 17.974 9.09051e-05 0.000229266  0 -0.000265956 2
1386143274.649804885 6.87761 1.00924 0 17.976 0.00128519 0.000486438  0 0.000267404 2
1386143274.715182120 6.87768 1.00926 0 17.976 0.0011391 0.000367931  0 0 2
1386143274.845661776 6.87782 1.00935 0 17.975 0.00107229 0.000642682  0 -0.00013471 2
1386143274.975762491 6.8779 1.00941 0 17.976 0.000636846 0.000496349  0 0.000135102 2
1386143275.040974609 6.87795 1.00943 0 17.976 0.000671328 0.000197543  0 0 2
1386143275.171455451 6.8781 1.00943 0 17.977 0.00117009 2.43091e-05  0 0.000132667 2
1386143275.236760694 6.87818 1.00946 0 17.976 0.00115171 0.000399017  0 -0.000265071 2
1386143275.367095692 6.87824 1.0095 0 17.974 0.000492506 0.000342387  0 -0.000267675 2
1386143275.433600622 6.8783 1.00952 0 17.974 0.000892924 0.000264555  0 0 2
1386143275.562578957 6.87844 1.00947 0 17.974 0.00107005 -0.00040115  0 0 2
1386143275.628489476 6.87853 1.00949 0 17.973 0.00143777 0.000383435  0 -0.000266678 2
1386143275.759811699 6.87852 1.0095 0 17.972 -0.000120935 8.01874e-05  0 -0.000133845 2
1386143275.823401630 6.87859 1.00951 0 17.971 0.00115745 0.000132334  0 -0.000272222 2
1386143275.954148165 6.87862 1.00959 0 17.973 0.000234629 0.000578574  0 0.000266832 2
1386143276.018800167 6.87868 1.00958 0 17.973 0.000899114 -8.85408e-05  0 0 2
1386143276.149579246 6.87873 1.00959 0 17.973 0.000376665 7.09149e-05  0 0 2
1386143276.214704675 6.87877 1.00958 0 17.973 0.000623463 -0.000119893  0 0 2
1386143276.346472802 6.87889 1.00962 0 17.974 0.000937314 0.000274844  0 0.000133392 2
1386143276.477069332 6.87906 1.00967 0 17.974 0.00126487 0.000405214  0 0 2
1386143276.540175717 6.87911 1.00969 0 17.975 0.000883135 0.000237101  0 0.000274307 2
1386143276.671284127 6.87935 1.00967 0 17.975 0.00176919 -8.92788e-05  0 0 2
1386143276.736448127 6.87939 1.00973 0 17.976 0.000709342 0.000928013  0 0.000269733 2
1386143276.872770827 6.87952 1.00975 0 17.973 0.000935051 0.000120096  0 -0.000384854 2
1386143276.932202274 6.87955 1.00976 0 17.972 0.000562155 0.000115913  0 -0.00029575 2
1386143277.062478267 6.87965 1.00984 0 17.971 0.000717692 0.000653429  0 -0.000132876 2
1386143277.129204491 6.8797 1.00988 0 17.97 0.00081102 0.000515559  0 -0.000263418 2
1386143277.258111235 6.87986 1.00988 0 17.968 0.00126892 4.61691e-05  0 -0.000270641 2
1386143277.323840930 6.87992 1.0099 0 17.968 0.000874724 0.000265891  0 0 2
1386143277.453859303 6.8801 1.00999 0 17.967 0.00137883 0.000714614  0 -0.000133139 2
1386143277.517692909 6.88019 1.01003 0 17.966 0.00134862 0.000540661  0 -0.000275354 2
1386143277.649299301 6.88038 1.01011 0 17.967 0.00144047 0.00062986  0 0.000133556 2
1386143277.778174411 6.88048 1.01016 0 17.964 0.000769643 0.000382466  0 -0.000407094 2
1386143277.848023837 6.88057 1.01018 0 17.963 0.00137779 0.000259016  0 -0.000247827 2
1386143277.975488935 6.8807 1.01025 0 17.962 0.0010051 0.000555607  0 -0.000137895 2
1386143278.040468713 6.88078 1.01029 0 17.963 0.00119169 0.000570696  0 0.000270497 2
1386143278.169222127 6.88093 1.01041 0 17.965 0.00119809 0.000931143  0 0.000270963 2
1386143278.236321048 6.88099 1.01044 0 17.965 0.000805614 0.000441537  0 0 2
1386143278.369807009 6.88123 1.01056 0 17.965 0.00179871 0.000897621  0 0 2
1386143278.433194567 6.8813 1.01062 0 17.966 0.00119995 0.00102814  0 0.000273091 2
1386143278.562316539 6.88131 1.01068 0 17.966 6.76475e-05 0.000472747  0 0 2
1386143278.627471735 6.88136 1.0107 0 17.967 0.000752546 0.000291201  0 0.000269769 2
1386143278.758029946 6.88142 1.01065 0 17.963 0.000429152 -0.000363845  0 -0.000534435 2
1386143278.834056938 6.88152 1.01068 0 17.961 0.00140295 0.000328757  0 -0.000458882 2
1386143278.953580390 6.88167 1.0108 0 17.96 0.00122514 0.000997113  0 -0.000147058 2
1386143279.020379023 6.88171 1.01077 0 17.96 0.000603928 -0.000425425  0 0 2
1386143279.149651683 6.88198 1.01085 0 17.957 0.00207892 0.00066221  0 -0.000405842 2
1386143279.215105332 6.88203 1.0109 0 17.957 0.000878317 0.000701687  0 0 2
1386143279.344606825 6.88214 1.01093 0 17.957 0.000843678 0.000246004  0 0 2
1386143279.475075665 6.88227 1.011 0 17.957 0.000934922 0.000501863  0 0 2
1386143279.543165465 6.88231 1.01105 0 17.955 0.000602227 0.000785111  0 -0.000512374 2
1386143279.672660257 6.88244 1.01105 0 17.957 0.000999395 -1.32581e-05  0 0.000269412 2
1386143279.737438519 6.88251 1.01104 0 17.957 0.00113053 -0.000166972  0 0 2
1386143279.866466903 6.88259 1.0111 0 17.955 0.000631935 0.000466771  0 -0.000270386 2
1386143279.931555109 6.88263 1.01113 0 17.955 0.000633142 0.000535722  0 0 2
1386143280.067441422 6.8827 1.01122 0 17.957 0.0004882 0.000667692  0 0.00025674 2
1386143280.127140147 6.88274 1.01125 0 17.957 0.000609684 0.000404587  0 0 2
1386143280.258416102 6.88293 1.01135 0 17.957 0.0015128 0.00078803  0 0 2
1386143280.322804548 6.883 1.01137 0 17.958 0.00110484 0.000217376  0 0.000272982 2
1386143280.456113174 6.88305 1.01137 0 17.956 0.000365951 4.71672e-05  0 -0.000261704 2
1386143280.518355124 6.88309 1.01142 0 17.954 0.000577992 0.000745031  0 -0.000560513 2
1386143280.650619762 6.88319 1.01148 0 17.951 0.000789527 0.000429673  0 -0.000396661 2
1386143280.713862448 6.88323 1.0115 0 17.952 0.000564396 0.000341984  0 0.000277927 2
1386143280.844574830 6.88342 1.01158 0 17.952 0.00146299 0.000658201  0 0 2
1386143280.975716277 6.88355 1.0116 0 17.953 0.00102022 0.000115064  0 0.000131999 2
1386143281.040254598 6.88361 1.0116 0 17.953 0.00086936 2.54567e-05  0 0 2
1386143281.170579472 6.88369 1.01155 0 17.953 0.000616708 -0.00042046  0 0 2
1386143281.235518593 6.88376 1.01159 0 17.953 0.00107008 0.000711329  0 0 2
1386143281.366279779 6.88389 1.01163 0 17.954 0.000980569 0.000302169  0 0.00013442 2
1386143281.431464012 6.88396 1.01164 0 17.952 0.00112982 0.00014577  0 -0.000535212 2
1386143281.561829598 6.88403 1.01169 0 17.952 0.000522038 0.000382424  0 0 2
1386143281.626550087 6.88407 1.0117 0 17.953 0.000567482 0.000224159  0 0.000267466 2
1386143281.760857872 6.88425 1.01178 0 17.952 0.00138058 0.00053306  0 -0.000128887 2
1386143281.822858803 6.88429 1.01177 0 17.951 0.000637451 -0.000138262  0 -0.000283494 2
1386143281.952242345 6.8843 1.01183 0 17.953 9.47255e-05 0.000485204  0 0.000269643 2
1386143282.018237843 6.88439 1.01186 0 17.953 0.00131304 0.000440047  0 0 2
1386143282.148834156 6.8845 1.01191 0 17.954 0.000824978 0.000405148  0 0.000134589 2
1386143282.213809816 6.88456 1.01194 0 17.952 0.000950442 0.000477724  0 -0.00053693 2
1386143282.343249357 6.88469 1.01194 0 17.953 0.00103473 -6.63272e-06  0 0.000133735 2
1386143282.474643286 6.88485 1.01202 0 17.951 0.00119988 0.000551517  0 -0.000265518 2
1386143282.540308857 6.88491 1.01205 0 17.952 0.000915577 0.000590392  0 0.000267672 2
1386143282.672793881 6.88511 1.01214 0 17.949 0.00152543 0.000668686  0 -0.000396002 2
1386143282.739487169 6.88512 1.01216 0 17.949 8.85946e-05 0.000192373  0 0 2
1386143282.865896971 6.8852 1.01229 0 17.948 0.000664053 0.00110316  0 -0.00013694 2
1386143282.931658392 6.88534 1.01231 0 17.947 0.00200395 0.000177929  0 -0.000267282 2
1386143283.061726759 6.88557 1.01235 0 17.946 0.00176131 0.000336522  0 -0.000133088 2
1386143283.126812558 6.88563 1.01235 0 17.945 0.00106595 6.72491e-05  0 -0.000270057 2
1386143283.257759140 6.88577 1.01239 0 17.941 0.00106691 0.000247924  0 -0.000532849 2
1386143283.322499325 6.88584 1.01242 0 17.939 0.000975329 0.000494133  0 -0.000538883 2
1386143283.452984615 6.88587 1.01244 0 17.94 0.000225817 0.000139868  0 0.000132663 2
1386143283.518247489 6.88593 1.01247 0 17.94 0.000911909 0.000546674  0 0 2
1386143283.654192101 6.88609 1.01252 0 17.94 0.00118971 0.000321517  0 0 2
1386143283.721216375 6.88612 1.01252 0 17.941 0.000534617 6.5485e-05  0 0.000262246 2
1386143283.844132635 6.88616 1.01258 0 17.939 0.000308576 0.000517573  0 -0.000283831 2
1386143283.974581137 6.88621 1.01255 0 17.939 0.000405441 -0.000285338  0 0 2
1386143284.039826026 6.88629 1.01256 0 17.94 0.00115769 0.000198954  0 0.000265317 2
1386143284.170179652 6.88644 1.0126 0 17.939 0.00115948 0.000266158  0 -0.000132797 2
1386143284.235517613 6.8865 1.01264 0 17.938 0.000838261 0.000709372  0 -0.000269015 2
1386143284.365687290 6.88655 1.01273 0 17.938 0.000405178 0.000688944  0 0 2
1386143284.432625526 6.88657 1.01276 0 17.937 0.000362445 0.000474412  0 -0.000258605 2
1386143284.561982021 6.88671 1.01278 0 17.937 0.00108937 9.83139e-05  0 0 2
1386143284.626524581 6.88676 1.01279 0 17.936 0.000645645 0.000217557  0 -0.00027233 2
1386143284.758560925 6.88685 1.01286 0 17.937 0.000724782 0.000499977  0 0.000133121 2
1386143284.822163794 6.8869 1.01288 0 17.936 0.00083497 0.000424449  0 -0.000276353 2
1386143284.952604798 6.88703 1.01296 0 17.936 0.000951888 0.000569221  0 0 2
1386143285.017793088 6.88707 1.01296 0 17.937 0.000648569 -1.53825e-05  0 0.000269632 2
1386143285.148865290 6.88716 1.01296 0 17.933 0.000675993 7.87021e-06  0 -0.000532339 2
1386143285.213640028 6.88727 1.01298 0 17.931 0.00162916 0.000409758  0 -0.000542707 2
1386143285.343939125 6.88728 1.01297 0 17.93 0.000150918 -8.93701e-05  0 -0.000132852 2
1386143285.474476237 6.88744 1.01309 0 17.93 0.0011814 0.000875343  0 0 2
1386143285.540797014 6.88747 1.01311 0 17.932 0.000432929 0.000425746  0 0.00052604 2
1386143285.671000183 6.88766 1.01319 0 17.932 0.00144402 0.000543184  0 0 2
1386143285.735279810 6.88773 1.01326 0 17.932 0.00116235 0.00111807  0 0 2
1386143285.865629523 6.8878 1.01328 0 17.931 0.000546078 0.000193806  0 -0.000134844 2
1386143285.930958420 6.88787 1.01332 0 17.931 0.00111623 0.000612954  0 0 2
1386143286.061144733 6.888 1.01343 0 17.932 0.000956771 0.000857718  0 0.000135013 2
1386143286.128848312 6.88807 1.01347 0 17.932 0.00100373 0.000553041  0 0 2
1386143286.257721607 6.88822 1.01355 0 17.93 0.00117149 0.000609727  0 -0.000270711 2
1386143286.321218298 6.88826 1.0136 0 17.931 0.000598683 0.000728432  0 0.000272621 2
1386143286.452480802 6.88843 1.01368 0 17.932 0.00135285 0.000625653  0 0.000133906 2
1386143286.518404730 6.88854 1.01371 0 17.931 0.0016323 0.000531523  0 -0.000266623 2
1386143286.652251565 6.8886 1.01383 0 17.93 0.000419008 0.000872911  0 -0.000129331 2
1386143286.778453152 6.88871 1.01392 0 17.927 0.000856156 0.000705419  0 -0.000415718 2
1386143286.844951159 6.88877 1.01395 0 17.925 0.000980639 0.000511682  0 -0.000524638 2
1386143286.972965042 6.88884 1.01395 0 17.924 0.000522766 -8.1793e-06  0 -0.000135224 2
1386143287.038279079 6.88891 1.01398 0 17.924 0.00111098 0.000434686  0 0 2
1386143287.170983159 6.88902 1.01396 0 17.922 0.000845944 -0.000147961  0 -0.000262896 2
1386143287.235840462 6.88907 1.01397 0 17.921 0.00078369 0.000194943  0 -0.000271008 2
1386143287.366517959 6.88916 1.01401 0 17.921 0.000661187 0.000314253  0 0 2
1386143287.430720456 6.88923 1.01404 0 17.92 0.00103986 0.000319814  0 -0.000269624 2
1386143287.561713849 6.88935 1.01411 0 17.92 0.000927945 0.000548769  0 0 2
1386143287.632466073 6.88939 1.01414 0 17.919 0.00063957 0.000514227  0 -0.000248428 2
1386143287.757583839 6.88962 1.01415 0 17.919 0.00185175 5.61453e-05  0 0 2
1386143287.822059571 6.88971 1.01416 0 17.92 0.00134641 0.000140657  0 0.000272612 2
1386143287.955547372 6.89006 1.01423 0 17.92 0.00262273 0.000522185  0 0 2
1386143288.017584756 6.89017 1.01425 0 17.918 0.00166892 0.000414848  0 -0.000562361 2
1386143288.147532571 6.8904 1.01432 0 17.918 0.00183906 0.000527361  0 0 2
1386143288.213212105 6.89043 1.01436 0 17.919 0.000436776 0.00062366  0 0.000263561 2
1386143288.345219401 6.89047 1.01438 0 17.919 0.000288737 0.00013204  0 0 2
1386143288.474430543 6.89065 1.01439 0 17.916 0.00135406 7.54365e-05  0 -0.000406035 2
1386143288.544046717 6.89073 1.01441 0 17.917 0.00117488 0.000301818  0 0.000252482 2
1386143288.669792346 6.89087 1.01451 0 17.916 0.00111121 0.000736536  0 -0.000139781 2
1386143288.736267474 6.8909 1.01451 0 17.916 0.000411824 6.64334e-05  0 0 2
1386143288.865274909 6.89097 1.01455 0 17.916 0.000559915 0.000283303  0 0 2
1386143288.930562131 6.89099 1.01453 0 17.916 0.000399824 -0.000265606  0 0 2
1386143289.063425466 6.89116 1.01455 0 17.917 0.00126837 0.000170382  0 0.000132293 2
1386143289.125910555 6.89121 1.01459 0 17.917 0.000698091 0.000639805  0 0 2
1386143289.258002713 6.89126 1.01456 0 17.918 0.000403543 -0.000249372  0 0.000133065 2
1386143289.321814779 6.89129 1.01455 0 17.917 0.000454928 -0.000170888  0 -0.000275447 2
1386143289.459438260 6.8913 1.01461 0 17.918 9.45876e-05 0.000423074  0 0.000127717 2
1386143289.518696911 6.89132 1.01462 0 17.918 0.000324213 0.000290392  0 0 2
1386143289.647930088 6.89141 1.01466 0 17.916 0.000704739 0.000255279  0 -0.000272018 2
1386143289.778287467 6.8915 1.01468 0 17.918 0.000706582 0.000176744  0 0.000269672 2
1386143289.843183585 6.8915 1.0147 0 17.916 -9.60439e-05 0.000288641  0 -0.000541692 2
1386143289.974074869 6.89159 1.01482 0 17.919 0.000704252 0.000957291  0 0.000400823 2
1386143290.041104270 6.89161 1.01482 0 17.92 0.000340066 -4.67282e-05  0 0.000262226 2
1386143290.169981118 6.89173 1.01496 0 17.918 0.000908591 0.00107841  0 -0.000270703 2
1386143290.234923445 6.89181 1.01499 0 17.916 0.00130139 0.000537656  0 -0.000541307 2
1386143290.365264520 6.89192 1.01505 0 17.916 0.000779913 0.000424109  0 0 2
1386143290.443332972 6.89195 1.01504 0 17.916 0.000396493 -0.000161674  0 0 2
1386143290.565302250 6.89204 1.01502 0 17.915 0.000806354 -0.000104541  0 -0.000141925 2
1386143290.626043073 6.89212 1.01504 0 17.916 0.00120875 0.00022801  0 0.00028499 2
1386143290.756403387 6.89223 1.01502 0 17.914 0.000858164 -0.000105789  0 -0.000267623 2
1386143290.821515782 6.89228 1.01507 0 17.914 0.000821152 0.000636696  0 0 2
1386143290.952611834 6.89245 1.01509 0 17.917 0.00127483 0.00015526  0 0.000400197 2
1386143291.017388321 6.89253 1.01508 0 17.914 0.00129065 -4.26219e-05  0 -0.000809928 2
1386143291.147223348 6.89263 1.01509 0 17.913 0.000736752 3.74116e-05  0 -0.000133327 2
1386143291.278040218 6.89281 1.01514 0 17.912 0.00135647 0.000397781  0 -0.000134362 2
1386143291.344812041 6.89291 1.01519 0 17.91 0.00148073 0.000690209  0 -0.000522487 2
1386143291.472938614 6.89308 1.01515 0 17.908 0.00137687 -0.000244091  0 -0.000272289 2
1386143291.543768033 6.89315 1.01521 0 17.908 0.000928987 0.000722644  0 0 2
1386143291.669295350 6.89328 1.01524 0 17.909 0.00105902 0.000239796  0 0.000140024 2
1386143291.734482000 6.89329 1.01525 0 17.91 0.000175254 0.000145591  0 0.000265554 2
1386143291.865165399 6.89344 1.01533 0 17.908 0.00115325 0.000626169  0 -0.000266961 2
1386143291.930392721 6.89355 1.01538 0 17.909 0.00164814 0.000741144  0 0.000269471 2
1386143292.062065172 6.89363 1.0154 0 17.907 0.000571962 0.000178285  0 -0.000264956 2
1386143292.124331442 6.89371 1.0154 0 17.907 0.0012699 -3.87561e-05  0 0 2
1386143292.256343011 6.89375 1.01539 0 17.908 0.000334989 -3.03084e-05  0 0.000131129 2
1386143292.321646431 6.89385 1.01538 0 17.907 0.00156259 -0.000201673  0 -0.000265079 2
1386143292.454373333 6.89398 1.0154 0 17.908 0.000938108 0.000153541  0 0.000130422 2
1386143292.530023228 6.89405 1.01539 0 17.907 0.000916368 -0.000105445  0 -0.000228824 2
1386143292.647537362 6.89416 1.01548 0 17.907 0.000972171 0.000779755  0 0 2
1386143292.777960717 6.89423 1.01554 0 17.908 0.00051297 0.000402711  0 0.000132726 2
1386143292.843151047 6.8943 1.01556 0 17.908 0.00114924 0.000350467  0 0 2
1386143292.976176565 6.89434 1.01557 0 17.909 0.000307106 8.17189e-05  0 0.000132132 2
1386143293.038992762 6.89437 1.01562 0 17.908 0.000398003 0.000733168  0 -0.000279814 2
1386143293.172478793 6.89454 1.01571 0 17.908 0.00128619 0.000675444  0 0 2
1386143293.234418760 6.89459 1.01571 0 17.907 0.000802719 -9.64569e-06  0 -0.000279473 2
1386143293.364747050 6.89467 1.0158 0 17.91 0.000646493 0.000699789  0 0.000400511 2
1386143293.432309162 6.89469 1.01578 0 17.91 0.000287952 -0.000253628  0 0 2
1386143293.560344000 6.89485 1.01581 0 17.908 0.00124546 0.000267408  0 -0.000272484 2
1386143293.626108573 6.89493 1.01586 0 17.908 0.0011337 0.000662229  0 0 2
1386143293.759467081 6.895 1.01594 0 17.907 0.000552418 0.000613038  0 -0.000129805 2
1386143293.821210485 6.89509 1.01597 0 17.908 0.00142537 0.000445908  0 0.000280363 2
1386143293.951687003 6.89521 1.01606 0 17.904 0.000908133 0.000701575  0 -0.000534769 2
1386143294.016863764 6.89526 1.01611 0 17.906 0.000852764 0.00084  0 0.000535274 2
1386143294.147676315 6.89535 1.01614 0 17.901 0.000650462 0.000230425  0 -0.000667762 2
1386143294.277867741 6.89541 1.01616 0 17.902 0.000516264 0.000160613  0 0.000135008 2
1386143294.343101752 6.8955 1.01622 0 17.904 0.00127832 0.000910917  0 0.000534804 2
1386143294.475304233 6.89566 1.01632 0 17.902 0.00125449 0.000738527  0 -0.000263894 2
1386143294.538702403 6.89573 1.01637 0 17.904 0.00101312 0.000762861  0 0.00055029 2
1386143294.669340529 6.89581 1.01641 0 17.902 0.000595184 0.000348856  0 -0.000267054 2
1386143294.734409566 6.89587 1.01644 0 17.901 0.000927646 0.000401263  0 -0.000270126 2
1386143294.864799979 6.89598 1.01649 0 17.899 0.00085271 0.00038101  0 -0.000267561 2
1386143294.929956057 6.89603 1.0165 0 17.898 0.000813608 0.000154029  0 -0.000265678 2
1386143295.062740424 6.89614 1.01657 0 17.897 0.000834712 0.000552745  0 -0.000132371 2
1386143295.125564998 6.89621 1.0166 0 17.897 0.00106858 0.000368154  0 0 2
1386143295.256118604 6.89632 1.0167 0 17.899 0.000856946 0.000819029  0 0.000267227 2
1386143295.320942903 6.89638 1.01671 0 17.898 0.000902233 0.000152175  0 -0.000267038 2
1386143295.466917927 6.89646 1.01675 0 17.899 0.000572284 0.000273537  0 0.000118586 2
1386143295.526288219 6.89654 1.01678 0 17.898 0.00139214 0.000463042  0 -0.000291569 2
1386143295.647191553 6.89669 1.01682 0 17.898 0.00122613 0.000346062  0 0 2
1386143295.777544475 6.89681 1.01688 0 17.899 0.000915028 0.00042  0 0.000132798 2
1386143295.842842725 6.89689 1.01687 0 17.898 0.001128 -5.3919e-05  0 -0.0002651 2
1386143295.973241498 6.89694 1.01693 0 17.896 0.000440084 0.000414044  0 -0.000267544 2
1386143296.038805317 6.89697 1.01695 0 17.895 0.000425292 0.000313998  0 -0.000268088 2
1386143296.167937482 6.89709 1.01703 0 17.897 0.000921478 0.000614505  0 0.000270168 2
1386143296.233200627 6.89716 1.01703 0 17.9 0.00102757 -4.76957e-05  0 0.000803888 2
1386143296.364790965 6.89724 1.0171 0 17.899 0.00061274 0.000543352  0 -0.000133573 2
1386143296.439181013 6.89732 1.01712 0 17.899 0.00109955 0.000374238  0 0 2
1386143296.561110098 6.89739 1.01718 0 17.904 0.000569337 0.000478902  0 0.000716414 2
1386143296.625504624 6.8975 1.01725 0 17.906 0.00168832 0.00102214  0 0.000541776 2
1386143296.758799899 6.89754 1.01735 0 17.906 0.000294292 0.000726308  0 0 2
1386143296.821756146 6.89753 1.01733 0 17.907 -0.000119146 -0.000245326  0 0.000279192 2
1386143296.952570637 6.89767 1.01736 0 17.908 0.00109874 0.000263236  0 0.000132329 2
1386143297.017263796 6.89775 1.01741 0 17.91 0.00120522 0.000634115  0 0.000539275 2
1386143297.147395543 6.89785 1.0174 0 17.909 0.000767194 -3.06999e-05  0 -0.000133023 2
1386143297.212723089 6.89793 1.01742 0 17.909 0.00121774 0.000311802  0 0 2
1386143297.343180602 6.89802 1.0174 0 17.907 0.000700947 -0.000195619  0 -0.000267424 2
1386143297.475816643 6.89819 1.01752 0 17.907 0.00126465 0.000929082  0 0 2
1386143297.538406287 6.89828 1.01755 0 17.907 0.00141386 0.00053542  0 0 2
1386143297.668842504 6.89842 1.01765 0 17.905 0.00107982 0.000714822  0 -0.000267467 2
1386143297.734747092 6.89851 1.01768 0 17.907 0.00139946 0.00047678  0 0.000529362 2
1386143297.864335766 6.89863 1.01782 0 17.905 0.000942709 0.00106683  0 -0.000269217 2
1386143297.930097404 6.89871 1.01785 0 17.904 0.00116132 0.000559164  0 -0.000267281 2
1386143298.060207347 6.8988 1.01788 0 17.901 0.000708875 0.000219934  0 -0.00040323 2
1386143298.126275940 6.89885 1.01787 0 17.901 0.000750235 -0.000143841  0 0 2
1386143298.256055301 6.89893 1.01788 0 17.9 0.00060323 9.30736e-05  0 -0.000133384 2
1386143298.322752172 6.89898 1.0179 0 17.9 0.000708735 0.000307423  0 0 2
1386143298.451208386 6.89916 1.01803 0 17.899 0.00146137 0.000969895  0 -0.000136832 2
1386143298.516577937 6.89921 1.018 0 17.898 0.000759837 -0.000387893  0 -0.000264811 2
1386143298.647011157 6.89932 1.01802 0 17.896 0.000828544 0.000134449  0 -0.000267473 2
1386143298.711868787 6.89943 1.01803 0 17.894 0.00167216 0.000184401  0 -0.000537908 2
1386143298.842854006 6.89949 1.01818 0 17.897 0.000429353 0.00109741  0 0.000398503 2
1386143298.974136596 6.89963 1.01825 0 17.892 0.00110991 0.000527587  0 -0.000663343 2
1386143299.038281973 6.89966 1.01825 0 17.893 0.000462897 0.000114477  0 0.000269864 2
1386143299.171019189 6.89984 1.0183 0 17.892 0.0013411 0.000324155  0 -0.000130412 2
1386143299.238961713 6.89991 1.01832 0 17.894 0.000974721 0.000275841  0 0.000513484 2
1386143299.377323447 6.89998 1.01828 0 17.893 0.000491848 -0.000222876  0 -0.000127036 2
1386143299.429564043 6.90003 1.0183 0 17.893 0.00106641 0.000369301  0 0 2
1386143299.560372985 6.90011 1.01837 0 17.892 0.000604979 0.000476767  0 -0.000132335 2
1386143299.627274045 6.90016 1.0184 0 17.891 0.000766171 0.000438544  0 -0.000262729 2
1386143299.755507726 6.90028 1.01841 0 17.892 0.000891951 0.000112853  0 0.000137069 2
1386143299.820676788 6.90034 1.01844 0 17.891 0.00101296 0.000475608  0 -0.000269712 2
1386143299.952814157 6.90047 1.01853 0 17.89 0.000950184 0.000702773  0 -0.000131004 2
1386143300.016292925 6.90054 1.01858 0 17.892 0.00111173 0.000774139  0 0.000549592 2
1386143300.146767079 6.90069 1.01863 0 17.89 0.00113556 0.000363549  0 -0.000267389 2
1386143300.277183927 6.90078 1.01871 0 17.886 0.000711716 0.000613165  0 -0.000537056 2
1386143300.348026627 6.90083 1.01866 0 17.886 0.000790858 -0.000744681  0 0 2
1386143300.474551320 6.90086 1.01871 0 17.886 0.00019845 0.000423596  0 0 2
1386143300.541507951 6.9009 1.01872 0 17.887 0.000564746 5.64321e-05  0 0.000262511 2
1386143300.669351308 6.90104 1.01882 0 17.886 0.00113908 0.000854359  0 -0.000137487 2
1386143300.733778209 6.90106 1.01881 0 17.885 0.000333696 -0.000254312  0 -0.000268685 2
1386143300.864673369 6.90115 1.01882 0 17.886 0.000649185 0.000124202  0 0.000132247 2
1386143300.928748500 6.90123 1.01887 0 17.886 0.00119988 0.000715271  0 0 2
1386143301.059790835 6.90126 1.0189 0 17.887 0.000262405 0.00025967  0 0.000134131 2
1386143301.125008121 6.90129 1.01898 0 17.886 0.000493336 0.00112279  0 -0.000269512 2
1386143301.254453557 6.9014 1.01906 0 17.887 0.000788782 0.000645792  0 0.000135786 2
1386143301.319792065 6.90146 1.01907 0 17.89 0.00102781 8.38238e-05  0 0.000802961 2
1386143301.451115712 6.90161 1.01913 0 17.887 0.00114296 0.000447625  0 -0.000399504 2
1386143301.516604606 6.9017 1.01913 0 17.888 0.00128679 3.62509e-06  0 0.000264328 2
1386143301.645547880 6.90177 1.01912 0 17.887 0.000586222 -2.72462e-05  0 -0.000134249 2
1386143301.777044116 6.90191 1.01913 0 17.885 0.00104054 5.22379e-05  0 -0.000265311 2
1386143301.866752504 6.90199 1.01913 0 17.885 0.000932832 3.89378e-05  0 0 2
1386143301.971314129 6.90207 1.01914 0 17.885 0.00072966 6.0563e-05  0 0 2
1386143302.037724509 6.90212 1.01917 0 17.885 0.000777334 0.000425875  0 0 2
1386143302.168231367 6.90223 1.01926 0 17.886 0.000822471 0.000700113  0 0.000132641 2
1386143302.231820593 6.90227 1.01928 0 17.885 0.000681488 0.000417055  0 -0.000272225 2
1386143302.363795063 6.90245 1.01939 0 17.883 0.00138909 0.000830785  0 -0.00026435 2
1386143302.428937025 6.90248 1.01941 0 17.881 0.000352984 0.000275346  0 -0.00053556 2
1386143302.559380524 6.90271 1.01949 0 17.881 0.00178421 0.000629553  0 0 2
1386143302.622845103 6.90278 1.0195 0 17.882 0.00101523 4.52021e-05  0 0.000272759 2
1386143302.755407245 6.90285 1.01957 0 17.887 0.000552995 0.000528901  0 0.000658949 2
1386143302.838530750 6.90297 1.01954 0 17.89 0.00143767 -0.000326729  0 0.000631161 2
1386143302.951216628 6.90301 1.01955 0 17.892 0.000371638 7.1427e-05  0 0.000309599 2
1386143303.017780847 6.90306 1.01955 0 17.891 0.000793125 7.87952e-05  0 -0.000264059 2
1386143303.150343966 6.90327 1.01971 0 17.894 0.00156714 0.00117091  0 0.000395768 2
1386143303.211599598 6.90333 1.01971 0 17.893 0.000984527 7.953e-05  0 -0.000286943 2
1386143303.342072511 6.90341 1.01973 0 17.893 0.000621858 0.00015233  0 0 2
1386143303.474902445 6.90348 1.0199 0 17.893 0.000487873 0.00121899  0 0 2
1386143303.539782989 6.90356 1.0199 0 17.892 0.0012576 0.000131545  0 -0.000266806 2
1386143303.670567840 6.90371 1.01995 0 17.894 0.00113894 0.000377425  0 0.000266754 2
1386143303.735274350 6.9038 1.01999 0 17.895 0.00139244 0.000567638  0 0.000267524 2
1386143303.864627715 6.90388 1.01997 0 17.89 0.000661309 -0.000190883  0 -0.000673236 2
1386143303.929565418 6.90397 1.01999 0 17.89 0.00128299 0.000331911  0 0 2
1386143304.061494422 6.90412 1.02003 0 17.891 0.00114965 0.000359792  0 0.000131211 2
1386143304.124915360 6.90415 1.02004 0 17.889 0.000490575 1.3893e-05  0 -0.000550093 2
1386143304.254784800 6.90425 1.02005 0 17.889 0.000771454 0.000150812  0 0 2
1386143304.318110528 6.90426 1.02008 0 17.891 0.000165858 0.000459319  0 0.00055092 2
1386143304.448894088 6.90436 1.02004 0 17.891 0.000739656 -0.000351504  0 0 2
1386143304.515559056 6.9044 1.02007 0 17.893 0.000637195 0.000528487  0 0.000523324 2
1386143304.646020463 6.90453 1.02012 0 17.889 0.000999946 0.000391259  0 -0.000534831 2
1386143304.711643784 6.90457 1.02016 0 17.887 0.000568693 0.000480249  0 -0.000531631 2
1386143304.841813855 6.90473 1.02017 0 17.887 0.00127221 9.05983e-05  0 0 2
1386143304.972621173 6.90483 1.02027 0 17.888 0.000763432 0.000749856  0 0.000132336 2
1386143305.036579952 6.90492 1.0203 0 17.889 0.00133367 0.000528896  0 0.000274815 2
1386143305.167727663 6.905 1.02033 0 17.889 0.000656826 0.000250482  0 0 2
1386143305.233037422 6.90508 1.02038 0 17.89 0.0012154 0.000751169  0 0.000269131 2
1386143305.366973562 6.90518 1.02043 0 17.889 0.000710308 0.000375241  0 -0.000131233 2
1386143305.429727659 6.90529 1.02047 0 17.891 0.00171792 0.000603426  0 0.000555938 2
1386143305.559053285 6.90539 1.02051 0 17.89 0.000790225 0.000295245  0 -0.000133852 2
1386143305.628661251 6.90545 1.02052 0 17.889 0.000894866 0.000188351  0 -0.000252512 2
1386143305.770760413 6.90556 1.02057 0 17.891 0.000771243 0.000351795  0 0.000245515 2
1386143305.826508953 6.90564 1.0206 0 17.891 0.00142693 0.000459233  0 0 2
1386143305.950553169 6.90574 1.02067 0 17.892 0.000803385 0.000584522  0 0.000141698 2
1386143306.015556378 6.90578 1.02071 0 17.892 0.000627296 0.000599553  0 0 2
1386143306.147783183 6.90591 1.02072 0 17.893 0.000966599 0.00012342  0 0.000130916 2
1386143306.276333900 6.90606 1.02078 0 17.893 0.00118717 0.000444365  0 0 2
1386143306.347833559 6.90609 1.02081 0 17.893 0.000417382 0.000425872  0 0 2
1386143306.471929940 6.90622 1.02085 0 17.891 0.00102482 0.000272952  0 -0.000281132 2
1386143306.544172134 6.90629 1.0208 0 17.891 0.000954801 -0.000564792  0 0 2
1386143306.672284629 6.90641 1.02079 0 17.891 0.00100476 -0.000142441  0 0 2
1386143306.754377248 6.90651 1.02083 0 17.891 0.00116473 0.000534209  0 0 2
1386143306.872160030 6.90668 1.02086 0 17.891 0.00140488 0.0002552  0 0 2
1386143306.928242279 6.90673 1.02086 0 17.891 0.00100081 -2.5824e-05  0 0 2
1386143307.058293145 6.90687 1.02083 0 17.89 0.00108234 -0.000251995  0 -0.000133106 2
1386143307.123062009 6.90698 1.02084 0 17.889 0.00159773 0.000140611  0 -0.000271378 2
1386143307.265081516 6.9071 1.02088 0 17.886 0.000853211 0.000342503  0 -0.000369416 2
1386143307.318718618 6.90712 1.0209 0 17.885 0.00043466 0.000314583  0 -0.000322735 2
1386143307.450069317 6.90728 1.02095 0 17.884 0.00120759 0.000364057  0 -0.000133816 2
1386143307.515197709 6.90729 1.02094 0 17.886 0.00023731 -6.0832e-05  0 0.000535671 2
1386143307.644511489 6.90743 1.02094 0 17.891 0.00107108 -2.14749e-05  0 0.000675502 2
1386143307.776125152 6.9075 1.02096 0 17.891 0.000477484 0.000142476  0 0 2
1386143307.841896821 6.90757 1.02098 0 17.89 0.00115084 0.000220169  0 -0.000263192 2
1386143307.970211865 6.90763 1.02107 0 17.889 0.000464445 0.000733139  0 -0.000136982 2
1386143308.035488307 6.90772 1.02111 0 17.888 0.00137517 0.000649659  0 -0.000269268 2
1386143308.167296939 6.90772 1.0211 0 17.885 -1.08595e-05 -0.000112692  0 -0.000396013 2
1386143308.234021697 6.90778 1.02112 0 17.885 0.000916961 0.000399139  0 0 2
1386143308.364340143 6.90792 1.02121 0 17.885 0.00104578 0.000640911  0 0 2
1386143308.428189284 6.90799 1.02124 0 17.886 0.00116907 0.000549375  0 0.000271116 2
1386143308.558677730 6.90812 1.0213 0 17.888 0.000951799 0.000446961  0 0.00026736 2
1386143308.626968224 6.90822 1.02131 0 17.887 0.00150334 0.000137084  0 -0.000253484 2
1386143308.762022219 6.90831 1.02139 0 17.887 0.000696365 0.000559451  0 0 2
1386143308.819341666 6.90839 1.02144 0 17.888 0.00131034 0.000968392  0 0.000302001 2
1386143308.949771447 6.90845 1.02145 0 17.887 0.00044816 0.00010375  0 -0.000132719 2
1386143309.022447624 6.90851 1.0215 0 17.888 0.000841215 0.000622438  0 0.000238187 2
1386143309.157621025 6.90867 1.02161 0 17.888 0.00116973 0.000790368  0 0 2
1386143309.276692804 6.90883 1.02164 0 17.888 0.00136695 0.000286557  0 0 2
1386143309.341111622 6.90886 1.02163 0 17.887 0.000454916 -0.000109593  0 -0.000268719 2
1386143309.471457234 6.909 1.02163 0 17.886 0.00107667 -3.9407e-05  0 -0.000134848 2
1386143309.538657146 6.90907 1.02169 0 17.886 0.00105948 0.000889182  0 0 2
1386143309.673801293 6.90919 1.02174 0 17.888 0.000894756 0.000361177  0 0.00025815 2
1386143309.732344289 6.90926 1.02174 0 17.889 0.0012699 -1.92499e-05  0 0.000300239 2
1386143309.863203781 6.90938 1.02176 0 17.889 0.000854358 0.000162719  0 0 2
1386143309.927976464 6.90945 1.02182 0 17.887 0.00117756 0.000898407  0 -0.000538613 2
1386143310.058404269 6.90949 1.02192 0 17.887 0.000297056 0.000780875  0 0 2
1386143310.123597793 6.90951 1.022 0 17.888 0.000300664 0.00134564  0 0.000265526 2
1386143310.253977590 6.90966 1.02208 0 17.887 0.00111339 0.000550496  0 -0.00013277 2
1386143310.325331351 6.90967 1.02207 0 17.887 0.000134366 -0.00014496  0 0 2
1386143310.450058083 6.90972 1.0222 0 17.884 0.000470673 0.0010585  0 -0.000420634 2
1386143310.515619980 6.9098 1.02223 0 17.883 0.0012185 0.000501182  0 -0.000264034 2
1386143310.664160317 6.90984 1.02232 0 17.886 0.000268372 0.000598756  0 0.000351406 2
1386143310.775565572 6.90993 1.02237 0 17.888 0.000735308 0.00042703  0 0.000313158 2
1386143310.841036820 6.90998 1.02238 0 17.889 0.000866995 0.000114055  0 0.000268467 2
1386143310.971215980 6.91015 1.02249 0 17.89 0.00129309 0.000853701  0 0.000135021 2
1386143311.036351155 6.91024 1.02251 0 17.891 0.00128822 0.00036707  0 0.000265763 2
1386143311.166908003 6.91041 1.02249 0 17.891 0.00136073 -0.000150123  0 0 2
1386143311.232013730 6.91049 1.02255 0 17.891 0.0011202 0.000909085  0 0 2
1386143311.362580150 6.91059 1.02259 0 17.887 0.000803229 0.000329678  0 -0.000534401 2
1386143311.427595281 6.91065 1.02261 0 17.887 0.00098683 0.00022157  0 0 2
1386143311.568235624 6.91079 1.02266 0 17.885 0.000976878 0.000352565  0 -0.000248061 2
1386143311.641303085 6.91092 1.02268 0 17.887 0.00174585 0.000318639  0 0.000477468 2
1386143311.753254580 6.91094 1.02269 0 17.886 0.000211966 4.67179e-05  0 -0.000157004 2
1386143311.818861474 6.91096 1.02275 0 17.884 0.000264128 0.000915677  0 -0.000531764 2
1386143311.949512548 6.91102 1.0228 0 17.883 0.000440154 0.000430814  0 -0.000132494 2
1386143312.014827443 6.91108 1.02281 0 17.882 0.000935526 7.03725e-05  0 -0.00026911 2
1386143312.145090158 6.91121 1.0228 0 17.882 0.000987739 -2.06969e-05  0 0 2
1386143312.275518275 6.9112 1.02283 0 17.88 -6.77584e-05 0.000233343  0 -0.000267484 2
1386143312.339478701 6.91125 1.02286 0 17.88 0.000806963 0.00038635  0 0 2
1386143312.471132752 6.91138 1.02291 0 17.878 0.000974409 0.000382221  0 -0.000264993 2
1386143312.536254821 6.91142 1.02296 0 17.877 0.000600165 0.000740009  0 -0.000265817 2
1386143312.669016024 6.91158 1.02296 0 17.881 0.0012235 3.26274e-05  0 0.000525566 2
1386143312.739384794 6.91165 1.02301 0 17.879 0.000993539 0.000683163  0 -0.00049578 2
1386143312.863158564 6.91179 1.02305 0 17.88 0.00114781 0.000355311  0 0.000139856 2
1386143312.928637123 6.91183 1.02307 0 17.882 0.000588359 0.000325645  0 0.000532807 2
1386143313.059867938 6.91196 1.02311 0 17.882 0.000990306 0.000286065  0 0 2
1386143313.122627740 6.912 1.02312 0 17.88 0.000614194 7.01714e-05  0 -0.000555888 2
1386143313.255263750 6.91215 1.02321 0 17.879 0.00114139 0.000724497  0 -0.000130512 2
1386143313.321219960 6.91219 1.02323 0 17.878 0.000662183 0.000231654  0 -0.000266493 2
1386143313.450836099 6.91229 1.02327 0 17.876 0.000754918 0.000298347  0 -0.000269159 2
1386143313.514571184 6.91234 1.02325 0 17.879 0.000736658 -0.000221534  0 0.000823162 2
1386143313.644944154 6.91245 1.02329 0 17.877 0.000849755 0.000267138  0 -0.000267597 2
1386143313.776862670 6.9126 1.02337 0 17.877 0.00116414 0.000650339  0 0 2
1386143313.843121660 6.91267 1.02342 0 17.877 0.000956114 0.000651262  0 0 2
1386143313.970401059 6.9128 1.02349 0 17.877 0.00103807 0.000596836  0 0 2
1386143314.034540008 6.91285 1.02357 0 17.875 0.000809379 0.00115421  0 -0.000548087 2
1386143314.167340469 6.91296 1.02361 0 17.878 0.000814827 0.000339069  0 0.000395061 2
1386143314.231746626 6.91304 1.02366 0 17.878 0.0011889 0.00075734  0 0 2
1386143314.365703579 6.91307 1.02369 0 17.878 0.000266045 0.000194367  0 0 2
1386143314.434881453 6.91312 1.02371 0 17.876 0.000738666 0.000354391  0 -0.000504315 2
1386143314.492039513 6.91318 1.0237 0 17.873 0.00103935 -0.000136278  0 -0.000917881 2
1386143314.626014924 6.91331 1.02374 0 17.877 0.000982485 0.000279642  0 0.000522791 2
1386143314.753603735 6.91343 1.02383 0 17.876 0.000917377 0.000703006  0 -0.000137762 2
1386143314.820317263 6.9135 1.02386 0 17.875 0.00108737 0.000397548  0 -0.000263468 2
1386143314.949279931 6.91357 1.02388 0 17.876 0.000511363 0.00016255  0 0.000136294 2
1386143315.017052346 6.91362 1.02393 0 17.876 0.00067724 0.00077938  0 0 2
1386143315.147868278 6.91372 1.024 0 17.876 0.000798445 0.000557013  0 0 2
1386143315.275786697 6.91392 1.02404 0 17.873 0.00158637 0.000279565  0 -0.000410139 2
1386143315.342493999 6.914 1.02409 0 17.871 0.0012059 0.00070241  0 -0.000522992 2
1386143315.470675939 6.91418 1.0242 0 17.871 0.00137036 0.000865814  0 0 2
1386143315.543975868 6.91425 1.02423 0 17.872 0.000925712 0.000461904  0 0.000239794 2
1386143315.666279783 6.91434 1.02431 0 17.871 0.000799893 0.000644105  0 -0.000143715 2
1386143315.731445230 6.91437 1.0243 0 17.871 0.000454967 -0.000169802  0 0 2
1386143315.861870313 6.91449 1.02435 0 17.873 0.000877587 0.00040479  0 0.00026749 2
1386143315.927172190 6.91453 1.02438 0 17.871 0.000575359 0.000507368  0 -0.000534248 2
1386143316.057727753 6.91463 1.02443 0 17.87 0.000763771 0.000354793  0 -0.000132591 2
1386143316.122910347 6.91468 1.02444 0 17.871 0.000781157 0.000143643  0 0.00026557 2
1386143316.253124134 6.91488 1.02448 0 17.867 0.00152676 0.000302747  0 -0.000535848 2
1386143316.318357723 6.91491 1.02449 0 17.866 0.00057893 0.000125044  0 -0.000265362 2
1386143316.454745082 6.91501 1.02454 0 17.865 0.000689371 0.00035992  0 -0.000128875 2
1386143316.532761963 6.91513 1.02454 0 17.865 0.00152224 5.57291e-05  0 0 2
1386143316.645130009 6.91522 1.02451 0 17.865 0.000877344 -0.000260642  0 0 2
1386143316.775854567 6.91527 1.02449 0 17.864 0.000312372 -0.000160769  0 -0.00013242 2
1386143316.840206697 6.91535 1.02449 0 17.864 0.00127596 1.59667e-05  0 0 2
1386143316.970641782 6.91544 1.02452 0 17.866 0.000702243 0.000250005  0 0.00026747 2
1386143317.035818848 6.91549 1.02454 0 17.865 0.000705975 0.000246332  0 -0.000269679 2
1386143317.166168762 6.9156 1.02457 0 17.865 0.000898327 0.000191498  0 0 2
1386143317.232137541 6.91561 1.02457 0 17.865 8.84196e-05 9.06931e-05  0 0 2
1386143317.362587024 6.91569 1.02462 0 17.861 0.000649495 0.000340267  0 -0.00053488 2
1386143317.427729297 6.91575 1.02463 0 17.859 0.000948795 0.000165771  0 -0.000535557 2
1386143317.560242464 6.91587 1.02465 0 17.858 0.000856448 0.000209192  0 -0.000132642 2
1386143317.628178551 6.91597 1.0247 0 17.857 0.0014293 0.000614924  0 -0.000254806 2
1386143317.751435515 6.916 1.02474 0 17.855 0.000304305 0.000389248  0 -0.000283046 2
1386143317.818212002 6.91606 1.02475 0 17.856 0.00090784 0.000135201  0 0.000259231 2
1386143317.948692495 6.91622 1.02483 0 17.854 0.00118927 0.000556388  0 -0.000267376 2
1386143318.014186673 6.91627 1.02483 0 17.854 0.000817973 2.43838e-05  0 0 2
1386143318.144143574 6.91638 1.02484 0 17.853 0.000839031 0.000100489  0 -0.000133202 2
1386143318.273317865 6.91648 1.02484 0 17.854 0.000793099 3.08448e-05  0 0.000134009 2
1386143318.340637502 6.91655 1.02488 0 17.856 0.000954156 0.000555422  0 0.000518235 2
1386143318.405137675 6.91661 1.02489 0 17.855 0.00102518 0.000197108  0 -0.00026838 2
1386143318.535360058 6.91668 1.02492 0 17.856 0.000518041 0.00019254  0 0.000132931 2
1386143318.676475877 6.91685 1.02501 0 17.856 0.00122983 0.000609619  0 0 2
1386143318.731984722 6.91691 1.02504 0 17.853 0.0010673 0.000550615  0 -0.000940354 2
1386143318.861005400 6.91702 1.02509 0 17.852 0.000792358 0.000420554  0 -0.000136233 2
1386143318.926955414 6.91706 1.02505 0 17.85 0.000731354 -0.000573539  0 -0.000528998 2
1386143319.058036111 6.91712 1.02499 0 17.851 0.000400439 -0.000507363  0 0.000134092 2
1386143319.123215746 6.9172 1.025 0 17.851 0.00125494 0.000253386  0 0 2
1386143319.253771552 6.91736 1.0251 0 17.85 0.00126597 0.000746242  0 -0.000134631 2
1386143319.319309447 6.91741 1.02513 0 17.849 0.000645669 0.00041918  0 -0.00026413 2
1386143319.453940346 6.91753 1.0252 0 17.85 0.000943945 0.000516536  0 0.000128578 2
1386143319.514884173 6.91758 1.02519 0 17.849 0.000779895 -7.70424e-05  0 -0.000284041 2
1386143319.644933027 6.91765 1.02524 0 17.848 0.000547389 0.000331712  0 -0.000135156 2
1386143319.775776806 6.91777 1.02526 0 17.848 0.000907298 0.000153467  0 0 2
1386143319.840627586 6.91781 1.02527 0 17.849 0.00061413 0.000253173  0 0.000271035 2
1386143319.970225009 6.91785 1.02532 0 17.848 0.000317784 0.000395238  0 -0.000135627 2
1386143320.035446066 6.91788 1.02535 0 17.849 0.000464844 0.000376746  0 0.000269497 2
1386143320.167061739 6.91806 1.0254 0 17.849 0.00136595 0.000422989  0 0 2
1386143320.231206233 6.9181 1.02541 0 17.849 0.000564561 0.000146392  0 0 2
1386143320.361689398 6.91825 1.02548 0 17.85 0.00118175 0.000494574  0 0.000132665 2
1386143320.427966596 6.91832 1.02555 0 17.849 0.00097867 0.0010627  0 -0.000261184 2
1386143320.556123338 6.9184 1.0256 0 17.846 0.000652934 0.000424996  0 -0.000409376 2
1386143320.622921394 6.91844 1.02562 0 17.846 0.000599341 0.000274674  0 0 2
1386143320.757314910 6.91853 1.02567 0 17.847 0.00065099 0.000389775  0 0.000128805 2
1386143320.820703176 6.91859 1.02571 0 17.846 0.000905799 0.000609316  0 -0.000273088 2
1386143320.948460200 6.91871 1.02578 0 17.847 0.000978017 0.000534449  0 0.000135496 2
1386143321.014331714 6.91878 1.02577 0 17.845 0.000975244 -0.000195096  0 -0.000529628 2
1386143321.144800957 6.91886 1.02585 0 17.843 0.00061247 0.000622852  0 -0.000267399 2
1386143321.274921682 6.91898 1.02596 0 17.841 0.000959992 0.000837432  0 -0.000268116 2
1386143321.340441445 6.91907 1.02603 0 17.84 0.00143799 0.00104821  0 -0.000264203 2
1386143321.470327469 6.91926 1.0261 0 17.841 0.00144957 0.000577958  0 0.000133275 2
1386143321.536030137 6.91934 1.02612 0 17.841 0.00124817 0.000276295  0 0 2
1386143321.666016789 6.91942 1.02615 0 17.838 0.000587779 0.000219747  0 -0.000401564 2
1386143321.733461061 6.91946 1.02618 0 17.837 0.000569557 0.000529512  0 -0.000260613 2
1386143321.861393348 6.91956 1.0262 0 17.833 0.000767975 0.000130652  0 -0.000545404 2
1386143321.926183576 6.91959 1.0262 0 17.833 0.0005148 5.85626e-05  0 0 2
1386143322.057372431 6.91973 1.02625 0 17.832 0.0010592 0.000330843  0 -0.000133981 2
1386143322.124439997 6.91978 1.02629 0 17.832 0.000749101 0.000640775  0 0 2
1386143322.257539126 6.91999 1.02639 0 17.831 0.00156977 0.00072025  0 -0.000130058 2
1386143322.318751713 6.92005 1.02645 0 17.831 0.00100612 0.00100973  0 0 2
1386143322.450014806 6.92022 1.02648 0 17.832 0.00128088 0.000217794  0 0.000131877 2
1386143322.512544391 6.92027 1.02651 0 17.83 0.000832936 0.000566775  0 -0.000557934 2
1386143322.645414209 6.92046 1.02663 0 17.83 0.00142529 0.000898559  0 0 2
1386143322.774583700 6.92061 1.02667 0 17.83 0.0011694 0.000276751  0 0 2
1386143322.840824261 6.92067 1.02669 0 17.831 0.000845307 0.000301956  0 0.000265349 2
1386143322.970541426 6.92085 1.02674 0 17.829 0.00140155 0.000432241  0 -0.00026895 2
1386143323.036499807 6.92092 1.02676 0 17.828 0.00102209 0.000203883  0 -0.000266484 2
1386143323.166115025 6.92101 1.02677 0 17.833 0.000702294 7.055e-05  0 0.000673931 2
1386143323.231429066 6.92104 1.02676 0 17.832 0.000507721 -0.000136612  0 -0.000269113 2
1386143323.368516284 6.92112 1.0268 0 17.831 0.000566685 0.00028508  0 -0.000126274 2
1386143323.426787539 6.92117 1.02681 0 17.829 0.000917533 0.000256311  0 -0.000598707 2
1386143323.556899107 6.92131 1.02687 0 17.827 0.00102918 0.000456703  0 -0.000268135 2
1386143323.622248734 6.92139 1.0269 0 17.826 0.00127943 0.000463703  0 -0.000268967 2
1386143323.752753184 6.92145 1.02694 0 17.826 0.000473161 0.000317784  0 0 2
1386143323.823571750 6.92151 1.02694 0 17.827 0.00084946 -3.48626e-06  0 0.000248196 2
1386143323.950259644 6.92165 1.02701 0 17.827 0.00106707 0.000538716  0 0 2
1386143324.013521967 6.92172 1.02704 0 17.827 0.00109932 0.000410457  0 0 2
1386143324.146366049 6.92183 1.02707 0 17.825 0.000843758 0.000253325  0 -0.000262619 2
1386143324.273810144 6.92196 1.02728 0 17.824 0.00101507 0.00166063  0 -0.000137918 2
1386143324.360392160 6.92206 1.02733 0 17.824 0.00118621 0.000611664  0 0 2
1386143324.469861860 6.92218 1.02738 0 17.825 0.00113466 0.000373001  0 0.000160564 2
1386143324.534248810 6.92225 1.02741 0 17.825 0.00105499 0.000531869  0 0 2
1386143324.666780914 6.92232 1.02739 0 17.824 0.000546789 -0.000182523  0 -0.000132623 2
1386143324.731562695 6.92236 1.02739 0 17.826 0.000508109 3.23841e-05  0 0.000538537 2
1386143324.861744972 6.92244 1.02748 0 17.825 0.000639791 0.000728744  0 -0.000132972 2
1386143324.927544228 6.92252 1.02744 0 17.826 0.00127161 -0.000672046  0 0.000263081 2
1386143325.057325711 6.92271 1.0275 0 17.825 0.00145845 0.000500355  0 -0.000133382 2
1386143325.124780031 6.9228 1.0275 0 17.824 0.00120209 -1.82476e-05  0 -0.000260574 2
1386143325.253470124 6.92289 1.02755 0 17.821 0.000726371 0.000368098  0 -0.00040561 2
1386143325.324771564 6.92297 1.02758 0 17.821 0.00115374 0.000417702  0 0 2
1386143325.450805601 6.92305 1.02765 0 17.821 0.000647202 0.000533078  0 0 2
1386143325.514105555 6.9231 1.02764 0 17.821 0.000774448 -0.000101769  0 0 2
1386143325.643907044 6.92325 1.02768 0 17.82 0.00113842 0.000277478  0 -0.000135413 2
1386143325.774380912 6.92333 1.02772 0 17.821 0.000645216 0.000368137  0 0.000134716 2
1386143325.841512515 6.92341 1.02776 0 17.82 0.00107954 0.000470544  0 -0.000261827 2
1386143325.972388915 6.92348 1.02778 0 17.821 0.000552693 0.00020971  0 0.000134301 2
1386143326.035324632 6.92348 1.02781 0 17.822 1.0674e-05 0.000443909  0 0.000275051 2
1386143326.165604371 6.92362 1.02789 0 17.822 0.00104864 0.000579395  0 0 2
1386143326.231792161 6.92367 1.02789 0 17.823 0.000766737 0.00011795  0 0.000265561 2
1386143326.361309691 6.92376 1.02798 0 17.821 0.000749813 0.000669949  0 -0.000269364 2
1386143326.426766225 6.92382 1.02798 0 17.822 0.000804001 1.74212e-05  0 0.000264459 2
1386143326.558145426 6.92389 1.02803 0 17.825 0.000590519 0.000402615  0 0.000399335 2
1386143326.622500358 6.924 1.02804 0 17.824 0.00170028 0.000143383  0 -0.000273124 2
1386143326.752443784 6.92412 1.02814 0 17.823 0.000874116 0.00073632  0 -0.000133216 2
1386143326.817987937 6.92417 1.02819 0 17.823 0.000891014 0.000720169  0 0 2
1386143326.948830330 6.92447 1.02826 0 17.822 0.00223937 0.000561585  0 -0.000134336 2
1386143327.077591319 6.92479 1.02831 0 17.822 0.00250105 0.000405018  0 0 2
1386143327.153274086 6.92501 1.02838 0 17.822 0.00287303 0.000855025  0 0 2
1386143327.210447897 6.92508 1.02843 0 17.82 0.00126241 0.000991732  0 -0.000610199 2
1386143327.339613854 6.92517 1.02843 0 17.822 0.000711401 -9.6529e-07  0 0.000270098 2
1386143327.470303029 6.92443 1.0282 0 17.823 -0.0056789 -0.00177994  0 0.000134494 2
1386143327.535969243 6.92448 1.02823 0 17.825 0.00074216 0.000470247  0 0.000531284 2
1386143327.667722214 6.92483 1.02839 0 17.823 0.00270276 0.00121748  0 -0.000264794 2
1386143327.739162863 6.92502 1.02844 0 17.824 0.00253175 0.000675622  0 0.000242307 2
1386143327.866380145 6.92515 1.02838 0 17.823 0.00108769 -0.000503132  0 -0.000136071 2
1386143327.939377982 6.92493 1.02822 0 17.822 -0.00302417 -0.00210224  0 -0.000240786 2
1386143328.057186171 6.92585 1.0286 0 17.823 0.00779727 0.00319411  0 0.000149199 2
1386143328.253087185 6.9274 1.02941 0 17.826 0.00792097 0.00413192  0 0.000266451 2
1386143328.413404133 6.92584 1.02892 0 17.826 -0.00974758 -0.00305004  0 0 2
1386143328.665545684 6.9298 1.03035 0 17.825 0.0157029 0.00567303  0 -6.86541e-05 2
1386143328.739301465 6.92981 1.0304 0 17.824 0.000140522 0.000651458  0 -0.000238312 2
1386143328.784473946 6.9299 1.03045 0 17.825 0.0020512 0.00112214  0 0.000389106 2
1386143328.940244140 6.9262 1.0274 0 17.767 -0.0237857 -0.0195462  0 -0.00649847 2
1386143328.986005895 6.91373 1.02012 0 17.275 -0.272497 -0.159101  0 -0.187648 2
1386143329.084366252 6.87927 0.996538 0 17.491 -0.350288 -0.239788  0 0.0383282 2
1386143329.267494644 6.82069 0.970728 0 19.725 -0.319892 -0.140943  0 0.212914 2
1386143329.360698749 6.78092 0.946805 0 44.212 -0.426739 -0.256673  0 4.58541 2
1386143329.549779528 6.70325 0.847173 0 60.617 -0.41078 -0.526925  0 1.51428 2
1386143329.598869458 6.68333 0.819717 0 68.062 -0.405684 -0.559295  0 2.64697 2
1386143329.755019691 6.60446 0.617341 0 82.037 -0.505136 -1.29603  0 1.56202 2
1386143329.989976947 6.51959 0.106797 0 95.971 -0.361186 -2.17292  0 1.03506 2
1386143330.175796818 6.19121 0.224053 0 125.039 -1.76722 0.631019  0 2.73024 2
1386143330.223231572 6.09637 0.268917 0 141.012 -1.99937 0.945802  0 5.87716 2
1386143330.372889871 5.80329 0.369894 0 147.105 -1.95829 0.67472  0 0.710571 2
1386143330.408119364 5.74983 0.338487 0 163.741 -1.51746 -0.891489  0 8.24176 2
1386143330.548764607 5.55145 0.236885 0 172.222 -1.41051 -0.722401  0 1.05244 2
1386143330.601137398 5.54714 0.223278 0 -167.366 -0.0823945 -0.259803  0 -113.168 2
1386143330.751121516 5.68265 0.207975 0 -154.887 0.903493 -0.102033  0 1.45215 2
1386143330.861115762 5.69256 0.178203 0 -122.029 0.0901664 -0.270667  0 5.21373 2
1386143330.927095743 5.68752 0.219859 0 -117.818 -0.0764005 0.631346  0 1.11391 2
1386143331.056706236 5.52952 0.20745 0 -109.315 -1.21909 -0.0957431  0 1.14501 2
1386143331.121826324 5.49589 0.206123 0 -104.92 -0.516393 -0.020381  0 1.17794 2
1386143331.252429604 5.43263 0.206677 0 -96.13 -0.484345 0.00424173  0 1.17466 2
1386143331.318129476 5.40289 0.204047 0 -90.51 -0.452641 -0.0400301  0 1.49296 2
1386143331.456572591 5.35123 0.184707 0 -75.036 -0.37318 -0.139692  0 1.95078 2
1386143331.514055912 5.28987 0.0671565 0 -62.412 -1.06747 -2.04496  0 3.83294 2
1386143331.643515896 5.42727 -0.09078 0 -37.143 1.06135 -1.21996  0 3.40667 2
1386143331.774403309 5.63891 -0.198677 0 -19.081 1.61696 -0.824349  0 2.40849 2
1386143331.839390377 5.67642 -0.237139 0 -15.496 0.577209 -0.591841  0 0.96281 2
1386143331.969969091 5.53069 -0.267297 0 -12.827 -1.11601 -0.230955  0 0.35674 2
1386143332.035146779 5.43732 -0.271475 0 -11.699 -1.43259 -0.0641016  0 0.302058 2
1386143332.163558344 5.25281 -0.256565 0 -12.997 -1.43683 0.116106  0 -0.176421 2
1386143332.230870499 5.19765 -0.249399 0 -12.486 -0.819539 0.106462  0 0.132497 2
1386143332.360969045 5.19746 -0.238504 0 -6.33199 -0.00142013 0.0837429  0 0.825587 2
1386143332.426290094 5.21108 -0.25934 0 -2.34399 0.208506 -0.318982  0 1.06556 2
1386143332.556926934 5.18548 -0.306828 0 3.457 -0.196014 -0.36351  0 0.775022 2
1386143332.621837795 5.14285 -0.314192 0 5.50801 -0.656757 -0.113444  0 0.551478 2
1386143332.753009286 5.06836 -0.333112 0 9.718 -0.567857 -0.144235  0 0.560169 2
1386143332.825928041 5.07321 -0.36842 0 10.44 0.0664377 -0.484214  0 0.172813 2
1386143332.947809791 4.92121 -0.390047 0 10.6 -1.24709 -0.177446  0 0.0229123 2
1386143333.078427456 4.72412 -0.370541 0 8.87801 -1.50892 0.149343  0 -0.230096 2
1386143333.142261940 4.63302 -0.35844 0 6.32201 -1.42709 0.189554  0 -0.698848 2
1386143333.274018039 4.53846 -0.344813 0 2.647 -0.717702 0.103432  0 -0.486815 2
1386143333.340118530 4.49402 -0.33864 0 2.604 -0.672232 0.0933747  0 -0.0113536 2
1386143333.469524984 4.41788 -0.331367 0 4.317 -0.588376 0.0562058  0 0.231035 2
1386143333.534686984 4.37002 -0.327075 0 6.332 -0.734502 0.0658708  0 0.539707 2
1386143333.665888562 4.27779 -0.322781 0 8.52301 -0.702994 0.0327243  0 0.291462 2
1386143333.730341931 4.23311 -0.321642 0 8.259 -0.693155 0.0176722  0 -0.0714905 2
1386143333.860472666 4.21171 -0.329671 0 7.29301 -0.164499 -0.0616957  0 -0.12956 2
1386143333.926849897 4.20664 -0.351873 0 6.789 -0.0763186 -0.334492  0 -0.132526 2
1386143334.056318196 4.07758 -0.399185 0 4.32201 -0.996824 -0.365429  0 -0.332569 2
1386143334.121882482 4.01991 -0.409815 0 3.375 -0.879688 -0.162127  0 -0.252094 2
1386143334.252633882 3.93975 -0.41152 0 -0.0319977 -0.61303 -0.0130401  0 -0.454782 2
1386143334.317459434 3.9121 -0.408654 0 -0.718994 -0.426588 0.0442075  0 -0.184963 2
1386143334.447709131 3.88461 -0.411225 0 -1.047 -0.211044 -0.0197386  0 -0.043952 2
1386143334.578278079 3.8806 -0.421586 0 -1.467 -0.0307039 -0.079351  0 -0.0561416 2
1386143334.642339058 3.87921 -0.434038 0 -2.336 -0.0216923 -0.194379  0 -0.236758 2
1386143334.776029301 3.87842 -0.437948 0 -4.96799 -0.00591131 -0.0292517  0 -0.343607 2
1386143334.839180035 3.87804 -0.438238 0 -5.76299 -0.00596594 -0.0045853  0 -0.219718 2
1386143334.969539841 3.87974 -0.416911 0 -5.32999 0.0129814 0.163601  0 0.0579723 2
1386143335.033911145 3.87505 -0.389707 0 -5.39 -0.0727976 0.422604  0 -0.0162716 2
1386143335.165662808 3.87665 -0.363125 0 -6.50899 0.0121451 0.201757  0 -0.148234 2
1386143335.230310438 3.89471 -0.353939 0 -5.97899 0.279306 0.142101  0 0.143087 2
1386143335.359660905 3.89551 -0.350801 0 -6.058 0.00619859 0.0242617  0 -0.0106608 2
1386143335.424943530 3.89568 -0.348635 0 -6.002 0.00266715 0.0331801  0 0.0149715 2
1386143335.556350569 3.89158 -0.348356 0 -5.976 -0.0312362 0.0021178  0 0.00345341 2
1386143335.625660109 3.89116 -0.348592 0 -5.91299 -0.00601808 -0.00340394  0 0.0158653 2
1386143335.755960089 3.895 -0.345081 0 -5.696 0.0294287 0.0269507  0 0.0290659 2
1386143335.817506203 3.89217 -0.340093 0 -5.35599 -0.0459436 0.0810304  0 0.0964207 2
1386143335.951331955 3.85002 -0.309582 0 -3.657 -0.314968 0.227992  0 0.221579 2
1386143336.013784212 3.82658 -0.29284 0 -2.47899 -0.375237 0.268075  0 0.329214 2
1386143336.147497265 3.82925 -0.276287 0 -1.13699 0.0199631 0.123794  0 0.175168 2
1386143336.273821203 3.83109 -0.274543 0 -1.185 0.0145188 0.0138092  0 -0.0066324 2
1386143336.344522034 3.83137 -0.274118 0 -1.17699 0.00400851 0.00601582  0 0.00197757 2
1386143336.469399973 3.83245 -0.274096 0 -1.142 0.00865847 0.000175506  0 0.00489008 2
1386143336.536294151 3.83266 -0.274082 0 -1.16199 0.00307053 0.000205947  0 -0.00521531 2
1386143336.665886388 3.83269 -0.273536 0 -1.13199 0.000298821 0.00421553  0 0.00404019 2
1386143336.732386792 3.83218 -0.273403 0 -1.16399 -0.00770874 0.00199838  0 -0.00839792 2
1386143336.861715827 3.83203 -0.273425 0 -1.15799 -0.00114902 -0.000168819  0 0.000809271 2
1386143336.926078689 3.83209 -0.27322 0 -1.153 0.000829891 0.00318433  0 0.00135304 2
1386143337.056912500 3.83187 -0.273003 0 -1.14499 -0.00164676 0.00165848  0 0.00106865 2
1386143337.137591797 3.83191 -0.272922 0 -1.144 0.000526134 0.00100027  0 0.00021456 2
1386143337.260099557 3.83187 -0.273011 0 -1.14299 -0.000338222 -0.000723718  0 0.000143476 2
1386143337.317857937 3.83198 -0.272991 0 -1.14299 0.0018756 0.000340132  0 0 2
1386143337.449793201 3.8313 -0.27347 0 -1.097 -0.00517209 -0.00363268  0 0.00608387 2
1386143337.577905522 3.83164 -0.273295 0 -1.086 0.00263059 0.00136844  0 0.00149879 2
1386143337.643146254 3.8317 -0.273388 0 -1.086 0.000921985 -0.0014265  0 0 2
1386143337.773668456 3.83222 -0.273278 0 -1.08099 0.00405251 0.000845835  0 0.000669248 2
1386143337.838814165 3.83236 -0.273103 0 -1.09 0.00203628 0.00267405  0 -0.00241192 2
1386143337.970001040 3.83192 -0.273055 0 -1.10899 -0.00333931 0.000366216  0 -0.00252741 2
1386143338.034469372 3.83174 -0.272818 0 -1.097 -0.00281404 0.00368146  0 0.00324693 2
1386143338.164873240 3.83191 -0.272495 0 -1.08199 0.00131402 0.0024779  0 0.00200957 2
1386143338.232191564 3.83199 -0.272335 0 -1.09099 0.00117622 0.00237519  0 -0.00233408 2
1386143338.360580537 3.83189 -0.272011 0 -1.06699 -0.0007646 0.00252522  0 0.00326286 2
1386143338.425752666 3.83195 -0.271918 0 -1.08099 0.000907743 0.00142308  0 -0.00375127 2
1386143338.557063120 3.83165 -0.271917 0 -1.10199 -0.00226843 1.187e-05  0 -0.00279072 2
1386143338.621469450 3.83133 -0.27151 0 -1.14299 -0.00495306 0.00630561  0 -0.0111106 2
1386143338.751984483 3.83184 -0.269807 0 -1.24799 0.00388617 0.0130541  0 -0.0140407 2
1386143338.817223484 3.83237 -0.26958 0 -1.34299 0.00806361 0.0034773  0 -0.0254155 2
1386143338.949370578 3.84092 -0.268163 0 -1.87799 0.0647084 0.0107188  0 -0.0706605 2
1386143339.013026680 3.8418 -0.268193 0 -1.84299 0.0138114 -0.000462611  0 0.00959734 2
1386143339.141365658 3.8415 -0.268663 0 -1.849 -0.0022954 -0.00366144  0 -0.000817589 2
1386143339.273698360 3.84183 -0.268877 0 -1.89299 0.00244866 -0.00162095  0 -0.00580196 2
1386143339.340004552 3.84215 -0.268939 0 -1.905 0.00496218 -0.000930618  0 -0.00316095 2
1386143339.469232128 3.83695 -0.271092 0 -2.114 -0.0403038 -0.016664  0 -0.0282272 2
1386143339.534589694 3.82836 -0.274927 0 -2.46199 -0.131334 -0.0586663  0 -0.0929289 2
1386143339.668184131 3.8192 -0.279751 0 -2.78799 -0.0685772 -0.0361092  0 -0.0425904 2
1386143339.729390900 3.81852 -0.280056 0 -2.694 -0.0111028 -0.00498266  0 0.0268027 2
1386143339.860372137 3.83412 -0.272272 0 -2.30399 0.119074 0.0594232  0 0.0519696 2
1386143339.925851073 3.8438 -0.267387 0 -2.017 0.147845 0.0746084  0 0.0764959 2
1386143340.061249091 3.84411 -0.266966 0 -2.05099 0.00226877 0.00310698  0 -0.00438228 2
1386143340.121392531 3.84367 -0.267243 0 -2.071 -0.0072601 -0.00459586  0 -0.00580513 2
1386143340.251858019 3.844 -0.267183 0 -2.10599 0.00253206 0.00045385  0 -0.00468065 2
1386143340.318892286 3.84418 -0.267303 0 -2.11699 0.00276382 -0.00178567  0 -0.00286441 2
1386143340.448892651 3.84898 -0.27233 0 -2.62199 0.0369186 -0.0386657  0 -0.0677998 2
1386143340.578002040 3.84909 -0.272896 0 -2.64899 0.000802136 -0.0043845  0 -0.00364895 2
1386143340.649791732 3.84868 -0.273168 0 -2.62799 -0.00567033 -0.00378761  0 0.00510451 2
1386143340.772265264 3.84806 -0.273363 0 -2.50099 -0.00509645 -0.00159642  0 0.0180982 2
1386143340.839781065 3.84809 -0.273371 0 -2.48 0.000566793 -0.000118287  0 0.00542763 2
1386143340.970398826 3.8479 -0.273696 0 -2.49799 -0.0014765 -0.00248645  0 -0.00240386 2
1386143341.036953319 3.84793 -0.273795 0 -2.478 0.000449625 -0.00148672  0 0.00524193 2
1386143341.165685484 3.84732 -0.273849 0 -2.48599 -0.0047459 -0.000421424  0 -0.00108403 2
1386143341.230137400 3.84719 -0.273942 0 -2.49599 -0.00199847 -0.00143384  0 -0.00270647 2
1386143341.360549534 3.8473 -0.273683 0 -2.504 0.00082507 0.00198498  0 -0.00107211 2
1386143341.426209507 3.84749 -0.273605 0 -2.48499 0.00284042 0.00118977  0 0.00505376 2
1386143341.556125563 3.84762 -0.273879 0 -2.487 0.00106031 -0.00211206  0 -0.000270588 2
1386143341.621545186 3.84764 -0.27384 0 -2.48199 0.000287278 0.000598995  0 0.00133525 2
1386143341.751743006 3.84779 -0.273858 0 -2.478 0.00112181 -0.000140386  0 0.000535914 2
1386143341.816440210 3.84766 -0.274141 0 -2.5 -0.00198848 -0.00437531  0 -0.00593577 2
1386143341.947958536 3.84595 -0.274476 0 -2.49599 -0.0129776 -0.00254824  0 0.000532558 2
1386143342.077843040 3.84618 -0.274351 0 -2.48399 0.00177648 0.000965004  0 0.00161162 2
1386143342.143195214 3.84648 -0.274186 0 -2.491 0.00460181 0.0025204  0 -0.00187047 2
1386143342.273461346 3.84752 -0.273848 0 -2.517 0.00791612 0.0025945  0 -0.00348366 2
1386143342.338160664 3.84779 -0.273827 0 -2.51299 0.00421694 0.000336495  0 0.00108256 2
1386143342.469361887 3.84792 -0.273764 0 -2.48199 0.00101666 0.000480264  0 0.00412258 2
1386143342.533630237 3.84862 -0.274079 0 -2.47299 0.010855 -0.00490783  0 0.00244485 2
1386143342.664920698 3.84718 -0.27326 0 -2.47099 -0.0109706 0.00623838  0 0.000265727 2
1386143342.729905215 3.84702 -0.273049 0 -2.46599 -0.00241055 0.00325116  0 0.00134419 2
1386143342.860469289 3.8473 -0.272868 0 -2.50299 0.00209793 0.00138435  0 -0.00494636 2
1386143342.925720972 3.84724 -0.272786 0 -2.49799 -0.000834291 0.00125707  0 0.00133869 2
1386143343.054915483 3.84743 -0.272552 0 -2.495 0.00145201 0.00181152  0 0.000404026 2
1386143343.121234579 3.84757 -0.272516 0 -2.495 0.00213653 0.000538222  0 0 2
1386143343.252478878 3.8477 -0.272589 0 -2.49599 0.00094868 -0.000553102  0 -0.000131896 2
1386143343.317018937 3.84772 -0.272557 0 -2.49599 0.000420214 0.000490653  0 0 2
1386143343.447412095 3.84793 -0.272428 0 -2.49399 0.0015784 0.000987901  0 0.000267556 2
1386143343.512512428 3.8481 -0.272359 0 -2.495 0.00264072 0.00106553  0 -0.000269997 2
1386143343.645353452 3.84792 -0.272245 0 -2.49399 -0.00133527 0.00085752  0 0.000132315 2
1386143343.708434463 3.84795 -0.272189 0 -2.49599 0.000490484 0.000894759  0 -0.000553057 2
1386143343.838614192 3.84814 -0.271991 0 -2.49599 0.00146141 0.00151393  0 0 2
1386143343.904020897 3.84819 -0.271893 0 -2.49599 0.00074447 0.00150197  0 0 2
1386143344.034579639 3.84849 -0.271928 0 -2.49199 0.00228861 -0.000268876  0 0.000534432 2
1386143344.167076133 3.8489 -0.271776 0 -2.48999 0.00309389 0.00115313  0 0.000263308 2
1386143344.232918115 3.84911 -0.271719 0 -2.489 0.00311833 0.000856479  0 0.00026291 2
1386143344.364415335 3.84905 -0.271638 0 -2.48099 -0.000397237 0.000614925  0 0.00106326 2
1386143344.425464839 3.84907 -0.271519 0 -2.47899 0.00029052 0.00195079  0 0.000571461 2
1386143344.555949078 3.84898 -0.271533 0 -2.48099 -0.000699706 -0.000107484  0 -0.000267369 2
1386143344.621171911 3.84895 -0.271539 0 -2.48 -0.00048001 -8.74189e-05  0 0.000265406 2
1386143344.751720754 3.84856 -0.271581 0 -2.47499 -0.00296413 -0.000322241  0 0.000669111 2
1386143344.817371133 3.84857 -0.271684 0 -2.474 6.27501e-05 -0.00157084  0 0.000263678 2
1386143344.954808006 3.84884 -0.271638 0 -2.472 0.00196699 0.000333369  0 0.000253843 2
1386143345.077849489 3.84905 -0.271542 0 -2.46999 0.00175617 0.000781247  0 0.000285706 2
1386143345.145395782 3.84912 -0.271503 0 -2.46899 0.000974034 0.000580768  0 0.000256277 2
1386143345.272935775 3.84913 -0.271557 0 -2.465 7.61552e-05 -0.000426779  0 0.000547082 2
1386143345.338570687 3.8491 -0.271502 0 -2.463 -0.000477506 0.000842101  0 0.000531537 2
1386143345.469024224 3.8492 -0.271566 0 -2.461 0.0007505 -0.000487345  0 0.000267432 2
1386143345.540311047 3.84914 -0.271549 0 -2.459 -0.000806637 0.000230199  0 0.000489395 2
1386143345.664677932 3.84901 -0.271643 0 -2.45999 -0.00106362 -0.000753003  0 -0.000139189 2
1386143345.729842069 3.84897 -0.271697 0 -2.45999 -0.000608343 -0.000835797  0 0 2
1386143345.861484815 3.84879 -0.271795 0 -2.45799 -0.0013036 -0.000741718  0 0.000265016 2
1386143345.940718372 3.84884 -0.271772 0 -2.45599 0.000587514 0.000289253  0 0.000440311 2
1386143346.055916314 3.84884 -0.271584 0 -2.45299 -4.86207e-05 0.00163297  0 0.000455427 2
1386143346.121094578 3.84896 -0.271589 0 -2.45099 0.00184866 -7.54884e-05  0 0.000535261 2
1386143346.250265969 3.84918 -0.271554 0 -2.44699 0.00170352 0.000267079  0 0.000540172 2
1386143346.316896553 3.84924 -0.271594 0 -2.44499 0.00102805 -0.00060126  0 0.000523595 2
1386143346.447216498 3.84943 -0.271546 0 -2.44299 0.00143764 0.000370102  0 0.000267706 2
1386143346.513229262 3.84942 -0.271517 0 -2.444 -0.000164871 0.00043936  0 -0.000266265 2
1386143346.642819244 3.84962 -0.271315 0 -2.444 0.00150605 0.00156029  0 0 2
1386143346.773247075 3.84997 -0.271205 0 -2.44299 0.00270821 0.000844405  0 0.000134763 2
1386143346.838602738 3.85 -0.2711 0 -2.43999 0.000396243 0.00160919  0 0.00080275 2
1386143346.968898582 3.85009 -0.27117 0 -2.439 0.0007329 -0.000542163  0 0.000132856 2
1386143347.034092885 3.85008 -0.271172 0 -2.43799 -0.000173791 -2.68493e-05  0 0.000269607 2
