1388128091.162987980 0 0 0 45.416 0 0  0 0.131916 2
1388128091.263011170 0 0 0 45.423 0 0  0 0.00122144 2
1388128091.362906703 0 0 0 45.429 0 0  0 0.00104838 2
1388128091.462927939 0 0 0 45.431 0 0  0 0.0003488 2
1388128091.562928504 0 0 0 45.436 0 0  0 0.000872846 2
1388128091.663021335 0 0 0 45.441 0 0  0 0.000872042 2
1388128091.762915590 0 0 0 45.444 0 0  0 0.000523865 2
1388128091.862916366 0 0 0 45.45 0 0  0 0.00104728 2
1388128091.962916725 0 0 0 45.453 0 0  0 0.000523309 2
1388128092.062888517 0 0 0 45.457 0 0  0 0.000698611 2
1388128092.163246739 0 0 0 45.463 0 0  0 0.00104355 2
1388128092.263003489 0 0 0 45.467 0 0  0 0.00069945 2
1388128092.362897272 0 0 0 45.472 0 0  0 0.000873779 2
1388128092.462964328 0 0 0 45.475 0 0  0 0.00052296 2
1388128092.562878005 0 0 0 45.48 0 0  0 0.000873605 2
1388128092.662886185 0 0 0 45.483 0 0  0 0.000523934 2
1388128092.762951913 0 0 0 45.49 0 0  0 0.00122092 2
1388128092.863029783 0 0 0 45.491 0 0  0 0.000174301 2
1388128092.962929157 0 0 0 45.496 0 0  0 0.000873064 2
1388128093.062894317 0 0 0 45.502 0 0  0 0.00104765 2
1388128093.162950546 0 0 0 45.505 0 0  0 0.000523682 2
1388128093.262987007 0 0 0 45.508 0 0  0 0.00052312 2
1388128093.363046105 0 0 0 45.512 0 0  0 0.000698001 2
1388128093.462917244 0 0 0 45.521 0 0  0 0.00157263 2
1388128093.562903084 0 0 0 45.525 0 0  0 0.000698513 2
1388128093.662916075 0 0 0 45.535 0 0  0 0.00174481 2
1388128093.762921810 0 0 0 45.541 0 0  0 0.00104723 2
1388128093.862895413 0 0 0 45.546 0 0  0 0.000873082 2
1388128093.962925745 0 0 0 45.551 0 0  0 0.000871921 2
1388128094.062979872 0 0 0 45.557 0 0  0 0.00104672 2
1388128094.163044062 0 0 0 45.565 0 0  0 0.00139527 2
1388128094.263042884 0 0 0 45.573 0 0  0 0.00139684 2
1388128094.363017259 0 0 0 45.578 0 0  0 0.000872409 2
1388128094.462929541 0 0 0 45.58 0 0  0 0.000349847 2
1388128094.563018529 0 0 0 45.585 0 0  0 0.00087141 2
1388128094.662937664 0 0 0 45.591 0 0  0 0.00104814 2
1388128094.762907149 0 0 0 45.596 0 0  0 0.000873117 2
1388128094.862907856 0 0 0 45.598 0 0  0 0.000348872 2
1388128094.962906951 0 0 0 45.602 0 0  0 0.00069842 2
1388128095.062895777 0 0 0 45.607 0 0  0 0.000872283 2
1388128095.162937769 0 0 0 45.61 0 0  0 0.000523757 2
1388128095.263017945 0 0 0 45.613 0 0  0 0.000522892 2
1388128095.362905860 0 0 0 45.618 0 0  0 0.00087383 2
1388128095.463020550 0 0 0 45.621 0 0  0 0.000522712 2
1388128095.562900854 0 0 0 45.627 0 0  0 0.00104854 2
1388128095.662946533 0 0 0 45.629 0 0  0 0.00034938 2
1388128095.763014564 0 0 0 45.636 0 0  0 0.00122089 2
1388128095.862906316 0 0 0 45.643 0 0  0 0.00122305 2
1388128095.962915887 0 0 0 45.646 0 0  0 0.000523261 2
1388128096.062922047 0 0 0 45.649 0 0  0 0.000523279 2
1388128096.163020944 0 0 0 45.654 0 0  0 0.000871989 2
1388128096.263042254 0 0 0 45.655 0 0  0 0.0001744 2
1388128096.363019913 0 0 0 45.661 0 0  0 0.00104752 2
1388128096.462936028 0 0 0 45.668 0 0  0 0.00122275 2
1388128096.562943036 0 0 0 45.67 0 0  0 0.00034885 2
1388128096.662989127 0 0 0 45.675 0 0  0 0.000872449 2
1388128096.763010239 0 0 0 45.678 0 0  0 0.000523866 2
1388128096.862889905 0 0 0 45.683 0 0  0 0.000873236 2
1388128096.962877897 0 0 0 45.685 0 0  0 0.000349582 2
1388128097.062894946 0 0 0 45.692 0 0  0 0.00122152 2
1388128097.162902635 0 0 0 45.698 0 0  0 0.00104721 2
1388128097.263043654 0 0 0 45.702 0 0  0 0.000696766 2
1388128097.363020267 0 0 0 45.703 0 0  0 0.000174478 2
1388128097.462897902 0 0 0 45.711 0 0  0 0.00139787 2
1388128097.562900638 0 0 0 45.714 0 0  0 0.000523963 2
1388128097.662901969 0 0 0 45.718 0 0  0 0.000697739 2
1388128097.763004780 0 0 0 45.723 0 0  0 0.000871955 2
1388128098.062906471 0 0 0 45.724 0 0  0 5.81647e-05 2
1388128098.162930914 0 0 0 45.725 0 0  0 0.000174394 2
1388128098.262926391 0 0 0 45.741 0 0  0 0.00279312 2
1388128098.362898806 0 0 0 45.749 0 0  0 0.00139655 2
1388128098.462955588 0 0 0 45.754 0 0  0 0.000872356 2
1388128098.562871087 0 0 0 45.759 0 0  0 0.000872923 2
1388128098.662903227 0 0 0 45.765 0 0  0 0.00104695 2
1388128098.762946328 0 0 0 45.769 0 0  0 0.000698113 2
1388128098.862931253 0 0 0 45.772 0 0  0 0.00052339 2
1388128098.963012836 0 0 0 45.776 0 0  0 0.000697845 2
1388128099.062912681 0 0 0 45.779 0 0  0 0.000523836 2
1388128099.162917931 0 0 0 45.781 0 0  0 0.000348856 2
1388128099.262997977 0 0 0 45.785 0 0  0 0.000697855 2
1388128099.362937920 0 0 0 45.788 0 0  0 0.000523626 2
1388128099.462904891 0 0 0 45.791 0 0  0 0.00052415 2
1388128099.562944277 0 0 0 45.795 0 0  0 0.000697473 2
1388128099.662932491 0 0 0 45.8 0 0  0 0.000872954 2
1388128099.762943876 0 0 0 45.804 0 0  0 0.000698334 2
1388128099.862955956 0 0 0 45.805 0 0  0 0.000174416 2
1388128099.962966737 0 0 0 45.807 0 0  0 0.000348836 2
1388128100.062936990 0 0 0 45.813 0 0  0 0.0010476 2
1388128100.162952854 0 0 0 45.815 0 0  0 0.000348819 2
1388128100.263053844 0 0 0 45.817 0 0  0 0.000349187 2
1388128100.362888896 0 0 0 45.828 0 0  0 0.00192264 2
1388128100.462898250 0 0 0 45.831 0 0  0 0.000523928 2
1388128100.563016298 0 0 0 45.834 0 0  0 0.000522694 2
1388128100.663019448 0 0 0 45.836 0 0  0 0.000348863 2
1388128100.762932499 0 0 0 45.843 0 0  0 0.00122279 2
1388128100.862952344 0 0 0 45.848 0 0  0 0.000872678 2
1388128100.962929852 0 0 0 45.853 0 0  0 0.000873047 2
1388128101.062906264 0 0 0 45.86 0 0  0 0.00122201 2
1388128101.162903266 0 0 0 45.864 0 0  0 0.000697769 2
1388128101.263000002 0 0 0 45.868 0 0  0 0.000697739 2
1388128101.363018573 0 0 0 45.873 0 0  0 0.000872689 2
1388128101.462941138 0 0 0 45.875 0 0  0 0.000349144 2
1388128101.562921169 0 0 0 45.88 0 0  0 0.000873025 2
1388128101.663013730 0 0 0 45.882 0 0  0 0.000348551 2
1388128101.763044313 0 0 0 45.889 0 0  0 0.00122135 2
1388128101.862904846 0 0 0 45.893 0 0  0 0.000699389 2
1388128101.962913939 0 0 0 45.901 0 0  0 0.00139604 2
1388128102.062900669 0 0 0 45.905 0 0  0 0.000697841 2
1388128102.162906760 0 0 0 45.909 0 0  0 0.000698371 2
1388128102.263042454 0 0 0 45.911 0 0  0 0.000348401 2
1388128102.362928976 0 0 0 45.915 0 0  0 0.000699207 2
1388128102.463030114 0 0 0 45.921 0 0  0 0.00104623 2
1388128102.562900005 0 0 0 45.929 0 0  0 0.00139798 2
1388128102.663031389 0 0 0 45.934 0 0  0 0.000871041 2
1388128102.762981180 0 0 0 45.936 0 0  0 0.000349715 2
1388128103.063031978 0 0 0 45.937 0 0  0 5.81358e-05 2
1388128103.363015026 0 0 0 45.956 0 0  0 0.0011055 2
1388128103.563030612 0 0 0 45.971 0 0  0 0.00130884 2
1388128103.863017290 0 0 0 45.973 0 0  0 0.000116297 2
1388128103.963032944 0 0 0 45.984 0 0  0 0.00191984 2
1388128104.263045819 0 0 0 46.002 0 0  0 0.00104702 2
1388128104.462941640 0 0 0 46.008 0 0  0 0.000523917 2
1388128104.563019304 0 0 0 46.01 0 0  0 0.000348603 2
1388128104.662929008 0 0 0 46.024 0 0  0 0.00244566 2
1388128104.763019454 0 0 0 46.024 0 0  0 0 2
1388128104.863019046 0 0 0 46.032 0 0  0 0.00139683 2
1388128105.062957878 0 0 0 46.036 0 0  0 0.000348981 2
1388128105.163022834 0 0 0 46.039 0 0  0 0.000523637 2
1388128105.262934911 0 0 0 46.046 0 0  0 0.0012228 2
1388128105.362913265 0 0 0 46.055 0 0  0 0.00157094 2
1388128105.462896646 0 0 0 46.061 0 0  0 0.00104746 2
1388128105.562929829 0 0 0 46.062 0 0  0 0.000174379 2
1388128105.662985496 0 0 0 46.07 0 0  0 0.00139539 2
1388128105.762919514 0 0 0 46.075 0 0  0 0.000873427 2
1388128105.862876906 0 0 0 46.081 0 0  0 0.00104773 2
1388128105.962976094 0 0 0 46.086 0 0  0 0.000871321 2
1388128106.062977499 0 0 0 46.093 0 0  0 0.00122171 2
1388128106.162929240 0 0 0 46.097 0 0  0 0.000698751 2
1388128106.263060140 0 0 0 46.102 0 0  0 0.00087171 2
1388128106.362977176 0 0 0 46.108 0 0  0 0.00104816 2
1388128106.462880168 0 0 0 46.114 0 0  0 0.00104764 2
1388128106.563021809 0 0 0 46.12 0 0  0 0.00104581 2
1388128106.663021684 0 0 0 46.126 0 0  0 0.00104729 2
1388128106.762886612 0 0 0 46.132 0 0  0 0.0010487 2
1388128106.862921189 0 0 0 46.138 0 0  0 0.00104693 2
1388128106.962883346 0 0 0 46.143 0 0  0 0.000873181 2
1388128107.062923583 0 0 0 46.147 0 0  0 0.000697468 2
1388128107.162919818 0 0 0 46.15 0 0  0 0.000523997 2
1388128107.263024926 0 0 0 46.158 0 0  0 0.0013947 2
1388128107.362947349 0 0 0 46.163 0 0  0 0.000872862 2
1388128107.462931716 0 0 0 46.169 0 0  0 0.00104745 2
1388128107.562927670 0 0 0 46.172 0 0  0 0.000523998 2
1388128107.663086420 0 0 0 46.176 0 0  0 0.000696642 2
1388128107.762939272 0 0 0 46.179 0 0  0 0.000524749 2
1388128107.863049557 0 0 0 46.18 0 0  0 0.000174245 2
1388128107.962919736 0 0 0 46.182 0 0  0 0.000349328 2
1388128108.062946841 0 0 0 46.188 0 0  0 0.001047 2
1388128108.162901713 0 0 0 46.192 0 0  0 0.000698729 2
1388128108.262879175 0 0 0 46.198 0 0  0 0.00104752 2
1388128108.363019001 0 0 0 46.201 0 0  0 0.00052258 2
1388128108.462928842 0 0 0 46.207 0 0  0 0.00104823 2
1388128108.562904686 0 0 0 46.211 0 0  0 0.000697917 2
1388128108.662924391 0 0 0 46.213 0 0  0 0.000349471 2
1388128108.762907498 0 0 0 46.219 0 0  0 0.00104747 2
1388128108.862903940 0 0 0 46.223 0 0  0 0.000697773 2
1388128108.963013314 0 0 0 46.228 0 0  0 0.000871897 2
1388128109.062958921 0 0 0 46.233 0 0  0 0.000873326 2
1388128109.162916537 0 0 0 46.237 0 0  0 0.000698044 2
1388128109.263000835 0 0 0 46.241 0 0  0 0.000697826 2
1388128109.362907256 0 0 0 46.244 0 0  0 0.000523801 2
1388128109.462922495 0 0 0 46.25 0 0  0 0.00104713 2
1388128109.562907904 0 0 0 46.249 0 0  0 -0.000174463 2
1388128109.663070292 0 0 0 46.254 0 0  0 0.000871436 2
1388128109.762887592 0 0 0 46.258 0 0  0 0.000699025 2
1388128109.863049284 0 0 0 46.261 0 0  0 0.000523131 2
1388128109.962907927 0 0 0 46.265 0 0  0 0.000698736 2
1388128110.062903464 0 0 0 46.271 0 0  0 0.00104733 2
1388128110.162935667 0 0 0 46.277 0 0  0 0.00104695 2
1388128110.263014311 0 0 0 46.281 0 0  0 0.0006972 2
1388128110.362900617 0 0 0 46.289 0 0  0 0.00139842 2
1388128110.462939948 0 0 0 46.293 0 0  0 0.000697474 2
1388128110.562912302 0 0 0 46.297 0 0  0 0.000698607 2
1388128110.662933962 0 0 0 46.305 0 0  0 0.00139586 2
1388128110.763023635 0 0 0 46.31 0 0  0 0.000872069 2
1388128110.863022462 0 0 0 46.315 0 0  0 0.000872195 2
1388128110.962909110 0 0 0 46.321 0 0  0 0.00104848 2
1388128111.062927839 0 0 0 46.325 0 0  0 0.000698283 2
1388128111.163111605 0 0 0 46.328 0 0  0 0.000522351 2
1388128111.262939313 0 0 0 46.332 0 0  0 0.000699619 2
1388128111.362888610 0 0 0 46.339 0 0  0 0.00122234 2
1388128111.462921164 0 0 0 46.341 0 0  0 0.000348761 2
