1388546857.299009059 0 0 0 22.363 0 0  0 0.067188 2
1388546857.399119702 0 0 0 22.36 0 0  0 -0.000523065 2
1388546857.499181487 0 0 0 22.358 0 0  0 -0.000348991 2
1388546857.599121397 0 0 0 22.355 0 0  0 -0.000523959 2
1388546857.699166603 0 0 0 22.356 0 0  0 0.000174691 2
1388546857.799123541 0 0 0 22.356 0 0  0 0 2
1388546857.899177868 0 0 0 22.352 0 0  0 -0.000698035 2
1388546857.999182451 0 0 0 22.35 0 0  0 -0.000348858 2
1388546858.099155855 0 0 0 22.349 0 0  0 -0.000174483 2
1388546858.199156413 0 0 0 22.35 0 0  0 0.000174436 2
1388546858.299134581 0 0 0 22.349 0 0  0 -0.000174475 2
1388546858.399136183 0 0 0 22.343 0 0  0 -0.00104727 2
1388546858.499181933 0 0 0 22.341 0 0  0 -0.000349047 2
1388546858.599187800 0 0 0 22.34 0 0  0 -0.000174427 2
1388546858.699183983 0 0 0 22.339 0 0  0 -0.000174444 2
1388546858.799117187 0 0 0 22.337 0 0  0 -0.00034944 2
1388546858.899182315 0 0 0 22.335 0 0  0 -0.00034898 2
1388546858.999118326 0 0 0 22.334 0 0  0 -0.000174549 2
1388546859.099126871 0 0 0 22.331 0 0  0 -0.000523599 2
1388546859.199120051 0 0 0 22.329 0 0  0 -0.000348898 2
1388546859.299136963 0 0 0 22.33 0 0  0 0.000174408 2
1388546859.399178765 0 0 0 22.33 0 0  0 0 2
1388546859.499132202 0 0 0 22.327 0 0  0 -0.000523888 2
1388546859.599134375 0 0 0 22.327 0 0  0 0 2
1388546859.699179880 0 0 0 22.325 0 0  0 -0.000348715 2
1388546859.799121876 0 0 0 22.325 0 0  0 0 2
1388546859.899181223 0 0 0 22.327 0 0  0 0.000348667 2
1388546859.999158570 0 0 0 22.325 0 0  0 -0.000348953 2
1388546860.099120949 0 0 0 22.325 0 0  0 0 2
1388546860.199181161 0 0 0 22.321 0 0  0 -0.000697994 2
1388546860.299171317 0 0 0 22.321 0 0  0 0 2
1388546860.399102242 0 0 0 22.323 0 0  0 0.000349448 2
1388546860.499019651 0 0 0 22.322 0 0  0 -0.000174581 2
1388546860.599123631 0 0 0 22.32 0 0  0 -0.000348844 2
1388546860.699177737 0 0 0 22.319 0 0  0 -0.000174343 2
1388546860.799185682 0 0 0 22.314 0 0  0 -0.000872782 2
1388546860.899157657 0 0 0 22.312 0 0  0 -0.000348972 2
1388546860.999178111 0 0 0 22.31 0 0  0 -0.000349136 2
1388546861.099135481 0 0 0 22.306 0 0  0 -0.000698379 2
1388546861.199179820 0 0 0 22.307 0 0  0 0.00017436 2
1388546861.299181697 0 0 0 22.306 0 0  0 -0.000174434 2
1388546861.399007587 0 0 0 22.303 0 0  0 -0.000524557 2
1388546861.499151589 0 0 0 22.302 0 0  0 -0.000174186 2
1388546861.599119803 0 0 0 22.303 0 0  0 0.000174493 2
1388546861.699014801 0 0 0 22.3 0 0  0 -0.000524194 2
1388546861.799117951 0 0 0 22.301 0 0  0 0.00017459 2
1388546861.899085253 0 0 0 22.301 0 0  0 0 2
1388546861.999087712 0 0 0 22.3 0 0  0 -0.000174766 2
1388546862.099064837 0 0 0 22.301 0 0  0 0.00017481 2
1388546862.199188235 0 0 0 22.301 0 0  0 0 2
1388546862.299182580 0 0 0 22.3 0 0  0 -0.00017478 2
1388546862.399121606 0 0 0 22.3 0 0  0 0 2
1388546862.499120108 0 0 0 22.299 0 0  0 -0.00017444 2
1388546862.599123945 0 0 0 22.299 0 0  0 0 2
1388546862.699168454 0 0 0 22.3 0 0  0 0.000174359 2
1388546862.799120262 0 0 0 22.299 0 0  0 -0.000174521 2
1388546862.899147457 0 0 0 22.297 0 0  0 -0.000348779 2
1388546862.999119451 0 0 0 22.293 0 0  0 -0.00069861 2
1388546863.099177695 0 0 0 22.293 0 0  0 0 2
1388546863.199125218 0 0 0 22.289 0 0  0 -0.000698448 2
1388546863.299151586 0 0 0 22.286 0 0  0 -0.000523506 2
1388546863.399172156 0 0 0 22.282 0 0  0 -0.000697938 2
1388546863.499167347 0 0 0 22.279 0 0  0 -0.000523669 2
1388546863.599182459 0 0 0 22.276 0 0  0 -0.000523565 2
1388546863.699129992 0 0 0 22.275 0 0  0 -0.000174529 2
1388546863.799182057 0 0 0 22.272 0 0  0 -0.000523372 2
1388546863.899180082 0 0 0 22.268 0 0  0 -0.000698095 2
1388546863.999121687 0 0 0 22.265 0 0  0 -0.00052395 2
1388546864.099122508 0 0 0 22.266 0 0  0 0.000174769 2
1388546864.199141076 0 0 0 22.265 0 0  0 -0.000174738 2
1388546864.299174941 0 0 0 22.263 0 0  0 -0.000348756 2
1388546864.399166869 0 0 0 22.26 0 0  0 -0.000523686 2
1388546864.499110000 0 0 0 22.257 0 0  0 -0.000523942 2
1388546864.599105281 0 0 0 22.257 0 0  0 0 2
1388546864.699120081 0 0 0 22.256 0 0  0 -0.000174411 2
1388546864.799168354 0 0 0 22.252 0 0  0 -0.000697744 2
1388546864.899192461 0 0 0 22.25 0 0  0 -0.000349123 2
1388546864.999174673 0 0 0 22.246 0 0  0 -0.000698205 2
1388546865.099133357 0 0 0 22.246 0 0  0 0 2
1388546865.199124380 0 0 0 22.245 0 0  0 -0.000174453 2
1388546865.299216541 0 0 0 22.243 0 0  0 -0.000348885 2
1388546865.399161332 0 0 0 22.24 0 0  0 -0.000523933 2
1388546865.499157709 0 0 0 22.236 0 0  0 -0.000698106 2
1388546865.599099980 0 0 0 22.237 0 0  0 0.000174538 2
1388546865.699152201 0 0 0 22.236 0 0  0 -0.000174346 2
1388546865.799117381 0 0 0 22.235 0 0  0 -0.000174498 2
1388546865.899133494 0 0 0 22.233 0 0  0 -0.000349151 2
1388546865.999121259 0 0 0 22.237 0 0  0 0.000698167 2
1388546866.099124706 0 0 0 22.234 0 0  0 -0.000523626 2
1388546866.199171548 0 0 0 22.233 0 0  0 -0.000174355 2
1388546866.299124245 0 0 0 22.23 0 0  0 -0.000523892 2
1388546866.399132811 0 0 0 22.227 0 0  0 -0.000523599 2
1388546866.499191611 0 0 0 22.225 0 0  0 -0.000348669 2
1388546866.599135638 0 0 0 22.223 0 0  0 -0.000349403 2
1388546866.699138220 0 0 0 22.22 0 0  0 -0.000523631 2
1388546866.799195926 0 0 0 22.222 0 0  0 0.000349006 2
1388546866.899121729 0 0 0 22.218 0 0  0 -0.000698599 2
1388546866.999194632 0 0 0 22.219 0 0  0 0.00017431 2
1388546867.099198665 0 0 0 22.218 0 0  0 -0.00017443 2
1388546867.199121347 0 0 0 22.218 0 0  0 0 2
1388546867.299177081 0 0 0 22.217 0 0  0 -0.000174673 2
1388546867.399117697 0 0 0 22.214 0 0  0 -0.000523622 2
1388546867.499015889 0 0 0 22.214 0 0  0 0 2
1388546867.599135244 0 0 0 22.212 0 0  0 -0.000348791 2
1388546867.699183320 0 0 0 22.213 0 0  0 0.000174353 2
1388546867.799158051 0 0 0 22.21 0 0  0 -0.000523776 2
1388546867.899165509 0 0 0 22.205 0 0  0 -0.000872453 2
1388546867.999134698 0 0 0 22.202 0 0  0 -0.000523805 2
1388546868.099235374 0 0 0 22.205 0 0  0 0.000523117 2
1388546868.199196022 0 0 0 22.204 0 0  0 -0.000174506 2
1388546868.299161240 0 0 0 22.204 0 0  0 0 2
1388546868.399020147 0 0 0 22.201 0 0  0 -0.000524384 2
1388546868.499125245 0 0 0 22.199 0 0  0 -0.00034884 2
1388546868.599134396 0 0 0 22.197 0 0  0 -0.000348842 2
1388546868.699162338 0 0 0 22.199 0 0  0 0.000348777 2
1388546868.799210736 0 0 0 22.197 0 0  0 -0.000348705 2
1388546868.899163347 0 0 0 22.197 0 0  0 0 2
1388546868.999134088 0 0 0 22.194 0 0  0 -0.000523797 2
1388546869.099155283 0 0 0 22.192 0 0  0 -0.000349133 2
1388546869.199121063 0 0 0 22.19 0 0  0 -0.000348994 2
1388546869.299120419 0 0 0 22.191 0 0  0 0.000174438 2
1388546869.399159301 0 0 0 22.186 0 0  0 -0.000872179 2
1388546869.499166782 0 0 0 22.181 0 0  0 -0.000872786 2
1388546869.599180955 0 0 0 22.179 0 0  0 -0.000348825 2
1388546869.699136967 0 0 0 22.177 0 0  0 -0.000349361 2
1388546869.799146880 0 0 0 22.173 0 0  0 -0.000698012 2
1388546869.899149116 0 0 0 22.171 0 0  0 -0.000349199 2
1388546869.999153207 0 0 0 22.169 0 0  0 -0.00034886 2
1388546870.099014614 0 0 0 22.168 0 0  0 -0.000175013 2
1388546870.199167581 0 0 0 22.167 0 0  0 -0.000174171 2
1388546870.299121598 0 0 0 22.161 0 0  0 -0.00104777 2
1388546870.399149596 0 0 0 22.162 0 0  0 0.000174721 2
1388546870.499108554 0 0 0 22.162 0 0  0 0 2
1388546870.599138841 0 0 0 22.157 0 0  0 -0.000872587 2
1388546870.699121714 0 0 0 22.156 0 0  0 -0.000174467 2
1388546870.799176391 0 0 0 22.153 0 0  0 -0.000523358 2
1388546870.899178972 0 0 0 22.151 0 0  0 -0.000349198 2
1388546870.999154557 0 0 0 22.15 0 0  0 -0.00017448 2
1388546871.099134323 0 0 0 22.148 0 0  0 -0.000348945 2
1388546871.199135861 0 0 0 22.145 0 0  0 -0.000523636 2
1388546871.299194450 0 0 0 22.146 0 0  0 0.000174335 2
1388546871.399140099 0 0 0 22.142 0 0  0 -0.000698461 2
1388546871.499020634 0 0 0 22.142 0 0  0 0 2
1388546871.599136376 0 0 0 22.139 0 0  0 -0.000523039 2
1388546871.699178800 0 0 0 22.138 0 0  0 -0.000174363 2
1388546871.799178111 0 0 0 22.136 0 0  0 -0.000349209 2
1388546871.899147611 0 0 0 22.131 0 0  0 -0.000872784 2
1388546871.999181104 0 0 0 22.128 0 0  0 -0.000523469 2
1388546872.099115683 0 0 0 22.127 0 0  0 -0.000174551 2
1388546872.199171448 0 0 0 22.122 0 0  0 -0.000872365 2
1388546872.299195389 0 0 0 22.121 0 0  0 -0.000174395 2
1388546872.399128615 0 0 0 22.117 0 0  0 -0.000698548 2
1388546872.499173764 0 0 0 22.112 0 0  0 -0.000872457 2
1388546872.599127573 0 0 0 22.111 0 0  0 -0.000174518 2
1388546872.699165292 0 0 0 22.109 0 0  0 -0.000349075 2
1388546872.799121348 0 0 0 22.108 0 0  0 -0.000174514 2
1388546872.899186820 0 0 0 22.106 0 0  0 -0.000348646 2
1388546872.999178985 0 0 0 22.105 0 0  0 -0.000174784 2
1388546873.099121773 0 0 0 22.105 0 0  0 0 2
1388546873.199131928 0 0 0 22.104 0 0  0 -0.000174419 2
1388546873.299191673 0 0 0 22.104 0 0  0 0 2
1388546873.399043284 0 0 0 22.101 0 0  0 -0.000524422 2
1388546873.499178453 0 0 0 22.098 0 0  0 -0.000522937 2
1388546873.599172040 0 0 0 22.094 0 0  0 -0.000698126 2
1388546873.699186531 0 0 0 22.091 0 0  0 -0.000523568 2
1388546873.799125529 0 0 0 22.09 0 0  0 -0.000174544 2
1388546873.899152684 0 0 0 22.088 0 0  0 -0.000349112 2
1388546873.999099726 0 0 0 22.084 0 0  0 -0.000698451 2
1388546874.099088826 0 0 0 22.081 0 0  0 -0.000523701 2
1388546874.199112887 0 0 0 22.079 0 0  0 -0.00034879 2
1388546874.299179997 0 0 0 22.079 0 0  0 0 2
1388546874.399182110 0 0 0 22.078 0 0  0 -0.000174766 2
1388546874.499195912 0 0 0 22.077 0 0  0 -0.000174413 2
1388546874.599203513 0 0 0 22.077 0 0  0 0 2
1388546874.699137491 0 0 0 22.075 0 0  0 -0.000349105 2
1388546874.799187729 0 0 0 22.075 0 0  0 0 2
1388546874.899205125 0 0 0 22.075 0 0  0 0 2
1388546875.099138521 0 0 0 22.069 0 0  0 -0.000523818 2
1388546875.199113244 0 0 0 22.066 0 0  0 -0.000523776 2
1388546875.299179176 0 0 0 22.065 0 0  0 -0.000174322 2
1388546875.399119774 0 0 0 22.066 0 0  0 0.000174541 2
1388546875.499182104 0 0 0 22.065 0 0  0 -0.000174328 2
1388546875.599202713 0 0 0 22.065 0 0  0 0 2
1388546875.699155068 0 0 0 22.063 0 0  0 -0.000349373 2
1388546875.799106761 0 0 0 22.06 0 0  0 -0.000523897 2
1388546875.899131168 0 0 0 22.055 0 0  0 -0.000872305 2
1388546875.999189851 0 0 0 22.054 0 0  0 -0.000174335 2
1388546876.099070245 0 0 0 22.053 0 0  0 -0.000174979 2
1388546876.199190447 0 0 0 22.05 0 0  0 -0.000523015 2
1388546876.299111330 0 0 0 22.05 0 0  0 0 2
1388546876.399152409 0 0 0 22.047 0 0  0 -0.000523096 2
1388546876.499128722 0 0 0 22.046 0 0  0 -0.000174811 2
1388546876.599180779 0 0 0 22.043 0 0  0 -0.000523372 2
1388546876.699184320 0 0 0 22.041 0 0  0 -0.000348862 2
1388546876.799117155 0 0 0 22.038 0 0  0 -0.000523996 2
1388546876.899186129 0 0 0 22.039 0 0  0 0.000174317 2
1388546876.999179614 0 0 0 22.037 0 0  0 -0.000348897 2
1388546877.099118387 0 0 0 22.035 0 0  0 -0.000349421 2
1388546877.199188392 0 0 0 22.032 0 0  0 -0.000523278 2
1388546877.299013986 0 0 0 22.03 0 0  0 -0.000349484 2
1388546877.399137804 0 0 0 22.029 0 0  0 -0.000174554 2
1388546877.499132900 0 0 0 22.027 0 0  0 -0.000348891 2
1388546877.599161867 0 0 0 22.025 0 0  0 -0.000349106 2
1388546877.699142167 0 0 0 22.022 0 0  0 -0.000523747 2
1388546877.799167671 0 0 0 22.02 0 0  0 -0.000348785 2
1388546877.899118858 0 0 0 22.018 0 0  0 -0.000349378 2
1388546877.999195038 0 0 0 22.017 0 0  0 -0.000174304 2
1388546878.099188091 0 0 0 22.019 0 0  0 0.000348898 2
1388546878.199199385 0 0 0 22.017 0 0  0 -0.000348835 2
1388546878.299091161 0 0 0 22.019 0 0  0 0.000349252 2
1388546878.399196909 0 0 0 22.018 0 0  0 -0.000174253 2
1388546878.499194155 0 0 0 22.02 0 0  0 0.000349217 2
1388546878.599139819 0 0 0 22.018 0 0  0 -0.000349397 2
1388546878.699107634 0 0 0 22.017 0 0  0 -0.000174493 2
1388546878.799136322 0 0 0 22.015 0 0  0 -0.000349107 2
1388546878.899139487 0 0 0 22.011 0 0  0 -0.000698059 2
1388546878.999085021 0 0 0 22.01 0 0  0 -0.000174532 2
1388546879.099127295 0 0 0 22.007 0 0  0 -0.000523423 2
1388546879.199126998 0 0 0 22.006 0 0  0 -0.000174438 2
1388546879.299129293 0 0 0 22.006 0 0  0 0 2
1388546879.399113076 0 0 0 22.003 0 0  0 -0.000523729 2
1388546879.499141963 0 0 0 22.003 0 0  0 0 2
1388546879.599186818 0 0 0 22.003 0 0  0 0 2
1388546879.699128056 0 0 0 22.001 0 0  0 -0.000349412 2
1388546879.799145939 0 0 0 21.998 0 0  0 -0.00052355 2
1388546879.899145517 0 0 0 21.997 0 0  0 -0.000174438 2
1388546879.999141655 0 0 0 21.995 0 0  0 -0.000348888 2
1388546880.099129055 0 0 0 21.993 0 0  0 -0.000349251 2
1388546880.199191208 0 0 0 21.991 0 0  0 -0.00034899 2
1388546880.299173307 0 0 0 21.988 0 0  0 -0.000523405 2
1388546880.399107759 0 0 0 21.987 0 0  0 -0.000174885 2
1388546880.499175295 0 0 0 21.984 0 0  0 -0.000523291 2
1388546880.599028804 0 0 0 21.98 0 0  0 -0.000699105 2
1388546880.699171753 0 0 0 21.978 0 0  0 -0.000348376 2
1388546880.799105982 0 0 0 21.976 0 0  0 -0.000349437 2
1388546880.899177064 0 0 0 21.976 0 0  0 0 2
1388546880.999130271 0 0 0 21.975 0 0  0 -0.000174519 2
1388546881.099015655 0 0 0 21.972 0 0  0 -0.000524245 2
1388546881.199136134 0 0 0 21.972 0 0  0 0 2
1388546881.299140087 0 0 0 21.971 0 0  0 -0.00017443 2
1388546881.399128568 0 0 0 21.971 0 0  0 0 2
1388546881.499107072 0 0 0 21.971 0 0  0 0 2
1388546881.599029526 0 0 0 21.967 0 0  0 -0.000698956 2
1388546881.699145571 0 0 0 21.966 0 0  0 -0.000174235 2
1388546881.799154282 0 0 0 21.965 0 0  0 -0.000174422 2
1388546881.899195529 0 0 0 21.965 0 0  0 0 2
1388546881.999083217 0 0 0 21.965 0 0  0 0 2
1388546882.099115743 0 0 0 21.964 0 0  0 -0.00017438 2
1388546882.199129472 0 0 0 21.965 0 0  0 0.000174413 2
1388546882.299157547 0 0 0 21.965 0 0  0 0 2
1388546882.399162536 0 0 0 21.965 0 0  0 0 2
1388546882.499182579 0 0 0 21.965 0 0  0 0 2
1388546882.599083015 0 0 0 21.965 0 0  0 0 2
1388546882.699182684 0 0 0 21.966 0 0  0 0.000174263 2
1388546882.799128791 0 0 0 21.965 0 0  0 -0.000174531 2
1388546882.899116985 0 0 0 21.961 0 0  0 -0.000698164 2
1388546882.999180163 0 0 0 21.96 0 0  0 -0.00017466 2
1388546883.099182856 0 0 0 21.958 0 0  0 -0.000348865 2
1388546883.199165285 0 0 0 21.955 0 0  0 -0.000523736 2
1388546883.299119958 0 0 0 21.957 0 0  0 0.000349365 2
1388546883.399166057 0 0 0 21.954 0 0  0 -0.000523403 2
1388546883.499133284 0 0 0 21.952 0 0  0 -0.000349321 2
1388546883.599013120 0 0 0 21.953 0 0  0 0.000174647 2
1388546883.699122965 0 0 0 21.948 0 0  0 -0.000871561 2
1388546883.799153868 0 0 0 21.948 0 0  0 0 2
1388546883.899096537 0 0 0 21.944 0 0  0 -0.000698482 2
1388546883.999159327 0 0 0 21.941 0 0  0 -0.000523315 2
1388546884.099166281 0 0 0 21.94 0 0  0 -0.000174425 2
1388546884.199019070 0 0 0 21.938 0 0  0 -0.000349722 2
1388546884.299187419 0 0 0 21.937 0 0  0 -0.000174144 2
1388546884.399105816 0 0 0 21.935 0 0  0 -0.000349492 2
1388546884.499183429 0 0 0 21.935 0 0  0 0 2
1388546884.599188057 0 0 0 21.934 0 0  0 -0.000174429 2
1388546884.699105592 0 0 0 21.928 0 0  0 -0.00104815 2
1388546884.799159983 0 0 0 21.926 0 0  0 -0.000348684 2
1388546884.899178951 0 0 0 21.925 0 0  0 -0.000174737 2
1388546884.999170627 0 0 0 21.922 0 0  0 -0.000523355 2
1388546885.099092959 0 0 0 21.92 0 0  0 -0.000349478 2
1388546885.199193311 0 0 0 21.916 0 0  0 -0.000697381 2
1388546885.299123374 0 0 0 21.916 0 0  0 0 2
1388546885.399182757 0 0 0 21.91 0 0  0 -0.00104667 2
1388546885.499182278 0 0 0 21.909 0 0  0 -0.000174438 2
1388546885.599165147 0 0 0 21.908 0 0  0 -0.000174467 2
1388546885.699116003 0 0 0 21.907 0 0  0 -0.000174856 2
1388546885.799124236 0 0 0 21.905 0 0  0 -0.000348845 2
1388546885.899107879 0 0 0 21.9 0 0  0 -0.000872994 2
1388546885.999171470 0 0 0 21.899 0 0  0 -0.000174326 2
1388546886.099107930 0 0 0 21.895 0 0  0 -0.000698525 2
1388546886.199194990 0 0 0 21.893 0 0  0 -0.000348903 2
1388546886.299093162 0 0 0 21.889 0 0  0 -0.000698793 2
1388546886.399009045 0 0 0 21.886 0 0  0 -0.000524085 2
1388546886.499113073 0 0 0 21.885 0 0  0 -0.000174256 2
1388546886.599135651 0 0 0 21.885 0 0  0 0 2
1388546886.699014862 0 0 0 21.881 0 0  0 -0.000698925 2
1388546886.799116223 0 0 0 21.881 0 0  0 0 2
1388546886.899121466 0 0 0 21.881 0 0  0 0 2
1388546886.999177671 0 0 0 21.88 0 0  0 -0.000174672 2
1388546887.099118336 0 0 0 21.879 0 0  0 -0.000174541 2
1388546887.199192471 0 0 0 21.879 0 0  0 0 2
1388546887.299127873 0 0 0 21.877 0 0  0 -0.0003491 2
1388546887.399117236 0 0 0 21.872 0 0  0 -0.000872944 2
1388546887.499198533 0 0 0 21.868 0 0  0 -0.000697514 2
1388546887.599138596 0 0 0 21.87 0 0  0 0.000349416 2
1388546887.699197812 0 0 0 21.869 0 0  0 -0.000174667 2
1388546887.799095701 0 0 0 21.866 0 0  0 -0.000524179 2
1388546887.899068148 0 0 0 21.866 0 0  0 0 2
1388546887.999072554 0 0 0 21.866 0 0  0 0 2
1388546888.099194420 0 0 0 21.863 0 0  0 -0.000522674 2
1388546888.199158410 0 0 0 21.861 0 0  0 -0.000349333 2
1388546888.299147103 0 0 0 21.86 0 0  0 -0.000174457 2
1388546888.399192007 0 0 0 21.861 0 0  0 0.000174359 2
1388546888.499126426 0 0 0 21.859 0 0  0 -0.000349436 2
1388546888.599111821 0 0 0 21.86 0 0  0 0.000174795 2
1388546888.699087939 0 0 0 21.859 0 0  0 -0.000174812 2
1388546888.799179195 0 0 0 21.856 0 0  0 -0.000522834 2
1388546888.899154895 0 0 0 21.856 0 0  0 0 2
1388546888.999117249 0 0 0 21.854 0 0  0 -0.000349339 2
1388546889.099122788 0 0 0 21.855 0 0  0 0.000174427 2
1388546889.199120567 0 0 0 21.853 0 0  0 -0.000348882 2
1388546889.299120170 0 0 0 21.853 0 0  0 0 2
1388546889.399132129 0 0 0 21.854 0 0  0 0.000174416 2
1388546889.499119627 0 0 0 21.852 0 0  0 -0.000349251 2
1388546889.599121934 0 0 0 21.85 0 0  0 -0.000348866 2
1388546889.699128663 0 0 0 21.845 0 0  0 -0.000872792 2
1388546889.799130574 0 0 0 21.844 0 0  0 -0.000174434 2
1388546889.899092090 0 0 0 21.842 0 0  0 -0.000349341 2
1388546889.999103584 0 0 0 21.84 0 0  0 -0.000348834 2
1388546890.099096389 0 0 0 21.837 0 0  0 -0.000523682 2
1388546890.199131362 0 0 0 21.836 0 0  0 -0.000174376 2
1388546890.299117943 0 0 0 21.835 0 0  0 -0.000174793 2
1388546890.399122748 0 0 0 21.832 0 0  0 -0.000523286 2
1388546890.499094472 0 0 0 21.828 0 0  0 -0.000698612 2
1388546890.599131463 0 0 0 21.826 0 0  0 -0.000348745 2
1388546890.699188962 0 0 0 21.823 0 0  0 -0.000523343 2
1388546890.799137111 0 0 0 21.822 0 0  0 -0.000174528 2
1388546890.899130056 0 0 0 21.82 0 0  0 -0.000349232 2
