-0.875902 -0.296911 0.958 28.6
-0.861138 -0.296549 0.958043 28.7
-0.840744 -0.297402 0.958099 28.8
-0.815677 -0.299564 0.958164 28.9
-0.786751 -0.30317 0.958234 29
-0.754669 -0.308369 0.958306 29.1
-0.720046 -0.315309 0.958378 29.2
-0.683419 -0.324121 0.95845 29.3
-0.645263 -0.334913 0.958521 29.4
-0.605998 -0.347768 0.95859 29.5
-0.565998 -0.362743 0.958657 29.6
-0.525597 -0.379875 0.958722 29.7
-0.485096 -0.399178 0.958785 29.8
-0.444764 -0.420648 0.958845 29.9
-0.404844 -0.444265 0.958902 30
-0.365555 -0.469997 0.958957 30.1
-0.3271 -0.497798 0.959009 30.2
-0.289658 -0.527612 0.959059 30.3
-0.253397 -0.559375 0.959106 30.4
-0.243586 -0.567812 0.958906 30.5
-0.230358 -0.581344 0.958641 30.6
-0.214198 -0.598991 0.958337 30.7
-0.195484 -0.619988 0.958007 30.8
-0.174562 -0.643731 0.957664 30.9
-0.15175 -0.669745 0.957313 31
-0.12733 -0.697646 0.956959 31.1
-0.101552 -0.72712 0.956604 31.2
-0.0746283 -0.757912 0.956251 31.3
-0.0467415 -0.789806 0.955898 31.4
-0.0180453 -0.822624 0.955548 31.5
0.0113303 -0.856217 0.9552 31.6
0.0412761 -0.89046 0.954853 31.7
0.0717003 -0.92525 0.954508 31.8
0.102526 -0.960497 0.954165 31.9
0.133688 -0.996129 0.953823 32
0.165132 -1.03208 0.953482 32.1
0.196812 -1.06831 0.953141 32.2
0.228692 -1.10476 0.952802 32.3
0.260737 -1.14141 0.952462 32.4
0.292922 -1.17821 0.952123 32.5
0.325224 -1.21515 0.951784 32.6
0.357624 -1.2522 0.951446 32.7
0.390106 -1.28935 0.951107 32.8
0.422656 -1.32657 0.950768 32.9
0.455265 -1.36387 0.950429 33
0.487921 -1.40122 0.95009 33.1
0.520618 -1.43862 0.94975 33.2
0.553349 -1.47605 0.94941 33.3
0.586108 -1.51352 0.94907 33.4
0.618891 -1.55102 0.94873 33.5
0.651693 -1.58854 0.948389 33.6
0.684512 -1.62609 0.948049 33.7
0.717345 -1.66365 0.947707 33.8
0.75019 -1.70122 0.947366 33.9
0.783044 -1.7388 0.947024 34
0.815906 -1.7764 0.946682 34.1
0.848775 -1.814 0.94634 34.2
0.881649 -1.85161 0.945998 34.3
0.914528 -1.88923 0.945655 34.4
0.947411 -1.92685 0.945312 34.5
0.980297 -1.96448 0.944969 34.6
1.01319 -2.00211 0.944625 34.7
1.04608 -2.03974 0.944282 34.8
1.07897 -2.07738 0.943938 34.9
1.08814 -2.08603 0.943837 35
1.10044 -2.09996 0.943703 35.1
1.11563 -2.11805 0.943545 35.2
1.1336 -2.13936 0.943371 35.3
1.15426 -2.16305 0.943184 35.4
1.17754 -2.1884 0.942989 35.5
1.20336 -2.2148 0.942786 35.6
1.23164 -2.2417 0.942576 35.7
1.26226 -2.26865 0.942361 35.8
1.29513 -2.29524 0.942139 35.9
1.33011 -2.32113 0.941912 36
1.36707 -2.34603 0.94168 36.1
1.40587 -2.36966 0.941442 36.2
1.44637 -2.39183 0.941198 36.3
1.48842 -2.41234 0.940949 36.4
1.53187 -2.43103 0.940694 36.5
1.57658 -2.44776 0.940434 36.6
1.62239 -2.46243 0.940167 36.7
1.66915 -2.47494 0.939895 36.8
1.71672 -2.48521 0.939617 36.9
1.76494 -2.49317 0.939334 37
1.81368 -2.49878 0.939045 37.1
1.86278 -2.50199 0.938751 37.2
1.91211 -2.50277 0.938451 37.3
1.96153 -2.50112 0.938146 37.4
1.97554 -2.4955 0.937795 37.5
1.99499 -2.48879 0.937333 37.6
2.01913 -2.48147 0.9368 37.7
2.04727 -2.47384 0.936226 37.8
2.0788 -2.46608 0.935629 37.9
2.1132 -2.45827 0.935021 38
2.15001 -2.45044 0.934409 38.1
2.18884 -2.44259 0.9338 38.2
2.22937 -2.43473 0.933194 38.3
2.27132 -2.42685 0.932594 38.4
2.31446 -2.41893 0.932001 38.5
2.35859 -2.41097 0.931414 38.6
2.40356 -2.40297 0.930834 38.7
2.44922 -2.39492 0.930261 38.8
2.49547 -2.38681 0.929693 38.9
2.54221 -2.37864 0.92913 39
2.58935 -2.37042 0.928572 39.1
2.63683 -2.36213 0.928018 39.2
2.6846 -2.35379 0.927469 39.3
2.7326 -2.3454 0.926923 39.4
2.78081 -2.33695 0.92638 39.5
2.82917 -2.32845 0.92584 39.6
2.87767 -2.3199 0.925303 39.7
2.92629 -2.3113 0.924768 39.8
2.975 -2.30265 0.924235 39.9
3.02379 -2.29396 0.923704 40
3.07265 -2.28523 0.923175 40.1
3.12156 -2.27645 0.922648 40.2
3.17051 -2.26764 0.922122 40.3
3.2195 -2.2588 0.921597 40.4
3.26851 -2.24992 0.921074 40.5
3.31756 -2.24101 0.920552 40.6
3.36662 -2.23206 0.92003 40.7
3.4157 -2.22309 0.91951 40.8
3.46479 -2.21409 0.918991 40.9
3.51389 -2.20507 0.918472 41
3.563 -2.19602 0.917955 41.1
3.61211 -2.18694 0.917438 41.2
3.66123 -2.17784 0.916921 41.3
3.71035 -2.16872 0.916406 41.4
3.75948 -2.15959 0.915891 41.5
3.80861 -2.15043 0.915376 41.6
3.85773 -2.14125 0.914862 41.7
3.90686 -2.13206 0.914349 41.8
3.95599 -2.12285 0.913836 41.9
4.00512 -2.11362 0.913323 42
4.05425 -2.10438 0.912811 42.1
4.10337 -2.09512 0.912299 42.2
4.1525 -2.08585 0.911787 42.3
4.20162 -2.07657 0.911276 42.4
4.25074 -2.06727 0.910765 42.5
4.29987 -2.05797 0.910255 42.6
4.34899 -2.04865 0.909745 42.7
4.3981 -2.03932 0.909235 42.8
4.44722 -2.02998 0.908725 42.9
4.49634 -2.02063 0.908215 43
4.54545 -2.01127 0.907706 43.1
4.59456 -2.00191 0.907197 43.2
4.64368 -1.99253 0.906688 43.3
4.69279 -1.98315 0.90618 43.4
4.7419 -1.97376 0.905671 43.5
4.791 -1.96436 0.905163 43.6
4.84011 -1.95495 0.904655 43.7
4.88922 -1.94554 0.904147 43.8
4.93832 -1.93612 0.903639 43.9
4.98742 -1.9267 0.903131 44
5.03653 -1.91727 0.902623 44.1
5.08563 -1.90783 0.902116 44.2
5.13473 -1.89839 0.901608 44.3
5.18383 -1.88894 0.901101 44.4
5.23293 -1.87949 0.900594 44.5
5.28202 -1.87004 0.900087 44.6
5.33112 -1.86058 0.89958 44.7
5.38022 -1.85112 0.899073 44.8
5.42931 -1.84165 0.898566 44.9
5.47841 -1.83218 0.898059 45
5.5275 -1.8227 0.897552 45.1
5.57659 -1.81322 0.897046 45.2
5.62569 -1.80374 0.896539 45.3
5.67478 -1.79426 0.896033 45.4
5.72387 -1.78477 0.895526 45.5
5.77296 -1.77528 0.89502 45.6
5.82205 -1.76578 0.894514 45.7
5.87114 -1.75629 0.894007 45.8
5.92023 -1.74679 0.893501 45.9
5.96932 -1.73729 0.892995 46
6.01841 -1.72779 0.892489 46.1
6.0675 -1.71828 0.891982 46.2
6.11658 -1.70877 0.891476 46.3
6.16567 -1.69926 0.89097 46.4
6.21476 -1.68975 0.890464 46.5
6.26385 -1.68024 0.889958 46.6
6.31293 -1.67073 0.889452 46.7
6.36202 -1.66121 0.888946 46.8
6.4111 -1.65169 0.88844 46.9
6.46019 -1.64217 0.887935 47
6.50927 -1.63265 0.887429 47.1
6.55836 -1.62313 0.886923 47.2
6.60744 -1.61361 0.886417 47.3
6.65653 -1.60408 0.885911 47.4
6.70561 -1.59456 0.885405 47.5
6.7547 -1.58503 0.8849 47.6
6.80378 -1.5755 0.884394 47.7
6.85287 -1.56597 0.883888 47.8
6.90195 -1.55645 0.883382 47.9
6.95103 -1.54691 0.882877 48
7.00011 -1.53738 0.882371 48.1
7.0492 -1.52785 0.881865 48.2
7.09828 -1.51832 0.88136 48.3
7.14736 -1.50878 0.880854 48.4
7.19645 -1.49925 0.880348 48.5
7.24553 -1.48971 0.879843 48.6
7.29461 -1.48018 0.879337 48.7
7.34369 -1.47064 0.878831 48.8
7.39277 -1.46111 0.878326 48.9
7.44186 -1.45157 0.87782 49
7.49094 -1.44203 0.877314 49.1
7.54002 -1.43249 0.876809 49.2
7.5891 -1.42295 0.876303 49.3
7.63818 -1.41341 0.875798 49.4
7.68726 -1.40387 0.875292 49.5
7.73635 -1.39433 0.874787 49.6
7.78543 -1.38479 0.874281 49.7
7.83451 -1.37525 0.873775 49.8
7.88359 -1.36571 0.87327 49.9
7.93267 -1.35617 0.872764 50
7.98175 -1.34662 0.872259 50.1
8.03083 -1.33708 0.871753 50.2
8.07991 -1.32754 0.871248 50.3
8.12899 -1.318 0.870742 50.4
8.17808 -1.30845 0.870237 50.5
8.22716 -1.29891 0.869731 50.6
8.27624 -1.28936 0.869225 50.7
8.32532 -1.27982 0.86872 50.8
8.3744 -1.27028 0.868214 50.9
8.42348 -1.26073 0.867709 51
8.47256 -1.25119 0.867203 51.1
8.52164 -1.24164 0.866698 51.2
8.57072 -1.23209 0.866192 51.3
8.6198 -1.22255 0.865687 51.4
8.66888 -1.213 0.865181 51.5
8.71796 -1.20346 0.864676 51.6
8.76704 -1.19391 0.86417 51.7
8.81612 -1.18437 0.863665 51.8
8.8652 -1.17482 0.863159 51.9
8.91428 -1.16527 0.862654 52
8.96336 -1.15573 0.862148 52.1
9.01244 -1.14618 0.861643 52.2
9.06152 -1.13663 0.861137 52.3
9.1106 -1.12709 0.860632 52.4
9.15968 -1.11754 0.860126 52.5
9.20876 -1.10799 0.859621 52.6
9.25784 -1.09844 0.859115 52.7
9.30692 -1.0889 0.85861 52.8
9.356 -1.07935 0.858104 52.9
9.40508 -1.0698 0.857599 53
9.45416 -1.06025 0.857093 53.1
9.50324 -1.05071 0.856588 53.2
9.55232 -1.04116 0.856082 53.3
9.6014 -1.03161 0.855577 53.4
9.65048 -1.02206 0.855071 53.5
9.69956 -1.01251 0.854566 53.6
9.74864 -1.00297 0.85406 53.7
9.79772 -0.993419 0.853555 53.8
9.8468 -0.98387 0.853049 53.9
9.89588 -0.974322 0.852544 54
9.94496 -0.964774 0.852038 54.1
9.99404 -0.955226 0.851533 54.2
10.0431 -0.945677 0.851027 54.3
10.0922 -0.936129 0.850522 54.4
10.1413 -0.92658 0.850017 54.5
10.1904 -0.917032 0.849511 54.6
10.2394 -0.907483 0.849006 54.7
10.2885 -0.897935 0.8485 54.8
10.3376 -0.888386 0.847995 54.9
10.3867 -0.878837 0.847489 55
10.4358 -0.869289 0.846984 55.1
10.4848 -0.85974 0.846478 55.2
10.5339 -0.850191 0.845973 55.3
10.583 -0.840643 0.845467 55.4
10.6321 -0.831094 0.844962 55.5
10.6812 -0.821545 0.844456 55.6
10.7302 -0.811996 0.843951 55.7
10.7793 -0.802447 0.843445 55.8
10.8284 -0.792898 0.84294 55.9
10.8775 -0.78335 0.842434 56
10.9266 -0.773801 0.841929 56.1
10.9756 -0.764252 0.841423 56.2
11.0247 -0.754703 0.840918 56.3
11.0738 -0.745154 0.840412 56.4
11.1229 -0.735605 0.839907 56.5
11.172 -0.726056 0.839401 56.6
11.221 -0.716507 0.838896 56.7
11.2701 -0.706958 0.83839 56.8
11.3192 -0.697409 0.837885 56.9
11.3683 -0.68786 0.837379 57
11.4174 -0.678311 0.836874 57.1
11.4664 -0.668762 0.836369 57.2
11.5155 -0.659212 0.835863 57.3
11.5646 -0.649663 0.835358 57.4
11.6137 -0.640114 0.834852 57.5
11.6628 -0.630565 0.834347 57.6
11.7118 -0.621016 0.833841 57.7
11.7609 -0.611467 0.833336 57.8
11.81 -0.601918 0.83283 57.9
11.8591 -0.592368 0.832325 58
11.9081 -0.582819 0.831819 58.1
11.9572 -0.57327 0.831314 58.2
12.0063 -0.563721 0.830808 58.3
12.0554 -0.554172 0.830303 58.4
12.1045 -0.544623 0.829797 58.5
12.1535 -0.535073 0.829292 58.6
12.2026 -0.525524 0.828786 58.7
12.2517 -0.515975 0.828281 58.8
12.3008 -0.506426 0.827775 58.9
12.3499 -0.496876 0.82727 59
12.3989 -0.487327 0.826764 59.1
12.448 -0.477778 0.826259 59.2
12.4971 -0.468229 0.825753 59.3
12.5462 -0.45868 0.825248 59.4
12.5953 -0.44913 0.824742 59.5
12.6443 -0.439581 0.824237 59.6
12.6934 -0.430032 0.823732 59.7
12.7425 -0.420483 0.823226 59.8
12.7916 -0.410933 0.822721 59.9
12.8407 -0.401384 0.822215 60
12.8897 -0.391835 0.82171 60.1
12.9388 -0.382285 0.821204 60.2
12.9879 -0.372736 0.820699 60.3
13.037 -0.363187 0.820193 60.4
13.0861 -0.353638 0.819688 60.5
13.1351 -0.344088 0.819182 60.6
13.1842 -0.334539 0.818677 60.7
13.2333 -0.32499 0.818171 60.8
13.2824 -0.315441 0.817666 60.9
13.3315 -0.305891 0.81716 61
13.3805 -0.296342 0.816655 61.1
13.4296 -0.286793 0.816149 61.2
13.4787 -0.277243 0.815644 61.3
13.5278 -0.267694 0.815138 61.4
13.5769 -0.258145 0.814633 61.5
13.6259 -0.248595 0.814127 61.6
13.675 -0.239046 0.813622 61.7
13.7241 -0.229497 0.813116 61.8
13.7732 -0.219948 0.812611 61.9
13.8223 -0.210398 0.812105 62
13.8713 -0.200849 0.8116 62.1
13.9204 -0.1913 0.811095 62.2
13.9695 -0.18175 0.810589 62.3
14.0186 -0.172201 0.810084 62.4
14.0677 -0.162652 0.809578 62.5
14.1167 -0.153102 0.809073 62.6
14.1658 -0.143553 0.808567 62.7
14.2149 -0.134004 0.808062 62.8
14.264 -0.124454 0.807556 62.9
14.3131 -0.114905 0.807051 63
14.3621 -0.105356 0.806545 63.1
14.4112 -0.0958065 0.80604 63.2
14.4603 -0.0862572 0.805534 63.3
14.5094 -0.0767079 0.805029 63.4
14.5585 -0.0671586 0.804523 63.5
14.6075 -0.0576093 0.804018 63.6
14.6566 -0.04806 0.803512 63.7
14.7057 -0.0385106 0.803007 63.8
14.7197 -0.0326017 0.80278 63.9
14.7392 -0.0255374 0.802478 64
14.7634 -0.0179932 0.802128 64.1
14.7918 -0.0105532 0.801746 64.2
14.8238 -0.00369692 0.801344 64.3
14.8587 0.00218795 0.80093 64.4
