1388304870.213689923 -0.297578 0.613641 1.033 -165.005 -0.0512802 0.105746  0.178012 -0.496276 7
1388304870.313677609 -0.30012 0.620144 1.004 -165.041 -0.0254234 0.0650427  -0.290036 -0.00628317 7
1388304870.413677784 -0.301365 0.62311 0.981 -165.064 -0.0124524 0.0296547  -0.23 -0.00401338 7
1388304870.513671827 -0.300111 0.622763 0.969 -165.096 0.0125439 0  -0.120007 -0.00558498 7
1388304870.613679737 -0.298101 0.619428 0.962 -165.099 0.0200963 -0.0333569  -0.0699945 -0.000524601 7
1388304870.713674979 -0.295591 0.614557 0.961 -165.2 0.0250987 -0.0487073  -0.0100005 -0.0176283 7
1388304870.813676783 -0.292982 0.609736 0.963 -165.294 0.0260872 -0.0482118  0.0199996 -0.0164074 7
1388304870.913675448 -0.292141 0.605142 0.971 -165.38 0 -0.0459412  0.0800011 -0.0150098 7
1388304871.013677379 -0.290881 0.601014 0.973 -165.505 0.0125972 -0.0412729  0.0199996 -0.0218162 7
1388304871.113667778 -0.290204 0.596857 0.981 -165.573 0 -0.0415801  0.0800077 -0.0118682 7
1388304871.213678015 -0.289625 0.593151 0.982 -165.616 0 -0.0370497  0 -0.00750402 7
1388304871.313677214 -0.289037 0.589497 0.981 -165.648 0 -0.0365418  -0.0100001 -0.00558469 7
1388304871.413676726 -0.288421 0.586244 0.979 -165.697 0 -0.0325342  -0.0200001 -0.00855412 7
1388304871.513676540 -0.286981 0.581407 0.978 -165.715 0.0143955 -0.0483733  -0.01 -0.00313987 7
1388304871.613677794 -0.28579 0.5778 0.981 -165.783 0.0119151 -0.0360601  0.0299996 -0.0118696 7
1388304871.713677301 -0.284819 0.574184 0.98 -165.743 0 -0.0361656  -0.01 0.00698284 4
1388304871.813736319 -0.283274 0.571114 0.978 -165.759 0.0154389 -0.0306796  -0.0199882 -0.00279201 4
1388304871.913669234 -0.281498 0.567978 0.979 -165.721 0.0177702 -0.0313852  0.0100067 0.00663839 4
1388304872.013679451 -0.279515 0.565013 0.977 -165.679 0.0198269 -0.0296484  -0.019998 0.00732827 4
1388304872.113675891 -0.277253 0.563642 0.974 -165.677 0.0226239 -0.0137108  -0.0300011 0.000348887 4
1388304872.213675974 -0.275333 0.562438 0.969 -165.722 0.0192 -0.012035  -0.05 -0.00785366 4
1388304872.313672065 -0.273068 0.560998 0.967 -165.765 0.0226548 -0.0144043  -0.0200008 -0.00750508 4
1388304872.413684408 -0.270589 0.560295 0.963 -165.78 0.0247866 0  -0.0399951 -0.00261756 4
1388304872.513672242 -0.267158 0.560034 0.961 -165.818 0.0343071 0  -0.0200024 -0.00663208 4
1388304872.613676604 -0.263971 0.559933 0.959 -165.882 0.0318727 0  -0.0199991 -0.0111715 4
1388304872.713676657 -0.260062 0.560768 0.96 -165.875 0.0390911 0  0 0.00122239 4
1388304872.813676638 -0.257079 0.562186 0.96 -165.917 0.0298343 0.0141755  0 -0.00733168 4
1388304872.913670573 -0.25329 0.563542 0.96 -165.962 0.0378897 0.0135633  0 -0.00785414 4
1388304873.013685119 -0.249442 0.564934 0.957 -166.005 0.0384715 0.0139135  -0.0299956 -0.0075037 4
1388304873.113679423 -0.246198 0.566545 0.954 -166.045 0.0324476 0.0161138  -0.0300017 -0.00698054 4
1388304873.213677035 -0.241768 0.568846 0.953 -166.078 0.0442979 0.0230138  -0.0100002 -0.00576055 4
1388304873.313676940 -0.237724 0.571723 0.958 -166.097 0.040442 0.0287634  0.05 -0.00331564 4
1388304873.413666964 -0.234257 0.574993 0.965 -166.109 0.034669 0.0327121  0.070007 -0.00209345 4
1388304873.513676640 -0.230226 0.579373 0.964 -166.087 0.0403084 0.0437889  0 0.00383724 4
1388304873.613683612 -0.226999 0.583083 0.957 -166.09 0.0322643 0.0371007  -0.0699951 -0.000521943 4
1388304873.713674586 -0.223491 0.586291 0.943 -166.149 0.0350851 0.0320801  -0.140013 -0.0102994 4
1388304873.813676811 -0.218828 0.589441 0.934 -166.154 0.0466306 0.0315043  -0.089998 -0.000873497 4
1388304873.913670735 -0.215639 0.592637 0.93 -166.206 0.0318883 0.0319582  -0.0400024 -0.00907394 4
1388304874.013676721 -0.212037 0.594993 0.935 -166.268 0.0360243 0.0235592  0.049997 -0.0108224 4
1388304874.113677492 -0.208655 0.597224 0.939 -166.247 0.033813 0.0223139  0.0399997 0.00366714 4
1388304874.213677931 -0.205416 0.598776 0.947 -166.273 0.0323908 0.0155183  0.0799996 -0.00453801 4
1388304874.313669894 -0.20127 0.600611 0.955 -166.279 0.0414609 0.018349  0.0800064 -0.00104937 4
1388304874.413670293 -0.198194 0.601936 0.961 -166.265 0.0307645 0.0132538  0.0599998 0.00244477 4
1388304874.513677265 -0.195739 0.60381 0.965 -166.247 0.0245495 0.0187324  0.0399972 0.00314231 4
1388304874.613676221 -0.192843 0.605498 0.971 -166.209 0.0289596 0.0168799  0.0600006 0.00663134 4
1388304874.713676988 -0.190759 0.606215 0.973 -166.224 0.0208358 0  0.0199998 -0.00261787 4
1388304874.813681834 -0.187914 0.606894 0.973 -166.214 0.0284557 0  0 0.00174429 4
1388304875.006009685 -0.181586 0.605244 0.973 -166.089 0.0328997 0  0 0.0113435 4
1388304875.013668574 -0.181338 0.605185 0.973 -166.081 0.0323252 0  0 0.0182554 4
1388304875.113702354 -0.178148 0.604707 0.969 -166.073 0.0318963 0  -0.0399865 0.00139503 4
1388304875.213676700 -0.175821 0.605302 0.968 -166.013 0.0232736 0  -0.0100026 0.0104742 4
1388304875.313675378 -0.174759 0.605585 0.968 -165.958 0.0106176 0  0 0.00960082 4
1388304875.413684589 -0.174489 0.60631 0.968 -165.912 0 0  0 0.00802603 4
1388304875.513680858 -0.175657 0.606086 0.965 -165.881 -0.0116824 0  -0.0300011 0.00541175 4
1388304875.613664478 -0.17634 0.60626 0.964 -165.839 0 0  -0.0100016 0.00733022 4
1388304875.713676397 -0.177825 0.606615 0.962 -165.849 -0.0148479 0  -0.0199976 -0.00174416 4
1388304875.813677130 -0.179885 0.607316 0.963 -165.811 -0.0205959 0  0 0.00663122 4
1388304875.913677312 -0.180975 0.609657 0.964 -165.813 -0.0109016 0.0234165  0 -0.000348873 4
1388304876.013685078 -0.182526 0.61222 0.964 -165.812 -0.0155039 0.0256282  0 0.000175755 4
1388304876.113676861 -0.183436 0.613847 0.965 -165.815 0 0.0162711  0.0100008 -0.000524686 4
1388304876.213669527 -0.184188 0.61496 0.964 -165.812 0 0.0111258  -0.0100007 0.000524681 4
1388304876.313678717 -0.184829 0.616064 0.965 -165.86 0 0.0110461  0 -0.00837753 4
1388304876.413679826 -0.185415 0.618041 0.965 -165.834 0 0.019761  0 0.00453798 4
1388304876.513677331 -0.185804 0.620938 0.965 -165.837 0 0.0289787  0 -0.000524656 4
1388304876.613679240 -0.187253 0.623639 0.964 -165.888 -0.0144933 0.0270015  0 -0.00890011 4
1388304876.713671034 -0.188232 0.626514 0.966 -165.917 0 0.0287599  0.0200016 -0.00506308 4
1388304876.813689328 -0.189982 0.629223 0.965 -165.934 -0.017494 0.0270839  0 -0.00296622 4
1388304876.913669648 -0.191702 0.631583 0.964 -165.926 -0.0172038 0.0236021  -0.010002 0.00139843 4
1388304877.013665716 -0.192914 0.634181 0.967 -165.905 -0.0121193 0.025981  0.0300012 0.00366465 4
1388304877.113669196 -0.193645 0.636118 0.967 -165.889 0 0.0193737  0 0.0027909 4
1388304877.213677448 -0.195836 0.639338 0.969 -165.889 -0.0219097 0.0321947  0.0199983 0 4
1388304877.313681029 -0.196941 0.640744 0.971 -165.91 -0.0110495 0.0140564  0.0199993 -0.00366438 4
1388304877.413670816 -0.198843 0.642349 0.974 -165.864 -0.0190191 0.0160502  0.0300031 0.00803025 4
1388304877.513677344 -0.200273 0.644387 0.978 -165.863 -0.0142962 0.0203862  0.0399974 0.000173094 4
1388304877.613676960 -0.202172 0.646625 0.98 -165.84 -0.0189951 0.0223739  0.0200001 0.00401606 4
1388304877.713674895 -0.204245 0.648182 0.98 -165.83 -0.0207258 0.0155774  0 0.00174441 4
1388304877.813669507 -0.205397 0.650086 0.981 -165.8 -0.0115234 0.0190321  0.0100005 0.00523606 4
1388304877.913678951 -0.207187 0.652663 0.979 -165.765 -0.017894 0.0257741  -0.0199981 0.00610871 4
1388304878.013746750 0.363304 -0.582998 0.982 -0.0189972 0.0198798 -0.0132109  0.0299797 28.9085 4
1388304878.113758969 0.365075 -0.584392 0.982 -0.0789948 0.0177049 -0.0139348  0 -0.0104703 4
1388304878.213830174 0.365871 -0.586409 0.982 -0.0630035 0 -0.0201522  0 0.00278901 4
1388304878.313770981 0.36654 -0.588029 0.982 -0.115997 0 -0.016217  0 -0.00925464 4
1388304878.413728855 0.36628 -0.588872 0.982 -0.136002 0 0  0 -0.00349288 4
1388304878.513698078 0.365776 -0.589775 0.984 -0.182007 0 0  0.0200062 -0.0080319 4
1388304878.613694178 0.365223 -0.591535 0.985 -0.205002 0 -0.0176005  0.0100004 -0.00401354 4
1388304878.713705131 0.36401 -0.593518 0.983 -0.237 -0.0121368 -0.0198319  -0.0199978 -0.00558404 4
1388304878.813704162 0.36311 -0.596152 0.981 -0.246994 0 -0.0263385  -0.0200002 -0.00174439 4
1388304878.913703747 0.360951 -0.598401 0.978 -0.257996 -0.0215904 -0.0224891  -0.0300001 -0.00192015 4
1388304879.013702978 0.358397 -0.600483 0.977 -0.242996 -0.0255446 -0.0208171  -0.0100001 0.00261791 4
1388304879.113705626 0.356912 -0.601923 0.977 -0.317001 -0.0148471 -0.0144079  0 -0.012916 4
1388304879.213710345 0.355263 -0.603846 0.978 -0.328995 -0.0164918 -0.0192278  0 -0.00209315 4
1388304879.414145188 0.351034 -0.6066 0.979 -0.311005 -0.0210996 -0.0137382  0 0.00156653 3
1388304879.514413830 0.34843 -0.607675 0.978 -0.320007 -0.0259634 -0.0107217  0 -0.00156706 3
1388304879.614665922 0.347068 -0.610144 0.977 -0.279007 -0.0135852 -0.0246294  0 0.00713792 3
1388304879.714908738 0.345952 -0.614151 0.978 0.425995 -0.0111404 -0.0399711  0 0.122748 3
1388304879.815177721 0.345949 -0.619788 0.979 2.843 0 -0.0562157  0 0.420716 3
1388304879.915426885 0.352596 -0.622866 0.979 5.332 0.066311 -0.030704  0 0.433332 3
1388304880.015669934 0.363333 -0.621736 0.974 7.62399 0.107104 0.0112717  -0.0498788 0.399058 3
1388304880.296646920 0.454075 -0.556261 0.971 12.851 0.322953 0.233026  -0.010677 0.324683 3
1388304880.406786593 0.507079 -0.520341 0.978 14.426 0.481241 0.326128  0.0635557 0.249582 3
1388304880.507115729 0.564418 -0.477092 0.99 15.638 0.571506 0.431073  0.119606 0.210841 3
1388304880.607419723 0.624057 -0.430281 0.981 16.663 0.59459 0.466688  -0.0897272 0.178353 3
1388304880.707723317 0.682998 -0.383067 0.982 17.434 0.587617 0.470713  0 0.13416 3
1388304880.808022288 0.738507 -0.33941 0.981 18.451 0.553436 0.435267  0 0.176971 3
1388304880.908326634 0.791389 -0.304275 0.981 19.38 0.527218 0.350286  0 0.161649 3
1388304881.008619798 0.839049 -0.274801 0.989 20.306 0.475212 0.29388  0.0797662 0.161144 3
1388304881.108927771 0.878086 -0.25195 0.994 21.317 0.389168 0.227809  0.0498465 0.175911 3
1388304881.209230219 0.914163 -0.232328 0.997 22.331 0.359681 0.195629  0.0299095 0.176441 3
1388304881.309532708 0.948473 -0.214055 0.993 23.319 0.342065 0.182176  -0.0398794 0.17192 3
1388304881.409827705 0.982279 -0.197329 0.99 24.235 0.337065 0.166769  -0.0299118 0.159402 3
1388304881.510133406 1.01558 -0.178925 0.986 25.122 0.332029 0.183483  -0.0398781 0.154338 3
1388304881.610447273 1.05016 -0.157804 0.986 26.092 0.344688 0.210547  0 0.168767 3
1388304881.710756198 1.08506 -0.134487 0.987 27.027 0.347916 0.232448  0 0.162685 3
1388304881.811081425 1.12087 -0.109734 0.986 27.93 0.356947 0.246732  0 0.157092 3
1388304881.911393816 1.1675 -0.0809587 0.995 28.833 0.46482 0.286854  0.0897197 0.157112 3
1388304882.011706470 1.22085 -0.0495223 0.999 29.749 0.531871 0.313384  0.0398753 0.159374 3
1388304882.112011568 1.27256 -0.0159487 1.006 30.69 0.515569 0.334715  0.0697871 0.163738 3
1388304882.212325973 1.32453 0.0186687 1.01 31.646 0.518041 0.345089  0.0398746 0.166329 3
1388304882.312653887 1.37149 0.0527495 1.013 32.654 0.468039 0.339694  0.0299019 0.175356 3
1388304882.412945560 1.42306 0.0898353 1.018 33.726 0.514174 0.36978  0.0498546 0.186554 3
1388304882.513250746 1.4674 0.126557 1.021 34.697 0.442105 0.366096  0.0299087 0.168957 3
1388304882.613553540 1.49882 0.159233 1.023 35.518 0.31326 0.32578  0.0199396 0.142859 3
1388304882.713852943 1.54286 0.199389 1.024 36.271 0.4391 0.400362  0 0.131029 3
1388304882.814141490 1.58119 0.237917 1.029 36.9 0.382124 0.384164  0.0498561 0.109465 3
1388304882.914459384 1.6156 0.275826 1.027 37.435 0.343068 0.377889  -0.0199366 0.0930799 3
1388304883.014784089 1.65695 0.320011 1.025 37.887 0.412169 0.440425  -0.0199353 0.0786342 3
1388304883.115086625 1.69402 0.364235 1.023 38.215 0.36954 0.440905  -0.0199397 0.0570733 3
1388304883.215397292 1.72914 0.40727 1.02 38.482 0.35014 0.429018  -0.0299071 0.046457 3
1388304883.315696404 1.76042 0.453201 1.016 38.68 0.31185 0.457943  -0.0398807 0.0344541 3
1388304883.415978654 1.78861 0.499358 1.012 38.859 0.281093 0.460263  -0.0398874 0.0311536 3
1388304883.516301314 1.82648 0.547363 1.007 38.92 0.377478 0.478509  -0.0498392 0.0106117 3
1388304883.616629818 1.8574 0.590357 1.001 38.906 0.308245 0.428533  -0.0598035 -0.00243545 3
1388304883.716867488 1.89192 0.627714 1.006 38.816 0.344376 0.372683  0.0498814 -0.0156701 3
1388304883.817120388 1.93434 0.670731 0.992 38.701 0.423048 0.429083  -0.139647 -0.0200216 3
1388304883.917363503 1.97455 0.714407 0.978 38.695 0.401218 0.435706  -0.13966 -0.00104408 3
1388304884.017603568 2.00742 0.74888 0.971 38.593 0.327903 0.343897  -0.0698324 -0.0177593 3
1388304884.117841067 2.04489 0.785835 0.969 38.531 0.373736 0.368683  -0.0199526 -0.0107961 3
1388304884.218100563 2.07977 0.819031 0.967 38.504 0.347908 0.331093  -0.0199482 -0.00470027 3
1388304884.318363834 2.11444 0.850628 0.966 38.51 0.345866 0.315144  0 0.0010452 3
1388304884.418594253 2.14286 0.878716 0.962 38.507 0.283448 0.28024  -0.039908 -0.000523437 3
1388304884.518841057 2.17323 0.908165 0.96 38.508 0.302952 0.293757  -0.0199508 0.000174008 3
1388304884.619114370 2.20149 0.934627 0.955 38.506 0.281875 0.263902  -0.0498637 -0.000347923 3
1388304884.719430286 2.22798 0.959581 0.954 38.468 0.26406 0.248756  0 -0.00661039 3
1388304884.819670642 2.26603 0.993936 0.953 38.483 0.379576 0.342722  0 0.00261161 3
1388304884.919905710 2.30342 1.02781 0.955 38.46 0.373064 0.337961  0.0199531 -0.0040053 3
1388304885.020144812 2.33483 1.05556 0.951 38.405 0.313302 0.276787  -0.0399046 -0.00957647 3
1388304885.120386531 2.37745 1.0924 0.953 38.356 0.425231 0.367561  0.0199518 -0.00853079 3
1388304885.220626371 2.42325 1.13096 0.953 38.362 0.456913 0.384631  0 0.00104412 3
1388304885.320876146 2.46314 1.16549 0.943 38.357 0.397918 0.344451  -0.0997508 -0.000870012 3
1388304885.607055144 2.56035 1.23953 0.939 38.369 0.339672 0.258743  -0.0139773 0.000731446 3
1388304885.732785169 2.60523 1.27683 0.949 38.411 0.356942 0.296606  0.0795355 0.00583129 3
1388304885.833099457 2.63808 1.30283 0.946 38.484 0.327465 0.259255  -0.029906 0.0127006 3
1388304885.933396379 2.66872 1.32694 0.933 38.705 0.305534 0.240372  -0.129615 0.0384577 3
1388304886.033702786 2.69922 1.35166 0.93 38.92 0.304063 0.24647  -0.0299084 0.0374093 3
1388304886.134001141 2.7283 1.37569 0.934 39.178 0.289904 0.239546  0.039881 0.0448961 3
1388304886.234304613 2.76209 1.40685 0.933 39.393 0.336838 0.310688  0 0.0374104 3
1388304886.334608896 2.80016 1.44329 0.938 39.735 0.37957 0.363282  0.0498483 0.0595097 3
1388304886.434907532 2.83529 1.47541 0.944 40.083 0.35025 0.320266  0.0598214 0.0605565 3
1388304886.535231311 2.87437 1.51489 0.948 40.426 0.38952 0.393501  0.0398709 0.059672 3
1388304886.635543236 2.91396 1.55568 0.953 40.837 0.394735 0.406607  0.0498445 0.0715092 3
1388304886.735848443 2.95328 1.59699 0.954 41.251 0.391994 0.411803  0 0.072037 3
1388304886.836166675 2.98867 1.63462 0.957 41.635 0.35277 0.375132  0.0299048 0.0668085 3
1388304886.936463972 3.0244 1.67331 0.964 42.107 0.356206 0.385814  0.0697925 0.0821354 3
1388304887.036763807 3.05923 1.72011 0.967 42.487 0.347233 0.46651  0.0299103 0.0661238 3
1388304887.137078957 3.09062 1.75928 0.971 42.803 0.31297 0.390516  0.0398743 0.0549795 3
1388304887.237388576 3.12539 1.8011 0.974 43.091 0.346632 0.416867  0.0299074 0.0501094 3
1388304887.337683122 3.15694 1.85268 0.98 43.32 0.314598 0.51435  0.0598238 0.0398513 3
1388304887.437996396 3.18647 1.90057 0.982 43.458 0.294351 0.477407  0.0199375 0.0240104 3
1388304887.538298777 3.21554 1.93754 0.984 43.521 0.289806 0.368518  0.0199397 0.0109617 3
1388304887.638599753 3.24493 1.99598 0.989 43.492 0.293054 0.582651  0.04985 -0.00504615 3
1388304887.738901981 3.27438 2.04969 1.001 43.382 0.293618 0.535523  0.119638 -0.0191409 3
1388304887.839218694 3.29925 2.09106 1.006 43.134 0.247847 0.412399  0.0498421 -0.0431464 3
1388304887.939531839 3.32895 2.14047 0.999 42.814 0.29606 0.492585  -0.0697815 -0.0556761 3
1388304888.039849363 3.3587 2.18737 0.993 42.413 0.296613 0.467452  -0.0598101 -0.0697663 3
1388304888.140159099 3.38966 2.22856 0.988 42.007 0.308658 0.410702  -0.0498456 -0.0706426 3
1388304888.240463274 3.42127 2.26503 0.997 41.574 0.315138 0.363513  0.0897271 -0.0753433 3
1388304888.340761945 3.45536 2.30199 0.995 41.125 0.339874 0.3685  -0.0199404 -0.0781315 3
1388304888.441060762 3.48917 2.34088 0.993 40.747 0.337039 0.387767  -0.0199404 -0.0657766 3
1388304888.541374881 3.52249 2.37757 0.987 40.399 0.332234 0.365775  -0.0598121 -0.0605472 3
1388304888.641669513 3.5578 2.41342 0.985 39.98 0.352062 0.357467  -0.0199412 -0.0729156 3
1388304888.741977692 3.5914 2.44837 0.984 39.603 0.334903 0.348429  0 -0.0655966 3
1388304888.842436403 3.62625 2.48379 0.985 38.927 0.346941 0.352496  0 -0.117445 3
1388304888.942741136 3.65614 2.51415 0.987 37.925 0.297947 0.302723  0.0199392 -0.17435 3
1388304889.043039434 3.68568 2.54323 0.986 36.834 0.294605 0.28998  0 -0.18985 3
1388304889.143366101 3.7212 2.57717 0.994 35.736 0.35404 0.33827  0.0797395 -0.191014 3
1388304889.243676184 3.75882 2.60923 0.988 34.693 0.374961 0.319541  -0.0598145 -0.181475 3
1388304889.343973403 3.80254 2.64323 0.985 33.554 0.435959 0.33909  -0.0299111 -0.198203 3
1388304889.444284444 3.84358 2.672 0.984 32.559 0.409115 0.286788  0 -0.173121 3
1388304889.544592982 3.89422 2.70411 0.981 31.638 0.504845 0.320048  -0.0299077 -0.160251 3
1388304889.644905319 3.94701 2.73554 0.985 30.488 0.526217 0.31336  0.0398755 -0.200087 3
1388304889.745213541 3.99851 2.76243 0.979 29.505 0.513413 0.268058  -0.0598156 -0.171039 3
1388304889.845522514 4.05343 2.78888 0.975 28.601 0.547521 0.263698  -0.0398768 -0.157293 3
1388304889.945826235 4.10501 2.8108 0.969 27.612 0.514243 0.218575  -0.0598183 -0.17209 3
1388304890.046138186 4.15346 2.82841 0.962 26.682 0.483022 0.175533  -0.0697823 -0.16181 3
1388304890.146447740 4.19809 2.84331 0.957 25.693 0.44489 0.148522  -0.0498457 -0.172083 3
1388304890.246758844 4.23542 2.85312 0.95 24.759 0.372164 0.0978319  -0.0697829 -0.162507 3
1388304890.347055362 4.27365 2.86186 0.948 23.921 0.381146 0.0870907  -0.0199409 -0.145826 3
1388304890.447366140 4.31253 2.87029 0.948 23.116 0.387599 0.0840988  0 -0.140065 3
1388304890.547707472 4.35072 2.8766 0.947 22.32 0.380582 0.0628045  0 -0.138457 3
1388304890.925844396 4.57085 2.92372 0.963 19.576 0.582167 0.124615  0.0423127 -0.126652 3
1388304891.026158477 4.62991 2.93581 0.965 18.872 0.588715 0.120492  0.0199374 -0.122488 3
1388304891.126490974 4.69144 2.94912 0.966 18.143 0.613263 0.132683  0 -0.126811 3
1388304891.226816268 4.75334 2.96306 0.967 17.419 0.616971 0.139016  0 -0.125952 3
1388304891.327116051 4.81337 2.97713 0.972 16.59 0.598496 0.140238  0.0498506 -0.144257 3
1388304891.427405829 4.87321 2.98993 0.972 15.731 0.596661 0.127659  0 -0.149489 3
1388304891.527708088 4.93286 3.00282 0.971 14.876 0.594719 0.128464  0 -0.148778 3
1388304891.628032145 4.98992 3.01361 0.968 13.925 0.568742 0.107531  -0.0299031 -0.165443 3
1388304891.728338041 5.04507 3.02238 0.963 12.945 0.549842 0.0875035  -0.0498475 -0.170523 3
1388304891.828643313 5.09953 3.03095 0.959 11.992 0.542975 0.0854486  -0.0398783 -0.165822 3
1388304891.928935326 5.14179 3.03571 0.955 11.091 0.421346 0.0474346  -0.0398835 -0.156796 3
1388304892.029237846 5.18382 3.04072 0.952 10.119 0.419016 0.0499524  -0.0299095 -0.169134 3
1388304892.129533374 5.22827 3.04602 0.949 9.108 0.44325 0.0528442  -0.0299116 -0.175933 3
1388304892.229821927 5.26411 3.04906 0.943 8.24699 0.357339 0.0303036  -0.0598274 -0.149842 3
1388304892.330128880 5.30804 3.05299 0.938 7.293 0.437969 0.039133  -0.049847 -0.165994 3
1388304892.430433367 5.34947 3.05658 0.932 6.427 0.413046 0.0358423  -0.0598179 -0.150686 3
1388304892.530736818 5.38769 3.05939 0.928 5.492 0.380976 0.0280323  -0.039879 -0.162694 3
1388304892.631031016 5.43875 3.06311 0.926 4.57401 0.509135 0.0370333  -0.0199413 -0.159751 3
1388304892.731339314 5.49121 3.0668 0.922 3.612 0.522952 0.0368024  -0.0398771 -0.167386 3
1388304892.831635391 5.54119 3.07001 0.92 2.758 0.498397 0.0319675  -0.019941 -0.148612 3
1388304892.931925996 5.59224 3.07126 0.921 1.782 0.508993 0.0125048  0 -0.16985 3
1388304893.032224229 5.6447 3.07348 0.919 0.901001 0.523047 0.0221767  -0.0199405 -0.153306 3
1388304893.132529417 5.69238 3.0753 0.923 0.0189972 0.475381 0.0180619  0.0398783 -0.15347 3
1388304893.232835461 5.73314 3.07486 0.928 -0.850006 0.406326 0  0.0498474 -0.151207 3
1388304893.333156203 5.77662 3.07405 0.924 -1.647 0.433371 0  -0.0398721 -0.138657 3
1388304893.433475018 5.81805 3.07295 0.921 -2.47099 0.413026 -0.0109688  -0.0299047 -0.143356 3
1388304893.533779890 5.85636 3.07029 0.921 -3.25999 0.381875 -0.0264687  0 -0.137288 3
1388304893.634087795 5.89908 3.0686 0.922 -4.034 0.425963 -0.0169096  0 -0.134674 3
1388304893.734395338 5.94647 3.06598 0.925 -4.804 0.472396 -0.0260687  0.029908 -0.133979 3
1388304893.834700217 5.99141 3.06051 0.923 -5.515 0.448027 -0.0545378  -0.0199392 -0.123715 3
1388304893.935000209 6.03997 3.05371 0.924 -6.22301 0.484141 -0.0678194  0 -0.123201 3
1388304894.035320559 6.09186 3.04667 0.924 -6.916 0.51729 -0.0701423  0 -0.120564 3
1388304894.135623061 6.14485 3.04118 0.924 -7.631 0.52831 -0.0547667  0 -0.124414 3
1388304894.235939432 6.19262 3.03351 0.928 -8.34399 0.476143 -0.0764247  0.0398739 -0.124049 3
1388304894.336247591 6.24137 3.02353 0.928 -9.153 0.486072 -0.0995801  0 -0.140764 3
1388304894.436558193 6.2904 3.01327 0.929 -9.89 0.488766 -0.102247  0 -0.128232 3
1388304894.536861483 6.33913 3.00347 0.926 -10.675 0.485759 -0.0976808  -0.0299093 -0.136595 3
1388304894.637160525 6.38444 2.99533 0.925 -11.34 0.451772 -0.0811426  0 -0.115717 3
1388304894.737458243 6.43019 2.98825 0.925 -12.084 0.45619 -0.070667  0 -0.129468 3
1388304894.837756604 6.48232 2.97935 0.924 -12.821 0.519676 -0.0886766  0 -0.128248 3
1388304894.938062499 6.52883 2.96977 0.922 -13.556 0.463758 -0.0954865  -0.019939 -0.127891 3
1388304895.038378967 6.57272 2.96165 0.92 -14.208 0.437466 -0.0810243  -0.0199369 -0.113438 3
1388304895.138694239 6.62562 2.95676 0.921 -14.851 0.527351 -0.0487252  0 -0.11187 3
1388304895.238996203 6.6773 2.9523 0.921 -15.45 0.515208 -0.044459  0 -0.10423 3
1388304895.339294589 6.73189 2.94866 0.918 -16.037 0.544321 -0.0362986  -0.0299108 -0.102147 3
1388304895.439619064 6.78437 2.95258 0.919 -16.543 0.52308 0.0391316  0 -0.0880275 3
1388304895.539951522 6.83433 2.94694 0.915 -17.195 0.497993 -0.0562634  -0.0398675 -0.11342 3
1388304895.640264787 6.88831 2.93409 0.915 -17.754 0.538096 -0.128045  0 -0.0972576 3
1388304895.740569968 6.93463 2.90735 0.914 -18.279 0.461792 -0.266598  0 -0.0913526 3
1388304895.840868145 6.97227 2.87438 0.912 -18.681 0.375248 -0.328756  -0.0199405 -0.0699524 3
1388304895.941168462 7.01279 2.83708 0.91 -18.876 0.403987 -0.371835  -0.0199401 -0.0339333 3
1388304896.226495258 7.12727 2.74744 0.898 -18.653 0.401244 -0.314167  -0.042057 0.0136412 3
1388304896.326834047 7.16824 2.71837 0.898 -18.414 0.408325 -0.289771  0 0.0415722 3
1388304896.427144848 7.21018 2.69266 0.896 -18.028 0.418051 -0.25627  -0.019938 0.0671612 3
1388304896.527463044 7.24923 2.67275 0.895 -17.703 0.389307 -0.198498  0 0.0565428 3
1388304896.627762278 7.28863 2.65718 0.896 -17.316 0.39277 -0.155206  0 0.0673442 3
1388304896.728069668 7.33293 2.64425 0.895 -16.99 0.441649 -0.128897  0 0.0567214 3
1388304896.828390383 7.37549 2.63326 0.896 -16.655 0.424233 -0.109609  0 0.0582828 3
1388304896.928699375 7.41886 2.6221 0.896 -16.385 0.432359 -0.11118  0 0.0469795 3
1388304897.029002500 7.46764 2.61007 0.896 -16.229 0.486338 -0.12001  0 0.0271432 3
1388304897.129309147 7.51614 2.59699 0.901 -16.193 0.483477 -0.130356  0.0498471 0.00626585 3
1388304897.229613825 7.56437 2.58116 0.906 -16.197 0.480912 -0.157833  0.0498481 -0.000698284 3
1388304897.329927165 7.61405 2.5623 0.911 -16.238 0.495196 -0.187964  0.0498438 -0.00713356 3
1388304897.430251622 7.66457 2.54292 0.917 -16.395 0.503551 -0.193206  0.059806 -0.0273126 3
1388304897.530540955 7.71504 2.52421 0.921 -16.494 0.50328 -0.18653  0.0398846 -0.0172287 3
1388304897.630858072 7.76552 2.50627 0.924 -16.658 0.503193 -0.178894  0.0299052 -0.0285332 3
1388304897.731177006 7.81465 2.48945 0.93 -16.813 0.489724 -0.167684  0.0598092 -0.0269664 3
1388304897.831509787 7.86837 2.4735 0.97 -16.993 0.535396 -0.158896  0.398673 -0.0313105 3
1388304897.931816807 7.92473 2.45706 0.942 -17.122 0.561961 -0.163971  -0.279143 -0.0224455 3
1388304898.032149169 7.97578 2.44284 0.927 -17.236 0.508767 -0.141679  -0.149503 -0.0198332 3
1388304898.132462489 8.02473 2.43089 0.92 -17.361 0.488014 -0.119139  -0.0697814 -0.0217485 3
1388304898.232802135 8.07581 2.41753 0.918 -17.398 0.509029 -0.133121  -0.0199323 -0.00643365 3
1388304898.333097273 8.12316 2.40407 0.914 -17.424 0.4721 -0.134176  -0.0398823 -0.00452467 3
1388304898.433400368 8.16546 2.39199 0.913 -17.516 0.421729 -0.120485  0 -0.0160103 3
1388304898.533685907 8.20978 2.37808 0.913 -17.542 0.441961 -0.138717  0 -0.00452511 3
1388304898.633981029 8.25756 2.36308 0.914 -17.581 0.47633 -0.149585  0 -0.00678435 3
1388304898.734283068 8.30546 2.34973 0.922 -17.571 0.477607 -0.133089  0.0797591 0.00173912 3
1388304898.834589228 8.34983 2.33737 0.921 -17.514 0.442308 -0.123219  0 0.00991655 3
1388304898.934885007 8.39828 2.324 0.918 -17.382 0.483082 -0.133311  -0.0299115 0.0229711 3
1388304899.035186353 8.45094 2.31152 0.919 -17.251 0.525032 -0.124422  0 0.0227945 3
1388304899.135510473 8.50376 2.30074 0.916 -17.116 0.526458 -0.107468  -0.0299031 0.0234875 3
1388304899.235807458 8.55448 2.28914 0.915 -17.074 0.505779 -0.115627  0 0.00730732 3
1388304899.336091622 8.60695 2.27842 0.916 -17.056 0.523167 -0.106841  0 0.00313363 3
1388304899.436384639 8.66108 2.26878 0.916 -17.035 0.539732 -0.0961146  0 0.0036538 3
1388304899.536682388 8.71458 2.25981 0.914 -16.975 0.533427 -0.0894385  -0.0199406 0.0104405 3
1388304899.636970833 8.76321 2.25077 0.917 -16.964 0.484833 -0.0901992  0.0299137 0.00191462 3
1388304899.737260640 8.81795 2.24236 0.915 -16.968 0.545885 -0.0838213  -0.0199422 -0.000695732 3
1388304899.837556434 8.87333 2.23294 0.914 -16.975 0.552174 -0.0939265  0 -0.00121879 3
1388304899.937844597 8.92851 2.2308 0.915 -17.004 0.550226 -0.0213265  0 -0.00504547 3
1388304900.038144656 8.98276 2.23032 0.907 -17.054 0.54082 0  -0.0797607 -0.00870107 3
1388304900.138432590 9.03943 2.22898 0.897 -17.172 0.565128 -0.0134331  -0.0997129 -0.0205351 3
1388304900.238714502 9.0979 2.22808 0.89 -17.371 0.582972 0  -0.0698032 -0.0346353 3
1388304900.338998840 9.15617 2.22621 0.881 -17.641 0.581046 -0.018657  -0.0897448 -0.046991 3
1388304900.439316017 9.20907 2.22244 0.874 -18.068 0.527396 -0.0375753  -0.0697787 -0.0742876 3
1388304900.539599810 9.25977 2.22575 0.873 -18.557 0.50559 0.0330075  0 -0.0851075 3
1388304900.639899461 9.31226 2.22244 0.866 -19.113 0.523337 -0.0329984  -0.0697909 -0.0967504 3
1388304900.740186000 9.36723 2.2192 0.858 -19.722 0.548056 -0.032286  -0.0797714 -0.105986 3
1388304900.840496207 9.41946 2.21361 0.854 -20.392 0.520752 -0.0557083  -0.0398763 -0.116575 3
1388304900.940797197 9.46613 2.2042 0.849 -21.175 0.465219 -0.0938711  -0.04985 -0.13625 3
1388304901.041091417 9.51405 2.19179 0.849 -22.005 0.47781 -0.123678  0 -0.144438 3
1388304901.141389457 9.56022 2.17692 0.849 -22.77 0.460401 -0.148271  0 -0.133121 3
1388304901.510310913 9.7073 2.0852 0.859 -25.241 0.398665 -0.248626  0.027106 -0.1169 3
1388304901.635661142 9.75043 2.052 0.865 -25.837 0.34406 -0.264845  0.0478659 -0.0829859 3
1388304901.735971805 9.78668 2.01935 0.894 -26.072 0.361422 -0.325487  0.289102 -0.0408883 3
1388304901.836276894 9.82209 1.98487 0.875 -26.052 0.353011 -0.343754  -0.189422 0.00348078 3
1388304901.936584659 9.85713 1.949 0.866 -25.901 0.349347 -0.357562  -0.0897239 0.0262738 3
1388304902.036891147 9.89654 1.91135 0.867 -25.563 0.392823 -0.375362  0 0.0588114 3
1388304902.137196193 9.93863 1.87331 0.866 -25.17 0.419681 -0.379206  0 0.0683838 3
1388304902.237512430 9.98354 1.83625 0.865 -24.636 0.447644 -0.369494  0 0.0929062 3
1388304902.337839043 10.0282 1.79935 0.866 -24.021 0.444858 -0.367818  0 0.106989 3
1388304902.438184231 10.0661 1.76805 0.863 -23.33 0.378442 -0.311869  -0.0298968 0.120186 3
1388304902.538483534 10.1046 1.73787 0.861 -22.624 0.382921 -0.300933  -0.0199403 0.122851 3
1388304902.638791190 10.143 1.70895 0.853 -21.965 0.383416 -0.288296  -0.0797546 0.114666 3
1388304902.739104713 10.1785 1.68251 0.845 -21.299 0.353308 -0.263526  -0.07975 0.115876 3
1388304902.839422792 10.2137 1.65484 0.842 -20.67 0.351786 -0.27584  -0.0299049 0.109433 3
1388304902.939721369 10.2581 1.63214 0.835 -19.902 0.44253 -0.226328  -0.0697916 0.133641 3
1388304903.040021340 10.2993 1.61196 0.83 -19.278 0.410115 -0.20118  -0.0498505 0.108584 3
1388304903.140372174 10.3376 1.59215 0.826 -18.61 0.38196 -0.197489  -0.0398602 0.11618 3
1388304903.240668850 10.3817 1.56991 0.824 -18.064 0.439441 -0.221674  -0.0199408 0.095014 3
1388304903.340958038 10.4254 1.54789 0.827 -17.528 0.436429 -0.219549  0.0299135 0.0932791 3
1388304903.441299795 10.4665 1.52854 0.826 -16.892 0.408904 -0.192891  0 0.110625 3
1388304903.541544981 10.5078 1.50979 0.832 -16.343 0.412651 -0.187  0.0598532 0.0955835 3
1388304903.641790702 10.5517 1.49207 0.84 -15.819 0.438 -0.17676  0.0798039 0.0912314 3
1388304903.742057087 10.5968 1.47603 0.847 -15.385 0.449154 -0.160038  0.069814 0.075547 3
1388304903.842302595 10.6427 1.46041 0.857 -14.971 0.457925 -0.155778  0.0997551 0.0720799 3
1388304903.942550616 10.6926 1.44627 0.866 -14.639 0.498344 -0.141093  0.0897773 0.057799 3
1388304904.042811765 10.7447 1.43399 0.875 -14.523 0.51887 -0.122436  0.0897656 0.0201953 3
1388304904.143072005 10.7917 1.4232 0.883 -14.53 0.468923 -0.107679  0.0797923 -0.00121922 3
1388304904.243319678 10.8406 1.41171 0.892 -14.603 0.487793 -0.114584  0.0897776 -0.0127091 3
1388304904.343570323 10.8906 1.39982 0.914 -14.62 0.498626 -0.118575  0.21945 -0.00295934 3
1388304904.443828357 10.9436 1.38753 0.898 -14.623 0.528585 -0.122605  -0.159588 -0.000523292 3
1388304904.544100139 10.9993 1.37552 0.891 -14.66 0.555585 -0.119788  -0.0698103 -0.00644066 3
1388304904.644348575 11.0462 1.36479 0.891 -14.731 0.467811 -0.106999  0 -0.012361 3
1388304904.744602540 11.1031 1.35419 0.89 -14.818 0.568044 -0.10578  0 -0.0151442 3
1388304904.844855997 11.1621 1.34271 0.893 -14.989 0.588498 -0.114508  0.0299242 -0.0297706 3
1388304904.945113566 11.2118 1.33357 0.893 -15.274 0.495801 -0.0910937  0 -0.0496147 3
1388304905.045348264 11.2685 1.32363 0.895 -15.707 0.565643 -0.0992173  0.0199532 -0.0753956 3
1388304905.145610827 11.328 1.31198 0.896 -16.208 0.593074 -0.116191  0 -0.0872132 3
1388304905.245862907 11.3809 1.30434 0.895 -16.842 0.528058 -0.0761909  0 -0.110373 3
1388304905.346104641 11.4355 1.29563 0.893 -17.504 0.544178 -0.0869069  -0.0199518 -0.115263 3
1388304905.446373633 11.4941 1.28706 0.891 -18.227 0.584483 -0.0854724  -0.0199463 -0.12585 3
1388304905.546632954 11.5454 1.28208 0.888 -18.943 0.51242 -0.0496518  -0.0299224 -0.12464 3
1388304905.646887514 11.5945 1.26819 0.885 -19.674 0.48966 -0.138597  -0.0299238 -0.12726 3
1388304905.747129511 11.6317 1.25568 0.883 -20.342 0.370302 -0.124737  -0.0199517 -0.116306 3
1388304905.847414553 11.6483 1.24914 0.88 -20.933 0.165927 -0.0652023  -0.0299147 -0.102856 3
1388304905.947678175 11.6704 1.24049 0.878 -21.465 0.220877 -0.0863615  -0.0199474 -0.092607 3
1388304906.047948838 11.7022 1.23018 0.873 -21.998 0.317065 -0.10277  -0.049865 -0.0927758 3
1388304906.148213247 11.7464 1.21035 0.869 -22.42 0.440831 -0.197746  -0.0398945 -0.0734582 3
1388304906.248464824 11.8009 1.18414 0.862 -22.747 0.543619 -0.261479  -0.0698243 -0.0569283 3
1388304906.348715440 11.8579 1.15587 0.861 -23.097 0.567715 -0.281989  0 -0.0609349 3
1388304906.448965331 11.9157 1.12461 0.859 -23.45 0.57721 -0.311774  -0.0199501 -0.061456 3
1388304906.549210996 11.9734 1.09288 0.86 -23.661 0.575003 -0.316602  0 -0.0367359 3
1388304906.836112827 12.1189 0.990359 0.853 -23.544 0.507451 -0.357329  -0.0243986 0.00711688 3
1388304906.936398535 12.1658 0.956582 0.847 -23.463 0.467306 -0.336806  -0.0598291 0.0140984 3
1388304907.036662977 12.2098 0.922821 0.839 -23.204 0.439188 -0.336711  -0.079789 0.0450853 3
1388304907.136902820 12.2524 0.890799 0.845 -22.931 0.424898 -0.319456  0.0598564 0.0475326 3
1388304907.237173642 12.2937 0.859601 0.831 -22.633 0.411529 -0.311137  -0.139622 0.0518711 3
1388304907.337427176 12.3344 0.829782 0.816 -22.118 0.406036 -0.29744  -0.149621 0.089657 3
1388304907.437682754 12.3775 0.800355 0.81 -21.68 0.42957 -0.293515  -0.059847 0.0762485 3
1388304907.537937524 12.4179 0.774078 0.803 -21.054 0.403533 -0.262102  -0.0698221 0.108981 3
1388304907.638190802 12.4595 0.749481 0.809 -20.311 0.414221 -0.245349  0.0598484 0.12935 3
1388304907.738458815 12.5023 0.726755 0.808 -19.563 0.427314 -0.226652  0 0.130202 3
1388304907.838715378 12.5488 0.704452 0.807 -18.71 0.463861 -0.222468  0 0.148495 3
1388304907.939004554 12.598 0.683167 0.808 -17.87 0.490978 -0.212231  0 0.146187 3
1388304908.039304310 12.6475 0.664172 0.81 -17.105 0.492849 -0.189386  0.0199402 0.133119 3
1388304908.139586530 12.6977 0.647428 0.803 -16.495 0.501168 -0.166964  -0.069803 0.106166 3
1388304908.239852464 12.7492 0.632045 0.807 -15.983 0.513253 -0.153428  0.0398939 0.0891227 3
1388304908.340093317 12.7919 0.622651 0.807 -15.415 0.426182 -0.0937131  0 0.098898 3
1388304908.440375264 12.8374 0.613543 0.809 -15.024 0.453816 -0.0908258  0.0199438 0.068049 3
1388304908.540629210 12.8826 0.604818 0.804 -14.784 0.450915 -0.0870223  -0.0498733 0.0417828 3
1388304908.640875113 12.9242 0.597052 0.804 -14.619 0.414839 -0.0774701  0 0.0287261 3
1388304908.741141176 12.9663 0.59021 0.804 -14.458 0.420132 -0.0682387  0 0.0280244 3
1388304908.841387881 13.009 0.580993 0.82 -14.392 0.425355 -0.0919491  0.159606 0.0114925 3
1388304908.941659715 13.0543 0.572414 0.806 -14.33 0.451696 -0.0855563  -0.13962 0.0107911 3
1388304909.041903483 13.1041 0.560508 0.801 -14.264 0.497368 -0.118768  -0.0498784 0.0114902 3
1388304909.142226893 13.1553 0.545836 0.8 -14.159 0.509994 -0.146241  0 0.0182688 3
1388304909.242483777 13.2075 0.53055 0.806 -14.092 0.520151 -0.152471  0.0598463 0.011664 3
1388304909.342741198 13.259 0.516273 0.814 -14.051 0.514169 -0.142402  0.0797946 0.00713754 3
1388304909.442994370 13.3072 0.503125 0.817 -13.974 0.481114 -0.131147  0.0299242 0.0134044 3
1388304909.543267029 13.3568 0.48955 0.825 -13.82 0.494092 -0.135384  0.0797825 0.0268035 3
1388304909.643510842 13.4004 0.478724 0.833 -13.59 0.435179 -0.107994  0.0798054 0.0400469 3
1388304909.743774884 13.441 0.469791 0.841 -13.452 0.404411 -0.0890998  0.0797893 0.0240222 3
1388304909.844030153 13.4798 0.463055 0.846 -13.359 0.387193 -0.0671913  0.0498727 0.0161906 3
1388304909.944284751 13.5226 0.45643 0.851 -13.378 0.427391 -0.0660813  0.049873 -0.00330987 3
1388304910.044540600 13.568 0.452112 0.858 -13.432 0.452853 -0.0430647  0.0698214 -0.00940088 3
1388304910.144833558 13.6178 0.447099 0.862 -13.6 0.496713 -0.0499821  0.0398832 -0.0292358 3
1388304910.245175522 13.6751 0.441979 0.865 -13.688 0.57061 -0.0510235  0.0298978 -0.0153061 3
1388304910.345478030 13.733 0.43426 0.87 -13.852 0.577771 -0.0769603  0.0498492 -0.0285373 3
1388304910.445731432 13.7921 0.425519 0.873 -14.228 0.588678 -0.0871903  0.0299242 -0.0654571 3
1388304910.545988371 13.8493 0.416744 0.876 -15.204 0.570956 -0.0875293  0.0299231 -0.169907 3
1388304910.646241317 13.9045 0.406849 0.876 -16.381 0.551029 -0.0986911  0 -0.204907 3
1388304910.746495405 13.9586 0.395301 0.878 -17.763 0.538725 -0.115191  0.0199493 -0.240594 3
1388304910.836359625 14.0053 0.383154 0.878 -18.735 0.519668 -0.13517  0 -0.18878 8
1388304910.936308644 14.0465 0.369045 0.876 -19.422 0.412497 -0.141161  -0.0200102 -0.119965 8
1388304911.036344062 14.087 0.352516 0.875 -19.676 0.40531 -0.165234  0 -0.0443153 8
1388304911.136332006 14.1197 0.336978 0.875 -19.705 0.327065 -0.155403  0 -0.00506328 8
1388304911.236305270 14.1396 0.325854 0.878 -19.604 0.19879 -0.111265  0.030008 0.0176322 8
1388304911.336292035 14.1499 0.316743 0.874 -19.453 0.102965 -0.0911259  -0.0400053 0.0263581 4
1388304911.436356999 14.1565 0.30927 0.868 -19.313 0.0661379 -0.07468  -0.059961 0.0244186 4
1388304911.536338305 14.1594 0.299029 0.845 -19.258 0.0284709 -0.102426  -0.230043 0.00960249 9
1388304911.636272075 14.1611 0.288148 0.802 -19.269 0.0178153 -0.108886  -0.430285 -0.00192141 9
1388304911.736338872 14.1621 0.278408 0.742 -19.259 0 -0.0973301  -0.599599 0.00174321 9
1388304911.836279413 14.1619 0.269659 0.679 -19.33 0 -0.0875499  -0.630375 -0.0123991 9
1388304912.128473148 14.1567 0.26268 0.455 -20 -0.0176312 -0.0238846  -0.766615 -0.0400203 9
1388304912.211848829 14.1553 0.260823 0.387 -20.27 -0.0169705 -0.022268  -0.815586 -0.0565208 9
1388304912.311996105 14.141 0.263767 0.308 -20.562 -0.142797 0.0293977  -0.788838 -0.0508873 9
1388304912.411968442 14.0972 0.279845 0.237 -20.803 -0.438087 0.160826  -0.710196 -0.0420736 9
1388304912.511906412 14.0367 0.308713 0.182 -21.008 -0.605095 0.288855  -0.550341 -0.0358018 9
1388304912.611916634 14.0017 0.323137 0.112 -21.144 -0.350045 0.144225  -0.699928 -0.0237343 9
1388304912.711968935 13.9731 0.341232 0.037 -21.266 -0.285562 0.180855  -0.749608 -0.0212835 9
1388304912.811915276 13.9731 0.341232 0 -21.612 0 0  -0.370199 -0.0604196 2
1388304912.911970185 13.9731 0.341232 0 -21.347 0 0  0 0.0462257 2
1388304913.011969907 13.9731 0.341232 0 -21.31 0 0  0 0.00645818 2
1388304913.111905643 13.9731 0.341232 0 -21.299 0 0  0 0.00192137 2
1388304913.211944184 13.9731 0.341232 0 -21.294 0 0  0 0.000870518 2
1388304913.311914161 13.9731 0.341232 0 -21.304 0 0  0 -0.00174489 2
1388304913.411966108 13.9731 0.341232 0 -21.295 0 0  0 0.00157045 2
1388304913.511963303 13.9731 0.341232 0 -21.287 0 0  0 0.00139554 2
1388304913.611934120 13.9731 0.341232 0 -21.28 0 0  0 0.00122275 2
1388304913.711962864 13.9731 0.341232 0 -21.27 0 0  0 0.00174387 2
1388304913.811904561 13.9731 0.341232 0 -21.263 0 0  0 0.0012231 2
1388304913.911943665 13.9731 0.341232 0 -21.254 0 0  0 0.00157065 2
1388304914.011915793 13.9731 0.341232 0 -21.245 0 0  0 0.0015717 2
1388304914.111940585 13.9731 0.341232 0 -21.239 0 0  0 0.00104636 2
1388304914.211933758 13.9731 0.341232 0 -21.231 0 0  0 0.00139559 2
1388304914.311931104 13.9731 0.341232 0 -21.221 0 0  0 0.00174708 2
1388304914.411939518 13.9731 0.341232 0 -21.21 0 0  0 0.00191731 2
1388304914.511942187 13.9731 0.341232 0 -21.203 0 0  0 0.00122236 2
1388304914.611906249 13.9731 0.341232 0 -21.197 0 0  0 0.001047 2
1388304914.711946446 13.9731 0.341232 0 -21.19 0 0  0 0.0012219 2
1388304914.811937395 13.9731 0.341232 0 -21.182 0 0  0 0.00139562 2
1388304914.911976430 13.9731 0.341232 0 -21.173 0 0  0 0.00157065 2
1388304915.011973087 13.9731 0.341232 0 -21.164 0 0  0 0.00157132 2
1388304915.111945125 13.9731 0.341232 0 -21.155 0 0  0 0.0015717 2
1388304915.212000927 13.9731 0.341232 0 -21.154 0 0  0 0.000173009 2
