11.5132 1.03242 0.9 29.328
11.5626 1.02084 0.90004 29.428
11.612 1.01005 0.899098 29.528
11.6618 1.00143 0.897518 29.628
11.7119 0.995603 0.895531 29.728
11.7627 0.993425 0.895486 29.828
11.8132 0.990981 0.894425 29.928
11.8636 0.986503 0.892703 30.028
11.9135 0.979304 0.890556 30.128
11.9628 0.969204 0.888147 30.228
12.0113 0.956245 0.885583 30.328
12.0603 0.94348 0.884434 30.428
12.1087 0.928914 0.881947 30.528
12.1568 0.913442 0.878628 30.628
12.2046 0.897494 0.874824 30.728
12.2522 0.881287 0.870772 30.828
12.2997 0.864934 0.866633 30.928
12.3472 0.848495 0.862513 31.028
12.3946 0.83201 0.858482 31.128
12.4419 0.815499 0.854584 31.228
12.4893 0.798979 0.850847 31.328
12.5366 0.78246 0.847286 31.428
12.5839 0.76595 0.843907 31.528
12.6312 0.749455 0.840713 31.628
12.6784 0.732978 0.837702 31.728
12.7257 0.716524 0.834869 31.828
12.773 0.700094 0.832207 31.928
12.8203 0.683689 0.829712 32.028
12.8675 0.66731 0.827375 32.128
12.9148 0.650958 0.825189 32.228
12.9621 0.634633 0.823147 32.328
13.0094 0.618334 0.821241 32.428
13.0567 0.602062 0.819465 32.528
13.104 0.585816 0.817812 32.628
13.1513 0.569595 0.816275 32.728
13.1986 0.553399 0.814847 32.828
13.2459 0.537227 0.813524 32.928
13.2932 0.521077 0.812299 33.028
13.3406 0.50495 0.811167 33.128
13.3879 0.488845 0.810124 33.228
13.4353 0.47276 0.809163 33.328
13.4826 0.456695 0.808281 33.428
13.53 0.440649 0.807474 33.528
13.5773 0.424622 0.806736 33.628
13.6247 0.408612 0.806066 33.728
13.6721 0.392618 0.805458 33.828
13.7195 0.376641 0.804909 33.928
13.7669 0.360679 0.804416 34.028
13.8142 0.344732 0.803977 34.128
13.8616 0.328799 0.803587 34.228
13.909 0.312879 0.803245 34.328
13.9564 0.296972 0.802948 34.428
14.0038 0.281077 0.802693 34.528
14.0513 0.265194 0.802478 34.628
14.0987 0.249322 0.802301 34.728
14.1461 0.233461 0.802159 34.828
14.1935 0.217609 0.802052 34.928
14.2409 0.201768 0.801976 35.028
14.2884 0.185936 0.80193 35.128
14.3358 0.170112 0.801913 35.228
14.3832 0.154297 0.801923 35.328
14.4307 0.13849 0.801958 35.428
14.4781 0.122691 0.802017 35.528
14.5255 0.106899 0.802099 35.628
14.573 0.091114 0.802203 35.728
14.6215 0.0772558 0.803643 35.828
14.6697 0.06257 0.804549 35.928
14.7181 0.0487092 0.805092 36.028
14.7669 0.0365158 0.805391 36.128
14.8161 0.0264244 0.805526 36.228
14.8657 0.0186597 0.805551 36.328
