15.0304 -0.747086 0.956 31.8
15.0673 -0.704794 0.951219 31.9
15.1142 -0.685502 0.94789 32
15.1619 -0.680881 0.945535 32.1
15.2084 -0.685621 0.943834 32.2
15.2532 -0.696639 0.942569 32.3
15.2967 -0.712076 0.941594 32.4
15.3392 -0.730728 0.940809 32.5
15.3808 -0.751761 0.940147 32.6
15.422 -0.774577 0.939563 32.7
15.4627 -0.798733 0.939026 32.8
15.5033 -0.8239 0.938516 32.9
15.5437 -0.849846 0.938019 33
15.5841 -0.876412 0.937526 33.1
15.6244 -0.903505 0.937032 33.2
15.6646 -0.931085 0.936533 33.3
15.6662 -0.867692 0.930624 33.4
15.6691 -0.814282 0.925895 33.5
15.6742 -0.769388 0.922024 33.6
15.682 -0.731638 0.918781 33.7
15.695 -0.700635 0.916002 33.8
15.7136 -0.675681 0.913569 33.9
15.7373 -0.65604 0.911394 34
15.7653 -0.640976 0.909415 34.1
15.7968 -0.62976 0.907584 34.2
15.8312 -0.621709 0.905867 34.3
15.8681 -0.616204 0.904237 34.4
15.907 -0.612704 0.902676 34.5
15.9476 -0.610746 0.901169 34.6
15.9896 -0.609938 0.899704 34.7
16.0328 -0.609952 0.898273 34.8
16.0771 -0.610519 0.896871 34.9
16.1223 -0.611415 0.895491 35
16.1682 -0.612461 0.89413 35.1
16.2148 -0.613511 0.892785 35.2
16.2619 -0.614449 0.891454 35.3
16.3095 -0.615185 0.890134 35.4
16.3574 -0.615647 0.888824 35.5
16.4057 -0.615783 0.887523 35.6
16.4543 -0.615552 0.886231 35.7
16.503 -0.614928 0.884945 35.8
16.552 -0.613892 0.883666 35.9
16.6011 -0.612433 0.882393 36
16.6504 -0.610545 0.881125 36.1
16.6997 -0.608229 0.879863 36.2
16.7492 -0.605488 0.878605 36.3
16.7986 -0.602329 0.877352 36.4
16.8481 -0.598762 0.876103 36.5
16.8977 -0.594795 0.874859 36.6
16.9473 -0.590441 0.873618 36.7
16.9968 -0.585713 0.872381 36.8
17.0464 -0.580623 0.871148 36.9
17.0959 -0.575186 0.869918 37
17.1455 -0.569413 0.868691 37.1
17.195 -0.563319 0.867468 37.2
17.2445 -0.556917 0.866248 37.3
17.294 -0.550219 0.865031 37.4
17.3434 -0.543239 0.863816 37.5
17.3928 -0.535989 0.862604 37.6
17.4422 -0.528481 0.861395 37.7
17.4916 -0.520726 0.860189 37.8
17.5409 -0.512736 0.858984 37.9
17.5902 -0.50452 0.857782 38
17.6395 -0.49609 0.856583 38.1
17.6887 -0.487455 0.855385 38.2
17.7379 -0.478625 0.85419 38.3
17.7871 -0.469608 0.852996 38.4
17.8362 -0.460413 0.851805 38.5
17.8853 -0.451049 0.850615 38.6
17.9344 -0.441523 0.849427 38.7
17.9834 -0.431843 0.84824 38.8
18.0324 -0.422017 0.847055 38.9
18.0814 -0.41205 0.845872 39
18.1304 -0.401949 0.84469 39.1
18.1793 -0.391721 0.843509 39.2
18.2283 -0.381371 0.84233 39.3
18.2771 -0.370906 0.841152 39.4
18.326 -0.36033 0.839975 39.5
18.3749 -0.349649 0.8388 39.6
18.4237 -0.338868 0.837625 39.7
18.4725 -0.32799 0.836451 39.8
18.5213 -0.317022 0.835279 39.9
18.57 -0.305967 0.834107 40
18.6188 -0.294828 0.832936 40.1
18.6675 -0.283611 0.831766 40.2
18.7162 -0.272318 0.830597 40.3
18.7649 -0.260953 0.829429 40.4
18.8136 -0.24952 0.828261 40.5
18.8622 -0.238021 0.827094 40.6
18.9109 -0.22646 0.825928 40.7
18.9595 -0.21484 0.824762 40.8
19.0081 -0.203162 0.823597 40.9
19.0567 -0.191431 0.822433 41
19.1053 -0.179648 0.821269 41.1
19.1539 -0.167816 0.820105 41.2
19.2025 -0.155937 0.818942 41.3
19.251 -0.144014 0.817779 41.4
19.2996 -0.132047 0.816617 41.5
19.3481 -0.12004 0.815456 41.6
19.3966 -0.107995 0.814294 41.7
19.4451 -0.0959121 0.813133 41.8
19.4937 -0.0837941 0.811973 41.9
19.5422 -0.0716425 0.810812 42
19.5906 -0.0594589 0.809652 42.1
19.6391 -0.0472446 0.808493 42.2
19.6449 0.0186716 0.8035 42.3
19.6615 0.0736481 0.799926 42.4
19.688 0.117433 0.797326 42.5
19.7218 0.150355 0.795394 42.6
19.7605 0.173457 0.793916 42.7
19.8021 0.188145 0.792748 42.8
19.8453 0.195862 0.791788 42.9
19.8895 0.197903 0.790966 43
19.9341 0.19535 0.790234 43.1
19.979 0.189069 0.789559 43.2
20.0239 0.17973 0.788917 43.3
20.0687 0.167842 0.788292 43.4
20.1135 0.153779 0.787674 43.5
