2.09008 -0.806059 1.119 3.79979
2.22438 -0.781327 1.11505 3.89979
2.34706 -0.738035 1.11185 3.99979
2.45769 -0.679751 1.10918 4.09979
2.55642 -0.609784 1.10688 4.19979
2.6453 -0.53266 1.10484 4.29979
2.72912 -0.454264 1.10297 4.39979
2.80966 -0.375989 1.10123 4.49979
2.88729 -0.297665 1.09958 4.59979
2.96178 -0.218645 1.098 4.69979
3.03271 -0.138277 1.09648 4.79979
3.0997 -0.0560864 1.095 4.89979
3.16241 0.0282033 1.09355 4.99979
3.22059 0.114698 1.09214 5.09979
3.27407 0.203382 1.09076 5.19979
3.32272 0.294155 1.0894 5.29979
3.36645 0.386865 1.08806 5.39979
3.40519 0.481329 1.08675 5.49979
3.43892 0.577342 1.08546 5.59979
3.46758 0.67469 1.08419 5.69979
3.49116 0.773148 1.08293 5.79979
3.50963 0.872487 1.08169 5.89979
3.62463 0.904835 1.07719 5.99979
3.71669 0.957209 1.07338 6.09979
3.78747 1.02381 1.07015 6.19979
3.83986 1.09972 1.06738 6.29979
3.87716 1.1815 1.06498 6.39979
3.90256 1.26703 1.06288 6.49979
3.9188 1.35504 1.061 6.59979
3.92817 1.44483 1.05931 6.69979
3.93249 1.53599 1.05777 6.79979
3.93322 1.62829 1.05634 6.89979
3.93148 1.72159 1.05501 6.99979
3.92819 1.81577 1.05374 7.09979
3.92401 1.91074 1.05254 7.19979
3.91947 2.00643 1.05138 7.29979
3.91496 2.10275 1.05026 7.39979
3.91078 2.19964 1.04918 7.49979
3.90712 2.29701 1.04812 7.59979
3.90413 2.3948 1.04707 7.69979
3.90189 2.49295 1.04605 7.79979
3.90046 2.5914 1.04504 7.89979
3.89985 2.6901 1.04404 7.99979
3.90006 2.789 1.04305 8.09979
3.90108 2.88808 1.04207 8.19979
3.90287 2.98728 1.0411 8.29979
3.90541 3.0866 1.04013 8.39979
3.90864 3.18599 1.03917 8.49979
3.91254 3.28545 1.03821 8.59979
3.91706 3.38496 1.03726 8.69979
3.92215 3.4845 1.0363 8.79979
3.92778 3.58407 1.03535 8.89979
3.9339 3.68365 1.03441 8.99979
3.94048 3.78323 1.03346 9.09979
3.94749 3.88282 1.03252 9.19979
3.95488 3.98241 1.03158 9.29979
3.96264 4.08199 1.03064 9.39979
3.97074 4.18156 1.0297 9.49979
3.97913 4.28113 1.02876 9.59979
3.98781 4.38068 1.02782 9.69979
3.99676 4.48022 1.02688 9.79979
4.00593 4.57975 1.02595 9.89979
4.01533 4.67926 1.02501 9.99979
4.02494 4.77876 1.02407 10.0998
4.03473 4.87825 1.02314 10.1998
4.04469 4.97773 1.0222 10.2998
4.0548 5.0772 1.02127 10.3998
4.06507 5.17665 1.02034 10.4998
4.07546 5.27609 1.0194 10.5998
4.08598 5.37553 1.01847 10.6998
4.09662 5.47495 1.01753 10.7998
4.10735 5.57436 1.0166 10.8998
4.11819 5.67377 1.01567 10.9998
4.12911 5.77316 1.01473 11.0998
4.14011 5.87255 1.0138 11.1998
4.15119 5.97193 1.01287 11.2998
4.16234 6.0713 1.01193 11.3998
4.17355 6.17067 1.011 11.4998
4.18482 6.27003 1.01007 11.5998
4.19614 6.36938 1.00913 11.6998
4.20752 6.46873 1.0082 11.7998
4.21894 6.56808 1.00727 11.8998
4.2304 6.66742 1.00633 11.9998
4.2419 6.76675 1.0054 12.0998
4.25343 6.86608 1.00447 12.1998
4.265 6.96541 1.00354 12.2998
4.2766 7.06474 1.0026 12.3998
4.28822 7.16406 1.00167 12.4998
4.29987 7.26338 1.00074 12.5998
4.31155 7.36269 0.999804 12.6998
4.32325 7.462 0.998872 12.7998
4.33496 7.56131 0.997939 12.8998
4.3467 7.66062 0.997006 12.9998
4.35845 7.75993 0.996073 13.0998
4.37022 7.85924 0.995141 13.1998
4.382 7.95854 0.994208 13.2998
4.3938 8.05784 0.993275 13.3998
4.40561 8.15714 0.992342 13.4998
4.41743 8.25644 0.99141 13.5998
4.42926 8.35574 0.990477 13.6998
4.4411 8.45503 0.989544 13.7998
4.45295 8.55433 0.988611 13.8998
4.4648 8.65362 0.987679 13.9998
4.47667 8.75292 0.986746 14.0998
4.48854 8.85221 0.985813 14.1998
4.50042 8.9515 0.98488 14.2998
4.5123 9.05079 0.983948 14.3998
4.52419 9.15008 0.983015 14.4998
4.53608 9.24937 0.982082 14.5998
4.54798 9.34866 0.981149 14.6998
4.55988 9.44795 0.980217 14.7998
4.57179 9.54724 0.979284 14.8998
4.5837 9.64653 0.978351 14.9998
4.59561 9.74582 0.977418 15.0998
4.60753 9.84511 0.976486 15.1998
4.61945 9.94439 0.975553 15.2998
4.63137 10.0437 0.97462 15.3998
4.64329 10.143 0.973688 15.4998
4.65522 10.2423 0.972755 15.5998
4.66715 10.3415 0.971822 15.6998
4.67908 10.4408 0.970889 15.7998
4.69101 10.5401 0.969957 15.8998
4.70294 10.6394 0.969024 15.9998
4.71487 10.7387 0.968091 16.0998
4.72681 10.838 0.967158 16.1998
4.73875 10.9373 0.966226 16.2998
4.75069 11.0365 0.965293 16.3998
4.76263 11.1358 0.96436 16.4998
4.77457 11.2351 0.963427 16.5998
4.889 11.2624 0.960546 16.6998
4.97601 11.3121 0.958774 16.7998
5.03768 11.3773 0.957749 16.8998
5.07984 11.451 0.957218 16.9998
5.10873 11.5295 0.957006 17.0998
5.12963 11.611 0.95699 17.1998
5.14661 11.6947 0.957088 17.2998
5.16278 11.7802 0.957244 17.3998
5.18046 11.8671 0.95742 17.4998
5.20138 11.955 0.957589 17.5998
5.22681 12.043 0.957735 17.6998
5.2576 12.1307 0.957848 17.7998
5.29428 12.2172 0.95792 17.8998
5.33708 12.302 0.957947 17.9998
5.38599 12.3842 0.957929 18.0998
5.44085 12.4634 0.957864 18.1998
5.50136 12.5392 0.957754 18.2998
5.56715 12.611 0.957599 18.3998
5.63781 12.6786 0.957401 18.4998
5.71291 12.7418 0.957163 18.5998
5.79204 12.8004 0.956886 18.6998
5.87478 12.8542 0.956571 18.7998
5.96074 12.903 0.956222 18.8998
6.04955 12.9469 0.95584 18.9998
6.14085 12.9857 0.955427 19.0998
6.23431 13.0194 0.954985 19.1998
6.32958 13.0478 0.954515 19.2998
6.42635 13.0711 0.954019 19.3998
6.52431 13.089 0.953498 19.4998
6.62316 13.1017 0.952954 19.5998
6.7609 13.0966 0.949495 19.6998
6.89218 13.0872 0.946963 19.7998
7.01783 13.073 0.945078 19.8998
7.13846 13.0539 0.943649 19.9998
7.25445 13.0294 0.94254 20.0998
7.36607 12.9996 0.941656 20.1998
7.47349 12.9645 0.940933 20.2998
7.57682 12.9242 0.940325 20.3998
7.67614 12.879 0.939799 20.4998
7.77148 12.829 0.939333 20.5998
7.86284 12.7744 0.938912 20.6998
7.95021 12.7155 0.938523 20.7998
8.03355 12.6524 0.93816 20.8998
8.1128 12.5854 0.937816 20.9998
8.1879 12.5147 0.937489 21.0998
8.25876 12.4404 0.937174 21.1998
8.32531 12.3628 0.93687 21.2998
8.38744 12.2821 0.936575 21.3998
8.44508 12.1985 0.936288 21.4998
8.49813 12.1121 0.936009 21.5998
8.62127 12.0793 0.931707 21.6998
8.72662 12.0271 0.928153 21.7998
8.81561 11.9611 0.925182 21.8998
8.89066 11.8855 0.922666 21.9998
8.95448 11.8038 0.920503 22.0998
9.00957 11.7179 0.918614 22.1998
9.05808 11.6294 0.916939 22.2998
9.10176 11.539 0.91543 22.3998
9.14199 11.4475 0.914052 22.4998
9.17982 11.3552 0.912777 22.5998
9.21607 11.2623 0.911584 22.6998
9.25137 11.1691 0.910455 22.7998
9.28619 11.0757 0.909378 22.8998
9.32085 10.9822 0.908344 22.9998
9.35562 10.8888 0.907344 23.0998
9.39068 10.7954 0.906373 23.1998
9.42613 10.7022 0.905426 23.2998
9.46207 10.6091 0.904498 23.3998
9.49854 10.5162 0.903586 23.4998
9.53556 10.4234 0.902689 23.5998
9.57313 10.3309 0.901803 23.6998
9.61126 10.2386 0.900928 23.7998
9.64992 10.1465 0.900061 23.8998
9.6891 10.0546 0.899202 23.9998
9.72877 9.96286 0.89835 24.0998
9.7689 9.87134 0.897503 24.1998
9.80946 9.77999 0.896661 24.2998
9.85043 9.68882 0.895824 24.3998
9.89178 9.59782 0.89499 24.4998
9.93348 9.50696 0.894159 24.5998
9.9755 9.41625 0.893332 24.6998
10.0178 9.32568 0.892507 24.7998
10.0604 9.23524 0.891684 24.8998
10.1033 9.14491 0.890863 24.9998
10.1464 9.05469 0.890044 25.0998
10.1897 8.96458 0.889226 25.1998
10.2333 8.87456 0.888409 25.2998
10.277 8.78463 0.887594 25.3998
10.3209 8.69479 0.88678 25.4998
10.3649 8.60502 0.885966 25.5998
10.4091 8.51532 0.885153 25.6998
10.4534 8.42568 0.884341 25.7998
10.4979 8.33611 0.88353 25.8998
10.5424 8.24659 0.882719 25.9998
10.5871 8.15713 0.881909 26.0998
10.6319 8.06771 0.881098 26.1998
10.6767 7.97833 0.880289 26.2998
10.7216 7.889 0.879479 26.3998
10.7667 7.7997 0.87867 26.4998
10.8117 7.71044 0.877861 26.5998
10.8569 7.62121 0.877052 26.6998
10.9021 7.53201 0.876244 26.7998
10.9473 7.44284 0.875435 26.8998
10.9926 7.35369 0.874627 26.9998
11.038 7.26457 0.873819 27.0998
11.0834 7.17547 0.873011 27.1998
11.1288 7.08639 0.872203 27.2998
11.1743 6.99732 0.871395 27.3998
11.2198 6.90827 0.870587 27.4998
11.2653 6.81924 0.86978 27.5998
11.3109 6.73022 0.868972 27.6998
11.3565 6.64122 0.868164 27.7998
11.4021 6.55223 0.867357 27.8998
11.4477 6.46325 0.866549 27.9998
11.4934 6.37427 0.865741 28.0998
11.539 6.28531 0.864934 28.1998
11.5847 6.19636 0.864126 28.2998
11.6304 6.10742 0.863319 28.3998
11.6762 6.01848 0.862511 28.4998
11.7219 5.92955 0.861704 28.5998
11.7676 5.84062 0.860897 28.6998
11.8134 5.75171 0.860089 28.7998
11.8591 5.66279 0.859282 28.8998
11.9049 5.57388 0.858474 28.9998
11.9507 5.48498 0.857667 29.0998
11.9965 5.39608 0.856859 29.1998
12.0423 5.30719 0.856052 29.2998
12.0881 5.21829 0.855245 29.3998
12.1339 5.12941 0.854437 29.4998
12.1797 5.04052 0.85363 29.5998
12.2256 4.95164 0.852823 29.6998
12.2714 4.86276 0.852015 29.7998
12.3172 4.77388 0.851208 29.8998
12.3631 4.685 0.8504 29.9998
12.4089 4.59613 0.849593 30.0998
12.4548 4.50726 0.848786 30.1998
12.5006 4.41839 0.847978 30.2998
12.5465 4.32952 0.847171 30.3998
12.5923 4.24065 0.846364 30.4998
12.6382 4.15179 0.845556 30.5998
12.684 4.06292 0.844749 30.6998
12.7299 3.97406 0.843942 30.7998
12.7757 3.8852 0.843134 30.8998
12.8216 3.79634 0.842327 30.9998
12.8675 3.70747 0.841519 31.0998
12.9133 3.61861 0.840712 31.1998
12.9592 3.52976 0.839905 31.2998
13.0051 3.4409 0.839097 31.3998
13.051 3.35204 0.83829 31.4998
13.0968 3.26318 0.837483 31.5998
13.1427 3.17433 0.836675 31.6998
13.1886 3.08547 0.835868 31.7998
13.2345 2.99661 0.835061 31.8998
13.2803 2.90776 0.834253 31.9998
13.3262 2.8189 0.833446 32.0998
13.3721 2.73005 0.832639 32.1998
13.418 2.6412 0.831831 32.2998
13.4639 2.55234 0.831024 32.3998
13.5097 2.46349 0.830217 32.4998
13.5556 2.37464 0.829409 32.5998
13.6015 2.28578 0.828602 32.6998
13.6474 2.19693 0.827794 32.7998
13.6933 2.10808 0.826987 32.8998
13.7392 2.01923 0.82618 32.9998
13.785 1.93037 0.825372 33.0998
13.8309 1.84152 0.824565 33.1998
13.8768 1.75267 0.823758 33.2998
13.9227 1.66382 0.82295 33.3998
13.9686 1.57497 0.822143 33.4998
14.0145 1.48611 0.821336 33.5998
14.0603 1.39726 0.820528 33.6998
14.1062 1.30841 0.819721 33.7998
14.1521 1.21956 0.818914 33.8998
14.198 1.13071 0.818106 33.9998
14.3221 1.10636 0.815108 34.0998
14.4262 1.06044 0.813183 34.1998
14.5127 0.99919 0.811995 34.2998
14.5865 0.929099 0.811309 34.3998
14.6526 0.854576 0.810961 34.4998
14.7152 0.778349 0.810839 34.5998
14.7771 0.702185 0.810864 34.6998
14.8405 0.627358 0.810982 34.7998
14.9067 0.554877 0.811156 34.8998
14.9763 0.485584 0.811361 34.9998
15.0499 0.420185 0.811579 35.0998
15.1274 0.359263 0.8118 35.1998
15.2088 0.303282 0.812015 35.2998
15.2938 0.252595 0.812219 35.3998
15.382 0.20745 0.81241 35.4998
15.473 0.168013 0.812586 35.5998
15.5665 0.13438 0.812745 35.6998
15.6619 0.106595 0.812887 35.7998
15.7589 0.0846608 0.813013 35.8998
15.8572 0.0685558 0.813123 35.9998
15.9563 0.0582365 0.813218 36.0998
