3.40512 0.167559 0.894 4.9997
3.49662 0.184863 0.897934 5.0997
3.58792 0.208248 0.901414 5.1997
3.67907 0.23556 0.904537 5.2997
3.77 0.266101 0.907372 5.3997
3.86046 0.299858 0.909968 5.4997
3.95015 0.337066 0.91236 5.5997
4.03871 0.378005 0.914575 5.6997
4.12578 0.422897 0.916632 5.7997
4.21099 0.471876 0.918549 5.8997
4.29401 0.524994 0.920337 5.9997
4.37453 0.582227 0.922008 6.0997
4.45228 0.643498 0.923569 6.1997
4.52698 0.708686 0.925029 6.2997
4.59841 0.777643 0.926394 6.3997
4.66636 0.850198 0.92767 6.4997
4.73062 0.926162 0.928864 6.5997
4.79101 1.00534 0.929979 6.6997
4.84736 1.08752 0.931021 6.7997
4.89953 1.17249 0.931993 6.8997
4.94736 1.26002 0.932901 6.9997
4.99074 1.34989 0.933747 7.0997
5.02954 1.44186 0.934535 7.1997
5.06367 1.5357 0.935268 7.2997
5.13857 1.56634 0.938332 7.3997
5.20158 1.61278 0.940679 7.4997
5.25464 1.67062 0.942509 7.5997
5.30083 1.73618 0.94396 7.6997
5.34337 1.80685 0.945131 7.7997
5.38503 1.88076 0.946091 7.8997
5.42796 1.95647 0.94689 7.9997
5.47372 2.0328 0.947561 8.0997
5.52332 2.10871 0.948131 8.1997
5.57737 2.18333 0.948617 8.2997
5.63616 2.25588 0.949032 8.3997
5.69973 2.32571 0.949387 8.4997
5.76793 2.39227 0.94969 8.5997
5.84055 2.45515 0.949946 8.6997
5.91726 2.51399 0.950159 8.7997
5.99774 2.56852 0.950334 8.8997
6.08162 2.61852 0.950475 8.9997
6.16855 2.66382 0.950582 9.0997
6.25818 2.70429 0.95066 9.1997
6.35016 2.73982 0.95071 9.2997
6.44416 2.77032 0.950734 9.3997
6.53986 2.79573 0.950734 9.4997
6.63693 2.81599 0.950711 9.5997
6.73508 2.83107 0.950666 9.6997
6.834 2.84095 0.950601 9.7997
6.9334 2.84562 0.950518 9.8997
7.03298 2.84507 0.950416 9.9997
7.13247 2.83934 0.950298 10.0997
7.23158 2.82845 0.950163 10.1997
7.33004 2.81243 0.950014 10.2997
7.42758 2.79136 0.949851 10.3997
7.52394 2.76529 0.949674 10.4997
7.61528 2.75347 0.9497 10.5997
7.70657 2.73466 0.948009 10.6997
7.79785 2.71133 0.945219 10.7997
7.88922 2.68497 0.94177 10.8997
7.98076 2.65652 0.937966 10.9997
8.07251 2.62659 0.934018 11.0997
8.16449 2.5956 0.930068 11.1997
8.25671 2.56385 0.926207 11.2997
8.34915 2.53157 0.922492 11.3997
8.44181 2.49889 0.918953 11.4997
8.53468 2.46595 0.915606 11.5997
8.62773 2.43283 0.912454 11.6997
8.72094 2.39958 0.909491 11.7997
8.81431 2.36628 0.906709 11.8997
8.90782 2.33293 0.904094 11.9997
9.00144 2.29959 0.901635 12.0997
9.09518 2.26625 0.899315 12.1997
9.18901 2.23294 0.897123 12.2997
9.28293 2.19966 0.895044 12.3997
9.37692 2.16642 0.893066 12.4997
9.47098 2.13322 0.891177 12.5997
9.5651 2.10007 0.889368 12.6997
9.65927 2.06696 0.887628 12.7997
9.75348 2.0339 0.88595 12.8997
9.84774 2.00089 0.884325 12.9997
9.94204 1.96791 0.882747 13.0997
10.0364 1.93498 0.88121 13.1997
10.1307 1.90208 0.879708 13.2997
10.2251 1.86922 0.878238 13.3997
10.3195 1.8364 0.876795 13.4997
10.4139 1.80361 0.875376 13.5997
10.5084 1.77084 0.873977 13.6997
10.6028 1.73811 0.872596 13.7997
10.6973 1.7054 0.87123 13.8997
10.7918 1.67272 0.869878 13.9997
10.8863 1.64006 0.868538 14.0997
10.9808 1.60742 0.867208 14.1997
11.0753 1.57481 0.865886 14.2997
11.1698 1.5422 0.864572 14.3997
11.2644 1.50962 0.863265 14.4997
11.3589 1.47705 0.861963 14.5997
11.4535 1.4445 0.860667 14.6997
11.548 1.41196 0.859374 14.7997
11.6426 1.37943 0.858086 14.8997
11.7371 1.34691 0.8568 14.9997
11.8317 1.31441 0.855518 15.0997
11.9263 1.28191 0.854237 15.1997
12.0208 1.24942 0.852959 15.2997
12.1154 1.21694 0.851683 15.3997
12.21 1.18447 0.850408 15.4997
12.3046 1.152 0.849135 15.5997
12.3992 1.11955 0.847863 15.6997
12.4937 1.08709 0.846592 15.7997
12.5883 1.05465 0.845322 15.8997
12.6829 1.0222 0.844052 15.9997
12.7775 0.989767 0.842783 16.0997
12.8721 0.957334 0.841515 16.1997
12.9667 0.924905 0.840247 16.2997
13.0613 0.89248 0.83898 16.3997
13.1559 0.860058 0.837713 16.4997
13.2505 0.827639 0.836447 16.5997
13.3451 0.795223 0.83518 16.6997
13.4397 0.762809 0.833914 16.7997
13.5343 0.730399 0.832648 16.8997
13.6289 0.69799 0.831383 16.9997
13.7235 0.665583 0.830117 17.0997
13.8181 0.633178 0.828852 17.1997
13.9127 0.600775 0.827587 17.2997
14.0073 0.568374 0.826321 17.3997
14.1019 0.535974 0.825056 17.4997
14.1965 0.503576 0.823791 17.5997
14.2911 0.471178 0.822526 17.6997
14.3857 0.438782 0.821262 17.7997
14.4803 0.406387 0.819997 17.8997
14.575 0.373993 0.818732 17.9997
14.6696 0.3416 0.817467 18.0997
14.7642 0.309208 0.816203 18.1997
14.8588 0.276816 0.814938 18.2997
14.9534 0.244425 0.813673 18.3997
15.048 0.212035 0.812409 18.4997
15.1426 0.179646 0.811144 18.5997
15.2372 0.147257 0.80988 18.6997
15.3284 0.138406 0.812319 18.7997
15.4196 0.123641 0.813841 18.8997
15.5113 0.105888 0.814732 18.9997
15.6039 0.0876226 0.815191 19.0997
15.6976 0.0707506 0.815357 19.1997
15.7925 0.0566609 0.815327 19.2997
15.8886 0.0463198 0.815166 19.3997
