-0.469614 -0.151132 0.967 1.00004
-0.444111 -0.146248 0.96561 1.10004
-0.406699 -0.140985 0.965125 1.20004
-0.359317 -0.134986 0.965244 1.30004
-0.30363 -0.127737 0.965758 1.40004
-0.241079 -0.118639 0.966523 1.50004
-0.172922 -0.107083 0.967439 1.60004
-0.10027 -0.0925145 0.968438 1.70004
-0.0241135 -0.0744636 0.969475 1.80004
0.0546605 -0.0525581 0.970517 1.90004
0.135257 -0.0265239 0.971543 2.00004
0.216961 0.00382444 0.972541 2.10004
0.299131 0.0385954 0.973503 2.20004
0.381188 0.0778339 0.974422 2.30004
0.462614 0.121533 0.975297 2.40004
0.542939 0.169646 0.976126 2.50004
0.621737 0.222091 0.97691 2.60004
0.698624 0.278761 0.977649 2.70004
0.77325 0.339527 0.978345 2.80004
0.845293 0.404242 0.978999 2.90004
0.914463 0.472744 0.979614 3.00004
0.980492 0.544857 0.98019 3.10004
1.04313 0.620395 0.980729 3.20004
1.10217 0.699162 0.981234 3.30004
1.15739 0.780951 0.981706 3.40004
1.20861 0.865548 0.982146 3.50004
1.25567 0.952734 0.982557 3.60004
1.29841 1.04228 0.98294 3.70004
1.3367 1.13395 0.983296 3.80004
1.37042 1.22752 0.983627 3.90004
1.39946 1.32273 0.983935 4.00004
1.42374 1.41934 0.984219 4.10004
1.44318 1.5171 0.984483 4.20004
1.45772 1.61576 0.984726 4.30004
1.46731 1.71507 0.98495 4.40004
1.4674 1.74241 0.983474 4.50004
1.46804 1.78144 0.982873 4.60004
1.47026 1.83022 0.982854 4.70004
1.47498 1.88706 0.983213 4.80004
1.4829 1.95049 0.983811 4.90004
1.49452 2.01924 0.98455 5.00004
1.51018 2.09215 0.985364 5.10004
1.53009 2.16825 0.986209 5.20004
1.55438 2.24666 0.987053 5.30004
1.58314 2.32661 0.987876 5.40004
1.61638 2.40742 0.988665 5.50004
1.65411 2.48847 0.989413 5.60004
1.69628 2.56923 0.990114 5.70004
1.74285 2.6492 0.990765 5.80004
1.79373 2.72793 0.991366 5.90004
1.84882 2.80501 0.991916 6.00004
1.908 2.88007 0.992417 6.10004
1.97115 2.95277 0.992869 6.20004
2.03812 3.0228 0.993275 6.30004
2.10874 3.08987 0.993636 6.40004
2.18283 3.15372 0.993954 6.50004
2.26022 3.21411 0.99423 6.60004
2.3407 3.27083 0.994468 6.70004
2.42407 3.32367 0.994667 6.80004
2.51012 3.37245 0.994832 6.90004
2.59862 3.41702 0.994962 7.00004
2.68935 3.45722 0.995061 7.10004
2.78207 3.49293 0.995129 7.20004
2.87654 3.52404 0.995168 7.30004
2.97253 3.55044 0.99518 7.40004
3.06977 3.57205 0.995166 7.50004
3.16804 3.5888 0.995128 7.60004
3.26707 3.60064 0.995066 7.70004
3.3666 3.60753 0.994983 7.80004
3.4664 3.60944 0.994878 7.90004
3.56619 3.60636 0.994754 8.00004
3.66573 3.59829 0.994612 8.10004
3.76477 3.58525 0.994452 8.20004
3.86304 3.56727 0.994275 8.30004
3.96031 3.54438 0.994083 8.40004
3.98465 3.53889 0.989252 8.50004
4.0204 3.5291 0.984372 8.60004
4.06573 3.51592 0.979605 8.70004
4.11912 3.50007 0.975051 8.80004
4.17932 3.48209 0.970762 8.90004
4.24525 3.4624 0.966764 9.00004
4.316 3.4413 0.963058 9.10004
4.39079 3.41902 0.959636 9.20004
4.46898 3.39575 0.956481 9.30004
4.55 3.37164 0.953572 9.40004
4.63342 3.34682 0.950884 9.50004
4.71883 3.3214 0.948397 9.60004
4.80592 3.29547 0.946085 9.70004
4.89441 3.2691 0.94393 9.80004
4.98407 3.24235 0.94191 9.90004
5.07472 3.21528 0.940008 10
5.16619 3.18795 0.93821 10.1
5.25836 3.16037 0.9365 10.2
5.3511 3.1326 0.934866 10.3
5.44433 3.10466 0.933297 10.4
5.53797 3.07658 0.931785 10.5
5.63194 3.04837 0.930321 10.6
5.7262 3.02006 0.928898 10.7
5.8207 2.99165 0.92751 10.8
5.91539 2.96317 0.926152 10.9
6.01026 2.93462 0.92482 11
6.10526 2.90601 0.923508 11.1
6.20038 2.87735 0.922216 11.2
6.2956 2.84866 0.920939 11.3
6.3909 2.81992 0.919675 11.4
6.48627 2.79115 0.918422 11.5
6.58169 2.76236 0.917179 11.6
6.67716 2.73354 0.915945 11.7
6.77267 2.7047 0.914717 11.8
6.86822 2.67585 0.913494 11.9
6.96379 2.64697 0.912277 12
7.05939 2.61809 0.911064 12.1
7.155 2.58919 0.909855 12.2
7.25063 2.56028 0.908648 12.3
7.34628 2.53137 0.907444 12.4
7.44193 2.50244 0.906242 12.5
7.5376 2.47351 0.905042 12.6
7.63327 2.44457 0.903844 12.7
7.72895 2.41562 0.902647 12.8
7.82463 2.38667 0.901451 12.9
7.92032 2.35772 0.900256 13
8.01601 2.32876 0.899062 13.1
8.1117 2.2998 0.897868 13.2
8.2074 2.27084 0.896675 13.3
8.3031 2.24187 0.895483 13.4
8.3988 2.2129 0.894291 13.5
8.4945 2.18393 0.893099 13.6
8.5902 2.15495 0.891908 13.7
8.6859 2.12598 0.890717 13.8
8.7816 2.097 0.889526 13.9
8.87731 2.06802 0.888335 14
8.97301 2.03904 0.887145 14.1
9.06872 2.01006 0.885954 14.2
9.16442 1.98107 0.884764 14.3
9.26013 1.95209 0.883574 14.4
9.35583 1.9231 0.882384 14.5
9.45154 1.89412 0.881194 14.6
9.54724 1.86513 0.880004 14.7
9.64295 1.83614 0.878814 14.8
9.73865 1.80715 0.877624 14.9
9.83436 1.77816 0.876434 15
9.93006 1.74917 0.875244 15.1
10.0258 1.72018 0.874054 15.2
10.1215 1.69119 0.872864 15.3
10.2172 1.6622 0.871675 15.4
10.3129 1.63321 0.870485 15.5
10.4086 1.60422 0.869295 15.6
10.5043 1.57523 0.868106 15.7
10.6 1.54624 0.866916 15.8
10.6957 1.51724 0.865726 15.9
10.7914 1.48825 0.864536 16
10.8871 1.45926 0.863347 16.1
10.9828 1.43026 0.862157 16.2
11.0785 1.40127 0.860967 16.3
11.1742 1.37228 0.859778 16.4
11.2699 1.34328 0.858588 16.5
11.3656 1.31429 0.857398 16.6
11.4613 1.28529 0.856209 16.7
11.557 1.2563 0.855019 16.8
11.6527 1.22731 0.853829 16.9
11.7485 1.19831 0.85264 17
11.8442 1.16932 0.85145 17.1
11.9399 1.14032 0.85026 17.2
12.0356 1.11133 0.849071 17.3
12.1313 1.08233 0.847881 17.4
12.227 1.05334 0.846691 17.5
12.3227 1.02434 0.845502 17.6
12.4184 0.995348 0.844312 17.7
12.5141 0.966353 0.843123 17.8
12.6098 0.937358 0.841933 17.9
12.7055 0.908363 0.840743 18
12.8012 0.879367 0.839554 18.1
12.8969 0.850372 0.838364 18.2
12.9926 0.821377 0.837174 18.3
13.0883 0.792381 0.835985 18.4
13.184 0.763386 0.834795 18.5
13.2797 0.734391 0.833605 18.6
13.3754 0.705395 0.832416 18.7
13.4711 0.6764 0.831226 18.8
13.5668 0.647404 0.830036 18.9
13.6625 0.618409 0.828847 19
13.7582 0.589413 0.827657 19.1
13.8539 0.560418 0.826467 19.2
13.9496 0.531422 0.825278 19.3
14.0453 0.502427 0.824088 19.4
14.1411 0.473431 0.822898 19.5
14.2368 0.444436 0.821709 19.6
14.3325 0.41544 0.820519 19.7
14.4282 0.386444 0.81933 19.8
14.5239 0.357449 0.81814 19.9
14.6196 0.328453 0.81695 20
14.7153 0.299458 0.815761 20.1
14.811 0.270462 0.814571 20.2
14.9067 0.241466 0.813381 20.3
15.0024 0.212471 0.812192 20.4
15.0981 0.183475 0.811002 20.5
15.1938 0.154479 0.809812 20.6
15.2895 0.125484 0.808623 20.7
15.3135 0.119454 0.806564 20.8
15.3487 0.108857 0.805204 20.9
15.3936 0.0950835 0.804325 21
15.4469 0.0794745 0.803777 21.1
15.5075 0.0632458 0.803456 21.2
15.5743 0.047462 0.803289 21.3
15.6466 0.0330311 0.803226 21.4
15.7236 0.0207115 0.80323 21.5
15.8045 0.0111248 0.803279 21.6
15.8887 0.00477229 0.803355 21.7
