1.38872e+09 -0.06983 -0.284726 1.084 15.181 -0.0118229 -0.048207  0.183532 0.0448602 7
1.38872e+09 -0.0660383 -0.286988 1.059 15.136 0.0379351 -0.0226391  -0.25012 -0.00785777 7
1.38872e+09 -0.0632344 -0.286882 1.032 15.129 0.02807 0  -0.270294 -0.00122306 7
1.38872e+09 -0.0591638 -0.286076 1.001 14.939 0.0406857 0  -0.309845 -0.0331446 7
1.38872e+09 -0.0535767 -0.283807 0.979 14.849 0.0558436 0.0226772  -0.219895 -0.0157005 7
1.38872e+09 -0.0478062 -0.2823 0.958 14.719 0.0577326 0.0150757  -0.210101 -0.0227002 7
1.38872e+09 -0.0416286 -0.282007 0.95 14.558 0.0618331 0  -0.080073 -0.0281255 7
1.38872e+09 -0.0348287 -0.28371 0.949 14.532 0.0679596 -0.0170216  0 -0.00453524 7
1.38872e+09 -0.0280795 -0.288011 0.951 14.469 0.0675519 -0.0430476  0.0200178 -0.0110053 7
1.38872e+09 -0.0237855 -0.291446 0.952 14.462 0.0428992 -0.0343227  0 -0.00122056 7
1.38872e+09 -0.0211406 -0.295295 0.955 14.466 0.0264525 -0.0384957  0.0300039 0.000698173 7
1.38872e+09 -0.0196199 -0.297246 0.96 14.546 0.015206 -0.019503  0.0499983 0.0139621 7
1.38872e+09 -0.0196547 -0.297964 0.96 14.557 0 0  0 0.00192162 7
1.38872e+09 -0.0193199 -0.297432 0.959 14.583 0 0  0 0.00453407 7
1.38872e+09 -0.0202576 -0.295251 0.96 14.662 0 0.0218031  0 0.0137832 4
1.38872e+09 -0.0208346 -0.293554 0.954 14.666 0 0.016963  -0.0599514 0.000697682 4
1.38872e+09 -0.0198195 -0.291854 0.954 14.673 0.0101619 0.0170194  0 0.0012231 4
1.38872e+09 -0.0180773 -0.289152 0.949 14.674 0.0174147 0.027008  -0.0499792 0.000174364 4
1.38872e+09 -0.0143957 -0.287569 0.944 14.685 0.0368265 0.0158332  -0.0500144 0.00192053 4
1.38872e+09 -0.00916899 -0.284115 0.941 14.75 0.0522632 0.0345381  -0.0299975 0.0113436 4
1.38872e+09 -0.00318712 -0.279281 0.937 14.811 0.0598336 0.0483461  -0.04001 0.0106492 4
1.38872e+09 0.00325758 -0.273404 0.936 14.904 0.0644296 0.0587591  0 0.0162273 4
1.38872e+09 0.0111998 -0.268347 0.936 14.964 0.0794364 0.0505808  0 0.0104737 4
1.38872e+09 0.0171284 -0.262881 0.934 15.044 0.0592893 0.054658  -0.0200012 0.0139635 4
1.38872e+09 0.0239252 -0.256647 0.932 15.096 0.067964 0.0623409  -0.0199988 0.00907519 4
1.38872e+09 0.0314383 -0.249647 0.932 15.11 0.0751318 0.0699994  0 0.00244349 4
1.38872e+09 0.0391352 -0.243573 0.934 15.17 0.0769873 0.0607561  0.0200047 0.0104745 4
1.38872e+09 0.0466229 -0.238311 0.936 15.096 0.0748902 0.0526283  0.0200036 -0.0129178 4
1.38872e+09 0.0548696 -0.23071 0.934 15.035 0.0824315 0.0759715  -0.0199912 -0.0106418 4
1.38872e+09 0.061998 -0.221667 0.938 14.943 0.071305 0.0904648  0.0400118 -0.0160618 4
1.38872e+09 0.0694673 -0.215672 0.942 14.825 0.0746751 0.0599283  0.0399909 -0.0205902 4
1.38872e+09 0.0754927 -0.20775 0.94 14.706 0.0602552 0.0792237  -0.0200002 -0.0207695 4
1.38872e+09 0.083912 -0.202727 0.948 14.571 0.0842009 0.0502361  0.0800078 -0.0235643 4
1.38872e+09 0.0905669 -0.196476 0.94 14.447 0.0665486 0.0625134  -0.0799997 -0.0216421 4
1.38872e+09 0.0975356 -0.190221 0.938 14.344 0.0697066 0.0625662  -0.0200056 -0.0179818 4
1.38872e+09 0.105294 -0.187295 0.938 14.319 0.0775944 0.0292614  0 -0.00436395 4
1.38872e+09 0.112512 -0.182884 0.946 14.245 0.072099 0.0440602  0.079909 -0.0129008 4
1.38872e+09 0.120269 -0.180794 0.953 14.282 0.0776091 0.0209109  0.0700379 0.00646116 4
1.38872e+09 0.12888 -0.180336 0.958 14.29 0.0861923 0  0.0500485 0.00139768 4
1.38872e+09 0.137874 -0.179176 0.967 14.37 0.0898088 0.0115741  0.089861 0.0139411 4
1.38872e+09 0.145773 -0.176994 0.976 14.373 0.0790388 0.0218407  0.0900583 0.000523983 4
1.38872e+09 0.152674 -0.175086 0.976 14.436 0.0689668 0.0190662  0 0.0109879 4
1.38872e+09 0.159359 -0.173953 0.976 14.52 0.0668823 0.0113307  0 0.0146694 4
1.38872e+09 0.162911 -0.171506 0.977 14.597 0.0355037 0.0244608  0 0.0134315 4
1.38872e+09 0.167763 -0.171481 0.972 14.657 0.048536 0  -0.0500156 0.0104752 4
1.38872e+09 0.172185 -0.171291 0.966 14.674 0.0442273 0  -0.0600149 0.00296783 4
1.38872e+09 0.176993 -0.16967 0.963 14.656 0.0480677 0.0162043  -0.0299905 -0.00314054 4
1.38872e+09 0.181983 -0.168702 0.964 14.723 0.0499206 0  0.0100044 0.0116988 4
1.38872e+09 0.185271 -0.166021 0.964 14.683 0.0328724 0.0268117  0 -0.00698069 4
1.38872e+09 0.185693 -0.163854 0.961 14.704 0 0.0216617  -0.0299827 0.00366323 4
1.38872e+09 0.1861 -0.163431 0.96 14.655 0 0  -0.0100008 -0.00855291 4
1.38872e+09 0.186392 -0.163539 0.956 14.648 0 0  -0.0399993 -0.0012217 4
1.38872e+09 0.188811 -0.164305 0.953 14.673 0.0241986 0  -0.0300164 0.00436581 4
1.38872e+09 0.191602 -0.163741 0.948 14.673 0.0278959 0  -0.0499744 0 4
1.38872e+09 0.193418 -0.163182 0.946 14.667 0.0181597 0  -0.0199978 -0.00104717 4
1.38872e+09 0.195187 -0.162452 0.942 14.679 0.0177033 0  -0.0400259 0.00209577 4
1.38872e+09 0.196125 -0.16382 0.942 14.608 0 -0.0136699  0 -0.0123849 4
1.38872e+09 0.194272 -0.164582 0.944 14.579 -0.0185312 0  0.0200097 -0.0050638 4
1.38872e+09 0.194671 -0.165719 0.947 14.484 0 -0.0113657  0.030001 -0.0165812 4
1.38872e+09 0.195707 -0.166362 0.949 14.438 0.0103615 0  0.0200002 -0.00802869 4
1.38872e+09 0.195488 -0.164558 0.951 14.382 0 0.018037  0.0199998 -0.0097737 4
1.38872e+09 0.197126 -0.162716 0.954 14.35 0.0163686 0.0184103  0.0299836 -0.00558194 4
1.38872e+09 0.198969 -0.160112 0.962 14.257 0.0184384 0.0260468  0.0800173 -0.0162352 4
1.38872e+09 0.200267 -0.157622 0.955 14.232 0.0129838 0.0249026  -0.0700188 -0.00436443 4
1.38872e+09 0.20224 -0.1569 0.953 14.149 0.0197212 0  -0.0199954 -0.0144829 4
1.38872e+09 0.203647 -0.155131 0.957 14.141 0.014071 0.0176932  0.0399877 -0.0013959 4
1.38872e+09 0.205153 -0.1529 0.958 14.114 0.0150537 0.0223115  0.0100006 -0.00471259 4
1.38872e+09 0.207139 -0.151232 0.96 14.117 0.0198692 0.0166866  0.020009 0.000523714 4
1.38872e+09 0.207332 -0.148903 0.96 14.092 0 0.0232788  0 -0.00436227 4
1.38872e+09 0.205632 -0.147797 0.956 14.124 -0.0170008 0.0110599  -0.039987 0.00558316 4
1.38872e+09 0.20499 -0.147022 0.952 14.126 0 0  -0.0400274 0.000349446 4
1.38872e+09 0.204544 -0.146121 0.958 14.133 0 0  0.0599948 0.00122162 4
1.38872e+09 0.203169 -0.14368 0.962 14.145 -0.0137538 0.0244099  0.0400012 0.00209447 4
1.38872e+09 0.203859 -0.141063 0.963 14.176 0 0.0261691  0.0100002 0.00541046 4
1.38872e+09 0.203316 -0.136861 0.964 14.231 0 0.0420156  0 0.00959919 4
1.38872e+09 0.2031 -0.132843 0.969 14.317 0 0.0401533  0.0499617 0.0149984 4
1.38872e+09 0.205135 -0.128373 0.973 14.384 0.0203618 0.0447268  0.0400214 0.0116999 4
1.38872e+09 0.205238 -0.123168 0.969 14.428 0 0.0520456  -0.0400026 0.00768005 4
1.38872e+09 0.205676 -0.117231 0.969 14.505 0 0.0593869  0 0.0134414 4
1.38872e+09 0.207606 -0.114739 0.972 14.493 0.019285 0.0249032  0.029983 -0.00209322 4
1.38872e+09 0.2075 -0.110516 0.965 14.52 0 0.0422594  -0.0700477 0.00471567 4
1.38872e+09 0.208406 -0.109678 0.961 14.434 0 0  -0.0400042 -0.0150115 4
1.38872e+09 0.208749 -0.109882 0.961 14.384 0 0  0 -0.00872523 4
1.38872e+09 0.207154 -0.107632 0.961 14.327 -0.0159508 0.022502  0 -0.00994789 4
1.38872e+09 0.20696 -0.107089 0.959 14.255 0 0  -0.0199983 -0.0125652 4
1.38872e+09 0.206501 -0.107555 0.959 14.172 0 0  0 -0.0145015 4
1.38872e+09 0.205466 -0.104533 0.957 14.064 -0.0103336 0.0301672  -0.0199694 -0.0188207 4
1.38872e+09 0.205391 -0.102209 0.963 13.98 0 0.0232567  0.0600331 -0.014669 4
1.38872e+09 0.204638 -0.0978314 0.951 13.909 0 0.0437504  -0.119929 -0.0123843 4
1.38872e+09 0.204631 -0.0937381 0.945 13.855 0 0.0409601  -0.0600392 -0.00943109 4
1.38872e+09 0.204832 -0.0907276 0.943 13.804 0 0.030092  -0.0199913 -0.00889725 4
1.38872e+09 0.205374 -0.0899325 0.941 13.766 0 0  -0.0200251 -0.00664059 4
1.38872e+09 0.204929 -0.0876085 0.94 13.696 0 0.023207  0 -0.0121998 4
1.38872e+09 0.204011 -0.0860036 0.937 13.713 0 0.0160479  -0.0299989 0.00296699 4
1.38872e+09 0.201244 -0.0841385 0.937 13.653 -0.0276755 0.0186553  0 -0.0104745 4
1.38872e+09 0.199899 -0.0817658 0.94 13.683 -0.0134566 0.0237371  0.0300125 0.00523812 4
1.38872e+09 0.200139 -0.0808504 0.941 13.631 0 0  0 -0.00907504 4
1.38872e+09 0.199562 -0.0772526 0.94 13.574 0 0.0359813  -0.0100008 -0.00994902 4
1.38872e+09 0.19942 -0.074377 0.937 13.53 0 0.0287445  -0.0299889 -0.00767671 4
1.38872e+09 0.200664 -0.0720425 0.938 13.482 0.0124438 0.0233477  0.0100008 -0.00837813 4
1.38872e+09 0.202131 -0.0691108 0.935 13.444 0.0146762 0.0293312  -0.030015 -0.00663559 4
1.38872e+09 0.203499 -0.0650437 0.933 13.469 0.0136617 0.040638  -0.019984 0.00435977 4
1.38872e+09 0.205058 -0.0626315 0.936 13.485 0.0156016 0.0241373  0.0300189 0.00279425 4
1.38872e+09 0.205494 -0.0590857 0.935 13.469 0 0.0354552  0 -0.00279223 4
1.38872e+09 0.206312 -0.0574378 0.938 13.461 0 0.0164847  0.0300109 -0.00139667 4
1.38872e+09 0.206834 -0.0559354 0.942 13.474 0 0.0150242  0.0399997 0.00226883 4
1.38872e+09 0.205309 -0.0545643 0.945 13.478 -0.015238 0.0137008  0.0299791 0.000697595 4
1.38872e+09 0.205753 -0.0545511 0.949 13.526 0 0  0.0400281 0.00838352 4
1.38872e+09 0.205132 -0.0554195 0.948 13.521 0 0  0 -0.000872659 4
1.38872e+09 0.204736 -0.0564744 0.946 13.476 0 -0.0105547  -0.0200108 -0.00785822 4
1.38872e+09 0.203988 -0.0598357 0.943 13.513 0 -0.0335727  -0.0299639 0.0064499 4
1.38872e+09 0.20241 -0.0611236 0.948 13.497 -0.0157947 -0.012887  0.0500314 -0.00279424 4
1.38872e+09 0.200513 -0.0627207 0.946 13.537 -0.0189545 -0.0159624  -0.0199892 0.00697756 4
1.38872e+09 0.199703 -0.0655036 0.951 13.594 0 -0.0278431  0.050025 0.00995338 4
1.38872e+09 0.199087 -0.0679328 0.949 13.668 0 -0.0242994  -0.0200061 0.0129194 4
9.27448e-05 0.208015 -0.0189871 0.944 0.0360003 -0.0148303 0  -0.0499069 -2.3748 4
0.100234 0.205792 -0.019818 0.94 0.052 -0.0222012 0  -0.0399437 0.00278856 4
0.200022 0.203179 -0.0199505 0.944 0.0289993 -0.0261881 0  0.0400847 -0.00402289 4
0.300052 0.199028 -0.0221657 0.942 0.00699997 -0.0414921 -0.0221453  -0.0199941 -0.00383847 4
0.399915 0.195844 -0.0247443 0.943 0.0100002 -0.0318866 -0.0258214  0.0100138 0.000524366 4
0.499922 0.192019 -0.0270569 0.943 -0.0430002 -0.0382491 -0.0231238  0 -0.00924961 4
0.599904 0.187902 -0.0306493 0.945 0.0139999 -0.0411766 -0.0359309  0.0200037 0.00995024 4
0.699902 0.184316 -0.0338372 0.946 -0.0170002 -0.0358638 -0.0318796  0.0100002 -0.00541064 4
0.799883 0.181281 -0.0349984 0.952 0.085 -0.0303545 -0.0116142  0.0600112 0.0178057 4
0.899877 0.178494 -0.0353792 0.957 0.0879993 -0.0278686 0  0.0500033 0.000523512 4
0.999947 0.176909 -0.0358963 0.954 0.127999 -0.0158382 0  -0.0299788 0.00697639 4
1.09991 0.177093 -0.0349579 0.956 0.167 0 0  0.0200072 0.00680933 4
1.19988 0.177214 -0.0370366 0.961 0.102 0 -0.0207943  0.050017 -0.0113484 4
1.29992 0.176796 -0.0387619 0.968 0.144 0 -0.017246  0.069972 0.00732742 4
1.40012 0.17585 -0.0412078 0.963 0.157 0 -0.0244095  -0.0498985 0.00226424 4
1.50014 0.173342 -0.0447394 0.962 0.124 -0.0250737 -0.0353101  0 -0.00575861 4
1.7011 0.171035 -0.045283 0.962 0.00799942 -0.0114823 0  0 -0.0100744 3
1.80191 0.170426 -0.045999 0.963 -0.0360003 0 0  0 -0.00761779 3
1.90273 0.169729 -0.0453402 0.967 -0.12 0 0  0.0396756 -0.0145418 3
2.00351 0.16756 -0.0474455 0.964 0.495 -0.0215227 -0.0208888  -0.0297663 0.106501 3
2.10423 0.166954 -0.0517751 0.961 2.36 0 -0.0429897  -0.0297871 0.323194 3
2.20504 0.177011 -0.0517843 0.968 3.882 0.0997583 0  0.0694379 0.263506 3
2.30585 0.202523 -0.046617 0.962 5.236 0.253062 0.0512563  -0.0595164 0.234413 3
2.40667 0.237542 -0.0350504 0.953 6.518 0.347351 0.114726  -0.0892682 0.221932 3
2.50741 0.281693 -0.0155542 0.95 7.645 0.438263 0.193528  -0.0297795 0.195252 3
2.60813 0.339153 0.0106819 0.941 8.597 0.570459 0.260474  -0.0893526 0.16496 3
2.70898 0.413537 0.0440101 0.934 9.467 0.737623 0.330495  -0.0694148 0.150574 3
2.80983 0.497519 0.0811355 0.932 10.315 0.832729 0.36812  -0.0198312 0.146754 3
2.91064 0.586325 0.116998 0.932 11.152 0.880879 0.355719  0 0.144901 3
3.01145 0.699148 0.155594 0.935 11.981 1.11919 0.38287  0.0297595 0.143528 3
3.11277 0.818431 0.202845 0.935 12.903 1.17734 0.466372  0 0.15883 3
3.21353 0.941467 0.249181 0.934 13.884 1.22107 0.459859  0 0.169924 3
3.31429 1.0605 0.301216 0.932 15.025 1.18132 0.516406  -0.0198485 0.197633 3
3.41497 1.17351 0.377356 0.932 16.336 1.1225 0.756307  0 0.227281 3
3.51542 1.27799 0.463816 0.934 17.744 1.0401 0.860667  0.019909 0.244625 3
3.61618 1.38779 0.560633 0.937 19.078 1.08969 0.960897  0.0297746 0.231077 3
3.71709 1.49106 0.65682 0.943 20.538 1.02349 0.953233  0.0594614 0.252531 3
3.81788 1.58702 0.741991 0.95 22.379 0.952047 0.845039  0.0694512 0.318796 3
3.91844 1.67808 0.819998 0.96 24.449 0.905517 0.775676  0.0994372 0.35925 3
4.0002 1.74819 0.880061 0.969 26.187 0.857478 0.734645  0.110081 0.37102 3
4.09991 1.8254 0.949569 0.977 28.438 0.774407 0.697102  0.0802328 0.394017 3
4.19991 1.89798 1.02124 0.986 30.602 0.725781 0.716771  0.0900023 0.377699 3
4.29996 1.96658 1.09644 0.99 32.763 0.685628 0.751571  0.0399787 0.376965 3
4.39987 2.02779 1.17132 0.995 34.892 0.612663 0.749479  0.0500467 0.371928 3
4.49994 2.09209 1.25279 0.993 37.076 0.642542 0.814113  -0.0199852 0.380898 3
4.59993 2.15105 1.33768 0.988 39.358 0.589621 0.84896  -0.0500059 0.398332 3
4.69989 2.19811 1.41762 0.99 41.703 0.470876 0.799736  0.0200085 0.409454 3
4.79989 2.24207 1.49765 0.979 44.121 0.439559 0.800309  -0.109992 0.421992 3
4.89984 2.2838 1.58588 0.97 46.54 0.417483 0.882762  -0.0900454 0.422408 3
4.9999 2.32205 1.6849 0.959 48.977 0.382309 0.989586  -0.109935 0.425084 3
5.10009 2.35539 1.77334 0.946 51.18 0.332783 0.882683  -0.129757 0.383777 3
5.20015 2.38229 1.87292 0.933 53.67 0.268761 0.995166  -0.129917 0.434309 3
5.40105 2.41249 2.06559 0.913 57.718 0.150346 0.959044  -0.0995533 0.351677 3
5.50189 2.41546 2.15606 0.915 55.654 0.0293899 0.897314  0.0198347 -0.357258 3
5.60267 2.41954 2.23755 0.907 51.76 0.0405763 0.808542  -0.0793792 -0.674357 3
5.7033 2.4284 2.31917 0.904 47.498 0.0880052 0.811004  -0.0298112 -0.739177 3
5.80361 2.44689 2.40057 0.914 43.337 0.18433 0.811532  0.0996908 -0.723986 3
5.90432 2.47515 2.47584 0.926 40.521 0.280584 0.747321  0.11915 -0.488005 3
6.00518 2.52373 2.53233 0.939 34.354 0.481723 0.560195  0.128902 -1.06726 3
6.10596 2.58975 2.5687 0.933 30.162 0.654996 0.360869  -0.0595334 -0.725952 3
6.2068 2.66683 2.59369 0.927 26.399 0.764357 0.247783  -0.0594973 -0.651265 3
6.30762 2.75361 2.60829 0.923 23.107 0.860759 0.144829  -0.0396757 -0.569904 3
6.40854 2.85152 2.60694 0.925 20.904 0.970255 -0.0134107  0.0198178 -0.380994 3
6.50927 2.95764 2.59308 0.928 20.821 1.0535 -0.137585  0.0297828 -0.0143814 3
6.60992 3.07424 2.57578 0.929 21.087 1.15837 -0.17188  0 0.0461248 3
6.71064 3.19726 2.54754 0.93 21.231 1.22151 -0.280327  0 0.0249534 3
6.81135 3.32971 2.51228 0.931 21.112 1.31515 -0.350193  0 -0.0206234 3
6.91204 3.46872 2.47611 0.933 20.76 1.38055 -0.359194  0.0198625 -0.0610126 3
7.01276 3.62201 2.4337 0.93 20.23 1.52194 -0.421099  -0.0297855 -0.0918415 3
7.11353 3.78758 2.39611 0.93 19.79 1.64297 -0.372946  0 -0.0762043 3
7.21408 3.95961 2.36349 0.93 19.393 1.7111 -0.324502  0 -0.0689166 3
7.31478 4.13654 2.34482 0.929 19.022 1.75695 -0.185343  0 -0.064302 3
7.41531 4.3124 2.33946 0.926 18.541 1.74934 -0.0533779  -0.0298418 -0.0835075 3
7.51604 4.49373 2.3262 0.925 18.015 1.80002 -0.131627  0 -0.0911347 3
7.61681 4.6749 2.30676 0.922 17.15 1.79794 -0.192902  -0.0297719 -0.149823 3
7.71737 4.85542 2.28387 0.92 16.294 1.79504 -0.227645  -0.0198875 -0.14856 3
7.81795 5.07505 2.34798 0.915 15.115 2.18365 0.637453  -0.0497123 -0.20459 3
7.91877 5.29744 2.42525 0.912 13.764 2.20584 0.766439  -0.0297559 -0.233876 3
8.01949 5.51896 2.49805 0.913 11.663 2.1994 0.722775  0 -0.364073 3
8.12088 5.73717 2.55798 0.916 8.671 2.15209 0.591016  0.0295879 -0.515029 3
8.22158 5.93238 2.59942 0.919 4.984 1.93862 0.411549  0.0297923 -0.639048 3
8.32231 6.10218 2.62377 0.935 1.38 1.68562 0.241788  0.158841 -0.624459 3
8.42285 6.2451 2.63389 0.951 -2.149 1.42158 0.100633  0.159137 -0.612603 3
8.52346 6.39732 2.57176 0.969 -5.197 1.51293 -0.617488  0.178906 -0.528745 3
8.62406 6.54264 2.46669 0.983 -7.17 1.44452 -1.04444  0.139165 -0.3423 3
8.72509 6.68334 2.3342 0.995 -9.164 1.39276 -1.31154  0.118788 -0.344504 3
8.82587 6.81489 2.19564 1.003 -10.236 1.30524 -1.37481  0.0793755 -0.185639 3
8.92661 6.9413 2.04616 1.002 -10.697 1.25489 -1.48386  0 -0.079874 3
9.0273 7.06048 1.93367 1.001 -10.449 1.18356 -1.11714  0 0.0429848 3
9.12802 7.17628 1.81597 1.006 -9.662 1.14978 -1.16858  0.0496422 0.136374 3
9.22884 7.29004 1.64049 1.011 -8.56 1.12833 -1.74062  0.049595 0.190778 3
9.32955 7.39681 1.45736 1.018 -7.134 1.06014 -1.81835  0.0695034 0.247118 3
9.43029 7.49513 1.29071 1.024 -5.146 0.975981 -1.65422  0.0595587 0.34442 3
9.53099 7.58492 1.12725 1.031 -2.646 0.891639 -1.62325  0.0695144 0.433305 3
9.63156 7.66876 0.99042 1.034 0.316999 0.833719 -1.36065  0.0298323 0.51425 3
9.7323 7.74341 0.884517 1.031 3.171 0.740932 -1.05116  -0.0297772 0.494418 3
9.83305 7.81301 0.803246 1.021 5.799 0.690875 -0.806679  -0.0992583 0.45527 3
9.93375 7.8806 0.743381 1.005 8.287 0.671172 -0.594473  -0.158884 0.431209 3
10.0345 7.92981 0.705529 0.988 10.683 0.488688 -0.375881  -0.168814 0.415263 3
10.1352 7.9786 0.690426 0.965 12.793 0.484153 -0.149879  -0.22825 0.365462 3
10.236 8.01678 0.694835 0.946 14.62 0.378782 0.0437372  -0.188492 0.316342 3
10.3369 8.06616 0.717922 0.925 16.144 0.489592 0.228895  -0.208204 0.263713 3
10.4376 8.12173 0.756607 0.907 17.584 0.551859 0.38419  -0.178763 0.2496 3
10.5383 8.17954 0.810375 0.895 18.636 0.573962 0.533801  -0.119133 0.182282 3
10.639 8.2307 0.873461 0.886 19.659 0.508168 0.626659  -0.0894012 0.177359 3
10.7397 8.29196 0.941797 0.884 20.393 0.608198 0.678456  -0.0198566 0.127189 3
10.8406 8.35881 1.01235 0.89 20.718 0.662466 0.69918  0.0594602 0.056213 3
10.9413 8.42424 1.08065 0.899 20.716 0.649904 0.678357  0.0893916 -0.000347177 3
11.0422 8.50342 1.14334 0.912 20.342 0.784813 0.621424  0.12885 -0.0646979 3
11.1426 8.58656 1.19673 0.921 19.756 0.828084 0.531805  0.0896458 -0.101874 3
11.2431 8.67759 1.2478 0.93 18.978 0.905621 0.508048  0.0895354 -0.135086 3
11.3437 8.7844 1.31508 0.934 18.297 1.06151 0.668599  0.039754 -0.118126 3
11.4445 8.91378 1.3942 0.94 16.923 1.28403 0.785231  0.0595476 -0.238 3
11.5454 9.0502 1.49099 0.943 15.247 1.35104 0.958556  0.0297099 -0.289688 3
11.646 9.20129 1.57013 0.944 13.206 1.50216 0.786771  0 -0.354148 3
11.7467 9.35533 1.66469 0.94 10.463 1.53054 0.939652  -0.0397454 -0.475696 3
11.8472 9.50373 1.75537 0.942 7.098 1.47575 0.901719  0.0198884 -0.584027 3
11.9478 9.64355 1.82766 0.948 3.924 1.38973 0.718487  0.059636 -0.550607 3
12.0485 9.76466 1.87969 0.951 -0.569 1.20376 0.517219  0.0298185 -0.779433 3
12.1494 9.86952 1.90468 0.95 -4.359 1.03857 0.247479  0 -0.655156 3
12.25 9.95487 1.90825 0.943 -7.345 0.848459 0.0355191  -0.0695904 -0.518106 3
12.3508 10.0296 1.89135 0.936 -10.184 0.74157 -0.167749  -0.0694636 -0.491702 3
12.4512 10.0973 1.85387 0.915 -12.724 0.674709 -0.37345  -0.209221 -0.441669 3
12.5516 10.1596 1.79491 0.892 -15.009 0.620169 -0.587031  -0.229 -0.397073 3
12.6523 10.2219 1.72617 0.88 -17.02 0.618292 -0.682437  -0.119141 -0.348475 3
12.753 10.2887 1.65106 0.866 -18.565 0.663516 -0.74625  -0.139095 -0.267911 3
12.8536 10.3623 1.57717 0.855 -19.797 0.731624 -0.733941  -0.109258 -0.213574 3
12.9543 10.442 1.50663 0.851 -20.516 0.791389 -0.700535  -0.0397253 -0.124627 3
13.0548 10.5246 1.43992 0.845 -20.984 0.822003 -0.663763  -0.0596985 -0.081271 3
13.1559 10.61 1.37878 0.845 -21.292 0.844628 -0.604779  0 -0.0531755 3
13.2002 10.6461 1.35403 0.844 -21.39 0.814421 -0.559267  -0.0225956 -0.0386481 3
13.2999 10.7337 1.29251 0.846 -21.721 0.878387 -0.616767  0.0200521 -0.0579209 3
13.3999 10.8383 1.23678 0.849 -21.917 1.04691 -0.557376  0.0300023 -0.0342109 3
13.4999 10.956 1.18016 0.856 -22.126 1.17675 -0.566163  0.0699939 -0.0364743 3
13.5999 11.0721 1.11653 0.864 -22.221 1.16129 -0.636555  0.0800298 -0.0165868 3
13.6999 11.1895 1.04819 0.87 -22.29 1.17431 -0.683425  0.0600055 -0.0120437 3
13.7999 11.3033 0.978889 0.876 -22.304 1.13731 -0.693007  0.0600006 -0.00244348 3
13.8999 11.4117 0.91093 0.882 -22.307 1.08463 -0.679553  0.0599964 -0.000523613 3
13.9999 11.5173 0.845153 0.896 -22.323 1.05549 -0.657778  0.140002 -0.00279253 3
14.0999 11.6269 0.780953 0.899 -22.398 1.09636 -0.642008  0.0300003 -0.0130901 3
14.1999 11.7407 0.716157 0.899 -22.464 1.13789 -0.647988  0 -0.0115196 3
14.2999 11.8654 0.653026 0.901 -22.543 1.24662 -0.631021  0.0199908 -0.0137818 3
14.4 11.994 0.59363 0.902 -22.642 1.28431 -0.593439  0 -0.0172638 3
14.5001 12.1269 0.535566 0.904 -22.69 1.32793 -0.579916  0.019975 -0.00836717 3
14.701 12.3738 0.42829 0.908 -22.445 1.22884 -0.533962  0.0199098 0.0212839 3
14.8018 12.5098 0.373956 0.91 -21.285 1.34978 -0.539161  0.0198463 0.200902 3
14.9025 12.6476 0.324713 0.91 -19.27 1.36841 -0.489254  0 0.349415 3
15.0031 12.7982 0.310153 0.912 -17.233 1.49618 -0.144615  0.0198643 0.353111 3
15.1039 12.9431 0.309535 0.913 -15.249 1.43824 0  0 0.343692 3
15.2048 13.0683 0.324862 0.912 -13.719 1.24151 0.151954  0 0.264754 3
15.3053 13.1632 0.344041 0.908 -12.808 0.943012 0.190726  -0.0397772 0.158114 3
15.4058 13.2378 0.36975 0.9 -12.386 0.742859 0.25589  -0.079628 0.0733104 3
15.5065 13.2569 0.378205 0.885 -12.225 0.189629 0.0839903  -0.149001 0.0279127 3
15.6072 13.2617 0.38055 0.865 -12.094 0.047841 0.0232833  -0.198553 0.0226984 3
15.7079 13.265 0.381668 0.843 -11.961 0.0331552 0.0111014  -0.218421 0.0230463 3
15.8087 13.272 0.385134 0.821 -12.074 0.0692681 0.0343861  -0.218296 -0.0195695 3
15.9001 13.2855 0.390425 0.81 -12.084 0.147087 0.0578896  -0.12034 -0.00190939 3
15.9999 13.3089 0.39952 0.8 -12.072 0.234911 0.0910981  -0.100163 0.0020978 3
16.0999 13.3302 0.40912 0.793 -12.04 0.213296 0.0960244  -0.0700194 0.00558661 3
16.1999 13.3772 0.421836 0.791 -12.005 0.469898 0.127191  -0.0200058 0.00611042 3
16.2999 13.4467 0.442631 0.78 -12.009 0.694746 0.207958  -0.110002 -0.000698138 3
16.3999 13.5135 0.461518 0.785 -11.998 0.667852 0.188863  0.0499979 0.00191977 3
16.4999 13.5956 0.488242 0.777 -12.005 0.820996 0.267219  -0.0799952 -0.00122165 3
16.5999 13.6921 0.523624 0.778 -12.182 0.965563 0.353864  0.0100011 -0.0308957 3
16.6999 13.793 0.550864 0.778 -12.283 1.00896 0.272386  0 -0.0176272 3
16.7999 13.9169 0.583447 0.78 -12.381 1.23911 0.325808  0.0199983 -0.0171028 3
16.8999 14.0642 0.61565 0.778 -12.472 1.47268 0.322045  -0.020001 -0.0158833 3
17.0003 14.2171 0.659275 0.775 -12.473 1.52307 0.434502  -0.0298796 -0.00017382 3
17.1002 14.3697 0.709363 0.773 -12.467 1.52686 0.501194  -0.0200125 0.00104784 3
17.3008 14.6982 0.873652 0.762 -13.187 1.63717 0.818901  -0.0548297 -0.0626373 3
17.4014 14.8651 0.962041 0.758 -15.549 1.65929 0.878717  -0.0397657 -0.409832 3
17.5023 15.034 1.04536 0.756 -19.659 1.6736 0.825727  -0.01982 -0.710874 3
17.6031 15.2042 1.11275 0.767 -25.102 1.68995 0.668738  0.10917 -0.942817 3
17.7002 15.373 1.16254 0.786 -29.837 1.73891 0.513068  0.195776 -0.851537 8
17.8002 15.5188 1.19374 0.809 -32.851 1.45692 0.311838  0.229846 -0.52569 8
17.9001 15.6004 1.20801 0.833 -34.226 0.816643 0.142838  0.240248 -0.240231 8
17.9999 15.6438 1.20705 0.838 -34.578 0.435592 0  0.050097 -0.0615546 8
18.1001 15.6666 1.19388 0.816 -34.506 0.227479 -0.131437  -0.219546 0.0125405 8
18.2 15.6702 1.1722 0.786 -34.469 0.0351887 -0.216926  -0.300242 0.00646271 8
18.3001 15.6535 1.14335 0.733 -34.693 -0.166234 -0.288489  -0.529979 -0.0390937 8
18.4002 15.6321 1.10896 0.7 -35.087 -0.214134 -0.34361  -0.329645 -0.0686921 8
18.5003 15.6134 1.07951 0.668 -35.55 -0.186706 -0.293923  -0.319455 -0.0806711 8
18.6001 15.592 1.05624 0.664 -35.759 -0.213952 -0.233174  -0.0400805 -0.0365508 8
18.7001 15.5714 1.0407 0.671 -36.068 -0.206773 -0.155375  0.0699977 -0.0539289 8
18.8001 15.5529 1.03476 0.694 -36.305 -0.184557 -0.0594827  0.230037 -0.0413708 8
18.9002 15.5345 1.03289 0.71 -36.386 -0.183774 -0.0186868  0.15992 -0.0141303 4
19.0001 15.5231 1.03221 0.736 -36.615 -0.11457 0  0.260051 -0.0399759 4
19.1001 15.5129 1.02986 0.75 -36.668 -0.101751 -0.0234721  0.140054 -0.00925372 9
19.2002 15.505 1.01926 0.731 -36.531 -0.0785295 -0.105916  -0.18983 0.0238894 9
19.3001 15.5004 0.99935 0.716 -36.478 -0.0461964 -0.199282  -0.15011 0.00925727 9
19.4002 15.4965 0.966196 0.64 -36.549 -0.0396119 -0.331219  -0.759275 -0.0123802 9
19.5001 15.4889 0.929999 0.573 -36.759 -0.0753029 -0.362299  -0.670603 -0.0366847 9
19.6002 15.4773 0.900811 0.511 -36.886 -0.116103 -0.291727  -0.619684 -0.0221545 9
19.7001 15.4616 0.893036 0.426 -37.16 -0.157647 -0.0778376  -0.850983 -0.0478773 9
19.8001 15.4368 0.891459 0.349 -37.417 -0.247773 -0.0157682  -0.769705 -0.0448378 9
19.9001 15.4045 0.878795 0.248 -37.62 -0.322649 -0.126687  -1.0104 -0.0354439 9
20.0001 15.3667 0.87128 0.169 -37.628 -0.378305 -0.0751442  -0.789947 -0.00139607 9
20.1002 15.3186 0.870421 0.093 -37.637 -0.480444 0  -0.759067 -0.001569 9
20.2001 15.2709 0.865149 0.022 -37.61 -0.477339 -0.0527596  -0.710496 0.00471575 9
20.3001 15.2234 0.85018 -0.035 -37.618 -0.474445 -0.149699  -0.57003 -0.00139657 9
20.4001 15.1685 0.825961 -0.063 -37.67 -0.549425 -0.242169  -0.279981 -0.0090751 9
20.5002 15.1163 0.806868 -0.068 -37.667 -0.521356 -0.19079  -0.0499624 0.000523251 9
20.6001 15.1163 0.806868 0 -37.987 0 0  0.680411 -0.0558842 2
20.7003 15.1163 0.806868 0 -38.349 0 0  0 -0.0630904 2
20.8003 15.1163 0.806868 0 -38.354 0 0  0 -0.000872917 2
20.9002 15.1163 0.806868 0 -38.336 0 0  0 0.00314467 2
21.0002 15.1163 0.806868 0 -38.33 0 0  0 0.00104721 2
21.1001 15.1163 0.806868 0 -38.319 0 0  0 0.00192075 2
21.2002 15.1163 0.806868 0 -38.312 0 0  0 0.00122128 2
21.3002 15.1163 0.806868 0 -38.303 0 0  0 0.00157017 2
21.4002 15.1163 0.806868 0 -38.295 0 0  0 0.00139676 2
21.5002 15.1163 0.806868 0 -38.286 0 0  0 0.00157008 2
21.6003 15.1163 0.806868 0 -38.28 0 0  0 0.00104678 2
21.7001 15.1163 0.806868 0 -38.277 0 0  0 0.000524322 2
21.8001 15.1163 0.806868 0 -38.267 0 0  0 0.00174471 2
21.9003 15.1163 0.806868 0 -38.264 0 0  0 0.000523017 2
22.0003 15.1163 0.806868 0 -38.259 0 0  0 0.000872939 2
22.1001 15.1163 0.806868 0 -38.251 0 0  0 0.00139769 2
22.2002 15.1163 0.806868 0 -38.242 0 0  0 0.00157042 2
22.3001 15.1163 0.806868 0 -38.216 0 0  0 0.00454121 2
22.4001 15.1163 0.806868 0 -38.208 0 0  0 0.00139593 2
22.5002 15.1163 0.806868 0 -38.194 0 0  0 0.00244181 2
22.6 15.1163 0.806868 0 -38.189 0 0  0 0.00087384 2
22.7001 15.1163 0.806868 0 -38.182 0 0  0 0.00122118 2
22.8002 15.1163 0.806868 0 -38.174 0 0  0 0.00139412 2
22.9002 15.1163 0.806868 0 -38.159 0 0  0 0.00261898 2
23.0001 15.1163 0.806868 0 -38.151 0 0  0 0.00139751 2
23.1001 15.1163 0.806868 0 -38.137 0 0  0 0.00244416 2
23.2 15.1163 0.806868 0 -38.127 0 0  0 0.00174625 2
23.3002 15.1163 0.806868 0 -38.114 0 0  0 0.00226449 2
23.4002 15.1163 0.806868 0 -38.102 0 0  0 0.00209451 2
23.5001 15.1163 0.806868 0 -38.093 0 0  0 0.00157218 2
23.6001 15.1163 0.806868 0 -38.084 0 0  0 0.00157051 2
23.7001 15.1163 0.806868 0 -38.075 0 0  0 0.00157113 2
23.8003 15.1163 0.806868 0 -38.066 0 0  0 0.00156874 2
23.9001 15.1163 0.806868 0 -38.054 0 0  0 0.00209759 2
24 15.1163 0.806868 0 -38.043 0 0  0 0.00192143 2
24.1 15.1163 0.806868 0 -38.039 0 0  0 0.000698259 2
24.2002 15.1163 0.806868 0 -38.031 0 0  0 0.00139353 2
24.3002 15.1163 0.806868 0 -38.02 0 0  0 0.00192081 2
24.4 15.1163 0.806868 0 -38.007 0 0  0 0.00227111 2
24.5001 15.1163 0.806868 0 -37.997 0 0  0 0.00174381 2
24.6002 15.1163 0.806868 0 -37.99 0 0  0 0.00122082 2
24.7001 15.1163 0.806868 0 -37.977 0 0  0 0.0022707 2
24.8 15.1163 0.806868 0 -37.968 0 0  0 0.00157258 2
24.9002 15.1163 0.806868 0 -37.962 0 0  0 0.00104515 2
25.0001 15.1163 0.806868 0 -37.959 0 0  0 0.000524131 2
25.1003 15.1163 0.806868 0 -37.941 0 0  0 0.0031359 2
25.2003 15.1163 0.806868 0 -37.935 0 0  0 0.00104728 2
25.3003 15.1163 0.806868 0 -37.933 0 0  0 0.000349229 2
25.4003 15.1163 0.806868 0 -37.908 0 0  0 0.00436321 2
25.5001 15.1163 0.806868 0 -37.893 0 0  0 0.00262151 2
25.6002 15.1163 0.806868 0 -37.89 0 0  0 0.000523439 2
25.7003 15.1163 0.806868 0 -37.876 0 0  0 0.00244102 2
25.8002 15.1163 0.806868 0 -37.859 0 0  0 0.0029685 2
25.9003 15.1163 0.806868 0 -37.853 0 0  0 0.001047 2
26.0001 15.1163 0.806868 0 -37.842 0 0  0 0.00192209 2
26.1002 15.1163 0.806868 0 -37.833 0 0  0 0.00157015 2
26.2003 15.1163 0.806868 0 -37.821 0 0  0 0.00209295 2
26.3001 15.1163 0.806868 0 -37.81 0 0  0 0.00192185 2
26.4003 15.1163 0.806868 0 -37.81 0 0  0 0 2
26.6003 15.1163 0.806868 0 -37.78 0 0  0 0.0026178 2
26.7003 15.1163 0.806868 0 -37.764 0 0  0 0.00279344 2
26.8002 15.1163 0.806868 0 -37.752 0 0  0 0.00209532 2
26.9 15.1163 0.806868 0 -37.748 0 0  0 0.000699597 2
27.0002 15.1163 0.806868 0 -37.722 0 0  0 0.00453189 2
27.1003 15.1163 0.806868 0 -37.72 0 0  0 0.000348862 2
27.2004 15.1163 0.806868 0 -37.713 0 0  0 0.00122033 2
27.3001 15.1163 0.806868 0 -37.698 0 0  0 0.00262368 2
27.4002 15.1163 0.806868 0 -37.685 0 0  0 0.00226883 2
27.5001 15.1163 0.806868 0 -37.684 0 0  0 0.000174444 2
27.6002 15.1163 0.806868 0 -37.683 0 0  0 0.000174656 2
27.7002 15.1163 0.806868 0 -37.661 0 0  0 0.00384049 2
27.8002 15.1163 0.806868 0 -37.65 0 0  0 0.0019205 2
27.9002 15.1163 0.806868 0 -37.639 0 0  0 0.00191966 2
28.0003 15.1163 0.806868 0 -37.633 0 0  0 0.00104618 2
28.1003 15.1163 0.806868 0 -37.631 0 0  0 0.000349094 2
28.3002 15.1163 0.806868 0 -37.606 0 0  0 0.0021824 2
28.4003 15.1163 0.806868 0 -37.577 0 0  0 0.00505907 2
28.5 15.1163 0.806868 0 -37.564 0 0  0 0.00227451 2
28.6001 15.1163 0.806868 0 -37.551 0 0  0 0.00226718 2
28.7 15.1163 0.806868 0 -37.537 0 0  0 0.00244741 2
28.8002 15.1163 0.806868 0 -37.527 0 0  0 0.00174178 2
28.9001 15.1163 0.806868 0 -37.518 0 0  0 0.00157143 2
29.0001 15.1163 0.806868 0 -37.506 0 0  0 0.00209462 2
29.1001 15.1163 0.806868 0 -37.498 0 0  0 0.00139578 2
29.2001 15.1163 0.806868 0 -37.49 0 0  0 0.00139649 2
29.3001 15.1163 0.806868 0 -37.476 0 0  0 0.00244419 2
29.4001 15.1163 0.806868 0 -37.463 0 0  0 0.00226741 2
29.5001 15.1163 0.806868 0 -37.452 0 0  0 0.00192057 2
29.6001 15.1163 0.806868 0 -37.446 0 0  0 0.00104688 2
29.7 15.1163 0.806868 0 -37.437 0 0  0 0.00157253 2
29.8001 15.1163 0.806868 0 -37.425 0 0  0 0.00209327 2
29.9003 15.1163 0.806868 0 -37.416 0 0  0 0.0015679 2
30.0001 15.1163 0.806868 0 -37.406 0 0  0 0.00174817 2
30.1 15.1163 0.806868 0 -37.395 0 0  0 0.0019218 2
30.2001 15.1163 0.806868 0 -37.387 0 0  0 0.00139482 2
30.3001 15.1163 0.806868 0 -37.38 0 0  0 0.00122208 2
30.4004 15.1163 0.806868 0 -37.37 0 0  0 0.00174006 2
30.5003 15.1163 0.806868 0 -37.357 0 0  0 0.00227101 2
30.6002 15.1163 0.806868 0 -37.347 0 0  0 0.00174698 2
30.7002 15.1163 0.806868 0 -37.343 0 0  0 0.000698106 2
30.8 15.1163 0.806868 0 -37.326 0 0  0 0.00297234 2
30.9 15.1163 0.806868 0 -37.314 0 0  0 0.00209478 2
31.0002 15.1163 0.806868 0 -37.308 0 0  0 0.00104527 2
31.1002 15.1163 0.806868 0 -37.294 0 0  0 0.00244362 2
