1388570247.123667120 -0.178504 -0.126806 0.99 15.479 -0.0302402 -0.0214821  0.167715 0.0457675 7
1388570247.223636822 -0.180963 -0.131169 0.962 15.653 -0.0246042 -0.0436506  -0.280085 0.0303779 7
1388570247.323637854 -0.186407 -0.138479 0.937 15.672 -0.0544349 -0.0730971  -0.249997 0.0033161 7
1388570247.423636881 -0.187836 -0.147397 0.934 15.596 -0.0142869 -0.0891814  -0.0300003 -0.0132647 7
1388570247.523628373 -0.19224 -0.155096 0.942 15.434 -0.0440454 -0.0769967  0.0800068 -0.0282767 7
1388570247.623635021 -0.195291 -0.159469 0.956 15.26 -0.0305136 -0.0437288  0.139991 -0.0303667 7
1388570247.723636510 -0.199583 -0.162786 0.966 15.097 -0.0429182 -0.0331657  0.0999985 -0.0284485 7
1388570247.823634950 -0.203833 -0.165127 0.974 14.965 -0.0424988 -0.023413  0.0800012 -0.0230387 7
1388570247.923642748 -0.204656 -0.164862 0.984 14.754 0 0  0.0999922 -0.0368237 7
1388570248.023635360 -0.206663 -0.164188 0.987 14.658 -0.0200715 0  0.0300022 -0.0167563 7
1388570248.123635460 -0.206379 -0.164203 0.986 14.616 0 0  0 -0.00733034 7
1388570248.223629717 -0.204122 -0.165351 0.982 14.562 0.0225637 -0.0114808  -0.0400023 -0.0094253 7
1388570248.323635949 -0.202234 -0.167855 0.981 14.573 0.0188791 -0.0250364  0 0.00191969 7
1388570248.423634597 -0.197103 -0.171957 0.984 14.67 0.0513129 -0.0410234  0.0300004 0.0169299 7
1388570248.523661029 -0.191252 -0.176237 0.991 14.734 0.0584959 -0.042784  0.0699815 0.0111672 4
1388570248.623676837 -0.187874 -0.180324 0.991 14.787 0.0337703 -0.0408701  0 0.0092487 4
1388570248.723624359 -0.182261 -0.184588 0.989 14.883 0.0561597 -0.0426637  -0.0200105 0.0167641 4
1388570248.823626583 -0.176248 -0.186646 0.988 14.982 0.060129 -0.0205751  0 0.0172784 4
1388570248.923626504 -0.171977 -0.188407 0.99 15.073 0.0427169 -0.0176118  0.02 0.0158824 4
1388570249.023647407 -0.163582 -0.187242 0.989 15.084 0.0839328 0.0116458  0 0.00191941 4
1388570249.123642712 -0.15802 -0.183598 0.989 15.155 0.0556182 0.0364438  0 0.0123924 4
1388570249.223634995 -0.153603 -0.179978 0.987 15.175 0.0441756 0.0362032  -0.0200015 0.00349101 4
1388570249.323634337 -0.148112 -0.174766 0.981 15.167 0.0549143 0.0521205  -0.0600004 -0.00139634 4
1388570249.423633867 -0.146006 -0.168705 0.984 15.16 0.0210577 0.0606139  0.0300001 -0.00122173 4
1388570249.523632543 -0.142203 -0.165421 0.982 15.177 0.0380264 0.0328417  -0.0200003 0.00296713 4
1388570249.623630932 -0.136562 -0.162455 0.985 15.164 0.056411 0.0296553  0.0300005 -0.00226905 4
1388570249.723635239 -0.132509 -0.16005 0.985 15.174 0.0405264 0.0240541  0 0.00174529 4
1388570249.823636559 -0.126536 -0.158515 0.99 15.212 0.0597314 0.0153445  0.0499993 0.00663218 4
1388570249.923635897 -0.119971 -0.155763 0.994 15.196 0.0656497 0.0275206  0.0400003 -0.00279251 4
1388570250.023634089 -0.117038 -0.152777 0.991 15.223 0.0293285 0.0298594  -0.0300005 0.00471238 4
1388570250.123635077 -0.112567 -0.148719 0.99 15.249 0.0447129 0.0405783  0 0.00453782 4
1388570250.223627990 -0.109551 -0.143945 0.986 15.314 0.0301661 0.0477418  -0.0400028 0.0113455 4
1388570250.323642992 -0.108832 -0.140449 0.986 15.356 0 0.0349633  0 0.00732925 4
1388570250.423624016 -0.106519 -0.134847 0.983 15.354 0.0231314 0.0560304  -0.0300057 -0.000349107 4
1388570250.523627278 -0.106061 -0.130616 0.984 15.363 0 0.0423044  0 0.00157071 4
1388570250.623619444 -0.104776 -0.126434 0.987 15.351 0.0128512 0.0418198  0.0300024 -0.00209457 4
1388570250.723620973 -0.10146 -0.12233 0.986 15.313 0.0331655 0.0410439  0 -0.00663217 4
1388570250.823628967 -0.100013 -0.118892 0.988 15.188 0.0144706 0.034381  0.0199984 -0.0218149 4
1388570250.923641211 -0.0975313 -0.115079 0.994 15.127 0.0248106 0.0381174  0.0599927 -0.0106452 4
1388570251.023634555 -0.093774 -0.111652 0.997 15.05 0.0375756 0.0342742  0.030002 -0.0134399 4
1388570251.123629291 -0.0928972 -0.108155 1.002 14.989 0 0.0349777  0.0500026 -0.010647 4
1388570251.223637074 -0.0909635 -0.105076 1.005 14.996 0.0193363 0.0307847  0.0299977 0.00122163 4
1388570251.323628693 -0.0882049 -0.101885 1.008 15.012 0.0275875 0.0319138  0.0300025 0.00279272 4
1388570251.423628667 -0.0858565 -0.100582 1.006 15.02 0.0234847 0.0130257  -0.02 0.00139633 4
1388570251.523637023 -0.0822358 -0.0982743 1.006 14.995 0.0362036 0.0230776  0 -0.00436306 4
1388570251.623629858 -0.0789481 -0.096895 1.006 14.968 0.0328795 0.0137934  0 -0.00471263 4
1388570251.723630886 -0.0761784 -0.096715 1.003 14.921 0.0276962 0  -0.0299997 -0.00820312 4
1388570251.823640847 -0.0728887 -0.0937684 1.004 14.885 0.0328941 0.0294627  0 -0.00628244 4
1388570251.923633124 -0.0703234 -0.0911046 1.003 14.906 0.0256545 0.0266401  -0.0100008 0.00366546 4
1388570252.023628782 -0.067125 -0.0892467 1.003 14.89 0.0319861 0.0185802  0 -0.00279261 4
1388570252.123642878 -0.0630776 -0.0871609 1.002 14.894 0.0404677 0.0208556  0 0.000697983 4
1388570252.223635619 -0.0593793 -0.0850849 0.999 14.927 0.0369859 0.020761  -0.0300022 0.00576 4
1388570252.323634029 -0.0554417 -0.0827364 1.003 14.988 0.0393768 0.0234854  0.0400006 0.0106467 4
1388570252.423636121 -0.0509547 -0.0816906 1.001 14.985 0.0448688 0.0104573  -0.0199996 -0.000523633 4
1388570252.523634833 -0.0477804 -0.0804669 1.007 15.013 0.0317434 0.0122374  0.0600008 0.00488696 4
1388570252.623633971 -0.0446847 -0.080195 1.007 15.06 0.0309576 0  0 0.00820327 4
1388570252.723641857 -0.0412342 -0.0809424 1.003 15.077 0.0345021 0  -0.0399968 0.00296669 4
1388570252.823633525 -0.0397039 -0.0821765 1.003 15.07 0.0153042 -0.0123418  0 -0.00122183 4
1388570252.923633072 -0.0364252 -0.0839155 1.001 15.08 0.0327873 -0.0173903  -0.0200001 0.00174538 4
1388570253.023629660 -0.0329884 -0.0871303 1.005 15.106 0.0343691 -0.0321498  0.0400014 0.00453801 4
1388570253.123627940 -0.0302482 -0.0878781 1.004 15.118 0.0274028 0  -0.0100002 0.00209445 4
1388570253.223633038 -0.0274563 -0.0871371 1 15.137 0.0279168 0  -0.039998 0.00331597 4
1388570253.323626086 -0.02759 -0.0863565 1.009 15.114 0 0  0.0900063 -0.0040145 4
1388570253.423628356 -0.0282277 -0.0848108 1.007 15.119 0 0.0154567  -0.0199995 0.000872665 4
1388570253.523633270 -0.0287125 -0.082696 1 15.095 0 0.0211472  -0.0699966 -0.00418861 4
1388570253.623632612 -0.0306733 -0.0819362 1.004 15.141 -0.0196081 0  0.0400003 0.00802848 4
1388570253.723635185 -0.0316825 -0.0805875 0.998 15.237 -0.0100917 0.0134859  -0.0599985 0.0167548 4
1388570253.823635581 -0.0320989 -0.0815247 0.993 15.291 0 0  -0.0499998 0.00942472 4
1388570253.923633407 -0.0329715 -0.0817046 0.995 15.339 0 0  0.0200004 0.00837765 4
1388570254.023632307 -0.0313995 -0.0820246 0.992 15.364 0.0157203 0  -0.0300003 0.00436347 4
1388570254.123633114 -0.0313048 -0.0803475 0.99 15.364 0 0.0167714  -0.0199998 0 4
1388570254.223636328 -0.0321212 -0.0773454 0.991 15.389 0 0.0300192  0 0.00436312 4
1388570254.323627191 -0.0331324 -0.0747879 0.991 15.41 -0.0101126 0.0255772  0 0.00366551 4
1388570254.423623950 -0.0352361 -0.0700313 0.994 15.382 -0.0210379 0.0475681  0.030001 -0.00488706 4
1388570254.523632826 -0.0365772 -0.0641865 0.991 15.436 -0.01341 0.0584428  -0.0299973 0.00942392 4
1388570254.623633763 -0.0375249 -0.0587236 0.99 15.399 0 0.0546284  0 -0.00645761 4
1388570254.723629181 -0.0395989 -0.0531557 0.99 15.467 -0.0207414 0.0556811  0 0.0118688 4
1388570254.823627392 -0.0395774 -0.0486872 0.989 15.477 0 0.0446867  -0.0100002 0.0017454 4
1388570254.923633750 -0.0400961 -0.0436911 0.988 15.479 0 0.0499569  0 0.000349018 4
1388570255.023643054 -0.0413764 -0.0388831 0.989 15.444 -0.0128018 0.0480764  0 -0.00610806 4
1388570255.123720244 -0.0280817 -0.0433608 0.989 -0.00699997 0.0144508 0.0513268  0 -2.69463 4
1388570255.223693892 -0.028584 -0.0350737 0.984 -0.0690002 0 0.0828927  -0.0500132 -0.0108239 4
1388570255.323658722 -0.0278027 -0.0260486 0.982 -0.174 0 0.090283  -0.020007 -0.0183323 4
1388570255.423662016 -0.027189 -0.0201788 0.984 -0.313001 0 0.0586963  0.0199993 -0.0242594 4
1388570255.523664506 -0.0281732 -0.0175273 0.986 -0.47 0 0.0265142  0.0199995 -0.0274009 4
1388570255.623650705 -0.027466 -0.018102 0.988 -0.552 0 0  0.0200028 -0.0143136 4
1388570255.723734722 -0.0266403 -0.0219872 0.994 -0.613 0 -0.0388191  0.0599496 -0.0106375 4
1388570255.823694216 -0.0249776 -0.0262458 0.993 -0.651 0.0166344 -0.0426038  -0.0100041 -0.00663496 4
1388570255.923693624 -0.0223417 -0.0309022 0.995 -0.68 0.0263587 -0.0465644  0.0200001 -0.00506153 4
1388570256.023660694 -0.0207544 -0.0366637 1.001 -0.731 0.0158782 -0.0576337  0.0600198 -0.00890405 4
1388570256.123703716 -0.0191868 -0.0412247 1.003 -0.712 0.0156697 -0.0455899  0.0199914 0.00331471 4
1388570256.223699509 -0.0167543 -0.0439733 1.006 -0.751 0.0243263 -0.027487  0.0300013 -0.00680716 4
1388570256.323700790 -0.0156265 -0.0484135 1.006 -0.732 0.0112774 -0.0444022  0 0.00331609 4
1388570256.524142098 -0.011031 -0.0536001 1.001 -0.738 0.0229269 -0.0258756  -0.024945 -0.000522408 3
1388570256.624415155 -0.0103415 -0.0559254 0.996 -0.679 0 -0.0231905  -0.0498638 0.0102694 3
1388570256.724679567 -0.0080406 -0.0578911 0.995 -0.621 0.0229485 -0.019605  0 0.0100961 3
1388570256.824967475 -0.00625959 -0.0572096 0.994 -1.795 0.0177591 0  0 -0.204313 3
1388570256.925224188 -0.00367539 -0.054846 0.992 -4.351 0.0257758 0.0235754  -0.0199488 -0.444964 3
1388570257.025491490 0.00590069 -0.0553163 0.992 -7.038 0.0955055 0  0 -0.46772 3
1388570257.125743816 0.0199172 -0.0609672 0.992 -9.292 0.139813 -0.0563662  0 -0.392407 3
1388570257.225991624 0.0485416 -0.072287 0.99 -11.534 0.285536 -0.112919  -0.0199506 -0.390336 3
1388570257.326244673 0.0867812 -0.0914108 0.985 -13.217 0.38143 -0.190755  -0.0498738 -0.292998 3
1388570257.426492946 0.137361 -0.120296 0.982 -14.86 0.504545 -0.288134  -0.0299257 -0.286047 3
1388570257.526739210 0.195951 -0.154164 0.976 -16.296 0.584462 -0.337852  -0.0598526 -0.250014 3
1388570257.626994640 0.259138 -0.192833 0.974 -17.715 0.630259 -0.385704  -0.019949 -0.247031 3
1388570257.727259731 0.327149 -0.232873 0.971 -18.971 0.678307 -0.399338  -0.0299207 -0.218634 3
1388570257.827519501 0.388853 -0.271885 0.97 -20.233 0.615442 -0.389115  0 -0.21969 3
1388570257.927768519 0.44582 -0.310336 0.972 -21.59 0.568263 -0.383552  0.0199503 -0.236253 3
1388570258.028022865 0.501116 -0.347673 0.986 -22.935 0.551552 -0.372427  0.139645 -0.234151 3
1388570258.128278685 0.554028 -0.383541 0.976 -24.273 0.527775 -0.357764  -0.0997448 -0.232929 3
1388570258.228530829 0.600908 -0.417879 0.973 -25.51 0.46762 -0.342511  -0.0299245 -0.215354 3
1388570258.328779244 0.646101 -0.451241 0.973 -26.682 0.450803 -0.332792  0 -0.204046 3
1388570258.429033142 0.688671 -0.484978 0.973 -27.836 0.42463 -0.336518  0 -0.200901 3
1388570258.529287410 0.727672 -0.51852 0.976 -28.908 0.389012 -0.334569  0.0299239 -0.186625 3
1388570258.629542238 0.766236 -0.551877 0.976 -29.42 0.384663 -0.332724  0 -0.0891337 3
1388570258.729805630 0.80413 -0.586986 0.98 -30.852 0.377946 -0.350166  0.0398949 -0.249275 3
1388570258.830064438 0.839897 -0.624215 0.983 -31.723 0.356743 -0.371328  0.0299226 -0.151626 3
1388570258.930347736 0.874199 -0.663238 0.988 -32.581 0.342052 -0.389131  0.0498588 -0.149326 3
1388570259.030605023 0.909762 -0.70386 0.99 -33.375 0.35472 -0.405177  0.0199487 -0.138224 3
1388570259.130856037 0.943469 -0.745112 0.994 -34.26 0.336226 -0.411484  0.0398998 -0.154075 3
1388570259.231109834 0.975927 -0.78812 0.996 -34.962 0.32376 -0.429  0.0199494 -0.122212 3
1388570259.331362169 1.00637 -0.831509 0.997 -35.466 0.303628 -0.432796  0 -0.0877431 3
1388570259.431611396 1.03721 -0.877395 0.998 -35.678 0.307664 -0.457714  0 -0.036909 3
1388570259.531872839 1.06166 -0.924294 0.999 -36.035 0.243902 -0.467771  0 -0.0621458 3
1388570259.632129543 1.0897 -0.965088 1.001 -36.381 0.279692 -0.406889  0.0199488 -0.0602339 3
1388570259.732385938 1.11528 -1.00729 1.003 -36.551 0.255091 -0.420943  0.0199489 -0.0295947 3
1388570259.832642522 1.14776 -1.05249 1.006 -36.626 0.323943 -0.450894  0.0299232 -0.0130563 3
1388570259.932899873 1.18226 -1.09832 1.005 -36.62 0.344136 -0.457079  0 0.00104427 3
1388570260.033150950 1.21478 -1.13959 1.004 -36.672 0.324448 -0.41171  0 -0.00905299 3
1388570260.133399788 1.25039 -1.179 1.001 -36.63 0.355159 -0.393073  -0.0299255 0.00731216 3
1388570260.233660400 1.28754 -1.21384 1.001 -36.78 0.370567 -0.347487  0 -0.0261118 3
1388570260.333913100 1.31886 -1.24685 0.999 -37.039 0.312378 -0.329293  -0.0199496 -0.0450899 3
1388570260.434184600 1.35578 -1.27129 1.001 -37.225 0.368193 -0.243724  0.0199458 -0.0323754 3
1388570260.534451723 1.40727 -1.2963 1.002 -37.267 0.513592 -0.249414  0 -0.00731082 3
1388570260.634807392 1.4404 -1.31516 1.007 -37.541 0.330103 -0.18799  0.0498228 -0.0476526 3
1388570260.735068118 1.4659 -1.33003 1.004 -37.901 0.254288 -0.148286  -0.029922 -0.0626686 3
1388570260.835413930 1.50033 -1.35153 1.003 -38.247 0.343161 -0.214242  0 -0.0601801 3
1388570260.935763011 1.53207 -1.3741 0.997 -38.476 0.31625 -0.224921  -0.0597913 -0.039829 3
1388570261.036012717 1.57163 -1.39754 0.996 -38.833 0.394663 -0.233818  0 -0.0621531 3
1388570261.136263496 1.61093 -1.41867 1 -39.391 0.392003 -0.210745  0.0398999 -0.0971458 3
1388570261.236525464 1.65956 -1.44523 0.999 -39.94 0.485042 -0.264904  0 -0.0955682 3
1388570261.337267198 1.71373 -1.47442 1.005 -40.14 0.537671 -0.289751  0.0595582 -0.0346494 3
1388570261.437507370 1.77382 -1.50361 1.009 -40.073 0.599447 -0.291179  0.0399042 0.0116656 3
1388570261.537754736 1.83672 -1.53438 1.013 -39.873 0.627509 -0.307033  0.0399013 0.0348203 3
1388570261.638003573 1.90205 -1.56634 1.017 -39.664 0.651621 -0.318799  0.0399007 0.0363871 3
1388570261.738289211 1.9579 -1.59063 1.018 -39.384 0.556956 -0.242182  0 0.0487298 3
1388570261.838541490 1.99434 -1.60572 1.018 -39 0.363471 -0.150538  0 0.0668521 3
1388570261.938790645 2.01896 -1.61121 1.013 -38.569 0.245533 -0.0547588  -0.0498757 0.0750367 3
1388570262.039037910 2.03787 -1.61605 1.009 -38.061 0.188657 -0.0482501  -0.0399013 0.0884439 3
1388570262.139287130 2.05873 -1.61558 0.999 -37.667 0.208071 0  -0.0997514 0.0685952 3
1388570262.239535561 2.08422 -1.61606 0.986 -37.246 0.254336 0  -0.129678 0.0732962 3
1388570262.339783053 2.13816 -1.63724 0.977 -36.861 0.538036 -0.211204  -0.0897778 0.0670293 3
1388570262.440026094 2.19668 -1.66287 0.973 -36.503 0.583787 -0.255736  -0.039903 0.0623313 3
1388570262.540288059 2.2606 -1.68892 0.965 -36.122 0.637494 -0.259782  -0.079791 0.0663234 3
1388570262.640527867 2.33361 -1.72185 0.957 -35.449 0.728386 -0.328567  -0.0798086 0.11718 3
1388570262.740796527 2.39851 -1.74651 0.953 -34.692 0.647298 -0.245906  -0.0398928 0.131767 3
1388570262.841048440 2.45329 -1.7818 0.955 -33.718 0.546432 -0.352045  0.0199497 0.169568 3
1388570262.941290514 2.48549 -1.80626 0.951 -32.558 0.321149 -0.243953  -0.0399034 0.201969 3
1388570263.041539453 2.52362 -1.83303 0.949 -31.345 0.380329 -0.267046  -0.0199503 0.211183 3
1388570263.141796454 2.56251 -1.86434 0.949 -30.332 0.38791 -0.312259  0 0.176349 3
1388570263.242046393 2.57748 -1.87256 0.945 -28.985 0.149377 -0.0820375  -0.0399003 0.23451 3
1388570263.342338280 2.59094 -1.87952 0.946 -28.061 0.134211 -0.0693998  0 0.160799 3
1388570263.442592401 2.60461 -1.88435 0.948 -27.35 0.136362 -0.0481345  0.0199493 0.123778 3
1388570263.542861335 2.61857 -1.8901 0.948 -26.941 0.139165 -0.0573915  0 0.0711926 3
1388570263.643125010 2.64492 -1.90018 0.968 -25.8 0.262854 -0.100562  0.199474 0.198618 3
1388570263.743384847 2.68864 -1.91906 0.964 -25.467 0.436097 -0.188302  -0.0398963 0.0579689 3
1388570263.843654443 2.73654 -1.92332 0.949 -24.746 0.477638 -0.0424844  -0.149597 0.1255 3
1388570263.943938134 2.7923 -1.93265 0.939 -24.075 0.556043 -0.0929868  -0.0997171 0.11678 3
1388570264.044198430 2.8526 -1.93779 0.935 -23.576 0.601498 -0.0512462  -0.0398962 0.0868658 3
1388570264.144476197 2.92192 -1.94497 0.927 -22.019 0.691224 -0.0716663  -0.0797784 0.270995 3
1388570264.244734442 2.99339 -1.95912 0.915 -21 0.712859 -0.141116  -0.119691 0.177391 3
1388570264.344992789 3.05989 -1.9839 0.908 -20.243 0.663266 -0.247144  -0.0698196 0.131781 3
1388570264.445236577 3.11913 -2.01096 0.911 -19.456 0.590955 -0.269992  0.029927 0.137023 3
1388570264.545487636 3.1748 -2.03583 0.91 -18.5 0.555319 -0.248061  0 0.166436 3
1388570264.645776242 3.22323 -2.05032 0.91 -17.566 0.482974 -0.144502  0 0.162545 3
1388570264.746043059 3.26493 -2.06344 0.917 -16.483 0.415864 -0.130779  0.0698137 0.188516 3
1388570264.846292472 3.31025 -2.07776 0.928 -15.454 0.452071 -0.142845  0.109726 0.179148 3
1388570264.946546237 3.36004 -2.08367 0.939 -14.448 0.496603 -0.0589782  0.109722 0.175136 3
1388570265.046797715 3.40603 -2.09245 0.951 -13.537 0.458741 -0.0875693  0.119699 0.158601 3
1388570265.147053033 3.45437 -2.09068 0.957 -12.77 0.482171 0.0176637  0.0598472 0.133526 3
1388570265.247310188 3.50485 -2.08512 0.963 -11.98 0.503562 0.0554386  0.0598461 0.137527 3
1388570265.347552257 3.55034 -2.07261 0.968 -10.895 0.453799 0.124844  0.0498793 0.188911 3
1388570265.447827330 3.58482 -2.06272 0.968 -9.732 0.343823 0.0986058  0 0.202425 3
1388570265.548076250 3.61055 -2.04834 0.966 -8.674 0.256667 0.143378  -0.0199503 0.184197 3
1388570265.648321552 3.65169 -2.03266 0.97 -7.702 0.410416 0.156428  0.0399021 0.169231 3
1388570265.748554741 3.71252 -2.01942 0.968 -7.035 0.60689 0.132086  -0.0199535 0.116143 3
1388570265.848813446 3.78001 -2.01493 0.964 -6.398 0.673106 0.0448642  -0.0398968 0.11089 3
1388570265.949054579 3.84964 -2.0063 0.947 -5.849 0.694607 0.0860519  -0.169591 0.0955882 3
1388570266.049335467 3.91986 -1.99215 0.937 -5.418 0.700292 0.141133  -0.0997199 0.0750129 3
1388570266.149581375 3.98585 -1.98426 0.926 -4.966 0.658225 0.0786398  -0.10973 0.0786953 3
1388570266.249851242 4.04871 -1.96834 0.92 -4.599 0.62699 0.158826  -0.0598385 0.0638813 3
1388570266.350444308 4.10579 -1.95168 0.919 -4.233 0.567351 0.165555  0 0.0635025 3
1388570266.450686705 4.15094 -1.94318 0.919 -3.823 0.450409 0.0848265  0 0.0713854 3
1388570266.550928085 4.19349 -1.93581 0.92 -3.412 0.424551 0.0734864  0 0.0715602 3
1388570266.651176235 4.23984 -1.93895 0.918 -3.017 0.462315 -0.0312792  -0.0199505 0.0687699 3
1388570266.751422141 4.28459 -1.94406 0.916 -2.5 0.446436 -0.0509805  -0.0199509 0.0900122 3
1388570266.851701732 4.32404 -1.93213 0.914 -2.101 0.393379 0.118983  -0.0199442 0.0694445 3
1388570266.951965878 4.36955 -1.92833 0.915 -1.625 0.453865 0.0379016  0 0.0828588 3
1388570267.052234427 4.4107 -1.92135 0.917 -1.157 0.410381 0.0696475  0.0199464 0.0814625 3
1388570267.152482649 4.45129 -1.92067 0.917 -0.769 0.404973 0  0 0.0675512 3
1388570267.252731958 4.50591 -1.92128 0.915 -0.485001 0.544829 0  -0.0199503 0.049444 3
1388570267.352976983 4.56803 -1.90665 0.913 -0.218 0.619619 0.145962  -0.0199511 0.0464864 3
1388570267.453230114 4.63406 -1.9008 0.915 0.0450001 0.65867 0.0583543  0.0199495 0.0457863 3
1388570267.553480454 4.71002 -1.89006 0.915 0.311 0.757742 0.107113  0 0.0463098 3
1388570267.653729852 4.79136 -1.87289 0.915 0.554999 0.811318 0.171249  0 0.04248 3
1388570267.753980157 4.84878 -1.86942 0.914 0.732 0.57281 0.034571  0 0.0308154 3
1388570267.854232518 4.90866 -1.85999 0.919 0.883999 0.597265 0.0940746  0.0498741 0.026462 3
1388570267.954485510 4.9734 -1.85013 0.925 1.09 0.645725 0.0983754  0.0598486 0.0358633 3
1388570268.054768781 5.03275 -1.85173 0.929 1.313 0.591818 -0.0159776  0.039887 0.0388108 3
1388570268.155019175 5.07887 -1.85119 0.931 1.536 0.46006 0  0.01995 0.0388236 3
1388570268.255268661 5.09904 -1.84828 0.93 1.859 0.201234 0.0290038  0 0.0562338 3
1388570268.355517955 5.10819 -1.84298 0.931 2.154 0.0912391 0.0528596  0 0.0513592 3
1388570268.455758794 5.11991 -1.84606 0.929 2.448 0.116938 -0.0306955  -0.0199519 0.0511895 3
1388570268.556021599 5.13188 -1.84489 0.929 2.721 0.119445 0.0116134  0 0.0475227 3
1388570268.656283861 5.14514 -1.84105 0.923 2.961 0.13224 0.038347  -0.0598431 0.0417783 3
1388570268.756537111 5.15888 -1.8309 0.919 3.177 0.137065 0.101262  -0.039899 0.0376038 3
1388570268.856788009 5.18227 -1.82475 0.913 3.417 0.233221 0.0613095  -0.0598498 0.041783 3
1388570268.957037545 5.21627 -1.81816 0.91 3.615 0.339202 0.0657873  -0.0299253 0.0344715 3
1388570269.057286966 5.2785 -1.80231 0.908 3.779 0.620794 0.158019  -0.0199502 0.0285521 3
1388570269.157529661 5.3573 -1.79539 0.91 3.879 0.786031 0.0690445  0.0199516 0.0174111 3
1388570269.257789443 5.4291 -1.77849 0.907 3.921 0.716185 0.168616  -0.0299223 0.00731136 3
1388570269.358045142 5.49611 -1.75347 0.907 3.928 0.668329 0.249552  0 0.00121861 3
1388570269.458292637 5.55805 -1.73619 0.913 3.739 0.617942 0.172351  0.0598519 -0.0329051 3
1388570269.558548885 5.61874 -1.71604 0.924 3.521 0.605326 0.201014  0.109719 -0.037951 3
1388570269.658789340 5.67325 -1.70006 0.924 3.413 0.543821 0.159374  0 -0.0188043 3
1388570269.759055959 5.73412 -1.70144 0.931 3.337 0.607001 -0.013691  0.0698139 -0.0132293 3
1388570269.859304973 5.79681 -1.69843 0.936 3.364 0.625397 0.0300234  0.0498758 0.00470076 3
1388570269.959554896 5.86178 -1.68615 0.941 3.391 0.648096 0.122421  0.0498754 0.00470038 3
1388570270.059819441 5.92677 -1.66901 0.946 3.448 0.648184 0.170945  0.0498681 0.00992232 3
1388570270.160082058 5.99094 -1.64865 0.946 3.523 0.639978 0.203079  0 0.0130555 3
1388570270.260342215 6.04503 -1.62799 0.953 3.584 0.53946 0.206043  0.0698184 0.010619 3
1388570270.360607298 6.07753 -1.60945 0.957 3.585 0.324157 0.184992  0.0398942 0.000173976 3
1388570270.460872833 6.08225 -1.58859 0.959 3.503 0.0470829 0.207963  0.019947 -0.0142736 3
1388570270.561110369 6.0893 -1.58781 0.959 3.46 0.0703167 0  0 -0.00748734 3
1388570270.661356525 6.10353 -1.59954 0.955 3.453 0.141973 -0.117028  -0.0399018 -0.00121873 3
1388570270.761614287 6.13499 -1.61515 0.949 3.488 0.313808 -0.155712  -0.0598457 0.00609292 3
1388570270.861862532 6.19333 -1.64631 0.937 3.421 0.581972 -0.310831  -0.119703 -0.0116647 3
1388570270.962102954 6.27387 -1.68972 0.929 3.57 0.803406 -0.433057  -0.0798081 0.0259431 3
1388570271.062361816 6.35766 -1.72068 0.92 4.067 0.835736 -0.308772  -0.0897676 0.0865189 3
1388570271.162612588 6.44723 -1.75201 0.915 4.84 0.893463 -0.312496  -0.0498749 0.134577 3
1388570271.262861336 6.53001 -1.77255 0.913 5.976 0.825761 -0.204944  -0.0199504 0.197777 3
1388570271.363433670 6.60247 -1.7834 0.915 7.119 0.720529 -0.107812  0.0198862 0.198356 3
1388570271.463692480 6.66289 -1.78624 0.913 8.164 0.60263 -0.0283408  -0.0199484 0.181916 3
1388570271.563939657 6.71202 -1.76081 0.913 9.068 0.490108 0.253656  0 0.157389 3
1388570271.664186991 6.76699 -1.74356 0.916 9.852 0.548327 0.172019  0.029926 0.136496 3
1388570271.764435756 6.82011 -1.73532 0.912 10.538 0.529872 0.0822369  -0.0399007 0.119433 3
1388570271.864681861 6.87304 -1.73125 0.91 11.156 0.527966 0.0406361  -0.0199509 0.107597 3
1388570271.964930666 6.90463 -1.72986 0.904 11.783 0.315186 0.0138376  -0.0598511 0.10916 3
1388570272.065168444 6.91663 -1.72961 0.902 12.36 0.119679 0  -0.0199526 0.100467 3
1388570272.165418466 6.92875 -1.72709 0.9 12.883 0.120922 0.0251383  -0.0199501 0.0910529 3
1388570272.265678871 6.95087 -1.72257 0.901 13.328 0.220545 0.0450761  0 0.0774654 3
1388570272.365940065 6.98016 -1.71602 0.899 13.734 0.292194 0.0653435  -0.0199479 0.0706758 3
1388570272.466219293 7.03286 -1.70526 0.899 14.028 0.525558 0.107295  0 0.0511699 3
1388570272.566476691 7.09885 -1.68894 0.897 14.37 0.658187 0.162816  -0.0199487 0.0595368 3
1388570272.666722783 7.1681 -1.6747 0.896 14.65 0.690745 0.142011  0 0.0487494 3
1388570272.766975480 7.23504 -1.65971 0.894 14.797 0.667774 0.149573  -0.0199496 0.0255916 3
1388570272.867227091 7.33406 -1.63493 0.891 14.888 0.987652 0.247118  -0.0299247 0.0158429 3
1388570272.967474099 7.43445 -1.61003 0.894 14.887 1.00148 0.248369  0.0299261 -0.000174339 3
1388570273.067735929 7.52405 -1.58936 0.9 14.98 0.893639 0.20619  0.0598433 0.0161892 3
1388570273.167983189 7.60413 -1.57098 0.905 14.952 0.798825 0.183376  0.0498767 -0.00487485 3
1388570273.268290155 7.66924 -1.55715 0.914 14.878 0.649121 0.137828  0.0897246 -0.0128758 3
1388570273.368549205 7.72136 -1.54788 0.922 14.85 0.519823 0.0924887  0.0797933 -0.00487427 3
1388570273.468801699 7.76376 -1.54136 0.927 14.83 0.422996 0.0649918  0.0498741 -0.00348195 3
1388570273.569055827 7.79837 -1.53705 0.928 14.841 0.345217 0.0430312  0 0.00191494 3
1388570273.669308676 7.83064 -1.53218 0.926 14.841 0.32189 0.0485716  -0.0199496 0 3
1388570273.769550508 7.86427 -1.52707 0.922 14.829 0.3355 0.0509696  -0.0399035 -0.00208919 3
1388570273.869831130 7.89757 -1.52084 0.92 14.881 0.332036 0.0621368  -0.019944 0.00905032 3
1388570273.970087355 7.93247 -1.51404 0.917 14.927 0.348131 0.0678256  -0.0299233 0.00800791 3
1388570274.070348054 7.97056 -1.50689 0.915 14.981 0.379868 0.0713024  -0.019948 0.00940009 3
1388570274.170606795 8.01216 -1.49731 0.907 15.032 0.414915 0.0955803  -0.0797935 0.00887831 3
1388570274.270858877 8.05247 -1.48661 0.902 15.079 0.402142 0.106729  -0.0498743 0.00818258 3
1388570274.371104497 8.09988 -1.47442 0.896 15.086 0.472912 0.121585  -0.059853 0.00121873 3
1388570274.471353914 8.15531 -1.45672 0.896 15.142 0.552913 0.176554  0 0.00974948 3
1388570274.571603415 8.20386 -1.43182 0.893 15.174 0.484289 0.248355  -0.0299253 0.00557108 3
1388570274.671854408 8.25591 -1.4052 0.892 15.124 0.519173 0.265528  0 -0.00870467 3
1388570274.772126178 8.32401 -1.36621 0.891 14.983 0.679204 0.388847  0 -0.0245426 3
1388570274.872370493 8.3799 -1.32954 0.891 14.724 0.557468 0.365859  0 -0.045094 3
1388570274.972613899 8.43 -1.298 0.895 14.299 0.499787 0.314599  0.0399029 -0.0739962 3
1388570275.072868536 8.46846 -1.27145 0.894 13.752 0.383657 0.264815  0 -0.0952272 3
1388570275.173126294 8.5142 -1.24469 0.897 13.1 0.456259 0.266981  0.0299229 -0.113503 3
1388570275.273378416 8.56419 -1.22022 0.903 12.443 0.498616 0.244028  0.0598491 -0.11438 3
1388570275.373626603 8.61498 -1.19965 0.906 11.867 0.506674 0.205218  0.0299257 -0.100282 3
1388570275.473875557 8.66958 -1.17547 0.904 11.244 0.544572 0.241236  -0.0199503 -0.108464 3
1388570275.574140412 8.72336 -1.1454 0.902 10.695 0.536409 0.299835  -0.0199472 -0.0955654 3
1388570275.674400486 8.77894 -1.11931 0.903 10.144 0.554384 0.260203  0 -0.0959183 3
1388570275.774653413 8.83507 -1.09888 0.899 9.589 0.55987 0.203872  -0.0398991 -0.0966211 3
1388570275.874907178 8.89156 -1.0737 0.894 8.767 0.563431 0.251076  -0.0498734 -0.143103 3
1388570275.975164385 8.94695 -1.04805 0.889 8.227 0.552508 0.255922  -0.0498717 -0.0940061 3
1388570276.075416523 9.00123 -1.02565 0.883 7.328 0.541446 0.223423  -0.0598491 -0.156511 3
1388570276.175670164 9.05505 -1.00603 0.88 6.795 0.53683 0.195692  -0.0299241 -0.0927905 3
1388570276.275926719 9.1087 -0.985662 0.875 5.98 0.535161 0.203151  -0.0498721 -0.14188 3
1388570276.377709169 9.15139 -0.971397 0.869 5.389 0.419378 0.140146  -0.0589493 -0.101343 3
1388570276.477957075 9.16257 -0.960172 0.86 4.868 0.111486 0.111975  -0.0897774 -0.0907068 3
1388570276.578207850 9.16997 -0.955299 0.852 4.394 0.0738831 0.048608  -0.0797999 -0.0825218 3
1388570276.678459401 9.17987 -0.958696 0.847 4.089 0.0986835 -0.0338859  -0.0498745 -0.0530987 3
1388570276.778708190 9.19604 -0.968726 0.841 3.89 0.161359 -0.100047  -0.0598511 -0.0346461 3
1388570276.878958252 9.22184 -0.983822 0.841 3.701 0.257357 -0.150584  0 -0.0329043 3
1388570276.979205557 9.25768 -1.00111 0.838 3.497 0.357462 -0.172428  -0.029926 -0.035517 3
1388570277.079446546 9.30562 -1.0129 0.833 3.393 0.478326 -0.117604  -0.0498798 -0.0181078 3
1388570277.179701458 9.36255 -1.01539 0.835 3.305 0.567832 -0.024877  0.0199491 -0.0153197 3
1388570277.280060877 9.43262 -1.11056 0.836 3.48 0.698171 -0.948294  0 0.0304337 3
1388570277.380307965 9.50154 -1.22524 0.845 3.921 0.687472 -1.14397  0.0897782 0.0767793 3
1388570277.480554083 9.57169 -1.33991 0.853 4.925 0.699773 -1.14385  0.0798036 0.174801 3
1388570277.580806434 9.64291 -1.44844 0.864 6.575 0.71046 -1.08262  0.109723 0.287254 3
1388570277.681065432 9.71068 -1.53113 0.876 8.761 0.675922 -0.824777  0.11969 0.380544 3
1388570277.781310965 9.76945 -1.59675 0.887 11.249 0.586237 -0.654579  0.109731 0.433174 3
1388570277.881584530 9.81656 -1.64623 0.895 13.808 0.469836 -0.493448  0.0797817 0.445411 3
1388570277.981842988 9.85242 -1.6733 0.904 16.263 0.357672 -0.270016  0.089768 0.427374 3
1388570278.082099264 9.87924 -1.68686 0.908 17.797 0.267564 -0.135185  0.0398978 0.267049 3
1388570278.182358491 9.90328 -1.69713 0.905 18.196 0.239747 -0.102487  -0.0299224 0.0694583 3
1388570278.282609418 9.92733 -1.68084 0.91 22.55 0.239912 0.162497  0.0498749 0.758014 3
1388570278.382863525 9.95054 -1.65347 0.908 24.183 0.231519 0.273022  -0.0199493 0.28429 3
1388570278.483124669 9.97564 -1.61825 0.906 25.752 0.250359 0.351281  -0.0199479 0.273129 3
1388570278.583403022 10.0032 -1.57725 0.901 26.861 0.27454 0.408837  -0.0498612 0.19302 3
1388570278.683651199 10.0364 -1.5234 0.897 27.685 0.331032 0.537223  -0.039901 0.143459 3
1388570278.783912233 10.0719 -1.46578 0.901 28.154 0.354298 0.574635  0.0398959 0.0816425 3
1388570278.884198230 10.1104 -1.40262 0.901 28.274 0.38364 0.629785  0 0.020884 3
1388570278.984480313 10.1507 -1.33908 0.905 28.138 0.402489 0.633669  0.0398875 -0.0236693 3
1388570279.084776648 10.1929 -1.27776 0.904 27.78 0.420238 0.611376  0 -0.0622985 3
1388570279.185032554 10.2356 -1.22133 0.909 27.152 0.426129 0.562901  0.0498724 -0.109327 3
1388570279.285299148 10.2793 -1.16847 0.907 26.432 0.43617 0.527163  -0.0199468 -0.12533 3
1388570279.385547850 10.3235 -1.11976 0.912 25.502 0.440838 0.485911  0.049876 -0.161913 3
1388570279.485792583 10.3702 -1.07427 0.911 24.465 0.465569 0.453766  0 -0.180549 3
1388570279.586049106 10.4189 -1.03168 0.904 23.368 0.486001 0.424796  -0.0698209 -0.190973 3
1388570279.686307387 10.4664 -0.992098 0.899 22.237 0.473366 0.394813  -0.0498712 -0.196888 3
1388570279.786564110 10.5165 -0.954362 0.894 21.001 0.499874 0.376389  -0.049872 -0.21517 3
1388570279.886810368 10.5702 -0.919531 0.896 19.749 0.536115 0.347456  0.0199509 -0.217978 3
1388570279.987067298 10.6279 -0.890419 0.892 18.456 0.574803 0.290373  -0.0398975 -0.225093 3
1388570280.087320804 10.6872 -0.863196 0.888 17.275 0.591883 0.271539  -0.0398989 -0.205602 3
1388570280.187583148 10.7459 -0.838558 0.886 16.179 0.585837 0.245744  -0.0199477 -0.190788 3
1388570280.287865475 10.8056 -0.820517 0.881 15.075 0.594573 0.179902  -0.0498592 -0.192142 3
1388570280.388128577 10.8658 -0.804171 0.882 14.065 0.600709 0.163027  0 -0.175815 3
1388570280.488372799 10.9229 -0.790705 0.878 13.154 0.570165 0.134334  -0.0399025 -0.158612 3
1388570280.588633352 10.9794 -0.779207 0.877 12.374 0.563342 0.114676  0 -0.135782 3
1388570280.688884687 11.0359 -0.771325 0.875 11.613 0.563362 0.078622  -0.0199499 -0.132487 3
1388570280.789135772 11.092 -0.765118 0.873 11.013 0.559405 0.0619231  -0.0199499 -0.104457 3
1388570280.889386899 11.147 -0.759917 0.87 10.437 0.548548 0.0518782  -0.0299249 -0.100279 3
1388570280.989637548 11.2004 -0.755097 0.868 9.972 0.532879 0.048075  -0.01995 -0.0809549 3
1388570281.089887231 11.2522 -0.75014 0.863 9.526 0.516452 0.0494475  -0.0498755 -0.077648 3
1388570281.190138599 11.3044 -0.745697 0.861 9.239 0.520615 0.0443172  -0.0199499 -0.0499651 3
1388570281.290390954 11.3528 -0.742272 0.858 9.006 0.483239 0.0341617  -0.0299245 -0.0405638 3
1388570281.391826999 11.3992 -0.738424 0.853 8.851 0.457156 0.0379404  -0.0492921 -0.0266697 3
1388570281.492085849 11.4477 -0.735098 0.847 8.706 0.484354 0.0331748  -0.0598451 -0.025242 3
1388570281.592344795 11.4939 -0.732585 0.847 8.607 0.460166 0.0250677  0 -0.017234 3
1388570281.692612957 11.538 -0.728979 0.84 8.548 0.440416 0.0359573  -0.0698128 -0.0102699 3
1388570281.792878713 11.5843 -0.725803 0.841 8.488 0.461143 0.0316763  0 -0.0104445 3
1388570281.893147012 11.6302 -0.722015 0.84 8.456 0.458291 0.0377782  0 -0.00557004 3
1388570281.993412950 11.6769 -0.715768 0.839 8.58 0.465384 0.0623012  0 0.0215848 3
1388570282.093680296 11.7266 -0.710204 0.839 8.718 0.49532 0.0554981  0 0.0240214 3
1388570282.193948478 11.778 -0.704129 0.842 8.85 0.512796 0.060581  0.0299198 0.0229767 3
1388570282.294214413 11.8295 -0.696695 0.841 9.017 0.513626 0.0741475  0 0.0290697 3
1388570282.394479047 11.8815 -0.688851 0.847 9.102 0.51917 0.0782308  0.0598416 0.014796 3
1388570282.494742722 11.9332 -0.68106 0.849 9.204 0.515481 0.077704  0.0199474 0.0177557 3
1388570282.595010398 11.9837 -0.673806 0.85 9.331 0.50354 0.0723515  0 0.0221063 3
1388570282.695276577 12.0334 -0.667654 0.848 9.523 0.495754 0.0613529  -0.0199469 0.0334213 3
1388570282.795551114 12.0821 -0.661281 0.849 9.67 0.485642 0.0635538  0 0.0255863 3
1388570282.895847141 12.1298 -0.654738 0.849 9.864 0.475368 0.0652441  0 0.0337595 3
1388570282.996130535 12.1745 -0.646588 0.845 10.016 0.445481 0.081265  -0.039887 0.0264538 3
1388570283.096405297 12.2221 -0.636493 0.844 10.178 0.47564 0.100678  0 0.028197 3
1388570283.196699425 12.2701 -0.626176 0.844 10.316 0.477645 0.102862  0 0.024015 3
1388570283.296967014 12.3174 -0.615609 0.847 10.388 0.471785 0.105385  0.0299199 0.0125329 3
1388570283.397239962 12.3661 -0.602557 0.848 10.402 0.486596 0.130166  0 0.0024368 3
1388570283.497506983 12.4147 -0.588794 0.85 10.38 0.483945 0.137263  0.0199467 -0.00382972 3
1388570283.597775028 12.4664 -0.575661 0.852 10.248 0.515391 0.130985  0.0199465 -0.0229768 3
1388570283.698047147 12.5177 -0.559807 0.856 10.124 0.512164 0.158108  0.0398914 -0.0215831 3
1388570283.798309555 12.5703 -0.537064 0.852 10.023 0.524773 0.226833  -0.0398953 -0.017582 3
1388570283.898579281 12.6215 -0.51561 0.85 9.836 0.510142 0.213964  -0.0199462 -0.0325496 3
1388570283.998846240 12.6712 -0.495974 0.852 9.656 0.496442 0.195836  0.0199468 -0.0313323 3
1388570284.099115475 12.7203 -0.473673 0.853 9.469 0.48897 0.222414  0 -0.0325501 3
1388570284.199377902 12.7695 -0.451234 0.852 9.201 0.490948 0.2238  0 -0.0466523 3
1388570284.299657662 12.8146 -0.430538 0.852 8.904 0.449931 0.206384  0 -0.0516918 3
1388570284.399938457 12.8603 -0.408954 0.848 8.553 0.455356 0.215235  -0.039888 -0.0610895 3
1388570284.500182231 12.9102 -0.398877 0.846 8.057 0.498347 0.100528  -0.0199514 -0.0863579 3
1388570284.600446483 12.9578 -0.391637 0.841 7.603 0.473863 0.072209  -0.0498682 -0.0790289 3
1388570284.700727897 12.9987 -0.381854 0.837 7.194 0.408281 0.0975532  -0.0398878 -0.0711837 3
1388570284.800997506 13.0473 -0.377788 0.833 6.813 0.484458 0.0405508  -0.0398924 -0.0663183 3
1388570284.901266110 13.1005 -0.378725 0.827 6.508 0.530378 0  -0.0598393 -0.05309 3
1388570285.001523317 13.1472 -0.381031 0.821 6.324 0.46644 -0.0229992  -0.0598461 -0.0320317 3
1388570285.101792094 13.1994 -0.384577 0.821 6.224 0.520415 -0.0353578  0 -0.0174066 3
1388570285.202076239 13.2532 -0.386409 0.815 6.221 0.536695 -0.018272  -0.05983 -0.000521828 3
1388570285.302339768 13.3078 -0.389164 0.814 6.196 0.54487 -0.0274762  0 -0.00435212 3
1388570285.402597753 13.3614 -0.388396 0.813 6.321 0.534396 0  0 0.0217605 3
1388570285.502861864 13.3987 -0.379496 0.812 6.643 0.371959 0.0887686  0 0.0560517 3
1388570285.603130143 13.4483 -0.38093 0.81 6.916 0.494446 -0.0143095  -0.0199465 0.0475201 3
1388570285.703393244 13.4969 -0.387628 0.804 7.12 0.484387 -0.0667959  -0.0598426 0.035511 3
1388570285.803661734 13.5451 -0.403885 0.815 7.356 0.481037 -0.162139  0.109705 0.0410795 3
1388570285.903939201 13.5945 -0.419057 0.808 7.681 0.492902 -0.151303  -0.0698063 0.0565664 3
1388570286.004207787 13.6421 -0.434292 0.809 8.105 0.47407 -0.151942  0 0.0738037 3
1388570286.104471943 13.6945 -0.445526 0.809 8.429 0.523379 -0.112038  0 0.0563996 3
1388570286.204741424 13.7448 -0.449003 0.813 9.24 0.500929 -0.0346825  0.0398925 0.141166 3
1388570286.305008308 13.7936 -0.44905 0.815 9.67 0.487052 0  0.0199468 0.0748494 3
1388570286.405619703 13.8449 -0.447803 0.819 10.035 0.51016 0.0123946  0.0397569 0.0633174 3
1388570286.505887893 13.8848 -0.437481 0.822 11.093 0.397619 0.102944  0.0299198 0.184162 3
1388570286.606157303 13.9308 -0.426058 0.824 11.578 0.458815 0.113925  0.0199463 0.0844208 3
1388570286.706427437 13.9819 -0.41228 0.827 11.877 0.50914 0.137403  0.0299192 0.0520447 3
1388570286.806700614 14.0247 -0.395201 0.829 12.094 0.427299 0.170325  0.0199455 0.0377706 3
1388570286.906973428 14.0714 -0.37899 0.83 12.286 0.465609 0.161673  0 0.0334191 3
1388570287.007272607 14.1231 -0.364 0.829 12.352 0.515176 0.149451  0 0.0114848 3
1388570287.107549395 14.1709 -0.352834 0.833 12.413 0.476764 0.111357  0.0398896 0.0106173 3
1388570287.207841663 14.2196 -0.34217 0.832 12.432 0.4856 0.106328  0 0.00330631 3
1388570287.308139206 14.2671 -0.331135 0.832 12.455 0.473443 0.110021  0 0.00400247 3
1388570287.408419299 14.3209 -0.320186 0.829 12.554 0.537381 0.109184  -0.0299162 0.0172303 3
1388570287.508687065 14.3758 -0.309573 0.831 12.611 0.547277 0.105844  0.0199466 0.009922 3
1388570287.608944274 14.4302 -0.297309 0.828 12.814 0.542183 0.122333  -0.029923 0.0353391 3
1388570287.709214653 14.4851 -0.280601 0.827 12.995 0.547615 0.166623  0 0.0315052 3
1388570287.809462619 14.5382 -0.258507 0.825 13.233 0.530073 0.220396  -0.0199505 0.0414362 3
1388570287.909704498 14.588 -0.230113 0.826 13.343 0.4964 0.283258  0 0.0191524 3
1388570288.009951825 14.6268 -0.203447 0.828 13.313 0.387449 0.265995  0.0199507 -0.00522319 3
1388570288.110211053 14.6602 -0.177612 0.826 13.14 0.33294 0.257687  -0.0199483 -0.0301162 3
1388570288.210455765 14.6897 -0.153937 0.827 12.977 0.293951 0.236167  0 -0.0283794 3
1388570288.310697249 14.7219 -0.133012 0.826 12.745 0.321789 0.208751  0 -0.0403942 3
1388570288.411020087 14.7611 -0.111775 0.826 12.674 0.390562 0.211682  0 -0.0123518 3
1388570288.511256936 14.8097 -0.0939199 0.826 12.42 0.484272 0.178133  0 -0.0442266 3
1388570288.611501654 14.8507 -0.0764614 0.824 11.54 0.4091 0.174159  -0.0199512 -0.153214 3
1388570288.711750619 14.8968 -0.0662013 0.826 10.317 0.459944 0.102346  0.0199503 -0.212924 3
1388570288.723647480 14.9024 -0.0651567 0.826 10.261 0.471163 0.0878041  0 -0.0821545 3
1388570288.823662929 14.9441 -0.0585771 0.826 9.019 0.417539 0.0657859  0 -0.216737 3
1388570288.923688974 14.9983 -0.059085 0.818 7.844 0.541683 0  -0.0799792 -0.205023 8
1388570289.023648163 15.0497 -0.052901 0.821 7.776 0.514226 0.0618659  0.0300122 -0.0118732 8
1388570289.123657361 15.0999 -0.0395231 0.821 7.731 0.501853 0.133766  0 -0.00785327 8
1388570289.323653258 15.2122 -0.00662687 0.821 7.696 0.561453 0.164485  0 -0.00305438 8
1388570289.423707201 15.2632 -0.00429056 0.823 7.762 0.510129 0.0233506  0.0199892 0.011513 8
1388570289.723665997 15.3641 -0.0849402 0.832 7.946 0.336306 -0.268869  0.0300041 0.0107062 8
1388570289.823657540 15.377 -0.109713 0.84 8 0.128823 -0.247746  0.0800068 0.00942572 8
1388570289.923656954 15.3798 -0.119192 0.837 7.791 0.0282665 -0.0947901  -0.0300002 -0.0364775 4
1388570290.023745097 15.3816 -0.125595 0.833 7.8 0.0173542 -0.0639779  -0.0399648 0.00156922 4
1388570290.123645236 15.3827 -0.129176 0.829 7.761 0.0111715 -0.035842  -0.04004 -0.00681351 4
1388570290.223669760 15.3834 -0.132721 0.828 7.762 0 -0.0354402  0 0.000174394 4
1388570290.323717360 15.3839 -0.135132 0.824 7.742 0 -0.0240976  -0.039981 -0.00348874 9
1388570290.423649392 15.3829 -0.132355 0.723 7.853 0 0.0277799  -1.01069 0.0193863 9
1388570290.523692862 15.38 -0.128367 0.64 7.932 -0.0287566 0.0398682  -0.829639 0.0137819 9
1388570290.623748078 15.376 -0.1247 0.533 8.056 -0.0407207 0.036652  -1.06941 0.0216302 9
1388570290.723702301 15.3721 -0.122057 0.435 8.188 -0.0389452 0.0264431  -0.980449 0.0230489 9
1388570290.823685172 15.359 -0.122414 0.352 8.32 -0.130929 0  -0.830142 0.0230423 9
1388570290.923694846 15.3417 -0.125096 0.275 8.399 -0.172733 -0.02681  -0.769926 0.0137868 9
1388570291.023697138 15.3303 -0.131582 0.202 8.553 -0.113779 -0.0648649  -0.729983 0.0268773 9
1388570291.123695994 15.3225 -0.145611 0.152 8.647 -0.0781118 -0.140287  -0.500006 0.0164063 9
1388570291.223712457 15.3229 -0.172443 0.091 8.671 0 -0.268281  -0.6099 0.00418813 9
1388570291.323717132 15.3278 -0.185998 0.074 8.454 0.0496665 -0.135539  -0.169992 -0.0378717 9
1388570291.423644284 15.3278 -0.185998 0 8.38 0 0  -0.740539 -0.0129251 2
1388570291.523658995 15.3278 -0.185998 0 8.391 0 0  0 0.00191952 2
1388570291.623656544 15.3278 -0.185998 0 8.391 0 0  0 0 2
1388570291.723655769 15.3278 -0.185998 0 8.375 0 0  0 -0.00279235 2
1388570291.823667960 15.3278 -0.185998 0 8.229 0 0  0 -0.0254787 2
1388570292.023659752 15.3278 -0.185998 0 8.275 0 0  0 0.00401438 2
1388570292.123703054 15.3278 -0.185998 0 8.364 0 0  0 0.0155268 2
1388570292.223650563 15.3278 -0.185998 0 8.387 0 0  0 0.00401616 2
1388570292.323659833 15.3278 -0.185998 0 8.265 0 0  0 -0.021291 2
1388570292.523709735 15.3278 -0.185998 0 8.355 0 0  0 0.00785204 2
1388570292.623663219 15.3278 -0.185998 0 8.359 0 0  0 0.000698406 2
1388570292.723656238 15.3278 -0.185998 0 8.36 0 0  0 0.000174782 2
1388570292.823666868 15.3278 -0.185998 0 8.422 0 0  0 0.0108196 2
1388570293.023648851 15.3278 -0.185998 0 8.472 0 0  0 0.00436382 2
1388570293.123656970 15.3278 -0.185998 0 8.475 0 0  0 0.000523602 2
1388570293.223671148 15.3278 -0.185998 0 8.526 0 0  0 0.00889969 2
1388570293.323653274 15.3278 -0.185998 0 8.527 0 0  0 0.000174801 2
1388570293.423655975 15.3278 -0.185998 0 8.599 0 0  0 0.0125658 2
1388570293.623651378 15.3278 -0.185998 0 8.6 0 0  0 8.7387e-05 2
1388570293.723655945 15.3278 -0.185998 0 8.601 0 0  0 0.000174429 2
1388570293.823658256 15.3278 -0.185998 0 8.683 0 0  0 0.0143115 2
1388570293.923656051 15.3278 -0.185998 0 8.685 0 0  0 0.000348882 2
1388570294.023657301 15.3278 -0.185998 0 8.686 0 0  0 0.000174435 2
1388570294.123653915 15.3278 -0.185998 0 8.687 0 0  0 0.000174776 2
1388570294.223716502 15.3278 -0.185998 0 8.712 0 0  0 0.00436053 2
1388570294.423753051 15.3278 -0.185998 0 8.713 0 0  0 8.72026e-05 2
