0.19859 -0.185531 0.937 0.999985
0.220344 -0.184006 0.931193 1.09998
0.246415 -0.186258 0.927846 1.19998
0.275866 -0.191554 0.926156 1.29998
0.308029 -0.199435 0.925577 1.39998
0.34236 -0.209621 0.925742 1.49998
0.378389 -0.221946 0.926401 1.59998
0.415708 -0.236312 0.927384 1.69998
0.453952 -0.252662 0.928577 1.79998
0.4928 -0.27096 0.929903 1.89998
0.531959 -0.291184 0.931308 1.99998
0.571169 -0.313314 0.932757 2.09998
0.610192 -0.337333 0.934225 2.19998
0.648812 -0.363219 0.935697 2.29998
0.667598 -0.365373 0.930402 2.39998
0.689396 -0.373071 0.927804 2.49998
0.713615 -0.385215 0.92702 2.59998
0.739857 -0.400966 0.927437 2.69998
0.767811 -0.41967 0.928632 2.79998
0.797223 -0.440802 0.930314 2.89998
0.827877 -0.463935 0.932283 2.99998
0.859596 -0.488716 0.9344 3.09998
0.892227 -0.514853 0.936574 3.19998
0.925644 -0.542104 0.938742 3.29998
0.959739 -0.570267 0.940862 3.39998
0.994421 -0.599173 0.94291 3.49998
1.02961 -0.628685 0.944867 3.59998
1.06525 -0.658686 0.946725 3.69998
1.10127 -0.689082 0.948478 3.79998
1.13762 -0.719793 0.950127 3.89998
1.17427 -0.750755 0.951671 3.99998
1.21119 -0.781913 0.953113 4.09998
1.24832 -0.813225 0.954456 4.19998
1.28566 -0.844654 0.955702 4.29998
1.32318 -0.87617 0.956858 4.39998
1.36085 -0.90775 0.957925 4.49998
1.39867 -0.939373 0.958909 4.59998
1.43661 -0.971025 0.959814 4.69998
1.47466 -1.00269 0.960643 4.79998
1.5128 -1.03436 0.9614 4.89998
1.55104 -1.06603 0.96209 4.99998
1.58936 -1.09769 0.962715 5.09998
1.62776 -1.12934 0.963279 5.19998
1.66622 -1.16096 0.963786 5.29998
1.70474 -1.19257 0.964238 5.39998
1.74331 -1.22415 0.964638 5.49998
1.78194 -1.25571 0.96499 5.59998
1.82061 -1.28724 0.965295 5.69998
1.85933 -1.31874 0.965557 5.79998
1.89808 -1.35022 0.965777 5.89998
1.93688 -1.38167 0.965959 5.99998
1.9757 -1.41309 0.966103 6.09998
2.01456 -1.44449 0.966213 6.19998
2.05345 -1.47586 0.966289 6.29998
2.09237 -1.5072 0.966334 6.39998
2.13131 -1.53852 0.96635 6.49998
2.17028 -1.56982 0.966338 6.59998
2.20927 -1.60109 0.966299 6.69998
2.24828 -1.63234 0.966235 6.79998
2.28731 -1.66357 0.966148 6.89998
2.32636 -1.69477 0.966039 6.99998
2.36543 -1.72596 0.965909 7.09998
2.40452 -1.75713 0.965758 7.19998
2.44363 -1.78828 0.965589 7.29998
2.48274 -1.81941 0.965402 7.39998
2.52188 -1.85052 0.965198 7.49998
2.56103 -1.88162 0.964979 7.59998
2.60019 -1.91271 0.964744 7.69998
2.63936 -1.94377 0.964495 7.79998
2.67855 -1.97483 0.964233 7.89998
2.71774 -2.00586 0.963958 7.99998
2.75695 -2.03689 0.963671 8.09998
2.79617 -2.0679 0.963373 8.19998
2.8354 -2.0989 0.963064 8.29998
2.87463 -2.12989 0.962745 8.39998
2.91388 -2.16087 0.962417 8.49998
2.95313 -2.19184 0.962079 8.59998
2.9924 -2.2228 0.961733 8.69998
3.03167 -2.25375 0.961379 8.79998
3.07094 -2.28469 0.961017 8.89998
3.11023 -2.31562 0.960648 8.99998
3.14952 -2.34654 0.960272 9.09998
3.18882 -2.37746 0.95989 9.19998
3.22812 -2.40836 0.959502 9.29998
3.26743 -2.43926 0.959108 9.39998
3.30674 -2.47016 0.958708 9.49998
3.34606 -2.50104 0.958304 9.59998
3.38538 -2.53192 0.957894 9.69998
3.42471 -2.5628 0.95748 9.79998
3.46405 -2.59367 0.957062 9.89998
3.50339 -2.62453 0.956639 9.99998
3.54273 -2.65539 0.956213 10.1
3.58207 -2.68624 0.955783 10.2
3.62142 -2.71709 0.955349 10.3
3.66078 -2.74793 0.954913 10.4
3.70013 -2.77877 0.954473 10.5
3.73949 -2.80961 0.95403 10.6
3.77885 -2.84044 0.953584 10.7
3.81822 -2.87127 0.953136 10.8
3.85759 -2.90209 0.952686 10.9
3.89696 -2.93291 0.952233 11
3.93633 -2.96373 0.951778 11.1
3.95454 -2.96606 0.945141 11.2
3.97548 -2.97412 0.940705 11.3
3.99881 -2.98662 0.937763 11.4
4.02437 -3.00247 0.935831 11.5
4.0521 -3.0207 0.934582 11.6
4.08198 -3.04051 0.933792 11.7
4.114 -3.06119 0.933309 11.8
4.14811 -3.08212 0.933029 11.9
4.18423 -3.10278 0.932882 12
4.22228 -3.12273 0.93282 12.1
4.26214 -3.1416 0.932809 12.2
4.30366 -3.15908 0.932828 12.3
4.34668 -3.1749 0.932861 12.4
4.39106 -3.18884 0.932899 12.5
4.4366 -3.20074 0.932934 12.6
4.48314 -3.21045 0.932962 12.7
4.5305 -3.21787 0.932981 12.8
4.57851 -3.22291 0.932988 12.9
4.62699 -3.2255 0.932982 13
4.67577 -3.22561 0.932962 13.1
4.72469 -3.22321 0.932928 13.2
4.77359 -3.21828 0.93288 13.3
4.79348 -3.20562 0.926298 13.4
4.81728 -3.19191 0.922012 13.5
4.8448 -3.17805 0.919304 13.6
4.87563 -3.1644 0.917672 13.7
4.90933 -3.1511 0.916769 13.8
4.94546 -3.13817 0.916353 13.9
4.98364 -3.12558 0.916257 14
5.02353 -3.11328 0.916364 14.1
5.06486 -3.10119 0.916595 14.2
5.10739 -3.08926 0.916895 14.3
5.15091 -3.07744 0.917226 14.4
5.19526 -3.06569 0.917563 14.5
5.2403 -3.05396 0.917889 14.6
5.28591 -3.04223 0.918193 14.7
5.33199 -3.03048 0.918467 14.8
5.37848 -3.01869 0.918708 14.9
5.42528 -3.00684 0.918913 15
5.47236 -2.99494 0.919082 15.1
5.51966 -2.98297 0.919214 15.2
5.56714 -2.97092 0.91931 15.3
5.61477 -2.9588 0.91937 15.4
5.66252 -2.94661 0.919396 15.5
5.71037 -2.93434 0.919389 15.6
5.7583 -2.922 0.919351 15.7
5.8063 -2.90958 0.919282 15.8
5.85435 -2.89709 0.919185 15.9
5.90244 -2.88453 0.91906 16
5.95056 -2.8719 0.91891 16.1
5.99871 -2.85921 0.918734 16.2
6.04687 -2.84646 0.918536 16.3
6.09505 -2.83364 0.918315 16.4
6.14323 -2.82077 0.918074 16.5
6.19143 -2.80784 0.917812 16.6
6.23962 -2.79486 0.917532 16.7
6.28782 -2.78183 0.917234 16.8
6.33601 -2.76875 0.916919 16.9
6.38421 -2.75563 0.916588 17
6.4324 -2.74246 0.916242 17.1
6.48058 -2.72925 0.915882 17.2
6.52876 -2.71601 0.915509 17.3
6.57694 -2.70272 0.915122 17.4
6.62511 -2.6894 0.914724 17.5
6.67327 -2.67604 0.914314 17.6
6.72143 -2.66265 0.913894 17.7
6.76958 -2.64923 0.913463 17.8
6.81773 -2.63577 0.913022 17.9
6.86587 -2.62229 0.912573 18
6.914 -2.60879 0.912115 18.1
6.96213 -2.59526 0.911649 18.2
7.01025 -2.5817 0.911175 18.3
7.05837 -2.56812 0.910694 18.4
7.10648 -2.55451 0.910206 18.5
7.15458 -2.54089 0.909711 18.6
7.20268 -2.52724 0.90921 18.7
7.25077 -2.51358 0.908704 18.8
7.29886 -2.4999 0.908192 18.9
7.34695 -2.48619 0.907675 19
7.39503 -2.47248 0.907153 19.1
7.4431 -2.45874 0.906626 19.2
7.49118 -2.445 0.906095 19.3
7.53924 -2.43123 0.90556 19.4
7.58731 -2.41745 0.905021 19.5
7.63537 -2.40366 0.904478 19.6
7.68342 -2.38986 0.903932 19.7
7.73148 -2.37605 0.903383 19.8
7.77953 -2.36222 0.90283 19.9
7.82757 -2.34838 0.902274 20
7.87562 -2.33453 0.901716 20.1
7.92366 -2.32067 0.901155 20.2
7.9717 -2.30681 0.900592 20.3
8.01973 -2.29293 0.900026 20.4
8.06777 -2.27904 0.899458 20.5
8.1158 -2.26515 0.898888 20.6
8.16382 -2.25125 0.898315 20.7
8.21185 -2.23734 0.897741 20.8
8.25988 -2.22342 0.897166 20.9
8.3079 -2.2095 0.896588 21
8.35592 -2.19557 0.896009 21.1
8.40394 -2.18163 0.895429 21.2
8.45195 -2.16769 0.894847 21.3
8.49997 -2.15374 0.894263 21.4
8.54798 -2.13979 0.893679 21.5
8.59599 -2.12583 0.893093 21.6
8.64401 -2.11187 0.892506 21.7
8.69201 -2.0979 0.891918 21.8
8.74002 -2.08393 0.891329 21.9
8.78803 -2.06995 0.89074 22
8.83604 -2.05597 0.890149 22.1
8.88404 -2.04199 0.889557 22.2
8.93204 -2.028 0.888965 22.3
8.98005 -2.01401 0.888372 22.4
9.02805 -2.00002 0.887778 22.5
9.07605 -1.98602 0.887183 22.6
9.12405 -1.97202 0.886588 22.7
9.17205 -1.95801 0.885992 22.8
9.22004 -1.944 0.885396 22.9
9.26804 -1.93 0.884799 23
9.31604 -1.91598 0.884201 23.1
9.36403 -1.90197 0.883603 23.2
9.41203 -1.88795 0.883005 23.3
9.46002 -1.87393 0.882406 23.4
9.50802 -1.85991 0.881807 23.5
9.55601 -1.84589 0.881207 23.6
9.604 -1.83186 0.880607 23.7
9.652 -1.81784 0.880007 23.8
9.69999 -1.80381 0.879406 23.9
9.74798 -1.78978 0.878805 24
9.79597 -1.77575 0.878204 24.1
9.84396 -1.76171 0.877602 24.2
9.89195 -1.74768 0.877001 24.3
9.93994 -1.73364 0.876399 24.4
9.98793 -1.7196 0.875796 24.5
10.0359 -1.70557 0.875194 24.6
10.0839 -1.69153 0.874591 24.7
10.1319 -1.67749 0.873988 24.8
10.1799 -1.66344 0.873385 24.9
10.2279 -1.6494 0.872782 25
10.2759 -1.63536 0.872179 25.1
10.3238 -1.62131 0.871575 25.2
10.3718 -1.60727 0.870971 25.3
10.4198 -1.59322 0.870367 25.4
10.4678 -1.57917 0.869763 25.5
10.5158 -1.56512 0.869159 25.6
10.5638 -1.55107 0.868555 25.7
10.6118 -1.53702 0.867951 25.8
10.6597 -1.52297 0.867346 25.9
10.7077 -1.50892 0.866742 26
10.7557 -1.49487 0.866137 26.1
10.8037 -1.48082 0.865532 26.2
10.8517 -1.46676 0.864928 26.3
10.8997 -1.45271 0.864323 26.4
10.9477 -1.43866 0.863718 26.5
10.9956 -1.4246 0.863113 26.6
11.0436 -1.41055 0.862508 26.7
11.0916 -1.39649 0.861902 26.8
11.1396 -1.38244 0.861297 26.9
11.1876 -1.36838 0.860692 27
11.2356 -1.35432 0.860087 27.1
11.2835 -1.34027 0.859481 27.2
11.3315 -1.32621 0.858876 27.3
11.3795 -1.31215 0.85827 27.4
11.4275 -1.29809 0.857665 27.5
11.4755 -1.28404 0.857059 27.6
11.5235 -1.26998 0.856454 27.7
11.5714 -1.25592 0.855848 27.8
11.6194 -1.24186 0.855242 27.9
11.6674 -1.2278 0.854637 28
11.7154 -1.21374 0.854031 28.1
11.7634 -1.19968 0.853425 28.2
11.8113 -1.18562 0.852819 28.3
11.8593 -1.17156 0.852213 28.4
11.9073 -1.1575 0.851608 28.5
11.9553 -1.14344 0.851002 28.6
12.0033 -1.12938 0.850396 28.7
12.0513 -1.11532 0.84979 28.8
12.0992 -1.10126 0.849184 28.9
12.1472 -1.0872 0.848578 29
12.1952 -1.07313 0.847972 29.1
12.2432 -1.05907 0.847366 29.2
12.2912 -1.04501 0.84676 29.3
12.3392 -1.03095 0.846154 29.4
12.3871 -1.01689 0.845548 29.5
12.4351 -1.00283 0.844942 29.6
12.4831 -0.988764 0.844336 29.7
12.5311 -0.974702 0.84373 29.8
12.5791 -0.960639 0.843124 29.9
12.627 -0.946577 0.842518 30
12.675 -0.932514 0.841912 30.1
12.723 -0.918452 0.841306 30.2
12.771 -0.904389 0.8407 30.3
12.819 -0.890326 0.840094 30.4
12.867 -0.876263 0.839487 30.5
12.9149 -0.8622 0.838881 30.6
12.9629 -0.848137 0.838275 30.7
13.0109 -0.834074 0.837669 30.8
13.0589 -0.820011 0.837063 30.9
13.1069 -0.805948 0.836457 31
13.1548 -0.791884 0.835851 31.1
13.2028 -0.777821 0.835244 31.2
13.2508 -0.763758 0.834638 31.3
13.2988 -0.749694 0.834032 31.4
13.3468 -0.735631 0.833426 31.5
13.3947 -0.721567 0.83282 31.6
13.4427 -0.707504 0.832214 31.7
13.4907 -0.69344 0.831607 31.8
13.5387 -0.679376 0.831001 31.9
13.5867 -0.665313 0.830395 32
13.6347 -0.651249 0.829789 32.1
13.6826 -0.637185 0.829183 32.2
13.7306 -0.623122 0.828576 32.3
13.7786 -0.609058 0.82797 32.4
13.8266 -0.594994 0.827364 32.5
13.8746 -0.58093 0.826758 32.6
13.9225 -0.566866 0.826152 32.7
13.9705 -0.552802 0.825545 32.8
14.0185 -0.538738 0.824939 32.9
14.0665 -0.524674 0.824333 33
14.1145 -0.51061 0.823727 33.1
14.1624 -0.496546 0.82312 33.2
14.2104 -0.482482 0.822514 33.3
14.2584 -0.468418 0.821908 33.4
14.3064 -0.454354 0.821302 33.5
14.3544 -0.44029 0.820696 33.6
14.4024 -0.426226 0.820089 33.7
14.4503 -0.412162 0.819483 33.8
14.4983 -0.398097 0.818877 33.9
14.5463 -0.384033 0.818271 34
14.5943 -0.369969 0.817664 34.1
14.6423 -0.355905 0.817058 34.2
14.6902 -0.341841 0.816452 34.3
14.7382 -0.327777 0.815846 34.4
14.7862 -0.313712 0.815239 34.5
14.8342 -0.299648 0.814633 34.6
14.8822 -0.285584 0.814027 34.7
14.9301 -0.27152 0.813421 34.8
14.9781 -0.257455 0.812814 34.9
15.0261 -0.243391 0.812208 35
15.0741 -0.229327 0.811602 35.1
15.1221 -0.215262 0.810996 35.2
15.1701 -0.201198 0.81039 35.3
15.218 -0.187134 0.809783 35.4
15.266 -0.173069 0.809177 35.5
15.314 -0.159005 0.808571 35.6
15.362 -0.144941 0.807965 35.7
15.41 -0.130876 0.807358 35.8
15.4579 -0.116812 0.806752 35.9
15.5059 -0.102748 0.806146 36
15.5539 -0.0886834 0.80554 36.1
15.6019 -0.074619 0.804933 36.2
15.6219 -0.0617171 0.798177 36.3
15.6463 -0.0481902 0.793583 36.4
15.6747 -0.0348854 0.790456 36.5
15.7065 -0.0223946 0.788323 36.6
15.7415 -0.0111287 0.786863 36.7
15.7791 -0.00137429 0.785857 36.8
15.8189 0.00666465 0.785156 36.9
15.8605 0.0128398 0.784659 37
