9.8459 0.817087 0.99 23.358
9.90396 0.812013 0.990228 23.458
9.96057 0.805662 0.990526 23.558
10.0156 0.796121 0.990864 23.658
10.0698 0.775323 0.991138 23.758
10.1223 0.753563 0.9915 23.858
10.1744 0.733702 0.991918 23.958
10.2265 0.716866 0.992369 24.058
10.2787 0.703399 0.992836 24.158
10.3369 0.699 0.992376 24.258
10.3938 0.696164 0.99172 24.358
10.4496 0.693501 0.990913 24.458
10.5044 0.690479 0.989985 24.558
10.5584 0.686941 0.98896 24.658
10.6116 0.682884 0.987857 24.758
10.6643 0.678363 0.986687 24.858
10.7165 0.673448 0.985461 24.958
10.7682 0.668207 0.984186 25.058
10.8196 0.662699 0.98287 25.158
10.8707 0.656976 0.981516 25.258
10.9215 0.65108 0.980129 25.358
10.9721 0.645046 0.978712 25.458
11.0226 0.638901 0.977268 25.558
11.0729 0.632667 0.975799 25.658
11.1231 0.626364 0.974308 25.758
11.1732 0.620006 0.972795 25.858
11.2232 0.613605 0.971263 25.958
11.2731 0.60717 0.969714 26.058
11.323 0.60071 0.968147 26.158
11.3728 0.594229 0.966565 26.258
11.4226 0.587734 0.964969 26.358
11.4724 0.581228 0.963359 26.458
11.5221 0.574714 0.961736 26.558
11.5718 0.568196 0.960102 26.658
11.6214 0.561674 0.958456 26.758
11.6711 0.55515 0.9568 26.858
11.7207 0.548626 0.955134 26.958
11.7704 0.542103 0.953458 27.058
11.82 0.535581 0.951774 27.158
11.8696 0.529061 0.950082 27.258
11.9192 0.522543 0.948382 27.358
11.9688 0.516028 0.946675 27.458
12.0184 0.509515 0.94496 27.558
12.068 0.503006 0.94324 27.658
12.1176 0.496499 0.941513 27.758
12.1672 0.489995 0.939781 27.858
12.2168 0.483495 0.938043 27.958
12.2664 0.476997 0.9363 28.058
12.316 0.470502 0.934552 28.158
12.3656 0.464011 0.9328 28.258
12.4151 0.457522 0.931043 28.358
12.4647 0.451035 0.929282 28.458
12.5143 0.444552 0.927517 28.558
12.5639 0.438071 0.925749 28.658
12.6135 0.431592 0.923978 28.758
12.663 0.425116 0.922203 28.858
12.7126 0.418642 0.920425 28.958
12.7622 0.412171 0.918644 29.058
12.8118 0.405701 0.91686 29.158
12.8614 0.399233 0.915074 29.258
12.9109 0.392768 0.913286 29.358
12.9605 0.386304 0.911495 29.458
13.0101 0.379842 0.909702 29.558
13.0597 0.373382 0.907906 29.658
13.1093 0.366923 0.906109 29.758
13.1589 0.360466 0.904311 29.858
13.2084 0.35401 0.90251 29.958
13.258 0.347555 0.900708 30.058
13.3076 0.341102 0.898904 30.158
13.3572 0.334651 0.897099 30.258
13.4068 0.3282 0.895292 30.358
13.4563 0.321751 0.893484 30.458
13.5059 0.315303 0.891675 30.558
13.5555 0.308855 0.889865 30.658
13.6051 0.302409 0.888053 30.758
13.6547 0.295964 0.886241 30.858
13.7043 0.28952 0.884427 30.958
13.7538 0.283076 0.882613 31.058
13.8034 0.276634 0.880798 31.158
13.853 0.270192 0.878982 31.258
13.9026 0.263751 0.877165 31.358
13.9522 0.257311 0.875347 31.458
14.0018 0.250871 0.873529 31.558
14.0513 0.244432 0.87171 31.658
14.1009 0.237994 0.86989 31.758
14.1505 0.231556 0.86807 31.858
14.2001 0.225119 0.866249 31.958
14.2497 0.218682 0.864428 32.058
14.2993 0.212246 0.862606 32.158
14.3489 0.205811 0.860784 32.258
14.3984 0.199376 0.858961 32.358
14.448 0.192941 0.857138 32.458
14.4976 0.186507 0.855315 32.558
14.5472 0.180073 0.853491 32.658
14.5968 0.17364 0.851667 32.758
14.6464 0.167207 0.849842 32.858
14.6959 0.160774 0.848017 32.958
14.7455 0.154342 0.846192 33.058
14.7951 0.14791 0.844367 33.158
14.8447 0.141478 0.842541 33.258
14.8943 0.135047 0.840715 33.358
14.9439 0.128616 0.838889 33.458
14.9934 0.122185 0.837062 33.558
15.043 0.115754 0.835235 33.658
15.0926 0.109324 0.833409 33.758
15.1422 0.102894 0.831582 33.858
15.1918 0.096464 0.829754 33.958
15.2414 0.0900344 0.827927 34.058
15.291 0.0836049 0.826099 34.158
15.3405 0.0771757 0.824272 34.258
15.3901 0.0707466 0.822444 34.358
15.4397 0.0643177 0.820616 34.458
15.4893 0.057889 0.818788 34.558
15.5389 0.0514604 0.816959 34.658
15.5885 0.045032 0.815131 34.758
15.6381 0.0386037 0.813302 34.858
15.6876 0.0321756 0.811474 34.958
15.7372 0.0257476 0.809645 35.058
15.7936 0.0109753 0.809568 35.158
15.8491 -0.00212779 0.809465 35.258
15.904 -0.0118375 0.809346 35.358
