1.02792 -0.158811 0.921 3.30583
1.13733 -0.166086 0.92471 3.40583
1.24473 -0.156769 0.92657 3.50583
1.34844 -0.132752 0.927179 3.60583
1.44774 -0.0973477 0.926949 3.70583
1.54352 -0.0553794 0.926163 3.80583
1.63636 -0.00887408 0.925017 3.90583
1.7265 0.0413653 0.923646 4.00583
1.81399 0.0951112 0.922145 4.10583
1.89871 0.152362 0.920576 4.20583
1.98045 0.213168 0.918983 4.30583
2.05901 0.277556 0.917396 4.40583
2.13417 0.345501 0.915834 4.50583
2.20573 0.41693 0.914309 4.60583
2.2735 0.491723 0.912828 4.70583
2.33731 0.56973 0.911396 4.80583
2.39701 0.650773 0.910015 4.90583
2.45244 0.73466 0.908685 5.00583
2.50349 0.821182 0.907405 5.10583
2.59783 0.828975 0.910621 5.20583
2.68113 0.857349 0.911752 5.30583
2.75351 0.901553 0.911491 5.40583
2.81598 0.957603 0.910333 5.50583
2.87006 1.02245 0.908624 5.60583
2.91739 1.09385 0.906609 5.70583
2.95949 1.17019 0.904451 5.80583
2.99771 1.2503 0.90226 5.90583
3.03315 1.33333 0.900111 6.00583
3.06672 1.41861 0.898046 6.10583
3.09911 1.50566 0.896093 6.20583
3.13088 1.59407 0.894266 6.30583
3.16245 1.68353 0.892568 6.40583
3.19411 1.77381 0.891 6.50583
3.22608 1.86469 0.889556 6.60583
3.25852 1.95601 0.888229 6.70583
3.29152 2.04765 0.887012 6.80583
3.32514 2.1395 0.885894 6.90583
3.3594 2.23148 0.884867 7.00583
3.39432 2.32353 0.883923 7.10583
3.42989 2.41559 0.883053 7.20583
3.46608 2.50764 0.882249 7.30583
3.50286 2.59964 0.881503 7.40583
3.54021 2.69156 0.88081 7.50583
3.57809 2.78341 0.880162 7.60583
3.61646 2.87516 0.879556 7.70583
3.6553 2.96681 0.878985 7.80583
3.69457 3.05835 0.878445 7.90583
3.73423 3.1498 0.877933 8.00583
3.77425 3.24114 0.877445 8.10583
3.81461 3.33238 0.876978 8.20583
3.85528 3.42353 0.876529 8.30583
3.89624 3.51458 0.876097 8.40583
3.93746 3.60554 0.875678 8.50583
3.97891 3.69641 0.875271 8.60583
4.02059 3.78721 0.874875 8.70583
4.06247 3.87792 0.874489 8.80583
4.10454 3.96857 0.87411 8.90583
4.14678 4.05915 0.873738 9.00583
4.18918 4.14966 0.873372 9.10583
4.23172 4.24012 0.873012 9.20583
4.27439 4.33052 0.872656 9.30583
4.36677 4.33433 0.877232 9.40583
4.44502 4.36091 0.880224 9.50583
4.50977 4.40478 0.882118 9.60583
4.56372 4.46046 0.883256 9.70583
4.61044 4.52397 0.883872 9.80583
4.65336 4.59268 0.884132 9.90583
4.69536 4.66472 0.884151 10.0058
4.73865 4.73868 0.884006 10.1058
4.78485 4.81332 0.883754 10.2058
4.83507 4.88756 0.883431 10.3058
4.88997 4.96041 0.883066 10.4058
4.94988 5.03099 0.882674 10.5058
5.01486 5.09857 0.882269 10.6058
5.08476 5.16252 0.88186 10.7058
5.15928 5.22234 0.881451 10.8058
5.23807 5.27765 0.881047 10.9058
5.3207 5.32817 0.88065 11.0058
5.40675 5.37369 0.880261 11.1058
5.49579 5.41407 0.87988 11.2058
5.58741 5.4492 0.879509 11.3058
5.6812 5.47903 0.879148 11.4058
5.77678 5.5035 0.878795 11.5058
5.8738 5.52259 0.878451 11.6058
5.9719 5.5363 0.878115 11.7058
6.07076 5.54462 0.877788 11.8058
6.17004 5.54758 0.877468 11.9058
6.26945 5.5452 0.877155 12.0058
6.36868 5.53751 0.876849 12.1058
6.46744 5.52458 0.876549 12.2058
6.56544 5.50646 0.876256 12.3058
6.66241 5.48321 0.875968 12.4058
6.75808 5.45493 0.875685 12.5058
6.85218 5.42171 0.875408 12.6058
6.94448 5.38365 0.875135 12.7058
7.03471 5.34087 0.874866 12.8058
7.12263 5.29349 0.874602 12.9058
7.22349 5.25036 0.877826 13.0058
7.31975 5.20129 0.878944 13.1058
7.41279 5.14904 0.878637 13.2058
7.50356 5.09506 0.877396 13.3058
7.59268 5.04014 0.875571 13.4058
7.68061 4.98472 0.873409 13.5058
7.76762 4.92907 0.871081 13.6058
7.85394 4.87332 0.868706 13.7058
7.93973 4.81756 0.866362 13.8058
8.0251 4.76186 0.864097 13.9058
8.11015 4.70623 0.861942 14.0058
8.19495 4.6507 0.859912 14.1058
8.27955 4.59526 0.858014 14.2058
8.364 4.53993 0.856246 14.3058
8.44833 4.4847 0.854605 14.4058
8.53256 4.42956 0.853083 14.5058
8.61673 4.37452 0.851672 14.6058
8.70084 4.31956 0.850361 14.7058
8.78491 4.26468 0.849143 14.8058
8.86896 4.20988 0.848008 14.9058
8.95299 4.15514 0.846946 15.0058
9.037 4.10047 0.845951 15.1058
9.121 4.04586 0.845014 15.2058
9.20501 3.99129 0.844128 15.3058
9.28901 3.93678 0.843289 15.4058
9.37301 3.88231 0.842489 15.5058
9.45702 3.82788 0.841724 15.6058
9.54103 3.77349 0.840991 15.7058
9.62505 3.71913 0.840284 15.8058
9.70907 3.6648 0.8396 15.9058
9.7931 3.6105 0.838938 16.0058
9.87714 3.55623 0.838293 16.1058
9.96118 3.50198 0.837664 16.2058
10.0452 3.44775 0.837048 16.3058
10.1293 3.39353 0.836444 16.4058
10.2134 3.33934 0.83585 16.5058
10.2974 3.28516 0.835266 16.6058
10.3815 3.231 0.834689 16.7058
10.4656 3.17685 0.834119 16.8058
10.5497 3.12271 0.833555 16.9058
10.6338 3.06859 0.832995 17.0058
10.7179 3.01447 0.832441 17.1058
10.802 2.96036 0.83189 17.2058
10.8861 2.90627 0.831342 17.3058
10.9702 2.85218 0.830798 17.4058
11.0543 2.7981 0.830255 17.5058
11.1384 2.74402 0.829715 17.6058
11.2226 2.68995 0.829177 17.7058
11.3067 2.63589 0.828641 17.8058
11.3908 2.58183 0.828106 17.9058
11.475 2.52777 0.827572 18.0058
11.5591 2.47373 0.827039 18.1058
11.6432 2.41968 0.826508 18.2058
11.7274 2.36564 0.825977 18.3058
11.8115 2.3116 0.825446 18.4058
11.8957 2.25757 0.824917 18.5058
11.9798 2.20353 0.824387 18.6058
12.064 2.1495 0.823859 18.7058
12.1481 2.09548 0.82333 18.8058
12.2323 2.04145 0.822802 18.9058
12.3164 1.98743 0.822275 19.0058
12.4006 1.93341 0.821747 19.1058
12.4847 1.87939 0.82122 19.2058
12.5689 1.82537 0.820693 19.3058
12.653 1.77136 0.820166 19.4058
12.7372 1.71734 0.81964 19.5058
12.8214 1.66333 0.819113 19.6058
12.9055 1.60932 0.818587 19.7058
12.9897 1.55531 0.81806 19.8058
13.0738 1.50129 0.817534 19.9058
13.158 1.44729 0.817008 20.0058
13.2422 1.39328 0.816482 20.1058
13.3263 1.33927 0.815956 20.2058
13.4105 1.28526 0.81543 20.3058
13.4946 1.23126 0.814904 20.4058
13.5788 1.17725 0.814378 20.5058
13.663 1.12325 0.813852 20.6058
13.7471 1.06924 0.813326 20.7058
13.8313 1.01524 0.8128 20.8058
13.9155 0.961232 0.812274 20.9058
13.9996 0.907229 0.811748 21.0058
14.0838 0.853226 0.811222 21.1058
14.168 0.799223 0.810696 21.2058
14.2521 0.745221 0.810171 21.3058
14.3363 0.691219 0.809645 21.4058
14.4204 0.637217 0.809119 21.5058
14.5046 0.583215 0.808593 21.6058
14.5888 0.529214 0.808067 21.7058
14.6729 0.475213 0.807542 21.8058
14.7571 0.421212 0.807016 21.9058
14.8413 0.367211 0.80649 22.0058
14.9437 0.329173 0.810954 22.1058
15.0427 0.287331 0.8138 22.2058
15.1397 0.244563 0.815531 22.3058
15.2362 0.203131 0.816498 22.4058
15.3329 0.164643 0.816944 22.5058
15.4305 0.130174 0.817039 22.6058
15.5289 0.100405 0.816902 22.7058
15.6283 0.0757369 0.816612 22.8058
15.7285 0.0563905 0.816227 22.9058
15.8292 0.0424668 0.815784 23.0058
15.9303 0.0339947 0.81531 23.1058
