1.38873e+09 -0.255622 -0.0170429 1.036 11.697 -0.0433046 0  0.175508 0.034585 7
1.38873e+09 -0.260101 -0.0182506 1.007 11.607 -0.0448049 -0.0120784  -0.290048 -0.0157104 7
1.38873e+09 -0.264941 -0.0171285 0.988 11.469 -0.0483647 0.0112137  -0.189882 -0.0240707 7
1.38873e+09 -0.270772 -0.0181788 0.974 11.305 -0.0583354 -0.0105071  -0.140052 -0.028634 7
1.38873e+09 -0.275238 -0.0219138 0.97 11.204 -0.0446586 -0.0373537  -0.0400041 -0.0176296 7
1.38873e+09 -0.277546 -0.0251672 0.972 11.134 -0.0230758 -0.0325265  0.0199958 -0.0122148 7
1.38873e+09 -0.281741 -0.0269402 0.975 11.108 -0.0419734 -0.0177381  0.030014 -0.00453997 7
1.38873e+09 -0.286846 -0.0269776 0.984 11.157 -0.0509878 0  0.0898883 0.00854147 7
1.38873e+09 -0.290604 -0.0294221 0.985 11.258 -0.0375895 -0.0244546  0.0100043 0.0176355 7
1.38873e+09 -0.296292 -0.0333908 0.985 11.3 -0.0568921 -0.0396946  0 0.00733169 7
1.38873e+09 -0.298627 -0.0376146 0.984 11.35 -0.0233492 -0.0422328  0 0.00872565 7
1.38873e+09 -0.301019 -0.0437139 0.983 11.41 -0.0239176 -0.0609899  0 0.0104713 7
1.38873e+09 -0.304277 -0.0489858 0.982 11.447 -0.0326133 -0.052773  -0.0100102 0.00646427 7
1.38873e+09 -0.304126 -0.0535741 0.982 11.501 0 -0.0458474  0 0.00941764 7
1.38873e+09 -0.306002 -0.0567397 0.978 11.605 -0.0187501 -0.0316389  -0.0399787 0.0181416 7
1.38873e+09 -0.307601 -0.0580077 0.978 11.618 -0.0159881 -0.0126787  0 0.00226882 4
5.98431e-05 -0.288822 -0.118154 0.98 0.0150003 0 0  0.0199707 -2.02214 4
0.100017 -0.291668 -0.116228 0.977 -0.0229998 -0.0284762 0.0192631  -0.0300128 -0.0066351 4
0.200002 -0.292161 -0.113573 0.975 -0.0489998 0 0.0265549  -0.020003 -0.00453855 4
0.300107 -0.290651 -0.111279 0.976 -0.0579996 0.0150837 0.0229138  0 -0.00156912 4
0.399816 -0.291068 -0.108521 0.974 -0.132 0 0.0276619  -0.0200584 -0.0129532 4
0.49981 -0.288321 -0.106024 0.974 -0.176 0.0274685 0.0249701  0 -0.00767982 4
0.599791 -0.285657 -0.103082 0.971 -0.227 0.0266513 0.0294279  -0.0300059 -0.00890302 4
0.699831 -0.283496 -0.0997608 0.969 -0.234 0.0215998 0.0331995  -0.0199919 -0.00122123 4
0.799811 -0.274558 -0.0967107 0.967 -0.234 0.0893966 0.0305069  -0.0200041 0 4
0.899809 -0.26948 -0.093527 0.97 -0.247 0.0507814 0.0318376  0.0300007 -0.0022689 4
0.99982 -0.264189 -0.0907202 0.967 -0.263 0.052907 0.028065  -0.0299966 -0.00279234 4
1.09978 -0.253919 -0.0880616 0.967 -0.321 0.102733 0.0265971  0 -0.0101268 4
1.1998 -0.248476 -0.0857775 0.969 -0.269 0.0544217 0.0228369  0.019997 0.00907438 4
1.29981 -0.2427 -0.0823693 0.967 -0.272 0.0577543 0.0340767  -0.0199969 -0.000523563 4
1.39991 -0.236057 -0.0788325 0.965 -0.267 0.0663644 0.0353344  -0.0199811 0.000871861 4
1.50006 -0.233035 -0.077108 0.963 -0.228 0.0301744 0.0172193  -0.01997 0.00679666 4
1.7013 -0.217036 -0.0794054 0.962 -0.115 0.0795041 -0.0114161  0 0.00980029 3
1.80218 -0.214422 -0.0813116 0.961 -0.0790005 0.0259145 -0.0188951  0 0.00622811 3
1.90257 -0.211013 -0.0846567 0.964 -0.0220003 0.0339479 -0.033321  0.0298831 0.00990963 3
2.00303 -0.206038 -0.088437 0.964 -0.45 0.0495273 -0.0376292  0 -0.0743582 3
2.104 -0.205541 -0.0913738 0.969 -2.262 0 -0.0290863  0.0495202 -0.313219 3
2.20465 -0.184312 -0.0986506 0.97 -4.169 0.210913 -0.0722955  0 -0.33067 3
2.30519 -0.162 -0.111827 0.968 -5.808 0.221936 -0.131067  -0.019894 -0.284543 3
2.40644 -0.127762 -0.131228 0.968 -7.099 0.338143 -0.191611  0 -0.222534 3
2.507 -0.0728863 -0.161037 0.966 -8.304 0.545678 -0.296419  -0.0198878 -0.209132 3
2.60755 -0.00570391 -0.19959 0.964 -9.221 0.668163 -0.383421  -0.019891 -0.159175 3
2.7083 0.0801558 -0.243992 0.966 -9.895 0.852226 -0.440732  0.0198516 -0.116762 3
2.80905 0.176365 -0.286805 0.962 -10.373 0.954911 -0.424931  -0.0397015 -0.0828041 3
2.90958 0.281466 -0.328077 0.959 -10.714 1.04552 -0.410569  -0.0298433 -0.0592048 3
3.01037 0.398914 -0.367606 0.956 -11.11 1.16525 -0.392176  -0.0297642 -0.0685718 3
3.11105 0.521239 -0.404204 0.953 -11.699 1.21502 -0.363518  -0.0297981 -0.102108 3
3.21144 0.644012 -0.435251 0.952 -12.305 1.22291 -0.309255  0 -0.105352 3
3.31184 0.759137 -0.46331 0.953 -12.984 1.1467 -0.279485  0 -0.11804 3
3.41228 0.867241 -0.488821 0.957 -13.825 1.07627 -0.253979  0.0398236 -0.146135 3
3.51282 0.971905 -0.513188 0.959 -14.688 1.04104 -0.242365  0.0198928 -0.149814 3
3.61327 1.07622 -0.538054 0.963 -15.571 1.03844 -0.247539  0.0398193 -0.153416 3
3.71362 1.17446 -0.562896 0.969 -16.467 0.978973 -0.247543  0.0597899 -0.155834 3
3.81415 1.27581 -0.591867 0.974 -17.297 1.00816 -0.288187  0.0497356 -0.144096 3
3.915 1.3769 -0.623299 0.98 -18.173 1.00238 -0.311695  0.0594997 -0.151616 3
4.01565 1.47503 -0.658119 0.987 -19.069 0.974949 -0.345937  0.0695451 -0.155365 3
4.1163 1.5669 -0.697702 0.993 -19.964 0.912754 -0.393275  0.0596134 -0.1552 3
4.21688 1.66596 -0.740017 1 -20.825 0.984947 -0.420702  0.0695945 -0.149402 3
4.31759 1.77783 -0.790661 1.006 -21.505 1.1108 -0.502884  0.0595789 -0.11785 3
4.41835 1.89582 -0.851745 1.012 -22.261 1.17103 -0.606241  0.0595482 -0.130953 3
4.51915 2.00494 -0.906438 1.015 -22.799 1.0825 -0.542575  0.029761 -0.0931508 3
4.61964 2.11288 -0.962844 1.017 -23.312 1.07407 -0.561298  0.019902 -0.0890965 3
4.72028 2.21318 -1.01427 1.022 -23.753 0.996672 -0.511022  0.049681 -0.0764779 3
4.82111 2.30639 -1.06077 1.024 -24.148 0.924461 -0.461108  0.019836 -0.0683753 3
4.92202 2.39627 -1.10863 1.025 -24.506 0.890692 -0.474307  0 -0.0619188 3
5.02257 2.49376 -1.16065 1.022 -24.788 0.969517 -0.517393  -0.0298351 -0.0489479 3
5.12298 2.608 -1.21954 1.017 -25.087 1.13773 -0.586482  -0.049797 -0.0519734 3
5.22368 2.73124 -1.28132 1.009 -25.316 1.22386 -0.613472  -0.0794435 -0.03969 3
5.3245 2.85324 -1.3419 1 -25.418 1.21 -0.600905  -0.0892658 -0.0176572 3
5.42529 2.96458 -1.39764 0.99 -25.428 1.10473 -0.552972  -0.0992161 -0.00173169 3
5.52598 3.07919 -1.45548 0.983 -25.445 1.13822 -0.574457  -0.0695223 -0.00294668 3
5.62672 3.18641 -1.51143 0.978 -25.416 1.06433 -0.55538  -0.0496323 0.00502412 3
5.72749 3.2661 -1.55369 0.974 -25.337 0.790863 -0.419379  -0.0396941 0.0136827 3
5.82831 3.32532 -1.58738 0.966 -25.315 0.58731 -0.334147  -0.0793511 0.00380863 3
5.92912 3.38031 -1.62032 0.96 -25.285 0.545567 -0.326793  -0.0595179 0.00519387 3
6.02989 3.43656 -1.65236 0.951 -25.206 0.558153 -0.317979  -0.0893153 0.0136831 3
6.13034 3.49498 -1.68386 0.942 -25.121 0.581634 -0.313556  -0.0895959 0.0147687 3
6.23127 3.55623 -1.71566 0.935 -24.94 0.60686 -0.315028  -0.0693536 0.0312988 3
6.33213 3.62221 -1.74751 0.931 -24.659 0.654205 -0.315882  -0.0396611 0.0486281 3
6.43284 3.70184 -1.78416 0.929 -24.321 0.790609 -0.363893  -0.0198571 0.0585708 3
6.53379 3.78301 -1.8125 0.927 -24.073 0.804007 -0.280725  -0.0198118 0.0428768 3
6.63471 3.85948 -1.83879 0.926 -23.746 0.757748 -0.260503  0 0.0565551 3
6.73521 3.93817 -1.8601 0.928 -23.501 0.783035 -0.211977  0.0198999 0.0425465 3
6.83565 4.01964 -1.87408 0.931 -23.388 0.811099 -0.13919  0.0298683 0.0196356 3
6.93606 4.1039 -1.88752 0.936 -23.46 0.839184 -0.133923  0.0497976 -0.0125154 3
7.03666 4.18685 -1.89785 0.941 -23.726 0.824621 -0.10263  0.0497039 -0.0461508 3
7.13763 4.28036 -1.91693 0.944 -24.64 0.926022 -0.188953  0.0297102 -0.157982 3
7.23816 4.36402 -1.93923 0.945 -26.149 0.832194 -0.22181  0 -0.261979 3
7.33891 4.43404 -1.97632 0.947 -27.699 0.694948 -0.36818  0.0198513 -0.268515 3
7.43969 4.49922 -2.02016 0.95 -28.786 0.646833 -0.435043  0.0297684 -0.188253 3
7.54039 4.56391 -2.0718 0.95 -29.586 0.642299 -0.512765  0 -0.138649 3
7.64087 4.67421 -2.14239 0.944 -30.061 1.09778 -0.70253  -0.0597141 -0.0825082 3
7.74151 4.79097 -2.21346 0.938 -30.271 1.16021 -0.706202  -0.0596191 -0.0364191 3
7.8421 4.90897 -2.28042 0.932 -30.134 1.17311 -0.665693  -0.0596494 0.0237711 3
7.94254 5.00645 -2.33596 0.933 -29.603 0.970507 -0.552916  0 0.0922719 3
8.04331 5.09721 -2.38551 0.937 -28.862 0.900663 -0.491682  0.0396927 0.128335 3
8.14376 5.20227 -2.44742 0.939 -27.98 1.04594 -0.616398  0.0199112 0.153254 3
8.24414 5.3117 -2.51387 0.948 -26.902 1.09009 -0.661977  0.089654 0.187423 3
8.34477 5.42303 -2.57488 0.95 -25.643 1.10636 -0.606292  0.0198759 0.218374 3
8.44535 5.5429 -2.63151 0.952 -24.158 1.19178 -0.562979  0.0198843 0.257682 3
8.54582 5.64429 -2.66917 0.95 -22.209 1.00911 -0.374844  -0.0199065 0.338575 3
8.64636 5.72216 -2.69328 0.948 -20.085 0.774585 -0.239862  -0.0198932 0.368729 3
8.74679 5.79085 -2.71003 0.947 -17.964 0.683959 -0.166749  0 0.368582 3
8.84739 5.86158 -2.71615 0.945 -16.015 0.703057 -0.0608017  -0.0198814 0.338148 3
8.94807 5.93273 -2.72496 0.939 -14.399 0.706738 -0.0875039  -0.0595962 0.280147 3
9.04872 6.00812 -2.7327 0.931 -12.603 0.748927 -0.0768974  -0.0794775 0.311414 3
9.1495 6.09243 -2.7346 0.92 -10.92 0.836678 -0.0189262  -0.109157 0.291489 3
9.25023 6.17075 -2.73196 0.91 -9.106 0.777457 0.0262237  -0.0992705 0.314293 3
9.35086 6.27256 -2.71443 0.91 -7.259 1.01182 0.174185  0 0.32035 3
9.45165 6.40438 -2.69024 0.906 -5.372 1.30786 0.240049  -0.0396877 0.326772 3
9.55246 6.5406 -2.65652 0.895 -3.607 1.35127 0.334498  -0.109114 0.305569 3
9.65328 6.67184 -2.62054 0.892 -1.855 1.30173 0.356905  -0.0297558 0.303293 3
9.75393 6.79773 -2.56684 0.892 -0.237 1.25073 0.533437  0 0.280566 3
9.85466 6.9213 -2.52023 0.896 1.069 1.22672 0.46273  0.0397101 0.226288 3
9.95526 7.0437 -2.46195 0.902 2.055 1.21677 0.579376  0.0596434 0.171067 3
10.0558 7.1633 -2.40494 0.906 2.877 1.19006 0.567327  0.0398026 0.142758 3
10.1564 7.28244 -2.3619 0.909 3.514 1.1835 0.427457  0.0298017 0.110443 3
10.2571 7.40225 -2.30901 0.91 3.981 1.19043 0.52552  0 0.0809859 3
10.3577 7.52194 -2.2644 0.909 4.276 1.18906 0.443237  0 0.0511479 3
10.4586 7.64282 -2.2088 0.908 4.474 1.19856 0.551297  0 0.034266 3
10.5593 7.75565 -2.15601 0.908 4.549 1.11989 0.523983  0 0.0129924 3
10.6599 7.85948 -2.11838 0.908 4.525 1.0325 0.374134  0 -0.00416527 3
10.7606 7.95663 -2.08428 0.909 4.361 0.964768 0.33866  0 -0.0284246 3
10.8614 8.03087 -2.065 0.907 4.311 0.736373 0.191241  -0.0198373 -0.00865568 3
10.9621 8.09713 -2.04984 0.906 4.254 0.657871 0.150539  0 -0.00987865 3
11.0626 8.18124 -2.02345 0.906 4.262 0.837369 0.2627  0 0.00139014 3
11.1634 8.26925 -2.00381 0.903 4.27 0.872911 0.194797  -0.0297541 0.00138472 3
11.264 8.36578 -1.98997 0.899 4.289 0.959295 0.137542  -0.0397519 0.00329556 3
11.3646 8.46691 -1.96786 0.896 4.369 1.00501 0.2197  -0.0298135 0.013876 3
11.4655 8.56515 -1.95733 0.893 4.443 0.974507 0.10444  -0.0297572 0.0128109 3
11.566 8.6692 -1.93701 0.891 4.672 1.03438 0.202096  -0.0198839 0.0397361 3
11.6666 8.77776 -1.91571 0.889 4.938 1.07962 0.211803  -0.0198881 0.0461658 3
11.7672 8.88327 -1.90177 0.891 5.289 1.04827 0.138419  0.019872 0.0608691 3
11.8678 8.9944 -1.8785 0.893 5.75 1.10574 0.231612  0.0198987 0.0800521 3
11.9683 9.09726 -1.85094 0.896 6.218 1.02285 0.274035  0.0298336 0.0812285 3
12.0691 9.18464 -1.84221 0.897 6.578 0.867194 0.0865799  0 0.0623527 3
12.1697 9.2725 -1.81615 0.896 7.041 0.873469 0.259128  0 0.0803422 3
12.2707 9.3383 -1.79196 0.893 7.463 0.651472 0.239564  -0.0297035 0.0729249 3
12.3715 9.41146 -1.76834 0.887 7.945 0.725838 0.234336  -0.0595283 0.0834636 3
12.4727 9.48418 -1.74372 0.881 8.376 0.718228 0.243088  -0.0592565 0.0742915 3
12.5734 9.54831 -1.71888 0.873 8.699 0.636907 0.24673  -0.0794516 0.0559877 3
12.674 9.62372 -1.69118 0.869 8.913 0.74951 0.275309  -0.0397562 0.0371226 3
12.7748 9.70732 -1.6657 0.865 9.093 0.829706 0.25288  -0.0396976 0.0311784 3
12.8754 9.81656 -1.63172 0.861 9.244 1.08578 0.337701  -0.0397588 0.0261954 3
12.9758 9.9336 -1.59768 0.86 9.329 1.16512 0.338909  0 0.014768 3
13.0765 10.0502 -1.56184 0.863 9.313 1.15787 0.356075  0.0298028 -0.0027743 3
13.1773 10.1664 -1.52912 0.869 9.255 1.15299 0.324362  0.0594963 -0.010038 3
13.2783 10.2827 -1.49422 0.88 9.21 1.15167 0.345663  0.10892 -0.00777685 3
13.3791 10.3811 -1.47046 0.885 9.105 0.975789 0.235625  0.0496045 -0.0181809 3
13.4798 10.4735 -1.46868 0.889 9.038 0.917581 0.0176802  0.0397254 -0.0116133 3
13.5806 10.5542 -1.45097 0.893 9.178 0.80107 0.175831  0.0397034 0.0242533 3
13.6812 10.6303 -1.42985 0.893 9.484 0.756335 0.209863  0 0.0530742 3
13.782 10.7107 -1.40156 0.889 9.805 0.797503 0.280693  -0.0396819 0.0555797 3
13.883 10.8019 -1.36834 0.883 10.174 0.903403 0.329025  -0.0594358 0.0637969 3
13.9835 10.8913 -1.34087 0.877 10.459 0.888823 0.273198  -0.0596568 0.0494573 3
14 10.9061 -1.33618 0.877 10.515 0.896128 0.284098  0 0.0592423 3
14.0999 10.9915 -1.30985 0.869 10.771 0.855308 0.263567  -0.0800781 0.0447241 3
14.1998 11.0806 -1.28611 0.866 11.054 0.892156 0.237685  -0.0300342 0.0494494 3
14.2998 11.1681 -1.28732 0.861 11.246 0.87463 -0.0121652  -0.0499881 0.0335023 3
14.3998 11.2587 -1.29302 0.86 11.459 0.906514 -0.0569637  -0.0100026 0.037185 3
14.4998 11.3527 -1.29867 0.858 11.63 0.939214 -0.0565001  -0.0199998 0.0298448 3
14.5998 11.4501 -1.30594 0.848 11.783 0.974131 -0.0727644  -0.100026 0.0267104 3
14.6998 11.5517 -1.32313 0.842 11.922 1.01536 -0.171778  -0.0599634 0.0242456 3
14.7998 11.6527 -1.34128 0.837 12.071 1.01105 -0.181552  -0.0500313 0.0260214 3
14.8998 11.7545 -1.3859 0.837 12.329 1.01791 -0.446179  0 0.0450254 3
14.9998 11.8558 -1.42964 0.836 12.531 1.01337 -0.437404  -0.0100002 0.0352562 3
15.0998 11.9547 -1.46831 0.834 12.848 0.988785 -0.386723  -0.0200014 0.0553306 3
15.2 12.0456 -1.50086 0.83 13.189 0.907334 -0.324858  -0.0399202 0.0593969 3
15.3001 12.1596 -1.58868 0.826 13.521 1.13804 -0.876959  -0.0399444 0.0578645 3
15.5011 12.3948 -1.79392 0.823 15.239 1.17041 -1.02142  -0.0149302 0.149226 3
15.6016 12.5255 -1.9003 0.821 18.449 1.30057 -1.05821  -0.0198932 0.557259 3
15.7025 12.66 -1.9946 0.821 22.423 1.33201 -0.934142  0 0.687096 3
15.8032 12.7666 -2.04989 0.825 26.587 1.05895 -0.549348  0.0397427 0.72208 3
15.904 12.845 -2.09436 0.831 30.894 0.7782 -0.441139  0.0595245 0.745755 3
16.0047 12.8982 -2.13174 0.837 33.995 0.528425 -0.371004  0.0595553 0.537215 3
16.1052 12.9468 -2.15067 0.838 36.069 0.483098 -0.18847  0 0.360291 3
16.2057 12.9798 -2.15078 0.831 38.28 0.328747 0  -0.0696564 0.383998 3
16.3067 13.0082 -2.13016 0.826 40.711 0.280955 0.204109  -0.0495062 0.420099 3
16.4075 13.0304 -2.09715 0.817 42.788 0.220366 0.327542  -0.0892952 0.359666 3
16.508 13.0469 -2.04654 0.813 45.571 0.163791 0.503417  -0.0397876 0.483147 3
16.6086 13.0621 -1.9815 0.799 47.536 0.151593 0.646752  -0.139225 0.341058 3
16.7093 13.0775 -1.90689 0.795 49.11 0.152869 0.740926  -0.0397203 0.272794 3
16.81 13.0864 -1.82397 0.801 50.287 0.087967 0.823367  0.0595808 0.20399 3
16.9109 13.1059 -1.71759 0.805 51.008 0.194022 1.05406  0.0396338 0.124686 3
17.0119 13.1211 -1.58038 0.814 51.498 0.149761 1.35903  0.0891401 0.0847043 3
17.1127 13.1108 -1.41444 0.828 51.537 -0.101571 1.64499  0.138785 0.00674729 3
17.2134 13.0955 -1.24666 0.826 51.13 -0.152431 1.66679  -0.0198689 -0.0705689 3
17.314 13.0864 -1.08429 0.829 50.076 -0.0895866 1.61338  0.02981 -0.182793 3
17.4147 13.0845 -0.921708 0.836 48.467 -0.019203 1.61494  0.0695297 -0.278937 3
17.5154 13.0928 -0.763123 0.839 46.1 0.0825047 1.57521  0.0297987 -0.410348 3
17.6163 13.104 -0.594363 0.838 43.095 0.110972 1.67329  0 -0.520024 3
17.7169 13.123 -0.423315 0.84 39.688 0.188667 1.69971  0.0198742 -0.590894 3
17.7998 13.1475 -0.283537 0.84 36.444 0.295788 1.68533  0 -0.682662 3
17.8998 13.193 -0.120642 0.842 32.564 0.454786 1.62902  0.0200008 -0.677213 3
17.9998 13.2471 0.0393211 0.842 28.585 0.54114 1.59922  0 -0.69429 3
18.0998 13.3125 0.197722 0.84 24.544 0.653388 1.58456  -0.0200071 -0.705536 3
18.1998 13.394 0.347178 0.835 20.388 0.815177 1.4945  -0.049998 -0.725329 3
18.2998 13.4834 0.489335 0.832 16.33 0.893961 1.42162  -0.0300008 -0.708275 3
18.3998 13.5873 0.619231 0.83 12.343 1.03929 1.29897  -0.0200003 -0.695872 3
18.4998 13.7037 0.736744 0.83 8.475 1.16395 1.17474  0 -0.674863 3
18.5998 13.8325 0.839309 0.826 4.203 1.28841 1.02589  -0.0400094 -0.745781 3
18.6998 13.9516 0.917954 0.821 0.0699997 1.19142 0.786754  -0.0500191 -0.72162 3
18.7998 14.0649 0.981727 0.817 -3.826 1.13286 0.637655  -0.0399954 -0.679902 3
18.9001 14.1535 1.02788 0.812 -7.966 0.883027 0.460004  -0.0498305 -0.720117 3
19 14.2516 1.0591 0.807 -12.087 0.982112 0.312601  -0.0500702 -0.72026 3
19.2016 14.5104 1.11706 0.797 -20.809 1.28404 0.287533  -0.0496095 -0.755194 3
19.3026 14.6424 1.13381 0.797 -25.635 1.30658 0.165786  0 -0.833808 3
19.4036 14.7659 1.1435 0.789 -30.532 1.22235 0.0959193  -0.0791964 -0.846103 3
19.5042 14.8689 1.14698 0.791 -35.498 1.02318 0.0345869  0.0198778 -0.861436 3
19.605 14.9357 1.14361 0.801 -41.428 0.662991 -0.0334099  0.0991741 -1.02643 3
19.7059 14.9602 1.13542 0.813 -46.655 0.243472 -0.0812199  0.119037 -0.904963 3
19.8066 14.9584 1.12874 0.834 -51.421 -0.0184327 -0.0663197  0.208412 -0.825533 3
19.9075 15.0447 1.13796 0.856 -55.336 0.85581 0.0914814  0.218154 -0.677564 3
20.008 15.113 1.12643 0.88 -58.162 0.679798 -0.114746  0.238763 -0.490688 3
20.1084 15.1536 1.10666 0.888 -61.443 0.404379 -0.196777  0.0796462 -0.57011 3
20.2 15.1721 1.07444 0.891 -64.305 0.201836 -0.351888  0.0327586 -0.545446 8
20.3 15.1715 1.02908 0.897 -66.385 0 -0.453476  0.0599901 -0.362968 8
20.4002 15.1644 0.972856 0.873 -67.855 -0.0709884 -0.561149  -0.239522 -0.256052 8
20.5 15.1427 0.906149 0.842 -68.924 -0.216947 -0.668279  -0.310565 -0.186916 8
20.6001 15.1156 0.837666 0.822 -69.458 -0.270563 -0.684189  -0.199813 -0.0931135 8
20.7 15.0899 0.772708 0.806 -69.594 -0.257677 -0.650398  -0.160201 -0.0237666 8
20.7999 15.0765 0.718393 0.798 -69.295 -0.133797 -0.543517  -0.080053 0.0522206 8
20.9 15.0831 0.67442 0.807 -70.153 0.0657414 -0.439333  0.0899188 -0.149614 8
21 15.0889 0.616335 0.804 -70.937 0.0576979 -0.580909  -0.0300032 -0.136849 8
21.1 15.0831 0.547066 0.798 -71.004 -0.0577219 -0.692759  -0.0600061 -0.0116951 4
21.1999 15.0815 0.476692 0.796 -70.51 -0.0164235 -0.704563  -0.0200232 0.0863199 4
21.3 15.0894 0.422254 0.795 -69.714 0.079419 -0.543613  0 0.138732 9
21.4 15.1009 0.328039 0.765 -69.357 0.11532 -0.942468  -0.300103 0.06233 9
21.5001 15.1116 0.257093 0.729 -69.302 0.106452 -0.70894  -0.359735 0.00959231 9
21.6 15.1067 0.227366 0.67 -69.656 -0.0487937 -0.297492  -0.590445 -0.0618313 9
21.7 15.0766 0.20631 0.607 -70.132 -0.301103 -0.210507  -0.629844 -0.0830574 9
21.8 15.0286 0.185888 0.527 -70.559 -0.480421 -0.204318  -0.80037 -0.0745604 9
21.9 14.9654 0.162684 0.448 -70.841 -0.631688 -0.231893  -0.789504 -0.049187 9
22 14.9165 0.147304 0.363 -70.857 -0.489088 -0.153837  -0.850196 -0.00279297 9
22.0999 14.9044 0.152078 0.288 -70.802 -0.121403 0.0478016  -0.750902 0.00961091 9
22.2002 14.8965 0.168023 0.213 -70.759 -0.0783748 0.15904  -0.748071 0.00748549 9
22.3 14.8846 0.188395 0.156 -70.773 -0.119644 0.204012  -0.570832 -0.00244702 9
22.4 14.8782 0.201871 0.11 -70.827 -0.0630889 0.134799  -0.460117 -0.00942733 9
22.5 14.8802 0.198094 0.05 -70.779 0.0195839 -0.0377803  -0.600167 0.00837997 9
22.6 14.8802 0.198094 0 -71.543 0 0  -0.499571 -0.133229 2
22.7 14.8802 0.198094 0 -71.451 0 0  0 0.0160583 2
22.7998 14.8802 0.198094 0 -71.441 0 0  0 0.00174871 2
22.8999 14.8802 0.198094 0 -71.407 0 0  0 0.00592698 2
23 14.8802 0.198094 0 -71.389 0 0  0 0.00313892 2
23.1001 14.8802 0.198094 0 -71.37 0 0  0 0.00331563 2
23.1999 14.8802 0.198094 0 -71.361 0 0  0 0.00157247 2
23.3 14.8802 0.198094 0 -71.339 0 0  0 0.00383892 2
23.4 14.8802 0.198094 0 -71.322 0 0  0 0.00296484 2
23.5 14.8802 0.198094 0 -71.306 0 0  0 0.00279232 2
23.6 14.8802 0.198094 0 -71.288 0 0  0 0.00314302 2
23.7 14.8802 0.198094 0 -71.268 0 0  0 0.00349202 2
23.8001 14.8802 0.198094 0 -71.248 0 0  0 0.00348725 2
23.9 14.8802 0.198094 0 -71.23 0 0  0 0.00314481 2
24 14.8802 0.198094 0 -71.211 0 0  0 0.00331569 2
24.1 14.8802 0.198094 0 -71.194 0 0  0 0.0029647 2
24.1998 14.8802 0.198094 0 -71.178 0 0  0 0.00279797 2
24.3001 14.8802 0.198094 0 -71.158 0 0  0 0.00348332 2
24.3999 14.8802 0.198094 0 -71.139 0 0  0 0.00332242 2
24.5 14.8802 0.198094 0 -71.136 0 0  0 0.000522842 2
