10.6708 -1.22259 0.929 24.2608
10.7066 -1.2269 0.926549 24.3608
10.7445 -1.23033 0.92496 24.4608
10.7844 -1.23124 0.923945 24.5608
10.8257 -1.22894 0.923309 24.6608
10.868 -1.2232 0.922917 24.7608
10.9108 -1.21408 0.92268 24.8608
10.9539 -1.2017 0.922536 24.9608
10.9874 -1.19177 0.919965 25.0608
11.0225 -1.17855 0.918216 25.1608
11.0591 -1.16388 0.917016 25.2608
11.0974 -1.1489 0.916177 25.3608
11.1374 -1.13433 0.915573 25.4608
11.179 -1.12068 0.915117 25.5608
11.2148 -1.12096 0.913135 25.6608
11.2527 -1.12016 0.912176 25.7608
11.2922 -1.11775 0.911882 25.8608
11.3332 -1.11365 0.912009 25.9608
11.3753 -1.10801 0.912387 26.0608
11.4183 -1.10101 0.9129 26.1608
11.4622 -1.09286 0.913467 26.2608
11.5068 -1.08376 0.914035 26.3608
11.5519 -1.07388 0.914568 26.4608
11.5975 -1.06337 0.915042 26.5608
11.6435 -1.05236 0.915444 26.6608
11.6898 -1.04094 0.915763 26.7608
11.7364 -1.02919 0.915995 26.8608
11.7833 -1.0172 0.916139 26.9608
11.8304 -1.00502 0.916195 27.0608
11.8777 -0.992685 0.916164 27.1608
11.9251 -0.980244 0.916048 27.2608
11.9727 -0.967723 0.91585 27.3608
12.0204 -0.955148 0.915573 27.4608
12.0682 -0.942538 0.915221 27.5608
12.1161 -0.929908 0.914797 27.6608
12.1641 -0.917272 0.914304 27.7608
12.2121 -0.904639 0.913746 27.8608
12.2602 -0.892017 0.913126 27.9608
12.3084 -0.879411 0.912446 28.0608
12.3565 -0.866826 0.911711 28.1608
12.4048 -0.854266 0.910923 28.2608
12.453 -0.841732 0.910084 28.3608
12.5013 -0.829227 0.909197 28.4608
12.5496 -0.816751 0.908266 28.5608
12.598 -0.804305 0.907291 28.6608
12.6463 -0.79189 0.906277 28.7608
12.6947 -0.779505 0.905223 28.8608
12.7431 -0.767149 0.904134 28.9608
12.7915 -0.754823 0.903011 29.0608
12.84 -0.742526 0.901855 29.1608
12.8884 -0.730257 0.900668 29.2608
12.9369 -0.718015 0.899452 29.3608
12.9853 -0.705799 0.898209 29.4608
13.0338 -0.693609 0.89694 29.5608
13.0823 -0.681443 0.895647 29.6608
13.1308 -0.669302 0.89433 29.7608
13.1793 -0.657182 0.892991 29.8608
13.2278 -0.645085 0.891632 29.9608
13.2763 -0.633009 0.890253 30.0608
13.3248 -0.620953 0.888856 30.1608
13.3733 -0.608916 0.887441 30.2608
13.4219 -0.596898 0.886009 30.3608
13.4704 -0.584897 0.884562 30.4608
13.5189 -0.572913 0.8831 30.5608
13.5675 -0.560946 0.881624 30.6608
13.616 -0.548993 0.880135 30.7608
13.6646 -0.537056 0.878634 30.8608
13.7131 -0.525133 0.87712 30.9608
13.7617 -0.513223 0.875596 31.0608
13.8103 -0.501326 0.874061 31.1608
13.8588 -0.489441 0.872516 31.2608
13.9074 -0.477568 0.870962 31.3608
13.956 -0.465706 0.869398 31.4608
14.0045 -0.453855 0.867827 31.5608
14.0531 -0.442015 0.866247 31.6608
14.1017 -0.430183 0.86466 31.7608
14.1503 -0.418362 0.863066 31.8608
14.1989 -0.406549 0.861465 31.9608
14.2475 -0.394744 0.859858 32.0608
14.296 -0.382948 0.858244 32.1608
14.3446 -0.371159 0.856625 32.2608
14.3932 -0.359378 0.855001 32.3608
14.4418 -0.347603 0.853372 32.4608
14.4904 -0.335836 0.851738 32.5608
14.539 -0.324074 0.850099 32.6608
14.5876 -0.312319 0.848456 32.7608
14.6362 -0.30057 0.846809 32.8608
14.6848 -0.288826 0.845159 32.9608
14.7334 -0.277087 0.843504 33.0608
14.782 -0.265354 0.841847 33.1608
14.8306 -0.253625 0.840186 33.2608
14.8792 -0.241901 0.838522 33.3608
14.9278 -0.230181 0.836855 33.4608
14.9764 -0.218466 0.835185 33.5608
15.0251 -0.206754 0.833513 33.6608
15.0737 -0.195046 0.831839 33.7608
15.1223 -0.183342 0.830162 33.8608
15.1709 -0.171641 0.828483 33.9608
15.2195 -0.159944 0.826802 34.0608
15.2681 -0.14825 0.825119 34.1608
15.3167 -0.136558 0.823434 34.2608
15.3653 -0.12487 0.821747 34.3608
15.414 -0.113184 0.820059 34.4608
15.4626 -0.101501 0.818369 34.5608
15.5112 -0.0898206 0.816678 34.6608
15.5598 -0.0781424 0.814986 34.7608
15.6084 -0.0664665 0.813292 34.8608
15.657 -0.0547926 0.811597 34.9608
15.6921 -0.0488051 0.808355 35.0608
15.7292 -0.0411658 0.805716 35.1608
15.7682 -0.0331491 0.803486 35.2608
15.809 -0.025581 0.801534 35.3608
15.8513 -0.0190235 0.799769 35.4608
