-0.359723 0.602068 1.147 1.00008
-0.347638 0.603713 1.14711 1.10008
-0.329446 0.604535 1.14792 1.20008
-0.30615 0.604335 1.14918 1.30008
-0.27861 0.602897 1.15074 1.40008
-0.247569 0.600009 1.15247 1.50008
-0.213673 0.595482 1.15431 1.60008
-0.177488 0.589151 1.1562 1.70008
-0.139513 0.580885 1.15811 1.80008
-0.100188 0.57058 1.16002 1.90008
-0.0599045 0.558163 1.16192 2.00008
-0.0190113 0.543583 1.16378 2.10008
0.0221784 0.526814 1.16562 2.20008
0.0633836 0.507847 1.16742 2.30008
0.10435 0.486693 1.16918 2.40008
0.144849 0.463375 1.1709 2.50008
0.18467 0.43793 1.17258 2.60008
0.223623 0.410403 1.17421 2.70008
0.261534 0.380853 1.17581 2.80008
0.298244 0.349344 1.17737 2.90008
0.333606 0.315948 1.17889 3.00008
0.367486 0.280745 1.18037 3.10008
0.399759 0.24382 1.18181 3.20008
0.430311 0.205262 1.18322 3.30008
0.459039 0.165166 1.18458 3.40008
0.485846 0.123633 1.18592 3.50008
0.510644 0.0807648 1.18722 3.60008
0.533355 0.0366688 1.18848 3.70008
0.553906 -0.00854476 1.18971 3.80008
0.572232 -0.0547627 1.19091 3.90008
0.588277 -0.101869 1.19207 4.00008
0.60199 -0.149746 1.19321 4.10008
0.613329 -0.198273 1.19431 4.20008
0.622256 -0.247327 1.19539 4.30008
0.628743 -0.296787 1.19644 4.40008
0.632769 -0.346526 1.19745 4.50008
0.634316 -0.396419 1.19844 4.60008
0.632258 -0.406248 1.19825 4.70008
0.629564 -0.422465 1.19865 4.80008
0.626435 -0.444056 1.19945 4.90008
0.623063 -0.470175 1.20049 5.00008
0.619569 -0.500106 1.20168 5.10008
0.61602 -0.533242 1.20293 5.20008
0.612442 -0.569069 1.20421 5.30008
0.608849 -0.607155 1.20548 5.40008
0.605239 -0.647137 1.20672 5.50008
0.601612 -0.688708 1.20792 5.60008
0.597961 -0.731612 1.20907 5.70008
0.594284 -0.775635 1.21017 5.80008
0.590576 -0.820596 1.21122 5.90008
0.586835 -0.866343 1.2122 6.00008
0.58306 -0.912749 1.21313 6.10008
0.57925 -0.959707 1.21401 6.20008
0.575404 -1.00713 1.21483 6.30008
0.571522 -1.05494 1.21561 6.40008
0.567604 -1.10307 1.21633 6.50008
0.563653 -1.15148 1.21701 6.60008
0.559668 -1.20012 1.21764 6.70008
0.555651 -1.24895 1.21824 6.80008
0.551604 -1.29793 1.21879 6.90008
0.548772 -1.3076 1.2165 7.00008
0.544956 -1.32363 1.21415 7.10008
0.540673 -1.34505 1.21177 7.20008
0.536442 -1.37108 1.20938 7.30008
0.532724 -1.40101 1.20701 7.40008
0.529909 -1.43423 1.20465 7.50008
0.528322 -1.47021 1.20232 7.60008
0.528226 -1.50848 1.20001 7.70008
0.529834 -1.54859 1.19981 7.80008
0.533315 -1.59018 1.20031 7.90008
0.5388 -1.63288 1.20125 8.00008
0.546386 -1.6764 1.20247 8.10008
0.556142 -1.72044 1.20386 8.20008
0.568114 -1.76475 1.20533 8.30008
0.582326 -1.80908 1.20684 8.40008
0.598786 -1.85322 1.20836 8.50008
0.617485 -1.89697 1.20985 8.60008
0.638404 -1.94013 1.2113 8.70008
0.661509 -1.98253 1.21271 8.80008
0.686758 -2.02402 1.21407 8.90008
0.7141 -2.06443 1.21537 9.00008
0.743476 -2.10364 1.21661 9.10008
0.774819 -2.1415 1.21779 9.20008
0.808056 -2.1779 1.21891 9.30008
0.843109 -2.21271 1.21997 9.40008
0.879893 -2.24583 1.22098 9.50008
0.918317 -2.27716 1.22192 9.60008
0.958289 -2.30661 1.2228 9.70008
0.999709 -2.33408 1.22363 9.80008
1.04248 -2.3595 1.2244 9.90008
1.08648 -2.3828 1.22512 10.0001
1.13162 -2.4039 1.22579 10.1001
1.17777 -2.42275 1.2264 10.2001
1.22482 -2.43929 1.22696 10.3001
1.27266 -2.45348 1.22748 10.4001
1.32116 -2.46527 1.22794 10.5001
1.3702 -2.47463 1.22836 10.6001
1.41966 -2.48153 1.22873 10.7001
1.46941 -2.48596 1.22906 10.8001
1.51933 -2.48789 1.22934 10.9001
1.56929 -2.48731 1.22958 11.0001
1.58066 -2.48201 1.22694 11.1001
1.59793 -2.47583 1.22414 11.2001
1.62026 -2.46916 1.22128 11.3001
1.64692 -2.46228 1.21841 11.4001
1.67725 -2.45533 1.21557 11.5001
1.71066 -2.44837 1.21278 11.6001
1.74666 -2.44144 1.21006 11.7001
1.78485 -2.43453 1.20741 11.8001
1.82486 -2.42764 1.20483 11.9001
1.8664 -2.42074 1.20233 12.0001
1.90922 -2.41383 1.1999 12.1001
1.95312 -2.4069 1.19753 12.2001
1.99792 -2.39993 1.19523 12.3001
2.04347 -2.39291 1.19299 12.4001
2.08964 -2.38584 1.19081 12.5001
2.13635 -2.37872 1.18868 12.6001
2.18349 -2.37154 1.18659 12.7001
2.231 -2.36431 1.18456 12.8001
2.27882 -2.35701 1.18256 12.9001
2.3269 -2.34966 1.18061 13.0001
2.37518 -2.34226 1.17869 13.1001
2.42365 -2.33479 1.1768 13.2001
2.47227 -2.32728 1.17495 13.3001
2.521 -2.31971 1.17313 13.4001
2.56985 -2.31209 1.17134 13.5001
2.61877 -2.30443 1.16957 13.6001
2.66777 -2.29672 1.16783 13.7001
2.71682 -2.28897 1.16611 13.8001
2.76593 -2.28118 1.16442 13.9001
2.81507 -2.27335 1.16274 14.0001
2.86425 -2.26548 1.16108 14.1001
2.91345 -2.25757 1.15945 14.2001
2.96267 -2.24963 1.15782 14.3001
3.01192 -2.24166 1.15622 14.4001
3.06117 -2.23366 1.15463 14.5001
3.11044 -2.22563 1.15305 14.6001
3.15972 -2.21758 1.15149 14.7001
3.209 -2.20949 1.14994 14.8001
3.25829 -2.20139 1.14841 14.9001
3.30758 -2.19326 1.14688 15.0001
3.35688 -2.1851 1.14536 15.1001
3.40618 -2.17693 1.14386 15.2001
3.45547 -2.16873 1.14236 15.3001
3.50477 -2.16052 1.14088 15.4001
3.55407 -2.15228 1.1394 15.5001
3.60337 -2.14403 1.13793 15.6001
3.65267 -2.13576 1.13647 15.7001
3.70197 -2.12748 1.13501 15.8001
3.75127 -2.11918 1.13356 15.9001
3.80057 -2.11087 1.13212 16.0001
3.84986 -2.10254 1.13068 16.1001
3.89916 -2.0942 1.12925 16.2001
3.94845 -2.08585 1.12783 16.3001
3.99774 -2.07749 1.1264 16.4001
4.04703 -2.06911 1.12499 16.5001
4.09632 -2.06072 1.12358 16.6001
4.14561 -2.05233 1.12217 16.7001
4.1949 -2.04392 1.12077 16.8001
4.24418 -2.0355 1.11937 16.9001
4.29347 -2.02708 1.11797 17.0001
4.34275 -2.01865 1.11658 17.1001
4.39203 -2.0102 1.11519 17.2001
4.44131 -2.00176 1.11381 17.3001
4.49059 -1.9933 1.11242 17.4001
4.53987 -1.98483 1.11104 17.5001
4.58914 -1.97636 1.10967 17.6001
4.63842 -1.96789 1.10829 17.7001
4.68769 -1.95941 1.10692 17.8001
4.73697 -1.95092 1.10555 17.9001
4.78624 -1.94242 1.10418 18.0001
4.83551 -1.93392 1.10281 18.1001
4.88479 -1.92542 1.10145 18.2001
4.93406 -1.91691 1.10008 18.3001
4.98333 -1.90839 1.09872 18.4001
5.03259 -1.89988 1.09736 18.5001
5.08186 -1.89135 1.096 18.6001
5.13113 -1.88283 1.09465 18.7001
5.1804 -1.8743 1.09329 18.8001
5.22966 -1.86576 1.09193 18.9001
5.27893 -1.85723 1.09058 19.0001
5.32819 -1.84869 1.08923 19.1001
5.37746 -1.84014 1.08788 19.2001
5.42672 -1.83159 1.08653 19.3001
5.47599 -1.82304 1.08518 19.4001
5.52525 -1.81449 1.08383 19.5001
5.57451 -1.80594 1.08248 19.6001
5.62377 -1.79738 1.08113 19.7001
5.67304 -1.78882 1.07979 19.8001
5.7223 -1.78026 1.07844 19.9001
5.77156 -1.77169 1.0771 20.0001
5.82082 -1.76313 1.07575 20.1001
5.87008 -1.75456 1.07441 20.2001
5.91934 -1.74599 1.07306 20.3001
5.9686 -1.73742 1.07172 20.4001
6.01786 -1.72884 1.07038 20.5001
6.06712 -1.72027 1.06904 20.6001
6.11638 -1.71169 1.0677 20.7001
6.16564 -1.70311 1.06636 20.8001
6.21489 -1.69453 1.06502 20.9001
6.26415 -1.68595 1.06368 21.0001
6.31341 -1.67737 1.06234 21.1001
6.36267 -1.66879 1.061 21.2001
6.41193 -1.6602 1.05966 21.3001
6.46118 -1.65162 1.05832 21.4001
6.51044 -1.64303 1.05698 21.5001
6.5597 -1.63444 1.05564 21.6001
6.60895 -1.62585 1.0543 21.7001
6.65821 -1.61726 1.05297 21.8001
6.70747 -1.60867 1.05163 21.9001
6.75672 -1.60008 1.05029 22.0001
6.80598 -1.59149 1.04895 22.1001
6.85524 -1.58289 1.04762 22.2001
6.90449 -1.5743 1.04628 22.3001
6.95375 -1.56571 1.04494 22.4001
7.003 -1.55711 1.04361 22.5001
7.05226 -1.54851 1.04227 22.6001
7.10151 -1.53992 1.04094 22.7001
7.15077 -1.53132 1.0396 22.8001
7.20002 -1.52272 1.03826 22.9001
7.24928 -1.51413 1.03693 23.0001
7.29853 -1.50553 1.03559 23.1001
7.34779 -1.49693 1.03426 23.2001
7.39704 -1.48833 1.03292 23.3001
7.4463 -1.47973 1.03159 23.4001
7.49555 -1.47113 1.03025 23.5001
7.54481 -1.46253 1.02892 23.6001
7.59406 -1.45393 1.02758 23.7001
7.64332 -1.44533 1.02625 23.8001
7.69257 -1.43672 1.02491 23.9001
7.74183 -1.42812 1.02358 24.0001
7.79108 -1.41952 1.02224 24.1001
7.84034 -1.41092 1.02091 24.2001
7.88959 -1.40231 1.01957 24.3001
7.93884 -1.39371 1.01824 24.4001
7.9881 -1.38511 1.0169 24.5001
8.03735 -1.3765 1.01557 24.6001
8.08661 -1.3679 1.01423 24.7001
8.13586 -1.35929 1.0129 24.8001
8.18512 -1.35069 1.01157 24.9001
8.23437 -1.34208 1.01023 25.0001
8.28362 -1.33348 1.0089 25.1001
8.33288 -1.32488 1.00756 25.2001
8.38213 -1.31627 1.00623 25.3001
8.43139 -1.30766 1.0049 25.4001
8.48064 -1.29906 1.00356 25.5001
8.52989 -1.29045 1.00223 25.6001
8.57915 -1.28185 1.00089 25.7001
8.6284 -1.27324 0.999559 25.8001
8.67765 -1.26464 0.998225 25.9001
8.72691 -1.25603 0.996891 26.0001
8.77616 -1.24742 0.995557 26.1001
8.82542 -1.23882 0.994223 26.2001
8.87467 -1.23021 0.992889 26.3001
8.92392 -1.2216 0.991555 26.4001
8.97318 -1.213 0.990221 26.5001
9.02243 -1.20439 0.988887 26.6001
9.07168 -1.19578 0.987553 26.7001
9.12094 -1.18718 0.986219 26.8001
9.17019 -1.17857 0.984886 26.9001
9.21944 -1.16996 0.983552 27.0001
9.2687 -1.16135 0.982218 27.1001
9.31795 -1.15275 0.980884 27.2001
9.36721 -1.14414 0.97955 27.3001
9.41646 -1.13553 0.978216 27.4001
9.46571 -1.12692 0.976883 27.5001
9.51497 -1.11832 0.975549 27.6001
9.56422 -1.10971 0.974215 27.7001
9.61347 -1.1011 0.972881 27.8001
9.66273 -1.09249 0.971548 27.9001
9.71198 -1.08388 0.970214 28.0001
9.76123 -1.07528 0.96888 28.1001
9.81049 -1.06667 0.967546 28.2001
9.85974 -1.05806 0.966213 28.3001
9.90899 -1.04945 0.964879 28.4001
9.95825 -1.04085 0.963545 28.5001
10.0075 -1.03224 0.962212 28.6001
10.0568 -1.02363 0.960878 28.7001
10.106 -1.01502 0.959544 28.8001
10.1553 -1.00641 0.958211 28.9001
10.2045 -0.997804 0.956877 29.0001
10.2538 -0.989196 0.955543 29.1001
10.303 -0.980588 0.95421 29.2001
10.3523 -0.971979 0.952876 29.3001
10.4015 -0.963371 0.951542 29.4001
10.4508 -0.954763 0.950209 29.5001
10.5 -0.946154 0.948875 29.6001
10.5493 -0.937546 0.947541 29.7001
10.5985 -0.928938 0.946208 29.8001
10.6478 -0.920329 0.944874 29.9001
10.697 -0.911721 0.94354 30.0001
10.7463 -0.903112 0.942207 30.1001
10.7956 -0.894504 0.940873 30.2001
10.8448 -0.885895 0.939539 30.3001
10.8941 -0.877287 0.938206 30.4001
10.9433 -0.868678 0.936872 30.5001
10.9926 -0.86007 0.935538 30.6001
11.0418 -0.851461 0.934205 30.7001
11.0911 -0.842852 0.932871 30.8001
11.1403 -0.834244 0.931537 30.9001
11.1896 -0.825635 0.930204 31.0001
11.2388 -0.817027 0.92887 31.1001
11.2881 -0.808418 0.927537 31.2001
11.3373 -0.799809 0.926203 31.3001
11.3866 -0.791201 0.924869 31.4001
11.4358 -0.782592 0.923536 31.5001
11.4851 -0.773983 0.922202 31.6001
11.5344 -0.765375 0.920868 31.7001
11.5836 -0.756766 0.919535 31.8001
11.6329 -0.748157 0.918201 31.9001
11.6821 -0.739548 0.916867 32.0001
11.7314 -0.73094 0.915534 32.1001
11.7806 -0.722331 0.9142 32.2001
11.8299 -0.713722 0.912867 32.3001
11.8791 -0.705114 0.911533 32.4001
11.9284 -0.696505 0.910199 32.5001
11.9776 -0.687896 0.908866 32.6001
12.0269 -0.679287 0.907532 32.7001
12.0761 -0.670679 0.906198 32.8001
12.1254 -0.66207 0.904865 32.9001
12.1746 -0.653461 0.903531 33.0001
12.2239 -0.644852 0.902198 33.1001
12.2732 -0.636244 0.900864 33.2001
12.3224 -0.627635 0.89953 33.3001
12.3717 -0.619026 0.898197 33.4001
12.4209 -0.610417 0.896863 33.5001
12.4702 -0.601808 0.895529 33.6001
12.5194 -0.5932 0.894196 33.7001
12.5687 -0.584591 0.892862 33.8001
12.6179 -0.575982 0.891529 33.9001
12.6672 -0.567373 0.890195 34.0001
12.7164 -0.558764 0.888861 34.1001
12.7657 -0.550156 0.887528 34.2001
12.8149 -0.541547 0.886194 34.3001
12.8642 -0.532938 0.884861 34.4001
12.9134 -0.524329 0.883527 34.5001
12.9627 -0.51572 0.882193 34.6001
13.012 -0.507112 0.88086 34.7001
13.0612 -0.498503 0.879526 34.8001
13.1105 -0.489894 0.878192 34.9001
13.1597 -0.481285 0.876859 35.0001
13.209 -0.472676 0.875525 35.1001
13.2582 -0.464067 0.874192 35.2001
13.3075 -0.455459 0.872858 35.3001
13.3567 -0.44685 0.871524 35.4001
13.406 -0.438241 0.870191 35.5001
13.4552 -0.429632 0.868857 35.6001
13.5045 -0.421023 0.867524 35.7001
13.5537 -0.412414 0.86619 35.8001
13.603 -0.403806 0.864856 35.9001
13.6522 -0.395197 0.863523 36.0001
13.7015 -0.386588 0.862189 36.1001
13.7508 -0.377979 0.860855 36.2001
13.8 -0.36937 0.859522 36.3001
13.8493 -0.360761 0.858188 36.4001
13.8985 -0.352153 0.856855 36.5001
13.9478 -0.343544 0.855521 36.6001
13.997 -0.334935 0.854187 36.7001
14.0463 -0.326326 0.852854 36.8001
14.0955 -0.317717 0.85152 36.9001
14.1448 -0.309108 0.850187 37.0001
14.194 -0.3005 0.848853 37.1001
14.2433 -0.291891 0.847519 37.2001
14.2925 -0.283282 0.846186 37.3001
14.3418 -0.274673 0.844852 37.4001
14.391 -0.266064 0.843518 37.5001
14.4403 -0.257455 0.842185 37.6001
14.4896 -0.248846 0.840851 37.7001
14.5388 -0.240238 0.839518 37.8001
14.5881 -0.231629 0.838184 37.9001
14.6373 -0.22302 0.83685 38.0001
14.6866 -0.214411 0.835517 38.1001
14.7358 -0.205802 0.834183 38.2001
14.7851 -0.197193 0.83285 38.3001
14.8343 -0.188585 0.831516 38.4001
14.8836 -0.179976 0.830182 38.5001
14.9328 -0.171367 0.828849 38.6001
14.9821 -0.162758 0.827515 38.7001
15.0313 -0.154149 0.826181 38.8001
15.0806 -0.14554 0.824848 38.9001
15.1298 -0.136931 0.823514 39.0001
15.1791 -0.128323 0.822181 39.1001
15.2284 -0.119714 0.820847 39.2001
15.2776 -0.111105 0.819513 39.3001
15.3269 -0.102496 0.81818 39.4001
15.3761 -0.0938871 0.816846 39.5001
15.4254 -0.0852783 0.815513 39.6001
15.4746 -0.0766694 0.814179 39.7001
15.5239 -0.0680606 0.812845 39.8001
15.5731 -0.0594517 0.811512 39.9001
15.6224 -0.0508428 0.810178 40.0001
15.6716 -0.042234 0.808844 40.1001
15.7209 -0.0336251 0.807511 40.2001
15.7322 -0.0277577 0.805906 40.3001
15.7495 -0.0208649 0.80445 40.4001
15.7719 -0.0135468 0.8031 40.5001
15.7988 -0.00635281 0.801827 40.6001
15.8294 0.000255096 0.80061 40.7001
15.8633 0.00589911 0.799432 40.8001
