14.0752 -0.56185 0.83 17.4445
14.1723 -0.523928 0.831203 17.5445
14.2689 -0.485129 0.831376 17.6445
14.3656 -0.446428 0.83259 17.7445
14.4621 -0.409134 0.832874 17.8445
14.5624 -0.380597 0.832901 17.9445
14.6621 -0.352898 0.831663 18.0445
14.7611 -0.324662 0.82968 18.1445
14.8593 -0.29545 0.827317 18.2445
14.9567 -0.265236 0.824823 18.3445
15.0535 -0.234151 0.822362 18.4445
15.1498 -0.202373 0.820042 18.5445
15.2457 -0.170071 0.817928 18.6445
15.3417 -0.129717 0.819623 18.7445
15.4381 -0.0920132 0.820541 18.8445
15.5359 -0.0599398 0.820951 18.9445
15.6351 -0.0345788 0.821039 19.0445
15.7354 -0.0160636 0.820932 19.1445
15.8363 -0.00411425 0.820717 19.2445
15.9375 0.00167117 0.820453 19.3445
