1388643844.135603065 0.491807 0.00546866 1.126 15.022 0.0819406 0  0.187604 0.0436827 7
1388643844.235606533 0.503285 0.00743588 1.106 15.132 0.114773 0.0196715  -0.199993 0.0191979 7
1388643844.335588839 0.515092 0.00565898 1.067 15.18 0.118092 -0.0177721  -0.390069 0.00837912 7
1388643844.435591343 0.525698 0.0017533 1.031 15.208 0.106054 -0.0390559  -0.359991 0.00488678 7
1388643844.535585345 0.537283 -0.00282712 0.998 15.238 0.115855 -0.045807  -0.33002 0.00523626 7
1388643844.635577207 0.543891 -0.00526809 0.977 15.162 0.0660919 -0.0244116  -0.210017 -0.0132656 7
1388643844.735586599 0.546167 -0.00612448 0.957 15.147 0.022761 0  -0.199981 -0.00261764 7
1388643844.835593746 0.546907 -0.00675541 0.948 15.08 0 0  -0.0899936 -0.0116929 7
1388643844.935579922 0.544349 -0.00747784 0.943 15.004 -0.0255871 0  -0.0500069 -0.0132664 7
1388643845.035612700 0.54041 -0.00726432 0.942 15.017 -0.0393783 0  0 0.00226827 7
1388643845.135585122 0.536762 -0.00692535 0.948 15.046 -0.0364907 0  0.0600166 0.00506273 7
1388643845.235590589 0.531089 -0.00488147 0.952 15.044 -0.0567204 0.0204377  0.0399978 -0.000349021 7
1388643845.335588020 0.529364 -0.00540384 0.955 15.061 -0.017257 0  0.0300008 0.00296717 7
1388643845.435588572 0.529275 -0.0114969 0.956 15.101 0 -0.0609298  0 0.00698127 7
1388643845.535579775 0.530285 -0.0158448 0.957 15.177 0.0100985 -0.0434829  0.0100009 0.0132657 4
1388643845.635676676 0.516764 0.119634 0.954 0.11 0 -0.0389919  -0.029971 -2.62714 4
1388643845.735641975 0.517257 0.115654 0.952 0.219 0 -0.0398152  -0.0200069 0.0190307 4
1388643845.835614872 0.517551 0.11562 0.954 0.277 0 0  0.0200054 0.0101258 4
1388643845.935658329 0.519671 0.114457 0.95 0.38 0.0211879 -0.0116257  -0.0399826 0.017969 4
1388643846.035630290 0.522085 0.113192 0.947 0.406 0.0241514 -0.0126561  -0.0300084 0.00453913 4
1388643846.135621115 0.526417 0.114015 0.945 0.363 0.0433205 0  -0.0200018 -0.00750564 4
1388643846.235673132 0.53332 0.116966 0.943 0.265 0.068989 0.0294925  -0.0199896 -0.0170953 4
1388643846.335676246 0.538896 0.122794 0.945 0.18 0.0557628 0.0582772  0.0199994 -0.0148348 4
1388643846.435612901 0.547423 0.127245 0.942 0.0139999 0.0853257 0.0445423  -0.030019 -0.0289909 4
1388643846.535626141 0.556112 0.13373 0.94 -0.0299997 0.0868804 0.0648386  -0.0199974 -0.00767837 4
1388643846.635675371 0.563236 0.136883 0.943 -0.127 0.0712006 0.0315206  0.0299852 -0.0169214 4
1388643846.735657740 0.570826 0.136718 0.941 -0.225 0.0759101 0  -0.0200035 -0.0171073 4
1388643846.835654510 0.579713 0.135286 0.939 -0.287 0.0888788 -0.0143167  -0.0200006 -0.0108213 4
1388643847.036123310 0.604182 0.131508 0.944 -0.371 0.122057 -0.018848  0.0249415 -0.00731329 3
1388643847.136406607 0.613769 0.12863 0.955 -0.338 0.0956058 -0.0286947  0.109689 0.00574331 3
1388643847.236688215 0.619772 0.126392 0.957 -0.293 0.0598527 -0.0223188  0.0199438 0.00783194 3
1388643847.336959533 0.624459 0.12354 0.96 -0.336 0.0467436 -0.0284417  0.0299188 -0.00748465 3
1388643847.437248872 0.629239 0.119492 0.959 -0.475 0.0476691 -0.0403604  0 -0.0241901 3
1388643847.537520563 0.638248 0.117164 0.959 -0.649 0.0898385 -0.0232174  0 -0.0302864 3
1388643847.637783584 0.658122 0.114708 0.957 -0.614 0.198228 -0.0244991  -0.0199475 0.0060926 3
1388643847.738057474 0.688146 0.110406 0.948 -0.408 0.299418 -0.0428993  -0.0897542 0.0358556 3
1388643847.838338028 0.734403 0.10765 0.941 -0.118 0.461269 -0.0274889  -0.0698042 0.0504729 3
1388643847.938607941 0.799677 0.104926 0.94 0.417 0.650985 -0.0271632  0 0.0931237 3
1388643848.038877623 0.881645 0.103884 0.936 1.077 0.817482 -0.0103953  -0.0398924 0.114882 3
1388643848.139139121 0.980541 0.10796 0.932 2.045 0.986372 0.0406581  -0.0398957 0.168507 3
1388643848.239409886 1.08717 0.115337 0.927 3.39 1.06344 0.0735652  -0.049865 0.234113 3
1388643848.339709582 1.20468 0.127867 0.923 5.033 1.17153 0.124926  -0.0398805 0.285901 3
1388643848.440048384 1.32924 0.147 0.921 7.166 1.24142 0.190688  -0.0199325 0.371022 3
1388643848.540323646 1.45147 0.174075 0.924 9.904 1.21891 0.270005  0.0299176 0.476559 3
1388643848.640590569 1.57115 0.20599 0.929 12.744 1.19364 0.318307  0.0498669 0.494354 3
1388643848.740868926 1.6867 0.24706 0.938 16.064 1.15227 0.409559  0.0897502 0.577841 3
1388643848.841118124 1.79548 0.299235 0.949 19.44 1.08512 0.520446  0.109727 0.587759 3
1388643848.941384557 1.89274 0.36302 0.958 22.818 0.970028 0.63616  0.0897608 0.588005 3
1388643849.041745009 1.97579 0.43675 0.965 26.427 0.827542 0.734652  0.0697486 0.627627 3
1388643849.142008716 2.04077 0.521699 0.974 30.111 0.64811 0.847254  0.0897633 0.641288 3
1388643849.242356422 2.09289 0.614976 0.975 33.104 0.519317 0.92954  0 0.520567 3
1388643849.342657772 2.13707 0.708476 0.969 35.696 0.440512 0.932188  -0.0598197 0.451031 3
1388643849.442953769 2.17678 0.803074 0.968 38.372 0.395921 0.94319  0 0.465672 3
1388643849.543221046 2.21729 0.901649 0.962 41.274 0.404061 0.983124  -0.0598401 0.505144 3
1388643849.643479529 2.25872 1.00437 0.956 44.222 0.413195 1.02455  -0.0598453 0.513196 3
1388643849.743768902 2.30125 1.11596 0.951 47.194 0.424025 1.11269  -0.0498557 0.517215 3
1388643849.844038012 2.34163 1.22947 0.947 49.96 0.40274 1.13208  -0.0398926 0.481463 3
1388643849.944355979 2.37651 1.35101 0.947 53.049 0.34776 1.21157  0 0.537423 3
1388643850.044632625 2.40018 1.48184 0.946 55.898 0.236018 1.30463  0 0.495872 3
1388643850.144890921 2.41844 1.60377 0.952 58.298 0.182111 1.21621  0.0598454 0.4178 3
1388643850.245146865 2.42714 1.71743 0.953 60.183 0.0867685 1.13368  0 0.328155 3
1388643850.345434379 2.4312 1.8254 0.957 61.433 0.0404567 1.07662  0.0398853 0.217541 3
1388643850.445699437 2.42679 1.95276 0.954 61.917 -0.0439429 1.27021  -0.0299207 0.0842508 3
1388643850.545957398 2.42022 2.07182 0.951 61.652 -0.0654944 1.18756  -0.0299228 -0.0461321 3
1388643850.646260067 2.41801 2.1865 0.945 60.507 -0.0220879 1.14333  -0.0598189 -0.199238 3
1388643850.746523134 2.42526 2.29214 0.938 58.585 0.0723733 1.0536  -0.0698163 -0.334572 3
1388643850.846787394 2.44482 2.38869 0.932 56.09 0.195041 0.962933  -0.0598419 -0.434312 3
1388643850.947052854 2.47592 2.48879 0.924 53.33 0.310207 0.998372  -0.0797882 -0.480435 3
1388643851.047317938 2.52496 2.57752 0.917 50.375 0.489038 0.884927  -0.0698149 -0.514382 3
1388643851.147575106 2.5829 2.65216 0.909 47.609 0.577948 0.744524  -0.0797948 -0.48152 3
1388643851.247869328 2.6506 2.71102 0.901 44.214 0.675015 0.586917  -0.0797653 -0.590801 3
1388643851.348137759 2.72532 2.76565 0.899 41.744 0.745199 0.54478  -0.0199465 -0.429942 3
1388643851.448396304 2.81114 2.81614 0.897 39.202 0.856006 0.503607  -0.0199484 -0.442519 3
1388643851.548666804 2.90362 2.85985 0.897 37.189 0.922315 0.435938  0 -0.350387 3
1388643851.648935521 2.99921 2.88807 0.896 35.734 0.953279 0.281438  0 -0.253265 3
1388643851.749193259 3.10979 2.9168 0.898 34.597 1.10301 0.286504  0.0199486 -0.197934 3
1388643851.849454738 3.22569 2.95067 0.898 33.794 1.15593 0.337897  0 -0.139784 3
1388643851.949757927 3.34459 2.98329 0.896 33.378 1.18542 0.325143  -0.0199395 -0.0723863 3
1388643852.050016512 3.46422 3.03012 0.897 33.17 1.19326 0.467113  0 -0.0362092 3
1388643852.150278959 3.58966 3.08854 0.896 33.11 1.25105 0.582724  0 -0.0104448 3
1388643852.250640667 3.70701 3.13894 0.899 32.626 1.16934 0.50216  0.0298919 -0.084169 3
1388643852.350966403 3.81789 3.18275 0.902 30.582 1.10517 0.436683  0.0299026 -0.355587 3
1388643852.451238777 3.92667 3.21316 0.913 27.934 1.08485 0.303216  0.109701 -0.460908 3
1388643852.551497032 4.02715 3.22075 0.918 25.002 1.0022 0.075781  0.0498712 -0.510412 3
1388643852.651784122 4.12299 3.22951 0.921 22.236 0.955633 0.0873342  0.0299141 -0.481377 3
1388643852.752046158 4.21696 3.2339 0.921 19.527 0.937225 0.0438109  0 -0.471574 3
1388643852.852313896 4.31118 3.22294 0.915 17.116 0.939739 -0.109312  -0.0598398 -0.419675 3
1388643852.952619872 4.40741 3.2085 0.904 14.89 0.959355 -0.143985  -0.109664 -0.387325 3
1388643853.052941007 4.50336 3.1907 0.894 12.845 0.956418 -0.177426  -0.0996799 -0.355777 3
1388643853.153198848 4.6039 3.15111 0.888 10.922 1.0028 -0.394892  -0.0598457 -0.334763 3
1388643853.253460571 4.70765 3.08839 0.883 9.142 1.0348 -0.625568  -0.0498695 -0.309858 3
1388643853.353726070 4.81406 3.01869 0.88 7.579 1.06125 -0.695166  -0.0299206 -0.272073 3
1388643853.453985742 4.93206 2.94771 0.878 6.405 1.17698 -0.707955  -0.0199482 -0.204371 3
1388643853.554247964 5.06148 2.87972 0.875 5.619 1.29085 -0.678146  -0.0299215 -0.136824 3
1388643853.654507298 5.2053 2.81349 0.875 5.016 1.43441 -0.660568  0 -0.104971 3
1388643853.754798323 5.35817 2.74156 0.877 4.714 1.52431 -0.717204  0.019942 -0.052556 3
1388643853.855094585 5.50923 2.67975 0.887 4.655 1.50616 -0.616268  0.0997046 -0.010267 3
1388643853.955957967 5.65076 2.63266 0.899 4.679 1.4032 -0.466914  0.118973 0.00415296 3
1388643854.056213744 5.78245 2.60299 0.919 4.636 1.31345 -0.295905  0.19949 -0.00748597 3
1388643854.156483736 5.90871 2.57339 0.934 4.289 1.2593 -0.295204  0.149596 -0.0603999 3
1388643854.256756406 6.02568 2.54882 0.95 3.788 1.16649 -0.245062  0.159565 -0.0872031 3
1388643854.357018718 6.12919 2.53372 0.963 3.377 1.03241 -0.150539  0.12966 -0.0715452 3
1388643854.457287738 6.22513 2.52007 0.966 2.917 0.956781 -0.136125  0.0299195 -0.0800699 3
1388643854.557596422 6.31439 2.50995 0.962 2.531 0.889817 -0.100977  -0.0398769 -0.0671623 3
1388643854.657859621 6.4031 2.49954 0.952 2.109 0.884778 -0.103759  -0.0997375 -0.0734597 3
1388643854.758125905 6.49003 2.49225 0.939 1.622 0.867004 -0.072706  -0.129655 -0.0847717 3
1388643854.858383562 6.57815 2.48517 0.924 0.986 0.878984 -0.0706656  -0.149615 -0.110718 3
1388643854.958653530 6.6673 2.47769 0.91 0.429 0.889108 -0.0746025  -0.139623 -0.0969531 3
1388643855.058911956 6.75749 2.47029 0.899 -0.194 0.899537 -0.0737802  -0.109716 -0.108454 3
1388643855.159194529 6.8505 2.46801 0.888 -0.909 0.927534 -0.0227222  -0.10969 -0.124439 3
1388643855.259458706 6.94885 2.46035 0.879 -1.775 0.980907 -0.0764643  -0.0897629 -0.150747 3
1388643855.359716606 7.05 2.44916 0.871 -2.598 1.00888 -0.111555  -0.0797942 -0.143271 3
1388643855.459977044 7.16096 2.43569 0.865 -3.395 1.10669 -0.13439  -0.0598441 -0.138742 3
1388643855.560247716 7.27126 2.42132 0.861 -4.265 1.10007 -0.143313  -0.039892 -0.151434 3
1388643855.660503884 7.38186 2.40285 0.855 -5.275 1.1031 -0.184235  -0.0598467 -0.175828 3
1388643855.760757932 7.48381 2.38298 0.854 -6.252 1.017 -0.198205  0 -0.170087 3
1388643855.861019171 7.57781 2.36148 0.852 -7.179 0.937522 -0.214388  -0.0199479 -0.16137 3
1388643855.961278287 7.66293 2.34068 0.852 -8.039 0.849025 -0.207462  0 -0.14971 3
1388643856.061537080 7.74397 2.31798 0.851 -8.787 0.808319 -0.226425  0 -0.130214 3
1388643856.161797831 7.81715 2.29806 0.85 -9.508 0.729886 -0.198714  0 -0.125511 3
1388643856.262055674 7.89687 2.27879 0.849 -10.163 0.795072 -0.192151  0 -0.114025 3
1388643856.362315499 7.98369 2.25672 0.848 -10.706 0.86602 -0.220149  0 -0.0945257 3
1388643856.462576282 8.07233 2.23622 0.847 -11.169 0.884093 -0.204486  0 -0.0805986 3
1388643856.562829175 8.16747 2.21078 0.844 -11.578 0.948928 -0.25375  -0.0299243 -0.0712039 3
1388643856.663089143 8.26135 2.18557 0.838 -11.91 0.936416 -0.251399  -0.0598444 -0.0577947 3
1388643856.763368447 8.36068 2.16383 0.835 -12.291 0.990478 -0.216867  -0.0299164 -0.0663118 3
1388643856.863623955 8.46378 2.1476 0.841 -12.699 1.0284 -0.161846  0.0598471 -0.071028 3
1388643856.963894742 8.56856 2.12878 0.845 -13.15 1.04504 -0.187692  0.039892 -0.0785018 3
1388643857.064154736 8.66709 2.11348 0.854 -13.555 0.982724 -0.152566  0.0897666 -0.0705025 3
1388643857.164404704 8.76187 2.091 0.861 -14.066 0.945432 -0.224309  0.0698255 -0.0889639 3
1388643857.264682623 8.85345 2.06559 0.868 -14.587 0.913257 -0.253316  0.069806 -0.0906796 3
1388643857.364936092 8.94332 2.03275 0.868 -15.043 0.896391 -0.327595  0 -0.0793858 3
1388643857.465205825 9.03335 1.99586 0.872 -15.381 0.897937 -0.367907  0.0398924 -0.0588334 3
1388643857.565463694 9.12101 1.95857 0.869 -15.668 0.874318 -0.372001  -0.0299228 -0.0499621 3
1388643857.665729816 9.20729 1.92119 0.864 -15.999 0.860514 -0.372815  -0.0498673 -0.0576171 3
1388643857.765991943 9.29473 1.88535 0.857 -16.224 0.872093 -0.357444  -0.069817 -0.0391672 3
1388643857.866251723 9.39694 1.85039 0.853 -16.332 1.0195 -0.348675  -0.0398964 -0.0188007 3
1388643857.966616277 9.50203 1.81824 0.849 -16.36 1.04703 -0.320333  -0.0398547 -0.00486917 3
1388643858.066942630 9.60996 1.78741 0.846 -16.305 1.07582 -0.307259  -0.0299024 0.00956808 3
1388643858.167189435 9.71913 1.76021 0.845 -16.241 1.08902 -0.271356  0 0.0111426 3
1388643858.267456550 9.8249 1.73239 0.844 -16.199 1.0549 -0.277457  0 0.00731086 3
1388643858.367748946 9.92746 1.70757 0.844 -16.191 1.02261 -0.247509  0 0.00139217 3
1388643858.468011547 10.0244 1.68146 0.844 -16.194 0.966359 -0.260412  0 -0.00052221 3
1388643858.568315214 10.1179 1.66017 0.842 -16.308 0.93231 -0.212217  -0.0199395 -0.0198365 3
1388643858.668568158 10.2112 1.6402 0.844 -16.522 0.931364 -0.199218  0.0199495 -0.0372558 3
1388643858.768830609 10.3062 1.61762 0.846 -16.705 0.947303 -0.225191  0.0199476 -0.0318559 3
1388643858.869083308 10.3992 1.59571 0.845 -16.925 0.927604 -0.21858  0 -0.0383005 3
1388643858.969715217 10.4943 1.5751 0.846 -17.111 0.944664 -0.204788  0 -0.0322593 3
1388643859.070030866 10.5958 1.55426 0.849 -17.33 1.01252 -0.207769  0.0299056 -0.0381025 3
1388643859.170280229 10.6983 1.52959 0.85 -17.622 1.02196 -0.246078  0 -0.0508368 3
1388643859.270553542 10.8009 1.50354 0.851 -17.855 1.02339 -0.259809  0 -0.0405553 3
1388643859.370817168 10.8991 1.47642 0.852 -18.178 0.978882 -0.270484  0 -0.0562259 3
1388643859.471118348 10.995 1.44647 0.856 -18.388 0.956775 -0.298584  0.0398799 -0.0365419 3
1388643859.571385144 11.087 1.41646 0.857 -18.517 0.917456 -0.299248  0 -0.0224548 3
1388643859.671667320 11.1717 1.38353 0.856 -18.689 0.844431 -0.328363  0 -0.0299352 3
1388643859.771932870 11.2563 1.34813 0.855 -18.791 0.843781 -0.353122  0 -0.0177552 3
1388643859.872197364 11.3411 1.31071 0.856 -18.842 0.846112 -0.373226  0 -0.00887768 3
1388643859.972458844 11.4306 1.26911 0.854 -18.867 0.892032 -0.414879  -0.0199478 -0.00435196 3
1388643860.072719781 11.5113 1.23286 0.849 -18.756 0.805457 -0.361547  -0.0498699 0.0193227 3
1388643860.172983053 11.5963 1.2006 0.844 -18.527 0.847688 -0.321791  -0.0498687 0.0398631 3
1388643860.273244234 11.6987 1.16979 0.839 -18.355 1.02143 -0.30731  -0.0498697 0.0299414 3
1388643860.373511523 11.7951 1.14449 0.831 -18.249 0.96136 -0.252316  -0.0797867 0.0184512 3
1388643860.473777342 11.9013 1.12399 0.824 -18.192 1.05873 -0.204463  -0.0698144 0.00992199 3
1388643860.574043026 12.008 1.10079 0.824 -18.099 1.06434 -0.231353  0 0.0161886 3
1388643860.674306517 12.1133 1.07581 0.832 -17.95 1.05049 -0.249175  0.0797898 0.0259371 3
1388643860.774573663 12.2178 1.05091 0.822 -17.78 1.04187 -0.248288  -0.0997336 0.0295916 3
1388643860.874984012 12.3015 1.02795 0.816 -17.687 0.833615 -0.228713  -0.0597548 0.0161652 3
1388643860.975344123 12.402 1.00583 0.817 -17.707 1.00162 -0.220347  0 -0.00347813 3
1388643861.075588878 12.5046 0.984453 0.823 -17.794 1.0238 -0.21327  0.0598535 -0.0151473 3
1388643861.175871162 12.5959 0.967304 0.826 -17.952 0.910213 -0.171008  0.0299156 -0.0274986 3
1388643861.276130168 12.6785 0.947294 0.829 -18.158 0.823288 -0.199588  0.0299225 -0.0358609 3
1388643861.376422016 12.7634 0.927071 0.829 -18.336 0.84654 -0.20164  0 -0.0309765 3
1388643861.476684716 12.8534 0.908463 0.83 -18.507 0.897898 -0.185596  0 -0.0297669 3
1388643861.576945001 12.935 0.887825 0.831 -18.725 0.813849 -0.205836  0 -0.0379494 3
1388643861.677216149 13.0252 0.866249 0.832 -18.885 0.900017 -0.215185  0 -0.0278497 3
1388643861.777575319 13.1195 0.846201 0.832 -19.174 0.939768 -0.199761  0 -0.0502595 3
1388643861.877828582 13.2259 0.826507 0.831 -19.404 1.06063 -0.196435  0 -0.0400412 3
1388643861.978119731 13.3387 0.804903 0.831 -19.701 1.12472 -0.215415  0 -0.0516858 3
1388643862.078505352 13.4477 0.776158 0.831 -19.938 1.08606 -0.286344  0 -0.0412054 3
1388643862.178773415 13.5731 0.749334 0.828 -20.276 1.25028 -0.267529  -0.0299198 -0.0588344 3
1388643862.279034178 13.7051 0.715621 0.827 -20.561 1.31708 -0.336247  0 -0.0496125 3
1388643862.379296605 13.8415 0.684527 0.827 -20.922 1.36037 -0.310131  0 -0.0628415 3
1388643862.479554852 13.9766 0.652438 0.831 -21.271 1.34698 -0.320061  0.039897 -0.0607551 3
1388643862.579944152 14.1094 0.629497 0.833 -21.584 1.32364 -0.228522  0.0199224 -0.054417 3
1388643862.680205094 14.25 0.60733 0.837 -21.949 1.40211 -0.221096  0.0398959 -0.0635387 3
1388643862.780554309 14.3712 0.587629 0.838 -22.331 1.20746 -0.196326  0 -0.0664396 3
1388643862.880826438 14.4799 0.568813 0.837 -22.941 1.08457 -0.187649  0 -0.106176 3
1388643862.981109217 14.568 0.542518 0.836 -23.939 0.878279 -0.262209  0 -0.173693 3
1388643863.081384111 14.6373 0.505076 0.836 -25.095 0.690922 -0.373387  0 -0.201207 3
1388643863.181655067 14.6789 0.468723 0.832 -26.111 0.415407 -0.362553  -0.0398919 -0.176846 3
1388643863.235682434 14.6867 0.457399 0.83 -26.568 0.142869 -0.20959  -0.0370183 -0.147632 8
1388643863.335641056 14.6914 0.446032 0.822 -26.95 0.0470884 -0.113716  -0.0800331 -0.0666992 4
1388643863.435700680 14.6804 0.403677 0.822 -27.19 -0.109783 -0.423298  0 -0.0418629 4
1388643863.535690954 14.653 0.34066 0.809 -27.165 -0.273857 -0.630237  -0.130013 0.00436368 9
1388643863.635660237 14.6282 0.273395 0.773 -26.693 -0.248026 -0.672852  -0.360111 0.0824049 9
1388643863.735667766 14.6229 0.247082 0.727 -26.385 -0.0531932 -0.263114  -0.459965 0.053752 9
1388643863.835626199 14.6213 0.238825 0.668 -26.613 -0.0159779 -0.0825996  -0.590245 -0.03981 9
1388643863.935666175 14.621 0.23455 0.592 -27.008 0 -0.0427316  -0.759696 -0.068913 9
1388643864.035680179 14.6195 0.232531 0.511 -27.286 -0.0146982 -0.0201964  -0.809887 -0.0485133 9
1388643864.135628359 14.6178 0.230424 0.417 -27.574 -0.0168213 -0.021078  -0.940487 -0.0502916 9
1388643864.235655648 14.628 0.25112 0.332 -27.761 0.101571 0.20691  -0.849768 -0.0326286 9
1388643864.335674786 14.6258 0.277399 0.243 -27.909 -0.0216916 0.262735  -0.88983 -0.0258261 9
1388643864.435669052 14.6076 0.296317 0.169 -28.184 -0.181935 0.189189  -0.740042 -0.0479992 9
1388643864.535681870 14.5744 0.317096 0.076 -28.68 -0.332516 0.20777  -0.929881 -0.0865573 9
1388643864.635662407 14.5501 0.329945 0 -29.029 -0.242591 0.12851  -0.760148 -0.0609238 9
1388643864.735661579 14.5271 0.344659 -0.068 -29.078 -0.230618 0.147141  -0.680006 -0.00855215 9
1388643864.835633077 14.5199 0.358231 -0.121 -28.884 -0.0713754 0.135757  -0.530151 0.0338691 9
1388643864.935680586 14.5237 0.358681 -0.2 -29.167 0.0375475 0  -0.789625 -0.0493694 9
1388643865.035628139 14.5237 0.358681 0 -30.681 0 0  2.00105 -0.264381 2
1388643865.135626847 14.5237 0.358681 0 -31.019 0 0  0 -0.0589929 2
1388643865.235684861 14.5237 0.358681 0 -30.937 0 0  0 0.0143034 2
1388643865.335666653 14.5237 0.358681 0 -30.889 0 0  0 0.00837916 2
1388643865.435661969 14.5237 0.358681 0 -30.831 0 0  0 0.0101233 2
1388643865.535713093 14.5237 0.358681 0 -30.759 0 0  0 0.01256 2
1388643865.635660597 14.5237 0.358681 0 -30.701 0 0  0 0.0101282 2
1388643865.735622062 14.5237 0.358681 0 -30.64 0 0  0 0.0106506 2
1388643865.835631130 14.5237 0.358681 0 -30.574 0 0  0 0.0115181 2
1388643865.935660433 14.5237 0.358681 0 -30.514 0 0  0 0.010469 2
1388643866.035614115 14.5237 0.358681 0 -30.456 0 0  0 0.0101275 2
1388643866.135627639 14.5237 0.358681 0 -30.394 0 0  0 0.0108196 2
1388643866.235614578 14.5237 0.358681 0 -30.332 0 0  0 0.0108225 2
1388643866.335666219 14.5237 0.358681 0 -30.271 0 0  0 0.010641 2
1388643866.435617168 14.5237 0.358681 0 -30.212 0 0  0 0.0103025 2
1388643866.535681780 14.5237 0.358681 0 -30.151 0 0  0 0.0106396 2
1388643866.635613982 14.5237 0.358681 0 -30.089 0 0  0 0.0108284 2
1388643866.735636030 14.5237 0.358681 0 -30.029 0 0  0 0.0104696 2
1388643866.835662841 14.5237 0.358681 0 -29.97 0 0  0 0.0102947 2
1388643866.935618920 14.5237 0.358681 0 -29.909 0 0  0 0.0106512 2
1388643867.035645042 14.5237 0.358681 0 -29.851 0 0  0 0.0101204 2
1388643867.135627096 14.5237 0.358681 0 -29.791 0 0  0 0.0104738 2
1388643867.235668195 14.5237 0.358681 0 -29.732 0 0  0 0.0102932 2
1388643867.335654481 14.5237 0.358681 0 -29.671 0 0  0 0.0106479 2
1388643867.435645535 14.5237 0.358681 0 -29.609 0 0  0 0.0108221 2
1388643867.535656883 14.5237 0.358681 0 -29.55 0 0  0 0.0102963 2
1388643867.635629373 14.5237 0.358681 0 -29.492 0 0  0 0.0101258 2
1388643867.735620106 14.5237 0.358681 0 -29.432 0 0  0 0.0104729 2
1388643867.835667361 14.5237 0.358681 0 -29.373 0 0  0 0.0102926 2
1388643867.935620301 14.5237 0.358681 0 -29.318 0 0  0 0.00960388 2
1388643868.035661457 14.5237 0.358681 0 -29.253 0 0  0 0.0113399 2
1388643868.135615867 14.5237 0.358681 0 -29.191 0 0  0 0.010826 2
1388643868.235629754 14.5237 0.358681 0 -29.137 0 0  0 0.00942345 2
1388643868.335663268 14.5237 0.358681 0 -29.073 0 0  0 0.0111664 2
1388643868.435622783 14.5237 0.358681 0 -29.011 0 0  0 0.0108255 2
1388643868.535682158 14.5237 0.358681 0 -28.949 0 0  0 0.0108145 2
1388643868.635663016 14.5237 0.358681 0 -28.887 0 0  0 0.0108232 2
1388643868.735680843 14.5237 0.358681 0 -28.831 0 0  0 0.00977206 2
1388643868.835693653 14.5237 0.358681 0 -28.767 0 0  0 0.0111687 2
1388643868.935672046 14.5237 0.358681 0 -28.71 0 0  0 0.00995055 2
1388643869.035699632 14.5237 0.358681 0 -28.65 0 0  0 0.0104692 2
1388643869.135679143 14.5237 0.358681 0 -28.594 0 0  0 0.0097758 2
1388643869.235618320 14.5237 0.358681 0 -28.54 0 0  0 0.0094305 2
1388643869.335628655 14.5237 0.358681 0 -28.476 0 0  0 0.011169 2
1388643869.435769498 14.5237 0.358681 0 -28.419 0 0  0 0.00993441 2
1388643869.535795377 14.5237 0.358681 0 -28.357 0 0  0 0.0108181 2
1388643869.635774391 14.5237 0.358681 0 -28.301 0 0  0 0.00977602 2
1388643869.735745998 14.5237 0.358681 0 -28.239 0 0  0 0.010824 2
1388643869.835852132 14.5237 0.358681 0 -28.178 0 0  0 0.0106352 2
1388643870.282996924 14.5237 0.358681 0 -27.913 0 0  0 0.0103437 2
1388643870.383293059 14.5237 0.358681 0 -27.867 0 0  0 0.00800489 2
