0.0460927 -0.41728 0.95 1.19984
0.0748276 -0.416773 0.948282 1.29984
0.114977 -0.418184 0.947365 1.39984
0.164631 -0.421814 0.94699 1.49984
0.222155 -0.428001 0.946977 1.59984
0.286143 -0.437094 0.947203 1.69984
0.355371 -0.449423 0.94758 1.79984
0.428764 -0.465285 0.94805 1.89984
0.505378 -0.484931 0.948573 1.99984
0.584372 -0.508564 0.94912 2.09984
0.664996 -0.536336 0.949673 2.19984
0.746578 -0.568355 0.95022 2.29984
0.828513 -0.604683 0.950752 2.39984
0.910252 -0.645344 0.951265 2.49984
0.9913 -0.690324 0.951754 2.59984
1.07121 -0.739579 0.95222 2.69984
1.14956 -0.79304 0.95266 2.79984
1.22598 -0.850608 0.953074 2.89984
1.30013 -0.912169 0.953464 2.99984
1.32086 -0.92827 0.951102 3.09984
1.34931 -0.953645 0.949395 3.19984
1.38435 -0.986587 0.948161 3.29984
1.42503 -1.02571 0.947264 3.39984
1.47054 -1.06992 0.946603 3.49984
1.52017 -1.11834 0.946102 3.59984
1.57329 -1.17025 0.945706 3.69984
1.62934 -1.22508 0.945375 3.79984
1.68787 -1.28234 0.945079 3.89984
1.74849 -1.34164 0.944798 3.99984
1.81086 -1.40265 0.944517 4.09984
1.87469 -1.46509 0.944226 4.19984
1.93976 -1.52873 0.943918 4.29984
2.00587 -1.59339 0.94359 4.39984
2.07284 -1.65888 0.943239 4.49984
2.14055 -1.72509 0.942864 4.59984
2.20886 -1.79189 0.942465 4.69984
2.27769 -1.8592 0.942044 4.79984
2.34695 -1.92692 0.941599 4.89984
2.41656 -1.995 0.941135 4.99984
2.48649 -2.06337 0.94065 5.09984
2.5072 -2.0791 0.93869 5.19984
2.5356 -2.10408 0.937452 5.29984
2.57088 -2.13633 0.936704 5.39984
2.61253 -2.17406 0.936284 5.49984
2.66018 -2.21564 0.936077 5.59984
2.71353 -2.25966 0.936003 5.69984
2.77227 -2.30488 0.936009 5.79984
2.83608 -2.35023 0.936054 5.89984
2.90464 -2.39481 0.936113 5.99984
2.97759 -2.43787 0.936168 6.09984
3.05458 -2.47876 0.936205 6.19984
3.13522 -2.51696 0.936219 6.29984
3.21916 -2.55202 0.936202 6.39984
3.30602 -2.58357 0.936152 6.49984
3.39546 -2.61131 0.936067 6.59984
3.48711 -2.63499 0.935946 6.69984
3.58064 -2.65439 0.935791 6.79984
3.67571 -2.66935 0.935599 6.89984
3.772 -2.67974 0.935374 6.99984
3.86918 -2.68544 0.935115 7.09984
3.96695 -2.68637 0.934825 7.19984
4.06501 -2.68249 0.934503 7.29984
4.16306 -2.67376 0.934151 7.39984
4.26081 -2.66016 0.933771 7.49984
4.28857 -2.65128 0.930851 7.59984
4.32752 -2.64035 0.928424 7.69984
4.37595 -2.62804 0.926384 7.79984
4.43241 -2.61482 0.924648 7.89984
4.49564 -2.60097 0.923149 7.99984
4.56456 -2.58666 0.921834 8.09984
4.63825 -2.57196 0.92066 8.19984
4.71595 -2.55691 0.919595 8.29984
4.79701 -2.54154 0.918611 8.39984
4.88086 -2.52586 0.917688 8.49984
4.96707 -2.50988 0.916811 8.59984
5.05524 -2.49362 0.915965 8.69984
5.14505 -2.47709 0.915141 8.79984
5.23624 -2.4603 0.914333 8.89984
5.32857 -2.44328 0.913533 8.99984
5.42186 -2.42603 0.912737 9.09984
5.51596 -2.40859 0.911942 9.19984
5.61072 -2.39096 0.911147 9.29984
5.70605 -2.37316 0.910348 9.39984
5.80184 -2.35521 0.909546 9.49984
5.89802 -2.33712 0.908739 9.59984
5.99453 -2.31891 0.907926 9.69984
6.0913 -2.30059 0.907108 9.79984
6.18831 -2.28217 0.906285 9.89984
6.28551 -2.26366 0.905456 9.99984
6.38286 -2.24506 0.904622 10.0998
6.48035 -2.2264 0.903784 10.1998
6.57794 -2.20768 0.90294 10.2998
6.67563 -2.18889 0.902093 10.3998
6.77339 -2.17005 0.901241 10.4998
6.87121 -2.15117 0.900386 10.5998
6.96909 -2.13224 0.899527 10.6998
7.06701 -2.11328 0.898665 10.7998
7.16497 -2.09428 0.897801 10.8998
7.26296 -2.07525 0.896934 10.9998
7.36097 -2.0562 0.896065 11.0998
7.459 -2.03711 0.895193 11.1998
7.55705 -2.01801 0.89432 11.2998
7.65511 -1.99888 0.893445 11.3998
7.75318 -1.97974 0.892569 11.4998
7.85126 -1.96058 0.891691 11.5998
7.94935 -1.9414 0.890813 11.6998
8.04745 -1.92221 0.889933 11.7998
8.14555 -1.90301 0.889052 11.8998
8.24365 -1.88379 0.888171 11.9998
8.34176 -1.86456 0.887288 12.0998
8.43987 -1.84533 0.886405 12.1998
8.53798 -1.82608 0.885522 12.2998
8.63609 -1.80683 0.884638 12.3998
8.73421 -1.78757 0.883754 12.4998
8.83232 -1.7683 0.882869 12.5998
8.93044 -1.74902 0.881984 12.6998
9.02855 -1.72974 0.881098 12.7998
9.12667 -1.71046 0.880213 12.8998
9.22479 -1.69117 0.879327 12.9998
9.3229 -1.67187 0.878441 13.0998
9.42102 -1.65257 0.877554 13.1998
9.51913 -1.63327 0.876668 13.2998
9.61725 -1.61396 0.875781 13.3998
9.71537 -1.59465 0.874895 13.4998
9.81348 -1.57534 0.874008 13.5998
9.9116 -1.55603 0.873121 13.6998
10.0097 -1.53671 0.872234 13.7998
10.1078 -1.51739 0.871347 13.8998
10.2059 -1.49807 0.87046 13.9998
10.3041 -1.47874 0.869573 14.0998
10.4022 -1.45942 0.868685 14.1998
10.5003 -1.44009 0.867798 14.2998
10.5984 -1.42076 0.866911 14.3998
10.6965 -1.40143 0.866023 14.4998
10.7946 -1.3821 0.865136 14.5998
10.8927 -1.36277 0.864249 14.6998
10.9909 -1.34344 0.863361 14.7998
11.089 -1.3241 0.862474 14.8998
11.1871 -1.30477 0.861586 14.9998
11.2852 -1.28543 0.860699 15.0998
11.3833 -1.26609 0.859812 15.1998
11.4814 -1.24675 0.858924 15.2998
11.5795 -1.22742 0.858037 15.3998
11.6776 -1.20808 0.857149 15.4998
11.7757 -1.18874 0.856262 15.5998
11.8739 -1.1694 0.855374 15.6998
11.972 -1.15006 0.854487 15.7998
12.0701 -1.13072 0.853599 15.8998
12.1682 -1.11137 0.852712 15.9998
12.2663 -1.09203 0.851824 16.0998
12.3644 -1.07269 0.850937 16.1998
12.4625 -1.05335 0.850049 16.2998
12.5606 -1.03401 0.849162 16.3998
12.6588 -1.01466 0.848274 16.4998
12.7569 -0.99532 0.847386 16.5998
12.855 -0.975977 0.846499 16.6998
12.9531 -0.956633 0.845611 16.7998
13.0512 -0.937289 0.844724 16.8998
13.1493 -0.917946 0.843836 16.9998
13.2474 -0.898602 0.842949 17.0998
13.3455 -0.879257 0.842061 17.1998
13.4436 -0.859913 0.841174 17.2998
13.5418 -0.840568 0.840286 17.3998
13.6399 -0.821224 0.839399 17.4998
13.738 -0.801879 0.838511 17.5998
13.8361 -0.782534 0.837624 17.6998
13.9342 -0.763189 0.836736 17.7998
14.0323 -0.743844 0.835849 17.8998
14.1304 -0.724499 0.834961 17.9998
14.2285 -0.705154 0.834073 18.0998
14.3266 -0.685809 0.833186 18.1998
14.4248 -0.666464 0.832298 18.2998
14.5229 -0.647119 0.831411 18.3998
14.621 -0.627773 0.830523 18.4998
14.7191 -0.608428 0.829636 18.5998
14.8172 -0.589082 0.828748 18.6998
14.9153 -0.569737 0.827861 18.7998
15.0134 -0.550391 0.826973 18.8998
15.1115 -0.531046 0.826086 18.9998
15.2096 -0.5117 0.825198 19.0998
15.3078 -0.492355 0.824311 19.1998
15.4059 -0.473009 0.823423 19.2998
15.504 -0.453663 0.822535 19.3998
15.6021 -0.434318 0.821648 19.4998
15.7002 -0.414972 0.82076 19.5998
15.7983 -0.395626 0.819873 19.6998
15.8964 -0.37628 0.818985 19.7998
15.9945 -0.356935 0.818098 19.8998
16.0926 -0.337589 0.81721 19.9998
16.1908 -0.318243 0.816323 20.0998
16.2889 -0.298897 0.815435 20.1998
16.387 -0.279552 0.814548 20.2998
16.4851 -0.260206 0.81366 20.3998
16.5832 -0.24086 0.812772 20.4998
16.6813 -0.221514 0.811885 20.5998
16.7794 -0.202168 0.810997 20.6998
16.8775 -0.182822 0.81011 20.7998
16.9756 -0.163476 0.809222 20.8998
17.0737 -0.144131 0.808335 20.9998
17.1719 -0.124785 0.807447 21.0998
17.27 -0.105439 0.80656 21.1998
17.3681 -0.086093 0.805672 21.2998
17.4662 -0.0667471 0.804785 21.3998
17.4938 -0.0571792 0.802429 21.4998
17.5327 -0.045554 0.800675 21.5998
17.5812 -0.0331235 0.799337 21.6998
17.638 -0.0209795 0.798289 21.7998
17.7019 -0.0100203 0.79744 21.8998
17.7718 -0.00097079 0.796725 21.9998
17.8467 0.00558614 0.796101 22.0998
17.9258 0.00918042 0.795534 22.1998
