0.182095 -0.0534433 0.984 1.00001
0.206214 -0.0530665 0.985543 1.10001
0.24251 -0.0515064 0.987227 1.20001
0.28898 -0.0484166 0.988977 1.30001
0.343917 -0.0433846 0.990741 1.40001
0.405855 -0.0359691 0.992485 1.50001
0.473516 -0.0257397 0.994185 1.60001
0.545786 -0.0123042 0.995828 1.70001
0.621677 0.00467501 0.997406 1.80001
0.700316 0.0254742 0.998914 1.90001
0.780919 0.0503074 1.00035 2.00001
0.862786 0.0793296 1.00171 2.10001
0.945286 0.112642 1.003 2.20001
1.02785 0.150297 1.00423 2.30001
1.10996 0.192307 1.00538 2.40001
1.19114 0.238646 1.00647 2.50001
1.27098 0.289259 1.0075 2.60001
1.34908 0.344061 1.00847 2.70001
1.42508 0.402947 1.00938 2.80001
1.49866 0.465792 1.01024 2.90001
1.56952 0.532451 1.01105 3.00001
1.63738 0.602767 1.01181 3.10001
1.70199 0.676567 1.01252 3.20001
1.76313 0.753669 1.01319 3.30001
1.82056 0.833877 1.01382 3.40001
1.87411 0.916989 1.01441 3.50001
1.9236 1.00279 1.01496 3.60001
1.96886 1.09107 1.01548 3.70001
2.00976 1.18159 1.01597 3.80001
2.04617 1.27413 1.01642 3.90001
2.07796 1.36844 1.01684 4.00001
2.0837 1.39097 1.01778 4.10001
2.09343 1.4252 1.01867 4.20001
2.10738 1.46895 1.01951 4.30001
2.12584 1.52035 1.02031 4.40001
2.14904 1.57773 1.02105 4.50001
2.17711 1.63968 1.02174 4.60001
2.2101 1.70497 1.02237 4.70001
2.24797 1.77254 1.02296 4.80001
2.29067 1.84147 1.0235 4.90001
2.33808 1.91096 1.024 5.00001
2.39007 1.98031 1.02444 5.10001
2.4465 2.0489 1.02485 5.20001
2.50718 2.11619 1.02521 5.30001
2.57196 2.18169 1.02553 5.40001
2.64063 2.24498 1.02581 5.50001
2.71301 2.30567 1.02605 5.60001
2.78887 2.36342 1.02626 5.70001
2.868 2.41793 1.02643 5.80001
2.95019 2.46892 1.02657 5.90001
3.03519 2.51616 1.02667 6.00001
3.12277 2.55943 1.02675 6.10001
3.2127 2.59855 1.0268 6.20001
3.30471 2.63334 1.02682 6.30001
3.39857 2.66366 1.02682 6.40001
3.49401 2.6894 1.02679 6.50001
3.59079 2.71045 1.02674 6.60001
3.68864 2.72672 1.02666 6.70001
3.7873 2.73815 1.02657 6.80001
3.88652 2.74467 1.02645 6.90001
3.98603 2.74627 1.02632 7.00001
4.08557 2.74292 1.02617 7.10001
4.18489 2.73461 1.026 7.20001
4.28372 2.72135 1.02582 7.30001
4.38181 2.70318 1.02562 7.40001
4.40485 2.69526 1.02323 7.50001
4.43973 2.68461 1.01981 7.60001
4.48462 2.67192 1.01581 7.70001
4.53798 2.6577 1.01155 7.80001
4.59846 2.64232 1.00722 7.90001
4.66494 2.62602 1.00297 8.00001
4.73645 2.60896 0.998866 8.10001
4.81218 2.59124 0.994959 8.20001
4.89145 2.57294 0.991268 8.30001
4.97368 2.55412 0.987799 8.40001
5.05839 2.53485 0.984545 8.50001
5.14516 2.51515 0.981495 8.60001
5.23367 2.49508 0.978633 8.70001
5.32363 2.47467 0.975942 8.80001
5.4148 2.45396 0.973403 8.90001
5.50698 2.43297 0.971001 9.00001
5.6 2.41174 0.968718 9.10001
5.69374 2.3903 0.96654 9.20001
5.78806 2.36866 0.964453 9.30001
5.88288 2.34686 0.962446 9.40001
5.97811 2.3249 0.960507 9.50001
6.07368 2.30281 0.958627 9.60001
6.16954 2.2806 0.956798 9.70001
6.26564 2.25828 0.955013 9.80001
6.36194 2.23587 0.953264 9.90001
6.45841 2.21338 0.951548 10
6.55502 2.19082 0.949858 10.1
6.65174 2.1682 0.948192 10.2
6.74856 2.14551 0.946545 10.3
6.84546 2.12278 0.944916 10.4
6.94243 2.1 0.9433 10.5
7.03945 2.07718 0.941697 10.6
7.13652 2.05432 0.940104 10.7
7.23363 2.03143 0.938519 10.8
7.33077 2.00852 0.936942 10.9
7.42793 1.98557 0.935372 11
7.52512 1.96261 0.933807 11.1
7.62232 1.93962 0.932246 11.2
7.71954 1.91661 0.930689 11.3
7.81677 1.89359 0.929135 11.4
7.91401 1.87055 0.927584 11.5
8.01126 1.8475 0.926036 11.6
8.10851 1.82443 0.924489 11.7
8.20577 1.80136 0.922945 11.8
8.30304 1.77827 0.921401 11.9
8.4003 1.75517 0.919859 12
8.49757 1.73207 0.918318 12.1
8.59485 1.70896 0.916777 12.2
8.69212 1.68584 0.915238 12.3
8.78939 1.66271 0.913699 12.4
8.88667 1.63958 0.912161 12.5
8.98395 1.61644 0.910623 12.6
9.08122 1.5933 0.909085 12.7
9.1785 1.57015 0.907548 12.8
9.27578 1.547 0.906011 12.9
9.37305 1.52384 0.904474 13
9.47033 1.50068 0.902938 13.1
9.56761 1.47752 0.901401 13.2
9.66488 1.45436 0.899865 13.3
9.76216 1.43119 0.898329 13.4
9.85944 1.40802 0.896793 13.5
9.95671 1.38485 0.895257 13.6
10.054 1.36167 0.893721 13.7
10.1513 1.3385 0.892186 13.8
10.2485 1.31532 0.89065 13.9
10.3458 1.29214 0.889114 14
10.4431 1.26896 0.887579 14.1
10.5404 1.24578 0.886043 14.2
10.6376 1.22259 0.884508 14.3
10.7349 1.19941 0.882972 14.4
10.8322 1.17622 0.881436 14.5
10.9295 1.15303 0.879901 14.6
11.0267 1.12985 0.878366 14.7
11.124 1.10666 0.87683 14.8
11.2213 1.08347 0.875295 14.9
11.3186 1.06028 0.873759 15
11.4158 1.03709 0.872224 15.1
11.5131 1.0139 0.870688 15.2
11.6104 0.990704 0.869153 15.3
11.7077 0.967512 0.867618 15.4
11.8049 0.944319 0.866082 15.5
11.9022 0.921126 0.864547 15.6
11.9995 0.897932 0.863011 15.7
12.0967 0.874738 0.861476 15.8
12.194 0.851544 0.859941 15.9
12.2913 0.828349 0.858405 16
12.3886 0.805154 0.85687 16.1
12.4858 0.781959 0.855334 16.2
12.5831 0.758763 0.853799 16.3
12.6804 0.735568 0.852264 16.4
12.7777 0.712372 0.850728 16.5
12.8749 0.689176 0.849193 16.6
12.9722 0.665979 0.847657 16.7
13.0695 0.642783 0.846122 16.8
13.1667 0.619586 0.844587 16.9
13.264 0.59639 0.843051 17
13.3613 0.573193 0.841516 17.1
13.4586 0.549996 0.839981 17.2
13.5558 0.526799 0.838445 17.3
13.6531 0.503602 0.83691 17.4
13.7504 0.480405 0.835374 17.5
13.8477 0.457207 0.833839 17.6
13.9449 0.43401 0.832304 17.7
14.0422 0.410813 0.830768 17.8
14.1395 0.387615 0.829233 17.9
14.2367 0.364418 0.827698 18
14.334 0.34122 0.826162 18.1
14.4313 0.318022 0.824627 18.2
14.5286 0.294825 0.823091 18.3
14.6258 0.271627 0.821556 18.4
14.7231 0.248429 0.820021 18.5
14.8204 0.225231 0.818485 18.6
14.9176 0.202033 0.81695 18.7
15.0149 0.178835 0.815415 18.8
15.1122 0.155638 0.813879 18.9
15.2095 0.13244 0.812344 19
15.3067 0.109242 0.810808 19.1
15.404 0.0860437 0.809273 19.2
15.4268 0.0773898 0.8097 19.3
15.4615 0.0658926 0.809926 19.4
15.5064 0.0527912 0.810014 19.5
15.56 0.0392293 0.81001 19.6
15.6211 0.0261923 0.809945 19.7
15.6886 0.0145066 0.80984 19.8
15.7615 0.0048561 0.809711 19.9
15.839 -0.00219622 0.809565 20
15.9202 -0.00618897 0.809412 20.1
