0.279405 -0.193993 0.738 1.19983
0.305656 -0.194086 0.736374 1.29983
0.343741 -0.196104 0.734915 1.39983
0.391785 -0.198553 0.733592 1.49983
0.448228 -0.200004 0.732384 1.59983
0.474127 -0.192358 0.731102 1.69983
0.51188 -0.185481 0.730095 1.79983
0.559686 -0.180145 0.72929 1.89983
0.615944 -0.176949 0.728634 1.99983
0.642375 -0.173626 0.727043 2.09983
0.680658 -0.171704 0.725675 2.19983
0.728868 -0.170907 0.724507 2.29983
0.7854 -0.170969 0.723517 2.39983
0.848916 -0.171656 0.722688 2.49983
0.918293 -0.172771 0.722004 2.59983
0.992591 -0.174153 0.721451 2.69983
1.07102 -0.175674 0.721016 2.79983
1.15292 -0.177234 0.720688 2.89983
1.23772 -0.178762 0.720456 2.99983
1.32498 -0.180204 0.720312 3.09983
1.41428 -0.181525 0.720245 3.19983
1.5053 -0.182701 0.72025 3.29983
1.59777 -0.18372 0.720318 3.39983
1.69146 -0.184577 0.720443 3.49983
1.78616 -0.185272 0.720618 3.59983
1.88171 -0.185808 0.72084 3.69983
1.97798 -0.186193 0.721102 3.79983
2.07485 -0.186434 0.721401 3.89983
2.17222 -0.186539 0.721732 3.99983
2.27002 -0.186518 0.722092 4.09983
2.36817 -0.186379 0.722477 4.19983
2.46662 -0.186132 0.722886 4.29983
2.56532 -0.185784 0.723314 4.39983
2.66422 -0.185345 0.723761 4.49983
2.76331 -0.18482 0.724223 4.59983
2.86254 -0.184218 0.7247 4.69983
2.96189 -0.183544 0.725188 4.79983
3.06134 -0.182805 0.725688 4.89983
3.16089 -0.182006 0.726197 4.99983
3.2605 -0.181152 0.726715 5.09983
3.36018 -0.180247 0.72724 5.19983
3.4599 -0.179295 0.727772 5.29983
3.55967 -0.178301 0.72831 5.39983
3.65948 -0.177269 0.728852 5.49983
3.75932 -0.1762 0.7294 5.59983
3.85918 -0.175098 0.729951 5.69983
3.95906 -0.173966 0.730505 5.79983
4.05896 -0.172806 0.731063 5.89983
4.15887 -0.171621 0.731623 5.99983
4.2588 -0.170412 0.732185 6.09983
4.35874 -0.169182 0.73275 6.19983
4.45868 -0.167932 0.733316 6.29983
4.55863 -0.166663 0.733884 6.39983
4.65859 -0.165378 0.734453 6.49983
4.75856 -0.164077 0.735023 6.59983
4.85853 -0.162763 0.735594 6.69983
4.9585 -0.161435 0.736167 6.79983
5.05847 -0.160095 0.73674 6.89983
5.15845 -0.158744 0.737314 6.99983
5.25843 -0.157382 0.737888 7.09983
5.35841 -0.156012 0.738463 7.19983
5.45839 -0.154632 0.739038 7.29983
5.55838 -0.153245 0.739614 7.39983
5.65836 -0.151851 0.74019 7.49983
5.75835 -0.150449 0.740766 7.59983
5.85833 -0.149042 0.741343 7.69983
5.95832 -0.147629 0.74192 7.79983
6.05831 -0.14621 0.742497 7.89983
6.15829 -0.144787 0.743074 7.99983
6.25828 -0.143359 0.743652 8.09983
6.35827 -0.141927 0.744229 8.19983
6.45826 -0.140491 0.744807 8.29983
6.55825 -0.139052 0.745385 8.39983
6.65823 -0.13761 0.745962 8.49983
6.75822 -0.136164 0.74654 8.59983
6.85821 -0.134716 0.747118 8.69983
6.9582 -0.133266 0.747696 8.79983
7.05819 -0.131813 0.748274 8.89983
7.15818 -0.130358 0.748853 8.99983
7.25817 -0.128901 0.749431 9.09983
7.35816 -0.127442 0.750009 9.19983
7.45815 -0.125981 0.750587 9.29983
7.55814 -0.124519 0.751165 9.39983
7.65812 -0.123056 0.751744 9.49983
7.75811 -0.121591 0.752322 9.59983
7.8581 -0.120125 0.7529 9.69983
7.95809 -0.118658 0.753479 9.79983
8.05808 -0.11719 0.754057 9.89983
8.15807 -0.115721 0.754635 9.99983
8.25806 -0.114251 0.755214 10.0998
8.35805 -0.11278 0.755792 10.1998
8.45804 -0.111309 0.756371 10.2998
8.55803 -0.109837 0.756949 10.3998
8.65802 -0.108364 0.757527 10.4998
8.75801 -0.106891 0.758106 10.5998
8.85799 -0.105417 0.758684 10.6998
8.95798 -0.103943 0.759263 10.7998
9.05797 -0.102468 0.759841 10.8998
9.15796 -0.100993 0.760419 10.9998
9.25795 -0.0995177 0.760998 11.0998
9.35794 -0.0980419 0.761576 11.1998
9.45793 -0.0965657 0.762155 11.2998
9.55792 -0.0950892 0.762733 11.3998
9.65791 -0.0936125 0.763311 11.4998
9.7579 -0.0921355 0.76389 11.5998
9.85789 -0.0906583 0.764468 11.6998
9.95787 -0.0891808 0.765047 11.7998
10.0579 -0.0877032 0.765625 11.8998
10.1579 -0.0862254 0.766204 11.9998
10.2578 -0.0847474 0.766782 12.0998
10.3578 -0.0832693 0.76736 12.1998
10.4578 -0.081791 0.767939 12.2998
10.5578 -0.0803126 0.768517 12.3998
10.6578 -0.078834 0.769096 12.4998
10.7578 -0.0773554 0.769674 12.5998
10.8578 -0.0758767 0.770253 12.6998
10.9578 -0.0743978 0.770831 12.7998
11.0578 -0.0729189 0.771409 12.8998
11.1577 -0.0714399 0.771988 12.9998
11.2577 -0.0699608 0.772566 13.0998
11.3577 -0.0684817 0.773145 13.1998
11.4577 -0.0670025 0.773723 13.2998
11.5577 -0.0655232 0.774302 13.3998
11.6577 -0.0640439 0.77488 13.4998
11.7577 -0.0625646 0.775458 13.5998
11.8577 -0.0610852 0.776037 13.6998
11.9577 -0.0596057 0.776615 13.7998
12.0576 -0.0581262 0.777194 13.8998
12.1576 -0.0566467 0.777772 13.9998
12.2576 -0.0551672 0.778351 14.0998
12.3576 -0.0536876 0.778929 14.1998
12.4576 -0.052208 0.779507 14.2998
12.5576 -0.0507283 0.780086 14.3998
12.6576 -0.0492487 0.780664 14.4998
12.7576 -0.047769 0.781243 14.5998
12.8576 -0.0462893 0.781821 14.6998
12.9575 -0.0448096 0.7824 14.7998
13.0575 -0.0433298 0.782978 14.8998
13.1575 -0.0418501 0.783556 14.9998
13.2575 -0.0403703 0.784135 15.0998
13.3575 -0.0388905 0.784713 15.1998
13.4575 -0.0374108 0.785292 15.2998
13.5575 -0.035931 0.78587 15.3998
13.6575 -0.0344511 0.786449 15.4998
13.7575 -0.0329713 0.787027 15.5998
13.8574 -0.0314915 0.787605 15.6998
13.9574 -0.0300117 0.788184 15.7998
14.0574 -0.0285318 0.788762 15.8998
14.1574 -0.027052 0.789341 15.9998
14.2574 -0.0255721 0.789919 16.0998
14.3574 -0.0240922 0.790498 16.1998
14.4574 -0.0226124 0.791076 16.2998
14.5574 -0.0211325 0.791654 16.3998
14.6574 -0.0196526 0.792233 16.4998
14.7573 -0.0181728 0.792811 16.5998
14.8573 -0.0166929 0.79339 16.6998
14.9573 -0.015213 0.793968 16.7998
15.0573 -0.0137331 0.794547 16.8998
15.1573 -0.0122532 0.795125 16.9998
15.2573 -0.0107733 0.795704 17.0998
15.3573 -0.00929339 0.796282 17.1998
15.4573 -0.00781349 0.79686 17.2998
15.5573 -0.00633359 0.797439 17.3998
15.6573 -0.00485368 0.798017 17.4998
15.7572 -0.00337377 0.798596 17.5998
15.8572 -0.00189386 0.799174 17.6998
