0.218423 -0.461989 0.954 0.99999
0.24251 -0.462199 0.954285 1.09999
0.27874 -0.464253 0.954325 1.19999
0.325097 -0.468308 0.954201 1.29999
0.37987 -0.474594 0.953972 1.39999
0.403402 -0.478269 0.953822 1.49999
0.438997 -0.484287 0.953287 1.59999
0.484843 -0.49136 0.952502 1.69999
0.539423 -0.498241 0.951558 1.79999
0.601416 -0.503844 0.950516 1.89999
0.625294 -0.4995 0.950147 1.99999
0.661335 -0.495181 0.94933 2.09999
0.707631 -0.491144 0.948236 2.19999
0.762556 -0.487563 0.946982 2.29999
0.824733 -0.484489 0.945648 2.39999
0.892997 -0.481883 0.944286 2.49999
0.966369 -0.479668 0.942929 2.59999
1.04402 -0.477747 0.941598 2.69999
1.12528 -0.476031 0.940303 2.79999
1.20954 -0.474439 0.939049 2.89999
1.29634 -0.472905 0.937837 2.99999
1.38526 -0.471379 0.936665 3.09999
1.47596 -0.46982 0.935532 3.19999
1.56815 -0.468203 0.934432 3.29999
1.6616 -0.466507 0.933362 3.39999
1.75609 -0.464722 0.932319 3.49999
1.85147 -0.46284 0.931298 3.59999
1.94759 -0.460861 0.930297 3.69999
2.04432 -0.458783 0.929311 3.79999
2.14158 -0.456611 0.928339 3.89999
2.23927 -0.454346 0.927378 3.99999
2.33733 -0.451995 0.926426 4.09999
2.43569 -0.449563 0.925482 4.19999
2.53431 -0.447054 0.924543 4.29999
2.63314 -0.444474 0.923609 4.39999
2.73216 -0.441828 0.922678 4.49999
2.83133 -0.439121 0.921751 4.59999
2.93062 -0.436359 0.920826 4.69999
3.03002 -0.433544 0.919902 4.79999
3.12951 -0.430683 0.918979 4.89999
3.22907 -0.427777 0.918058 4.99999
3.3287 -0.424832 0.917137 5.09999
3.42837 -0.421849 0.916216 5.19999
3.52809 -0.418833 0.915296 5.29999
3.62785 -0.415785 0.914375 5.39999
3.72764 -0.41271 0.913455 5.49999
3.82745 -0.409608 0.912534 5.59999
3.92729 -0.406482 0.911614 5.69999
4.02714 -0.403334 0.910693 5.79999
4.12701 -0.400165 0.909772 5.89999
4.22689 -0.396978 0.90885 5.99999
4.32678 -0.393774 0.907929 6.09999
4.42668 -0.390555 0.907007 6.19999
4.52659 -0.38732 0.906085 6.29999
4.6265 -0.384073 0.905163 6.39999
4.72642 -0.380813 0.904241 6.49999
4.82634 -0.377543 0.903318 6.59999
4.92627 -0.374261 0.902395 6.69999
5.0262 -0.370971 0.901473 6.79999
5.12613 -0.367671 0.90055 6.89999
5.22606 -0.364364 0.899626 6.99999
5.326 -0.361049 0.898703 7.09999
5.42594 -0.357727 0.89778 7.19999
5.52587 -0.354399 0.896856 7.29999
5.62581 -0.351065 0.895933 7.39999
5.72575 -0.347726 0.895009 7.49999
5.82569 -0.344383 0.894086 7.59999
5.92563 -0.341034 0.893162 7.69999
6.02557 -0.337682 0.892238 7.79999
6.12551 -0.334325 0.891314 7.89999
6.22546 -0.330965 0.89039 7.99999
6.3254 -0.327602 0.889466 8.09999
6.42534 -0.324236 0.888542 8.19999
6.52528 -0.320867 0.887618 8.29999
6.62522 -0.317496 0.886694 8.39999
6.72517 -0.314122 0.88577 8.49999
6.82511 -0.310747 0.884846 8.59999
6.92505 -0.307369 0.883922 8.69999
7.02499 -0.303989 0.882998 8.79999
7.12494 -0.300608 0.882074 8.89999
7.22488 -0.297225 0.88115 8.99999
7.32482 -0.293841 0.880225 9.09999
7.42476 -0.290456 0.879301 9.19999
7.5247 -0.287069 0.878377 9.29999
7.62465 -0.283681 0.877453 9.39999
7.72459 -0.280292 0.876529 9.49999
7.82453 -0.276902 0.875604 9.59999
7.92447 -0.273512 0.87468 9.69999
8.02442 -0.27012 0.873756 9.79999
8.12436 -0.266728 0.872832 9.89999
8.2243 -0.263335 0.871908 9.99999
8.32424 -0.259942 0.870983 10.1
8.42419 -0.256548 0.870059 10.2
8.52413 -0.253153 0.869135 10.3
8.62407 -0.249758 0.868211 10.4
8.72401 -0.246363 0.867286 10.5
8.82396 -0.242967 0.866362 10.6
8.9239 -0.23957 0.865438 10.7
9.02384 -0.236174 0.864514 10.8
9.12378 -0.232777 0.86359 10.9
9.22372 -0.229379 0.862665 11
9.32367 -0.225982 0.861741 11.1
9.42361 -0.222584 0.860817 11.2
9.52355 -0.219186 0.859893 11.3
9.62349 -0.215788 0.858968 11.4
9.72344 -0.212389 0.858044 11.5
9.82338 -0.208991 0.85712 11.6
9.92332 -0.205592 0.856196 11.7
10.0233 -0.202193 0.855271 11.8
10.1232 -0.198794 0.854347 11.9
10.2231 -0.195395 0.853423 12
10.3231 -0.191995 0.852499 12.1
10.423 -0.188596 0.851574 12.2
10.523 -0.185196 0.85065 12.3
10.6229 -0.181797 0.849726 12.4
10.7229 -0.178397 0.848802 12.5
10.8228 -0.174997 0.847877 12.6
10.9227 -0.171597 0.846953 12.7
11.0227 -0.168197 0.846029 12.8
11.1226 -0.164797 0.845105 12.9
11.2226 -0.161397 0.84418 13
11.3225 -0.157997 0.843256 13.1
11.4225 -0.154597 0.842332 13.2
11.5224 -0.151197 0.841408 13.3
11.6223 -0.147796 0.840483 13.4
11.7223 -0.144396 0.839559 13.5
11.8222 -0.140996 0.838635 13.6
11.9222 -0.137595 0.837711 13.7
12.0221 -0.134195 0.836786 13.8
12.122 -0.130794 0.835862 13.9
12.222 -0.127394 0.834938 14
12.3219 -0.123994 0.834014 14.1
12.4219 -0.120593 0.83309 14.2
12.5218 -0.117193 0.832165 14.3
12.6218 -0.113792 0.831241 14.4
12.7217 -0.110391 0.830317 14.5
12.8216 -0.106991 0.829393 14.6
12.9216 -0.10359 0.828468 14.7
13.0215 -0.10019 0.827544 14.8
13.1215 -0.0967891 0.82662 14.9
13.2214 -0.0933885 0.825696 15
13.3214 -0.0899878 0.824771 15.1
13.4213 -0.0865872 0.823847 15.2
13.5212 -0.0831865 0.822923 15.3
13.6212 -0.0797859 0.821999 15.4
13.7211 -0.0763852 0.821074 15.5
13.8211 -0.0729846 0.82015 15.6
13.921 -0.0695839 0.819226 15.7
14.0209 -0.0661832 0.818302 15.8
14.1209 -0.0627825 0.817377 15.9
14.2208 -0.0593818 0.816453 16
14.3208 -0.0559811 0.815529 16.1
14.4207 -0.0525804 0.814605 16.2
14.5207 -0.0491797 0.81368 16.3
14.6206 -0.045779 0.812756 16.4
14.7205 -0.0423783 0.811832 16.5
14.8205 -0.0389776 0.810908 16.6
14.9204 -0.0355769 0.809983 16.7
15.0204 -0.0321761 0.809059 16.8
15.1203 -0.0287754 0.808135 16.9
15.2203 -0.0253747 0.807211 17
15.3202 -0.021974 0.806286 17.1
15.4201 -0.0185732 0.805362 17.2
15.5201 -0.0151725 0.804438 17.3
15.62 -0.0117718 0.803514 17.4
15.72 -0.00837105 0.802589 17.5
15.8199 -0.00497031 0.801665 17.6
15.8438 -0.000104015 0.801719 17.7
15.88 0.00475653 0.801452 17.8
