1388568742.714694597 -0.646046 0.779477 1.237 12.787 -0.109423 0.132023  0.209515 0.0378 7
1388568742.814706760 -0.64559 0.780001 1.208 12.859 0 0  -0.289965 0.0125649 7
1388568742.914670295 -0.644274 0.778141 1.191 12.95 0.0131684 -0.018611  -0.170062 0.0158882 7
1388568743.014675670 -0.64129 0.772607 1.185 13.011 0.0298349 -0.0553337  -0.0599968 0.0106459 7
1388568743.114706345 -0.636867 0.767044 1.204 12.968 0.0442215 -0.0556193  0.189942 -0.00750249 7
1388568743.214673844 -0.634159 0.763057 1.196 12.981 0.0270824 -0.0398782  -0.080026 0.00226958 7
1388568743.314674120 -0.630658 0.758067 1.207 12.993 0.035017 -0.0499029  0.11 0.0020944 7
1388568743.414675105 -0.627015 0.754431 1.206 13.022 0.0364282 -0.0363604  0 0.00506145 7
1388568743.514675961 -0.624456 0.752322 1.203 13.137 0.0255914 -0.0210882  -0.0299997 0.0200711 7
1388568743.614679320 -0.622109 0.746709 1.193 13.287 0.0234671 -0.0561312  -0.0999966 0.026179 7
1388568743.714674682 -0.617535 0.742964 1.185 13.362 0.0457426 -0.0374431  -0.0800037 0.0130907 7
1388568743.814674409 -0.613149 0.739822 1.181 13.429 0.0438577 -0.0314273  -0.0400001 0.0116936 7
1388568743.914675084 -0.61059 0.737644 1.18 13.49 0.0255937 -0.0217789  0 0.0106464 7
1388568744.014681814 -0.608636 0.736855 1.171 13.562 0.0195379 0  -0.0899939 0.0125656 4
1388568744.114711324 -0.607407 0.73715 1.167 13.535 0.0122843 0  -0.0399882 -0.00471107 4
1388568744.214668784 -0.606264 0.740821 1.162 13.515 0.0114344 0.0367234  -0.0500213 -0.00349206 4
1388568744.314673759 -0.605543 0.744966 1.167 13.416 0 0.0414424  0.0499975 -0.0172779 4
1388568744.414667009 -0.606459 0.753014 1.161 13.363 0 0.0804926  -0.0600041 -0.00925095 4
1388568744.514674980 -0.605639 0.763373 1.157 13.291 0 0.103578  -0.0399968 -0.0125653 4
1388568744.614682660 -0.603567 0.771739 1.155 13.278 0.0207189 0.0836581  -0.0199985 -0.00226884 4
1388568744.714675582 -0.599729 0.779021 1.151 13.244 0.0383788 0.0728231  -0.0400028 -0.00593444 4
1388568744.814676506 -0.592982 0.783824 1.147 13.208 0.067471 0.0480284  -0.0399996 -0.00628317 4
1388568744.914667525 -0.586628 0.78767 1.147 13.123 0.06355 0.0384652  0 -0.0148366 4
1388568745.014674403 -0.580132 0.788532 1.147 13.043 0.0649577 0  0 -0.0139617 4
1388568745.114674668 -0.571478 0.788017 1.148 12.973 0.0865357 0  0 -0.0122174 4
1388568745.214674248 -0.56213 0.78658 1.148 12.938 0.0934784 -0.0143732  0 -0.00610865 4
1388568745.314676919 -0.551761 0.785344 1.151 12.932 0.103689 -0.0123656  0.0299992 -0.00104709 4
1388568745.414674347 -0.539413 0.783391 1.151 12.92 0.123484 -0.0195288  0 -0.00209446 4
1388568745.514668897 -0.527118 0.781174 1.149 12.971 0.122952 -0.0221655  -0.0200011 0.0089016 4
1388568745.614666275 -0.514302 0.778454 1.152 13.002 0.128167 -0.0272026  0.0300008 0.00541069 4
1388568745.714669066 -0.50148 0.777349 1.157 13.08 0.128213 -0.0110464  0.0499986 0.0136132 4
1388568745.814682685 -0.489188 0.776855 1.159 13.133 0.122905 0  0.0199973 0.00924906 4
1388568745.914668869 -0.479091 0.776846 1.168 13.205 0.100987 0  0.0900124 0.012568 4
1388568746.014675842 -0.469599 0.776796 1.174 13.22 0.0949073 0  0.0599958 0.00261787 4
1388568746.114674785 -0.460501 0.777296 1.181 13.242 0.0909896 0  0.0700007 0.00383965 4
1388568746.214675248 -0.451995 0.779651 1.187 13.307 0.0850563 0.0235545  0.0599997 0.0113447 4
1388568746.314676741 -0.443256 0.781949 1.187 13.275 0.0873878 0.0229758  0 -0.00558506 4
1388568746.414681399 -0.435467 0.783812 1.191 13.203 0.0778837 0.0186336  0.0399981 -0.0125657 4
1388568746.514682981 -0.426968 0.784705 1.198 13.169 0.084988 0  0.0699989 -0.00593409 4
1388568746.614673649 -0.415244 0.784861 1.199 13.063 0.117259 0  0.0100009 -0.0185022 4
1388568746.714674317 -0.406446 0.784904 1.203 12.923 0.0879725 0  0.0399997 -0.0244343 4
1388568746.814674392 -0.397618 0.78416 1.204 12.853 0.0882814 0  0 -0.0122174 4
1388568746.914665871 -0.387634 0.782666 1.206 12.77 0.0998484 -0.0149441  0.0200017 -0.0144873 4
1388568747.014683642 -0.380087 0.780922 1.204 12.828 0.0754551 -0.0174339  -0.0199964 0.010121 4
1388568747.114669904 -0.37319 0.778495 1.202 12.865 0.068985 -0.0242804  -0.0200027 0.00645855 4
1388568747.214676792 -0.365822 0.775171 1.201 13.003 0.0736723 -0.0332396  0 0.024084 4
1388568747.314676935 -0.360662 0.771127 1.197 13.09 0.0515969 -0.0404329  -0.0399999 0.0151843 4
1388568747.414671149 -0.355773 0.769451 1.197 13.138 0.048892 -0.0167676  0 0.00837796 4
1388568747.514675509 -0.351675 0.767655 1.2 13.209 0.0409799 -0.0179501  0.0299987 0.0123913 4
1388568747.614668131 -0.348236 0.766119 1.201 13.269 0.0343953 -0.0153636  0.0100007 0.0104728 4
1388568747.714674540 -0.343895 0.766126 1.202 13.244 0.0434013 0  0 -0.00436298 4
1388568747.814674207 -0.339872 0.766925 1.202 13.28 0.0402356 0  0 0.00628308 4
1388568747.914667581 -0.337294 0.769408 1.204 13.283 0.0257846 0.0248315  0.0200013 0.000523679 4
1388568748.014667805 -0.334234 0.771106 1.206 13.315 0.0305918 0.0169805  0.02 0.00558497 4
1388568748.114670402 -0.332483 0.772517 1.209 13.325 0.0175113 0.0141097  0.0299992 0.00174532 4
1388568748.214673808 -0.331714 0.774718 1.211 13.298 0 0.0220071  0.0199993 -0.00471214 4
1388568748.314676941 -0.329823 0.776709 1.211 13.25 0.0189139 0.0199147  0 -0.00837738 4
1388568748.414670656 -0.329451 0.778173 1.212 13.196 0 0.0146356  0.0100006 -0.00942535 4
1388568748.514665389 -0.329492 0.779814 1.206 13.142 0 0.0164107  -0.0600032 -0.00942526 4
1388568748.614668284 -0.329061 0.781298 1.204 13.127 0 0.0148464  -0.0199994 -0.00261798 4
1388568748.714670654 -0.327262 0.781933 1.206 13.148 0.0179931 0  0.0199995 0.00366509 4
1388568748.814669141 -0.324712 0.78404 1.2 13.148 0.0254935 0.0210664  -0.0600009 0 4
1388568748.914669289 -0.319989 0.783332 1.199 13.178 0.0472333 0  0 0.0052361 4
1388568749.014659428 -0.317532 0.783177 1.2 13.121 0.0245775 0  0.010001 -0.00994939 4
1388568749.114675388 -0.312992 0.783137 1.195 13.045 0.0453919 0  -0.049992 -0.0132624 4
1388568749.214674980 -0.308696 0.782808 1.198 13.031 0.0429523 0  0.0300001 -0.00244346 4
1388568749.314667278 -0.306363 0.782132 1.2 12.948 0.0233328 0  0.0200015 -0.0144874 4
1388568749.414667388 -0.303556 0.780043 1.199 12.867 0.0280763 -0.0208868  0 -0.0141372 4
1388568749.514675581 -0.301205 0.777862 1.198 12.744 0.0235082 -0.0218057  0 -0.0214656 4
1388568749.614676372 -0.298413 0.774372 1.203 12.662 0.0279149 -0.0349058  0.0499996 -0.0143117 4
1388568749.714675137 -0.294163 0.771056 1.206 12.601 0.042497 -0.0331641  0.0300004 -0.0106466 4
1388568749.814676106 -0.291144 0.765014 1.204 12.639 0.0301947 -0.0604097  -0.0199998 0.00663221 4
1388568749.914675521 -0.287387 0.760377 1.201 12.721 0.0375727 -0.0463726  -0.0300002 0.0143117 4
1388568750.014667603 -0.283602 0.754898 1.199 12.837 0.0378546 -0.0547954  -0.0200016 0.0202475 4
1388568750.114667307 -0.282281 0.7508 1.197 12.889 0.0132093 -0.0409804  -0.0200001 0.00907575 4
1388568750.214677832 -0.280879 0.748601 1.19 13.01 0.0140111 -0.0219866  -0.0699926 0.0211163 4
1388568750.314668780 -0.279678 0.748656 1.191 13.122 0.0120195 0  0.0100009 0.0195494 4
1388568750.414675704 -0.281133 0.749931 1.189 13.194 -0.0145581 0.0127485  -0.0199986 0.0125656 4
1388568750.514675563 -0.280535 0.752338 1.189 13.293 0 0.0240736  0 0.0172788 4
1388568750.614675380 -0.280443 0.752758 1.19 13.337 0 0  0.01 0.00767941 4
1388568750.714675589 -0.279595 0.755919 1.187 13.313 0 0.0316143  -0.0299999 -0.00418881 4
1388568750.814675061 -0.278139 0.759962 1.185 13.345 0.0145613 0.0404329  -0.0200001 0.00558518 4
1388568750.914674148 -0.277038 0.762939 1.186 13.418 0.0110061 0.0297654  0.0100001 0.012741 4
1388568751.014675561 -0.277889 0.765474 1.186 13.503 0 0.0253548  0 0.0148351 4
1388568751.114674773 -0.276668 0.767487 1.183 13.603 0.0122153 0.0201284  -0.0300002 0.0174533 4
1388568751.214674579 -0.276627 0.76904 1.179 13.717 0 0.015532  -0.0400001 0.0198968 4
1388568751.314667351 -0.276623 0.771634 1.178 13.829 0 0.025934  -0.0100007 0.0195492 4
1388568751.414735858 -0.452901 0.686422 1.182 0.0629997 0 0.032734  0.0399726 -2.40098 4
1388568751.514728735 -0.45544 0.692314 1.178 0.122 -0.0253913 0.0589231  -0.0400028 0.0102982 4
1388568751.614695255 -0.457356 0.69573 1.177 0.176999 -0.0191692 0.0341635  -0.0100033 0.00960241 4
1388568751.714701826 -0.458002 0.697267 1.179 0.205 0 0.0153738  0.0199987 0.00488675 4
1388568751.814735818 -0.457901 0.700529 1.183 0.165 0 0.0326041  0.0399864 -0.00697894 4
1388568751.914701756 -0.456537 0.703514 1.183 0.103 0.013637 0.0298663  0 -0.0108248 4
1388568752.014753710 -0.454976 0.707873 1.186 -0.0540009 0.0156049 0.0435662  0.0299844 -0.0273875 4
1388568752.114692501 -0.454111 0.712089 1.19 -0.249001 0 0.0421878  0.0400245 -0.0340547 4
1388568752.214694187 -0.451878 0.716077 1.19 -0.455001 0.0223255 0.0398739  0 -0.0359532 4
1388568752.314758068 -0.450506 0.718065 1.192 -0.684 0.013714 0.0198712  0.0199872 -0.0399424 4
1388568752.414750883 -0.448873 0.71942 1.196 -0.769 0.0163305 0.013549  0.0400029 -0.0148364 4
1388568752.514684526 -0.4461 0.717668 1.194 -0.821 0.027746 -0.0175313  -0.0200133 -0.00908175 4
1388568752.614720654 -0.444178 0.713341 1.193 -0.827001 0.0192198 -0.0432583  0 -0.00104691 4
1388568752.815127157 -0.442718 0.705736 1.187 -0.813001 0 -0.0379479  -0.0299391 0.00121925 3
1388568752.915391839 -0.443468 0.702808 1.185 -0.789001 0 -0.0291955  -0.0199472 0.00417776 3
1388568753.015647040 -0.444997 0.704718 1.183 -0.642 -0.0152517 0.0190502  -0.0199491 0.0255911 3
1388568753.115919738 -0.448505 0.710117 1.182 -1.857 -0.0349829 0.0538371  0 -0.211481 3
1388568753.216156947 -0.453876 0.71301 1.188 -4.504 -0.053575 0.0288646  0.059858 -0.460895 3
1388568753.316419068 -0.450841 0.712483 1.188 -7.004 0.0302636 0  0 -0.435192 3
1388568753.416666317 -0.441488 0.705815 1.192 -9.147 0.0933061 -0.0665118  0.0399013 -0.373102 3
1388568753.516906906 -0.423372 0.691323 1.195 -10.949 0.180724 -0.144578  0.029928 -0.313753 3
1388568753.617187428 -0.390506 0.668303 1.195 -12.434 0.327734 -0.229559  0 -0.258456 3
1388568753.717445980 -0.347994 0.637342 1.197 -13.684 0.424025 -0.308802  0.0199484 -0.217604 3
1388568753.817708003 -0.295726 0.602053 1.198 -15.076 0.521318 -0.351974  0 -0.242315 3
1388568753.917958684 -0.229474 0.564153 1.2 -16.534 0.660862 -0.378056  0.01995 -0.253833 3
1388568754.018210076 -0.162177 0.526769 1.202 -17.92 0.671282 -0.372902  0.0199498 -0.241296 3
1388568754.118534049 -0.0998282 0.486984 1.212 -19.695 0.621476 -0.396563  0.0996771 -0.308796 3
1388568754.218781333 -0.0491776 0.445939 1.222 -21.348 0.505257 -0.409434  0.0997533 -0.287791 3
1388568754.319050740 -0.00638987 0.406074 1.242 -23.114 0.426728 -0.397583  0.199463 -0.307397 3
1388568754.419306696 0.0355923 0.365763 1.274 -24.858 0.41875 -0.40208  0.319183 -0.303608 3
1388568754.519561174 0.0849429 0.326548 1.28 -26.389 0.492253 -0.391153  0.0598477 -0.266532 3
1388568754.619828945 0.134814 0.286227 1.281 -27.635 0.497374 -0.402134  0 -0.216887 3
1388568754.720080469 0.178924 0.248447 1.282 -28.59 0.44 -0.376847  0 -0.166261 3
1388568754.820334878 0.233719 0.212126 1.278 -29.515 0.546556 -0.362289  -0.0398985 -0.161033 3
1388568754.920579699 0.289892 0.173583 1.268 -30.466 0.560363 -0.384496  -0.0997558 -0.165575 3
1388568755.020825665 0.346751 0.134807 1.255 -31.38 0.567196 -0.386804  -0.129681 -0.159132 3
1388568755.121071385 0.406134 0.100978 1.242 -32.427 0.592369 -0.337457  -0.129681 -0.182288 3
1388568755.221325030 0.462882 0.0691903 1.225 -33.578 0.566045 -0.317076  -0.16957 -0.200379 3
1388568755.321571444 0.516384 0.0362857 1.21 -34.568 0.533705 -0.328238  -0.149631 -0.172363 3
1388568755.421818833 0.564784 0.00124565 1.195 -35.41 0.482802 -0.349536  -0.14963 -0.146594 3
1388568755.522065260 0.603176 -0.0359202 1.179 -36.184 0.382985 -0.370745  -0.159607 -0.134756 3
1388568755.622324686 0.639379 -0.0756733 1.167 -36.884 0.361085 -0.396503  -0.119689 -0.121857 3
1388568755.722587755 0.670749 -0.113553 1.157 -37.51 0.312878 -0.377802  -0.0997376 -0.108971 3
1388568755.822836001 0.697022 -0.148585 1.147 -38.036 0.262079 -0.349458  -0.0997524 -0.0915772 3
1388568755.923094436 0.720255 -0.181145 1.143 -38.687 0.231735 -0.324753  -0.0398969 -0.113328 3
1388568756.023350102 0.740127 -0.210216 1.141 -39.244 0.198217 -0.289975  -0.019949 -0.0969671 3
1388568756.123603048 0.762976 -0.239945 1.141 -39.811 0.227909 -0.296533  0 -0.0987104 3
1388568756.223874816 0.7892 -0.273515 1.141 -40.243 0.261527 -0.334794  0 -0.0751937 3
1388568756.324531307 0.813643 -0.308088 1.14 -40.534 0.242835 -0.34347  0 -0.0504579 3
1388568756.424774036 0.851451 -0.349658 1.141 -40.788 0.377168 -0.4147  0 -0.044224 3
1388568756.525025642 0.895101 -0.395975 1.139 -40.981 0.435404 -0.462001  -0.0199498 -0.0336005 3
1388568756.625274185 0.932552 -0.444088 1.132 -41.121 0.37358 -0.47994  -0.0698265 -0.0243739 3
1388568756.725521435 0.964344 -0.483722 1.129 -41.272 0.31714 -0.395368  -0.029926 -0.0262896 3
1388568756.825777223 1.00368 -0.509072 1.127 -41.411 0.392346 -0.252852  -0.019949 -0.0241982 3
1388568756.926022564 1.03814 -0.550361 1.132 -41.587 0.343747 -0.411875  0.0498776 -0.0306424 3
1388568757.026265760 1.06584 -0.583929 1.136 -41.782 0.276343 -0.334869  0.039903 -0.0339513 3
1388568757.126538278 1.09487 -0.614149 1.136 -41.965 0.289553 -0.301373  0 -0.0318528 3
1388568757.226861892 1.11661 -0.642423 1.14 -42.156 0.216694 -0.281833  0.039871 -0.0332283 3
1388568757.327104777 1.1449 -0.659399 1.143 -42.441 0.282133 -0.16935  0.0299273 -0.0496213 3
1388568757.427377268 1.17404 -0.685328 1.149 -42.796 0.290632 -0.258586  0.0598369 -0.0617907 3
1388568757.527628991 1.20581 -0.715468 1.151 -43.231 0.316924 -0.300638  0.0199498 -0.0757314 3
1388568757.627897411 1.25022 -0.733675 1.159 -43.575 0.442949 -0.181588  0.0797858 -0.0598786 3
1388568757.728155241 1.28596 -0.76128 1.163 -43.914 0.356458 -0.275338  0.0398971 -0.0590143 3
1388568757.828406546 1.32512 -0.800815 1.169 -44.243 0.390624 -0.394353  0.0598496 -0.0572775 3
1388568757.928658884 1.38233 -0.833049 1.175 -44.554 0.570602 -0.321535  0.059849 -0.0541433 3
1388568758.028907646 1.42802 -0.8783 1.174 -44.816 0.455825 -0.451381  0 -0.045614 3
1388568758.129161514 1.46861 -0.925461 1.175 -45.041 0.404885 -0.47042  0 -0.0391705 3
1388568758.229411975 1.50629 -0.968829 1.171 -45.164 0.375804 -0.432595  -0.0399001 -0.0214138 3
1388568758.329665477 1.55423 -1.01624 1.172 -45.209 0.478236 -0.472868  0 -0.00783414 3
1388568758.430085258 1.60011 -1.05758 1.171 -45.178 0.456869 -0.411705  0 0.0053876 3
1388568758.530343506 1.64544 -1.10216 1.171 -44.905 0.45212 -0.4447  0 0.0475249 3
1388568758.630606951 1.69081 -1.14792 1.169 -44.712 0.452481 -0.456352  -0.0199474 0.0335965 3
1388568758.730849306 1.73623 -1.19863 1.17 -44.44 0.45317 -0.505904  0 0.0473581 3
1388568758.831087408 1.78023 -1.24639 1.169 -43.975 0.438938 -0.476424  0 0.0809651 3
1388568758.931339733 1.81339 -1.27608 1.173 -43.224 0.33077 -0.296218  0.0398993 0.130744 3
1388568759.031583747 1.84463 -1.29337 1.173 -42.365 0.311569 -0.1724  0 0.149559 3
1388568759.131852632 1.85805 -1.28472 1.171 -41.364 0.13384 0.086264  -0.0199464 0.174239 3
1388568759.232105793 1.86203 -1.289 1.172 -40.661 0.0397596 -0.0427644  0 0.122387 3
1388568759.332351018 1.87867 -1.27853 1.167 -39.935 0.166015 0.104473  -0.0498777 0.126401 3
1388568759.432614758 1.90011 -1.2696 1.167 -39.647 0.213818 0.0890859  0 0.0501333 3
1388568759.532868246 1.91474 -1.27426 1.163 -39.161 0.145909 -0.0465166  -0.0398989 0.0846085 3
1388568759.633161678 1.93558 -1.28628 1.158 -38.793 0.207791 -0.119815  -0.0498537 0.0640402 3
1388568759.733421818 1.94801 -1.29988 1.153 -38.478 0.12398 -0.135663  -0.0498703 0.0548353 3
1388568759.833708994 1.97972 -1.32358 1.149 -38.179 0.316229 -0.236296  -0.0398855 0.0520359 3
1388568759.933962809 2.0356 -1.35333 1.15 -38.025 0.557348 -0.296784  0 0.0268102 3
1388568760.034220633 2.09327 -1.40075 1.147 -37.858 0.57518 -0.472911  -0.0299229 0.029072 3
1388568760.134475744 2.14684 -1.45045 1.144 -37.503 0.534417 -0.495783  -0.0299237 0.0618014 3
1388568760.234761892 2.19907 -1.51223 1.144 -36.989 0.520731 -0.616055  0 0.0894539 3
1388568760.335022615 2.24607 -1.57202 1.149 -36.28 0.468852 -0.596323  0.04987 0.123422 3
1388568760.435279576 2.28536 -1.62134 1.156 -35.407 0.391814 -0.491918  0.0698206 0.151977 3
1388568760.535539151 2.31864 -1.65926 1.161 -34.41 0.331999 -0.37823  0.0498705 0.173559 3
1388568760.635800298 2.3483 -1.68993 1.161 -33.272 0.29581 -0.305907  0 0.198101 3
1388568760.736064867 2.37903 -1.7145 1.162 -32.11 0.30646 -0.245095  0 0.202272 3
1388568760.836322151 2.41164 -1.73511 1.165 -31.039 0.325284 -0.205504  0.029923 0.186445 3
1388568760.936578569 2.4479 -1.74978 1.162 -29.98 0.36169 -0.146345  -0.0299233 0.184358 3
1388568761.036833830 2.48282 -1.76063 1.161 -29.214 0.348256 -0.108202  0 0.133352 3
1388568761.137087901 2.52082 -1.77129 1.157 -28.44 0.379036 -0.106404  -0.0398986 0.134746 3
1388568761.237335428 2.56255 -1.78216 1.155 -27.435 0.416299 -0.108352  -0.0199506 0.174973 3
1388568761.338666745 2.61004 -1.79238 1.155 -25.971 0.468666 -0.100892  0 0.252159 3
1388568761.438942866 2.65967 -1.80276 1.153 -25.112 0.494917 -0.103559  -0.0199449 0.149511 3
1388568761.539207412 2.71107 -1.81248 1.151 -24.091 0.512686 -0.0968698  -0.0199472 0.177728 3
1388568761.639475541 2.7659 -1.82308 1.149 -22.752 0.546799 -0.105707  -0.0199465 0.233075 3
1388568761.739752502 2.82111 -1.82825 1.15 -21.58 0.550545 -0.0515643  0 0.203988 3
1388568761.840030000 2.88262 -1.8322 1.147 -20.61 0.613455 -0.0394014  -0.029917 0.168828 3
1388568761.940305880 2.96139 -1.84425 1.144 -19.686 0.785515 -0.120223  -0.0299175 0.160825 3
1388568762.040571338 3.03743 -1.86199 1.144 -18.863 0.758434 -0.176883  0 0.14326 3
1388568762.140840831 3.11732 -1.86609 1.142 -17.886 0.796748 -0.0409119  -0.0199462 0.17006 3
1388568762.241127120 3.19401 -1.87715 1.145 -16.855 0.764625 -0.110275  0.0299144 0.17943 3
1388568762.341398432 3.26105 -1.88398 1.147 -15.908 0.668643 -0.0680838  0.0199459 0.164835 3
1388568762.441675944 3.32866 -1.8861 1.15 -14.868 0.674219 -0.0211422  0.029917 0.181012 3
1388568762.541956112 3.39863 -1.88166 1.15 -13.881 0.697745 0.0442442  0 0.171783 3
1388568762.642230648 3.4614 -1.8715 1.149 -12.986 0.625971 0.101322  0 0.155779 3
1388568762.742505395 3.52026 -1.85758 1.147 -12.123 0.586951 0.138788  -0.0199452 0.150209 3
1388568762.842781322 3.57621 -1.84562 1.147 -11.291 0.558028 0.11934  0 0.144812 3
1388568762.943055900 3.61955 -1.83241 1.146 -10.559 0.432167 0.131729  0 0.127408 3
1388568763.043331604 3.64206 -1.81249 1.139 -9.874 0.224461 0.198584  -0.0698075 0.119226 3
1388568763.143634663 3.65536 -1.80731 1.13 -9.293 0.132655 0.0516728  -0.0897281 0.101097 3
1388568763.243931557 3.67083 -1.80108 1.124 -8.762 0.154249 0.0621565  -0.0598224 0.0924027 3
1388568763.344205152 3.68874 -1.80043 1.121 -8.377 0.178611 0  -0.0299181 0.0670119 3
1388568763.444480068 3.71598 -1.80248 1.117 -8.053 0.271656 -0.0204495  -0.0398903 0.0563936 3
1388568763.544752454 3.75524 -1.80083 1.112 -7.766 0.3915 0.0164602  -0.0498642 0.0499549 3
1388568763.645023902 3.79558 -1.80309 1.107 -7.413 0.402295 -0.0224994  -0.0498646 0.0614433 3
1388568763.745299803 3.85247 -1.80274 1.102 -6.985 0.567353 0  -0.0498624 0.0744946 3
1388568763.845576700 3.91509 -1.78666 1.099 -6.545 0.624509 0.160362  -0.0299172 0.0765824 3
1388568763.945875964 3.99081 -1.77952 1.098 -6.18 0.754878 0.0711942  0 0.0635145 3
1388568764.046146573 4.06815 -1.77381 1.109 -5.972 0.771309 0.0569926  0.109703 0.0362048 3
1388568764.146417064 4.14687 -1.75787 1.098 -5.656 0.78514 0.158909  -0.109703 0.0550037 3
1388568764.246676949 4.21913 -1.74005 1.099 -5.419 0.720747 0.177829  0 0.041257 3
1388568764.346917249 4.27124 -1.72219 1.102 -4.992 0.519773 0.178115  0.0299281 0.0743469 3
1388568764.447250309 4.31589 -1.71292 1.108 -4.752 0.445062 0.0924133  0.0598008 0.0417488 3
1388568764.547491668 4.35312 -1.7042 1.114 -4.546 0.371438 0.0869883  0.0598555 0.0358673 3
1388568764.647765744 4.39115 -1.70003 1.121 -4.373 0.379196 0.0415815  0.0698087 0.0301117 3
1388568764.748020823 4.42074 -1.69966 1.122 -4.267 0.295155 0  0 0.0184534 3
1388568764.848273201 4.45877 -1.69802 1.12 -4.027 0.379387 0.0164053  -0.0199497 0.0417824 3
1388568764.948550237 4.49475 -1.69376 1.116 -3.755 0.358769 0.0425112  -0.0398895 0.0473419 3
1388568765.048800528 4.53472 -1.6952 1.112 -3.485 0.398707 -0.0144562  -0.0399001 0.0470062 3
1388568765.149071426 4.58491 -1.69902 1.107 -3.19 0.500499 -0.0380104  -0.0498649 0.0513481 3
1388568765.249338018 4.63566 -1.69269 1.106 -2.912 0.506166 0.0631054  0 0.0483911 3
1388568765.349593090 4.68536 -1.67757 1.102 -2.659 0.495745 0.150845  -0.0398982 0.0440445 3
1388568765.449874019 4.73969 -1.65904 1.095 -2.521 0.541797 0.18475  -0.0698039 0.024018 3
1388568765.550131877 4.80462 -1.64413 1.09 -2.422 0.647648 0.148711  -0.0498714 0.0172343 3
1388568765.650387404 4.88077 -1.62785 1.084 -2.374 0.759489 0.16234  -0.0598471 0.00835629 3
1388568765.750638597 4.96024 -1.61427 1.08 -2.438 0.792774 0.135482  -0.0398998 -0.0111421 3
1388568765.850892997 5.03596 -1.60361 1.078 -2.518 0.755287 0.106387  -0.0199492 -0.0139272 3
1388568765.951154223 5.11343 -1.58486 1.077 -2.645 0.772615 0.186968  0 -0.0221079 3
1388568766.051408095 5.18672 -1.57032 1.076 -2.648 0.731042 0.145034  0 -0.000522318 3
1388568766.151671308 5.24948 -1.55654 1.076 -2.55 0.625987 0.137462  0 0.0170594 3
1388568766.252018256 5.28261 -1.53664 1.079 -2.469 0.330159 0.198307  0.0298963 0.0140882 3
1388568766.352623745 5.29476 -1.52553 1.074 -2.464 0.120748 0.110385  -0.0496991 0.000867432 3
1388568766.452887151 5.30244 -1.50402 1.071 -2.288 0.0765883 0.214611  -0.0299212 0.0306372 3
1388568766.553154800 5.31088 -1.47832 1.067 -2.062 0.0841922 0.256215  -0.0398932 0.0393391 3
1388568766.653417408 5.31992 -1.45534 1.063 -1.918 0.0901954 0.229276  -0.0398952 0.0250669 3
1388568766.753683396 5.3319 -1.4309 1.057 -1.947 0.119511 0.243738  -0.0598408 -0.00504808 3
1388568766.854067150 5.35726 -1.41761 1.046 -2.186 0.252626 0.1324  -0.109579 -0.041554 3
1388568766.954401294 5.43187 -1.40168 1.041 -2.459 0.743613 0.158783  -0.0498335 -0.0474888 3
1388568767.054688818 5.50472 -1.39131 1.035 -2.955 0.726354 0.10337  -0.059828 -0.0863202 3
1388568767.155026347 5.58409 -1.37732 1.033 -3.291 0.791085 0.139399  -0.0199327 -0.0584457 3
1388568767.255318322 5.66702 -1.35914 1.029 -4.126 0.826854 0.181336  -0.0398836 -0.145311 3
1388568767.355651971 5.74296 -1.34855 1.031 -4.922 0.756843 0.105529  0.0199335 -0.138466 3
1388568767.455954205 5.80617 -1.34617 1.037 -5.451 0.630188 0.0236665  0.0598192 -0.0920496 3
1388568767.556207881 5.87283 -1.33247 1.045 -5.55 0.664968 0.136703  0.0797976 -0.017235 3
1388568767.656484768 5.94594 -1.3137 1.053 -5.4 0.729055 0.18713  0.0797791 0.0261076 3
1388568767.756748085 6.02489 -1.29598 1.057 -5.146 0.787451 0.176826  0.0398949 0.0442149 3
1388568767.857027661 6.08178 -1.28233 1.063 -4.982 0.567256 0.136045  0.0598327 0.0285437 3
1388568767.957310873 6.13555 -1.28019 1.062 -4.95 0.536212 0.0213328  0 0.00556921 3
1388568768.057618601 6.19838 -1.2939 1.059 -4.853 0.626382 -0.136606  -0.029908 0.0168778 3
1388568768.157915192 6.25865 -1.31959 1.054 -4.669 0.600877 -0.256137  -0.0498521 0.0320191 3
1388568768.258193790 6.31806 -1.35463 1.048 -4.42 0.592446 -0.349456  -0.0598333 0.0433381 3
1388568768.358473708 6.37663 -1.39588 1.046 -4.026 0.584066 -0.411313  -0.0199442 0.068574 3
1388568768.458753225 6.4337 -1.43919 1.038 -3.304 0.569159 -0.431925  -0.079777 0.125661 3
1388568768.559035603 6.48864 -1.48098 1.039 -2.418 0.547816 -0.416727  0 0.154201 3
1388568768.659309184 6.53699 -1.56369 1.033 -1.27 0.48221 -0.824813  -0.0598363 0.199817 3
1388568768.759608412 6.5836 -1.63793 1.028 0.118999 0.464698 -0.740218  -0.0498508 0.241703 3
1388568768.859925920 6.62913 -1.70198 1.025 1.819 0.453883 -0.638523  -0.029905 0.295767 3
1388568768.960196876 6.67488 -1.75137 1.025 3.813 0.456303 -0.492505  0 0.347078 3
1388568769.060456249 6.72123 -1.78648 1.026 5.569 0.462287 -0.350192  0 0.305687 3
1388568769.160725465 6.76804 -1.81277 1.03 6.571 0.466844 -0.262198  0.0398926 0.174412 3
1388568769.260989109 6.8149 -1.83815 1.031 6.679 0.467337 -0.253171  0 0.0188 3
1388568769.361269358 6.82986 -1.80245 1.041 12.175 0.149205 0.356001  0.0997205 0.956552 3
1388568769.461534427 6.83812 -1.76787 1.047 13.603 0.0823406 0.344906  0.0598414 0.248574 3
1388568769.561798290 6.84845 -1.73317 1.05 14.895 0.103065 0.346073  0.029921 0.224903 3
1388568769.662061844 6.88128 -1.85635 1.051 15.702 0.327418 -1.22853  0 0.140478 3
1388568769.762331220 6.91398 -1.98503 1.051 16.31 0.326152 -1.28332  0 0.105831 3
1388568769.814765829 6.93533 -2.06166 1.053 17.091 0.407047 -1.46156  0.0381427 0.259962 3
1388568769.914734012 6.99223 -2.20192 1.048 20.71 0.569237 -1.40301  -0.0500159 0.631836 3
1388568770.014739640 7.05362 -2.33004 1.043 28.128 0.61387 -1.28109  -0.0499972 1.29461 3
1388568770.114704923 7.12449 -2.44923 1.04 35.186 0.70891 -1.19232  -0.0300104 1.23228 8
1388568770.214746622 7.19714 -2.56198 1.039 37.437 0.726209 -1.12705  0 0.39271 8
1388568770.314689632 7.2624 -2.65181 1.042 39.472 0.653012 -0.898776  0.0300171 0.355377 8
1388568770.514691290 7.39094 -2.82487 1.042 39.662 0.642683 -0.865335  0 0.0165807 8
1388568770.614691435 7.44917 -2.89474 1.047 40.768 0.582309 -0.698673  0.0499999 0.193033 8
1388568770.714692010 7.50633 -2.95886 1.051 41.611 0.57153 -0.641173  0.0399998 0.14713 8
1388568770.914723097 7.62015 -3.0806 1.052 41.896 0.569054 -0.608595  0 0.0248671 8
1388568771.114693889 7.73309 -3.18988 1.053 42.288 0.56474 -0.546503  0 0.0342136 8
1388568771.214695036 7.78464 -3.23573 1.062 44.732 0.515493 -0.458483  0.089999 0.426554 8
1388568772.014685059 8.05019 -3.51443 1.079 47.265 0.33195 -0.348377  0.0212503 0.0552622 8
1388568772.214696684 8.07961 -3.54529 1.073 47.848 0.147093 -0.154313  -0.0299983 0.0508731 8
1388568772.314724634 8.09288 -3.55176 1.069 48.098 0.132622 -0.0646446  -0.0399888 0.043621 4
1388568772.414689017 8.1029 -3.55505 1.06 48.525 0.100277 -0.0328914  -0.0900321 0.0745525 4
1388568772.514689091 8.10581 -3.55537 1.062 47.651 0.0290248 0  0.02 -0.152542 4
1388568772.614692848 8.10637 -3.55492 1.067 47.489 0 0  0.0499981 -0.0282731 4
1388568772.714692441 8.1055 -3.55181 1.068 47.318 0 0.031084  0.01 -0.0298455 4
1388568773.314769998 8.0882 -3.52655 1.072 46.865 -0.0288411 0.0420989  0 -0.0131755 4
1388568773.414688819 8.08637 -3.5213 1.066 53.227 -0.0182723 0.0525009  -0.0600487 1.11128 3
1388568773.514722703 8.07944 -3.51608 1.047 57.97 -0.0692381 0.0521578  -0.189936 0.82753 4
1388568773.614743884 8.07283 -3.51302 1.039 59.002 -0.0661791 0.0306592  -0.0799831 0.180079 4
1388568773.714695222 8.06553 -3.50882 1.032 59.924 -0.0730352 0.0420032  -0.0700341 0.160997 9
1388568773.814693133 8.05594 -3.50362 0.981 61.247 -0.0959025 0.051976  -0.510011 0.230912 9
1388568773.914693239 8.04943 -3.50073 0.786 62.621 -0.0650292 0.028943  -1.95 0.239808 9
1388568774.114694899 8.03709 -3.49566 0.77 62.71 -0.0617024 0.0253208  -0.0799993 0.00776704 9
1388568774.214686449 8.03062 -3.49274 0.757 62.72 -0.0647569 0.0292697  -0.130011 0.00174585 9
1388568774.414692525 8.03144 -3.4897 0.477 64.018 0 0.0151673  -1.39996 0.113268 9
1388568774.514744789 8.03315 -3.48929 0.336 65.17 0.0171626 0  -1.40926 0.200957 9
1388568774.614684859 8.03453 -3.48832 0.247 65.641 0.0137708 0  -0.890534 0.0822544 9
1388568774.714693865 8.03554 -3.48841 0.189 65.837 0.0100888 0  -0.579948 0.0342052 9
1388568774.814694801 8.03558 -3.4878 0.112 66.196 0 0  -0.769993 0.0626569 9
1388568774.914692566 8.03558 -3.48716 0.108 66.216 0 0  -0.0400009 0.00349015 9
1388568775.114694006 8.03344 -3.48516 0.066 66.534 -0.0107167 0  -0.209998 0.0277506 9
1388568775.214692931 8.03444 -3.48821 0.028 67.13 0.0100164 -0.0304692  -0.380004 0.104023 9
1388568775.314694292 8.03444 -3.48821 0 69.853 0 0  -0.279996 0.475247 2
1388568775.414698706 8.03444 -3.48821 0 69.851 0 0  0 -0.000348859 2
1388568775.514692841 8.03444 -3.48821 0 69.862 0 0  0 0.00192025 2
1388568775.614694822 8.03444 -3.48821 0 69.868 0 0  0 0.0010466 2
1388568775.714687805 8.03444 -3.48821 0 69.857 0 0  0 -0.00192027 2
1388568775.814690018 8.03444 -3.48821 0 69.86 0 0  0 0.000524631 2
1388568775.914744002 8.03444 -3.48821 0 69.86 0 0  0 0 2
1388568776.014690836 8.03444 -3.48821 0 69.86 0 0  0 0 2
1388568776.114746917 8.03444 -3.48821 0 69.863 0 0  0 0.000523018 2
1388568776.214740711 8.03444 -3.48821 0 69.867 0 0  0 0.000697792 2
1388568776.314706094 8.03444 -3.48821 0 69.867 0 0  0 0 2
1388568776.414691408 8.03444 -3.48821 0 69.866 0 0  0 -0.000174463 2
1388568776.514697896 8.03444 -3.48821 0 69.867 0 0  0 0.000174426 2
1388568776.614705941 8.03444 -3.48821 0 69.87 0 0  0 0.000523269 2
1388568776.714714958 8.03444 -3.48821 0 69.871 0 0  0 0.000174421 2
1388568776.814695548 8.03444 -3.48821 0 69.87 0 0  0 -0.000174471 2
1388568776.914744055 8.03444 -3.48821 0 69.872 0 0  0 0.000348705 2
1388568777.014716976 8.03444 -3.48821 0 69.873 0 0  0 0.000175816 2
1388568777.114744846 8.03444 -3.48821 0 69.875 0 0  0 0.000348777 2
1388568777.214682395 8.03444 -3.48821 0 69.876 0 0  0 0.000174546 2
1388568777.314746495 8.03444 -3.48821 0 69.878 0 0  0 0.000348651 2
1388568777.414686698 8.03444 -3.48821 0 69.878 0 0  0 0 2
1388568777.514799148 8.03444 -3.48821 0 69.88 0 0  0 0.000348482 2
1388568777.614694388 8.03444 -3.48821 0 69.88 0 0  0 0 2
1388568777.714705140 8.03444 -3.48821 0 69.881 0 0  0 0.000174418 2
1388568777.814766613 8.03444 -3.48821 0 69.882 0 0  0 0.00017433 2
1388568777.914759557 8.03444 -3.48821 0 69.886 0 0  0 0.000697797 2
1388568778.014713728 8.03444 -3.48821 0 69.887 0 0  0 0.000175849 2
1388568778.114756128 8.03444 -3.48821 0 69.889 0 0  0 0.000348726 2
1388568778.214742596 8.03444 -3.48821 0 69.892 0 0  0 0.000523382 2
1388568778.314691117 8.03444 -3.48821 0 69.889 0 0  0 -0.000523581 2
1388568778.414752426 8.03444 -3.48821 0 69.892 0 0  0 0.000522991 2
1388568778.514747943 8.03444 -3.48821 0 69.894 0 0  0 0.00034889 2
1388568778.614743702 8.03444 -3.48821 0 69.892 0 0  0 -0.000348889 2
1388568778.714744211 8.03444 -3.48821 0 69.894 0 0  0 0.000348872 2
1388568778.814742144 8.03444 -3.48821 0 69.894 0 0  0 0 2
1388568778.914752924 8.03444 -3.48821 0 69.895 0 0  0 0.000174418 2
1388568779.014747831 8.03444 -3.48821 0 69.897 0 0  0 0.000348892 2
1388568779.114747149 8.03444 -3.48821 0 69.897 0 0  0 0 2
1388568779.214750274 8.03444 -3.48821 0 69.896 0 0  0 -0.000174432 2
1388568779.314742275 8.03444 -3.48821 0 69.898 0 0  0 0.000348902 2
1388568779.414695006 8.03444 -3.48821 0 69.898 0 0  0 0 2
1388568779.514749024 8.03444 -3.48821 0 69.901 0 0  0 0.000524359 2
1388568779.614740559 8.03444 -3.48821 0 69.902 0 0  0 0.000174452 2
1388568779.714683945 8.03444 -3.48821 0 69.901 0 0  0 -0.000174536 2
1388568779.814757759 8.03444 -3.48821 0 69.903 0 0  0 0.000348617 2
1388568779.914748073 8.03444 -3.48821 0 69.906 0 0  0 0.000523362 2
1388568780.014689216 8.03444 -3.48821 0 69.908 0 0  0 0.00034908 2
1388568780.114749188 8.03444 -3.48821 0 69.91 0 0  0 0.000348665 2
1388568780.214758855 8.03444 -3.48821 0 69.912 0 0  0 0.00034884 2
1388568780.314740565 8.03444 -3.48821 0 69.912 0 0  0 0 2
1388568780.414746525 8.03444 -3.48821 0 69.913 0 0  0 0.000174427 2
1388568780.514687933 8.03444 -3.48821 0 69.912 0 0  0 -0.000174539 2
1388568780.614747931 8.03444 -3.48821 0 69.913 0 0  0 0.000174332 2
1388568780.714697307 8.03444 -3.48821 0 69.914 0 0  0 0.000174525 2
1388568780.814750334 8.03444 -3.48821 0 69.915 0 0  0 0.000175675 2
1388568780.914743240 8.03444 -3.48821 0 69.918 0 0  0 0.000523348 2
1388568781.014729149 8.03444 -3.48821 0 69.917 0 0  0 -0.000174462 2
1388568781.114690294 8.03444 -3.48821 0 69.917 0 0  0 0 2
1388568781.214747945 8.03444 -3.48821 0 69.916 0 0  0 -0.000174337 2
1388568781.314700446 8.03444 -3.48821 0 69.917 0 0  0 0.00017452 2
1388568781.414745834 8.03444 -3.48821 0 69.918 0 0  0 0.000174358 2
1388568781.514690927 8.03444 -3.48821 0 69.922 0 0  0 0.000698132 2
1388568781.614747260 8.03444 -3.48821 0 69.921 0 0  0 -0.000174339 2
1388568781.714691238 8.03444 -3.48821 0 69.919 0 0  0 -0.00034907 2
1388568781.814751461 8.03444 -3.48821 0 69.919 0 0  0 0 2
1388568781.914741230 8.03444 -3.48821 0 69.919 0 0  0 0 2
1388568782.014742163 8.03444 -3.48821 0 69.923 0 0  0 0.000697742 2
1388568782.114695845 8.03444 -3.48821 0 69.926 0 0  0 0.000523554 2
1388568782.214699917 8.03444 -3.48821 0 69.927 0 0  0 0.00017443 2
1388568782.314708027 8.03444 -3.48821 0 69.927 0 0  0 0 2
1388568782.414706524 8.03444 -3.48821 0 69.931 0 0  0 0.00069909 2
1388568782.514756617 8.03444 -3.48821 0 69.932 0 0  0 0.00017435 2
1388568782.614702054 8.03444 -3.48821 0 69.934 0 0  0 0.000349065 2
1388568782.714755122 8.03444 -3.48821 0 69.936 0 0  0 0.000348689 2
1388568782.814700960 8.03444 -3.48821 0 69.94 0 0  0 0.000698126 2
1388568782.914794918 8.03444 -3.48821 0 69.941 0 0  0 0.000174273 2
1388568783.014742381 8.03444 -3.48821 0 69.944 0 0  0 0.000524919 2
1388568783.114749554 8.03444 -3.48821 0 69.947 0 0  0 0.000523274 2
1388568783.214740994 8.03444 -3.48821 0 69.951 0 0  0 0.000697808 2
1388568783.314757182 8.03444 -3.48821 0 69.952 0 0  0 0.000174409 2
1388568783.514708981 8.03444 -3.48821 0 69.952 0 0  0 0 2
1388568783.614693223 8.03444 -3.48821 0 69.952 0 0  0 0 2
1388568783.714694589 8.03444 -3.48821 0 69.952 0 0  0 0 2
1388568783.914711597 8.03444 -3.48821 0 69.951 0 0  0 -8.72111e-05 2
1388568784.014708609 8.03444 -3.48821 0 69.956 0 0  0 0.000873543 2
1388568784.114710120 8.03444 -3.48821 0 69.954 0 0  0 -0.0003502 2
1388568784.214695850 8.03444 -3.48821 0 69.952 0 0  0 -0.000348924 2
1388568784.314694903 8.03444 -3.48821 0 69.954 0 0  0 0.000348877 2
1388568784.414693953 8.03444 -3.48821 0 69.955 0 0  0 0.000174439 2
1388568784.514708445 8.03444 -3.48821 0 69.959 0 0  0 0.000698978 2
1388568784.614694097 8.03444 -3.48821 0 69.961 0 0  0 0.000348924 2
1388568784.714744810 8.03444 -3.48821 0 69.961 0 0  0 0 2
1388568784.814694282 8.03444 -3.48821 0 69.962 0 0  0 0.000174525 2
1388568784.914690114 8.03444 -3.48821 0 69.967 0 0  0 0.000872222 2
1388568785.014694524 8.03444 -3.48821 0 69.967 0 0  0 0 2
1388568785.114697568 8.03444 -3.48821 0 69.966 0 0  0 -0.000174432 2
1388568785.514696851 8.03444 -3.48821 0 69.966 0 0  0 0 2
1388568785.614695723 8.03444 -3.48821 0 69.97 0 0  0 0.000699088 2
1388568785.714693946 8.03444 -3.48821 0 69.968 0 0  0 -0.000350212 2
1388568785.814694270 8.03444 -3.48821 0 69.974 0 0  0 0.00104795 2
1388568785.914709048 8.03444 -3.48821 0 69.973 0 0  0 -0.000174411 2
1388568786.014696633 8.03444 -3.48821 0 69.977 0 0  0 0.000697835 2
1388568786.114708901 8.03444 -3.48821 0 69.98 0 0  0 0.000523247 2
1388568786.314685257 8.03444 -3.48821 0 69.98 0 0  0 0 2
1388568786.414685008 8.03444 -3.48821 0 69.98 0 0  0 0 2
1388568786.614694211 8.03444 -3.48821 0 69.986 0 0  0 0.000523953 2
1388568786.814699683 8.03444 -3.48821 0 69.988 0 0  0 0.000174432 2
1388568787.014692726 8.03444 -3.48821 0 69.99 0 0  0 0.000174443 2
1388568787.114694389 8.03444 -3.48821 0 69.993 0 0  0 0.000523302 2
1388568787.214707077 8.03444 -3.48821 0 69.994 0 0  0 0.000174415 2
1388568787.314704182 8.03444 -3.48821 0 69.995 0 0  0 0.000174442 2
1388568787.414752729 8.03444 -3.48821 0 69.995 0 0  0 0 2
1388568787.514685902 8.03444 -3.48821 0 69.994 0 0  0 -0.000174554 2
1388568787.614700730 8.03444 -3.48821 0 69.994 0 0  0 0 2
1388568787.714692747 8.03444 -3.48821 0 69.994 0 0  0 0 2
1388568787.814692359 8.03444 -3.48821 0 69.994 0 0  0 0 2
1388568787.914692016 8.03444 -3.48821 0 69.999 0 0  0 0.00087352 2
1388568788.014694269 8.03444 -3.48821 0 70 0 0  0 0.000174433 2
1388568788.114692580 8.03444 -3.48821 0 70.002 0 0  0 0.00034888 2
1388568788.214692317 8.03444 -3.48821 0 70.004 0 0  0 0.000348875 2
1388568788.314690781 8.03444 -3.48821 0 70.007 0 0  0 0.000523319 2
1388568788.414703857 8.03444 -3.48821 0 70.007 0 0  0 0 2
1388568788.514691460 8.03444 -3.48821 0 70.006 0 0  0 -0.000174459 2
1388568788.614718449 8.03444 -3.48821 0 70.005 0 0  0 -0.00017439 2
1388568788.714689440 8.03444 -3.48821 0 70.01 0 0  0 0.000872438 2
1388568788.814687755 8.03444 -3.48821 0 70.011 0 0  0 0.00017444 2
1388568788.914703762 8.03444 -3.48821 0 70.011 0 0  0 0 2
1388568789.014706763 8.03444 -3.48821 0 70.009 0 0  0 -0.000348864 2
1388568789.114698180 8.03444 -3.48821 0 70.012 0 0  0 0.000524688 2
1388568789.214755618 8.03444 -3.48821 0 70.012 0 0  0 0 2
1388568789.314713260 8.03444 -3.48821 0 70.014 0 0  0 0.000349022 2
1388568789.414759532 8.03444 -3.48821 0 70.017 0 0  0 0.000523069 2
1388568789.514750968 8.03444 -3.48821 0 70.018 0 0  0 0.000174452 2
1388568789.614749642 8.03444 -3.48821 0 70.019 0 0  0 0.000174439 2
1388568789.714750599 8.03444 -3.48821 0 70.018 0 0  0 -0.000174435 2
1388568789.814692265 8.03444 -3.48821 0 70.018 0 0  0 0 2
1388568789.914755209 8.03444 -3.48821 0 70.02 0 0  0 0.000348655 2
1388568790.014743762 8.03444 -3.48821 0 70.02 0 0  0 0 2
1388568790.114688818 8.03444 -3.48821 0 70.025 0 0  0 0.000872665 2
1388568790.214720094 8.03444 -3.48821 0 70.025 0 0  0 0 2
1388568790.314696251 8.03444 -3.48821 0 70.027 0 0  0 0.000350289 2
1388568790.414769283 8.03444 -3.48821 0 70.029 0 0  0 0.000348619 2
1388568790.514722025 8.03444 -3.48821 0 70.031 0 0  0 0.000349039 2
1388568790.614689554 8.03444 -3.48821 0 70.031 0 0  0 0 2
1388568790.714697269 8.03444 -3.48821 0 70.03 0 0  0 -0.000174424 2
1388568790.814701982 8.03444 -3.48821 0 70.034 0 0  0 0.000697715 2
1388568790.914697389 8.03444 -3.48821 0 70.031 0 0  0 -0.000523335 2
1388568791.014728856 8.03444 -3.48821 0 70.031 0 0  0 0 2
1388568791.114685647 8.03444 -3.48821 0 70.03 0 0  0 -0.000174512 2
1388568791.214697310 8.03444 -3.48821 0 70.031 0 0  0 0.000174417 2
1388568791.314743304 8.03444 -3.48821 0 70.031 0 0  0 0 2
1388568791.414755714 8.03444 -3.48821 0 70.032 0 0  0 0.000174415 2
1388568791.514685631 8.03444 -3.48821 0 70.031 0 0  0 -0.000174559 2
1388568791.614738851 8.03444 -3.48821 0 70.032 0 0  0 0.000174344 2
1388568791.714724481 8.03444 -3.48821 0 70.033 0 0  0 0.000174462 2
1388568791.814693648 8.03444 -3.48821 0 70.035 0 0  0 0.000348982 2
1388568791.914738098 8.03444 -3.48821 0 70.034 0 0  0 -0.00017436 2
1388568792.014684160 8.03444 -3.48821 0 70.036 0 0  0 0.000349062 2
1388568792.114733375 8.03444 -3.48821 0 70.038 0 0  0 0.000348702 2
1388568792.214724757 8.03444 -3.48821 0 70.04 0 0  0 0.000350236 2
1388568792.314699134 8.03444 -3.48821 0 70.042 0 0  0 0.000348964 2
1388568792.414704626 8.03444 -3.48821 0 70.044 0 0  0 0.000348855 2
1388568792.514719245 8.03444 -3.48821 0 70.045 0 0  0 0.000174412 2
1388568792.614725715 8.03444 -3.48821 0 70.046 0 0  0 0.000174426 2
1388568792.714723997 8.03444 -3.48821 0 70.048 0 0  0 0.00034888 2
1388568792.814718354 8.03444 -3.48821 0 70.047 0 0  0 -0.000174447 2
1388568792.914701699 8.03444 -3.48821 0 70.047 0 0  0 0 2
1388568793.014689082 8.03444 -3.48821 0 70.046 0 0  0 -0.000174459 2
1388568793.114696909 8.03444 -3.48821 0 70.045 0 0  0 -0.000174423 2
1388568793.214711138 8.03444 -3.48821 0 70.046 0 0  0 0.000174412 2
1388568793.314716219 8.03444 -3.48821 0 70.051 0 0  0 0.000872141 2
1388568793.414699763 8.03444 -3.48821 0 70.053 0 0  0 0.000350263 2
1388568793.514701667 8.03444 -3.48821 0 70.054 0 0  0 0.000174434 2
1388568793.614694298 8.03444 -3.48821 0 70.059 0 0  0 0.00087225 2
1388568793.714761078 8.03444 -3.48821 0 70.061 0 0  0 0.000348641 2
1388568793.814741282 8.03444 -3.48821 0 70.063 0 0  0 0.000348943 2
1388568793.914719839 8.03444 -3.48821 0 70.062 0 0  0 -0.000174474 2
1388568794.014744941 8.03444 -3.48821 0 70.065 0 0  0 0.00052318 2
1388568794.114751357 8.03444 -3.48821 0 70.062 0 0  0 -0.000523278 2
1388568794.214762750 8.03444 -3.48821 0 70.064 0 0  0 0.000348834 2
1388568794.314724081 8.03444 -3.48821 0 70.066 0 0  0 0.000349009 2
1388568794.414753554 8.03444 -3.48821 0 70.07 0 0  0 0.000698874 2
1388568794.514777829 8.03444 -3.48821 0 70.072 0 0  0 0.000348789 2
1388568794.614705633 8.03444 -3.48821 0 70.076 0 0  0 0.000698252 2
1388568794.714705898 8.03444 -3.48821 0 70.075 0 0  0 -0.000174437 2
1388568794.814697627 8.03444 -3.48821 0 70.074 0 0  0 -0.000174451 2
1388568794.914703413 8.03444 -3.48821 0 70.074 0 0  0 0 2
1388568795.014686988 8.03444 -3.48821 0 70.074 0 0  0 0 2
1388568795.114748975 8.03444 -3.48821 0 70.073 0 0  0 -0.000174329 2
1388568795.214804107 8.03444 -3.48821 0 70.076 0 0  0 0.000523023 2
1388568795.314737522 8.03444 -3.48821 0 70.076 0 0  0 0 2
1388568795.414743795 8.03444 -3.48821 0 70.077 0 0  0 0.000174426 2
1388568795.514706080 8.03444 -3.48821 0 70.078 0 0  0 0.000174503 2
1388568795.614728317 8.03444 -3.48821 0 70.077 0 0  0 -0.000174398 2
1388568795.714724071 8.03444 -3.48821 0 70.078 0 0  0 0.000174444 2
1388568795.814763220 8.03444 -3.48821 0 70.079 0 0  0 0.000174369 2
