1.38871e+09 0.234368 -0.980102 1.323 14.275 0.0411044 -0.171894  0.232033 0.0436961 7
1.38871e+09 0.246189 -0.994109 1.323 14.346 0.118328 -0.14022  0 0.0124052 7
1.38871e+09 0.257918 -1.00389 1.306 14.45 0.117282 -0.0978203  -0.169984 0.0181498 7
1.38871e+09 0.269262 -1.00683 1.281 14.503 0.113449 -0.0293519  -0.250011 0.00925072 7
1.38871e+09 0.280056 -1.00704 1.252 14.548 0.108006 0  -0.290189 0.00785912 7
1.38871e+09 0.285757 -1.00533 1.224 14.567 0.0569851 0.0171549  -0.279886 0.00331479 7
1.38871e+09 0.286667 -0.994929 1.183 14.568 0 0.104001  -0.410074 0.000174469 7
1.38871e+09 0.285124 -0.978582 1.172 14.587 -0.0154297 0.163433  -0.109975 0.00331538 7
1.38871e+09 0.281921 -0.963128 1.164 14.602 -0.032014 0.154496  -0.0799783 0.00261734 7
1.38871e+09 0.277845 -0.94299 1.165 14.672 -0.0408235 0.201674  0.0100144 0.0122348 7
1.38871e+09 0.275155 -0.925705 1.168 14.587 -0.0268594 0.172609  0.0299592 -0.0148151 7
1.38871e+09 0.273968 -0.913687 1.177 14.518 -0.0118757 0.120266  0.0900583 -0.0120506 7
1.38871e+09 0.276792 -0.903012 1.189 14.434 0.0282357 0.106742  0.119994 -0.0146599 7
1.38871e+09 0.280323 -0.891848 1.198 14.271 0.0352953 0.111605  0.0899739 -0.0284406 7
1.38871e+09 0.283291 -0.881473 1.201 14.139 0.0296698 0.103718  0.0299903 -0.0230309 7
1.38871e+09 0.287141 -0.869116 1.2 14.054 0.0385285 0.123638  -0.010006 -0.0148442 7
1.38871e+09 0.292989 -0.862381 1.201 13.9 0.0584745 0.0673445  0 -0.026876 7
1.38871e+09 0.297427 -0.858649 1.197 13.801 0.0443777 0.0373269  -0.0400023 -0.0172797 4
8.51154e-05 0.498331 -0.761109 1.193 -0.106999 0.0464777 0.0179495  -0.0398957 -2.42107 4
0.0999665 0.500244 -0.758635 1.193 -0.188999 0.0191517 0.024772  0 -0.0143287 4
0.200071 0.503222 -0.758877 1.195 -0.219 0.0297525 0  0.0199791 -0.00523064 4
0.300017 0.504917 -0.758837 1.197 -0.299999 0.0169598 0  0.0200109 -0.0141448 4
0.399785 0.505289 -0.760975 1.202 -0.292999 0 -0.0214285  0.050116 0.00122456 4
0.499736 0.505569 -0.760437 1.205 -0.250999 0 0  0.0300147 0.00733393 4
0.599741 0.507484 -0.761622 1.214 -0.183 0.019142 -0.0118474  0.0899958 0.0118677 4
0.699788 0.507859 -0.76126 1.217 -0.112 0 0  0.0299859 0.012386 4
0.79978 0.509853 -0.760332 1.22 0.0130005 0.0199339 0  0.0300025 0.0218185 4
0.899747 0.511108 -0.756246 1.224 0.171 0.0125561 0.0408736  0.040013 0.0275852 4
0.99974 0.510682 -0.751834 1.222 0.396 0 0.0441218  -0.0200015 0.0392727 4
1.09974 0.510537 -0.745999 1.221 0.664001 0 0.0583507  -0.0100001 0.0467753 4
1.19974 0.510372 -0.734919 1.218 0.772 0 0.110794  -0.0299998 0.0188494 4
1.29979 0.510346 -0.723156 1.216 0.878 0 0.117579  -0.0199906 0.0184917 4
1.40013 0.511194 -0.712748 1.219 1.011 0 0.103725  0.029897 0.0231332 4
1.49999 0.511649 -0.70254 1.209 1.162 0 0.102217  -0.100141 0.0263917 4
1.70132 0.515938 -0.68919 1.185 1.202 0.0213067 0.0663105  -0.11921 0.00346768 3
1.80194 0.517866 -0.684983 1.173 1.191 0.0191528 0.0418104  -0.119251 -0.00190798 3
1.90323 0.52032 -0.680712 1.171 1.119 0.0242314 0.0421712  -0.0197461 -0.0124067 3
2.00393 0.52279 -0.668347 1.167 0.735001 0.0245267 0.122786  -0.0397204 -0.0665522 3
2.10466 0.522363 -0.657273 1.163 -0.033 0 0.109945  -0.0397135 -0.133081 3
2.20542 0.531418 -0.652455 1.159 -0.764999 0.0898608 0.0478108  -0.039695 -0.126784 3
2.30614 0.55133 -0.654518 1.153 -1.5 0.197711 -0.0204828  -0.0595738 -0.127371 3
2.40684 0.589426 -0.659265 1.15 -2.316 0.378306 -0.0471429  -0.0297911 -0.141427 3
2.50753 0.642675 -0.669139 1.143 -3.149 0.528823 -0.0980616  -0.0695179 -0.144385 3
2.60833 0.714083 -0.682633 1.138 -3.641 0.708428 -0.13387  -0.0496046 -0.0851912 3
2.70861 0.796531 -0.701855 1.132 -3.963 0.822215 -0.191693  -0.0598347 -0.0560447 3
2.80908 0.887013 -0.72341 1.131 -3.98 0.900558 -0.214527  0 -0.00295312 3
2.80931 0.887224 -0.723459 1.131 -3.974 0.904524 -0.212338  0 0.450895 3
2.9 0.9749 -0.740945 1.135 -4.068 0.966848 -0.192823  0.0441099 -0.0180917 3
2.99979 1.08352 -0.759864 1.142 -4.071 1.08844 -0.189586  0.0701447 -0.000524727 3
3.09975 1.19525 -0.777141 1.145 -3.991 1.11781 -0.172839  0.030013 0.0139688 3
3.19977 1.31191 -0.792269 1.146 -3.851 1.16633 -0.151252  0 0.0244288 3
3.29977 1.43382 -0.793289 1.146 -3.786 1.21914 -0.0101944  0 0.0113452 3
3.39979 1.5561 -0.800318 1.141 -3.569 1.22246 -0.0702771  -0.0499875 0.0378642 3
3.49974 1.67395 -0.803657 1.139 -3.462 1.17907 -0.0334018  -0.0200102 0.0186844 3
3.59978 1.80125 -0.805625 1.131 -3.351 1.27263 -0.0196779  -0.0799708 0.0193661 3
3.69974 1.93984 -0.804966 1.125 -3.239 1.38636 0  -0.0600223 0.019555 3
3.79979 2.09008 -0.806059 1.119 -3.166 1.50167 -0.0109332  -0.0599723 0.012735 3
3.89978 2.24011 -0.799827 1.114 -3.055 1.50035 0.0623233  -0.0500015 0.0193737 3
3.99998 2.39381 -0.797607 1.112 -2.93 1.53402 0.0221558  -0.0199607 0.0217737 3
4.09986 2.53756 -0.794463 1.112 -2.74 1.4392 0.0314855  0 0.0332013 3
4.20008 2.68178 -0.790176 1.114 -2.543 1.43909 0.0427663  0.019956 0.0343074 3
4.30015 2.83517 -0.779174 1.118 -2.364 1.53286 0.109953  0.0399727 0.0312201 3
4.40013 2.98905 -0.764826 1.121 -2.153 1.53903 0.143506  0.0300052 0.0368327 3
4.50021 3.13949 -0.752937 1.125 -1.848 1.50315 0.118785  0.0399676 0.0531894 3
4.59991 3.28937 -0.751928 1.13 -1.572 1.50334 0.0101268  0.0501501 0.0483157 3
4.70002 3.44259 -0.753215 1.136 -1.337 1.53058 -0.0128543  0.0599352 0.0409709 3
4.80011 3.59721 -0.751396 1.139 -1.068 1.54468 0.0181671  0.0299719 0.0469053 3
4.90003 3.7501 -0.740734 1.145 -0.783999 1.53028 0.106713  0.0600512 0.0496098 3
4.99999 3.90368 -0.716268 1.151 -0.575999 1.53641 0.244766  0.0600249 0.0363179 3
5.09976 4.05792 -0.686557 1.158 -0.334 1.54596 0.297785  0.0701607 0.0423339 3
5.19999 4.20745 -0.654446 1.169 -0.108999 1.49181 0.320371  0.109747 0.0391796 3
5.4008 4.4826 -0.592372 1.178 1.668 1.37016 0.309111  0.0448176 0.154444 3
5.50001 4.6205 -0.564209 1.182 4.858 1.39 0.283884  0.0403189 0.561199 3
5.60005 4.76441 -0.539301 1.193 9.273 1.43861 0.248986  0.109961 0.77029 3
5.6999 4.88675 -0.510581 1.198 13.616 1.22523 0.287639  0.0500756 0.759143 3
5.79991 4.97703 -0.477457 1.203 18.024 0.902627 0.331177  0.0499911 0.769205 3
5.90001 5.0388 -0.437113 1.201 22.486 0.617216 0.40307  -0.0199815 0.778045 3
5.99991 5.08605 -0.396948 1.195 26.414 0.472914 0.402033  -0.0600572 0.686219 3
6.09992 5.09751 -0.361611 1.172 30.794 0.114634 0.353343  -0.229985 0.764404 3
6.19997 5.08396 -0.329524 1.153 34.639 -0.135467 0.32069  -0.189892 0.670697 3
6.29998 5.05078 -0.299901 1.131 38.72 -0.331821 0.296218  -0.219989 0.712235 3
6.40004 4.99229 -0.273942 1.107 42.718 -0.584511 0.25944  -0.239865 0.697391 3
6.49997 4.91308 -0.25366 1.086 46.568 -0.792642 0.202961  -0.210142 0.672406 3
6.59994 4.81835 -0.235364 1.075 50.345 -0.947597 0.18301  -0.110035 0.659419 3
6.70003 4.712 -0.238674 1.052 54.078 -1.06244 -0.0330646  -0.229776 0.650896 3
6.79989 4.59989 -0.247605 1.032 57.937 -1.12275 -0.0894341  -0.200281 0.674468 3
6.90005 4.47813 -0.264332 1.018 61.891 -1.21561 -0.167011  -0.139781 0.689022 3
7.00004 4.34679 -0.288006 1.01 65.826 -1.31367 -0.236776  -0.0800116 0.686886 3
7.09995 4.20222 -0.318854 1.002 69.863 -1.447 -0.308754  -0.0800713 0.705218 3
7.19992 4.04637 -0.358123 0.996 73.78 -1.55892 -0.392791  -0.0600161 0.683829 3
7.3001 3.88306 -0.411971 0.987 77.806 -1.63016 -0.537526  -0.08984 0.70142 3
7.40001 3.71834 -0.467936 0.977 81.973 -1.64873 -0.560161  -0.100092 0.727946 3
7.49998 3.55073 -0.535734 0.976 86.298 -1.67657 -0.678162  -0.0100027 0.755062 3
7.59997 3.37491 -0.613583 0.973 90.679 -1.75822 -0.778539  -0.0300016 0.764669 3
7.69997 3.19518 -0.703157 0.961 94.937 -1.79744 -0.895781  -0.120007 0.743202 3
7.79995 3.02801 -0.802411 0.953 99.138 -1.67206 -0.992762  -0.0800178 0.733377 3
7.90003 2.8609 -0.912604 0.914 103.235 -1.66973 -1.10103  -0.389681 0.714476 3
8.00012 2.69436 -1.03189 0.91 107.265 -1.6639 -1.19178  -0.0399632 0.70272 3
8.09981 2.53778 -1.16264 0.915 111.719 -1.57069 -1.3116  0.0501576 0.779819 3
8.20003 2.38173 -1.31103 0.912 117.237 -1.55708 -1.48058  -0.0299337 0.960943 3
8.30007 2.22807 -1.4644 0.895 123.462 -1.53583 -1.53302  -0.169921 1.08596 9
8.39981 2.12445 -1.55355 0.853 128.303 -1.03896 -0.893825  -0.421106 0.847139 9
8.49988 1.97331 -1.66091 0.8 129.953 -1.51033 -1.07289  -0.529623 0.287773 9
8.60007 1.86141 -1.75043 0.745 128.344 -1.11692 -0.893516  -0.548955 -0.280289 9
8.7 1.81253 -1.7947 0.693 128.597 -0.489151 -0.442998  -0.520364 0.0441861 9
8.79995 1.78333 -1.82079 0.616 129.074 -0.292091 -0.26102  -0.770406 0.083297 9
8.89996 1.76665 -1.83814 0.51 130.254 -0.166819 -0.173449  -1.05989 0.205927 9
8.99997 1.76394 -1.85085 0.429 131.41 -0.0271253 -0.127082  -0.809967 0.201753 9
9.09988 1.77629 -1.84646 0.343 132.558 0.123675 0.0439066  -0.860746 0.200537 9
9.20014 1.8004 -1.82646 0.25 133.505 0.24044 0.199454  -0.927543 0.164847 9
9.29984 1.81544 -1.84336 0.176 134.104 0.150889 -0.169526  -0.742275 0.104866 9
9.39999 1.81544 -1.84336 0 134.477 0 0  -1.75725 0.0649991 2
9.49987 1.8479 -1.83234 0.009 133.533 0.324975 0.110329  0.0901094 -0.164959 7
9.59996 1.85371 -1.832 0.064 133.561 0.0580604 0  0.549528 0.00488271 7
9.69997 1.85226 -1.83504 0.163 133.567 -0.0145532 -0.0303794  0.989879 0.00104649 7
9.79979 1.84829 -1.83947 0.299 133.574 -0.0397421 -0.0444128  1.36241 0.00122455 7
9.89997 1.84317 -1.84443 0.433 133.572 -0.0510639 -0.0495003  1.33771 -0.000348277 7
9.99997 1.83681 -1.85011 0.486 133.652 -0.0635988 -0.0567956  0.529967 0.0139621 7
10.1001 1.83151 -1.85364 0.541 133.609 -0.0530075 -0.035277  0.549253 -0.00749459 7
10.2001 1.8309 -1.8541 0.258 133.597 0 0  -2.82971 -0.00209569 7
10.3 1.83091 -1.85415 0.22 133.628 0 0  -0.380484 0.00541844 7
10.4 1.83121 -1.8541 0.206 133.633 0 0  -0.139993 0.000873474 7
10.5001 1.83241 -1.85329 0.148 133.623 0.0119578 0  -0.579584 -0.00174578 7
10.6002 1.83338 -1.85314 0.165 133.639 0 0  0.169845 0.00279112 7
10.7001 1.83351 -1.85308 0.2 133.669 0 0  0.350058 0.00523664 7
10.8001 1.83351 -1.85308 0 133.643 0 0  -2.00159 -0.00454163 2
10.9002 1.83351 -1.85308 0 133.654 0 0  0 0.00191818 2
11 1.83351 -1.85308 0 133.667 0 0  0 0.00227339 2
11.1 1.83351 -1.85308 0 133.672 0 0  0 0.00087345 2
11.2 1.83351 -1.85308 0 133.673 0 0  0 0.000173154 2
11.2998 1.83351 -1.85308 0 133.68 0 0  0 0.00122366 2
11.4 1.83351 -1.85308 0 133.683 0 0  0 0.000521341 2
11.5 1.83351 -1.85308 0 133.69 0 0  0 0.00122231 2
11.6 1.83351 -1.85308 0 133.696 0 0  0 0.00104657 2
11.7 1.83351 -1.85308 0 133.701 0 0  0 0.000873507 2
11.8 1.83351 -1.85308 0 133.704 0 0  0 0.000524787 2
11.9 1.83351 -1.85308 0 133.71 0 0  0 0.00104644 2
11.9999 1.83351 -1.85308 0 133.715 0 0  0 0.00087375 2
12.1 1.83351 -1.85308 0 133.721 0 0  0 0.00104605 2
12.2 1.83351 -1.85308 0 133.725 0 0  0 0.000697882 2
12.3 1.83351 -1.85308 0 133.729 0 0  0 0.000697669 2
12.4 1.83351 -1.85308 0 133.734 0 0  0 0.000873678 2
12.5001 1.83351 -1.85308 0 133.74 0 0  0 0.00104542 2
12.6 1.83351 -1.85308 0 133.744 0 0  0 0.000698389 2
12.7001 1.83351 -1.85308 0 133.749 0 0  0 0.000872266 2
12.8001 1.83351 -1.85308 0 133.756 0 0  0 0.00122319 2
12.9 1.83351 -1.85308 0 133.762 0 0  0 0.00104774 2
13.0001 1.83351 -1.85308 0 133.767 0 0  0 0.000869948 2
13.1001 1.83351 -1.85308 0 133.77 0 0  0 0.000524662 2
13.2001 1.83351 -1.85308 0 133.773 0 0  0 0.000524746 2
13.3002 1.83351 -1.85308 0 133.774 0 0  0 0.000172921 2
13.4 1.83351 -1.85308 0 133.779 0 0  0 0.000875019 2
13.4999 1.83351 -1.85308 0 133.785 0 0  0 0.00104746 2
13.6 1.83351 -1.85308 0 133.789 0 0  0 0.000697094 2
13.6999 1.83351 -1.85308 0 133.794 0 0  0 0.000874507 2
13.7999 1.83351 -1.85308 0 133.802 0 0  0 0.00139502 2
13.9 1.83351 -1.85308 0 133.806 0 0  0 0.000697021 2
14 1.83351 -1.85308 0 133.81 0 0  0 0.00069811 2
14.0999 1.83351 -1.85308 0 133.816 0 0  0 0.00104954 2
14.1998 1.83351 -1.85308 0 133.822 0 0  0 0.00104787 2
14.2999 1.83351 -1.85308 0 133.828 0 0  0 0.00104625 2
14.3999 1.83351 -1.85308 0 133.838 0 0  0 0.00174632 2
14.5 1.83351 -1.85308 0 133.844 0 0  0 0.00104601 2
14.6 1.83351 -1.85308 0 133.852 0 0  0 0.0013957 2
14.7 1.83351 -1.85308 0 133.858 0 0  0 0.00104637 2
14.8 1.83351 -1.85308 0 133.861 0 0  0 0.000524314 2
14.9001 1.83351 -1.85308 0 133.865 0 0  0 0.00069714 2
14.9998 1.83351 -1.85308 0 133.871 0 0  0 0.0010495 2
