1388571025.833707472 0.172646 -0.268903 1.029 17.102 0.0292479 -0.0455547  0.174322 0.0505664 7
1388571025.933673148 0.178223 -0.274456 1.035 17.156 0.0557929 -0.05555  0.0600206 0.00942816 7
1388571026.033687426 0.185043 -0.280887 1.048 17.162 0.068187 -0.0642981  0.129981 0.00104714 7
1388571026.133665121 0.192662 -0.28775 1.075 17.209 0.0762121 -0.0686465  0.27006 0.0082047 7
1388571026.233678985 0.200404 -0.291779 1.099 17.286 0.0774025 -0.0402866  0.239967 0.0134371 7
1388571026.333664869 0.205923 -0.294388 1.118 17.349 0.0551949 -0.0260979  0.190027 0.0109974 7
1388571026.433659891 0.211288 -0.295343 1.134 17.396 0.0536587 0  0.160008 0.00820328 7
1388571026.533664877 0.216452 -0.293796 1.147 17.472 0.0516335 0.0154717  0.129994 0.0132639 7
1388571026.633673503 0.219883 -0.292198 1.153 17.429 0.0343053 0.015982  0.0599948 -0.00750414 7
1388571026.733664786 0.223064 -0.289737 1.154 17.475 0.0318173 0.0246133  0.0100009 0.00802913 7
1388571026.833656980 0.226097 -0.287987 1.154 17.475 0.0303345 0.017502  0 0 7
1388571026.933659865 0.229373 -0.285934 1.154 17.455 0.0327601 0.0205247  0 -0.00349064 7
1388571027.033653777 0.230432 -0.284106 1.159 17.4 0.0105853 0.0182854  0.050003 -0.00959995 7
1388571027.133655038 0.229818 -0.283699 1.159 17.337 0 0  0 -0.0109954 7
1388571027.233668806 0.230907 -0.283223 1.163 17.32 0.0108951 0  0.0399945 -0.00296669 4
1388571027.333700775 0.232679 -0.282176 1.164 17.278 0.0177094 0.0104694  0 -0.00732801 4
1388571027.433652774 0.232634 -0.281921 1.163 17.237 0 0  -0.0100048 -0.00715935 4
1388571027.533665760 0.233563 -0.282254 1.163 17.318 0 0  0 0.0141356 4
1388571027.633665335 0.235365 -0.281699 1.168 17.336 0.0180179 0  0.0500002 0.00314154 4
1388571027.733664152 0.236482 -0.280731 1.169 17.347 0.0111735 0  0.0100001 0.00191983 4
1388571027.833664698 0.238343 -0.279924 1.168 17.346 0.0186025 0  0 -0.000174436 4
1388571027.933655238 0.241907 -0.277774 1.169 17.331 0.0356501 0.0214963  0.0100009 -0.00261847 4
1388571028.033665453 0.244593 -0.275989 1.175 17.399 0.0268517 0.0178526  0.0599939 0.0118672 4
1388571028.133658058 0.248433 -0.273945 1.175 17.465 0.0384053 0.0204451  0 0.01152 4
1388571028.233667389 0.252156 -0.271895 1.172 17.526 0.0372216 0.0204904  -0.0299972 0.0106453 4
1388571028.333664823 0.25573 -0.2694 1.171 17.555 0.0357411 0.0249547  -0.0100003 0.0050618 4
1388571028.433671510 0.258929 -0.267287 1.171 17.603 0.031995 0.0211318  0 0.00837708 4
1388571028.533657837 0.262595 -0.265504 1.168 17.664 0.0366596 0.0178301  -0.0300041 0.0106478 4
1388571028.633665503 0.266528 -0.26316 1.167 17.705 0.0393321 0.0234334  0 0.00715537 4
1388571028.733661344 0.271139 -0.261366 1.166 17.754 0.0461085 0.0179442  -0.0100004 0.00855243 4
1388571028.833666163 0.277009 -0.259197 1.161 17.853 0.0586967 0.0216901  -0.0499976 0.0172781 4
1388571028.933659375 0.282101 -0.258239 1.157 17.928 0.0509266 0  -0.0400027 0.0130907 4
1388571029.033662069 0.287191 -0.255585 1.156 17.951 0.0509009 0.0265384  0 0.00401427 4
1388571029.133658541 0.290435 -0.251751 1.157 17.987 0.0324334 0.0383387  0.0100004 0.00628328 4
1388571029.233662465 0.294283 -0.247467 1.154 17.956 0.0384809 0.0428369  -0.0299988 -0.00541033 4
1388571029.333665660 0.29785 -0.243759 1.152 17.982 0.0356687 0.0370818  -0.0199994 0.00453788 4
1388571029.433664563 0.301181 -0.24085 1.156 18.059 0.033316 0.0290891  0.0400004 0.0134391 4
1388571029.533663156 0.305473 -0.239897 1.158 18.084 0.0429215 0  0.0200003 0.00436332 4
1388571029.633672587 0.308115 -0.238469 1.161 18.207 0.026408 0.0142879  0.0299972 0.0214657 4
1388571029.733664047 0.310951 -0.235851 1.163 18.302 0.0283668 0.0261751  0.0200017 0.0165819 4
1388571029.833665650 0.31418 -0.23276 1.162 18.333 0.0322884 0.0309122  0 0.00541046 4
1388571029.933658268 0.315727 -0.229662 1.161 18.397 0.01547 0.0309806  -0.0100007 0.0111708 4
1388571030.033666311 0.317107 -0.223966 1.162 18.319 0.0138025 0.0569561  0 -0.0136123 4
1388571030.133664503 0.319093 -0.220383 1.162 18.29 0.0198591 0.0358322  0 -0.00506143 4
1388571030.233666224 0.321118 -0.216712 1.163 18.343 0.0202504 0.0367048  0 0.00925 4
1388571030.333661075 0.322585 -0.212586 1.168 18.303 0.0146658 0.0412636  0.0500026 -0.00698184 4
1388571030.433657590 0.32563 -0.210113 1.172 18.316 0.0304596 0.0247338  0.0400014 0.00226909 4
1388571030.533665178 0.326521 -0.206015 1.174 18.273 0 0.0409783  0.0199985 -0.00750422 4
1388571030.633657953 0.32714 -0.204388 1.175 18.223 0 0.0162713  0.0100007 -0.00872748 4
1388571030.733664712 0.329188 -0.203362 1.174 18.171 0.0204752 0.0102537  0 -0.00907511 4
1388571030.833665002 0.331484 -0.202921 1.173 18.162 0.0229591 0  0 -0.00157059 4
1388571030.933666506 0.334055 -0.201832 1.172 18.157 0.0257093 0.0108843  0 -0.000872838 4
1388571031.033657306 0.336872 -0.202721 1.169 18.181 0.028179 0  -0.0300028 0.0041892 4
1388571031.133664721 0.338971 -0.20295 1.171 18.243 0.0209844 0  0.0199985 0.0108203 4
1388571031.233666272 0.342433 -0.202417 1.184 18.244 0.0346222 0  0.129998 0.000174434 4
1388571031.333672361 0.345696 -0.201248 1.176 18.241 0.0326236 0.0116889  -0.0799951 -0.000523612 4
1388571031.433657542 0.347432 -0.19823 1.172 18.24 0.0173639 0.0301838  -0.0400059 -0.000174463 4
1388571031.533664492 0.350764 -0.195768 1.163 18.194 0.0333208 0.0246237  -0.0899937 -0.00802787 4
1388571031.633664805 0.352539 -0.194894 1.163 18.162 0.0177486 0  0 -0.00558496 4
1388571031.733664440 0.353741 -0.193768 1.166 18.154 0.0120233 0.0112592  0.0300001 -0.0013965 4
1388571031.833661115 0.353391 -0.192604 1.167 18.096 0 0.0116431  0.0100003 -0.010123 4
1388571031.933672961 0.352952 -0.191708 1.161 18.084 0 0  -0.0599929 -0.00209433 4
1388571032.033658552 0.353782 -0.192825 1.159 18.061 0 -0.0111677  -0.0200029 -0.00401463 4
1388571032.133658988 0.35522 -0.192601 1.164 18.071 0.0143845 0  0.0499998 0.00174503 4
1388571032.233665195 0.355675 -0.191144 1.166 18.036 0 0.0145606  0.0199988 -0.00610825 4
1388571032.333656776 0.356665 -0.191343 1.168 18.059 0 0  0.0200017 0.00401472 4
1388571032.433657749 0.35829 -0.190889 1.167 18.014 0.0162536 0  0 -0.00785392 4
1388571032.533653742 0.35792 -0.190586 1.17 18.027 0 0  0.0300012 0.0022691 4
1388571032.633657703 0.359104 -0.191261 1.171 18.054 0.0118383 0  0 0.00471228 4
1388571032.733656085 0.359745 -0.192166 1.177 18.152 0 0  0.060001 0.0171044 4
1388571032.833664582 0.360987 -0.192207 1.171 18.155 0.0124127 0  -0.0599949 0.0005236 4
1388571032.933662358 0.362472 -0.192607 1.169 18.241 0.0148483 0  -0.0200004 0.0150099 4
1388571033.033659059 0.3652 -0.194203 1.165 18.308 0.0272812 -0.0159557  -0.0400013 0.0116943 4
1388571033.133665340 0.3659 -0.194504 1.165 18.348 0 0  0 0.00698071 4
1388571033.233656825 0.367554 -0.195338 1.163 18.299 0.0165361 0  -0.0200017 -0.0085528 4
1388571033.333658850 0.368898 -0.195611 1.162 18.289 0.0134415 0  0 -0.00174533 4
1388571033.433663110 0.371067 -0.196188 1.161 18.27 0.0216832 0  0 -0.00331583 4
1388571033.533658926 0.372741 -0.196999 1.157 18.221 0.0167455 0  -0.0400017 -0.00855243 4
1388571033.633650198 0.374194 -0.197083 1.152 18.252 0.0145336 0  -0.0500044 0.00541102 4
1388571033.733653035 0.374914 -0.196818 1.15 18.166 0 0  -0.0199994 -0.0150095 4
1388571033.833646654 0.375104 -0.197906 1.147 18.215 0 -0.0108804  -0.0300019 0.00855262 4
1388571033.933733413 0.417673 -0.0710969 1.146 -0.110001 0 0  0 -3.19554 4
1388571034.033814889 0.417425 -0.0716822 1.144 -0.0669994 0 0  -0.0199837 0.00749901 4
1388571034.133715831 0.418557 -0.0728794 1.143 -0.0690002 0.011324 -0.0119838  -0.0100099 -0.000349553 4
1388571034.233718748 0.417882 -0.0732983 1.141 -0.0310001 0 0  -0.0199994 0.00663208 4
1388571034.333743817 0.418341 -0.07305 1.142 -0.0340004 0 0  0 -0.000523513 4
1388571034.433731867 0.417529 -0.0722246 1.142 -0.108999 0 0  0 -0.0130913 4
1388571034.533677927 0.417257 -0.0713532 1.143 -0.121 0 0  0.0100054 -0.00209571 4
1388571034.633684653 0.416715 -0.0695733 1.146 -0.259001 0 0.0177983  0.029998 -0.024084 4
1388571034.733717260 0.41476 -0.0677083 1.147 -0.292999 -0.0195454 0.0186441  0 -0.00593192 4
1388571034.833748579 0.413078 -0.067109 1.149 -0.358999 -0.0168186 0  0.0199937 -0.0115156 4
1388571034.933686630 0.411201 -0.065663 1.15 -0.379 -0.0187735 0.0144699  0.0100062 -0.0034929 4
1388571035.033752812 0.409305 -0.0645399 1.152 -0.542 -0.018953 0.011223  0.0199868 -0.0284301 4
1388571035.133693848 0.408759 -0.0641768 1.154 -0.488001 0 0  0.0200118 0.00943015 4
1388571035.334145989 0.406702 -0.0638313 1.158 -0.618999 -0.0102623 0  0.0199549 -0.011406 3
1388571035.434426062 0.405686 -0.0646312 1.161 -0.707001 -0.0101302 0  0.0299162 -0.0153162 3
1388571035.534702416 0.403886 -0.0662823 1.161 -0.717001 -0.0179502 -0.0164652  0 -0.00174056 3
1388571035.634933853 0.403658 -0.0642299 1.159 -1.549 0 0.0204769  -0.0199538 -0.144876 3
1388571035.735206386 0.401562 -0.0574305 1.159 -5.188 -0.0209037 0.0678089  0 -0.633399 3
1388571035.835466480 0.404768 -0.0538078 1.159 -9.117 0.0319768 0.0361328  0 -0.683961 3
1388571035.935738321 0.415355 -0.0552114 1.161 -12.792 0.105583 -0.0139977  0.0199458 -0.63967 3
1388571036.035994488 0.433482 -0.066214 1.164 -16.082 0.180808 -0.109745  0.0299233 -0.572746 3
1388571036.136252843 0.464217 -0.0887942 1.168 -18.786 0.306561 -0.22522  0.0398969 -0.470721 3
1388571036.236520297 0.500385 -0.123738 1.173 -21.098 0.360712 -0.348502  0.0498666 -0.402444 3
1388571036.336772840 0.537808 -0.169755 1.165 -23.007 0.37329 -0.459013  -0.0797985 -0.332344 3
1388571036.437025171 0.581025 -0.226051 1.164 -24.686 0.431079 -0.561546  0 -0.292303 3
1388571036.537286455 0.622216 -0.288501 1.16 -26.199 0.410839 -0.622872  -0.0398958 -0.26338 3
1388571036.637539420 0.660655 -0.351218 1.159 -27.587 0.383418 -0.625589  0 -0.24164 3
1388571036.737793266 0.70342 -0.406892 1.159 -28.921 0.426566 -0.555326  0 -0.232237 3
1388571036.838041243 0.746891 -0.458079 1.166 -30.215 0.433636 -0.510607  0.0698268 -0.225287 3
1388571036.938293751 0.787143 -0.502032 1.158 -31.321 0.401503 -0.438424  -0.0797985 -0.192547 3
1388571037.038548469 0.829423 -0.540054 1.155 -32.377 0.421728 -0.379254  -0.0299238 -0.183838 3
1388571037.138788549 0.862823 -0.575098 1.151 -33.275 0.333197 -0.349601  -0.0399042 -0.156355 3
1388571037.239029392 0.894875 -0.610408 1.151 -34.016 0.319758 -0.352249  0 -0.129018 3
1388571037.339285122 0.935405 -0.646565 1.147 -34.715 0.404266 -0.360649  -0.039898 -0.121687 3
1388571037.439557590 0.964716 -0.684113 1.148 -35.411 0.292309 -0.374463  0 -0.121145 3
1388571037.539830851 1.003 -0.725211 1.151 -35.994 0.381758 -0.409851  0.0299182 -0.101475 3
1388571037.640087101 1.04389 -0.76634 1.154 -36.578 0.407904 -0.410239  0.0299233 -0.101667 3
1388571037.740340796 1.08634 -0.808317 1.156 -37.2 0.423403 -0.418708  0.0199494 -0.108285 3
1388571037.840592936 1.12575 -0.846901 1.155 -37.906 0.393081 -0.384874  0 -0.12291 3
1388571037.940847390 1.16629 -0.883831 1.152 -38.654 0.404447 -0.368358  -0.0299239 -0.130219 3
1388571038.041099943 1.20288 -0.917263 1.153 -39.457 0.364975 -0.333485  0 -0.139797 3
1388571038.141355292 1.22661 -0.94863 1.152 -40.214 0.236663 -0.31287  0 -0.131785 3
1388571038.241624031 1.24842 -0.981096 1.15 -40.991 0.217546 -0.323786  -0.0199464 -0.135248 3
1388571038.341889819 1.27284 -1.01313 1.152 -41.793 0.243535 -0.319474  0.019947 -0.139604 3
1388571038.442144504 1.29667 -1.04786 1.149 -42.429 0.237731 -0.346429  -0.0299238 -0.110721 3
1388571038.542397884 1.31691 -1.08275 1.148 -43.263 0.201836 -0.348072  0 -0.145193 3
1388571038.642652601 1.34382 -1.12081 1.149 -43.937 0.268461 -0.379558  0 -0.117336 3
1388571038.742910497 1.36882 -1.16081 1.149 -44.604 0.249286 -0.398999  0 -0.116114 3
1388571038.843162922 1.39555 -1.20443 1.149 -45.202 0.266637 -0.435134  0 -0.104108 3
1388571038.943417577 1.43452 -1.25915 1.152 -45.699 0.388716 -0.545762  0.0299238 -0.0865225 3
1388571039.043698529 1.47472 -1.30926 1.152 -46.267 0.400859 -0.499709  0 -0.0988571 3
1388571039.143958442 1.50588 -1.35196 1.156 -47.119 0.310807 -0.425892  0.0398963 -0.148316 3
1388571039.244214424 1.53471 -1.38962 1.161 -48.159 0.287611 -0.375628  0.0498723 -0.181051 3
1388571039.345711435 1.57437 -1.44128 1.167 -49.326 0.390748 -0.509039  0.059115 -0.200676 3
1388571039.445964222 1.6026 -1.4956 1.169 -50.534 0.281516 -0.541824  0.0199496 -0.210304 3
1388571039.546223414 1.63331 -1.55116 1.168 -52.193 0.306347 -0.554155  0 -0.288802 3
1388571039.646475990 1.66346 -1.60375 1.167 -53.763 0.300719 -0.524538  0 -0.273326 3
1388571039.746729422 1.69381 -1.66186 1.167 -55.428 0.302728 -0.579683  0 -0.289863 3
1388571039.846983865 1.71724 -1.71122 1.161 -57.081 0.233685 -0.492286  -0.0598477 -0.287771 3
1388571039.947238562 1.73344 -1.75223 1.159 -58.712 0.161651 -0.409082  -0.0199492 -0.28394 3
1388571040.047587106 1.7531 -1.8043 1.155 -59.361 0.195856 -0.51884  -0.0398611 -0.112878 3
1388571040.147868584 1.77714 -1.86251 1.152 -57.334 0.239748 -0.580542  -0.0299158 0.352785 3
1388571040.248122682 1.79632 -1.90603 1.148 -55.227 0.191293 -0.434068  -0.0398986 0.366809 3
1388571040.348431495 1.80887 -1.92542 1.152 -52.726 0.125201 -0.193292  0.0398769 0.435163 3
1388571040.448678456 1.82302 -1.94238 1.154 -50.607 0.141139 -0.169212  0.0199507 0.368925 3
1388571040.548932747 1.83538 -1.96693 1.145 -49.277 0.123273 -0.244857  -0.0897717 0.23154 3
1388571040.649187319 1.85554 -1.98788 1.135 -48.278 0.201117 -0.208977  -0.0997461 0.173916 3
1388571040.749441320 1.876 -2.00458 1.133 -47.38 0.204032 -0.16654  -0.0199493 0.156333 3
1388571040.849692068 1.90407 -2.02581 1.122 -46.555 0.279999 -0.2118  -0.109725 0.14363 3
1388571040.949948050 1.95367 -2.06389 1.111 -45.696 0.494734 -0.379859  -0.109719 0.149541 3
1388571041.050204896 1.9994 -2.10303 1.11 -44.737 0.456174 -0.390315  0 0.166949 3
1388571041.150459730 2.05548 -2.1493 1.114 -43.626 0.559353 -0.461542  0.0398983 0.193413 3
1388571041.250717157 2.11724 -2.1882 1.11 -42.319 0.615962 -0.388016  -0.0398973 0.227529 3
1388571041.350970130 2.1779 -2.22161 1.111 -40.974 0.605109 -0.333272  0 0.234154 3
1388571041.451227913 2.23639 -2.26271 1.114 -39.741 0.583408 -0.409974  0.0299229 0.214646 3
1388571041.551492751 2.28893 -2.297 1.11 -38.354 0.524027 -0.341964  -0.0398943 0.241438 3
1388571041.651750728 2.34407 -2.32967 1.113 -36.884 0.549982 -0.325808  0.0299228 0.255903 3
1388571041.752006136 2.39102 -2.34664 1.115 -35.458 0.468228 -0.169307  0.019949 0.24825 3
1388571041.852261186 2.44778 -2.36072 1.104 -34.084 0.566162 -0.140421  -0.10972 0.239198 3
1388571041.952526861 2.50785 -2.3824 1.093 -32.641 0.59914 -0.216287  -0.109709 0.251184 3
1388571042.052782150 2.57259 -2.3972 1.099 -31.13 0.645746 -0.147592  0.0598472 0.263048 3
1388571042.153043851 2.64202 -2.40627 1.095 -29.618 0.692531 -0.0904158  -0.0398956 0.263205 3
1388571042.253300938 2.70806 -2.41612 1.09 -28.224 0.658655 -0.0982704  -0.0498718 0.242675 3
1388571042.353557311 2.77517 -2.42294 1.088 -27.205 0.669397 -0.0680546  -0.0199489 0.177394 3
1388571042.453808672 2.8345 -2.42034 1.09 -26.562 0.591806 0.025938  0.0199499 0.111943 3
1388571042.554062592 2.89518 -2.41679 1.09 -24.865 0.605249 0.0354291  0 0.295432 3
1388571042.654314904 2.94763 -2.40723 1.093 -23.567 0.523247 0.095376  0.0299245 0.225974 3
1388571042.754563832 2.99992 -2.3977 1.093 -23.493 0.521588 0.0950766  0 0.0128834 3
1388571042.854811390 3.03292 -2.37585 1.099 -22.6 0.329151 0.21791  0.0598518 0.155473 3
1388571042.955060743 3.05507 -2.36147 1.101 -20.49 0.220996 0.143439  0.0199503 0.367349 3
1388571043.055311449 3.07181 -2.34795 1.104 -19.28 0.166964 0.134852  0.029925 0.210657 3
1388571043.155563654 3.09825 -2.32974 1.102 -18.013 0.263702 0.181611  -0.0199497 0.220577 3
1388571043.255834540 3.1197 -2.31303 1.104 -17.603 0.213887 0.166664  0.019946 0.0713652 3
1388571043.356082329 3.14033 -2.30031 1.104 -17.566 0.205857 0.126896  0 0.00644176 3
1388571043.456327996 3.17063 -2.29595 1.102 -17.262 0.302202 0.0435482  -0.019951 0.052928 3
1388571043.556560747 3.20005 -2.28512 1.103 -17.218 0.293595 0.107999  0 0.00766161 3
1388571043.656794781 3.24905 -2.29133 1.107 -16.919 0.488791 -0.0619734  0.0399066 0.0520635 3
1388571043.757045352 3.31079 -2.30181 1.106 -16.893 0.615866 -0.104468  0 0.00452652 3
1388571043.857287836 3.38667 -2.31587 1.102 -16.418 0.756942 -0.140285  -0.0399032 0.0827026 3
1388571043.957539033 3.46057 -2.33221 1.102 -16.243 0.737214 -0.163041  0 0.0304667 3
1388571044.057772380 3.55752 -2.34433 1.104 -15.37 0.967242 -0.120897  0.0199534 0.152013 3
1388571044.158016312 3.6407 -2.36151 1.105 -14.458 0.82977 -0.171414  0 0.158787 3
1388571044.258253063 3.71902 -2.37981 1.107 -14.106 0.781307 -0.182469  0.0199528 0.0612905 3
1388571044.358856361 3.79836 -2.39769 1.109 -12.549 0.788661 -0.17777  0.0198801 0.270118 3
1388571044.459089503 3.87512 -2.41423 1.109 -12.389 0.765782 -0.165008  0 0.0278604 3
1388571044.559330584 3.95006 -2.42976 1.109 -12.218 0.747575 -0.154926  0 0.0297734 3
1388571044.659562010 4.00387 -2.44075 1.107 -11.379 0.536931 -0.109661  -0.0199538 0.146095 3
1388571044.759806701 4.06339 -2.44893 1.1 -8.461 0.593696 -0.0815536  -0.0698291 0.508044 3
1388571044.860042699 4.111 -2.45253 1.092 -6.668 0.474959 -0.0359418  -0.0798116 0.312201 3
1388571044.960281605 4.15947 -2.45469 1.09 -5.832 0.483627 -0.0215273  -0.0199523 0.145562 3
1388571045.060530268 4.17003 -2.4545 1.077 -3.612 0.105254 0  -0.129678 0.386502 3
1388571045.160783181 4.18078 -2.4545 1.077 -3.358 0.107266 0  0 0.0442196 3
1388571045.261034865 4.19153 -2.45256 1.08 -3.326 0.107208 0.0193357  0.0299247 0.00557096 3
1388571045.361284994 4.20491 -2.45141 1.083 -3.402 0.133464 0.0114415  0.0299251 -0.0132314 3
1388571045.461522500 4.21788 -2.45006 1.083 -3.419 0.129419 0.0135123  0 -0.00296006 3
1388571045.661974634 4.26014 -2.45057 1.09 -3.483 0.210814 0  0.0349211 -0.00557238 3
1388571045.762209856 4.29342 -2.4562 1.119 -2.604 0.332083 -0.0562145  0.289319 0.153054 3
1388571045.862452568 4.34285 -2.46263 1.124 -1.909 0.493024 -0.0641333  0.0498789 0.121007 3
1388571045.962686047 4.40204 -2.46907 1.129 -1.746 0.590565 -0.0642398  0.0498835 0.0283826 3
1388571046.062935253 4.47733 -2.47303 1.131 -0.216 0.751061 -0.0394793  0.0199503 0.266372 3
1388571046.163174868 4.55312 -2.47693 1.131 -0.151001 0.756057 -0.0389737  0 0.0113173 3
1388571046.263423992 4.64907 -2.46524 1.124 4.638 0.957126 0.116635  -0.069826 0.833761 3
1388571046.363677957 4.72641 -2.44879 1.123 5.751 0.771436 0.164105  0 0.193763 3
1388571046.463937626 4.79112 -2.41212 1.112 6.751 0.64546 0.365769  -0.109715 0.174081 3
1388571046.564188949 4.84512 -2.36977 1.104 7.05 0.53859 0.42243  -0.0797994 0.0520545 3
1388571046.764637255 4.95115 -2.29065 1.103 7.083 0.528955 0.394721  0 0.00287343 3
1388571046.864899600 4.96651 -2.26949 1.054 7.359 0.153204 0.210992  -0.488718 0.0480449 3
1388571047.065350757 4.99992 -2.25418 1.022 7.072 0.166694 0.0764134  -0.15964 -0.024989 3
1388571047.165604589 5.02242 -2.2503 1.002 6.104 0.224398 0.038681  -0.199494 -0.16852 3
1388571047.366116848 5.10539 -2.23989 0.991 4.617 0.413816 0.0518886  -0.0548595 -0.129434 3
1388571047.466397209 5.14736 -2.23472 0.991 4.567 0.418538 0.0516088  0 -0.00870245 3
1388571047.566675333 5.19984 -2.22962 1.003 2.933 0.523266 0.0508078  0.119667 -0.284396 3
1388571047.666915082 5.26206 -2.22634 1 1.77 0.620726 0.032766  -0.0299282 -0.202496 3
1388571047.767176671 5.33064 -2.22692 0.998 0.726999 0.684043 0  -0.0199478 -0.181563 3
1388571047.867479539 5.39501 -2.23068 0.997 0.405001 0.641727 -0.0375204  0 -0.0560297 3
1388571047.967736369 5.46228 -2.23756 0.997 0.336 0.670994 -0.0685752  0 -0.012012 3
1388571048.067992481 5.52993 -2.24349 0.997 0.405001 0.674792 -0.0592073  0 0.0120121 3
1388571048.168239379 5.60187 -2.24761 0.997 0.462 0.71762 -0.0410684  0 0.00992374 3
1388571048.268500324 5.6783 -2.24974 1.001 0.649 0.762277 -0.021243  0.0398959 0.0325528 3
1388571048.368748440 5.75328 -2.25283 0.999 1.136 0.748003 -0.0307892  -0.0199505 0.0847871 3
1388571048.469003330 5.82746 -2.25507 1 1.721 0.739839 -0.0223378  0 0.101842 3
1388571048.569256583 5.89055 -2.25586 1.002 2.643 0.62937 0  0.0199495 0.160513 3
1388571048.669509269 5.95329 -2.25481 1.007 3.624 0.625785 0.0104723  0.049874 0.170785 3
1388571048.769764992 6.0151 -2.2518 1.017 4.553 0.616529 0.0300981  0.0997449 0.161727 3
1388571048.870020159 6.05088 -2.24793 1.026 5.339 0.356862 0.0385909  0.0897709 0.136834 3
1388571048.970268876 6.06464 -2.24502 1.035 6.096 0.137288 0.0290418  0.0897767 0.131794 3
1388571049.070518151 6.07806 -2.2413 1.047 6.73 0.13391 0.0370715  0.119702 0.110379 3
1388571049.170793786 6.09328 -2.23472 1.047 7.229 0.151787 0.0655773  0 0.0868526 3
1388571049.271054979 6.10876 -2.22536 1.048 7.579 0.154347 0.0934084  0 0.0609275 3
1388571049.371646100 6.1399 -2.20647 1.049 7.985 0.309591 0.187743  0 0.070444 3
1388571049.471902614 6.19245 -2.18439 1.032 8.304 0.524151 0.220308  -0.169565 0.0555333 3
1388571049.572155852 6.2564 -2.14897 1.02 8.502 0.637913 0.353292  -0.119697 0.0344702 3
1388571049.672406787 6.32121 -2.12275 1.018 8.55 0.646482 0.261475  -0.0199499 0.00835667 3
1388571049.772647406 6.37952 -2.08858 1.017 8.558 0.581664 0.340873  0 0.00139314 3
1388571049.872889415 6.44123 -2.06706 1.016 8.214 0.615625 0.214691  0 -0.0598944 3
1388571049.973120360 6.49668 -2.05177 1.019 8.158 0.553168 0.152614  0.0299309 -0.00975161 3
1388571050.073369822 6.57042 -2.03786 1.006 7.792 0.735582 0.138679  -0.129677 -0.06372 3
1388571050.173628311 6.63676 -2.02435 1.001 7.671 0.661731 0.134768  -0.0498711 -0.0210641 3
1388571050.273882724 6.69808 -2.01276 0.994 7.504 0.611631 0.115674  -0.0698224 -0.029073 3
1388571050.374129162 6.76292 -2.00154 0.992 7.43 0.6468 0.111901  -0.0199508 -0.0128836 3
1388571050.474380176 6.82636 -1.99113 0.99 7.533 0.632756 0.103782  -0.0199499 0.0179317 3
1388571050.574646043 6.87607 -1.98234 0.986 7.602 0.495838 0.0877429  -0.0398939 0.0120109 3
1388571050.674894784 6.92134 -1.97558 0.981 7.839 0.451528 0.0674051  -0.0498759 0.0412619 3
1388571050.775148364 6.96551 -1.96954 0.976 8.056 0.440659 0.0601889  -0.0498735 0.0377777 3
1388571050.875401359 7.02057 -1.96177 0.974 8.399 0.549128 0.0775009  -0.0199495 0.0597138 3
1388571050.975646004 7.04098 -1.95745 0.974 8.64 0.203637 0.0431424  0 0.0419596 3
1388571051.075901481 7.052 -1.95284 0.975 9.005 0.109974 0.0459635  0 0.0635421 3
1388571051.176148215 7.0633 -1.94694 0.981 9.176 0.112668 0.0588675  0.0598523 0.0297719 3
1388571051.276407535 7.08245 -1.94111 0.983 9.356 0.190971 0.0581463  0.0199483 0.0313344 3
1388571051.376675006 7.10644 -1.93602 0.982 9.565 0.239286 0.0507578  0 0.0363803 3
1388571051.476923334 7.142 -1.92824 0.991 9.72 0.35478 0.0775789  0.0897771 0.0269854 3
1388571051.577182297 7.16383 -1.92238 0.996 9.859 0.217738 0.058488  0.0498709 0.0241974 3
1388571051.677435448 7.19307 -1.91556 0.99 9.984 0.291597 0.0680169  -0.0598485 0.0217615 3
1388571051.777692533 7.2191 -1.90163 0.984 10.169 0.259626 0.139008  -0.0598461 0.032206 3
1388571051.877951499 7.25038 -1.88632 0.982 10.324 0.312046 0.152663  -0.0199483 0.0269825 3
1388571051.978205703 7.28648 -1.8694 0.983 10.435 0.360087 0.168779  0 0.019324 3
1388571052.078459556 7.32739 -1.85119 0.987 10.583 0.408051 0.181577  0.0398987 0.0257656 3
1388571052.178713773 7.37815 -1.83151 0.99 10.611 0.506341 0.196311  0.0299239 0.00487451 3
1388571052.279074372 7.4467 -1.81033 0.993 10.572 0.683041 0.211046  0.0298922 -0.00678225 3
1388571052.379352102 7.53316 -1.78722 0.995 10.436 0.862139 0.230527  0.0199446 -0.023671 3
1388571052.479600030 7.61254 -1.76448 0.995 10.149 0.791878 0.226841  0 -0.0499668 3
1388571052.579867420 7.68239 -1.72991 0.996 9.837 0.696638 0.34475  0 -0.0543091 3
1388571052.680114866 7.75233 -1.70642 0.998 9.419 0.697619 0.23428  0.0199506 -0.0727746 3
1388571052.780368362 7.82227 -1.69642 1.003 8.964 0.697687 0.0998035  0.0498736 -0.0792117 3
1388571052.880630039 7.89378 -1.68829 1.007 8.546 0.713162 0.081099  0.0398956 -0.0727646 3
1388571052.980901817 7.96302 -1.67319 1.011 8.208 0.690618 0.150565  0.0398916 -0.0588321 3
1388571053.081167930 8.02544 -1.66239 1.014 7.964 0.62248 0.107651  0.0299204 -0.0424729 3
1388571053.181441441 8.13011 -1.64674 1.01 7.737 1.04388 0.156077  -0.0398909 -0.0395111 3
1388571053.281711533 8.25414 -1.62837 1.01 7.592 1.2369 0.183211  0 -0.0252392 3
1388571053.482170998 8.50314 -1.59298 1.01 7.463 1.24214 0.176556  0 -0.0112315 3
1388571053.582413810 8.61866 -1.57832 1.013 7.405 1.15248 0.146213  0.0299273 -0.0100982 3
1388571053.682651066 8.70676 -1.56959 1.012 7.412 0.878877 0.0871143  0 0.00121883 3
1388571053.883100616 8.8476 -1.5593 1.011 7.489 0.702605 0.0513321  0 0.00670442 3
1388571053.983356310 8.84363 -1.55923 1.012 7.782 -0.0395934 0  0 0.0510076 3
1388571054.083610949 8.84041 -1.55646 1.003 8.318 -0.0320699 0.0276602  -0.0897714 0.0933122 3
1388571054.183880994 8.84183 -1.55321 1.001 8.355 0.0140963 0.0324116  -0.0199461 0.00644011 3
1388571054.284138110 8.84514 -1.54982 1 8.353 0.0330625 0.0337962  0 -0.000347979 3
1388571054.385812117 8.84968 -1.54662 0.999 8.42 0.0446947 0.0314392  0 0.0115011 3
1388571054.486065561 8.85474 -1.542 1 8.434 0.0504419 0.0460725  0 0.00243727 3
1388571054.586311075 8.86082 -1.53799 0.998 8.475 0.0606344 0.0400177  -0.019951 0.00713839 3
1388571054.686566010 8.86648 -1.53335 0.999 8.482 0.0564655 0.0463278  0 0.00121862 3
1388571054.786804090 8.87226 -1.52895 0.999 8.542 0.0576379 0.04383  0 0.010447 3
1388571054.887042862 8.8778 -1.5252 1 8.529 0.0552339 0.0374633  0 -0.00226361 3
1388571054.987285549 8.88266 -1.52206 0.998 8.563 0.0485698 0.0312792  -0.0199516 0.00591982 3
1388571055.187733616 8.89192 -1.51201 0.996 8.601 0.0461948 0.0501358  0 0.00330872 3
1388571055.287962029 8.89955 -1.50681 0.994 8.71 0.0760857 0.0518804  -0.0199544 0.0189806 3
1388571055.889238115 8.96879 -1.49264 0.972 8.354 0.115158 0.0235718  -0.0365888 -0.0103336 3
1388571056.290091830 9.01142 -1.48375 0.969 8.326 0.106354 0.0221683  0 -0.00121912 3
1388571056.991635167 9.99361 -1.33918 0.941 9.22 1.40004 0.206076  -0.039912 0.0222413 3
1388571057.091890716 10.1349 -1.31592 0.925 9.452 1.40893 0.232008  -0.159592 0.0403885 3
1388571057.292332737 10.5038 -1.20661 0.89 9.527 1.84072 0.545352  -0.174614 0.00653062 3
1388571057.392565233 10.7094 -1.16363 0.887 10.036 2.05098 0.428782  -0.0299304 0.088631 3
1388571057.492804080 10.9174 -1.12426 0.889 10.073 2.07481 0.392778  0.0199523 0.00644245 3
1388571057.593044200 11.124 -1.08509 0.889 10.106 2.06152 0.390736  0 0.00574562 3
1388571057.693280777 11.321 -1.04827 0.894 10.271 1.96561 0.367375  0.049882 0.0287301 3
1388571057.793519727 11.4811 -1.01814 0.916 10.402 1.5964 0.300555  0.219476 0.0228094 3
1388571057.893759104 11.5999 -0.998136 0.943 10.43 1.18534 0.199591  0.269355 0.00487523 3
1388571057.993995463 11.6706 -0.987638 0.967 10.754 0.705265 0.104732  0.239434 0.0564152 3
1388571058.094239782 11.7136 -0.99003 0.982 11.636 0.428754 -0.0238579  0.149634 0.153563 3
1388571058.194490603 11.7566 -0.993916 0.964 12.018 0.429444 -0.0387613  -0.17955 0.0665048 3
1388571058.294757023 11.7927 -0.99834 0.956 12.278 0.360247 -0.0441198  -0.0797874 0.045258 3
1388571058.395040667 11.8241 -1.00061 0.924 12.882 0.312792 -0.0226159  -0.319095 0.10512 3
1388571058.495313184 11.851 -0.998817 0.904 13.372 0.268348 0.0178552  -0.199456 0.0852887 3
1388571058.595577348 11.8755 -0.989968 0.887 13.99 0.244583 0.0882555  -0.169552 0.107578 3
1388571058.695851276 11.9033 -0.978559 0.886 14.126 0.277317 0.113777  0 0.0236712 3
1388571058.796095583 11.9428 -0.956563 0.878 15.248 0.393765 0.21943  -0.079805 0.195349 3
1388571058.896367577 11.9824 -0.934703 0.882 15.662 0.394557 0.218004  0.0398915 0.0720602 3
1388571058.996614896 12.0253 -0.91297 0.887 15.881 0.42819 0.216791  0.0498766 0.0381287 3
1388571059.096882426 12.0627 -0.894431 0.909 15.945 0.373049 0.184898  0.219413 0.0111402 3
1388571059.197137983 12.0978 -0.880352 0.905 16.002 0.34961 0.140431  -0.039898 0.00992288 3
1388571059.297389576 12.1306 -0.86859 0.906 16.014 0.327998 0.117329  0 0.00208932 3
1388571059.399249629 12.1632 -0.857132 0.907 15.987 0.319448 0.112488  0 -0.00462641 3
1388571059.499493628 12.1949 -0.847342 0.907 15.935 0.316597 0.097661  0 -0.0090533 3
1388571059.599738125 12.2233 -0.841569 0.903 15.816 0.283662 0.0575877  -0.0399024 -0.0207193 3
1388571059.699990898 12.2508 -0.836912 0.897 15.7 0.273995 0.0464558  -0.0598487 -0.0201943 3
1388571059.800251481 12.2767 -0.831525 0.898 15.609 0.258013 0.0537229  0 -0.0158411 3
1388571059.900509752 12.3063 -0.823415 0.899 15.523 0.295356 0.0808966  0 -0.0149716 3
1388571060.000769186 12.3372 -0.814322 0.9 15.427 0.30793 0.0906872  0 -0.0167119 3
1388571060.101024790 12.3702 -0.804045 0.899 15.374 0.329926 0.102508  0 -0.00922624 3
1388571060.201284835 12.4054 -0.79217 0.898 15.372 0.350998 0.118444  0 -0.000347969 3
1388571060.301534965 12.444 -0.777463 0.895 15.296 0.38484 0.146703  -0.0299251 -0.0132314 3
1388571060.401794646 12.483 -0.76044 0.893 15.108 0.388917 0.16979  -0.0199482 -0.0327272 3
1388571060.502059195 12.525 -0.743006 0.893 14.984 0.418931 0.173878  0 -0.0215851 3
1388571060.602315446 12.5662 -0.725828 0.89 14.712 0.411277 0.171343  -0.0299233 -0.0473522 3
1388571060.702565011 12.6093 -0.708012 0.889 14.436 0.429891 0.177717  0 -0.0480507 3
1388571060.802822851 12.653 -0.691402 0.891 14.325 0.43523 0.165679  0.0199486 -0.0193233 3
1388571060.903064040 12.696 -0.675662 0.894 14.146 0.429537 0.157016  0.0299278 -0.0311664 3
1388571061.003314139 12.7427 -0.662308 0.891 13.666 0.465861 0.133204  -0.0299252 -0.0835667 3
1388571061.103556800 12.7909 -0.650406 0.879 13.49 0.4802 0.118738  -0.11971 -0.0306435 3
1388571061.203802927 12.838 -0.63979 0.872 13.41 0.470122 0.105895  -0.0698281 -0.0139283 3
1388571061.304050371 12.8893 -0.63281 0.854 13.176 0.511778 0.0696335  -0.179556 -0.0407398 3
1388571061.404302457 12.938 -0.628605 0.851 13.002 0.485964 0.0419351  -0.0299246 -0.0302927 3
1388571061.504556946 12.9858 -0.625403 0.855 12.861 0.476297 0.031944  0.0398985 -0.0245465 3
1388571061.604795326 13.0285 -0.62177 0.855 12.751 0.426317 0.0362455  0 -0.0191531 3
1388571061.705128088 13.0655 -0.616585 0.862 12.55 0.3691 0.0516748  0.0697678 -0.0349648 3
1388571061.805381122 13.1124 -0.609924 0.863 12.464 0.467254 0.0664467  0 -0.0149717 3
1388571061.905616218 13.1543 -0.603537 0.866 12.459 0.418152 0.0637188  0.0299296 -0.000870804 3
1388571062.005880683 13.1955 -0.597029 0.866 12.45 0.410653 0.0649069  0 -0.00156646 3
1388571062.106116818 13.2387 -0.589666 0.867 12.364 0.431417 0.073457  0 -0.0149745 3
1388571062.206353813 13.2837 -0.58043 0.871 12.329 0.449149 0.0921392  0.0399054 -0.00609418 3
1388571062.306610863 13.3267 -0.57152 0.871 12.267 0.428402 0.0888702  0 -0.0107933 3
1388571062.507060956 13.4335 -0.546826 0.869 12.006 0.532643 0.123191  0 -0.0227254 3
1388571062.607298834 13.4897 -0.533503 0.866 11.797 0.560653 0.132915  -0.0299288 -0.0363911 3
1388571062.707536009 13.5455 -0.520767 0.865 11.741 0.55706 0.127058  0 -0.00975068 3
1388571064.210838302 14.4168 -0.399193 0.847 11.406 0.579601 0.0808715  -0.0119736 -0.00388933 3
1388571064.311128141 14.4661 -0.396423 0.841 11.981 0.490986 0.0276194  -0.0598266 0.100066 3
1388571064.413255651 14.5023 -0.397249 0.847 12.567 0.355166 0  0.0587501 0.100146 3
1388571064.513509456 14.5099 -0.390921 0.566 12.943 0.0759453 0.0631238  -2.80289 0.0654585 9
1388571064.633683857 14.5151 -0.385484 0.455 13.253 0.0432758 0.0452436  -0.923658 0.0450222 9
1388571064.733683518 14.519 -0.381739 0.433 13.389 0.0387092 0.0374507  -0.220001 0.0237365 9
1388571065.433676626 14.5403 -0.398127 0.293 13.98 0.0303872 -0.0234122  -0.200002 0.0147357 9
1388571066.133690517 14.5403 -0.398127 0 14.239 0 0  -0.418563 0.00645756 0
1388571066.233693633 14.5403 -0.398127 0 14.316 0 0  0 0.0134386 0
1388571066.333688027 14.5403 -0.398127 0 14.455 0 0  0 0.0242614 0
1388571066.433688584 14.5403 -0.398127 0 14.488 0 0  0 0.00575972 0
1388571066.533688779 14.5403 -0.398127 0 14.527 0 0  0 0.00680703 0
1388571066.733682580 14.5403 -0.398127 0 14.542 0 0  0 0.00130898 0
1388571066.933731243 14.5403 -0.398127 0 14.552 0 0  0 0.000872306 0
1388571067.033722911 14.5403 -0.398127 0 14.565 0 0  0 0.0022692 0
1388571067.133687184 14.5403 -0.398127 0 14.589 0 0  0 0.00419065 0
1388571067.233687302 14.5403 -0.398127 0 14.648 0 0  0 0.0102971 0
1388571067.333696307 14.5403 -0.398127 0 14.741 0 0  0 0.0162305 0
1388571067.433686551 14.5403 -0.398127 0 14.804 0 0  0 0.0109966 0
1388571067.533696453 14.5403 -0.398127 0 14.838 0 0  0 0.0059336 0
1388571067.633678128 14.5403 -0.398127 0 14.858 0 0  0 0.00349138 0
1388571067.733681265 14.5403 -0.398127 0 14.893 0 0  0 0.00610843 0
1388571067.833688643 14.5403 -0.398127 0 14.938 0 0  0 0.00785308 0
1388571067.933687764 14.5403 -0.398127 0 14.981 0 0  0 0.00750485 0
1388571068.033687912 14.5403 -0.398127 0 15.005 0 0  0 0.00418915 0
1388571068.133687125 14.5403 -0.398127 0 15.026 0 0  0 0.0036652 0
1388571068.233673490 14.5403 -0.398127 0 15.064 0 0  0 0.00663284 0
1388571068.333675274 14.5403 -0.398127 0 15.089 0 0  0 0.00436351 0
1388571068.433686399 14.5403 -0.398127 0 15.124 0 0  0 0.00610795 0
1388571068.533687336 14.5403 -0.398127 0 15.16 0 0  0 0.006283 0
1388571068.633682243 14.5403 -0.398127 0 15.185 0 0  0 0.00436381 0
1388571068.733690183 14.5403 -0.398127 0 15.19 0 0  0 0.000872116 0
1388571069.133735443 14.5403 -0.398127 0 15.217 0 0  0 0.00117798 0
1388571069.733689500 14.5403 -0.398127 0 15.242 0 0  0 0.000727321 0
1388571069.833684077 14.5403 -0.398127 0 15.367 0 0  0 0.0218178 0
1388571069.933688327 14.5403 -0.398127 0 15.492 0 0  0 0.0218157 0
1388571070.033688843 14.5403 -0.398127 0 15.578 0 0  0 0.0150095 0
1388571070.133685513 14.5403 -0.398127 0 15.609 0 0  0 0.00541106 0
1388571070.233702990 14.5403 -0.398127 0 15.643 0 0  0 0.00593315 0
1388571070.933683203 14.5403 -0.398127 0 15.691 0 0  0 0.00119674 0
1388571071.033686558 14.5403 -0.398127 0 15.722 0 0  0 0.0054107 0
1388571071.133744182 14.5403 -0.398127 0 15.913 0 0  0 0.0333163 0
1388571071.233678118 14.5403 -0.398127 0 15.96 0 0  0 0.00820862 0
1388571071.333689027 14.5403 -0.398127 0 15.986 0 0  0 0.00453753 0
1388571071.433685266 14.5403 -0.398127 0 16.01 0 0  0 0.00418864 0
1388571071.533695010 14.5403 -0.398127 0 16.066 0 0  0 0.00977285 0
1388571071.633688174 14.5403 -0.398127 0 16.12 0 0  0 0.00942557 0
1388571071.733686459 14.5403 -0.398127 0 16.15 0 0  0 0.00523653 0
1388571071.833687644 14.5403 -0.398127 0 16.178 0 0  0 0.00488684 0
1388571071.933685942 14.5403 -0.398127 0 16.205 0 0  0 0.00471188 0
1388571072.033688939 14.5403 -0.398127 0 16.24 0 0  0 0.00610911 0
1388571072.133688546 14.5403 -0.398127 0 16.269 0 0  0 0.00506136 0
1388571072.233687548 14.5403 -0.398127 0 16.319 0 0  0 0.0087266 0
1388571072.333739304 14.5403 -0.398127 0 16.358 0 0  0 0.00680352 0
1388571072.433672649 14.5403 -0.398127 0 16.389 0 0  0 0.00541382 0
1388571072.533706892 14.5403 -0.398127 0 16.421 0 0  0 0.0055834 0
1388571072.633698897 14.5403 -0.398127 0 16.456 0 0  0 0.00610911 0
1388571072.733692422 14.5403 -0.398127 0 16.478 0 0  0 0.00383986 0
1388571072.833695660 14.5403 -0.398127 0 16.53 0 0  0 0.00907509 0
1388571072.933692812 14.5403 -0.398127 0 16.557 0 0  0 0.0047126 0
1388571073.033746879 14.5403 -0.398127 0 16.567 0 0  0 0.00174476 0
1388571073.133680170 14.5403 -0.398127 0 16.575 0 0  0 0.00139709 0
1388571073.233739700 14.5403 -0.398127 0 16.593 0 0  0 0.00313933 0
1388571073.333733284 14.5403 -0.398127 0 16.626 0 0  0 0.00576012 0
1388571073.433682768 14.5403 -0.398127 0 16.696 0 0  0 0.0122234 0
1388571073.533742147 14.5403 -0.398127 0 16.726 0 0  0 0.00523333 0
1388571073.633748389 14.5403 -0.398127 0 16.773 0 0  0 0.00820202 0
1388571073.733708878 14.5403 -0.398127 0 16.796 0 0  0 0.0040163 0
1388571073.833742405 14.5403 -0.398127 0 16.826 0 0  0 0.00523402 0
1388571073.933744411 14.5403 -0.398127 0 16.862 0 0  0 0.00628294 0
1388571074.033691908 14.5403 -0.398127 0 16.894 0 0  0 0.00558825 0
1388571074.133698484 14.5403 -0.398127 0 16.923 0 0  0 0.005061 0
1388571074.233692372 14.5403 -0.398127 0 16.96 0 0  0 0.00645789 0
1388571074.333740994 14.5403 -0.398127 0 16.978 0 0  0 0.00314034 0
1388571074.433747828 14.5403 -0.398127 0 17.021 0 0  0 0.00750428 0
1388571074.533683435 14.5403 -0.398127 0 17.047 0 0  0 0.00454095 0
1388571074.633745236 14.5403 -0.398127 0 17.059 0 0  0 0.00209262 0
1388571074.733748181 14.5403 -0.398127 0 17.096 0 0  0 0.00645798 0
1388571074.833690886 14.5403 -0.398127 0 17.141 0 0  0 0.00785816 0
1388571074.933697997 14.5403 -0.398127 0 17.151 0 0  0 0.00174558 0
1388571075.033735219 14.5403 -0.398127 0 17.179 0 0  0 0.00488508 0
1388571075.333691131 14.5403 -0.398127 0 17.198 0 0  0 0.00110537 0
1388571075.433686570 14.5403 -0.398127 0 17.205 0 0  0 0.00122178 0
1388571075.533685473 14.5403 -0.398127 0 17.272 0 0  0 0.0116941 0
1388571075.633699776 14.5403 -0.398127 0 17.312 0 0  0 0.00698048 0
1388571075.733684497 14.5403 -0.398127 0 17.36 0 0  0 0.00837892 0
1388571075.833756843 14.5403 -0.398127 0 17.381 0 0  0 0.00366253 0
1388571075.933680014 14.5403 -0.398127 0 17.438 0 0  0 0.00995589 0
1388571076.033680155 14.5403 -0.398127 0 17.497 0 0  0 0.0102978 0
1388571076.133686280 14.5403 -0.398127 0 17.517 0 0  0 0.00348986 0
1388571076.233754747 14.5403 -0.398127 0 17.552 0 0  0 0.00610445 0
1388571076.333689423 14.5403 -0.398127 0 17.569 0 0  0 0.00296937 0
1388571076.433719400 14.5403 -0.398127 0 17.615 0 0  0 0.00802636 0
1388571076.533706845 14.5403 -0.398127 0 17.637 0 0  0 0.00384009 0
1388571076.633744441 14.5403 -0.398127 0 17.669 0 0  0 0.00558255 0
1388571076.733742096 14.5403 -0.398127 0 17.709 0 0  0 0.00698164 0
1388571076.833684337 14.5403 -0.398127 0 17.739 0 0  0 0.0052388 0
1388571076.933693804 14.5403 -0.398127 0 17.766 0 0  0 0.00471202 0
1388571077.033703025 14.5403 -0.398127 0 17.803 0 0  0 0.00645757 0
1388571077.133718185 14.5403 -0.398127 0 17.835 0 0  0 0.0055838 0
1388571077.233749241 14.5403 -0.398127 0 17.868 0 0  0 0.00575796 0
1388571077.333710065 14.5403 -0.398127 0 17.894 0 0  0 0.00453981 0
1388571077.433754841 14.5403 -0.398127 0 17.919 0 0  0 0.00436097 0
1388571077.533750228 14.5403 -0.398127 0 17.955 0 0  0 0.00628335 0
1388571077.633749365 14.5403 -0.398127 0 17.98 0 0  0 0.00436363 0
1388571077.733746484 14.5403 -0.398127 0 18.016 0 0  0 0.00628324 0
1388571077.833746666 14.5403 -0.398127 0 18.047 0 0  0 0.00541087 0
1388571077.933738254 14.5403 -0.398127 0 18.077 0 0  0 0.00523622 0
1388571078.033685785 14.5403 -0.398127 0 18.109 0 0  0 0.00558825 0
1388571078.133699678 14.5403 -0.398127 0 18.142 0 0  0 0.00575829 0
1388571078.233693674 14.5403 -0.398127 0 18.175 0 0  0 0.0057601 0
1388571078.333709397 14.5403 -0.398127 0 18.204 0 0  0 0.00506054 0
1388571078.433719248 14.5403 -0.398127 0 18.235 0 0  0 0.00541034 0
1388571078.533696910 14.5403 -0.398127 0 18.263 0 0  0 0.00488799 0
1388571078.633718184 14.5403 -0.398127 0 18.29 0 0  0 0.00471146 0
1388571078.733750607 14.5403 -0.398127 0 18.323 0 0  0 0.00575722 0
1388571078.833736094 14.5403 -0.398127 0 18.349 0 0  0 0.00453869 0
1388571078.933743190 14.5403 -0.398127 0 18.383 0 0  0 0.00593377 0
1388571079.033794745 14.5403 -0.398127 0 18.415 0 0  0 0.00558244 0
1388571079.133744065 14.5403 -0.398127 0 18.442 0 0  0 0.00471485 0
1388571079.233727403 14.5403 -0.398127 0 18.474 0 0  0 0.00558558 0
1388571079.333767032 14.5403 -0.398127 0 18.503 0 0  0 0.00505933 0
1388571079.433693864 14.5403 -0.398127 0 18.535 0 0  0 0.0055894 0
1388571079.533695839 14.5403 -0.398127 0 18.563 0 0  0 0.0048868 0
1388571079.633688059 14.5403 -0.398127 0 18.577 0 0  0 0.00244364 0
1388571079.733699999 14.5403 -0.398127 0 18.626 0 0  0 0.00855106 0
1388571079.833695916 14.5403 -0.398127 0 18.656 0 0  0 0.00523599 0
1388571079.933754710 14.5403 -0.398127 0 18.69 0 0  0 0.0059307 0
1388571080.033748349 14.5403 -0.398127 0 18.717 0 0  0 0.00471276 0
1388571080.133685457 14.5403 -0.398127 0 18.75 0 0  0 0.00576338 0
1388571080.233762927 14.5403 -0.398127 0 18.781 0 0  0 0.00540602 0
1388571080.333742773 14.5403 -0.398127 0 18.811 0 0  0 0.0052375 0
1388571080.433704152 14.5403 -0.398127 0 18.845 0 0  0 0.00593648 0
1388571080.533750527 14.5403 -0.398127 0 18.876 0 0  0 0.0054077 0
1388571080.633730921 14.5403 -0.398127 0 18.904 0 0  0 0.00488786 0
1388571080.733693809 14.5403 -0.398127 0 18.913 0 0  0 0.00157118 0
1388571080.833697652 14.5403 -0.398127 0 18.948 0 0  0 0.00610839 0
1388571080.933698736 14.5403 -0.398127 0 18.99 0 0  0 0.00733094 0
1388571081.033684220 14.5403 -0.398127 0 19.022 0 0  0 0.00558546 0
1388571081.133703177 14.5403 -0.398127 0 19.055 0 0  0 0.00575866 0
1388571081.233689625 14.5403 -0.398127 0 19.089 0 0  0 0.00593499 0
1388571081.333709073 14.5403 -0.398127 0 19.117 0 0  0 0.00488595 0
1388571081.433693787 14.5403 -0.398127 0 19.148 0 0  0 0.00541104 0
1388571081.533693068 14.5403 -0.398127 0 19.178 0 0  0 0.00523648 0
1388571081.633715540 14.5403 -0.398127 0 19.206 0 0  0 0.0048858 0
1388571081.733748809 14.5403 -0.398127 0 19.229 0 0  0 0.00401271 0
1388571081.833687854 14.5403 -0.398127 0 19.261 0 0  0 0.00558872 0
1388571081.933696747 14.5403 -0.398127 0 19.299 0 0  0 0.00663135 0
1388571082.033717172 14.5403 -0.398127 0 19.327 0 0  0 0.0048859 0
1388571082.133685211 14.5403 -0.398127 0 19.364 0 0  0 0.00645956 0
1388571082.233694574 14.5403 -0.398127 0 19.397 0 0  0 0.00575921 0
1388571082.333692294 14.5403 -0.398127 0 19.425 0 0  0 0.00488701 0
1388571082.433751881 14.5403 -0.398127 0 19.456 0 0  0 0.00540766 0
1388571082.533680820 14.5403 -0.398127 0 19.487 0 0  0 0.00541406 0
1388571082.633701719 14.5403 -0.398127 0 19.514 0 0  0 0.00471148 0
1388571082.733719470 14.5403 -0.398127 0 19.545 0 0  0 0.00540925 0
1388571082.833747610 14.5403 -0.398127 0 19.579 0 0  0 0.00593252 0
1388571082.933690928 14.5403 -0.398127 0 19.61 0 0  0 0.00541395 0
1388571083.033686745 14.5403 -0.398127 0 19.637 0 0  0 0.00471266 0
1388571083.133754776 14.5403 -0.398127 0 19.67 0 0  0 0.00575517 0
1388571083.233710901 14.5403 -0.398127 0 19.698 0 0  0 0.00488905 0
1388571083.333714879 14.5403 -0.398127 0 19.732 0 0  0 0.00593395 0
1388571083.433733609 14.5403 -0.398127 0 19.765 0 0  0 0.00575867 0
1388571083.533714463 14.5403 -0.398127 0 19.794 0 0  0 0.00506231 0
1388571083.633741907 14.5403 -0.398127 0 19.823 0 0  0 0.00505995 0
1388571083.733697661 14.5403 -0.398127 0 19.852 0 0  0 0.00506424 0
1388571083.833722694 14.5403 -0.398127 0 19.885 0 0  0 0.00575764 0
1388571083.933775552 14.5403 -0.398127 0 19.917 0 0  0 0.00558236 0
1388571084.033748822 14.5403 -0.398127 0 19.948 0 0  0 0.00541166 0
1388571084.133678970 14.5403 -0.398127 0 19.98 0 0  0 0.00558922 0
1388571084.233694075 14.5403 -0.398127 0 20.006 0 0  0 0.00453734 0
1388571084.333713593 14.5403 -0.398127 0 20.039 0 0  0 0.00575863 0
1388571084.433711838 14.5403 -0.398127 0 20.067 0 0  0 0.00488699 0
1388571084.533722054 14.5403 -0.398127 0 20.093 0 0  0 0.0045369 0
1388571084.633699708 14.5403 -0.398127 0 20.124 0 0  0 0.00541209 0
1388571084.733696647 14.5403 -0.398127 0 20.155 0 0  0 0.00541038 0
1388571084.833762211 14.5403 -0.398127 0 20.187 0 0  0 0.00558166 0
1388571084.933696796 14.5403 -0.398127 0 20.22 0 0  0 0.00576352 0
1388571085.033707138 14.5403 -0.398127 0 20.248 0 0  0 0.0048864 0
1388571085.133686777 14.5403 -0.398127 0 20.28 0 0  0 0.00558579 0
1388571085.233737328 14.5403 -0.398127 0 20.31 0 0  0 0.00523379 0
1388571085.333715781 14.5403 -0.398127 0 20.344 0 0  0 0.0059348 0
1388571085.433756334 14.5403 -0.398127 0 20.364 0 0  0 0.00348932 0
1388571085.533687463 14.5403 -0.398127 0 20.399 0 0  0 0.00611284 0
1388571085.633681689 14.5403 -0.398127 0 20.429 0 0  0 0.00523674 0
1388571085.733696874 14.5403 -0.398127 0 20.457 0 0  0 0.00488616 0
1388571085.833707701 14.5403 -0.398127 0 20.488 0 0  0 0.00540963 0
1388571085.933695912 14.5403 -0.398127 0 20.516 0 0  0 0.00488748 0
1388571086.033727998 14.5403 -0.398127 0 20.544 0 0  0 0.00488533 0
1388571086.133718427 14.5403 -0.398127 0 20.575 0 0  0 0.0054114 0
1388571086.233721629 14.5403 -0.398127 0 20.606 0 0  0 0.00541004 0
1388571086.333716193 14.5403 -0.398127 0 20.63 0 0  0 0.00418938 0
1388571086.433690080 14.5403 -0.398127 0 20.663 0 0  0 0.00576059 0
1388571086.533694365 14.5403 -0.398127 0 20.696 0 0  0 0.0057595 0
1388571086.633722027 14.5403 -0.398127 0 20.726 0 0  0 0.00523499 0
1388571086.733714988 14.5403 -0.398127 0 20.754 0 0  0 0.00488724 0
1388571086.833683775 14.5403 -0.398127 0 20.784 0 0  0 0.00523741 0
1388571086.933703497 14.5403 -0.398127 0 20.813 0 0  0 0.00506034 0
1388571087.033727451 14.5403 -0.398127 0 20.841 0 0  0 0.00488573 0
1388571087.133692820 14.5403 -0.398127 0 20.871 0 0  0 0.00523759 0
1388571087.233686675 14.5403 -0.398127 0 20.9 0 0  0 0.00506231 0
1388571087.333723375 14.5403 -0.398127 0 20.929 0 0  0 0.00505948 0
1388571087.433711923 14.5403 -0.398127 0 20.961 0 0  0 0.00558529 0
1388571087.533705397 14.5403 -0.398127 0 20.992 0 0  0 0.00541123 0
1388571087.633702499 14.5403 -0.398127 0 21.021 0 0  0 0.00506148 0
1388571087.733697006 14.5403 -0.398127 0 21.053 0 0  0 0.00558562 0
1388571087.833723164 14.5403 -0.398127 0 21.081 0 0  0 0.00488562 0
1388571087.933715595 14.5403 -0.398127 0 21.111 0 0  0 0.00523617 0
1388571088.033725359 14.5403 -0.398127 0 21.135 0 0  0 0.00418808 0
1388571088.133683542 14.5403 -0.398127 0 21.168 0 0  0 0.00576216 0
1388571088.233732056 14.5403 -0.398127 0 21.2 0 0  0 0.00558261 0
1388571088.333683389 14.5403 -0.398127 0 21.23 0 0  0 0.00523832 0
1388571088.433688650 14.5403 -0.398127 0 21.26 0 0  0 0.0052355 0
1388571088.533690373 14.5403 -0.398127 0 21.288 0 0  0 0.00488682 0
1388571088.633697431 14.5403 -0.398127 0 21.319 0 0  0 0.0054105 0
1388571088.733925330 14.5403 -0.398127 0 21.347 0 0  0 0.00487579 0
1388571088.833863861 14.5403 -0.398127 0 21.381 0 0  0 0.00593784 0
1388571088.933714013 14.5403 -0.398127 0 21.405 0 0  0 0.00419477 0
1388571089.033766397 14.5403 -0.398127 0 21.416 0 0  0 0.00191913 0
1388571089.133746470 14.5403 -0.398127 0 21.443 0 0  0 0.0047134 0
1388571089.233697497 14.5403 -0.398127 0 21.456 0 0  0 0.00227012 0
1388571089.466589605 14.5403 -0.398127 0 21.571 0 0  0 0.00861812 0
1388571089.533745528 14.5403 -0.398127 0 21.592 0 0  0 0.00545771 0
1388571089.633712375 14.5403 -0.398127 0 21.604 0 0  0 0.00209527 0
