13.9516 0.917954 0.821 18.6998
14.0224 1.00933 0.818823 18.7998
14.0637 1.10651 0.817599 18.8998
14.0796 1.20535 0.817021 18.9998
14.0742 1.30298 0.816888 19.0998
14.0513 1.39761 0.817069 19.1998
14.0148 1.4883 0.817482 19.2998
13.9681 1.57481 0.818074 19.3998
13.9147 1.65737 0.818812 19.4998
13.8576 1.7365 0.819671 19.5998
13.7997 1.8128 0.820628 19.6998
13.7431 1.88683 0.821656 19.7998
13.693 1.96138 0.822727 19.8998
13.6562 2.0402 0.82381 19.9998
13.6319 2.12283 0.82488 20.0998
13.6168 2.2082 0.825919 20.1998
13.6075 2.29562 0.826913 20.2998
13.6007 2.38473 0.827855 20.3998
13.5938 2.47529 0.828739 20.4998
13.5848 2.56702 0.829565 20.5998
13.5724 2.65954 0.830332 20.6998
13.5556 2.7524 0.83104 20.7998
13.5339 2.84513 0.831691 20.8998
13.5069 2.93723 0.832287 20.9998
13.4744 3.02824 0.83283 21.0998
13.4365 3.11771 0.833322 21.1998
13.3933 3.20523 0.833767 21.2998
13.345 3.29046 0.834166 21.3998
13.2917 3.37308 0.834521 21.4998
13.2337 3.45278 0.834837 21.5998
13.1712 3.52932 0.835114 21.6998
13.1045 3.60244 0.835355 21.7998
13.0338 3.67195 0.835562 21.8998
12.9594 3.73764 0.835737 21.9998
12.8814 3.79933 0.835881 22.0998
12.8003 3.85685 0.835998 22.1998
12.7161 3.91006 0.836087 22.2998
12.6292 3.95881 0.836152 22.3998
12.5398 4.00299 0.836192 22.4998
12.4482 4.04248 0.83621 22.5998
12.3547 4.07719 0.836207 22.6998
12.2594 4.10703 0.836185 22.7998
12.1627 4.13194 0.836143 22.8998
12.0648 4.15185 0.836084 22.9998
11.9661 4.16673 0.836008 23.0998
11.8666 4.17653 0.835916 23.1998
11.7668 4.18125 0.83581 23.2998
11.7686 4.05988 0.833407 23.3998
11.7196 3.96288 0.831937 23.4998
11.682 3.89229 0.831106 23.5998
11.6656 3.83639 0.830709 23.6998
11.669 3.79173 0.830603 23.7998
11.6891 3.75683 0.830689 23.8998
11.7224 3.7299 0.830899 23.9998
11.7663 3.7087 0.831186 24.0998
11.8189 3.69086 0.831518 24.1998
11.8786 3.67406 0.831874 24.2998
11.944 3.65621 0.83224 24.3998
12.0138 3.6355 0.832604 24.4998
12.0867 3.61042 0.832962 24.5998
12.1614 3.57982 0.833307 24.6998
12.2367 3.54287 0.833639 24.7998
12.3112 3.49913 0.833954 24.8998
12.3839 3.44848 0.834253 24.9998
12.4538 3.39106 0.834533 25.0998
12.52 3.32724 0.834796 25.1998
12.6311 3.35393 0.831874 25.2998
12.7343 3.35103 0.829773 25.3998
12.8273 3.32554 0.828263 25.4998
12.9098 3.28337 0.82717 25.5998
12.9831 3.22907 0.826366 25.6998
13.0484 3.16598 0.825758 25.7998
13.1075 3.09649 0.825278 25.8998
13.1618 3.02229 0.824877 25.9998
13.2126 2.94459 0.824522 26.0998
13.261 2.8643 0.824186 26.1998
13.3076 2.78206 0.823855 26.2998
13.3533 2.69838 0.823517 26.3998
13.3985 2.61365 0.823165 26.4998
13.4434 2.52815 0.822795 26.5998
13.4885 2.44214 0.822403 26.6998
13.534 2.35579 0.82199 26.7998
13.5798 2.26923 0.821555 26.8998
13.6261 2.18259 0.821098 26.9998
13.673 2.09593 0.820622 27.0998
13.7205 2.00933 0.820126 27.1998
13.7686 1.92283 0.819613 27.2998
13.8172 1.83646 0.819084 27.3998
13.8664 1.75025 0.81854 27.4998
13.9162 1.66421 0.817984 27.5998
13.9664 1.57835 0.817415 27.6998
14.0171 1.49266 0.816836 27.7998
14.0682 1.40716 0.816248 27.8998
14.1198 1.32183 0.815651 27.9998
14.1717 1.23667 0.815047 28.0998
14.224 1.15168 0.814436 28.1998
14.2766 1.06685 0.813819 28.2998
14.3295 0.982172 0.813198 28.3998
14.4323 1.01547 0.810689 28.4998
14.5228 1.0167 0.809074 28.5998
14.5999 0.993557 0.808075 28.6998
14.665 0.953814 0.807495 28.7998
14.7212 0.903069 0.807199 28.8998
14.7721 0.844973 0.807093 28.9998
14.8206 0.78198 0.807112 29.0998
14.8692 0.715908 0.807211 29.1998
14.9197 0.648263 0.80736 29.2998
14.9736 0.580386 0.807536 29.3998
15.0318 0.513512 0.807726 29.4998
15.0949 0.448774 0.80792 29.5998
15.1631 0.387187 0.808111 29.6998
15.2363 0.329617 0.808295 29.7998
15.3143 0.276771 0.808468 29.8998
15.3967 0.229184 0.80863 29.9998
15.4829 0.187233 0.808779 30.0998
15.5724 0.151157 0.808915 30.1998
15.6648 0.121084 0.809038 30.2998
15.7593 0.0970556 0.809148 30.3998
15.8555 0.0790588 0.809245 30.4998
15.9531 0.0670402 0.809331 30.5998
