1388720620.930350059 0 0 0 -14.72 0 0  0 -0.0239867 2
1388720621.030303336 0 0 0 -14.723 0 0  0 -0.000523722 2
1388720621.130347486 0 0 0 -14.723 0 0  0 0 2
1388720621.230343510 0 0 0 -14.726 0 0  0 -0.000523665 2
1388720621.430324392 0 0 0 -14.729 0 0  0 -0.000261847 2
1388720621.530324397 0 0 0 -14.733 0 0  0 -0.000698081 2
1388720621.630349407 0 0 0 -14.736 0 0  0 -0.000523513 2
1388720621.930343632 0 0 0 -14.749 0 0  0 -0.000756297 2
1388720622.030325620 0 0 0 -14.751 0 0  0 -0.00034927 2
1388720622.130326185 0 0 0 -14.755 0 0  0 -0.000698077 2
1388720622.230324168 0 0 0 -14.756 0 0  0 -0.000174441 2
1388720622.330333810 0 0 0 -14.758 0 0  0 -0.000349173 2
1388720622.430371114 0 0 0 -14.764 0 0  0 -0.00104673 2
1388720622.530321815 0 0 0 -14.767 0 0  0 -0.000523902 2
1388720622.630314487 0 0 0 -14.768 0 0  0 -0.00017445 2
1388720622.730324203 0 0 0 -14.769 0 0  0 -0.000174587 2
1388720622.830364158 0 0 0 -14.772 0 0  0 -0.000523435 2
1388720622.930349149 0 0 0 -14.775 0 0  0 -0.000523556 2
1388720623.030320171 0 0 0 -14.776 0 0  0 -0.000174654 2
1388720623.130325835 0 0 0 -14.786 0 0  0 -0.00174527 2
1388720623.230354130 0 0 0 -14.789 0 0  0 -0.00052333 2
1388720623.330326687 0 0 0 -14.793 0 0  0 -0.000698439 2
1388720623.430310490 0 0 0 -14.795 0 0  0 -0.000349097 2
1388720623.530332009 0 0 0 -14.796 0 0  0 -0.0001744 2
1388720623.630355065 0 0 0 -14.799 0 0  0 -0.000523523 2
1388720623.730350879 0 0 0 -14.803 0 0  0 -0.000698277 2
1388720623.830324699 0 0 0 -14.804 0 0  0 -0.000174483 2
1388720623.930340418 0 0 0 -14.804 0 0  0 0 2
1388720624.030343779 0 0 0 -14.808 0 0  0 -0.000698058 2
1388720624.130343855 0 0 0 -14.811 0 0  0 -0.000523644 2
1388720624.530350868 0 0 0 -14.814 0 0  0 -0.000130909 2
1388720624.630356810 0 0 0 -14.838 0 0  0 -0.00418857 2
1388720624.730337818 0 0 0 -14.841 0 0  0 -0.000523577 2
1388720624.830346069 0 0 0 -14.844 0 0  0 -0.000523601 2
1388720624.930321211 0 0 0 -14.846 0 0  0 -0.000349127 2
1388720625.030428705 0 0 0 -14.85 0 0  0 -0.000697498 2
1388720625.130300624 0 0 0 -14.851 0 0  0 -0.000174661 2
1388720625.230398478 0 0 0 -14.853 0 0  0 -0.000348699 2
1388720625.330419577 0 0 0 -14.854 0 0  0 -0.000174567 2
1388720625.430355538 0 0 0 -14.857 0 0  0 -0.00052398 2
1388720625.530360226 0 0 0 -14.865 0 0  0 -0.0013961 2
1388720625.630354644 0 0 0 -14.869 0 0  0 -0.000698287 2
1388720625.730314915 0 0 0 -14.875 0 0  0 -0.00104754 2
1388720625.830320718 0 0 0 -14.88 0 0  0 -0.000872634 2
1388720625.930365912 0 0 0 -14.883 0 0  0 -0.000523408 2
1388720626.030326596 0 0 0 -14.885 0 0  0 -0.000349178 2
1388720626.130306422 0 0 0 -14.888 0 0  0 -0.000523583 2
1388720626.230412794 0 0 0 -14.888 0 0  0 0 2
1388720626.330317818 0 0 0 -14.891 0 0  0 -0.000524142 2
1388720626.430350231 0 0 0 -14.892 0 0  0 -0.000174547 2
1388720626.530311753 0 0 0 -14.896 0 0  0 -0.00069835 2
1388720626.630313160 0 0 0 -14.896 0 0  0 0 2
1388720626.730356816 0 0 0 -14.897 0 0  0 -0.000174527 2
1388720626.830334966 0 0 0 -14.898 0 0  0 -0.000174475 2
1388720627.130397212 0 0 0 -14.901 0 0  0 -0.000174512 2
1388720627.230400082 0 0 0 -14.911 0 0  0 -0.00174532 2
1388720627.330338561 0 0 0 -14.913 0 0  0 -0.000349255 2
1388720627.930651281 0 0 0 -14.915 0 0  0 -5.81431e-05 2
1388720628.030453216 0 0 0 -14.931 0 0  0 -0.00279803 2
1388720628.830463684 0 0 0 -14.931 0 0  0 0 2
1388720629.030348882 0 0 0 -14.963 0 0  0 -0.00279418 2
1388720629.130443164 0 0 0 -14.963 0 0  0 0 2
1388720629.430495570 0 0 0 -14.982 0 0  0 -0.00110519 2
1388720629.530478117 0 0 0 -14.987 0 0  0 -0.000872837 2
1388720629.630398642 0 0 0 -14.991 0 0  0 -0.000698636 2
1388720629.730370993 0 0 0 -14.992 0 0  0 -0.000174485 2
1388720629.830486314 0 0 0 -14.994 0 0  0 -0.000348805 2
1388720629.930322052 0 0 0 -14.995 0 0  0 -0.000174724 2
1388720630.030432059 0 0 0 -15.001 0 0  0 -0.00104614 2
1388720630.130521461 0 0 0 -15.002 0 0  0 -0.000174281 2
1388720630.230433183 0 0 0 -15.01 0 0  0 -0.00139756 2
1388720630.730446774 0 0 0 -15.032 0 0  0 -0.000767902 2
1388720630.830432601 0 0 0 -15.034 0 0  0 -0.000349256 2
1388720631.130446801 0 0 0 -15.046 0 0  0 -0.000698048 2
1388720631.230376756 0 0 0 -15.047 0 0  0 -0.000174726 2
1388720631.330321521 0 0 0 -15.052 0 0  0 -0.000873167 2
1388720631.430469801 0 0 0 -15.055 0 0  0 -0.000522869 2
1388720631.530438378 0 0 0 -15.054 0 0  0 0.000174658 2
1388720631.630313160 0 0 0 -15.056 0 0  0 -0.000349478 2
1388720631.730340755 0 0 0 -15.061 0 0  0 -0.000872444 2
1388720631.830378826 0 0 0 -15.064 0 0  0 -0.000523445 2
1388720631.930477728 0 0 0 -15.067 0 0  0 -0.000523127 2
1388720632.030479619 0 0 0 -15.068 0 0  0 -0.000174434 2
1388720632.130344760 0 0 0 -15.074 0 0  0 -0.0010487 2
1388720632.230357689 0 0 0 -15.078 0 0  0 -0.000697991 2
1388720632.330402186 0 0 0 -15.084 0 0  0 -0.00104666 2
1388720632.430453176 0 0 0 -15.087 0 0  0 -0.000523377 2
1388720632.530458773 0.00170337 -0.00221629 0.004 -15.091 0.0170328 -0.0221617  0.0399978 -0.000698042 7
1388720632.630500324 0.00486003 -0.00660869 0.041 -15.097 0.0315535 -0.0439057  0.369846 -0.00104685 7
1388720632.730445449 0.00893099 -0.0123066 0.109 -15.101 0.0407319 -0.0570107  0.680373 -0.000698464 7
1388720632.830407314 0.0139843 -0.0187662 0.249 -15.109 0.0505526 -0.0646208  1.40053 -0.00139686 7
1388720633.030423536 0.0269368 -0.032184 0.595 -15.118 0.0647572 -0.0670833  1.72986 -0.000785319 7
1388720633.130339734 0.0294398 -0.0358185 0.287 -15.097 0.0250506 -0.0363757  -3.08258 0.00366825 7
1388720633.230387372 0.0297144 -0.0388713 0.297 -15.116 0 -0.0305131  0.0999524 -0.00331456 7
1388720633.330443249 0.0369586 -0.040072 0.309 -15.111 0.0724013 -0.0120008  0.119933 0.000872197 7
1388720635.530329006 -0.0742964 0.221849 -3.219 -15.022 -0.0505731 0.119061  -1.60372 0.0007061 7
1388720636.230392610 -0.201497 0.136973 0.086 -15.588 -0.181699 -0.12124  4.721 -0.014111 7
1388720636.330436828 -0.208357 0.138546 0.501 174.68 -0.0685652 0.0157173  4.14817 33.1934 7
1388720636.430448076 -0.214288 0.141016 0.503 174.656 -0.059308 0.0246962  0.0199978 -0.00418602 7
1388720638.130451621 -0.182174 0.0594337 0.943 174.802 0.0188904 -0.0479893  0.258823 0.00149889 7
1388720638.830325746 -0.160706 0.028674 0.938 174.905 0.0306742 -0.0439503  0 0.00256851 7
1388720641.030595972 -0.0696435 0.0361576 0.961 175.01 0.0413871 0  0.0104533 0.000832862 4
1388720642.130774633 9.97708 0.0210355 0.963 179.968 0.0393716 -0.0191268  0 0.0786541 4
1388720642.231438623 9.98053 0.0189298 0.972 -179.871 0.0342353 -0.0209181  0.0894064 -62.3895 3
1388720642.332009722 9.98365 0.0166988 0.973 -179.864 0.0310655 -0.0221833  0 0.0012128 3
1388720644.242554772 7.49915 0.140505 0.832 -179.911 -1.30041 0.0648017  -0.0738009 -0.00042933 3
1388720644.343093324 7.36764 0.14665 0.832 -179.918 -1.3081 0.0611129  0 -0.00121584 3
1388720645.550303335 6.2857 -0.276188 0.763 -173.733 -0.896231 -0.35026  -0.0571566 0.0894199 3
1388720647.905039293 9.56099 -0.268396 0.691 136.254 1.39094 0  -0.0305767 2.29762 3
1388720648.005658868 9.70142 -0.268303 0.692 136.057 1.39563 0  0 -0.0341723 3
1388720652.371144729 10.6864 -4.37601 0.819 -113.694 0.225626 -0.94095  0.0290918 -0.998509 3
1388720652.471846361 10.7173 -4.46361 0.82 -112.641 0.306657 -0.869941  0 0.182503 3
1388720652.572413896 10.7574 -4.55065 0.822 -113.063 0.398941 -0.865429  0.0198871 -0.0732381 3
1388720653.275707939 10.651 -5.13591 0.957 -144.443 -0.151272 -0.832172  0.191954 -0.778742 3
1388720653.476549256 10.6076 -5.25553 0.945 -156.215 -0.21618 -0.59559  -0.0597487 -1.023 3
1388720656.370978223 10.6076 -5.25553 0 -171.885 0 0  -0.326489 -0.0944895 2
1388720656.471101778 10.6076 -5.25553 0 -171.882 0 0  0 0.000523995 2
1388720656.871147907 10.6076 -5.25553 0 -171.882 0 0  0 0 2
1388720656.970939645 10.6076 -5.25553 0 -171.879 0 0  0 0.000523069 2
1388720657.771047395 10.6076 -5.25553 0 -171.861 0 0  0 0.000392763 2
1388720658.071014600 10.6076 -5.25553 0 -171.854 0 0  0 0.000407508 2
1388720658.171070754 10.6076 -5.25553 0 -171.853 0 0  0 0.000173008 2
1388720658.270930309 10.6076 -5.25553 0 -171.852 0 0  0 0.000176016 2
1388720658.370958116 10.6076 -5.25553 0 -171.847 0 0  0 0.000870612 2
1388720658.471060303 10.6076 -5.25553 0 -171.843 0 0  0 0.000699696 2
1388720658.570902880 10.6076 -5.25553 0 -171.842 0 0  0 0.000173378 2
1388720658.670919657 10.6076 -5.25553 0 -171.84 0 0  0 0.000348816 2
1388720658.770982376 10.6076 -5.25553 0 -171.839 0 0  0 0.000175658 2
1388720658.870904227 10.6076 -5.25553 0 -171.837 0 0  0 0.000349147 2
1388720658.970941812 10.6076 -5.25553 0 -171.834 0 0  0 0.000521783 2
1388720659.170911373 10.6076 -5.25553 0 -171.831 0 0  0 0.000262361 2
1388720659.270915644 10.6076 -5.25553 0 -171.825 0 0  0 0.00104658 2
1388720659.370928147 10.6076 -5.25553 0 -171.826 0 0  0 -0.000173084 2
1388720659.470987032 10.6076 -5.25553 0 -171.827 0 0  0 -0.000175665 2
1388720659.570848613 10.6076 -5.25553 0 -171.827 0 0  0 0 2
1388720659.671102355 10.6076 -5.25553 0 -171.825 0 0  0 0.000347991 2
