1388574315.749624891 -8.39403e-19 -4.46746e-17 0 -134.982 0 0  0 -0.391592 2
1388574315.849605485 -8.51776e-19 -4.53462e-17 0 -134.961 0 0  0 0.00366522 2
1388574315.949715562 -8.62814e-19 -4.59576e-17 0 -134.94 0 0  0 0.00366048 2
1388574316.049604312 -8.72489e-19 -4.65067e-17 0 -134.915 0 0  0 0.00436978 2
1388574316.149605923 -8.81128e-19 -4.70065e-17 0 -134.896 0 0  0 0.00331558 2
1388574316.249703709 -8.88731e-19 -4.74568e-17 0 -134.873 0 0  0 0.00400946 2
1388574316.349685138 -8.95444e-19 -4.78636e-17 0 -134.851 0 0  0 0.00384099 2
1388574316.449773279 -9.01461e-19 -4.82358e-17 0 -134.832 0 0  0 0.00331272 2
1388574316.549720492 -9.06708e-19 -4.85686e-17 0 -134.809 0 0  0 0.0040155 2
1388574316.649691656 -9.11351e-19 -4.88698e-17 0 -134.789 0 0  0 0.00349241 2
1388574316.749694735 -9.15461e-19 -4.91423e-17 0 -134.77 0 0  0 0.00331553 2
1388574316.849647598 -9.1911e-19 -4.939e-17 0 -134.75 0 0  0 0.00349305 2
1388574316.949690278 -9.22307e-19 -4.96131e-17 0 -134.727 0 0  0 0.00401167 2
1388574317.049681621 -9.25121e-19 -4.98148e-17 0 -134.705 0 0  0 0.00384061 2
1388574317.149785974 -9.27618e-19 -4.99984e-17 0 -134.685 0 0  0 0.00348776 2
1388574317.249610611 -9.29809e-19 -5.0164e-17 0 -134.664 0 0  0 0.00367095 2
1388574317.349606008 -9.31745e-19 -5.03141e-17 0 -134.645 0 0  0 0.00331579 2
1388574317.449753167 -9.33449e-19 -5.045e-17 0 -134.624 0 0  0 0.00366178 2
1388574317.549606229 -9.34939e-19 -5.05727e-17 0 -134.602 0 0  0 0.00384326 2
1388574317.649683277 -9.36251e-19 -5.06839e-17 0 -134.582 0 0  0 0.00348872 2
1388574317.749619236 -9.37393e-19 -5.07843e-17 0 -134.558 0 0  0 0.00419184 2
1388574317.849602060 -9.38396e-19 -5.08752e-17 0 -134.538 0 0  0 0.003492 2
1388574317.949647810 -9.39285e-19 -5.09583e-17 0 -134.519 0 0  0 0.00331412 2
1388574318.049731070 -9.40054e-19 -5.10332e-17 0 -134.495 0 0  0 0.00418567 2
1388574318.149696367 -9.40716e-19 -5.11005e-17 0 -134.47 0 0  0 0.00436377 2
1388574318.249729480 -9.41292e-19 -5.11614e-17 0 -134.448 0 0  0 0.00383901 2
1388574318.349694777 -9.41792e-19 -5.12164e-17 0 -134.426 0 0  0 0.00384161 2
1388574318.449600008 -9.42224e-19 -5.12662e-17 0 -134.404 0 0  0 0.00384126 2
1388574318.549664265 -9.42603e-19 -5.13115e-17 0 -134.385 0 0  0 0.00331617 2
1388574318.649696263 -9.42927e-19 -5.13523e-17 0 -134.361 0 0  0 0.00418781 2
1388574318.749604218 -9.43206e-19 -5.13892e-17 0 -134.34 0 0  0 0.00366789 2
1388574318.849712481 -9.43448e-19 -5.14227e-17 0 -134.32 0 0  0 0.00348497 2
1388574318.949604864 -9.43656e-19 -5.1453e-17 0 -134.299 0 0  0 0.00367112 2
1388574319.049605706 -9.43834e-19 -5.14805e-17 0 -134.278 0 0  0 0.00366448 2
1388574319.149603900 -9.43987e-19 -5.15053e-17 0 -134.258 0 0  0 0.00349147 2
1388574319.249584069 -9.44115e-19 -5.15278e-17 0 -134.235 0 0  0 0.00401418 2
1388574319.349643722 -9.44225e-19 -5.15481e-17 0 -134.215 0 0  0 0.00348932 2
1388574319.449683050 -9.44316e-19 -5.15665e-17 0 -134.191 0 0  0 0.00418751 2
1388574319.549689344 -9.44392e-19 -5.15831e-17 0 -134.168 0 0  0 0.00401313 2
1388574319.649689482 -9.44455e-19 -5.15981e-17 0 -134.147 0 0  0 0.0036645 2
1388574319.749651921 -9.44507e-19 -5.16117e-17 0 -134.124 0 0  0 0.00401756 2
1388574319.849687062 -9.4455e-19 -5.1624e-17 0 -134.105 0 0  0 0.00331447 2
1388574319.949603187 -9.44584e-19 -5.16352e-17 0 -134.083 0 0  0 0.0038435 2
1388574320.049613668 -9.44611e-19 -5.16452e-17 0 -134.062 0 0  0 0.00366413 2
1388574320.149594050 -9.44633e-19 -5.16543e-17 0 -134.041 0 0  0 0.00366523 2
1388574320.249602090 -9.44649e-19 -5.16626e-17 0 -134.019 0 0  0 0.00383997 2
1388574320.349610965 -9.4466e-19 -5.167e-17 0 -133.995 0 0  0 0.00418878 2
1388574320.449601823 -9.44668e-19 -5.16768e-17 0 -133.974 0 0  0 0.00366484 2
1388574320.549686055 -9.44673e-19 -5.16829e-17 0 -133.952 0 0  0 0.00383705 2
1388574320.649697937 -9.44676e-19 -5.16884e-17 0 -133.932 0 0  0 0.00348833 2
1388574320.749718621 -9.44676e-19 -5.16934e-17 0 -133.911 0 0  0 0.00366641 2
1388574320.849680631 -9.44674e-19 -5.16979e-17 0 -133.885 0 0  0 0.00453975 2
1388574320.949697750 -9.44671e-19 -5.1702e-17 0 -133.862 0 0  0 0.0040127 2
1388574321.049688815 -9.44667e-19 -5.17057e-17 0 -133.842 0 0  0 0.00349172 2
1388574321.149734286 -9.44662e-19 -5.17091e-17 0 -133.822 0 0  0 0.00348716 2
1388574321.249655653 -9.44656e-19 -5.17121e-17 0 -133.798 0 0  0 0.00419245 2
1388574321.349695406 -9.4465e-19 -5.17148e-17 0 -133.776 0 0  0 0.00383875 2
1388574321.449649597 -9.44643e-19 -5.17173e-17 0 -133.757 0 0  0 0.00331716 2
1388574321.549715812 -9.44637e-19 -5.17196e-17 0 -133.737 0 0  0 0.00348909 2
1388574321.649589896 -9.4463e-19 -5.17216e-17 0 -133.715 0 0  0 0.00384512 2
1388574321.749625380 -9.44623e-19 -5.17234e-17 0 -133.693 0 0  0 0.00383892 2
1388574321.849695162 -9.44616e-19 -5.17251e-17 0 -133.669 0 0  0 0.00418357 2
1388574321.949606956 -9.44609e-19 -5.17266e-17 0 -133.649 0 0  0 0.00349449 2
1388574322.049687907 -9.44603e-19 -5.1728e-17 0 -133.626 0 0  0 0.00401014 2
1388574322.149603270 -9.44596e-19 -5.17292e-17 0 -133.606 0 0  0 0.00349436 2
1388574322.249681500 -9.4459e-19 -5.17303e-17 0 -133.586 0 0  0 0.00348867 2
1388574322.349601887 -9.44584e-19 -5.17313e-17 0 -133.562 0 0  0 0.00419249 2
1388574322.449681096 -9.44578e-19 -5.17323e-17 0 -133.537 0 0  0 0.00435881 2
1388574322.549708902 -9.44572e-19 -5.17331e-17 0 -133.52 0 0  0 0.00296594 2
1388574322.649657431 -9.44567e-19 -5.17338e-17 0 -133.502 0 0  0 0.00314415 2
1388574322.749680557 -9.44562e-19 -5.17345e-17 0 -133.48 0 0  0 0.00383939 2
1388574322.849573706 -9.44557e-19 -5.17351e-17 0 -133.46 0 0  0 0.00349247 2
1388574322.949696635 -9.44553e-19 -5.17357e-17 0 -133.436 0 0  0 0.00418401 2
1388574323.049603054 -9.44548e-19 -5.17362e-17 0 -133.414 0 0  0 0.00384388 2
1388574323.149648173 -9.44544e-19 -5.17366e-17 0 -133.391 0 0  0 0.00401157 2
1388574323.249684225 -9.4454e-19 -5.1737e-17 0 -133.369 0 0  0 0.00383889 2
1388574323.349608311 -9.44537e-19 -5.17374e-17 0 -133.347 0 0  0 0.0038432 2
1388574323.449603355 -9.44533e-19 -5.17377e-17 0 -133.324 0 0  0 0.00401358 2
1388574323.549592121 -9.4453e-19 -5.1738e-17 0 -133.304 0 0  0 0.0034918 2
1388574323.649606450 -9.44527e-19 -5.17383e-17 0 -133.28 0 0  0 0.00418855 2
1388574323.749643334 -9.44524e-19 -5.17386e-17 0 -133.263 0 0  0 0.00296567 2
1388574323.849696975 -9.44522e-19 -5.17388e-17 0 -133.241 0 0  0 0.00383822 2
1388574323.949678751 -9.44519e-19 -5.1739e-17 0 -133.219 0 0  0 0.00384098 2
1388574324.049736030 -9.44517e-19 -5.17392e-17 0 -133.197 0 0  0 0.00383542 2
1388574324.149734504 -9.44515e-19 -5.17393e-17 0 -133.175 0 0  0 0.00384034 2
1388574324.249731158 -9.44513e-19 -5.17395e-17 0 -133.151 0 0  0 0.00418929 2
1388574324.349593785 -9.44511e-19 -5.17396e-17 0 -133.128 0 0  0 0.0040189 2
1388574324.449735218 -9.44509e-19 -5.17398e-17 0 -133.108 0 0  0 0.00348647 2
1388574324.549604552 -9.44508e-19 -5.17399e-17 0 -133.086 0 0  0 0.0038453 2
1388574324.649765127 -9.44506e-19 -5.174e-17 0 -133.062 0 0  0 0.00418244 2
1388574324.749604708 -9.44505e-19 -5.17401e-17 0 -133.038 0 0  0 0.00419588 2
1388574324.849626926 -9.44504e-19 -5.17401e-17 0 -133.015 0 0  0 0.00401249 2
1388574324.949610521 -9.44502e-19 -5.17402e-17 0 -132.988 0 0  0 0.0047119 2
1388574325.049606126 -9.44501e-19 -5.17403e-17 0 -132.968 0 0  0 0.00349156 2
1388574325.149682819 -9.445e-19 -5.17404e-17 0 -132.948 0 0  0 0.00348873 2
1388574325.249622484 -9.44499e-19 -5.17404e-17 0 -132.927 0 0  0 0.00366672 2
1388574325.349703361 -9.44498e-19 -5.17405e-17 0 -132.904 0 0  0 0.00401014 2
1388574325.449603285 -9.44498e-19 -5.17405e-17 0 -132.882 0 0  0 0.00384413 2
1388574325.549601548 -9.44497e-19 -5.17405e-17 0 -132.862 0 0  0 0.00349146 2
1388574325.649661134 -9.44496e-19 -5.17406e-17 0 -132.84 0 0  0 0.00383799 2
1388574325.749595349 -9.44496e-19 -5.17406e-17 0 -132.823 0 0  0 0.00296871 2
1388574325.849657444 -9.44495e-19 -5.17406e-17 0 -132.802 0 0  0 0.00366224 2
1388574325.949590054 -9.44494e-19 -5.17407e-17 0 -132.78 0 0  0 0.00384287 2
1388574326.049836881 -9.44494e-19 -5.17407e-17 0 -132.761 0 0  0 0.00330747 2
1388574326.149584970 -9.44493e-19 -5.17407e-17 0 -132.737 0 0  0 0.00419973 2
1388574326.249696105 -9.44493e-19 -5.17407e-17 0 -132.716 0 0  0 0.00366044 2
1388574326.349710073 -9.44493e-19 -5.17408e-17 0 -132.695 0 0  0 0.003664 2
1388574326.449594697 -9.44492e-19 -5.17408e-17 0 -132.673 0 0  0 0.00384471 2
1388574326.549621460 -9.44492e-19 -5.17408e-17 0 -132.65 0 0  0 0.00401497 2
1388574326.649696473 -9.44492e-19 -5.17408e-17 0 -132.629 0 0  0 0.00366176 2
1388574326.749645008 -9.44491e-19 -5.17408e-17 0 -132.608 0 0  0 0.0036664 2
1388574326.849684754 -9.44491e-19 -5.17408e-17 0 -132.583 0 0  0 0.00436319 2
1388574326.949711865 -9.44491e-19 -5.17408e-17 0 -132.561 0 0  0 0.00383657 2
1388574327.049719548 -9.44491e-19 -5.17408e-17 0 -132.538 0 0  0 0.00401574 2
1388574327.149734782 -9.4449e-19 -5.17409e-17 0 -132.514 0 0  0 0.00418585 2
1388574327.249717745 -9.4449e-19 -5.17409e-17 0 -132.494 0 0  0 0.003492 2
1388574327.349738637 -9.4449e-19 -5.17409e-17 0 -132.471 0 0  0 0.00401521 2
1388574327.449649874 -9.4449e-19 -5.17409e-17 0 -132.45 0 0  0 0.00366777 2
1388574327.549732988 -9.4449e-19 -5.17409e-17 0 -132.427 0 0  0 0.00401005 2
1388574327.649596110 -9.4449e-19 -5.17409e-17 0 -132.404 0 0  0 0.00401888 2
1388574327.749614900 -9.4449e-19 -5.17409e-17 0 -132.383 0 0  0 0.00366648 2
1388574327.849576361 -9.44489e-19 -5.17409e-17 0 -132.36 0 0  0 0.00401493 2
1388574327.949593199 -9.44489e-19 -5.17409e-17 0 -132.341 0 0  0 0.00331508 2
1388574328.049616742 -9.44489e-19 -5.17409e-17 0 -132.319 0 0  0 0.00383937 2
1388574328.149617589 -9.44489e-19 -5.17409e-17 0 -132.298 0 0  0 0.00366448 2
1388574328.249585885 -9.44489e-19 -5.17409e-17 0 -132.276 0 0  0 0.0038415 2
1388574328.349692674 -9.44489e-19 -5.17409e-17 0 -132.254 0 0  0 0.00383618 2
1388574328.449692825 -9.44489e-19 -5.17409e-17 0 -132.231 0 0  0 0.00401338 2
1388574328.549685359 -9.44489e-19 -5.17409e-17 0 -132.209 0 0  0 0.00384057 2
1388574328.649613921 -9.44489e-19 -5.17409e-17 0 -132.189 0 0  0 0.0034939 2
1388574328.749699132 -9.44489e-19 -5.17409e-17 0 -132.17 0 0  0 0.00331281 2
1388574328.849603319 -9.44489e-19 -5.17409e-17 0 -132.149 0 0  0 0.00366802 2
1388574328.949735953 -9.44489e-19 -5.17409e-17 0 -132.126 0 0  0 0.00400807 2
1388574329.049604938 -9.44489e-19 -5.17409e-17 0 -132.102 0 0  0 0.00419465 2
1388574329.149658653 -9.44489e-19 -5.17409e-17 0 -132.082 0 0  0 0.00348953 2
1388574329.249576252 -9.44489e-19 -5.17409e-17 0 -132.059 0 0  0 0.00401669 2
1388574329.349590922 -9.44489e-19 -5.17409e-17 0 -132.035 0 0  0 0.00418854 2
1388574329.449705051 -9.44489e-19 -5.17409e-17 0 -132.012 0 0  0 0.00401147 2
1388574329.549702054 -9.44489e-19 -5.17409e-17 0 -131.991 0 0  0 0.00366462 2
1388574329.649694375 -9.44488e-19 -5.17409e-17 0 -131.967 0 0  0 0.00418947 2
1388574329.749705208 -9.44488e-19 -5.17409e-17 0 -131.942 0 0  0 0.00436179 2
1388574329.849706407 -9.44488e-19 -5.17409e-17 0 -131.921 0 0  0 0.00366447 2
1388574329.949702017 -9.44488e-19 -5.17409e-17 0 -131.898 0 0  0 0.00401622 2
1388574330.049689439 -9.44488e-19 -5.17409e-17 0 -131.876 0 0  0 0.0038381 2
1388574330.149608574 -9.44488e-19 -5.17409e-17 0 -131.854 0 0  0 0.00384339 2
1388574330.249686036 -9.44488e-19 -5.17409e-17 0 -131.833 0 0  0 0.00366433 2
1388574330.349630590 -9.44488e-19 -5.17409e-17 0 -131.813 0 0  0 0.00349068 2
1388574330.449696390 -9.44488e-19 -5.17409e-17 0 -131.788 0 0  0 0.00436205 2
1388574330.549643737 -9.44488e-19 -5.17409e-17 0 -131.764 0 0  0 0.00418869 2
1388574330.649685786 -9.44488e-19 -5.17409e-17 0 -131.742 0 0  0 0.00383866 2
1388574330.749597022 -9.44488e-19 -5.17409e-17 0 -131.717 0 0  0 0.0043688 2
1388574330.849729387 -9.44488e-19 -5.17409e-17 0 -131.696 0 0  0 0.00365967 2
1388574330.949740144 -9.44488e-19 -5.17409e-17 0 -131.678 0 0  0 0.00314219 2
1388574331.049608293 -9.44488e-19 -5.17409e-17 0 -131.668 0 0  0 0.00174667 2
1388574331.149787862 -9.44488e-19 -5.17409e-17 0 -131.628 0 0  0 0.00696763 2
1388574331.249597059 -9.44488e-19 -5.17409e-17 0 -131.603 0 0  0 0.00437327 2
1388574331.349695127 -9.44488e-19 -5.17409e-17 0 -131.581 0 0  0 0.00383652 2
1388574331.449622078 -9.44488e-19 -5.17409e-17 0 -131.559 0 0  0 0.00384042 2
1388574331.549599247 -9.44488e-19 -5.17409e-17 0 -131.536 0 0  0 0.00401696 2
1388574331.649626002 -9.44488e-19 -5.17409e-17 0 -131.517 0 0  0 0.00331475 2
1388574331.749712892 -9.44488e-19 -5.17409e-17 0 -131.494 0 0  0 0.0040099 2
1388574331.849702141 -9.44488e-19 -5.17409e-17 0 -131.473 0 0  0 0.0036649 2
1388574331.949602346 -9.44488e-19 -5.17409e-17 0 -131.458 0 0  0 0.00262317 2
1388574332.049599770 -9.44488e-19 -5.17409e-17 0 -131.439 0 0  0 0.00331572 2
1388574332.149727308 -9.44488e-19 -5.17409e-17 0 -131.412 0 0  0 0.00470513 2
1388574332.249596085 -9.44488e-19 -5.17409e-17 0 -131.392 0 0  0 0.00349599 2
1388574332.349725920 -9.44488e-19 -5.17409e-17 0 -131.37 0 0  0 0.0038353 2
1388574332.449767208 -9.44488e-19 -5.17409e-17 0 -131.368 0 0  0 0.00034873 2
1388574332.549732787 -9.44488e-19 -5.17409e-17 0 -131.362 0 0  0 0.00104698 2
1388574379.449772936 1.16329 -2.40471 0.761 -167.074 0.0248037 -0.0512732  0.016226 -0.0132898 4
1388574380.550182700 11.654 -2.04541 0.783 -179.822 -0.016081 0.0346666  0.0199926 -0.202192 4
1388574380.650870228 11.6534 -2.04356 0.778 -179.737 0 0.0183999  -0.0496586 0.0147325 4
1388574380.751626335 11.6527 -2.04175 0.778 -179.735 0 0.0179164  0 0.000346256 4
1388574380.952851925 11.656 -2.03913 0.773 -179.7 0.0161323 0.0130385  -0.0248477 0.00303604 3
1388574381.053506905 11.6576 -2.03798 0.772 -179.703 0.0158967 0.0114177  0 -0.000518583 3
1388574381.154173337 11.6587 -2.03656 0.764 -179.592 0.0111933 0.0141123  -0.0794704 0.0192436 3
1388574381.254705878 11.66 -2.03471 0.763 -179.621 0.0135688 0.0184169  0 -0.00503585 3
1388574381.355244720 11.6615 -2.03275 0.762 -179.727 0.0148817 0.0195135  0 -0.0183992 3
1388574381.455930218 11.663 -2.03104 0.762 -179.943 0.0148652 0.016958  0 -0.037443 3
1388574381.556606075 11.6602 -2.02704 0.76 174.728 -0.0280122 0.0396997  -0.0198657 61.4862 3
1388574381.861371503 11.6225 -1.95673 0.755 155.466 -0.123781 0.23071  -0.0164061 -1.1031 3
1388574381.961921096 11.6104 -1.93404 0.754 154.824 -0.120085 0.225685  0 -0.111437 3
1388574382.062479965 11.5918 -1.94332 0.739 144.354 -0.184644 -0.0922768  -0.149166 -1.8172 3
1388574382.163096816 11.5928 -1.97298 0.724 134.595 0 -0.294846  -0.14908 -1.69283 3
1388574382.263818142 11.5956 -2.0031 0.722 133.434 0.0275318 -0.298995  -0.0198568 -0.201181 3
1388574382.364218411 11.5916 -2.02139 0.718 133.274 -0.0400886 -0.18219  -0.0398405 -0.0278146 3
1388574382.464692000 11.5896 -2.05031 0.716 133.14 -0.0197544 -0.287881  -0.0199057 -0.0232776 3
1388574382.565173296 11.5929 -2.08527 0.719 132.917 0.0328355 -0.347918  0.0298563 -0.038733 3
1388574382.665689079 11.5994 -2.12759 0.72 132.573 0.0649201 -0.421  0 -0.0597329 3
1388574382.766204588 11.6039 -2.17054 0.717 132.036 0.0445139 -0.427288  -0.0298461 -0.0932413 3
1388574382.967374785 11.5867 -2.2158 0.717 131.88 -0.0853347 -0.224967  0 -0.0135349 3
1388574383.268958667 11.4523 -2.16501 0.718 131.105 -0.445632 0.168405  0 -0.0448505 3
1388574383.369606661 11.422 -1.98909 0.704 128.801 -0.301683 1.74784  -0.139099 -0.399535 3
1388574383.470277429 11.3876 -1.78648 0.694 127.606 -0.342004 2.01263  -0.0993337 -0.207178 3
1388574383.570889598 11.3556 -1.57622 0.69 126.961 -0.317507 2.08979  -0.0397566 -0.11189 3
1388574383.671492266 11.3274 -1.54115 0.706 126.089 -0.280857 0.348608  0.159042 -0.15128 3
1388574383.772163023 11.3097 -1.47852 0.721 126.569 -0.174894 0.622117  0.149001 0.0832169 3
1388574383.872754161 11.3014 -1.43411 0.746 127.128 -0.082935 0.441516  0.248531 0.0969916 3
1388574383.973372338 11.2656 -1.29591 0.768 127.112 -0.35572 1.37345  0.218648 -0.00277649 3
1388574384.073925567 11.2496 -1.16494 0.79 127.003 -0.158772 1.30258  0.21879 -0.0189183 3
1388574384.174564062 11.2303 -1.03012 0.792 127.035 -0.192179 1.33959  0.0198731 0.00554922 3
1388574384.275309831 11.2066 -0.899794 0.804 127.239 -0.235164 1.29363  0.119112 0.0353402 3
1388574384.375950339 11.1657 -0.819086 0.808 130.137 -0.406842 0.801946  0.0397454 0.502579 3
1388574384.476608887 11.1198 -0.73433 0.808 130.313 -0.455446 0.842008  0 0.0305159 3
1388574388.950625102 14.5568 -4.25271 0.711 -171.341 0.768202 -0.786404  -0.0216807 -1.17676 3
1388574389.150482570 14.5866 -4.07305 0.512 -157.361 0.149324 0.898953  -0.99571 1.22085 8
1388574389.350601249 14.4908 -3.9881 0.351 -156.248 -0.478618 0.424516  -0.804523 0.0970692 8
1388574389.450632053 14.4493 -3.95494 0.298 -156.216 -0.415264 0.33151  -0.529837 0.00558559 8
1388574389.550708887 14.4173 -3.9372 0.271 -156.093 -0.319841 0.177204  -0.269793 0.0214486 8
1388574389.750713511 14.3861 -3.90666 0.146 -156.204 -0.156093 0.152716  -0.624986 -0.00968569 8
1388574389.850523198 14.3377 -3.87858 0 -156.402 -0.484949 0.281285  -1.46278 -0.0346231 2
1388574389.950704443 14.2915 -3.85165 0 -156.554 -0.460558 0.26881  0 -0.0264824 2
1388574390.050515528 14.2622 -3.83467 0 -156.315 -0.294037 0.170115  0 0.041792 2
1388574390.250879418 14.2158 -3.80792 0 -156.259 -0.231273 0.133507  0 0.00487935 2
1388574390.350711801 14.1939 -3.79525 0 -156.246 -0.219992 0.12693  0 0.00227016 2
1388574390.450477638 14.1755 -3.78469 0 -156.206 -0.183737 0.105844  0 0.0069992 2
1388574390.550518222 14.1589 -3.77512 0 -156.187 -0.166239 0.0956913  0 0.00331429 2
1388574390.650487149 14.1439 -3.76647 0 -156.166 -0.15041 0.0865072  0 0.00366565 2
1388574390.750644158 14.13 -3.75848 0 -156.149 -0.13884 0.0797987  0 0.00296211 2
1388574390.850496172 14.1177 -3.75146 0 -156.122 -0.122518 0.0703404  0 0.00472078 2
1388574390.950726378 14.1066 -3.74508 0 -156.102 -0.110852 0.0635908  0 0.00348339 2
1388574391.050564001 14.0966 -3.73934 0 -156.084 -0.100294 0.0574926  0 0.00314497 2
1388574391.150582233 14.0875 -3.73412 0 -156.065 -0.0911994 0.0522389  0 0.00331503 2
1388574391.250619324 14.0792 -3.72937 0 -156.046 -0.0829293 0.0474651  0 0.00331707 2
1388574391.350489149 14.0718 -3.72513 0 -156.019 -0.0742896 0.0424734  0 0.00471727 2
1388574391.450715237 14.065 -3.72126 0 -156 -0.0675529 0.0385919  0 0.00330816 2
1388574391.550567600 14.0589 -3.71778 0 -155.978 -0.061122 0.0348867  0 0.00384596 2
1388574391.650486098 14.0534 -3.71462 0 -155.958 -0.0553021 0.0315391  0 0.00349425 2
1388574391.750717908 14.0481 -3.71163 0 -155.945 -0.052342 0.0298352  0 0.00226377 2
1388574391.850494074 14.0436 -3.70904 0 -155.914 -0.0457302 0.0260334  0 0.00542101 2
1388574391.950493177 14.0395 -3.7067 0 -155.893 -0.0411695 0.023417  0 0.00366721 2
1388574392.050627415 14.0357 -3.70458 0 -155.872 -0.0372499 0.0211694  0 0.0036596 2
1388574392.150522664 14.0324 -3.70267 0 -155.852 -0.0335346 0.0190423  0 0.00349507 2
1388574392.250569879 14.0293 -3.70092 0 -155.836 -0.0309549 0.017566  0 0.00278968 2
1388574392.450467715 14.0243 -3.6981 0 -155.786 -0.0248403 0.0140673  0 0.00436582 2
1388574392.550520594 14.0221 -3.69682 0 -155.77 -0.0225872 0.0127829  0 0.00279218 2
1388574392.650717065 14.02 -3.69566 0 -155.751 -0.0206423 0.0116731  0 0.00330913 2
