-0.0187103 0.268521 0.974 1.00006
-0.00581132 0.269146 0.972589 1.10006
0.0130615 0.26968 0.971393 1.20006
0.0369464 0.269726 0.97035 1.30006
0.0650177 0.268892 0.969416 1.40006
0.0965563 0.266818 0.968563 1.50006
0.130929 0.263197 0.967771 1.60006
0.167575 0.257779 0.967026 1.70006
0.205993 0.250365 0.966319 1.80006
0.245734 0.240809 0.965642 1.90006
0.286396 0.229006 0.964991 2.00006
0.327619 0.214894 0.964363 2.10006
0.369078 0.198439 0.963754 2.20006
0.41048 0.179635 0.963164 2.30006
0.451562 0.1585 0.96259 2.40006
0.461455 0.150422 0.960824 2.50006
0.47608 0.138671 0.959176 2.60006
0.494773 0.123986 0.957633 2.70006
0.516974 0.106958 0.95618 2.80006
0.542179 0.0880408 0.954807 2.90006
0.569935 0.067577 0.953506 3.00006
0.599844 0.0458335 0.95227 3.10006
0.631564 0.0230216 0.951091 3.20006
0.664803 -0.000688318 0.949966 3.30006
0.699313 -0.0251563 0.948889 3.40006
0.734885 -0.0502666 0.947857 3.50006
0.771343 -0.0759222 0.946866 3.60006
0.808541 -0.102042 0.945913 3.70006
0.846355 -0.128558 0.944996 3.80006
0.884682 -0.155411 0.944111 3.90006
0.923436 -0.182554 0.943257 4.00006
0.962544 -0.209944 0.942431 4.10006
1.00195 -0.237547 0.941632 4.20006
1.04159 -0.265332 0.940858 4.30006
1.08144 -0.293275 0.940107 4.40006
1.12145 -0.321353 0.939378 4.50006
1.1616 -0.349549 0.938669 4.60006
1.20187 -0.377847 0.93798 4.70006
1.24222 -0.406233 0.937309 4.80006
1.28266 -0.434696 0.936655 4.90006
1.32315 -0.463227 0.936017 5.00006
1.36369 -0.491816 0.935394 5.10006
1.40428 -0.520458 0.934786 5.20006
1.44489 -0.549146 0.93419 5.30006
1.48553 -0.577874 0.933608 5.40006
1.52619 -0.606639 0.933037 5.50006
1.56687 -0.635436 0.932478 5.60006
1.60756 -0.664261 0.931929 5.70006
1.64825 -0.693113 0.93139 5.80006
1.68896 -0.721988 0.93086 5.90006
1.72966 -0.750884 0.93034 6.00006
1.77037 -0.7798 0.929827 6.10006
1.81108 -0.808734 0.929323 6.20006
1.85179 -0.837683 0.928826 6.30006
1.89249 -0.866647 0.928337 6.40006
1.9332 -0.895626 0.927854 6.50006
1.9739 -0.924616 0.927377 6.60006
2.0146 -0.953619 0.926906 6.70006
2.0553 -0.982632 0.926441 6.80006
2.09599 -1.01166 0.925981 6.90006
2.13668 -1.04069 0.925526 7.00006
2.17737 -1.06973 0.925076 7.10006
2.21805 -1.09878 0.924631 7.20006
2.25873 -1.12784 0.924189 7.30006
2.29941 -1.1569 0.923752 7.40006
2.34008 -1.18598 0.923318 7.50006
2.38075 -1.21506 0.922888 7.60006
2.42141 -1.24414 0.922461 7.70006
2.46208 -1.27323 0.922038 7.80006
2.50273 -1.30233 0.921618 7.90006
2.54339 -1.33143 0.9212 8.00006
2.58404 -1.36054 0.920785 8.10006
2.62469 -1.38965 0.920373 8.20006
2.66534 -1.41876 0.919963 8.30006
2.70598 -1.44788 0.919555 8.40006
2.74662 -1.47701 0.919149 8.50006
2.78726 -1.50614 0.918746 8.60006
2.82789 -1.53527 0.918344 8.70006
2.86853 -1.5644 0.917944 8.80006
2.90916 -1.59354 0.917546 8.90006
2.94979 -1.62268 0.91715 9.00006
2.99042 -1.65183 0.916755 9.10006
3.03104 -1.68098 0.916361 9.20006
3.07166 -1.71013 0.915969 9.30006
3.11229 -1.73928 0.915578 9.40006
3.1529 -1.76843 0.915189 9.50006
3.19352 -1.79759 0.9148 9.60006
3.23414 -1.82675 0.914413 9.70006
3.27475 -1.85591 0.914027 9.80006
3.28425 -1.86438 0.912897 9.90006
3.29831 -1.87673 0.91207 10.0001
3.31648 -1.89203 0.911448 10.1001
3.33839 -1.90943 0.910967 10.2001
3.3637 -1.92819 0.910579 10.3001
3.39214 -1.94769 0.910255 10.4001
3.42343 -1.9674 0.909973 10.5001
3.45731 -1.98686 0.909718 10.6001
3.49353 -2.00568 0.90948 10.7001
3.53188 -2.02354 0.909253 10.8001
3.57212 -2.04016 0.909032 10.9001
3.61404 -2.0553 0.908813 11.0001
3.65744 -2.06878 0.908594 11.1001
3.70213 -2.08042 0.908373 11.2001
3.74791 -2.0901 0.90815 11.3001
3.7946 -2.0977 0.907923 11.4001
3.84204 -2.10313 0.907693 11.5001
3.89003 -2.10632 0.907458 11.6001
3.93843 -2.10722 0.907219 11.7001
3.98708 -2.10578 0.906975 11.8001
3.9995 -2.1023 0.905757 11.9001
4.01775 -2.09758 0.904826 12.0001
4.04093 -2.09202 0.904097 12.1001
4.06828 -2.08591 0.903509 12.2001
4.09916 -2.07944 0.90302 12.3001
4.13302 -2.07273 0.902599 12.4001
4.16937 -2.06583 0.902224 12.5001
4.20782 -2.05878 0.901881 12.6001
4.24802 -2.05161 0.901558 12.7001
4.28971 -2.04434 0.901247 12.8001
4.33263 -2.03697 0.900944 12.9001
4.37659 -2.02951 0.900645 13.0001
4.42142 -2.02196 0.900346 13.1001
4.46698 -2.01435 0.900045 13.2001
4.51315 -2.00666 0.899742 13.3001
4.55982 -1.9989 0.899436 13.4001
4.60693 -1.99108 0.899125 13.5001
4.65439 -1.98321 0.898809 13.6001
4.70215 -1.97529 0.898489 13.7001
4.75017 -1.96731 0.898164 13.8001
4.79839 -1.95929 0.897834 13.9001
4.84678 -1.95123 0.897499 14.0001
4.89533 -1.94313 0.897159 14.1001
4.94399 -1.93499 0.896814 14.2001
4.99276 -1.92682 0.896465 14.3001
5.04161 -1.91862 0.896111 14.4001
5.09053 -1.91039 0.895753 14.5001
5.13952 -1.90213 0.895391 14.6001
5.18855 -1.89385 0.895025 14.7001
5.23762 -1.88554 0.894655 14.8001
5.28672 -1.87721 0.894282 14.9001
5.33586 -1.86886 0.893905 15.0001
5.38501 -1.86049 0.893525 15.1001
5.43419 -1.8521 0.893142 15.2001
5.48338 -1.84369 0.892755 15.3001
5.53258 -1.83527 0.892366 15.4001
5.5818 -1.82683 0.891975 15.5001
5.63102 -1.81837 0.891581 15.6001
5.68025 -1.80991 0.891184 15.7001
5.72949 -1.80142 0.890785 15.8001
5.77873 -1.79293 0.890384 15.9001
5.82797 -1.78443 0.889981 16.0001
5.87721 -1.77591 0.889576 16.1001
5.92646 -1.76739 0.88917 16.2001
5.97571 -1.75885 0.888761 16.3001
6.02496 -1.75031 0.888351 16.4001
6.07421 -1.74175 0.887939 16.5001
6.12346 -1.73319 0.887526 16.6001
6.17272 -1.72462 0.887112 16.7001
6.22197 -1.71604 0.886696 16.8001
6.27122 -1.70745 0.886279 16.9001
6.32047 -1.69886 0.88586 17.0001
6.36972 -1.69026 0.885441 17.1001
6.41897 -1.68165 0.885021 17.2001
6.46822 -1.67304 0.884599 17.3001
6.51747 -1.66442 0.884177 17.4001
6.56672 -1.6558 0.883754 17.5001
6.61597 -1.64717 0.883329 17.6001
6.66521 -1.63854 0.882905 17.7001
6.71446 -1.6299 0.882479 17.8001
6.76371 -1.62126 0.882053 17.9001
6.81295 -1.61261 0.881626 18.0001
6.8622 -1.60396 0.881198 18.1001
6.91144 -1.59531 0.88077 18.2001
6.96069 -1.58665 0.880341 18.3001
7.00993 -1.57798 0.879911 18.4001
7.05917 -1.56932 0.879482 18.5001
7.10842 -1.56065 0.879051 18.6001
7.15766 -1.55198 0.87862 18.7001
7.2069 -1.5433 0.878189 18.8001
7.25614 -1.53463 0.877758 18.9001
7.30538 -1.52595 0.877326 19.0001
7.35462 -1.51726 0.876893 19.1001
7.40386 -1.50858 0.87646 19.2001
7.4531 -1.49989 0.876027 19.3001
7.50234 -1.4912 0.875594 19.4001
7.55158 -1.48251 0.875161 19.5001
7.60082 -1.47381 0.874727 19.6001
7.65005 -1.46512 0.874292 19.7001
7.69929 -1.45642 0.873858 19.8001
7.74853 -1.44772 0.873423 19.9001
7.79777 -1.43902 0.872989 20.0001
7.847 -1.43032 0.872554 20.1001
7.89624 -1.42161 0.872118 20.2001
7.94548 -1.41291 0.871683 20.3001
7.99471 -1.4042 0.871247 20.4001
8.04395 -1.39549 0.870812 20.5001
8.09318 -1.38678 0.870376 20.6001
8.14242 -1.37807 0.86994 20.7001
8.19165 -1.36936 0.869503 20.8001
8.24089 -1.36065 0.869067 20.9001
8.29012 -1.35193 0.868631 21.0001
8.33936 -1.34322 0.868194 21.1001
8.38859 -1.3345 0.867757 21.2001
8.43783 -1.32579 0.867321 21.3001
8.48706 -1.31707 0.866884 21.4001
8.5363 -1.30835 0.866447 21.5001
8.58553 -1.29963 0.86601 21.6001
8.63476 -1.29091 0.865572 21.7001
8.684 -1.28219 0.865135 21.8001
8.73323 -1.27347 0.864698 21.9001
8.78246 -1.26475 0.864261 22.0001
8.8317 -1.25602 0.863823 22.1001
8.88093 -1.2473 0.863386 22.2001
8.93016 -1.23858 0.862948 22.3001
8.9794 -1.22985 0.86251 22.4001
9.02863 -1.22113 0.862073 22.5001
9.07786 -1.2124 0.861635 22.6001
9.12709 -1.20368 0.861197 22.7001
9.17633 -1.19495 0.860759 22.8001
9.22556 -1.18622 0.860322 22.9001
9.27479 -1.1775 0.859884 23.0001
9.32402 -1.16877 0.859446 23.1001
9.37326 -1.16004 0.859008 23.2001
9.42249 -1.15131 0.85857 23.3001
9.47172 -1.14259 0.858132 23.4001
9.52095 -1.13386 0.857694 23.5001
9.57019 -1.12513 0.857256 23.6001
9.61942 -1.1164 0.856818 23.7001
9.66865 -1.10767 0.856379 23.8001
9.71788 -1.09894 0.855941 23.9001
9.76711 -1.09021 0.855503 24.0001
9.81635 -1.08148 0.855065 24.1001
9.86558 -1.07275 0.854627 24.2001
9.91481 -1.06402 0.854188 24.3001
9.96404 -1.05529 0.85375 24.4001
10.0133 -1.04655 0.853312 24.5001
10.0625 -1.03782 0.852874 24.6001
10.1117 -1.02909 0.852435 24.7001
10.161 -1.02036 0.851997 24.8001
10.2102 -1.01163 0.851559 24.9001
10.2594 -1.0029 0.85112 25.0001
10.3087 -0.994164 0.850682 25.1001
10.3579 -0.985431 0.850243 25.2001
10.4071 -0.976699 0.849805 25.3001
10.4564 -0.967966 0.849367 25.4001
10.5056 -0.959233 0.848928 25.5001
10.5548 -0.9505 0.84849 25.6001
10.6041 -0.941767 0.848051 25.7001
10.6533 -0.933034 0.847613 25.8001
10.7025 -0.924301 0.847174 25.9001
10.7517 -0.915567 0.846736 26.0001
10.801 -0.906834 0.846298 26.1001
10.8502 -0.8981 0.845859 26.2001
10.8994 -0.889367 0.845421 26.3001
10.9487 -0.880633 0.844982 26.4001
10.9979 -0.871899 0.844544 26.5001
11.0471 -0.863166 0.844105 26.6001
11.0964 -0.854432 0.843667 26.7001
11.1456 -0.845698 0.843228 26.8001
11.1948 -0.836964 0.84279 26.9001
11.2441 -0.828229 0.842351 27.0001
11.2933 -0.819495 0.841913 27.1001
11.3425 -0.810761 0.841474 27.2001
11.3918 -0.802027 0.841036 27.3001
11.441 -0.793292 0.840597 27.4001
11.4902 -0.784558 0.840159 27.5001
11.5394 -0.775824 0.83972 27.6001
11.5887 -0.767089 0.839282 27.7001
11.6379 -0.758355 0.838843 27.8001
11.6871 -0.74962 0.838405 27.9001
11.7364 -0.740886 0.837966 28.0001
11.7856 -0.732151 0.837527 28.1001
11.8348 -0.723416 0.837089 28.2001
11.8841 -0.714682 0.83665 28.3001
11.9333 -0.705947 0.836212 28.4001
11.9825 -0.697212 0.835773 28.5001
12.0318 -0.688477 0.835335 28.6001
12.081 -0.679743 0.834896 28.7001
12.1302 -0.671008 0.834458 28.8001
12.1795 -0.662273 0.834019 28.9001
12.2287 -0.653538 0.833581 29.0001
12.2779 -0.644803 0.833142 29.1001
12.3271 -0.636068 0.832703 29.2001
12.3764 -0.627333 0.832265 29.3001
12.4256 -0.618598 0.831826 29.4001
12.4748 -0.609863 0.831388 29.5001
12.5241 -0.601128 0.830949 29.6001
12.5733 -0.592393 0.830511 29.7001
12.6225 -0.583658 0.830072 29.8001
12.6718 -0.574923 0.829633 29.9001
12.721 -0.566188 0.829195 30.0001
12.7702 -0.557453 0.828756 30.1001
12.8195 -0.548718 0.828318 30.2001
12.8687 -0.539983 0.827879 30.3001
12.9179 -0.531248 0.827441 30.4001
12.9671 -0.522513 0.827002 30.5001
13.0164 -0.513778 0.826564 30.6001
13.0656 -0.505042 0.826125 30.7001
13.1148 -0.496307 0.825686 30.8001
13.1641 -0.487572 0.825248 30.9001
13.2133 -0.478837 0.824809 31.0001
13.2625 -0.470102 0.824371 31.1001
13.3118 -0.461367 0.823932 31.2001
13.361 -0.452631 0.823494 31.3001
13.4102 -0.443896 0.823055 31.4001
13.4595 -0.435161 0.822616 31.5001
13.5087 -0.426426 0.822178 31.6001
13.5579 -0.41769 0.821739 31.7001
13.6072 -0.408955 0.821301 31.8001
13.6564 -0.40022 0.820862 31.9001
13.7056 -0.391485 0.820424 32.0001
13.7548 -0.382749 0.819985 32.1001
13.8041 -0.374014 0.819546 32.2001
13.8533 -0.365279 0.819108 32.3001
13.9025 -0.356544 0.818669 32.4001
13.9518 -0.347808 0.818231 32.5001
14.001 -0.339073 0.817792 32.6001
14.0502 -0.330338 0.817354 32.7001
14.0995 -0.321603 0.816915 32.8001
14.1487 -0.312867 0.816476 32.9001
14.1979 -0.304132 0.816038 33.0001
14.2472 -0.295397 0.815599 33.1001
14.2964 -0.286661 0.815161 33.2001
14.3456 -0.277926 0.814722 33.3001
14.3948 -0.269191 0.814283 33.4001
14.4441 -0.260456 0.813845 33.5001
14.4933 -0.25172 0.813406 33.6001
14.5425 -0.242985 0.812968 33.7001
14.5918 -0.23425 0.812529 33.8001
14.641 -0.225514 0.812091 33.9001
14.6902 -0.216779 0.811652 34.0001
14.7395 -0.208044 0.811213 34.1001
14.7887 -0.199308 0.810775 34.2001
14.8379 -0.190573 0.810336 34.3001
14.8872 -0.181838 0.809898 34.4001
14.9364 -0.173102 0.809459 34.5001
14.9856 -0.164367 0.809021 34.6001
15.0349 -0.155632 0.808582 34.7001
15.0841 -0.146896 0.808143 34.8001
15.1333 -0.138161 0.807705 34.9001
15.1825 -0.129426 0.807266 35.0001
15.2318 -0.12069 0.806828 35.1001
15.281 -0.111955 0.806389 35.2001
15.3302 -0.10322 0.805951 35.3001
15.3795 -0.0944843 0.805512 35.4001
15.4287 -0.0857489 0.805073 35.5001
15.4779 -0.0770136 0.804635 35.6001
15.5272 -0.0682782 0.804196 35.7001
15.5764 -0.0595429 0.803758 35.8001
15.6256 -0.0508075 0.803319 35.9001
15.6749 -0.0420722 0.802881 36.0001
15.7241 -0.0333368 0.802442 36.1001
15.7364 -0.0295093 0.801243 36.2001
15.7545 -0.0242549 0.800325 36.3001
15.7776 -0.0182175 0.799599 36.4001
15.8049 -0.0119899 0.799004 36.5001
15.836 -0.00608241 0.798499 36.6001
15.8701 -0.00092268 0.798055 36.7001
