4.8668 2.48164 0.777 12.1295
4.91183 2.48811 0.775937 12.2295
4.95664 2.49893 0.775197 12.3295
5.00111 2.51305 0.774675 12.4295
5.04517 2.52987 0.774302 12.5295
5.08874 2.54902 0.77403 12.6295
5.13174 2.57025 0.773828 12.7295
5.1741 2.59343 0.773672 12.8295
5.2157 2.61844 0.773549 12.9295
5.25647 2.64522 0.773448 13.0295
5.29629 2.67371 0.773363 13.1295
5.33507 2.70387 0.773289 13.2295
5.3727 2.73566 0.773222 13.3295
5.4091 2.76904 0.773161 13.4295
5.44415 2.80396 0.773104 13.5295
5.47776 2.84038 0.77305 13.6295
5.50984 2.87825 0.772999 13.7295
5.54868 2.89201 0.772043 13.8295
5.58454 2.91249 0.771446 13.9295
5.61845 2.93722 0.771093 14.0295
5.65141 2.96461 0.770906 14.1295
5.68423 2.99356 0.77083 14.2295
5.71754 3.02327 0.770828 14.3295
5.75178 3.0531 0.770877 14.4295
5.78726 3.08254 0.770958 14.5295
5.82417 3.11116 0.771061 14.6295
5.8626 3.13859 0.771177 14.7295
5.90258 3.16452 0.7713 14.8295
5.94407 3.1887 0.771428 14.9295
5.98701 3.2109 0.771557 15.0295
6.03129 3.23093 0.771687 15.1295
6.07678 3.24865 0.771815 15.2295
6.12335 3.26394 0.771942 15.3295
6.17083 3.27669 0.772067 15.4295
6.21908 3.28683 0.77219 15.5295
6.26793 3.29432 0.77231 15.6295
6.3172 3.2991 0.772428 15.7295
6.36675 3.30116 0.772543 15.8295
6.4164 3.3005 0.772655 15.9295
6.46599 3.29712 0.772765 16.0295
6.51537 3.29102 0.772873 16.1295
6.56439 3.28225 0.772978 16.2295
6.60883 3.27146 0.77217 16.3295
6.65323 3.25774 0.771779 16.4295
6.69782 3.24274 0.771671 16.5295
6.74273 3.22721 0.771753 16.6295
6.78799 3.21147 0.771961 16.7295
6.83358 3.19568 0.772249 16.8295
6.87947 3.17987 0.772587 16.9295
6.9256 3.16407 0.772955 17.0295
6.97195 3.14827 0.773337 17.1295
7.01847 3.13247 0.773725 17.2295
7.06514 3.11667 0.774111 17.3295
7.11192 3.10084 0.774491 17.4295
7.1588 3.085 0.774864 17.5295
7.20576 3.06913 0.775226 17.6295
7.25278 3.05323 0.775578 17.7295
7.29986 3.0373 0.775919 17.8295
7.34697 3.02133 0.776249 17.9295
7.39412 3.00533 0.776568 18.0295
7.44129 2.9893 0.776875 18.1295
7.48848 2.97323 0.777173 18.2295
7.53568 2.95713 0.77746 18.3295
7.58289 2.941 0.777738 18.4295
7.63011 2.92483 0.778006 18.5295
7.67734 2.90863 0.778266 18.6295
7.72456 2.8924 0.778518 18.7295
7.77179 2.87615 0.778762 18.8295
7.81902 2.85986 0.778998 18.9295
7.86624 2.84355 0.779228 19.0295
7.91346 2.82721 0.779451 19.1295
7.96068 2.81084 0.779667 19.2295
8.0079 2.79445 0.779878 19.3295
8.05511 2.77804 0.780083 19.4295
8.10231 2.7616 0.780282 19.5295
8.14951 2.74515 0.780477 19.6295
8.19671 2.72867 0.780667 19.7295
8.2439 2.71218 0.780853 19.8295
8.29109 2.69567 0.781034 19.9295
8.33827 2.67914 0.781211 20.0295
8.38545 2.66259 0.781384 20.1295
8.43262 2.64603 0.781554 20.2295
8.47979 2.62945 0.781721 20.3295
8.52695 2.61286 0.781884 20.4295
8.57411 2.59625 0.782044 20.5295
8.62126 2.57963 0.782202 20.6295
8.66841 2.563 0.782356 20.7295
8.71556 2.54636 0.782509 20.8295
8.7627 2.5297 0.782658 20.9295
8.80984 2.51303 0.782806 21.0295
8.85698 2.49636 0.782951 21.1295
8.90411 2.47967 0.783095 21.2295
8.95124 2.46297 0.783236 21.3295
8.99837 2.44627 0.783376 21.4295
9.04549 2.42956 0.783513 21.5295
9.09261 2.41283 0.78365 21.6295
9.13973 2.3961 0.783784 21.7295
9.18684 2.37937 0.783918 21.8295
9.23396 2.36262 0.78405 21.9295
9.28107 2.34587 0.78418 22.0295
9.32817 2.32911 0.78431 22.1295
9.37528 2.31235 0.784438 22.2295
9.42238 2.29558 0.784565 22.3295
9.46949 2.27881 0.784691 22.4295
9.51659 2.26202 0.784816 22.5295
9.56368 2.24524 0.78494 22.6295
9.61078 2.22845 0.785064 22.7295
9.65788 2.21165 0.785186 22.8295
9.70497 2.19485 0.785308 22.9295
9.75206 2.17805 0.785429 23.0295
9.79915 2.16124 0.785549 23.1295
9.84624 2.14443 0.785669 23.2295
9.89333 2.12761 0.785788 23.3295
9.94041 2.1108 0.785906 23.4295
9.9875 2.09397 0.786024 23.5295
10.0346 2.07715 0.786142 23.6295
10.0817 2.06032 0.786258 23.7295
10.1287 2.04349 0.786375 23.8295
10.1758 2.02665 0.786491 23.9295
10.2229 2.00982 0.786606 24.0295
10.27 1.99298 0.786722 24.1295
10.3171 1.97614 0.786836 24.2295
10.3641 1.95929 0.786951 24.3295
10.4112 1.94245 0.787065 24.4295
10.4583 1.9256 0.787179 24.5295
10.5054 1.90875 0.787292 24.6295
10.5524 1.8919 0.787405 24.7295
10.5995 1.87504 0.787518 24.8295
10.6466 1.85819 0.787631 24.9295
10.6937 1.84133 0.787743 25.0295
10.7407 1.82447 0.787856 25.1295
10.7878 1.80761 0.787968 25.2295
10.8349 1.79075 0.788079 25.3295
10.882 1.77389 0.788191 25.4295
10.929 1.75702 0.788302 25.5295
10.9761 1.74015 0.788414 25.6295
11.0232 1.72329 0.788525 25.7295
11.0702 1.70642 0.788636 25.8295
11.1173 1.68955 0.788747 25.9295
11.1644 1.67268 0.788857 26.0295
11.2114 1.65581 0.788968 26.1295
11.2585 1.63894 0.789078 26.2295
11.3056 1.62207 0.789189 26.3295
11.3526 1.60519 0.789299 26.4295
11.3997 1.58832 0.789409 26.5295
11.4468 1.57144 0.789519 26.6295
11.4938 1.55457 0.789629 26.7295
11.5409 1.53769 0.789739 26.8295
11.588 1.52081 0.789848 26.9295
11.635 1.50393 0.789958 27.0295
11.6821 1.48705 0.790068 27.1295
11.7292 1.47018 0.790177 27.2295
11.7762 1.4533 0.790287 27.3295
11.8233 1.43642 0.790396 27.4295
11.8704 1.41953 0.790505 27.5295
11.9174 1.40265 0.790615 27.6295
11.9645 1.38577 0.790724 27.7295
12.0115 1.36889 0.790833 27.8295
12.0586 1.35201 0.790942 27.9295
12.1057 1.33512 0.791051 28.0295
12.1527 1.31824 0.791161 28.1295
12.1998 1.30136 0.79127 28.2295
12.2469 1.28447 0.791379 28.3295
12.2939 1.26759 0.791488 28.4295
12.341 1.2507 0.791596 28.5295
12.388 1.23382 0.791705 28.6295
12.4351 1.21693 0.791814 28.7295
12.4822 1.20005 0.791923 28.8295
12.5292 1.18316 0.792032 28.9295
12.5763 1.16628 0.792141 29.0295
12.6234 1.14939 0.792249 29.1295
12.6704 1.1325 0.792358 29.2295
12.7175 1.11562 0.792467 29.3295
12.7645 1.09873 0.792576 29.4295
12.8116 1.08184 0.792684 29.5295
12.8587 1.06495 0.792793 29.6295
12.9057 1.04807 0.792902 29.7295
12.9528 1.03118 0.79301 29.8295
12.9999 1.01429 0.793119 29.9295
13.0469 0.997403 0.793227 30.0295
13.094 0.980515 0.793336 30.1295
13.141 0.963626 0.793445 30.2295
13.1881 0.946738 0.793553 30.3295
13.2352 0.929849 0.793662 30.4295
13.2822 0.912961 0.79377 30.5295
13.3293 0.896072 0.793879 30.6295
13.3763 0.879183 0.793987 30.7295
13.4234 0.862294 0.794096 30.8295
13.4705 0.845405 0.794204 30.9295
13.5175 0.828515 0.794313 31.0295
13.5646 0.811626 0.794421 31.1295
13.6117 0.794737 0.79453 31.2295
13.6587 0.777847 0.794638 31.3295
13.7058 0.760957 0.794747 31.4295
13.7528 0.744068 0.794855 31.5295
13.7999 0.727178 0.794964 31.6295
13.847 0.710288 0.795072 31.7295
13.894 0.693398 0.79518 31.8295
13.9411 0.676508 0.795289 31.9295
13.9881 0.659618 0.795397 32.0295
14.0352 0.642728 0.795506 32.1295
14.0823 0.625838 0.795614 32.2295
14.1293 0.608948 0.795723 32.3295
14.1764 0.592058 0.795831 32.4295
14.2234 0.575167 0.795939 32.5295
14.2705 0.558277 0.796048 32.6295
14.3176 0.541387 0.796156 32.7295
14.3646 0.524496 0.796265 32.8295
14.4117 0.507606 0.796373 32.9295
14.4587 0.490716 0.796482 33.0295
14.5058 0.473825 0.79659 33.1295
14.5529 0.456934 0.796698 33.2295
14.5999 0.440044 0.796807 33.3295
14.647 0.423153 0.796915 33.4295
14.6941 0.406263 0.797023 33.5295
14.7411 0.389372 0.797132 33.6295
14.7882 0.372481 0.79724 33.7295
14.8352 0.355591 0.797349 33.8295
14.8823 0.3387 0.797457 33.9295
14.9294 0.321809 0.797565 34.0295
14.9764 0.304918 0.797674 34.1295
15.0235 0.288027 0.797782 34.2295
15.0705 0.271137 0.797891 34.3295
15.1176 0.254246 0.797999 34.4295
15.1647 0.237355 0.798107 34.5295
15.2117 0.220464 0.798216 34.6295
15.2588 0.203573 0.798324 34.7295
15.3058 0.186682 0.798432 34.8295
15.3529 0.169791 0.798541 34.9295
15.4 0.1529 0.798649 35.0295
15.447 0.136009 0.798758 35.1295
15.4941 0.119118 0.798866 35.2295
15.5411 0.102227 0.798974 35.3295
15.5854 0.0928335 0.797983 35.4295
15.6299 0.0812007 0.797339 35.5295
15.6748 0.0689749 0.796931 35.6295
15.7204 0.0571572 0.796681 35.7295
15.7667 0.0463911 0.79654 35.8295
15.8137 0.0371102 0.796471 35.9295
15.8614 0.0296184 0.796452 36.0295
