0.991314 -0.314752 0.758 4.10807
1.04595 -0.322858 0.75513 4.20807
1.09867 -0.335981 0.753331 4.30807
1.14957 -0.352778 0.752256 4.40807
1.19878 -0.372479 0.75167 4.50807
1.24638 -0.394635 0.751413 4.60807
1.29244 -0.41897 0.751378 4.70807
1.33699 -0.445308 0.751489 4.80807
1.38003 -0.47353 0.751698 4.90807
1.42155 -0.503547 0.751971 5.00807
1.4615 -0.535287 0.752284 5.10807
1.49986 -0.568688 0.752622 5.20807
1.53657 -0.603689 0.752974 5.30807
1.57158 -0.640231 0.753334 5.40807
1.60482 -0.678252 0.753696 5.50807
1.63624 -0.717688 0.754056 5.60807
1.68513 -0.731808 0.751467 5.70807
1.72924 -0.753187 0.750075 5.80807
1.76925 -0.779744 0.749494 5.90807
1.80584 -0.810142 0.749456 6.00807
1.83961 -0.843466 0.749778 6.10807
1.87108 -0.879056 0.750331 6.20807
1.90071 -0.916422 0.751028 6.30807
1.92887 -0.955186 0.751809 6.40807
1.97424 -0.970848 0.748976 6.50807
2.01319 -0.994197 0.747238 6.60807
2.04731 -1.02248 0.746244 6.70807
2.07821 -1.05395 0.745754 6.80807
2.10727 -1.08747 0.745606 6.90807
2.13561 -1.12223 0.745686 7.00807
2.16408 -1.15762 0.745919 7.10807
2.19331 -1.19313 0.74625 7.20807
2.22376 -1.22831 0.746646 7.30807
2.25575 -1.26278 0.74708 7.40807
2.28947 -1.29617 0.747536 7.50807
2.32503 -1.32817 0.748004 7.60807
2.36246 -1.35849 0.748475 7.70807
2.40173 -1.38688 0.748944 7.80807
2.44276 -1.4131 0.749409 7.90807
2.48543 -1.43698 0.749867 8.00807
2.5296 -1.45836 0.750316 8.10807
2.57511 -1.4771 0.750757 8.20807
2.62178 -1.4931 0.751189 8.30807
2.66943 -1.50629 0.751611 8.40807
2.71788 -1.5166 0.752024 8.50807
2.76693 -1.524 0.752428 8.60807
2.8164 -1.52847 0.752823 8.70807
2.87139 -1.52028 0.750202 8.80807
2.92492 -1.50924 0.748771 8.90807
2.97757 -1.49825 0.748148 9.00807
3.02969 -1.48825 0.74807 9.10807
3.08144 -1.47947 0.748355 9.20807
3.1329 -1.47185 0.748875 9.30807
3.18412 -1.46524 0.749544 9.40807
3.23515 -1.45946 0.750302 9.50807
3.28601 -1.45435 0.751109 9.60807
3.33672 -1.44975 0.751936 9.70807
3.38731 -1.44555 0.752766 9.80807
3.43779 -1.44164 0.753585 9.90807
3.48818 -1.43795 0.754387 10.0081
3.5385 -1.4344 0.755165 10.1081
3.58874 -1.43095 0.755918 10.2081
3.63893 -1.42754 0.756644 10.3081
3.68907 -1.42416 0.757341 10.4081
3.73917 -1.42076 0.758011 10.5081
3.78923 -1.41734 0.758654 10.6081
3.83926 -1.41387 0.759271 10.7081
3.88926 -1.41034 0.759863 10.8081
3.93924 -1.40675 0.76043 10.9081
3.98919 -1.40309 0.760973 11.0081
4.03913 -1.39935 0.761495 11.1081
4.08904 -1.39553 0.761996 11.2081
4.13894 -1.39163 0.762477 11.3081
4.18883 -1.38765 0.762938 11.4081
4.2387 -1.38359 0.763382 11.5081
4.28856 -1.37945 0.763809 11.6081
4.3384 -1.37523 0.76422 11.7081
4.38824 -1.37094 0.764615 11.8081
4.43807 -1.36657 0.764996 11.9081
4.48788 -1.36213 0.765364 12.0081
4.53769 -1.35762 0.765718 12.1081
4.58749 -1.35304 0.766061 12.2081
4.63729 -1.3484 0.766392 12.3081
4.68707 -1.34369 0.766712 12.4081
4.73685 -1.33893 0.767021 12.5081
4.78662 -1.33411 0.767321 12.6081
4.83639 -1.32923 0.767612 12.7081
4.88615 -1.3243 0.767894 12.8081
4.9359 -1.31931 0.768167 12.9081
4.98565 -1.31428 0.768433 13.0081
5.0354 -1.3092 0.768692 13.1081
5.08513 -1.30408 0.768944 13.2081
5.13487 -1.29892 0.769189 13.3081
5.1846 -1.29371 0.769428 13.4081
5.23432 -1.28847 0.769661 13.5081
5.28404 -1.28319 0.769888 13.6081
5.33376 -1.27787 0.77011 13.7081
5.38348 -1.27252 0.770328 13.8081
5.43318 -1.26714 0.77054 13.9081
5.48289 -1.26172 0.770748 14.0081
5.53259 -1.25628 0.770952 14.1081
5.58229 -1.25081 0.771152 14.2081
5.63199 -1.24531 0.771348 14.3081
5.68169 -1.23979 0.771541 14.4081
5.73138 -1.23424 0.771731 14.5081
5.78107 -1.22867 0.771917 14.6081
5.83075 -1.22307 0.7721 14.7081
5.88044 -1.21746 0.77228 14.8081
5.93012 -1.21182 0.772458 14.9081
5.9798 -1.20617 0.772633 15.0081
6.02947 -1.2005 0.772806 15.1081
6.07915 -1.19481 0.772977 15.2081
6.12882 -1.1891 0.773145 15.3081
6.17849 -1.18338 0.773312 15.4081
6.22816 -1.17764 0.773476 15.5081
6.27783 -1.17189 0.773639 15.6081
6.3275 -1.16612 0.7738 15.7081
6.37716 -1.16034 0.77396 15.8081
6.42683 -1.15455 0.774118 15.9081
6.47649 -1.14875 0.774274 16.0081
6.52615 -1.14293 0.774429 16.1081
6.57581 -1.13711 0.774583 16.2081
6.62547 -1.13127 0.774736 16.3081
6.67512 -1.12542 0.774887 16.4081
6.72478 -1.11957 0.775038 16.5081
6.77444 -1.1137 0.775187 16.6081
6.82409 -1.10783 0.775336 16.7081
6.87374 -1.10194 0.775483 16.8081
6.92339 -1.09605 0.77563 16.9081
6.97304 -1.09016 0.775776 17.0081
7.02269 -1.08425 0.775921 17.1081
7.07234 -1.07834 0.776066 17.2081
7.12199 -1.07242 0.776209 17.3081
7.17164 -1.0665 0.776352 17.4081
7.22129 -1.06057 0.776495 17.5081
7.27093 -1.05463 0.776637 17.6081
7.32058 -1.04869 0.776778 17.7081
7.37022 -1.04275 0.776919 17.8081
7.41987 -1.03679 0.777059 17.9081
7.46951 -1.03084 0.777199 18.0081
7.51916 -1.02488 0.777338 18.1081
7.5688 -1.01891 0.777477 18.2081
7.61844 -1.01294 0.777616 18.3081
7.66808 -1.00697 0.777754 18.4081
7.71773 -1.001 0.777892 18.5081
7.76737 -0.995016 0.778029 18.6081
7.81701 -0.989033 0.778167 18.7081
7.86665 -0.983047 0.778304 18.8081
7.91629 -0.977057 0.77844 18.9081
7.96593 -0.971065 0.778577 19.0081
8.01557 -0.96507 0.778713 19.1081
8.06521 -0.959072 0.778849 19.2081
8.11484 -0.953072 0.778985 19.3081
8.16448 -0.947069 0.77912 19.4081
8.21412 -0.941064 0.779255 19.5081
8.26376 -0.935057 0.77939 19.6081
8.3134 -0.929048 0.779525 19.7081
8.36303 -0.923037 0.77966 19.8081
8.41267 -0.917024 0.779795 19.9081
8.46231 -0.911009 0.779929 20.0081
8.51194 -0.904992 0.780063 20.1081
8.56158 -0.898974 0.780198 20.2081
8.61122 -0.892954 0.780332 20.3081
8.66085 -0.886932 0.780466 20.4081
8.71049 -0.880909 0.780599 20.5081
8.76012 -0.874885 0.780733 20.6081
8.80976 -0.86886 0.780867 20.7081
8.8594 -0.862833 0.781 20.8081
8.90903 -0.856805 0.781134 20.9081
8.95867 -0.850776 0.781267 21.0081
9.0083 -0.844745 0.7814 21.1081
9.05794 -0.838714 0.781533 21.2081
9.10757 -0.832682 0.781667 21.3081
9.15721 -0.826649 0.7818 21.4081
9.20684 -0.820615 0.781933 21.5081
9.25647 -0.81458 0.782066 21.6081
9.30611 -0.808544 0.782198 21.7081
9.35574 -0.802508 0.782331 21.8081
9.40538 -0.796471 0.782464 21.9081
9.45501 -0.790433 0.782597 22.0081
9.50465 -0.784394 0.782729 22.1081
9.55428 -0.778355 0.782862 22.2081
9.60391 -0.772315 0.782995 22.3081
9.65355 -0.766274 0.783127 22.4081
9.70318 -0.760233 0.78326 22.5081
9.75281 -0.754192 0.783392 22.6081
9.80245 -0.74815 0.783524 22.7081
9.85208 -0.742107 0.783657 22.8081
9.90172 -0.736064 0.783789 22.9081
9.95135 -0.730021 0.783922 23.0081
10.001 -0.723977 0.784054 23.1081
10.0506 -0.717933 0.784186 23.2081
10.1002 -0.711888 0.784319 23.3081
10.1499 -0.705843 0.784451 23.4081
10.1995 -0.699798 0.784583 23.5081
10.2491 -0.693752 0.784715 23.6081
10.2988 -0.687706 0.784847 23.7081
10.3484 -0.68166 0.78498 23.8081
10.398 -0.675613 0.785112 23.9081
10.4477 -0.669566 0.785244 24.0081
10.4973 -0.663519 0.785376 24.1081
10.5469 -0.657472 0.785508 24.2081
10.5966 -0.651424 0.78564 24.3081
10.6462 -0.645376 0.785772 24.4081
10.6958 -0.639328 0.785904 24.5081
10.7455 -0.63328 0.786037 24.6081
10.7951 -0.627231 0.786169 24.7081
10.8447 -0.621183 0.786301 24.8081
10.8944 -0.615134 0.786433 24.9081
10.944 -0.609085 0.786565 25.0081
10.9936 -0.603036 0.786697 25.1081
11.0433 -0.596986 0.786829 25.2081
11.0929 -0.590937 0.786961 25.3081
11.1425 -0.584887 0.787093 25.4081
11.1922 -0.578838 0.787225 25.5081
11.2418 -0.572788 0.787357 25.6081
11.2914 -0.566738 0.787489 25.7081
11.3411 -0.560688 0.787621 25.8081
11.3907 -0.554637 0.787753 25.9081
11.4403 -0.548587 0.787885 26.0081
11.49 -0.542537 0.788017 26.1081
11.5396 -0.536486 0.788149 26.2081
11.5892 -0.530435 0.78828 26.3081
11.6389 -0.524385 0.788412 26.4081
11.6885 -0.518334 0.788544 26.5081
11.7381 -0.512283 0.788676 26.6081
11.7878 -0.506232 0.788808 26.7081
11.8374 -0.500181 0.78894 26.8081
11.887 -0.49413 0.789072 26.9081
11.9367 -0.488079 0.789204 27.0081
11.9863 -0.482027 0.789336 27.1081
12.0359 -0.475976 0.789468 27.2081
12.0856 -0.469925 0.7896 27.3081
12.1352 -0.463873 0.789732 27.4081
12.1848 -0.457822 0.789864 27.5081
12.2345 -0.45177 0.789996 27.6081
12.2841 -0.445719 0.790127 27.7081
12.3337 -0.439667 0.790259 27.8081
12.3834 -0.433615 0.790391 27.9081
12.433 -0.427564 0.790523 28.0081
12.4826 -0.421512 0.790655 28.1081
12.5323 -0.41546 0.790787 28.2081
12.5819 -0.409408 0.790919 28.3081
12.6315 -0.403357 0.791051 28.4081
12.6811 -0.397305 0.791183 28.5081
12.7308 -0.391253 0.791315 28.6081
12.7804 -0.385201 0.791446 28.7081
12.83 -0.379149 0.791578 28.8081
12.8797 -0.373097 0.79171 28.9081
12.9293 -0.367045 0.791842 29.0081
12.9789 -0.360993 0.791974 29.1081
13.0286 -0.354941 0.792106 29.2081
13.0782 -0.348889 0.792238 29.3081
13.1278 -0.342837 0.79237 29.4081
13.1775 -0.336784 0.792502 29.5081
13.2271 -0.330732 0.792634 29.6081
13.2767 -0.32468 0.792765 29.7081
13.3264 -0.318628 0.792897 29.8081
13.376 -0.312576 0.793029 29.9081
13.4256 -0.306524 0.793161 30.0081
13.4753 -0.300471 0.793293 30.1081
13.5249 -0.294419 0.793425 30.2081
13.5745 -0.288367 0.793557 30.3081
13.6242 -0.282314 0.793689 30.4081
13.6738 -0.276262 0.79382 30.5081
13.7234 -0.27021 0.793952 30.6081
13.7731 -0.264158 0.794084 30.7081
13.8227 -0.258105 0.794216 30.8081
13.8723 -0.252053 0.794348 30.9081
13.922 -0.246001 0.79448 31.0081
13.9716 -0.239948 0.794612 31.1081
14.0212 -0.233896 0.794744 31.2081
14.0709 -0.227843 0.794876 31.3081
14.1205 -0.221791 0.795007 31.4081
14.1701 -0.215739 0.795139 31.5081
14.2198 -0.209686 0.795271 31.6081
14.2694 -0.203634 0.795403 31.7081
14.319 -0.197581 0.795535 31.8081
14.3686 -0.191529 0.795667 31.9081
14.4183 -0.185477 0.795799 32.0081
14.4679 -0.179424 0.795931 32.1081
14.5175 -0.173372 0.796062 32.2081
14.5672 -0.167319 0.796194 32.3081
14.6168 -0.161267 0.796326 32.4081
14.6664 -0.155214 0.796458 32.5081
14.7161 -0.149162 0.79659 32.6081
14.7657 -0.143109 0.796722 32.7081
14.8153 -0.137057 0.796854 32.8081
14.865 -0.131004 0.796986 32.9081
14.9146 -0.124952 0.797118 33.0081
14.9642 -0.1189 0.797249 33.1081
15.0139 -0.112847 0.797381 33.2081
15.0635 -0.106795 0.797513 33.3081
15.1131 -0.100742 0.797645 33.4081
15.1628 -0.0946896 0.797777 33.5081
15.2124 -0.0886371 0.797909 33.6081
15.262 -0.0825846 0.798041 33.7081
15.3117 -0.0765321 0.798173 33.8081
15.3613 -0.0704796 0.798304 33.9081
15.4109 -0.0644271 0.798436 34.0081
15.4606 -0.0583746 0.798568 34.1081
15.5102 -0.0523221 0.7987 34.2081
15.5598 -0.0462695 0.798832 34.3081
15.6095 -0.040217 0.798964 34.4081
15.6591 -0.0341645 0.799096 34.5081
15.7087 -0.028112 0.799228 34.6081
15.7584 -0.0220595 0.799359 34.7081
15.8133 -0.0152329 0.796431 34.8081
15.8675 -0.00839161 0.794558 34.9081
