1.38866e+09 0.973266 -0.538653 1.077 14.57 0.176912 -0.0979117  0.195768 0.0462235 7
1.38866e+09 0.986071 -0.548494 1.1 14.468 0.128063 -0.0984132  0.230013 -0.0178033 7
1.38866e+09 0.996179 -0.55942 1.067 14.318 0.101113 -0.1093  -0.330121 -0.0261896 7
1.38866e+09 1.00358 -0.568849 1.025 14.104 0.0739518 -0.0942785  -0.419911 -0.0373421 7
1.38866e+09 1.00643 -0.576585 0.987 13.946 0.0284942 -0.0773191  -0.379839 -0.0275645 7
1.38866e+09 1.00286 -0.578944 0.96 13.9 -0.0357005 -0.0236034  -0.270087 -0.00803118 7
1.38866e+09 0.998882 -0.577742 0.945 13.87 -0.0397578 0.0120194  -0.150017 -0.00523653 7
1.38866e+09 0.993026 -0.574027 0.944 13.914 -0.0585583 0.0371481  0 0.00767854 7
1.38866e+09 0.986917 -0.57013 0.943 13.915 -0.0610834 0.0389755  -0.01 0.000174604 7
1.38866e+09 0.983563 -0.566484 0.947 13.994 -0.0335394 0.0364548  0.0399979 0.0137875 7
1.38866e+09 0.979675 -0.562192 0.963 14.163 -0.0388754 0.0429131  0.159987 0.0294937 7
1.38866e+09 0.974097 -0.556984 0.974 14.249 -0.0557899 0.0520855  0.110009 0.0150109 7
1.38866e+09 0.967012 -0.552892 0.976 14.307 -0.0708337 0.0409146  0.0199965 0.0101212 7
1.38866e+09 0.96004 -0.549102 0.974 14.402 -0.0697312 0.0379048  -0.0200044 0.0165843 7
1.38866e+09 0.952978 -0.546408 0.967 14.554 -0.0706318 0.0269445  -0.0700046 0.0265306 7
1.38866e+09 0.946008 -0.543767 0.958 14.739 -0.0696696 0.0263952  -0.0899626 0.0322753 7
1.38866e+09 0.939108 -0.542938 0.951 14.921 -0.0689942 0  -0.0699997 0.0317647 7
1.38866e+09 0.932452 -0.544427 0.947 15.057 -0.0665663 -0.0148967  -0.0400019 0.0237377 7
1.38866e+09 0.927312 -0.547205 0.945 15.181 -0.0514153 -0.027789  -0.0200062 0.0216488 7
1.38866e+09 0.922246 -0.551836 0.949 15.294 -0.0506633 -0.0463018  0.039998 0.0197212 4
2.98023e-05 1.03003 -0.289179 0.95 -0.00599957 -0.0511125 0  0 -2.6682 4
0.100013 1.02626 -0.292077 0.952 -0.0120001 -0.0376476 -0.0289909  0.0200033 -0.00104746 4
0.200058 1.02327 -0.297008 0.95 -0.0839996 -0.0299597 -0.0492871  -0.019991 -0.0125607 4
0.299997 1.02029 -0.300766 0.945 -0.177 -0.0298253 -0.0376071  -0.0500306 -0.0162416 4
0.399941 1.01695 -0.302705 0.939 -0.256 -0.0333926 -0.0194008  -0.0600337 -0.0137958 4
0.499958 1.0141 -0.305121 0.934 -0.339999 -0.0284707 -0.0241536  -0.0499915 -0.0146582 4
0.599973 1.0093 -0.305822 0.932 -0.538 -0.0479546 0  -0.0199969 -0.0345523 4
0.699966 1.00396 -0.305605 0.928 -0.677 -0.053411 0  -0.0400029 -0.0242619 4
0.800007 0.997241 -0.302809 0.928 -0.950999 -0.0672047 0.0279445  0 -0.0478024 4
0.899966 0.989924 -0.299218 0.934 -1.24 -0.0731989 0.0359207  0.0600243 -0.0504605 4
0.999962 0.982666 -0.295995 0.94 -1.506 -0.0725818 0.0322378  0.0600026 -0.0464277 4
1.09995 0.97644 -0.292785 0.945 -1.833 -0.062263 0.0321042  0.0500045 -0.0570774 4
1.2 0.970383 -0.289617 0.947 -1.958 -0.0605383 0.03166  0.0199903 -0.0218061 4
1.40064 0.961012 -0.282269 0.95 -2.151 -0.0467073 0.0366247  0.0149524 -0.0167891 4
1.50093 0.955793 -0.276677 0.954 -2.268 -0.0520409 0.0557617  0.0398846 -0.0203614 3
1.60124 0.950979 -0.270517 0.954 -2.303 -0.047992 0.0613995  0 -0.00608941 3
1.70192 0.946491 -0.265036 0.962 -2.396 -0.0445697 0.0544437  0.0794621 -0.0161225 3
1.8022 0.9445 -0.259474 0.962 -2.557 -0.0198549 0.0554635  0 -0.0280204 3
1.90255 0.94884 -0.253986 0.964 -2.752 0.0432431 0.0546852  0.0199298 -0.0339145 3
2.00292 0.966075 -0.250793 0.957 -3 0.171728 0.0318211  -0.0697452 -0.0431266 3
2.10327 0.999952 -0.248178 0.945 -3.303 0.337591 0.0260567  -0.119585 -0.0527003 3
2.20364 1.05513 -0.245385 0.943 -3.608 0.549756 0.0278219  -0.0199259 -0.0530354 3
2.30399 1.12669 -0.24498 0.942 -3.921 0.713084 0  0 -0.0544374 3
2.40433 1.20192 -0.244988 0.941 -3.98 0.74974 0  0 -0.0102629 3
2.50464 1.30092 -0.247885 0.951 -4.351 0.98694 -0.0288786  0.0996844 -0.0645474 3
2.60491 1.4037 -0.252042 0.944 -4.499 1.025 -0.0414573  -0.0698122 -0.0257615 3
2.70525 1.50886 -0.258667 0.953 -4.64 1.0481 -0.0660278  0.089698 -0.0245265 3
2.80557 1.62433 -0.267427 0.942 -4.943 1.15107 -0.0873287  -0.109651 -0.0527156 3
2.90589 1.74443 -0.276394 0.933 -5.036 1.19706 -0.0893728  -0.0897088 -0.016179 3
3.00628 1.86317 -0.288464 0.952 -5.027 1.18285 -0.12024  0.189265 0.00156469 3
3.10655 1.98798 -0.301325 0.935 -4.964 1.24471 -0.128262  -0.169539 0.0109657 3
3.20688 2.1138 -0.317038 0.925 -4.775 1.25397 -0.156611  -0.0996691 0.0328776 3
3.30713 2.2407 -0.329998 0.935 -4.465 1.26584 -0.129276  0.0997514 0.0539708 3
3.40741 2.36563 -0.34325 0.944 -4.008 1.24596 -0.132156  0.0897538 0.0795433 3
3.49998 2.4829 -0.352349 0.952 -3.126 1.26681 -0.098289  0.086422 0.166295 3
3.59995 2.61109 -0.35778 0.958 -2.524 1.28218 -0.0543258  0.0600142 0.105094 3
3.69996 2.73506 -0.35795 0.97 -1.443 1.23959 0  0.119988 0.188651 3
3.79998 2.8651 -0.354297 0.962 -0.622 1.30017 0.0365231  -0.0799873 0.143269 3
3.9 2.99341 -0.345482 0.96 0.205 1.28284 0.0881322  -0.0199964 0.144313 3
3.99995 3.1174 -0.332283 0.954 1.037 1.24047 0.13205  -0.0600277 0.145278 3
4.09995 3.24377 -0.314483 0.943 1.843 1.26368 0.177995  -0.109997 0.140669 3
4.2 3.36998 -0.289996 0.939 2.66 1.26153 0.244761  -0.0399819 0.142529 3
4.29996 3.49286 -0.25534 0.931 3.502 1.22935 0.346715  -0.0800354 0.147022 3
4.4 3.60791 -0.2157 0.926 4.376 1.15001 0.396214  -0.0499774 0.152473 3
4.49997 3.72202 -0.172235 0.92 4.982 1.14147 0.43478  -0.0600172 0.105797 3
4.70022 3.93189 -0.0683034 0.911 6.172 1.04806 0.519017  -0.0449446 0.103719 3
4.80047 4.03554 -0.00947339 0.907 5.466 1.03378 0.5868  -0.039898 -0.122906 3
4.90072 4.13899 0.0495647 0.905 4.065 1.03199 0.588947  -0.0199514 -0.243927 3
5.00101 4.23288 0.0993637 0.909 2.326 0.936245 0.49656  0.0398851 -0.30264 3
5.10133 4.30895 0.128945 0.915 0.368 0.758159 0.294842  0.0598038 -0.340618 3
5.2016 4.39124 0.132932 0.921 -1.425 0.820769 0.039766  0.0598387 -0.312096 3
5.30187 4.47903 0.126805 0.922 -2.472 0.875555 -0.0611101  0 -0.182247 3
5.40216 4.5621 0.108552 0.927 -3.986 0.828245 -0.182009  0.0498572 -0.263488 3
5.60272 4.73301 0.0371995 0.928 -6.171 0.852176 -0.355764  0 -0.190145 3
8.10956 6.26841 -1.23695 0.937 -23.722 0.612483 -0.508266  0 -0.122195 3
8.20992 6.32941 -1.29193 0.933 -24.018 0.607842 -0.5479  -0.0398581 -0.0514783 3
8.41061 6.44504 -1.39277 0.912 -15.875 0.576169 -0.502495  -0.104641 0.708181 3
8.51086 6.5025 -1.42365 0.91 -10.992 0.57312 -0.308021  -0.0199498 0.850103 3
8.61109 6.57667 -1.51267 0.913 -6.061 0.74002 -0.888073  0.0299297 0.858605 3
8.71134 6.66652 -1.65009 0.92 -1.881 0.89627 -1.37078  0.0698238 0.727712 3
8.81168 6.75606 -1.77951 0.923 1.491 0.892311 -1.28976  0.0298987 0.586537 3
9.0123 6.91713 -1.89822 0.912 11.616 0.802905 -0.59177  -0.0548317 0.880869 3
9.11263 6.98966 -1.92139 0.89 18.52 0.722928 -0.230912  -0.219273 1.20099 3
9.21295 7.0548 -1.92432 0.863 22.398 0.649271 -0.0291845  -0.269147 0.6747 3
9.81455 7.35906 -1.28426 0.788 42.45 0.505757 1.06393  -0.124667 0.581734 3
9.91487 7.40583 -1.16729 0.788 44.854 0.466245 1.16598  0 0.418259 3
10.0152 7.44954 -1.0426 0.787 44.931 0.435714 1.243  0 0.0133966 3
10.1155 7.48896 -0.906972 0.809 43.585 0.392943 1.35199  0.219305 -0.234178 3
10.2158 7.54022 -0.779741 0.817 42.078 0.51088 1.26804  0.0797315 -0.262138 3
10.3162 7.604 -0.659805 0.832 40.341 0.635715 1.19555  0.149524 -0.302202 3
10.4165 7.67359 -0.539806 0.838 39.783 0.693684 1.19616  0.0598083 -0.097078 3
10.7174 7.9686 -0.189431 0.907 32.756 0.980466 1.16448  0.229322 -0.40761 3
10.8177 8.07758 -0.0750049 0.918 31.035 1.08634 1.14062  0.109649 -0.299414 3
10.918 8.17826 0.035105 0.924 28.5 1.00319 1.09718  0.0597865 -0.440867 3
11.0184 8.27898 0.137373 0.928 24.038 1.00406 1.01945  0.0398735 -0.776302 3
11.1187 8.38476 0.234853 0.933 18.986 1.05444 0.971722  0.0498422 -0.878957 3
11.219 8.48454 0.313699 0.934 14.28 0.994633 0.785934  0 -0.818721 3
11.3192 8.58266 0.371321 0.938 10.781 0.97878 0.574807  0.0399019 -0.609194 3
11.4195 8.6778 0.402881 0.944 6.907 0.94909 0.314826  0.0598519 -0.674472 3
11.4999 8.785 0.437031 0.942 4.341 1.33262 0.424514  -0.0248618 -0.55672 3
11.6 8.92912 0.493852 0.936 0.958001 1.44092 0.568104  -0.0599886 -0.590332 3
11.7 9.0694 0.542345 0.925 -2.254 1.40264 0.484881  -0.109989 -0.560542 3
11.8 9.20538 0.576396 0.911 -5.424 1.35988 0.34053  -0.140008 -0.553303 3
11.8999 9.34031 0.608064 0.895 -8.562 1.34937 0.3167  -0.160012 -0.547725 3
12 9.50877 0.622594 0.876 -11.974 1.68448 0.145284  -0.189983 -0.595454 3
12.1 9.69558 0.627672 0.862 -15.013 1.86717 0.0507613  -0.139936 -0.530162 3
12.1999 9.8637 0.623536 0.85 -18.406 1.68223 -0.041383  -0.120071 -0.592539 3
12.3 9.99903 0.619951 0.841 -21.605 1.35316 -0.0358541  -0.089993 -0.558287 3
12.4 10.1237 0.614026 0.834 -24.847 1.24644 -0.0592315  -0.069988 -0.565739 3
12.5 10.2193 0.618515 0.83 -27.896 0.956492 0.0448801  -0.0399963 -0.532102 3
12.7002 10.3797 0.616818 0.82 -34.29 0.800458 0  -0.0499328 -0.557232 3
12.8006 10.4618 0.61551 0.817 -35.206 0.818732 -0.0130327  -0.0298939 -0.159307 3
14.3048 12.1529 -0.430024 0.753 -36.56 1.12425 -0.69507  -0.0425471 -0.0157104 3
14.4051 12.2672 -0.508886 0.746 -35.844 1.13843 -0.785997  -0.0697675 0.124551 3
14.5054 12.3781 -0.590256 0.738 -33.481 1.10631 -0.811584  -0.079792 0.411349 3
14.6 12.4193 -0.599682 0.73 -29.502 0.435648 -0.0996942  -0.0846081 0.734469 3
14.7 12.4232 -0.556785 0.733 -24.941 0.0396595 0.429014  0.0300029 0.79612 3
14.8 12.4204 -0.486485 0.757 -20.542 -0.02829 0.703027  0.240009 0.767799 3
14.9 12.4079 -0.391388 0.791 -16.94 -0.124653 0.950937  0.33999 0.628649 3
15 12.3639 -0.259881 0.864 -10.963 -0.43991 1.31502  0.72997 1.04314 3
15.1 12.3044 -0.0999428 0.942 -5.913 -0.595666 1.59944  0.780029 0.881424 3
15.2 12.234 0.0796068 1.002 -1.531 -0.703779 1.79435  0.599616 0.764314 3
15.3 12.2691 0.11913 1.056 2.964 0.351518 0.39547  0.540321 0.784992 3
15.4 12.3777 0.0602712 1.092 7.509 1.0858 -0.588606  0.360009 0.793272 3
15.5 12.5055 -0.0217597 1.112 12.176 1.27848 -0.820275  0.199992 0.814511 3
15.6 12.6154 -0.0807235 1.12 16.69 1.09913 -0.589546  0.0799875 0.787719 3
15.8002 12.7639 -0.106581 1.092 24.731 0.741179 -0.129121  -0.139819 0.700803 3
15.9006 12.8128 -0.0987198 1.057 24.725 0.487252 0.0783471  -0.348818 -0.00104375 3
16.0009 12.8578 -0.0736158 1.013 23.459 0.449069 0.250255  -0.438622 -0.220267 3
16.1012 12.9041 -0.0480782 0.971 21.749 0.461914 0.254568  -0.418672 -0.297507 3
16.2015 12.9557 -0.0249705 0.946 20.359 0.514133 0.230346  -0.249209 -0.241833 3
16.3018 13.0156 -0.00667958 0.922 18.719 0.596941 0.182342  -0.239256 -0.285347 3
16.4021 13.0906 0.000380476 0.893 15.848 0.748036 0.0704034  -0.28919 -0.499684 3
16.5024 13.1842 -0.000795245 0.869 12.905 0.933275 -0.0117206  -0.239253 -0.512051 3
16.6028 13.2871 -0.0145428 0.856 10.301 1.02488 -0.13701  -0.12956 -0.452944 3
16.703 13.3999 -0.0424543 0.852 8.831 1.12594 -0.27845  -0.0399047 -0.255952 3
16.8033 13.53 -0.0899783 0.843 7.921 1.29642 -0.473773  -0.0897222 -0.158335 3
16.8038 13.5307 -0.0902346 0.842 7.805 1.30682 -0.481988  -1.88076 -3.80773 3
16.9 13.6641 -0.146695 0.837 7.122 1.38763 -0.587305  -0.0520104 -0.123999 3
17 13.8079 -0.208687 0.831 6.588 1.43869 -0.620075  -0.0600153 -0.0932244 3
17.1 13.9468 -0.265298 0.825 6.063 1.38882 -0.565914  -0.0599789 -0.0915975 3
17.2 14.0876 -0.321846 0.821 5.587 1.40803 -0.565687  -0.0400145 -0.0831078 3
17.3 14.2193 -0.372377 0.814 4.966 1.31723 -0.505284  -0.0699971 -0.10838 3
17.3999 14.3442 -0.418955 0.811 4.318 1.24925 -0.465831  -0.0300029 -0.113108 3
17.5 14.4671 -0.463665 0.807 3.548 1.22832 -0.44705  -0.0399957 -0.134376 3
17.6 14.5841 -0.505123 0.8 2.82 1.17019 -0.414607  -0.0700036 -0.127066 3
17.7 14.7057 -0.551534 0.8 2.003 1.216 -0.464095  0 -0.142589 3
17.8 14.8256 -0.599509 0.795 1.214 1.19898 -0.479712  -0.0499963 -0.137696 3
17.9 14.9416 -0.648642 0.792 0.515 1.16045 -0.491323  -0.0299996 -0.121997 3
18 15.0541 -0.691845 0.79 -0.092 1.12431 -0.431962  -0.0199971 -0.105926 3
18.1 15.1662 -0.736901 0.79 -0.549999 1.12095 -0.450629  0 -0.0799479 8
18.2 15.2774 -0.781107 0.784 -0.752 1.112 -0.441983  -0.059989 -0.0352493 8
18.3 15.3868 -0.826689 0.778 -0.815 1.09401 -0.45593  -0.0600151 -0.0109983 8
18.4 15.4919 -0.864005 0.761 -0.808 1.05054 -0.373011  -0.169929 0.00122121 8
18.5 15.5931 -0.894655 0.75 -0.837 1.01311 -0.306649  -0.110055 -0.00506401 8
18.6 15.6897 -0.919168 0.739 -0.927 0.965184 -0.245085  -0.109979 -0.015705 8
18.7 15.7845 -0.934003 0.73 -0.964 0.948121 -0.148357  -0.0900089 -0.0064583 8
18.7999 15.8707 -0.941131 0.727 -1.067 0.86258 -0.0712951  -0.0300054 -0.0179801 8
18.9 15.9296 -0.942633 0.733 -1.352 0.589119 -0.0150152  0.0599895 -0.0497332 8
19 15.9394 -0.940121 0.742 -1.69 0.0972168 0.0251135  0.0899941 -0.0589883 8
19.1 15.9431 -0.935164 0.751 -1.914 0.0373947 0.0495706  0.0899966 -0.0390939 4
19.2 15.9493 -0.927661 0.762 -1.848 0.0616136 0.0750292  0.109996 0.0115188 4
19.3 15.9531 -0.9179 0.766 -1.711 0.0385949 0.0975982  0.0399983 0.02391 9
19.4 15.9554 -0.895823 0.739 -1.536 0.0228455 0.220817  -0.270054 0.0305495 9
19.5 15.9583 -0.858658 0.729 -1.451 0.0287152 0.37156  -0.0999766 0.0148318 9
19.6 15.9609 -0.815369 0.686 -1.362 0.0263139 0.432986  -0.43009 0.0155367 9
19.7 15.9617 -0.805484 0.616 -1.113 0 0.0988466  -0.70001 0.0434593 9
19.8 15.9601 -0.799796 0.533 -0.818999 -0.0159561 0.0568729  -0.829777 0.051299 9
19.9 15.959 -0.797635 0.433 -0.504 -0.0113005 0.0216091  -1.00033 0.0549961 9
20 15.9533 -0.795157 0.351 -0.155 -0.0568614 0.0247837  -0.819956 0.0609087 9
20.1 15.9369 -0.792305 0.272 0.0410004 -0.164692 0.0285206  -0.790014 0.0342091 9
20.2 15.9333 -0.791697 0.202 0.222 -0.0351153 0  -0.699846 0.0315835 9
20.2999 15.934 -0.803284 0.148 0.891 0 -0.115906  -0.540164 0.116798 9
20.4 15.9343 -0.816539 0.106 1.971 0 -0.132518  -0.419907 0.188454 9
20.5 15.9343 -0.816539 0 2.378 0 0  -1.05972 0.0710167 2
20.6 15.9343 -0.816539 0 2.368 0 0  0 -0.00174556 2
20.7 15.9343 -0.816539 0 2.369 0 0  0 0.00017449 2
20.8 15.9343 -0.816539 0 2.376 0 0  0 0.00122131 2
20.9 15.9343 -0.816539 0 2.392 0 0  0 0.00279305 2
21 15.9343 -0.816539 0 2.396 0 0  0 0.000698152 2
21.1 15.9343 -0.816539 0 2.406 0 0  0 0.00174541 2
21.2 15.9343 -0.816539 0 2.414 0 0  0 0.00139604 2
21.3 15.9343 -0.816539 0 2.421 0 0  0 0.00122177 2
21.4 15.9343 -0.816539 0 2.43 0 0  0 0.00157077 2
21.5 15.9343 -0.816539 0 2.437 0 0  0 0.0012219 2
21.6 15.9343 -0.816539 0 2.442 0 0  0 0.000872509 2
21.7 15.9343 -0.816539 0 2.45 0 0  0 0.00139608 2
21.8002 15.9343 -0.816539 0 2.454 0 0  0 0.000696621 2
21.9 15.9343 -0.816539 0 2.458 0 0  0 0.000699924 2
22 15.9343 -0.816539 0 2.464 0 0  0 0.0010467 2
22.1 15.9343 -0.816539 0 2.474 0 0  0 0.00174544 2
22.2 15.9343 -0.816539 0 2.483 0 0  0 0.00157109 2
22.3 15.9343 -0.816539 0 2.489 0 0  0 0.00104723 2
22.4 15.9343 -0.816539 0 2.498 0 0  0 0.00157071 2
22.5 15.9343 -0.816539 0 2.506 0 0  0 0.00139609 2
22.6 15.9343 -0.816539 0 2.508 0 0  0 0.000349275 2
22.7 15.9343 -0.816539 0 2.511 0 0  0 0.000523603 2
22.8 15.9343 -0.816539 0 2.52 0 0  0 0.00157053 2
22.9 15.9343 -0.816539 0 2.527 0 0  0 0.00122159 2
23 15.9343 -0.816539 0 2.535 0 0  0 0.00139639 2
23.1 15.9343 -0.816539 0 2.543 0 0  0 0.00139624 2
23.2 15.9343 -0.816539 0 2.546 0 0  0 0.000523559 2
