1.38866e+09 0 0 0 -0 0 0  0 -0 0
1.38866e+09 -0.0308581 0.077316 0.682 0.443 -0.0440842 0.110455  0.974313 0.0110458 7
1.38866e+09 -0.0325735 0.0767151 0.674 0.297 -0.0171543 0  -0.079999 -0.0254815 7
1.38866e+09 -0.0265724 0.064762 0.645 -1.174 0.0600101 -0.119529  -0.289996 -0.256734 7
1.38866e+09 -0.0139441 0.0508995 0.642 -0.007 0.126247 -0.138584  -0.0299912 0.20362 7
1.38866e+09 -0.0139441 0.0508995 0 -2.225 0 0  -6.42223 -0.387249 0
1.38866e+09 -0.0139441 0.0508995 0 2.791 0 0  0 0.291828 0
1.38866e+09 -0.0139441 0.0508995 0 6.067 0 0  0 0.571701 0
1.38866e+09 -0.0139441 0.0508995 0 3.877 0 0  0 -0.382266 0
1.38866e+09 -0.0139441 0.0508995 0 3.494 0 0  0 -0.0668372 0
1.38866e+09 -0.0139441 0.0508995 0 3.722 0 0  0 0.0397924 0
1.38866e+09 -0.0139441 0.0508995 0 2.778 0 0  0 -0.164776 0
1.38866e+09 -0.0139441 0.0508995 0 -0.181 0 0  0 -0.516327 0
1.38866e+09 -0.0139441 0.0508995 0 -0.293 0 0  0 -0.0195528 0
1.38866e+09 -0.0139441 0.0508995 0 -0.653 0 0  0 -0.0628337 0
1.38866e+09 -0.0139441 0.0508995 0 -2.635 0 0  0 -0.172954 0
1.38866e+09 -0.0139441 0.0508995 0 -2.349 0 0  0 0.0499208 0
1.38866e+09 -0.0139441 0.0508995 0 -2.345 0 0  0 0.000698174 0
1.38866e+09 -0.0139441 0.0508995 0 -1.233 0 0  0 0.0388153 0
1.38866e+09 -0.0139441 0.0508995 0 -0.884 0 0  0 0.0609136 0
1.38866e+09 -0.0139441 0.0508995 0 0.121 0 0  0 0.17541 0
1.38866e+09 -0.0139441 0.0508995 0 3.636 0 0  0 0.0613481 0
1.38866e+09 -0.0139441 0.0508995 0 -1.061 0 0  0 -0.409891 0
1.38866e+09 -0.0139441 0.0508995 0 -2.58 0 0  0 -0.265119 0
1.38866e+09 -0.0139441 0.0508995 0 -3.812 0 0  0 -0.21503 0
1.38866e+09 -0.0139441 0.0508995 0 -3.295 0 0  0 0.0451137 0
1.38866e+09 -0.0139441 0.0508995 0 -3.095 0 0  0 0.0349118 0
1.38866e+09 -0.0139441 0.0508995 0 -2.969 0 0  0 0.0219898 0
1.38866e+09 -0.0139441 0.0508995 0 0.13 0 0  0 0.135218 0
1.38866e+09 -0.0139441 0.0508995 0 -2.01 0 0  0 -0.373496 0
1.38866e+09 -0.0139441 0.0508995 0 3.585 0 0  0 0.488262 0
1.38866e+09 -0.0139441 0.0508995 0 3.9 0 0  0 0.0549634 0
1.38866e+09 -0.0139441 0.0508995 0 4.832 0 0  0 0.162702 0
1.38866e+09 -0.0139441 0.0508995 0 5.264 0 0  0 0.0754028 0
1.38866e+09 -0.0139441 0.0508995 0 3.917 0 0  0 -0.235105 0
1.38866e+09 -0.0139441 0.0508995 0 7.706 0 0  0 0.165323 0
1.38866e+09 -0.0139441 0.0508995 0 7.506 0 0  0 -0.0174537 0
1.38866e+09 -0.0139441 0.0508995 0 9.152 0 0  0 0.287203 0
1.38866e+09 -0.0139441 0.0508995 0 8.184 0 0  0 -0.169002 0
1.38866e+09 -0.0139441 0.0508995 0 7.912 0 0  0 -0.04747 0
1.38866e+09 -0.0139441 0.0508995 0 8.06 0 0  0 0.0258306 0
1.38866e+09 -0.0139441 0.0508995 0 10.971 0 0  0 0.508105 0
1.38866e+09 -0.0139441 0.0508995 0 14.974 0 0  0 0.23288 0
1.38866e+09 -0.0139441 0.0508995 0 -0.574 0 0  0 -0.100505 0
1.38866e+09 -0.0139441 0.0508995 0 1.198 0 0  0 0.309269 0
1.38866e+09 -0.0139441 0.0508995 0 4.515 0 0  0 0.289467 0
1.38866e+09 -0.0139441 0.0508995 0 1.738 0 0  0 -0.484551 0
1.38866e+09 -0.0139441 0.0508995 0 -1.59 0 0  0 -0.580946 0
1.38866e+09 -0.0139441 0.0508995 0 -3.315 0 0  0 -0.301092 0
1.38866e+09 -0.0139441 0.0508995 0 -3.311 0 0  0 0.000698099 0
1.38866e+09 -0.0139441 0.0508995 0 -4.945 0 0  0 -0.285172 0
1.38866e+09 -0.0139441 0.0508995 0 -4.625 0 0  0 0.05586 0
1.38866e+09 -0.0139441 0.0508995 0 -4.602 0 0  0 0.00401361 0
1.38866e+09 -0.0139441 0.0508995 0 -4.488 0 0  0 0.0198992 0
1.38866e+09 -0.0139441 0.0508995 0 -4.467 0 0  0 0.0036653 0
1.38866e+09 -0.0139441 0.0508995 0 -4.491 0 0  0 -0.00418798 0
1.38866e+09 -0.0139441 0.0508995 0 -4.534 0 0  0 -0.00750492 0
1.38866e+09 -0.0139441 0.0508995 0 -4.527 0 0  0 0.00122185 0
1.38866e+09 -0.0139441 0.0508995 0 6.614 0 0  0 0.00344154 2
1.38866e+09 -0.0139441 0.0508995 0 5.917 0 0  0 -0.0304124 2
1.38866e+09 -0.0139441 0.0508995 0 5.567 0 0  0 -0.0610748 2
1.38866e+09 -0.0139441 0.0508995 0 5.358 0 0  0 -0.0364869 2
1.38866e+09 -0.0139441 0.0508995 0 4.75 0 0  0 -0.106086 2
1.38866e+09 -0.0139441 0.0508995 0 4.707 0 0  0 -0.00750685 2
1.38866e+09 -0.0139441 0.0508995 0 4.709 0 0  0 0.000349122 2
1.38866e+09 -0.0139441 0.0508995 0 5.089 0 0  0 0.00947469 2
1.38866e+09 -0.0139441 0.0508995 0 5.154 0 0  0 0.0113442 2
1.38866e+09 -0.0139441 0.0508995 0 5.161 0 0  0 0.00122171 2
1.38866e+09 -0.0139441 0.0508995 0 5.228 0 0  0 0.0116941 2
1.38866e+09 -0.0139441 0.0508995 0 5.199 0 0  0 -0.00506172 2
1.38866e+09 -0.0139441 0.0508995 0 5.157 0 0  0 -0.00733006 2
1.38866e+09 -0.0139441 0.0508995 0 5.123 0 0  0 -0.00593418 2
1.38866e+09 -0.0139441 0.0508995 0 5.111 0 0  0 -0.00209438 2
1.38866e+09 -0.0139441 0.0508995 0 5.123 0 0  0 0.00209442 2
1.38866e+09 -0.0139441 0.0508995 0 5.134 0 0  0 0.00191997 2
1.38866e+09 -0.0139441 0.0508995 0 5.143 0 0  0 0.00157072 2
1.38866e+09 -0.0139441 0.0508995 0 5.147 0 0  0 0.000698104 2
1.38866e+09 -0.0139441 0.0508995 0 5.109 0 0  0 -0.00331607 2
1.38866e+09 -0.0139441 0.0508995 0 5.076 0 0  0 -0.00287981 2
1.38866e+09 -0.0139441 0.0508995 0 5.09 0 0  0 0.00244348 2
1.38866e+09 -0.0139441 0.0508995 0 5.119 0 0  0 0.00506141 2
1.38866e+09 -0.0139441 0.0508995 0 5.094 0 0  0 -0.0043634 2
1.38866e+09 -0.0139441 0.0508995 0 5.078 0 0  0 -0.0027925 2
1.38866e+09 -0.0139441 0.0508995 0 5.063 0 0  0 -0.00130894 2
1.38866e+09 -0.0139441 0.0508995 0 5.056 0 0  0 -0.00122176 2
1.38866e+09 -0.0139441 0.0508995 0 4.998 0 0  0 -0.0101231 2
1.38866e+09 -0.0139441 0.0508995 0 4.991 0 0  0 -0.00122168 2
1.38866e+09 -0.0139441 0.0508995 0 4.974 0 0  0 -0.00148353 2
1.38866e+09 -0.0139441 0.0508995 0 4.963 0 0  0 -0.0019199 2
1.38866e+09 -0.0139441 0.0508995 0 4.874 0 0  0 -0.0155337 2
1.38866e+09 -0.0139441 0.0508995 0 4.743 0 0  0 -0.0228635 2
1.38866e+09 -0.0139441 0.0508995 0 4.558 0 0  0 -0.032289 2
1.38866e+09 -0.0139441 0.0508995 0 3.779 0 0  0 -0.135961 2
1.38866e+09 -0.0139441 0.0508995 0 3.836 0 0  0 0.00994794 2
1.38866e+09 -0.0139441 0.0508995 0 3.953 0 0  0 0.0204203 2
1.38866e+09 -0.0139441 0.0508995 0 4 0 0  0 0.00820338 2
1.38866e+09 -0.0139441 0.0508995 0 4.797 0 0  0 0.00124199 2
1.38866e+09 -0.0139441 0.0508995 0 4.803 0 0  0 0.000523634 2
1.38866e+09 -0.0139441 0.0508995 0 4.804 0 0  0 0.000174486 2
1.38866e+09 -0.0139441 0.0508995 0 4.806 0 0  0 0.000349213 2
1.38866e+09 -0.0139441 0.0508995 0 4.809 0 0  0 0.000523503 2
1.38866e+09 -0.0139441 0.0508995 0 5.229 0 0  0 0.00059116 2
1.38866e+09 -0.0139441 0.0508995 0 5.233 0 0  0 0.000698019 2
1.38866e+09 -0.0139441 0.0508995 0 5.235 0 0  0 0.000349117 2
1.38866e+09 -0.0139441 0.0508995 0 5.238 0 0  0 0.000523601 2
1.38866e+09 -0.0139441 0.0508995 0 5.241 0 0  0 0.00052366 2
1.38866e+09 -0.0139441 0.0508995 0 5.241 0 0  0 0 2
1.38866e+09 -0.0139441 0.0508995 0 5.251 0 0  0 0.000872659 2
1.38866e+09 -0.0139441 0.0508995 0 5.268 0 0  0 0.000494508 2
1.38866e+09 -0.0139441 0.0508995 0 5.271 0 0  0 0.000523437 2
1.38866e+09 -0.0139441 0.0508995 0 5.272 0 0  0 0.000174559 2
1.38866e+09 -0.0139441 0.0508995 0 5.274 0 0  0 0.000349151 2
1.38866e+09 -0.0139441 0.0508995 0 5.285 0 0  0 0.000639917 2
1.38866e+09 -0.0139441 0.0508995 0 5.286 0 0  0 0.000174535 2
1.38866e+09 -0.0139441 0.0508995 0 5.286 0 0  0 0 2
1.38866e+09 -0.0139441 0.0508995 0 5.287 0 0  0 0.000174604 2
1.38866e+09 -0.0139441 0.0508995 0 5.289 0 0  0 0.000348033 2
1.38866e+09 -0.0139441 0.0508995 0 5.29 0 0  0 0.000175045 2
1.38866e+09 -0.0139441 0.0508995 0 5.297 0 0  0 0.00122146 2
1.38866e+09 -0.0139441 0.0508995 0 5.375 0 0  0 0.000544547 2
1.38866e+09 -0.0139441 0.0508995 0 5.379 0 0  0 0.0006981 2
1.38866e+09 -0.0139441 0.0508995 0 5.382 0 0  0 0.000523634 2
1.38866e+09 -0.0139441 0.0508995 0 5.383 0 0  0 0.000174519 2
1.38866e+09 -0.0139441 0.0508995 0 5.386 0 0  0 0.000523658 2
1.38866e+09 -0.0139441 0.0508995 0 5.386 0 0  0 0 2
1.38866e+09 -0.0139441 0.0508995 0 5.39 0 0  0 0.000697931 2
1.38866e+09 -0.0139441 0.0508995 0 5.392 0 0  0 0.000349223 2
1.38866e+09 -0.0139441 0.0508995 0 5.396 0 0  0 0.000232692 2
1.38866e+09 -0.0139441 0.0508995 0 5.563 0 0  0 0.000494017 2
1.38866e+09 -0.0139441 0.0508995 0 5.568 0 0  0 0.000436321 2
1.38866e+09 -0.0139441 0.0508995 0 5.571 0 0  0 0.00052363 2
1.38866e+09 -0.0139441 0.0508995 0 5.577 0 0  0 0.00104721 2
1.38866e+09 -0.0139441 0.0508995 0 5.578 0 0  0 0.000174516 2
1.38866e+09 -0.0139441 0.0508995 0 5.582 0 0  0 0.000349006 2
1.38866e+09 -0.0139441 0.0508995 0 5.586 0 0  0 0.00069833 2
1.38866e+09 -0.0139441 0.0508995 0 5.588 0 0  0 0.000349049 2
1.38866e+09 -0.0139441 0.0508995 0 5.589 0 0  0 0.000174598 2
1.38866e+09 -0.0139441 0.0508995 0 5.591 0 0  0 0.000349029 2
1.38866e+09 -0.0139441 0.0508995 0 5.594 0 0  0 0.000523557 2
1.38866e+09 -0.0139441 0.0508995 0 5.592 0 0  0 -0.000348989 2
1.38866e+09 -0.0139441 0.0508995 0 5.6 0 0  0 0.00139632 2
1.38866e+09 -0.0139441 0.0508995 0 5.603 0 0  0 0.000523631 2
1.38866e+09 -0.0139441 0.0508995 0 5.606 0 0  0 0.000523662 2
1.38866e+09 -0.0139441 0.0508995 0 5.606 0 0  0 0 2
1.38866e+09 -0.0139441 0.0508995 0 5.612 0 0  0 0.00104727 2
1.38866e+09 -0.0139441 0.0508995 0 5.617 0 0  0 0.000872621 2
1.38866e+09 -0.0139441 0.0508995 0 5.621 0 0  0 0.0006981 2
1.38866e+09 -0.0139441 0.0508995 0 5.623 0 0  0 0.000349114 2
1.38866e+09 -0.0139441 0.0508995 0 5.626 0 0  0 0.000523327 2
