1.65563 1.24808 0.982 4.10884
1.74036 1.30255 0.98137 4.20884
1.83257 1.34272 0.980532 4.30884
1.92683 1.37775 0.979569 4.40884
2.02088 1.41322 0.978538 4.50884
2.11354 1.45202 0.977478 4.60884
2.20404 1.49543 0.976416 4.70884
2.29189 1.54384 0.975368 4.80884
2.37677 1.59719 0.974346 4.90884
2.45845 1.65526 0.973355 5.00884
2.53677 1.71772 0.9724 5.10884
2.5912 1.8077 0.971575 5.20884
2.64737 1.89469 0.970509 5.30884
2.70718 1.97767 0.96932 5.40884
2.77078 2.05669 0.968086 5.50884
2.83763 2.13223 0.966861 5.60884
2.90706 2.20492 0.965678 5.70884
2.97845 2.27536 0.964557 5.80884
3.05126 2.34413 0.96351 5.90884
3.12509 2.41167 0.962541 6.00884
3.19962 2.47838 0.961651 6.10884
3.2746 2.54454 0.960837 6.20884
3.34984 2.61036 0.960096 6.30884
3.42523 2.67602 0.959422 6.40884
3.50065 2.74164 0.95881 6.50884
3.57603 2.80729 0.958255 6.60884
3.64115 2.88924 0.958159 6.70884
3.71299 2.96326 0.958032 6.80884
3.79097 3.02919 0.957884 6.90884
3.87384 3.08767 0.957722 7.00884
3.96045 3.13962 0.957552 7.10884
4.04989 3.1859 0.957377 7.20884
4.14153 3.22718 0.9572 7.30884
4.23494 3.26392 0.95702 7.40884
4.32982 3.29637 0.956841 7.50884
4.42595 3.32466 0.956661 7.60884
4.52315 3.3488 0.956483 7.70884
4.62125 3.36875 0.956306 7.80884
4.7201 3.38444 0.95613 7.90884
4.79158 3.45276 0.956041 8.00884
4.87295 3.5006 0.955926 8.10884
4.96075 3.52879 0.955795 8.20884
5.05164 3.54038 0.955657 8.30884
5.14357 3.53897 0.955513 8.40884
5.23554 3.52774 0.955368 8.50884
5.32717 3.50912 0.95522 8.60884
5.41835 3.48485 0.955072 8.70884
5.50902 3.45604 0.954924 8.80884
5.59911 3.42336 0.954776 8.90884
5.68852 3.38716 0.954629 9.00884
5.75492 3.4465 0.953374 9.10884
5.82613 3.48558 0.951746 9.20884
5.90072 3.50639 0.949912 9.30884
5.97712 3.51174 0.94798 9.40884
6.05434 3.50452 0.94602 9.50884
6.13191 3.48734 0.944074 9.60884
6.20974 3.46243 0.942165 9.70884
6.28792 3.43162 0.940306 9.80884
6.3666 3.39638 0.938501 9.90884
6.44595 3.35789 0.936752 10.0088
6.52611 3.3171 0.935056 10.1088
6.60719 3.27476 0.933409 10.2088
6.68923 3.23145 0.931806 10.3088
6.77227 3.18761 0.930244 10.4088
6.8563 3.14361 0.928716 10.5088
6.94128 3.09971 0.92722 10.6088
7.02719 3.05608 0.92575 10.7088
7.11395 3.01288 0.924304 10.8088
7.20151 2.97019 0.922878 10.9088
7.2898 2.92808 0.921469 11.0088
7.37876 2.88656 0.920074 11.1088
7.46833 2.84566 0.918693 11.2088
7.55843 2.80537 0.917322 11.3088
7.64903 2.76567 0.91596 11.4088
7.74007 2.72656 0.914606 11.5088
7.8315 2.688 0.913258 11.6088
7.92328 2.64995 0.911917 11.7088
8.01538 2.61241 0.910579 11.8088
8.10776 2.57532 0.909246 11.9088
8.20039 2.53867 0.907916 12.0088
8.29324 2.50242 0.906589 12.1088
8.38629 2.46655 0.905264 12.2088
8.47953 2.43103 0.903941 12.3088
8.57292 2.39583 0.90262 12.4088
8.66646 2.36093 0.9013 12.5088
8.76013 2.3263 0.899982 12.6088
8.85392 2.29193 0.898664 12.7088
8.94781 2.2578 0.897348 12.8088
9.0418 2.22389 0.896032 12.9088
9.13587 2.19017 0.894716 13.0088
9.23002 2.15665 0.893401 13.1088
9.32424 2.12329 0.892087 13.2088
9.41853 2.09009 0.890772 13.3088
9.51287 2.05704 0.889459 13.4088
9.60727 2.02412 0.888145 13.5088
9.70172 1.99133 0.886832 13.6088
9.7962 1.95865 0.885518 13.7088
9.89073 1.92607 0.884205 13.8088
9.9853 1.8936 0.882892 13.9088
10.0799 1.86121 0.881579 14.0088
10.1745 1.82891 0.880266 14.1088
10.2692 1.79668 0.878954 14.2088
10.3639 1.76452 0.877641 14.3088
10.4586 1.73242 0.876328 14.4088
10.5533 1.70039 0.875016 14.5088
10.648 1.66841 0.873703 14.6088
10.7428 1.63648 0.872391 14.7088
10.8376 1.6046 0.871078 14.8088
10.9324 1.57276 0.869766 14.9088
11.0272 1.54096 0.868453 15.0088
11.122 1.50919 0.867141 15.1088
11.2168 1.47746 0.865828 15.2088
11.3117 1.44576 0.864516 15.3088
11.4065 1.41409 0.863204 15.4088
11.5014 1.38245 0.861891 15.5088
11.5962 1.35082 0.860579 15.6088
11.6911 1.31923 0.859266 15.7088
11.786 1.28765 0.857954 15.8088
11.8809 1.25609 0.856642 15.9088
11.9758 1.22455 0.855329 16.0088
12.0707 1.19302 0.854017 16.1088
12.1656 1.16151 0.852704 16.2088
12.2605 1.13002 0.851392 16.3088
12.3554 1.09853 0.85008 16.4088
12.4503 1.06706 0.848767 16.5088
12.5453 1.0356 0.847455 16.6088
12.6402 1.00414 0.846143 16.7088
12.7351 0.9727 0.84483 16.8088
12.83 0.941265 0.843518 16.9088
12.925 0.909837 0.842206 17.0088
13.0199 0.878417 0.840893 17.1088
13.1148 0.847003 0.839581 17.2088
13.2098 0.815595 0.838268 17.3088
13.3047 0.784193 0.836956 17.4088
13.3997 0.752796 0.835644 17.5088
13.4946 0.721403 0.834331 17.6088
13.5896 0.690015 0.833019 17.7088
13.6845 0.658631 0.831707 17.8088
13.7795 0.62725 0.830394 17.9088
13.8744 0.595873 0.829082 18.0088
13.9694 0.564499 0.82777 18.1088
14.0643 0.533127 0.826457 18.2088
14.1593 0.501759 0.825145 18.3088
14.2542 0.470393 0.823832 18.4088
14.3492 0.439029 0.82252 18.5088
14.4441 0.407667 0.821208 18.6088
14.5391 0.376307 0.819895 18.7088
14.634 0.344948 0.818583 18.8088
14.729 0.313592 0.817271 18.9088
14.8239 0.282237 0.815958 19.0088
14.9189 0.250883 0.814646 19.1088
15.0139 0.21953 0.813334 19.2088
15.1088 0.188179 0.812021 19.3088
15.2038 0.156829 0.810709 19.4088
15.2987 0.125479 0.809397 19.5088
15.3675 0.183762 0.809348 19.6088
15.4421 0.218419 0.809283 19.7088
15.5197 0.233274 0.809207 19.8088
15.5987 0.233627 0.809124 19.9088
15.6787 0.224468 0.809036 20.0088
15.76 0.209888 0.808947 20.1088
15.8432 0.19308 0.808857 20.2088
15.9286 0.176509 0.808766 20.3088
16.0163 0.16206 0.808675 20.4088
16.1063 0.151156 0.808585 20.5088
