10.679 1.00958 0.879 13.7999
10.7547 0.995191 0.877962 13.8999
10.8347 0.984379 0.876603 13.9999
10.9182 0.977401 0.875055 14.0999
11.0045 0.974448 0.873407 14.1999
11.0931 0.975671 0.87172 14.2999
11.1833 0.981191 0.870033 14.3999
11.259 0.975466 0.869192 14.4999
11.3387 0.97305 0.868089 14.5999
11.4217 0.970858 0.86683 14.6999
11.5073 0.966839 0.865491 14.7999
11.595 0.959664 0.864121 14.8999
11.6842 0.9485 0.862753 14.9999
11.757 0.923221 0.860937 15.0999
11.8331 0.896773 0.858577 15.1999
11.9126 0.870946 0.855921 15.2999
11.9951 0.84636 0.853141 15.3999
12.0801 0.823085 0.85035 15.4999
12.1674 0.80096 0.847622 15.5999
12.2566 0.779742 0.845002 15.6999
12.3472 0.759186 0.842516 15.7999
12.4391 0.739074 0.840176 15.8999
12.532 0.719228 0.837984 15.9999
12.6258 0.699506 0.835937 16.0999
12.7202 0.679804 0.834027 16.1999
12.8152 0.660043 0.832245 16.2999
12.9107 0.64017 0.83058 16.3999
13.0065 0.620148 0.829022 16.4999
13.1027 0.599954 0.82756 16.5999
13.1991 0.579577 0.826184 16.6999
13.2957 0.559012 0.824883 16.7999
13.3925 0.538259 0.82365 16.8999
13.4894 0.517323 0.822476 16.9999
13.5864 0.496211 0.821355 17.0999
13.6834 0.47493 0.820279 17.1999
13.7806 0.45349 0.819243 17.2999
13.8778 0.431902 0.818242 17.3999
13.975 0.410174 0.817271 17.4999
14.0723 0.388317 0.816327 17.5999
14.1696 0.36634 0.815406 17.6999
14.2669 0.344252 0.814505 17.7999
14.3642 0.322061 0.813621 17.8999
14.4616 0.299775 0.812752 17.9999
14.5589 0.277402 0.811896 18.0999
14.6562 0.254948 0.811051 18.1999
14.7536 0.232421 0.810216 18.2999
14.8509 0.209825 0.80939 18.3999
14.9482 0.187167 0.808571 18.4999
15.0456 0.164451 0.807758 18.5999
15.1429 0.141682 0.806951 18.6999
15.2402 0.118865 0.806148 18.7999
15.3375 0.0960022 0.80535 18.8999
15.4349 0.0730987 0.804555 18.9999
15.5089 0.0516951 0.804522 19.0999
15.5871 0.0315991 0.804477 19.1999
15.6691 0.0145253 0.804426 19.2999
15.7545 0.00135806 0.804371 19.3999
15.8426 -0.00748382 0.804314 19.4999
15.9328 -0.0118253 0.804256 19.5999
