1388568424.150226194 -0.592893 -0.623477 1.089 23.777 -0.103944 -0.109306  0.190919 0.0727539 7
1388568424.250216663 -0.600575 -0.630942 1.097 23.833 -0.076833 -0.0746541  0.0800076 0.00977473 7
1388568424.350196203 -0.605125 -0.634419 1.082 23.9 -0.0455049 -0.0347727  -0.150031 0.011696 7
1388568424.450186159 -0.610387 -0.634639 1.063 23.979 -0.0526309 0  -0.190019 0.0137896 7
1388568424.550205629 -0.616975 -0.630174 1.056 24.047 -0.0658686 0.0446411  -0.0699864 0.0118661 7
1388568424.650193245 -0.624884 -0.629274 1.02 24.064 -0.0790929 0  -0.360045 0.00296713 7
1388568424.750201375 -0.633115 -0.626224 0.997 24.141 -0.0823036 0.0305023  -0.229981 0.0134382 7
1388568424.850190546 -0.639278 -0.622736 0.978 24.202 -0.0616399 0.0348889  -0.190021 0.0106475 7
1388568424.950200110 -0.647325 -0.618727 0.97 24.354 -0.0804589 0.0400849  -0.0799923 0.0265265 7
1388568425.050198605 -0.655572 -0.615486 0.971 24.351 -0.0824732 0.0324094  0.0100002 -0.000523652 7
1388568425.150206835 -0.66087 -0.611438 0.966 24.434 -0.0529794 0.0404722  -0.0499959 0.0144851 7
1388568425.250199046 -0.668152 -0.60648 0.969 24.426 -0.0728238 0.0495886  0.0300023 -0.00139627 7
1388568425.350192105 -0.674364 -0.601675 0.961 24.411 -0.0621208 0.048055  -0.0800056 -0.0026184 7
1388568425.450197647 -0.681041 -0.59445 0.959 24.359 -0.0667714 0.07224  -0.0199989 -0.00907522 7
1388568425.550198930 -0.688282 -0.588823 0.961 24.347 -0.0724089 0.056273  0.0199997 -0.00209422 7
1388568425.650198619 -0.693989 -0.581705 0.966 24.303 -0.0570623 0.0711806  0.0500002 -0.00767958 7
1388568425.750208648 -0.697919 -0.574021 0.973 24.269 -0.0392981 0.0768262  0.069993 -0.00593359 4
1388568425.850232759 -0.70203 -0.566211 0.974 24.315 -0.0411019 0.078085  0 0.00802683 4
1388568425.950193472 -0.705972 -0.558595 0.975 24.286 -0.0394323 0.0761909  0.0100039 -0.00506366 4
1388568426.050202922 -0.710567 -0.550959 0.973 24.396 -0.0459475 0.0763564  -0.0199981 0.0191969 4
1388568426.150199064 -0.71545 -0.541991 0.961 24.448 -0.0488381 0.0896832  -0.120005 0.00907607 4
1388568426.250198192 -0.716188 -0.533427 0.96 24.447 0 0.0856375  -0.0100001 -0.000174439 4
1388568426.350207722 -0.718015 -0.523686 0.953 24.436 -0.0182684 0.0973957  -0.0699933 -0.00191962 4
1388568426.450198320 -0.718728 -0.511883 0.952 24.393 0 0.118042  -0.0100009 -0.00750583 4
1388568426.550198030 -0.718492 -0.500654 0.947 24.263 0 0.112289  -0.0500001 -0.0226892 4
1388568426.650198294 -0.716749 -0.488921 0.952 24.081 0.0174293 0.117333  0.0499999 -0.0317651 4
1388568426.750196875 -0.712434 -0.477123 0.948 23.996 0.0431569 0.117981  -0.0400006 -0.0148353 4
1388568426.850198018 -0.707482 -0.465793 0.944 23.884 0.049513 0.113303  -0.0399995 -0.0195474 4
1388568426.950206986 -0.703041 -0.455934 0.946 23.899 0.0444142 0.0985802  0.0199982 0.00261765 4
1388568427.050191789 -0.696959 -0.447584 0.945 23.83 0.0608213 0.0835151  -0.0100015 -0.0120446 4
1388568427.150199597 -0.69035 -0.438873 0.945 23.816 0.0660919 0.0871028  0 -0.00244326 4
1388568427.250200306 -0.683354 -0.431786 0.951 23.87 0.0699542 0.0708605  0.0599996 0.00942486 4
1388568427.350191571 -0.676732 -0.42446 0.948 23.945 0.0662281 0.0732731  -0.0300026 0.0130909 4
1388568427.450200052 -0.671157 -0.417628 0.946 24.023 0.0557455 0.0683152  -0.0199983 0.0136126 4
1388568427.550201274 -0.664788 -0.410554 0.948 24.006 0.0636883 0.0707381  0.0199998 -0.00296706 4
1388568427.650198265 -0.657206 -0.400863 0.949 24.04 0.0758251 0.0969068  0.0100003 0.00593437 4
1388568427.750186618 -0.651401 -0.390928 0.96 24.043 0.0580566 0.0993676  0.110013 0.000523372 4
1388568427.850199448 -0.64587 -0.38214 0.955 24.046 0.0553036 0.0878706  -0.0499936 0.000523577 4
1388568427.950199381 -0.639181 -0.371705 0.957 24.093 0.0668859 0.104348  0.02 0.00820321 4
1388568428.050198956 -0.632445 -0.363798 0.958 24.146 0.0673649 0.0790661  0.01 0.0092502 4
1388568428.150203333 -0.626028 -0.354878 0.96 24.205 0.0641675 0.0891971  0.0199991 0.010297 4
1388568428.250193892 -0.619459 -0.342819 0.967 24.23 0.0656941 0.120599  0.0700066 0.00436367 4
1388568428.350195403 -0.614118 -0.330212 0.967 24.212 0.0534045 0.126074  0 -0.00314148 4
1388568428.450192699 -0.605152 -0.317439 0.965 24.216 0.0896675 0.127728  -0.0200005 0.0006981 4
1388568428.550186417 -0.598191 -0.308189 0.966 24.179 0.0696096 0.0925093  0.0100006 -0.00645791 4
1388568428.650198155 -0.592477 -0.298906 0.97 24.059 0.0571364 0.0928208  0.0399953 -0.0209416 4
1388568428.750209716 -0.587581 -0.289833 0.97 23.943 0.0489552 0.0907159  0 -0.0202433 4
1388568428.850194229 -0.585773 -0.28313 0.977 23.874 0.018086 0.0670399  0.0700108 -0.0120447 4
1388568428.950199377 -0.582513 -0.27687 0.973 23.851 0.0325918 0.0626012  -0.0399979 -0.00401418 4
1388568429.050200091 -0.578246 -0.276153 0.974 23.928 0.0426708 0  0 0.0134389 4
1388568429.150199225 -0.572438 -0.273739 0.972 23.935 0.0580848 0.0241397  -0.0200002 0.00122174 4
1388568429.250198499 -0.567939 -0.271696 0.975 23.951 0.0449845 0.0204285  0.0300002 0.00279268 4
1388568429.350202353 -0.562825 -0.271341 0.976 23.983 0.0511437 0  0 0.00558477 4
1388568429.450199758 -0.558794 -0.270717 0.981 23.998 0.0403068 0  0.0500013 0.00261796 4
1388568429.550198310 -0.553277 -0.270163 0.982 24.036 0.0551771 0  0.0100001 0.00663237 4
1388568429.650198274 -0.549089 -0.270754 0.982 24.137 0.0418724 0  0 0.0176278 4
1388568429.750199290 -0.545458 -0.269477 0.977 24.176 0.0363159 0.0127643  -0.0499995 0.00680697 4
1388568429.850199651 -0.54311 -0.269168 0.968 24.125 0.0234803 0  -0.0899997 -0.00890125 4
1388568429.950199320 -0.541321 -0.269347 0.963 24.051 0.0178886 0  -0.0500002 -0.0129154 4
1388568430.050197524 -0.539001 -0.269201 0.961 23.984 0.0231956 0  -0.0200004 -0.0116942 4
1388568430.150197393 -0.536672 -0.268361 0.962 23.945 0.0232919 0  0.01 -0.00680672 4
1388568430.250186371 -0.535278 -0.268938 0.962 23.888 0.0139387 0  0 -0.00994933 4
1388568430.350193690 -0.533792 -0.270515 0.967 23.924 0.0148615 -0.0157698  0.0499963 0.0062826 4
1388568430.450207085 -0.531495 -0.274332 0.965 23.935 0.0229677 -0.0381616  -0.0199973 0.00191955 4
1388568430.550190758 -0.528376 -0.27754 0.961 23.998 0.0311958 -0.0320807  -0.0400065 0.0109973 4
1388568430.650198755 -0.523164 -0.279059 0.961 24.008 0.0521139 -0.0151945  0 0.00174523 4
1388568430.750197542 -0.520442 -0.281074 0.966 24.046 0.0272183 -0.0201484  0.0500006 0.00663235 4
1388568430.850196981 -0.51792 -0.281097 0.974 24.048 0.02522 0  0.0800004 0.000349209 4
1388568430.950196331 -0.514515 -0.281218 0.974 23.985 0.0340526 0  0 -0.0109956 4
1388568431.050198878 -0.512547 -0.281235 0.97 24.006 0.0196836 0  -0.039999 0.00366508 4
1388568431.150197919 -0.511997 -0.282426 0.969 24.004 0 -0.0119118  -0.0100001 -0.00034921 4
1388568431.250198597 -0.51246 -0.284424 0.975 24.03 0 -0.019982  0.0599996 0.004538 4
1388568431.350198312 -0.513138 -0.287174 0.977 23.978 0 -0.0275016  0.0200001 -0.00907575 4
1388568431.450190837 -0.513739 -0.290089 0.98 23.975 0 -0.0291523  0.0300022 -0.000523683 4
1388568431.550197980 -0.513145 -0.293605 0.979 23.983 0 -0.0351521  0 0.00139606 4
1388568431.650192049 -0.513952 -0.297566 0.977 24.005 0 -0.039614  -0.0200012 0.00383984 4
1388568431.750197428 -0.5133 -0.300844 0.976 23.962 0 -0.0327766  0 -0.00750438 4
1388568431.850194027 -0.512634 -0.303969 0.976 23.963 0 -0.031255  0 0.000174443 4
1388568431.950199143 -0.511978 -0.306018 0.97 23.985 0 -0.0204897  -0.0599969 0.00383975 4
1388568432.050198285 -0.51225 -0.308993 0.972 23.946 0 -0.0297483  0.0200002 -0.0068071 4
1388568432.150198314 -0.511634 -0.311615 0.973 23.863 0 -0.0262199  0 -0.0144859 4
1388568432.250191046 -0.511535 -0.31308 0.97 23.833 0 -0.0146534  -0.0300022 -0.00523649 4
1388568432.350198461 -0.51127 -0.317046 0.967 23.853 0 -0.0396583  -0.0299978 0.00349048 4
1388568432.450198609 -0.512234 -0.320736 0.966 23.911 0 -0.0368963  0 0.0101227 4
1388568432.550198115 -0.514876 -0.321052 0.965 24.011 -0.0264267 0  -0.01 0.0174534 4
1388568432.650198369 -0.517573 -0.323871 0.97 24.092 -0.0269678 -0.0281945  0.0499999 0.014137 4
1388568432.750192167 -0.51925 -0.323946 0.97 24.127 -0.0167656 0  0 0.00610934 4
1388568432.850191633 -0.520059 -0.323981 0.971 24.088 0 0  0.0100001 -0.00680708 4
1388568432.950192085 -0.520345 -0.32256 0.972 24.123 0 0.0142051  0 0.0061086 4
1388568433.050202345 -0.521784 -0.318181 0.974 24.146 -0.0143953 0.0437894  0.0199979 0.00401397 4
1388568433.150199067 -0.522523 -0.312582 0.986 24.105 0 0.0559955  0.120004 -0.00715615 4
1388568433.250191288 -0.521981 -0.308033 0.985 24.083 0 0.0454898  -0.0100008 -0.00383991 4
1388568433.350199458 -0.522548 -0.304779 0.983 24.047 0 0.0325399  -0.0199984 -0.00628255 4
1388568433.450200361 -0.522756 -0.302225 0.985 24.062 0 0.0255348  0.0199998 0.00261786 4
1388568433.550192759 -0.522369 -0.300574 0.988 24.088 0 0.0165138  0.0300023 0.00453804 4
1388568433.650194673 -0.520919 -0.298491 0.985 24.103 0.0144985 0.0208278  -0.0299994 0.00261817 4
1388568433.750196550 -0.51837 -0.298424 0.987 24.14 0.0254889 0  0.0199996 0.00645738 4
1388568433.850198825 -0.51896 -0.296385 0.983 24.186 0 0.0203939  -0.0399991 0.00802858 4
1388568433.950198375 -0.52056 -0.294941 0.981 24.198 -0.0159986 0.014438  -0.0200001 0.00209425 4
1388568434.050198345 -0.522113 -0.293827 0.984 24.15 -0.0155265 0.0111342  0.03 -0.00837764 4
1388568434.150198839 -0.523491 -0.290385 0.976 24.1 -0.0137821 0.034426  -0.0799996 -0.00872647 4
1388568434.250197614 -0.525953 -0.287831 0.973 24.084 -0.0246172 0.025535  -0.0300004 -0.00279269 4
1388568434.350196076 -0.529645 -0.285061 0.975 24.145 -0.0369222 0.0276999  0.0200003 0.0106468 4
1388568434.450192132 -0.532065 -0.282589 0.972 24.15 -0.0241978 0.0247263  -0.0300012 0.000872553 4
1388568434.550197830 -0.53253 -0.279915 0.965 24.122 0 0.0267328  -0.069996 -0.00488662 4
1388568434.650191955 -0.532855 -0.276281 0.974 24.1 0 0.0363477  0.0900053 -0.00383984 4
1388568434.750197578 -0.535181 -0.272577 0.975 24.037 -0.0232508 0.0370385  0 -0.0109949 4
1388568434.850198874 -0.53752 -0.268801 0.977 23.956 -0.0233916 0.0377604  0.0199997 -0.0141372 4
1388568434.950191461 -0.538868 -0.266626 0.971 23.941 -0.0134805 0.0217515  -0.0600044 -0.00261808 4
1388568435.050198197 -0.539496 -0.263925 0.973 23.908 0 0.0270075  0.0199987 -0.00575903 4
1388568435.150198745 -0.539165 -0.263563 0.968 23.879 0 0  -0.0499997 -0.00506164 4
1388568435.250195209 -0.53973 -0.261507 0.963 23.873 0 0.0205681  -0.0500018 -0.00104733 4
1388568435.350193204 -0.540539 -0.262111 0.964 23.846 0 0  0.0100002 -0.00471223 4
1388568435.450193419 -0.540686 -0.261992 0.962 23.804 0 0  -0.02 -0.00733034 4
1388568435.550193463 -0.539409 -0.260502 0.958 23.781 0.01277 0.0149075  -0.04 -0.00401438 4
1388568435.650178551 -0.540322 -0.260566 0.957 23.742 0 0  -0.0100015 -0.00680772 4
1388568435.750197345 -0.54393 -0.25986 0.956 23.691 -0.0360721 0  0 -0.00889961 4
1388568435.850182236 -0.546061 -0.25932 0.956 23.606 -0.0213185 0  0 -0.0148374 4
1388568435.950198041 -0.547142 -0.25922 0.956 23.59 -0.0108077 0  0 -0.00279222 4
1388568436.050201175 -0.545867 -0.259901 0.961 23.538 0.012753 0  0.0499984 -0.00907544 4
1388568436.150191054 -0.54378 -0.261885 0.957 23.601 0.0208758 -0.0198382  -0.040004 0.0109966 4
1388568436.250200541 -0.541645 -0.265695 0.96 23.688 0.0213474 -0.0380932  0.0299972 0.0151829 4
1388568436.350190606 -0.539093 -0.269528 0.961 23.713 0.0255233 -0.0383424  0.010001 0.00436369 4
1388568436.450214145 -0.537173 -0.273156 0.966 23.789 0.0191913 -0.0362685  0.0499882 0.0132614 4
1388568436.550195042 -0.536097 -0.277224 0.961 23.902 0.0107605 -0.0406866  -0.0500096 0.0197261 4
1388568436.650191250 -0.5363 -0.278492 0.959 23.963 0 -0.0126792  -0.0200008 0.0106467 4
1388568436.750198933 -0.534365 -0.282256 0.961 24.037 0.0193556 -0.0376385  0.0199985 0.0129147 4
1388568436.850199049 -0.532595 -0.283757 0.956 24.097 0.0177011 -0.0150115  -0.0499999 0.0104719 4
1388568436.950200759 -0.531916 -0.28648 0.955 24.228 0 -0.0272281  0 0.0228635 4
1388568437.050193690 -0.531679 -0.287721 0.956 24.34 0 -0.0124103  0.0100007 0.019549 4
1388568437.150185148 -0.53302 -0.285025 0.958 24.486 -0.0134164 0.026961  0.0200017 0.025484 4
1388568437.250198451 -0.535229 -0.283713 0.959 24.563 -0.0220811 0.0131195  0 0.0134372 4
1388568437.350191240 -0.537544 -0.281102 0.96 24.596 -0.0231576 0.0261083  0.0100007 0.00576017 4
1388568437.450195918 -0.540246 -0.27757 0.964 24.632 -0.0270175 0.0353245  0.0399981 0.00628277 4
1388568437.550197670 -0.546522 -0.273603 0.964 24.602 -0.0627536 0.0396714  0 -0.00523602 4
1388568437.650186419 -0.550062 -0.269466 0.962 24.595 -0.0354092 0.0413678  -0.0200023 -0.00122186 4
1388568437.750197708 -0.552684 -0.264185 0.968 24.568 -0.0262153 0.0528073  0.0599932 -0.0047116 4
1388568437.850198071 -0.55521 -0.259909 0.969 24.616 -0.0252547 0.0427618  0 0.00837728 4
1388568437.950198363 -0.558201 -0.255015 0.968 24.707 -0.0299109 0.0489392  0 0.0158827 4
1388568438.050198022 -0.558858 -0.250982 0.966 24.726 0 0.0403264  -0.0200001 0.00331598 4
1388568438.150198170 -0.560839 -0.245894 0.966 24.773 -0.0198104 0.0508767  0 0.00820319 4
1388568438.250197567 -0.563863 -0.241306 0.966 24.787 -0.0302327 0.0458829  0 0.00244347 4
1388568438.350197469 -0.564981 -0.240704 0.969 24.832 -0.0111798 0  0.03 0.007854 4
1388568438.450198637 -0.565757 -0.23765 0.971 24.844 0 0.0305455  0.0199998 0.00209422 4
1388568438.550199949 -0.565065 -0.233839 0.971 24.827 0 0.0381091  0 -0.00296706 4
1388568438.650199626 -0.565649 -0.230939 0.973 24.858 0 0.0290035  0.0200001 0.00541056 4
1388568438.750197737 -0.566522 -0.224778 0.971 24.896 0 0.0616113  -0.0200004 0.0066324 4
1388568438.850194847 -0.564901 -0.219143 0.97 24.923 0.0162094 0.0563478  -0.0100003 0.0047126 4
1388568438.950198419 -0.563429 -0.214914 0.973 24.967 0.0147253 0.042292  0.0299989 0.00767895 4
1388568439.050194207 -0.564377 -0.208501 0.971 25.018 0 0.064124  -0.0200008 0.00890166 4
1388568439.150197988 -0.563975 -0.204074 0.972 25.046 0 0.0442679  0 0.00488672 4
1388568439.250198357 -0.563194 -0.199881 0.967 25.009 0 0.0419363  -0.0499998 -0.00645748 4
1388568439.350188474 -0.560729 -0.19314 0.966 24.886 0.0246471 0.0674189  -0.010001 -0.0214699 4
1388568439.450191302 -0.560267 -0.18761 0.966 24.782 0 0.0552986  0 -0.0181509 4
1388568439.550195420 -0.559585 -0.1842 0.969 24.711 0 0.0340963  0.0299988 -0.0123912 4
1388568439.650199466 -0.558897 -0.180851 0.968 24.641 0 0.0334859  0 -0.0122168 4
1388568439.750199300 -0.556945 -0.179373 0.969 24.575 0.0195138 0.0147798  0.01 -0.0115192 4
1388568439.850198858 -0.555546 -0.179926 0.973 24.574 0.0139944 0  0.0400002 -0.000174771 4
1388568439.950198457 -0.551173 -0.18184 0.976 24.559 0.0437293 -0.0191374  0.0300001 -0.0026179 4
1388568440.050194332 -0.543215 -0.186176 0.979 24.524 0.0795837 -0.0433585  0.0300012 -0.00610888 4
1388568440.150195082 -0.53903 -0.190862 0.985 24.479 0.04185 -0.0468642  0.0599996 -0.00785394 4
1388568440.250200644 -0.534448 -0.194336 0.989 24.44 0.0458144 -0.0347395  0.0399978 -0.00680633 4
1388568440.350180464 -0.531045 -0.199062 1 24.333 0.0340427 -0.0472642  0.110022 -0.0186789 4
1388568440.450192284 -0.527142 -0.205586 0.998 24.229 0.0390218 -0.0652365  -0.0199976 -0.0181493 4
1388568440.550192249 -0.523281 -0.211986 1.009 24.086 0.0386119 -0.064  0.11 -0.0249582 4
1388568440.650190864 -0.519736 -0.2194 1.005 23.943 0.035446 -0.0741356  -0.0400006 -0.0249585 4
1388568440.750201428 -0.516792 -0.224335 1.005 23.833 0.0294386 -0.0493509  0 -0.0191967 4
1388568440.850190801 -0.512189 -0.230626 1.001 23.731 0.0460379 -0.0629162  -0.0400043 -0.0178041 4
1388568440.950194841 -0.509701 -0.236621 1 23.675 0.024879 -0.059941  0 -0.00977374 4
1388568441.050186726 -0.509109 -0.242616 0.998 23.653 0 -0.0599578  -0.0200016 -0.00383992 4
1388568441.150193853 -0.508519 -0.250344 0.994 23.651 0 -0.0772709  -0.0399971 -0.000349182 4
1388568441.250192326 -0.509119 -0.258515 0.986 23.594 0 -0.0817196  -0.0800012 -0.00994839 4
1388568441.350191153 -0.508717 -0.266431 0.981 23.595 0 -0.0791523  -0.0500006 0.000174439 4
1388568441.450190314 -0.507187 -0.273915 0.974 23.562 0.0153012 -0.0748409  -0.0700006 -0.00575947 4
1388568441.550163125 -0.506843 -0.27699 0.969 23.62 0 -0.0307669  -0.0500136 0.0101258 4
1388568441.650200673 -0.50649 -0.278189 0.968 23.619 0 -0.0119852  0 -0.000174704 4
1388568441.750192787 -0.508922 -0.280257 0.967 23.667 -0.0243187 -0.0206803  -0.0100008 0.0083783 4
1388568441.850200225 -0.511465 -0.282457 0.967 23.712 -0.0254278 -0.0219983  0 0.00785341 4
1388568441.950193032 -0.513281 -0.285216 0.967 23.758 -0.0181636 -0.0275847  0 0.00802901 4
1388568442.050191619 -0.51608 -0.286486 0.971 23.801 -0.0279937 -0.0127091  0.0400006 0.00750523 4
1388568442.150192854 -0.517328 -0.286339 0.964 23.86 -0.0124779 0  -0.0699991 0.0102973 4
1388568442.250195529 -0.519271 -0.286125 0.964 23.886 -0.0194291 0  0 0.00453757 4
1388568442.350191048 -0.522774 -0.28529 0.965 23.826 -0.0350304 0  0.0100004 -0.0104724 4
1388568442.450199869 -0.5239 -0.28535 0.965 23.776 -0.0112593 0  0 -0.00872608 4
1388568442.550200322 -0.52317 -0.287021 0.972 23.798 0 -0.0167057  0.0699997 0.00383993 4
1388568442.650211283 -0.521499 -0.288979 0.973 23.829 0.0167091 -0.0195858  0 0.00540995 4
1388568442.750186259 -0.519188 -0.29057 0.976 23.887 0.0231119 -0.0159106  0.0300075 0.0101252 4
1388568442.850192277 -0.517837 -0.292117 0.977 23.895 0.0135094 -0.0154665  0 0.00139641 4
1388568442.950199290 -0.515136 -0.292027 0.981 23.924 0.027017 0  0.0399972 0.00506098 4
1388568443.050199131 -0.512286 -0.292652 0.981 23.886 0.0284974 0  0 -0.00663228 4
1388568443.150200115 -0.512956 -0.292093 0.979 23.896 0 0  -0.0199998 0.00174535 4
1388568443.250201539 -0.514716 -0.2877 0.976 23.849 -0.0176016 0.0439353  -0.0299996 -0.00820275 4
1388568443.450201710 -0.518822 -0.277045 0.966 23.757 -0.0205291 0.0532744  -0.05 -0.00802859 4
1388568443.550194978 -0.520947 -0.271513 0.966 23.756 -0.0212496 0.0553235  0 -0.000174449 4
1388568443.650201200 -0.519965 -0.266972 0.961 23.691 0 0.0454042  -0.0499969 -0.011344 4
1388568443.750194216 -0.519296 -0.261716 0.96 23.659 0 0.0525627  -0.0100007 -0.00558537 4
1388568443.850194042 -0.518995 -0.256412 0.965 23.66 0 0.0530464  0.0500001 0.000174437 4
1388568443.950194200 -0.51882 -0.25059 0.967 23.623 0 0.0582146  0.02 -0.00645782 4
1388568444.050194188 -0.518742 -0.244677 0.969 23.608 0 0.0591282  0.02 -0.00261789 4
1388568444.150193377 -0.516011 -0.24044 0.974 23.599 0.0273097 0.0423738  0.0500004 -0.00157061 4
1388568444.250189469 -0.509371 -0.239806 0.984 23.61 0.0663968 0  0.100004 0.00191988 4
1388568444.350191481 -0.506627 -0.241147 0.991 24.031 0.0274384 -0.0134094  0.0699986 0.0734768 4
1388568444.450193283 -0.503558 -0.242553 0.991 24.063 0.0306879 -0.0140599  0 0.00558488 4
1388568444.550262331 -0.36163 -0.427135 0.99 0.106001 0 0  0 -4.1784 4
1388568444.650230138 -0.364091 -0.426372 0.989 0.112 -0.0246247 0  -0.0100032 0.00104729 4
1388568444.750220269 -0.366966 -0.424116 0.984 0.0790005 -0.0287503 0.0225639  -0.0500049 -0.00575999 4
1388568444.850269522 -0.37063 -0.422289 0.98 0.00500107 -0.0366199 0.018259  -0.0399803 -0.012909 4
1388568444.950212428 -0.374241 -0.420961 0.98 0.012001 -0.0361321 0.0132949  0 0.00122242 4
1388568445.050212659 -0.375751 -0.41849 0.977 -0.0949993 -0.0151007 0.0247081  -0.0299999 -0.018675 4
1388568445.150230323 -0.376746 -0.413533 0.975 -0.167999 0 0.0495574  -0.0199965 -0.0127386 4
1388568445.250227078 -0.380343 -0.41235 0.96 -0.615999 -0.0359736 0.011828  -0.150005 -0.0781933 4
1388568445.350270710 -0.38343 -0.413618 0.956 -0.719999 -0.0308599 -0.0126747  -0.0399826 -0.0181435 4
1388568445.450218949 -0.386767 -0.416895 0.949 -0.789999 -0.0333853 -0.0327855  -0.0700363 -0.0122236 4
1388568445.550271647 -0.38914 -0.418404 0.947 -0.774 -0.0237175 -0.0150809  -0.0199895 0.00279085 4
1388568445.650218083 -0.391676 -0.422183 0.945 -0.586 -0.0253723 -0.0378073  -0.0200107 0.0328297 4
1388568445.750277865 -0.393802 -0.426402 0.944 -0.503 -0.0212454 -0.0421618  0 0.0144776 4
1388568445.950716006 -0.401027 -0.431451 0.945 -0.233999 -0.0360456 -0.0251914  0 0.0234235 4
1388568446.953273741 -0.452121 -0.476966 0.967 0.514999 -0.0509643 -0.0453989  0.0219439 0.0130391 3
1388568447.053544596 -0.455631 -0.487629 0.966 3.943 -0.0350014 -0.106345  0 0.596683 3
1388568447.153813715 -0.447219 -0.490515 0.969 7.392 0.0838976 -0.028776  0.0299195 0.600348 3
1388568447.254068519 -0.432115 -0.485075 0.967 11.135 0.150657 0.0542546  -0.0199492 0.651617 3
1388568447.354324166 -0.410325 -0.467687 0.974 14.629 0.217344 0.173438  0.0698215 0.608263 3
1388568447.454573957 -0.389856 -0.446854 0.973 17.004 0.204174 0.207813  0 0.413483 3
1388568447.554828497 -0.363367 -0.401903 0.977 21.056 0.264219 0.448367  0.0398984 0.705412 3
1388568447.655083181 -0.334703 -0.347073 0.969 23.9 0.285908 0.546913  -0.0797968 0.495111 3
1388568447.755341439 -0.303791 -0.283509 0.964 26.311 0.308331 0.633996  -0.0498712 0.419715 3
1388568447.855588618 -0.264912 -0.207336 0.968 28.437 0.387823 0.759856  0.0399014 0.370142 3
1388568447.955873634 -0.221636 -0.121394 0.966 29.868 0.431533 0.856979  -0.0199432 0.249047 3
1388568448.056171171 -0.172673 -0.0336921 0.966 31.471 0.488178 0.874413  0 0.278946 3
1388568448.157042344 -0.119348 0.0494486 0.965 33.006 0.528644 0.824227  0 0.265594 3
1388568448.257306673 -0.0669299 0.131144 0.966 33.98 0.522801 0.814802  0 0.169547 3
1388568448.357560025 -0.0129781 0.209021 0.968 34.825 0.538154 0.776803  0.0199495 0.147108 3
1388568448.457811668 0.0450547 0.281455 0.971 36.508 0.578871 0.722516  0.0299247 0.293001 3
1388568448.558068567 0.101877 0.34835 0.972 37.774 0.566765 0.66724  0 0.220393 3
1388568448.658322423 0.154462 0.416126 0.966 38.904 0.52452 0.676046  -0.0598481 0.196722 3
1388568448.758575931 0.205563 0.483536 0.967 39.989 0.509719 0.672389  0 0.18889 3
1388568448.858827018 0.250864 0.551211 0.965 41.194 0.451878 0.675054  -0.0199499 0.209786 3
1388568448.959081921 0.288662 0.615808 0.962 42.251 0.377017 0.644331  -0.0299237 0.184012 3
1388568449.059340694 0.328532 0.678423 0.961 43.328 0.397668 0.624531  0 0.187486 3
1388568449.159593318 0.372381 0.741152 0.954 44.38 0.437386 0.625717  -0.0698236 0.183146 3
1388568449.259890278 0.412539 0.799044 0.949 45.471 0.400394 0.577207  -0.049852 0.189851 3
1388568449.360149892 0.453843 0.856041 0.951 46.616 0.411971 0.56849  0.0199482 0.199323 3
1388568449.460400750 0.497218 0.911081 0.949 47.441 0.432662 0.549027  -0.01995 0.143629 3
1388568449.560651128 0.537216 0.962703 0.944 48.737 0.398983 0.514929  -0.0498751 0.225631 3
1388568449.660898966 0.573751 1.00857 0.943 49.977 0.364447 0.457513  0 0.215885 3
1388568449.761154050 0.604249 1.05323 0.941 51.168 0.304203 0.445469  -0.0199491 0.20734 3
1388568449.861407476 0.632827 1.09285 0.944 52.364 0.28506 0.395196  0.0299242 0.208214 3
1388568449.961658501 0.660842 1.13182 0.946 53.62 0.279447 0.388745  0.0199499 0.218664 3
1388568450.061912973 0.688377 1.1693 0.949 54.93 0.274653 0.373874  0.0299239 0.228057 3
1388568450.162157932 0.713256 1.2034 0.95 56.327 0.248183 0.340152  0 0.243227 3
1388568450.262397775 0.735538 1.23614 0.953 57.72 0.222286 0.326626  0.0299282 0.242542 3
1388568450.362673223 0.756767 1.26834 0.954 59.124 0.2117 0.321069  0 0.244371 3
1388568450.462926956 0.779442 1.30645 0.96 60.475 0.226181 0.380174  0.0598481 0.235198 3
1388568450.563172666 0.802166 1.35141 0.961 61.931 0.226678 0.448487  0 0.253497 3
1388568450.663493683 0.823809 1.38934 0.967 62.499 0.215737 0.378066  0.059808 0.0988163 3
1388568450.763743620 0.841264 1.4292 0.977 61.206 0.174117 0.397617  0.0997507 -0.225108 3
1388568450.863990798 0.857296 1.47366 0.977 59.61 0.159925 0.44349  0 -0.277868 3
1388568450.964236780 0.878395 1.51204 0.979 58.073 0.210478 0.382832  0.0199509 -0.267598 3
1388568451.064481415 0.906108 1.55879 0.988 56.774 0.276452 0.466386  0.0897804 -0.226166 3
1388568451.164727148 0.94001 1.59914 0.992 55.787 0.338181 0.402532  0.0399019 -0.171842 3
1388568451.264976574 0.979218 1.6346 0.991 54.993 0.391109 0.353734  0 -0.138234 3
1388568451.365227303 1.02321 1.67073 0.993 54.277 0.43882 0.36039  0.01995 -0.124654 3
1388568451.465477538 1.0701 1.70311 0.989 53.64 0.46777 0.322948  -0.0399002 -0.110899 3
1388568451.565731113 1.11949 1.73092 0.977 52.951 0.492592 0.27739  -0.119696 -0.11995 3
1388568451.665983352 1.16894 1.76538 0.972 52.345 0.493315 0.34382  -0.0498742 -0.105501 3
1388568451.766231480 1.21667 1.79576 0.967 51.637 0.47611 0.303008  -0.0498762 -0.123263 3
1388568451.866487988 1.26293 1.82247 0.959 50.964 0.461362 0.266369  -0.0797953 -0.11716 3
1388568451.966747640 1.31085 1.85018 0.956 50.411 0.477983 0.276449  -0.0299223 -0.096267 3
1388568452.066995622 1.35363 1.87437 0.945 49.787 0.426773 0.241271  -0.109728 -0.108639 3
1388568452.167256140 1.3959 1.89711 0.936 49.092 0.421579 0.226779  -0.0897661 -0.120985 3
1388568452.267518722 1.43526 1.91957 0.936 48.404 0.392569 0.224082  0 -0.119763 3
1388568452.367767384 1.47406 1.93783 0.933 47.66 0.387018 0.182109  -0.0299256 -0.129531 3
1388568452.468019301 1.50997 1.95472 0.93 46.879 0.358214 0.168501  -0.0299246 -0.135967 3
1388568452.568264907 1.54614 1.9745 0.934 46.055 0.36079 0.197268  0.039902 -0.143464 3
1388568452.668521329 1.58273 1.99392 0.938 45.243 0.365004 0.193722  0.0398977 -0.141358 3
1388568452.768769385 1.62053 2.01478 0.937 44.446 0.377086 0.208079  0 -0.138758 3
1388568452.869020964 1.65718 2.04001 0.937 43.586 0.365511 0.251715  0 -0.149722 3
1388568452.969265438 1.69778 2.06642 0.936 42.707 0.405046 0.263449  0 -0.153041 3
1388568453.069518461 1.73773 2.09141 0.941 41.798 0.398465 0.249262  0.0498738 -0.158249 3
1388568453.171344159 1.78037 2.11998 0.942 40.833 0.41878 0.280553  0 -0.165404 3
1388568453.271600721 1.82236 2.13707 0.949 39.816 0.418801 0.170513  0.0698209 -0.177046 3
1388568453.371898203 1.8649 2.14989 0.957 38.688 0.424149 0.127753  0.0797627 -0.19629 3
1388568453.472141952 1.9123 2.16516 0.958 37.56 0.472862 0.152355  0 -0.196394 3
1388568453.572389817 1.96 2.18101 0.961 36.359 0.475767 0.158083  0.0299258 -0.209096 3
1388568453.672646040 2.00898 2.19645 0.964 35.119 0.488624 0.154064  0.0299233 -0.215868 3
1388568453.772920667 2.05895 2.21976 0.967 33.734 0.498258 0.232404  0.0299178 -0.241066 3
1388568453.873171209 2.1094 2.24249 0.971 32.236 0.503255 0.226752  0.0399 -0.260797 3
1388568453.973450231 2.16006 2.26877 0.981 30.746 0.505204 0.262113  0.0997218 -0.259331 3
1388568454.073700428 2.21101 2.30239 0.981 29.295 0.508234 0.335324  0 -0.252615 3
1388568454.173949917 2.26356 2.33259 0.979 27.578 0.524193 0.301191  -0.0199502 -0.298928 3
1388568454.274214067 2.31459 2.3513 0.978 25.913 0.508988 0.186618  0 -0.289831 3
1388568454.374462866 2.36487 2.3672 0.978 24.332 0.501548 0.158641  0 -0.275252 3
1388568454.474725914 2.41508 2.37207 0.976 22.719 0.500756 0.0485733  -0.0199475 -0.280783 3
1388568454.574971068 2.46435 2.37801 0.974 21.298 0.491528 0.0592641  -0.0199511 -0.247405 3
1388568454.675235683 2.52001 2.39839 0.964 20.018 0.555127 0.203291  -0.0997361 -0.222812 3
1388568454.775486926 2.57307 2.41458 0.959 18.85 0.529246 0.161417  -0.0498747 -0.203344 3
1388568454.875753244 2.6207 2.42204 0.952 17.826 0.475 0.0744042  -0.0698141 -0.178247 3
1388568454.976005204 2.66066 2.42029 0.95 16.766 0.398664 -0.0173767  -0.0199497 -0.18454 3
1388568455.076256061 2.70425 2.40914 0.951 15.633 0.434773 -0.111234  0 -0.197251 3
1388568455.176511220 2.74845 2.39547 0.955 14.62 0.440887 -0.136418  0.0398982 -0.176352 3
1388568455.276761428 2.79428 2.38221 0.959 13.739 0.457186 -0.132205  0.0399002 -0.15338 3
1388568455.377012630 2.84213 2.37091 0.962 12.931 0.477253 -0.112762  0.0299248 -0.140669 3
1388568455.477263518 2.89207 2.36264 0.968 12.276 0.498186 -0.0824386  0.0598498 -0.114033 3
1388568455.577531286 2.94551 2.33967 0.964 11.666 0.532981 -0.229135  -0.0398932 -0.106181 3
1388568455.677783413 3.0048 2.28024 0.966 10.996 0.591356 -0.592816  0.0199497 -0.116643 3
1388568455.778035047 3.06524 2.21254 0.969 10.506 0.602899 -0.675307  0.0299247 -0.0853061 3
1388568455.878288995 3.12399 2.15548 0.971 10.284 0.58602 -0.569161  0.0199493 -0.0386482 3
1388568455.978533700 3.18325 2.10955 0.971 10.353 0.591183 -0.458148  0 0.0120134 3
1388568456.078790379 3.24611 2.07951 0.972 10.668 0.626941 -0.299646  0 0.0548369 3
1388568456.179046997 3.30925 2.05475 0.978 11.194 0.629755 -0.246971  0.0598464 0.0915695 3
1388568456.279314306 3.35975 2.04017 0.976 11.714 0.503689 -0.145388  -0.0199467 0.0905152 3
1388568456.379593417 3.40765 2.0309 0.977 12.144 0.47763 -0.0924557  0 0.0748403 3
1388568456.479936050 3.45671 2.02757 0.973 12.39 0.488927 -0.0331792  -0.0398634 0.0427882 3
1388568456.580194071 3.50221 2.02755 0.975 12.531 0.453886 0  0.0199485 0.0245463 3
1388568456.680434577 3.54565 2.02804 0.97 12.581 0.433385 0  -0.04988 0.00870558 3
1388568456.780686859 3.59075 2.03503 0.963 12.622 0.449838 0.0697417  -0.0698238 0.00713791 3
1388568456.881007857 3.63931 2.04757 0.959 12.611 0.484039 0.124937  -0.039872 -0.001914 3
1388568456.981255356 3.68651 2.05352 0.958 12.581 0.470783 0.0593369  0 -0.00522285 3
1388568457.081510618 3.74073 2.06659 0.959 12.46 0.540891 0.130383  0 -0.0210651 3
1388568457.181754589 3.79878 2.08861 0.957 12.181 0.579012 0.219653  -0.0199513 -0.0485761 3
1388568457.282017332 3.85099 2.10531 0.959 11.859 0.520781 0.166577  0.0199476 -0.0560521 3
1388568457.382271589 3.90274 2.12335 0.95 11.39 0.516148 0.179974  -0.0897717 -0.0816487 3
1388568457.482522324 3.95679 2.14588 0.944 10.804 0.539222 0.224735  -0.0598499 -0.10202 3
1388568457.582772087 4.01361 2.1766 0.94 10.134 0.56674 0.306479  -0.0399003 -0.116646 3
1388568457.683022990 4.06315 2.20121 0.936 9.285 0.494125 0.245406  -0.0398999 -0.147807 3
1388568457.783279618 4.11179 2.23064 0.935 8.346 0.485149 0.293565  0 -0.163467 3
1388568457.883532970 4.16266 2.25923 0.932 7.302 0.507479 0.285149  -0.0299242 -0.181752 3
1388568457.983783962 4.21632 2.28948 0.93 6.164 0.535241 0.301796  -0.0199499 -0.198121 3
1388568458.084033037 4.2661 2.3159 0.93 4.99 0.496585 0.26355  0 -0.204393 3
1388568458.185630333 4.31607 2.33304 0.933 3.61 0.49181 0.168669  0.0295283 -0.237069 3
1388568458.285889861 4.36415 2.34272 0.933 2.201 0.47961 0.0966186  0 -0.24528 3
1388568458.386165117 4.41218 2.34713 0.935 0.797001 0.478896 0.0439037  0.0199451 -0.244371 3
1388568458.450244424 4.44266 2.35123 0.94 -0.0340004 0.475733 0.0640083  0.0780283 -0.22634 3
1388568458.550273208 4.46624 2.35176 0.956 -0.834 0.235735 0  0.159954 -0.139586 8
1388568458.650287952 4.48196 2.35009 0.998 -1.584 0.157201 -0.0167024  0.419938 -0.13088 4
1388568458.750216927 4.49544 2.34741 1.016 -2.121 0.134913 -0.026862  0.180128 -0.0937909 4
1388568458.850236388 4.5264 2.34168 0.953 -2.451 0.309468 -0.0572706  -0.629877 -0.0575846 4
1388568458.950284165 4.55055 2.33218 0.959 -2.67 0.241366 -0.0949202  0.0599713 -0.0382044 4
1388568459.050234594 4.5609 2.32213 0.975 -2.816 0.103632 -0.100548  0.160079 -0.0254944 4
1388568459.150239817 4.56237 2.3114 0.981 -2.172 0.0146243 -0.107301  0.0599969 0.112394 3
1388568459.250276917 4.56193 2.29538 0.98 1.108 0 -0.16015  0 0.572255 3
1388568459.350239208 4.5625 2.27721 0.965 2.787 0 -0.18173  -0.150057 0.293151 9
1388568459.450223954 4.56634 2.26038 0.928 4.044 0.0384591 -0.168421  -0.370056 0.219421 9
1388568459.550238031 4.56906 2.24178 0.873 5 0.0272075 -0.185956  -0.549923 0.16683 9
1388568459.650279927 4.5705 2.2252 0.812 5.558 0.0143615 -0.165666  -0.609745 0.0973487 9
1388568459.750239676 4.57037 2.21229 0.73 5.954 0 -0.129171  -0.82033 0.0691429 9
1388568459.850223615 4.55919 2.19041 0.624 6.174 -0.1118 -0.218847  -1.06017 0.0384033 9
1388568459.950216156 4.54437 2.17371 0.546 6.411 -0.148154 -0.167018  -0.780058 0.0413676 9
1388568460.050235443 4.51772 2.15494 0.468 6.586 -0.266485 -0.187641  -0.77985 0.0305372 9
1388568460.150226583 4.49304 2.13767 0.395 6.765 -0.246818 -0.172742  -0.730065 0.031244 9
1388568460.350314718 4.42807 2.10738 0.251 6.947 -0.324684 -0.151391  -0.719683 0.0158756 9
1388568460.450230708 4.39648 2.09363 0.167 7.005 -0.316203 -0.137606  -0.840706 0.0101315 9
1388568460.650216209 4.33332 2.06701 0.159 7.006 -0.315849 -0.13311  -0.0400029 8.72248e-05 9
1388568460.750220930 4.30611 2.05006 -0.048 7.457 -0.272038 -0.169493  -2.0699 0.0787107 9
1388568460.850269301 4.27877 2.0333 -0.051 7.474 -0.27327 -0.167493  -0.0299855 0.00296566 9
1388568460.950225055 4.25691 2.01801 -0.164 7.751 -0.218719 -0.152963  -1.1305 0.0483668 9
1388568461.050230628 4.23974 2.00365 -0.161 7.785 -0.171659 -0.143558  0.0299983 0.00593386 9
1388568461.150216937 4.22613 1.9897 -0.169 7.801 -0.136165 -0.139537  -0.080011 0.00279304 9
1388568461.250227438 4.22613 1.9897 0 8.114 0 0  1.68982 0.0546227 2
1388568461.350268293 4.22613 1.9897 0 8.205 0 0  0 0.0158766 2
1388568461.450213776 4.22613 1.9897 0 8.252 0 0  0 0.00820701 2
1388568461.550284560 4.22613 1.9897 0 8.29 0 0  0 0.00662791 2
1388568461.650265625 4.22613 1.9897 0 8.312 0 0  0 0.00384034 2
1388568461.750282243 4.22613 1.9897 0 8.343 0 0  0 0.00540931 2
1388568461.850276114 4.22613 1.9897 0 8.378 0 0  0 0.00610967 2
1388568461.950263836 4.22613 1.9897 0 8.405 0 0  0 0.00471238 2
1388568462.050214058 4.22613 1.9897 0 8.436 0 0  0 0.00541357 2
1388568462.150220366 4.22613 1.9897 0 8.464 0 0  0 0.00488659 2
1388568462.250270300 4.22613 1.9897 0 8.494 0 0  0 0.00523316 2
1388568462.350276264 4.22613 1.9897 0 8.526 0 0  0 0.00558498 2
1388568462.450271542 4.22613 1.9897 0 8.558 0 0  0 0.00558491 2
1388568462.550230040 4.22613 1.9897 0 8.589 0 0  0 0.00541312 2
1388568462.650221310 4.22613 1.9897 0 8.618 0 0  0 0.00506178 2
1388568462.750270908 4.22613 1.9897 0 8.651 0 0  0 0.0057569 2
1388568462.850214496 4.22613 1.9897 0 8.679 0 0  0 0.00488966 2
1388568462.950220467 4.22613 1.9897 0 8.712 0 0  0 0.00575941 2
1388568463.050236259 4.22613 1.9897 0 8.743 0 0  0 0.00540936 2
1388568463.150232943 4.22613 1.9897 0 8.772 0 0  0 0.00506151 2
1388568463.250281364 4.22613 1.9897 0 8.801 0 0  0 0.00505889 2
1388568463.350276281 4.22613 1.9897 0 8.833 0 0  0 0.0055856 2
1388568463.450270176 4.22613 1.9897 0 8.867 0 0  0 0.00593455 2
1388568463.550228592 4.22613 1.9897 0 8.899 0 0  0 0.00558764 2
1388568463.650215307 4.22613 1.9897 0 8.932 0 0  0 0.00575985 2
1388568463.750220132 4.22613 1.9897 0 8.964 0 0  0 0.00558505 2
1388568463.850218463 4.22613 1.9897 0 8.996 0 0  0 0.00558474 2
1388568463.950282103 4.22613 1.9897 0 9.025 0 0  0 0.00505878 2
1388568464.050213135 4.22613 1.9897 0 9.055 0 0  0 0.00523939 2
1388568464.150220123 4.22613 1.9897 0 9.085 0 0  0 0.00523541 2
1388568464.250236052 4.22613 1.9897 0 9.117 0 0  0 0.00558443 2
1388568464.350270686 4.22613 1.9897 0 9.145 0 0  0 0.00488521 2
1388568464.450219630 4.22613 1.9897 0 9.174 0 0  0 0.00506392 2
1388568464.550283802 4.22613 1.9897 0 9.205 0 0  0 0.00540741 2
1388568464.650214509 4.22613 1.9897 0 9.235 0 0  0 0.00523941 2
1388568464.750279239 4.22613 1.9897 0 9.265 0 0  0 0.00523239 2
1388568464.850266623 4.22613 1.9897 0 9.291 0 0  0 0.0045386 2
1388568464.950276083 4.22613 1.9897 0 9.324 0 0  0 0.00575921 2
1388568465.050274990 4.22613 1.9897 0 9.355 0 0  0 0.00541027 2
1388568465.150267604 4.22613 1.9897 0 9.386 0 0  0 0.00541128 2
1388568465.250226965 4.22613 1.9897 0 9.414 0 0  0 0.00488889 2
1388568465.350270355 4.22613 1.9897 0 9.445 0 0  0 0.00540787 2
1388568465.450212097 4.22613 1.9897 0 9.473 0 0  0 0.00488975 2
1388568465.550220436 4.22613 1.9897 0 9.503 0 0  0 0.005236 2
1388568465.650268075 4.22613 1.9897 0 9.535 0 0  0 0.00558199 2
1388568465.750217994 4.22613 1.9897 0 9.562 0 0  0 0.00471482 2
1388568465.850221702 4.22613 1.9897 0 9.591 0 0  0 0.00506115 2
1388568465.950281824 4.22613 1.9897 0 9.621 0 0  0 0.00523263 2
1388568466.050282056 4.22613 1.9897 0 9.65 0 0  0 0.00506199 2
1388568466.150211337 4.22613 1.9897 0 9.682 0 0  0 0.0055886 2
1388568466.250280261 4.22613 1.9897 0 9.709 0 0  0 0.00470922 2
1388568466.350276847 4.22613 1.9897 0 9.743 0 0  0 0.00593439 2
1388568466.450265539 4.22613 1.9897 0 9.777 0 0  0 0.00593486 2
1388568466.550266210 4.22613 1.9897 0 9.805 0 0  0 0.00488687 2
1388568466.650261802 4.22613 1.9897 0 9.835 0 0  0 0.00523601 2
1388568466.750226743 4.22613 1.9897 0 9.864 0 0  0 0.00506311 2
1388568466.850238906 4.22613 1.9897 0 9.893 0 0  0 0.00506139 2
1388568466.950280537 4.22613 1.9897 0 9.921 0 0  0 0.00488487 2
1388568467.050275633 4.22613 1.9897 0 9.951 0 0  0 0.00523603 2
1388568467.150275917 4.22613 1.9897 0 9.982 0 0  0 0.0054102 2
1388568467.250274056 4.22613 1.9897 0 10.013 0 0  0 0.00541098 2
1388568467.350222782 4.22613 1.9897 0 10.041 0 0  0 0.00488941 2
1388568467.450282824 4.22613 1.9897 0 10.067 0 0  0 0.0045353 2
1388568467.550213192 4.22613 1.9897 0 10.096 0 0  0 0.00506486 2
1388568467.650226612 4.22613 1.9897 0 10.123 0 0  0 0.00471183 2
1388568467.750233855 4.22613 1.9897 0 10.155 0 0  0 0.00558424 2
1388568467.850269441 4.22613 1.9897 0 10.182 0 0  0 0.00471079 2
1388568467.950276802 4.22613 1.9897 0 10.211 0 0  0 0.00506097 2
1388568468.050214418 4.22613 1.9897 0 10.243 0 0  0 0.0055888 2
1388568468.150285341 4.22613 1.9897 0 10.272 0 0  0 0.00505775 2
1388568468.250215208 4.22613 1.9897 0 10.303 0 0  0 0.00541468 2
1388568468.350233185 4.22613 1.9897 0 10.333 0 0  0 0.00523483 2
1388568468.450230327 4.22613 1.9897 0 10.36 0 0  0 0.0047126 2
1388568468.550248060 4.22613 1.9897 0 10.392 0 0  0 0.00558432 2
1388568468.650237867 4.22613 1.9897 0 10.423 0 0  0 0.00541076 2
1388568468.750222024 4.22613 1.9897 0 10.452 0 0  0 0.00506214 2
1388568468.850228488 4.22613 1.9897 0 10.483 0 0  0 0.00541053 2
1388568468.950222670 4.22613 1.9897 0 10.514 0 0  0 0.00541053 2
1388568469.050221091 4.22613 1.9897 0 10.544 0 0  0 0.00523586 2
1388568469.150285665 4.22613 1.9897 0 10.575 0 0  0 0.00540739 2
1388568469.250222106 4.22613 1.9897 0 10.603 0 0  0 0.00489001 2
1388568469.350234412 4.22613 1.9897 0 10.632 0 0  0 0.00506071 2
1388568469.450219979 4.22613 1.9897 0 10.661 0 0  0 0.00506207 2
1388568469.550234536 4.22613 1.9897 0 10.691 0 0  0 0.00523568 2
1388568469.650273094 4.22613 1.9897 0 10.722 0 0  0 0.00540813 2
1388568469.750222820 4.22613 1.9897 0 10.747 0 0  0 0.00436578 2
1388568469.850231809 4.22613 1.9897 0 10.779 0 0  0 0.00558415 2
1388568469.950238117 4.22613 1.9897 0 10.807 0 0  0 0.00488659 2
1388568470.050236836 4.22613 1.9897 0 10.836 0 0  0 0.0050614 2
1388568470.150267044 4.22613 1.9897 0 10.862 0 0  0 0.00453666 2
1388568470.250214123 4.22613 1.9897 0 10.894 0 0  0 0.00558827 2
1388568470.350288949 4.22613 1.9897 0 10.925 0 0  0 0.00540617 2
1388568470.450226648 4.22613 1.9897 0 10.956 0 0  0 0.00541425 2
1388568470.550237688 4.22613 1.9897 0 10.988 0 0  0 0.00558403 2
1388568470.650224158 4.22613 1.9897 0 11.016 0 0  0 0.00488756 2
1388568470.750234761 4.22613 1.9897 0 11.044 0 0  0 0.00488638 2
1388568470.850244612 4.22613 1.9897 0 11.075 0 0  0 0.00541034 2
1388568470.950217742 4.22613 1.9897 0 11.106 0 0  0 0.00541167 2
1388568471.050277972 4.22613 1.9897 0 11.136 0 0  0 0.00523329 2
1388568471.150279746 4.22613 1.9897 0 11.167 0 0  0 0.00541012 2
1388568471.250229031 4.22613 1.9897 0 11.197 0 0  0 0.00523843 2
1388568471.350275854 4.22613 1.9897 0 11.225 0 0  0 0.00488461 2
1388568471.450273969 4.22613 1.9897 0 11.256 0 0  0 0.00541098 2
1388568471.550229443 4.22613 1.9897 0 11.288 0 0  0 0.0055878 2
1388568471.650275650 4.22613 1.9897 0 11.318 0 0  0 0.00523336 2
1388568471.750219543 4.22613 1.9897 0 11.349 0 0  0 0.00541325 2
1388568471.850282950 4.22613 1.9897 0 11.378 0 0  0 0.0050588 2
1388568471.950268576 4.22613 1.9897 0 11.409 0 0  0 0.00541099 2
1388568472.050267810 4.22613 1.9897 0 11.437 0 0  0 0.00488694 2
1388568472.150224014 4.22613 1.9897 0 11.462 0 0  0 0.0043655 2
1388568472.250284527 4.22613 1.9897 0 11.493 0 0  0 0.00540694 2
1388568472.350268292 4.22613 1.9897 0 11.521 0 0  0 0.00488769 2
1388568472.450215068 4.22613 1.9897 0 11.551 0 0  0 0.00523856 2
1388568472.550222582 4.22613 1.9897 0 11.579 0 0  0 0.00488653 2
1388568472.650238893 4.22613 1.9897 0 11.612 0 0  0 0.00575881 2
1388568472.750236111 4.22613 1.9897 0 11.641 0 0  0 0.00506148 2
1388568472.850275027 4.22613 1.9897 0 11.671 0 0  0 0.0052344 2
1388568472.950279562 4.22613 1.9897 0 11.697 0 0  0 0.00453715 2
1388568473.050217085 4.22613 1.9897 0 11.722 0 0  0 0.00436632 2
1388568473.150225225 4.22613 1.9897 0 11.752 0 0  0 0.00523535 2
1388568473.250229425 4.22613 1.9897 0 11.78 0 0  0 0.0048867 2
1388568473.350282085 4.22613 1.9897 0 11.809 0 0  0 0.00505934 2
1388568473.450215195 4.22613 1.9897 0 11.833 0 0  0 0.00419129 2
1388568473.550238387 4.22613 1.9897 0 11.864 0 0  0 0.00540896 2
1388568473.650276508 4.22613 1.9897 0 11.894 0 0  0 0.00523445 2
1388568473.750223942 4.22613 1.9897 0 11.921 0 0  0 0.00471494 2
1388568473.850236662 4.22613 1.9897 0 11.954 0 0  0 0.00575835 2
1388568473.950278155 4.22613 1.9897 0 11.983 0 0  0 0.0050599 2
1388568474.050271247 4.22613 1.9897 0 12.012 0 0  0 0.00506169 2
1388568474.150228333 4.22613 1.9897 0 12.042 0 0  0 0.00523802 2
1388568474.250274491 4.22613 1.9897 0 12.069 0 0  0 0.00471029 2
1388568474.350269376 4.22613 1.9897 0 12.099 0 0  0 0.00523604 2
1388568474.450232445 4.22613 1.9897 0 12.131 0 0  0 0.00558738 2
1388568474.550274393 4.22613 1.9897 0 12.161 0 0  0 0.00523358 2
1388568474.650216392 4.22613 1.9897 0 12.187 0 0  0 0.00454066 2
1388568474.750237322 4.22613 1.9897 0 12.218 0 0  0 0.00540908 2
1388568474.850227852 4.22613 1.9897 0 12.247 0 0  0 0.00506248 2
1388568474.950224221 4.22613 1.9897 0 12.277 0 0  0 0.00523596 2
1388568475.050221768 4.22613 1.9897 0 12.31 0 0  0 0.00575989 2
1388568475.150222073 4.22613 1.9897 0 12.34 0 0  0 0.00523576 2
1388568475.250221454 4.22613 1.9897 0 12.37 0 0  0 0.00523581 2
1388568475.350271576 4.22613 1.9897 0 12.402 0 0  0 0.00558252 2
1388568475.450238190 4.22613 1.9897 0 12.427 0 0  0 0.00436505 2
1388568475.550227313 4.22613 1.9897 0 12.458 0 0  0 0.0054108 2
1388568475.650229588 4.22613 1.9897 0 12.488 0 0  0 0.00523566 2
1388568475.750279527 4.22613 1.9897 0 12.513 0 0  0 0.00436141 2
1388568475.850229276 4.22613 1.9897 0 12.542 0 0  0 0.00506388 2
1388568475.950238652 4.22613 1.9897 0 12.57 0 0  0 0.00488644 2
1388568476.050290810 4.22613 1.9897 0 12.598 0 0  0 0.00488435 2
1388568476.150224867 4.22613 1.9897 0 12.629 0 0  0 0.00541445 2
1388568476.250237029 4.22613 1.9897 0 12.658 0 0  0 0.00506072 2
1388568476.350276631 4.22613 1.9897 0 12.686 0 0  0 0.00488497 2
1388568476.450267072 4.22613 1.9897 0 12.714 0 0  0 0.00488737 2
1388568476.550234596 4.22613 1.9897 0 12.746 0 0  0 0.00558646 2
1388568476.650221080 4.22613 1.9897 0 12.773 0 0  0 0.0047131 2
1388568476.750279804 4.22613 1.9897 0 12.804 0 0  0 0.0054077 2
1388568476.850240642 4.22613 1.9897 0 12.83 0 0  0 0.0045398 2
1388568476.950220216 4.22613 1.9897 0 12.861 0 0  0 0.00541132 2
1388568477.050227932 4.22613 1.9897 0 12.889 0 0  0 0.00488652 2
1388568477.150274337 4.22613 1.9897 0 12.916 0 0  0 0.00471028 2
1388568477.250215787 4.22613 1.9897 0 12.944 0 0  0 0.00488976 2
1388568477.350230062 4.22613 1.9897 0 12.974 0 0  0 0.00523503 2
1388568477.450271860 4.22613 1.9897 0 13.002 0 0  0 0.00488486 2
1388568477.550216673 4.22613 1.9897 0 13.031 0 0  0 0.0050648 2
1388568477.650274572 4.22613 1.9897 0 13.06 0 0  0 0.00505841 2
1388568477.750263802 4.22613 1.9897 0 13.091 0 0  0 0.00541079 2
1388568477.850231574 4.22613 1.9897 0 13.12 0 0  0 0.00506297 2
1388568477.950274839 4.22613 1.9897 0 13.149 0 0  0 0.00505981 2
1388568478.050227904 4.22613 1.9897 0 13.18 0 0  0 0.00541275 2
1388568478.150610400 4.22613 1.9897 0 13.209 0 0  0 0.00504205 2
1388568478.250230368 4.22613 1.9897 0 13.239 0 0  0 0.00525575 2
1388568478.350240896 4.22613 1.9897 0 13.27 0 0  0 0.00541031 2
1388568478.450269294 4.22613 1.9897 0 13.298 0 0  0 0.00488551 2
1388568478.550257295 4.22613 1.9897 0 13.331 0 0  0 0.00576044 2
1388568478.650276159 4.22613 1.9897 0 13.362 0 0  0 0.00540919 2
1388568478.750268180 4.22613 1.9897 0 13.393 0 0  0 0.00541131 2
1388568478.850269355 4.22613 1.9897 0 13.419 0 0  0 0.00453731 2
1388568478.950277374 4.22613 1.9897 0 13.446 0 0  0 0.00471209 2
1388568479.050214214 4.22613 1.9897 0 13.475 0 0  0 0.00506454 2
1388568479.150229780 4.22613 1.9897 0 13.503 0 0  0 0.00488681 2
1388568479.250273253 4.22613 1.9897 0 13.534 0 0  0 0.00540786 2
1388568479.350212445 4.22613 1.9897 0 13.564 0 0  0 0.00523896 2
1388568479.450232823 4.22613 1.9897 0 13.593 0 0  0 0.00506031 2
1388568479.550220921 4.22613 1.9897 0 13.622 0 0  0 0.00506261 2
1388568479.650271759 4.22613 1.9897 0 13.651 0 0  0 0.00505877 2
1388568479.750279133 4.22613 1.9897 0 13.678 0 0  0 0.00471212 2
1388568479.850264896 4.22613 1.9897 0 13.708 0 0  0 0.00523652 2
1388568479.950260454 4.22613 1.9897 0 13.735 0 0  0 0.00471267 2
1388568480.050224409 4.22613 1.9897 0 13.766 0 0  0 0.00541216 2
1388568480.150234822 4.22613 1.9897 0 13.796 0 0  0 0.0052359 2
1388568480.250222199 4.22613 1.9897 0 13.825 0 0  0 0.00506198 2
1388568480.350221089 4.22613 1.9897 0 13.855 0 0  0 0.00523583 2
1388568480.450228270 4.22613 1.9897 0 13.885 0 0  0 0.00523606 2
1388568480.550235240 4.22613 1.9897 0 13.913 0 0  0 0.00488656 2
1388568480.650234646 4.22613 1.9897 0 13.942 0 0  0 0.00506137 2
1388568480.750274310 4.22613 1.9897 0 13.972 0 0  0 0.0052337 2
1388568480.850226330 4.22613 1.9897 0 14 0 0  0 0.00488925 2
1388568480.950222577 4.22613 1.9897 0 14.03 0 0  0 0.00523597 2
1388568481.050280499 4.22613 1.9897 0 14.061 0 0  0 0.00540775 2
1388568481.150230795 4.22613 1.9897 0 14.094 0 0  0 0.00576262 2
1388568481.250227873 4.22613 1.9897 0 14.128 0 0  0 0.00593436 2
1388568481.350274906 4.22613 1.9897 0 14.159 0 0  0 0.00540767 2
1388568481.450213954 4.22613 1.9897 0 14.188 0 0  0 0.00506442 2
1388568481.550234215 4.22613 1.9897 0 14.216 0 0  0 0.00488591 2
1388568481.650237347 4.22613 1.9897 0 14.248 0 0  0 0.00558514 2
1388568481.750272788 4.22613 1.9897 0 14.28 0 0  0 0.00558267 2
1388568481.850265863 4.22613 1.9897 0 14.31 0 0  0 0.0052368 2
1388568481.950208604 4.22613 1.9897 0 14.336 0 0  0 0.00453996 2
1388568482.050212398 4.22613 1.9897 0 14.367 0 0  0 0.00541067 2
1388568482.150266067 4.22613 1.9897 0 14.396 0 0  0 0.00505862 2
1388568482.250262508 4.22613 1.9897 0 14.428 0 0  0 0.00558551 2
1388568482.350264549 4.22613 1.9897 0 14.458 0 0  0 0.00523567 2
1388568482.450245861 4.22613 1.9897 0 14.487 0 0  0 0.00506228 2
1388568482.550204372 4.22613 1.9897 0 14.516 0 0  0 0.00506344 2
1388568482.650268557 4.22613 1.9897 0 14.546 0 0  0 0.00523308 2
1388568482.750215705 4.22613 1.9897 0 14.573 0 0  0 0.00471496 2
1388568482.850282101 4.22613 1.9897 0 14.603 0 0  0 0.0052323 2
1388568482.950260472 4.22613 1.9897 0 14.632 0 0  0 0.00506243 2
1388568483.050277147 4.22613 1.9897 0 14.667 0 0  0 0.00610761 2
1388568483.150268124 4.22613 1.9897 0 14.694 0 0  0 0.00471289 2
1388568483.250219806 4.22613 1.9897 0 14.725 0 0  0 0.00541283 2
1388568483.350285673 4.22613 1.9897 0 14.752 0 0  0 0.00470936 2
1388568483.450216759 4.22613 1.9897 0 14.782 0 0  0 0.00524005 2
1388568483.550286110 4.22613 1.9897 0 14.812 0 0  0 0.00523215 2
1388568483.650268969 4.22613 1.9897 0 14.841 0 0  0 0.00506221 2
1388568483.750214842 4.22613 1.9897 0 14.874 0 0  0 0.00576287 2
1388568483.850223369 4.22613 1.9897 0 14.902 0 0  0 0.00488648 2
1388568483.950282822 4.22613 1.9897 0 14.93 0 0  0 0.004884 2
1388568484.050293842 4.22613 1.9897 0 14.956 0 0  0 0.00453753 2
1388568484.150285526 4.22613 1.9897 0 14.989 0 0  0 0.00575956 2
1388568484.250216216 4.22613 1.9897 0 15.018 0 0  0 0.00506551 2
1388568484.350272709 4.22613 1.9897 0 15.049 0 0  0 0.00540716 2
1388568484.450263943 4.22613 1.9897 0 15.077 0 0  0 0.00488733 2
1388568484.550264220 4.22613 1.9897 0 15.103 0 0  0 0.00453801 2
1388568484.650261126 4.22613 1.9897 0 15.138 0 0  0 0.00610881 2
1388568484.750263382 4.22613 1.9897 0 15.17 0 0  0 0.00558519 2
1388568484.850225280 4.22613 1.9897 0 15.197 0 0  0 0.00471359 2
1388568484.950216364 4.22613 1.9897 0 15.224 0 0  0 0.00471288 2
1388568485.050215421 4.22613 1.9897 0 15.252 0 0  0 0.00488695 2
1388568485.150195154 4.22613 1.9897 0 15.281 0 0  0 0.00506303 2
1388568485.250223127 4.22613 1.9897 0 15.312 0 0  0 0.0054087 2
1388568485.350284102 4.22613 1.9897 0 15.339 0 0  0 0.00470959 2
1388568485.450206909 4.22613 1.9897 0 15.372 0 0  0 0.0057642 2
1388568485.550270216 4.22613 1.9897 0 15.402 0 0  0 0.00523246 2
1388568485.650267728 4.22613 1.9897 0 15.429 0 0  0 0.00471258 2
1388568485.750218158 4.22613 1.9897 0 15.461 0 0  0 0.00558742 2
1388568485.850273066 4.22613 1.9897 0 15.491 0 0  0 0.00523357 2
1388568485.950229372 4.22613 1.9897 0 15.521 0 0  0 0.00523806 2
1388568486.050282011 4.22613 1.9897 0 15.554 0 0  0 0.00575672 2
1388568486.150263017 4.22613 1.9897 0 15.581 0 0  0 0.00471336 2
1388568486.250264081 4.22613 1.9897 0 15.61 0 0  0 0.00506128 2
1388568486.350236971 4.22613 1.9897 0 15.644 0 0  0 0.0059358 2
1388568486.450240534 4.22613 1.9897 0 15.673 0 0  0 0.00506116 2
1388568486.550279029 4.22613 1.9897 0 15.702 0 0  0 0.00505939 2
1388568486.650275047 4.22613 1.9897 0 15.734 0 0  0 0.00558554 2
1388568486.750279328 4.22613 1.9897 0 15.761 0 0  0 0.00471226 2
1388568486.850273344 4.22613 1.9897 0 15.792 0 0  0 0.00541054 2
1388568486.950217682 4.22613 1.9897 0 15.821 0 0  0 0.00506416 2
1388568487.050281661 4.22613 1.9897 0 15.852 0 0  0 0.00540742 2
1388568487.150277025 4.22613 1.9897 0 15.882 0 0  0 0.00523602 2
1388568487.250267050 4.22613 1.9897 0 15.913 0 0  0 0.00541142 2
1388568487.350267565 4.22613 1.9897 0 15.94 0 0  0 0.00471177 2
1388568487.450216006 4.22613 1.9897 0 15.969 0 0  0 0.00506461 2
1388568487.550281713 4.22613 1.9897 0 15.997 0 0  0 0.00488369 2
1388568487.650267855 4.22613 1.9897 0 16.025 0 0  0 0.00488758 2
1388568487.750215735 4.22613 1.9897 0 16.052 0 0  0 0.00471492 2
1388568487.850274068 4.22613 1.9897 0 16.082 0 0  0 0.00523272 2
1388568487.950233345 4.22613 1.9897 0 16.11 0 0  0 0.00488889 2
1388568488.050235650 4.22613 1.9897 0 16.139 0 0  0 0.00506122 2
1388568488.150226988 4.22613 1.9897 0 16.167 0 0  0 0.00488732 2
1388568488.250254925 4.22613 1.9897 0 16.196 0 0  0 0.00505992 2
1388568488.350281753 4.22613 1.9897 0 16.229 0 0  0 0.00575821 2
1388568488.450228561 4.22613 1.9897 0 16.257 0 0  0 0.0048895 2
1388568488.550261836 4.22613 1.9897 0 16.286 0 0  0 0.00505965 2
1388568488.650275142 4.22613 1.9897 0 16.314 0 0  0 0.00488625 2
1388568488.750230921 4.22613 1.9897 0 16.341 0 0  0 0.00471455 2
1388568488.850236330 4.22613 1.9897 0 16.369 0 0  0 0.00488664 2
1388568488.950273984 4.22613 1.9897 0 16.397 0 0  0 0.00488506 2
1388568489.050274090 4.22613 1.9897 0 16.428 0 0  0 0.00541087 2
1388568489.150226493 4.22613 1.9897 0 16.459 0 0  0 0.00541279 2
1388568489.250220874 4.22613 1.9897 0 16.488 0 0  0 0.00506162 2
1388568489.350220104 4.22613 1.9897 0 16.517 0 0  0 0.00506204 2
1388568489.450213348 4.22613 1.9897 0 16.546 0 0  0 0.00506168 2
1388568489.550243876 4.22613 1.9897 0 16.574 0 0  0 0.00488541 2
1388568489.650277457 4.22613 1.9897 0 16.603 0 0  0 0.00505964 2
1388568489.750225945 4.22613 1.9897 0 16.632 0 0  0 0.00506395 2
1388568489.850222244 4.22613 1.9897 0 16.662 0 0  0 0.00523597 2
1388568489.950282138 4.22613 1.9897 0 16.692 0 0  0 0.00523331 2
1388568490.050270671 4.22613 1.9897 0 16.72 0 0  0 0.00488746 2
1388568490.150275405 4.22613 1.9897 0 16.75 0 0  0 0.00523553 2
1388568490.250279715 4.22613 1.9897 0 16.775 0 0  0 0.0043634 2
1388568490.350232471 4.22613 1.9897 0 16.804 0 0  0 0.00506373 2
1388568490.450276280 4.22613 1.9897 0 16.834 0 0  0 0.00523348 2
1388568490.550267655 4.22613 1.9897 0 16.864 0 0  0 0.00523623 2
1388568490.650278456 4.22613 1.9897 0 16.889 0 0  0 0.00436312 2
1388568490.750276269 4.22613 1.9897 0 16.918 0 0  0 0.00506145 2
1388568490.850267639 4.22613 1.9897 0 16.947 0 0  0 0.00506177 2
1388568490.950274213 4.22613 1.9897 0 16.977 0 0  0 0.0052361 2
1388568491.050217231 4.22613 1.9897 0 17.005 0 0  0 0.00488969 2
1388568491.150236369 4.22613 1.9897 0 17.034 0 0  0 0.00506037 2
1388568491.250274877 4.22613 1.9897 0 17.063 0 0  0 0.00505939 2
1388568491.350215045 4.22613 1.9897 0 17.092 0 0  0 0.00506437 2
1388568491.450236383 4.22613 1.9897 0 17.122 0 0  0 0.00523532 2
1388568491.550235099 4.22613 1.9897 0 17.15 0 0  0 0.00488696 2
1388568491.650236933 4.22613 1.9897 0 17.177 0 0  0 0.00471238 2
1388568491.750273735 4.22613 1.9897 0 17.208 0 0  0 0.00540822 2
1388568491.850276483 4.22613 1.9897 0 17.235 0 0  0 0.00471233 2
1388568491.950269251 4.22613 1.9897 0 17.265 0 0  0 0.00523615 2
1388568492.050216982 4.22613 1.9897 0 17.295 0 0  0 0.00523918 2
1388568492.150240191 4.22613 1.9897 0 17.324 0 0  0 0.00506016 2
1388568492.250223098 4.22613 1.9897 0 17.353 0 0  0 0.0050622 2
1388568492.350230035 4.22613 1.9897 0 17.381 0 0  0 0.00488656 2
1388568492.450282033 4.22613 1.9897 0 17.413 0 0  0 0.00558241 2
1388568492.550218209 4.22613 1.9897 0 17.445 0 0  0 0.00558822 2
1388568492.650236290 4.22613 1.9897 0 17.472 0 0  0 0.00471161 2
1388568492.750275751 4.22613 1.9897 0 17.503 0 0  0 0.00540874 2
1388568492.850275479 4.22613 1.9897 0 17.535 0 0  0 0.00558466 2
1388568492.950281475 4.22613 1.9897 0 17.561 0 0  0 0.00453775 2
1388568493.050268495 4.22613 1.9897 0 17.59 0 0  0 0.00506199 2
1388568493.150419137 4.22613 1.9897 0 17.617 0 0  0 0.00470538 2
1388568493.250289339 4.22613 1.9897 0 17.646 0 0  0 0.00506792 2
1388568493.350222888 4.22613 1.9897 0 17.675 0 0  0 0.0050647 2
1388568493.450235719 4.22613 1.9897 0 17.703 0 0  0 0.00488627 2
1388568493.550279929 4.22613 1.9897 0 17.734 0 0  0 0.00540849 2
1388568493.650210579 4.22613 1.9897 0 17.762 0 0  0 0.00489029 2
1388568493.750279376 4.22613 1.9897 0 17.788 0 0  0 0.00453491 2
1388568493.850275002 4.22613 1.9897 0 17.817 0 0  0 0.00506156 2
1388568493.950277482 4.22613 1.9897 0 17.848 0 0  0 0.00541008 2
1388568494.050211048 4.22613 1.9897 0 17.878 0 0  0 0.00523992 2
1388568494.150272835 4.22613 1.9897 0 17.905 0 0  0 0.00470889 2
1388568494.250277291 4.22613 1.9897 0 17.936 0 0  0 0.00541064 2
1388568494.350261943 4.22613 1.9897 0 17.963 0 0  0 0.00471319 2
1388568494.450275749 4.22613 1.9897 0 17.992 0 0  0 0.00506064 2
1388568494.550216543 4.22613 1.9897 0 18.023 0 0  0 0.00541342 2
1388568494.650280228 4.22613 1.9897 0 18.049 0 0  0 0.00453514 2
1388568494.750214739 4.22613 1.9897 0 18.076 0 0  0 0.00471555 2
1388568494.850238476 4.22613 1.9897 0 18.109 0 0  0 0.00575838 2
1388568494.950250675 4.22613 1.9897 0 18.137 0 0  0 0.0048863 2
1388568495.050275457 4.22613 1.9897 0 18.16 0 0  0 0.00401306 2
1388568495.150220235 4.22613 1.9897 0 18.193 0 0  0 0.00576293 2
1388568495.250268011 4.22613 1.9897 0 18.229 0 0  0 0.00628006 2
1388568495.350261806 4.22613 1.9897 0 18.257 0 0  0 0.0048872 2
1388568495.450216840 4.22613 1.9897 0 18.282 0 0  0 0.00436555 2
1388568495.550240606 4.22613 1.9897 0 18.318 0 0  0 0.00628157 2
1388568495.650222069 4.22613 1.9897 0 18.349 0 0  0 0.00541121 2
1388568495.750244692 4.22613 1.9897 0 18.379 0 0  0 0.00523526 2
1388568495.850221679 4.22613 1.9897 0 18.407 0 0  0 0.00488803 2
1388568495.950253636 4.22613 1.9897 0 18.435 0 0  0 0.00488534 2
1388568496.050248370 4.22613 1.9897 0 18.464 0 0  0 0.0050616 2
1388568496.150240117 4.22613 1.9897 0 18.494 0 0  0 0.00523621 2
1388568496.250228074 4.22613 1.9897 0 18.525 0 0  0 0.00541153 2
1388568496.350217238 4.22613 1.9897 0 18.553 0 0  0 0.00488743 2
1388568496.450215151 4.22613 1.9897 0 18.581 0 0  0 0.004887 2
1388568496.550296340 4.22613 1.9897 0 18.612 0 0  0 0.00540582 2
1388568496.650268688 4.22613 1.9897 0 18.639 0 0  0 0.00471377 2
1388568496.750246403 4.22613 1.9897 0 18.669 0 0  0 0.00523694 2
1388568496.850250164 4.22613 1.9897 0 18.702 0 0  0 0.00575954 2
1388568496.950217867 4.22613 1.9897 0 18.728 0 0  0 0.00453949 2
1388568497.050222369 4.22613 1.9897 0 18.758 0 0  0 0.00523554 2
1388568497.150284372 4.22613 1.9897 0 18.786 0 0  0 0.00488387 2
1388568497.250264522 4.22613 1.9897 0 18.81 0 0  0 0.00418998 2
1388568497.350247720 4.22613 1.9897 0 18.847 0 0  0 0.00645859 2
1388568497.450277251 4.22613 1.9897 0 18.876 0 0  0 0.00505984 2
1388568497.550215154 4.22613 1.9897 0 18.905 0 0  0 0.00506448 2
1388568497.650284592 4.22613 1.9897 0 18.933 0 0  0 0.00488351 2
1388568497.750248905 4.22613 1.9897 0 18.962 0 0  0 0.00506381 2
1388568497.850232308 4.22613 1.9897 0 18.993 0 0  0 0.00541111 2
1388568497.950248633 4.22613 1.9897 0 19.024 0 0  0 0.00540999 2
1388568498.050283775 4.22613 1.9897 0 19.053 0 0  0 0.00505956 2
1388568498.150261439 4.22613 1.9897 0 19.08 0 0  0 0.00471352 2
1388568498.250267654 4.22613 1.9897 0 19.111 0 0  0 0.00540988 2
1388568498.350233290 4.22613 1.9897 0 19.138 0 0  0 0.00471408 2
1388568498.450265460 4.22613 1.9897 0 19.166 0 0  0 0.00488533 2
1388568498.550224819 4.22613 1.9897 0 19.197 0 0  0 0.00541241 2
1388568498.650233528 4.22613 1.9897 0 19.229 0 0  0 0.00558483 2
1388568498.750220827 4.22613 1.9897 0 19.26 0 0  0 0.00541156 2
1388568498.850222472 4.22613 1.9897 0 19.287 0 0  0 0.00471172 2
1388568498.950286437 4.22613 1.9897 0 19.313 0 0  0 0.00453513 2
1388568499.050232174 4.22613 1.9897 0 19.339 0 0  0 0.00454049 2
1388568499.150283040 4.22613 1.9897 0 19.368 0 0  0 0.00505876 2
1388568499.250235984 4.22613 1.9897 0 19.402 0 0  0 0.00593698 2
1388568499.350237035 4.22613 1.9897 0 19.431 0 0  0 0.00506128 2
1388568499.450229777 4.22613 1.9897 0 19.464 0 0  0 0.00576017 2
1388568499.550283766 4.22613 1.9897 0 19.546 0 0  0 0.0143041 2
1388568499.650278093 4.22613 1.9897 0 18.891 0 0  0 -0.114326 2
1388568499.750234248 4.22613 1.9897 0 17.356 0 0  0 -0.268026 2
1388568499.850253488 4.22613 1.9897 0 16.999 0 0  0 -0.062296 2
1388568499.950283625 4.22613 1.9897 0 16.917 0 0  0 -0.0143075 2
1388568500.050231195 4.22613 1.9897 0 16.701 0 0  0 -0.0377188 2
1388568500.150244060 4.22613 1.9897 0 18.854 0 0  0 0.375721 2
1388568500.250225794 4.22613 1.9897 0 23.737 0 0  0 0.8524 2
1388568500.350283718 4.22613 1.9897 0 31.374 0 0  0 1.33214 2
1388568500.450268037 4.22613 1.9897 0 40.555 0 0  0 1.60264 2
1388568500.550275912 4.22613 1.9897 0 50.598 0 0  0 1.7527 2
1388568500.650276369 4.22613 1.9897 0 60.369 0 0  0 1.70535 2
1388568500.750278648 4.22613 1.9897 0 70.718 0 0  0 1.8062 2
1388568500.850231310 4.22613 1.9897 0 80.233 0 0  0 1.66147 2
1388568500.950223657 4.22613 1.9897 0 88.223 0 0  0 1.39463 2
1388568501.050284488 4.22613 1.9897 0 93.629 0 0  0 0.942951 2
1388568501.150266356 4.22613 1.9897 0 97.534 0 0  0 0.681674 2
1388568501.250215758 4.22613 1.9897 0 100.388 0 0  0 0.498368 2
1388568501.350271363 4.22613 1.9897 0 101.267 0 0  0 0.15333 2
1388568501.450267929 4.22613 1.9897 0 101.323 0 0  0 0.00977414 2
1388568501.550287160 4.22613 1.9897 0 96.817 0 0  0 -0.786295 2
1388568501.650222163 4.22613 1.9897 0 92.341 0 0  0 -0.781717 2
1388568501.750283236 4.22613 1.9897 0 85.491 0 0  0 -1.19482 2
1388568501.850214833 4.22613 1.9897 0 79.106 0 0  0 -1.11516 2
1388568501.950276777 4.22613 1.9897 0 70.616 0 0  0 -1.48087 2
1388568502.050232350 4.22613 1.9897 0 57.582 0 0  0 -2.27587 2
1388568502.150223783 4.22613 1.9897 0 45.97 0 0  0 -2.02685 2
1388568502.250231915 4.22613 1.9897 0 38.841 0 0  0 -1.24414 2
1388568502.350223871 4.22613 1.9897 0 34.532 0 0  0 -0.752123 2
1388568502.450254024 4.22613 1.9897 0 32.579 0 0  0 -0.340761 2
1388568502.550248417 4.22613 1.9897 0 30.554 0 0  0 -0.353449 2
1388568502.650252686 4.22613 1.9897 0 27.542 0 0  0 -0.525671 2
1388568502.750265432 4.22613 1.9897 0 25.489 0 0  0 -0.358271 2
1388568502.850217019 4.22613 1.9897 0 23.433 0 0  0 -0.359013 2
1388568502.950270929 4.22613 1.9897 0 23.048 0 0  0 -0.0671587 2
1388568503.050276886 4.22613 1.9897 0 20.94 0 0  0 -0.367894 2
1388568503.150214343 4.22613 1.9897 0 16.335 0 0  0 -0.804227 2
1388568503.250227001 4.22613 1.9897 0 13.446 0 0  0 -0.504162 2
1388568503.350256680 4.22613 1.9897 0 14.252 0 0  0 0.140632 2
1388568503.450301349 4.22613 1.9897 0 16.909 0 0  0 0.463527 2
1388568503.550215797 4.22613 1.9897 0 20.98 0 0  0 0.711132 2
1388568503.650222152 4.22613 1.9897 0 21.792 0 0  0 0.141712 2
1388568503.750214401 4.22613 1.9897 0 21.17 0 0  0 -0.108568 2
1388568503.850285898 4.22613 1.9897 0 19.45 0 0  0 -0.299982 2
1388568503.950284448 4.22613 1.9897 0 15.385 0 0  0 -0.709486 2
1388568504.050227725 4.22613 1.9897 0 11.835 0 0  0 -0.619944 2
1388568504.150286589 4.22613 1.9897 0 9.315 0 0  0 -0.439564 2
1388568504.250275034 4.22613 1.9897 0 8.078 0 0  0 -0.215922 2
1388568504.350286350 4.22613 1.9897 0 6.096 0 0  0 -0.345885 2
1388568504.450268722 4.22613 1.9897 0 3.928 0 0  0 -0.378454 2
1388568504.550214998 4.22613 1.9897 0 4.265 0 0  0 0.0588492 2
1388568504.650222455 4.22613 1.9897 0 5.176 0 0  0 0.158988 2
1388568504.750286761 4.22613 1.9897 0 5.753 0 0  0 0.100641 2
1388568504.850209475 4.22613 1.9897 0 6.316 0 0  0 0.098338 2
1388568504.950229663 4.22613 1.9897 0 6.284 0 0  0 -0.00558385 2
1388568505.050229643 4.22613 1.9897 0 6.325 0 0  0 0.00715592 2
1388568505.150272068 4.22613 1.9897 0 6.341 0 0  0 0.00279114 2
1388568505.250268223 4.22613 1.9897 0 6.326 0 0  0 -0.00261799 2
1388568505.350266811 4.22613 1.9897 0 6.346 0 0  0 0.00349079 2
1388568505.450228149 4.22613 1.9897 0 6.386 0 0  0 0.00698384 2
1388568505.550226954 4.22613 1.9897 0 6.436 0 0  0 0.00872695 2
1388568505.650237438 4.22613 1.9897 0 6.488 0 0  0 0.00907477 2
1388568505.750229416 4.22613 1.9897 0 6.533 0 0  0 0.00785463 2
1388568505.850223013 4.22613 1.9897 0 6.575 0 0  0 0.00733082 2
1388568505.950270986 4.22613 1.9897 0 6.604 0 0  0 0.00505891 2
1388568506.050216734 4.22613 1.9897 0 6.625 0 0  0 0.00366716 2
1388568506.150281596 4.22613 1.9897 0 6.646 0 0  0 0.0036628 2
1388568506.250264434 4.22613 1.9897 0 6.678 0 0  0 0.00558594 2
1388568506.350202093 4.22613 1.9897 0 6.712 0 0  0 0.00593789 2
1388568506.450270180 4.22613 1.9897 0 6.741 0 0  0 0.00505823 2
1388568506.550259464 4.22613 1.9897 0 6.774 0 0  0 0.00576004 2
1388568506.650266344 4.22613 1.9897 0 6.808 0 0  0 0.00593378 2
1388568506.750205773 4.22613 1.9897 0 6.838 0 0  0 0.00523895 2
1388568506.850268685 4.22613 1.9897 0 6.872 0 0  0 0.00593046 2
1388568506.950260929 4.22613 1.9897 0 6.906 0 0  0 0.00593465 2
1388568507.050257176 4.22613 1.9897 0 6.932 0 0  0 0.0045382 2
1388568507.150260149 4.22613 1.9897 0 6.962 0 0  0 0.00523562 2
1388568507.250208932 4.22613 1.9897 0 6.99 0 0  0 0.0048894 2
1388568507.350222390 4.22613 1.9897 0 7.021 0 0  0 0.00540982 2
1388568507.450224421 4.22613 1.9897 0 7.049 0 0  0 0.0048868 2
1388568507.550214065 4.22613 1.9897 0 7.078 0 0  0 0.00506219 2
1388568507.650268281 4.22613 1.9897 0 7.102 0 0  0 0.00418655 2
1388568507.750204776 4.22613 1.9897 0 7.134 0 0  0 0.00558853 2
1388568507.850208758 4.22613 1.9897 0 7.169 0 0  0 0.00610838 2
1388568507.950284602 4.22613 1.9897 0 7.197 0 0  0 0.0048832 2
1388568508.050213873 4.22613 1.9897 0 7.227 0 0  0 0.00523981 2
1388568508.150220081 4.22613 1.9897 0 7.257 0 0  0 0.00523545 2
1388568508.250325195 4.22613 1.9897 0 7.285 0 0  0 0.00488177 2
1388568508.350282688 4.22613 1.9897 0 7.313 0 0  0 0.00488898 2
1388568508.450279853 4.22613 1.9897 0 7.347 0 0  0 0.00593436 2
1388568508.550272531 4.22613 1.9897 0 7.375 0 0  0 0.00488726 2
1388568508.650223464 4.22613 1.9897 0 7.405 0 0  0 0.00523868 2
1388568508.750268504 4.22613 1.9897 0 7.433 0 0  0 0.0048847 2
1388568508.850215564 4.22613 1.9897 0 7.436 0 0  0 0.000523921 2
1388568508.950227921 4.22613 1.9897 0 7.512 0 0  0 0.0132629 2
1388568509.050337203 4.22613 1.9897 0 7.573 0 0  0 0.0106347 2
1388568509.150244805 4.22613 1.9897 0 7.639 0 0  0 0.0115298 2
1388568509.250222953 4.22613 1.9897 0 7.662 0 0  0 0.00401526 2
1388568509.350235265 4.22613 1.9897 0 7.714 0 0  0 0.0090746 2
1388568509.450266065 4.22613 1.9897 0 7.73 0 0  0 0.00279146 2
1388568509.550288444 4.22613 1.9897 0 7.681 0 0  0 -0.00855016 2
1388568509.650274635 4.22613 1.9897 0 7.708 0 0  0 0.00471311 2
1388568509.750223937 4.22613 1.9897 0 7.736 0 0  0 0.00488938 2
1388568509.850292552 4.22613 1.9897 0 7.767 0 0  0 0.00540683 2
1388568509.950223746 4.22613 1.9897 0 7.799 0 0  0 0.00558883 2
1388568510.050287783 4.22613 1.9897 0 7.829 0 0  0 0.00523276 2
1388568510.150247589 4.22613 1.9897 0 7.855 0 0  0 0.00453952 2
1388568510.250244572 4.22613 1.9897 0 7.887 0 0  0 0.00558548 2
1388568510.350245811 4.22613 1.9897 0 7.916 0 0  0 0.00506127 2
1388568510.450212422 4.22613 1.9897 0 7.949 0 0  0 0.00576168 2
1388568510.550225191 4.22613 1.9897 0 7.974 0 0  0 0.00436237 2
1388568510.650227512 4.22613 1.9897 0 8.01 0 0  0 0.00628358 2
1388568510.750221662 4.22613 1.9897 0 8.036 0 0  0 0.00453763 2
1388568510.850237942 4.22613 1.9897 0 8.064 0 0  0 0.00488611 2
1388568510.950273493 4.22613 1.9897 0 8.096 0 0  0 0.00558333 2
1388568511.050265955 4.22613 1.9897 0 8.123 0 0  0 0.00471282 2
1388568511.150214605 4.22613 1.9897 0 8.153 0 0  0 0.00523846 2
1388568511.250271782 4.22613 1.9897 0 8.185 0 0  0 0.00558212 2
1388568511.350220245 4.22613 1.9897 0 8.216 0 0  0 0.005413 2
1388568511.450278323 4.22613 1.9897 0 8.245 0 0  0 0.0050584 2
1388568511.550267778 4.22613 1.9897 0 8.276 0 0  0 0.00541145 2
1388568511.650204940 4.22613 1.9897 0 8.307 0 0  0 0.00541361 2
1388568511.750238199 4.22613 1.9897 0 8.335 0 0  0 0.00488528 2
1388568511.850291459 4.22613 1.9897 0 8.366 0 0  0 0.005408 2
1388568511.950211008 4.22613 1.9897 0 8.398 0 0  0 0.00558915 2
1388568512.050229808 4.22613 1.9897 0 8.426 0 0  0 0.00488598 2
1388568512.150284375 4.22613 1.9897 0 8.456 0 0  0 0.00523358 2
1388568512.250204633 4.22613 1.9897 0 8.487 0 0  0 0.00541453 2
1388568512.350272464 4.22613 1.9897 0 8.512 0 0  0 0.00436063 2
1388568512.450223466 4.22613 1.9897 0 8.545 0 0  0 0.00576258 2
1388568512.550275056 4.22613 1.9897 0 8.573 0 0  0 0.00488438 2
1388568512.650266673 4.22613 1.9897 0 8.609 0 0  0 0.00628359 2
1388568512.750210235 4.22613 1.9897 0 8.64 0 0  0 0.00541327 2
1388568512.850226597 4.22613 1.9897 0 8.671 0 0  0 0.00540999 2
1388568512.950235387 4.22613 1.9897 0 8.699 0 0  0 0.00488647 2
1388568513.050214974 4.22613 1.9897 0 8.729 0 0  0 0.00523684 2
1388568513.150211573 4.22613 1.9897 0 8.758 0 0  0 0.00506151 2
1388568513.250276897 4.22613 1.9897 0 8.787 0 0  0 0.00505803 2
1388568513.350268218 4.22613 1.9897 0 8.815 0 0  0 0.00488732 2
1388568513.450267049 4.22613 1.9897 0 8.846 0 0  0 0.00541094 2
1388568513.550274397 4.22613 1.9897 0 8.874 0 0  0 0.00488654 2
1388568513.650278955 4.22613 1.9897 0 8.906 0 0  0 0.00558506 2
1388568513.750231980 4.22613 1.9897 0 8.936 0 0  0 0.00523824 2
1388568513.850263059 4.22613 1.9897 0 8.965 0 0  0 0.00505977 2
1388568513.950268163 4.22613 1.9897 0 8.995 0 0  0 0.00523551 2
1388568514.050492244 4.22613 1.9897 0 9.023 0 0  0 0.00487597 2
1388568514.150287618 4.22613 1.9897 0 9.052 0 0  0 0.00507238 2
1388568514.250269121 4.22613 1.9897 0 9.075 0 0  0 0.00401479 2
1388568514.350267851 4.22613 1.9897 0 9.106 0 0  0 0.00541028 2
1388568514.450226400 4.22613 1.9897 0 9.139 0 0  0 0.00576214 2
1388568514.550278169 4.22613 1.9897 0 9.171 0 0  0 0.00558242 2
1388568514.650277885 4.22613 1.9897 0 9.203 0 0  0 0.00558466 2
1388568514.750270798 4.22613 1.9897 0 9.231 0 0  0 0.00488725 2
1388568514.850215268 4.22613 1.9897 0 9.261 0 0  0 0.00523935 2
1388568514.950278475 4.22613 1.9897 0 9.29 0 0  0 0.00505814 2
1388568515.050216621 4.22613 1.9897 0 9.319 0 0  0 0.00506447 2
1388568515.150222893 4.22613 1.9897 0 9.35 0 0  0 0.00540987 2
1388568515.250234374 4.22613 1.9897 0 9.378 0 0  0 0.00488701 2
1388568515.350220202 4.22613 1.9897 0 9.409 0 0  0 0.00541098 2
1388568515.450233433 4.22613 1.9897 0 9.438 0 0  0 0.00506067 2
1388568515.550229750 4.22613 1.9897 0 9.465 0 0  0 0.00471264 2
1388568515.650227762 4.22613 1.9897 0 9.498 0 0  0 0.00575987 2
1388568515.750267214 4.22613 1.9897 0 9.526 0 0  0 0.00488497 2
1388568515.850222573 4.22613 1.9897 0 9.558 0 0  0 0.00558714 2
1388568515.950279928 4.22613 1.9897 0 9.586 0 0  0 0.0048841 2
1388568516.050252613 4.22613 1.9897 0 9.616 0 0  0 0.00523787 2
1388568516.150267685 4.22613 1.9897 0 9.642 0 0  0 0.00453734 2
1388568516.250215684 4.22613 1.9897 0 9.667 0 0  0 0.00436519 2
1388568516.350223056 4.22613 1.9897 0 9.7 0 0  0 0.00575933 2
1388568516.450268741 4.22613 1.9897 0 9.731 0 0  0 0.00540774 2
1388568516.550273941 4.22613 1.9897 0 9.763 0 0  0 0.00558502 2
1388568516.650213780 4.22613 1.9897 0 9.793 0 0  0 0.00523893 2
1388568516.750239191 4.22613 1.9897 0 9.823 0 0  0 0.00523511 2
1388568516.850273284 4.22613 1.9897 0 9.854 0 0  0 0.00540837 2
1388568516.950268680 4.22613 1.9897 0 9.881 0 0  0 0.00471268 2
1388568517.050260010 4.22613 1.9897 0 9.913 0 0  0 0.0055858 2
1388568517.150273472 4.22613 1.9897 0 9.941 0 0  0 0.00488624 2
1388568517.250223811 4.22613 1.9897 0 9.968 0 0  0 0.00471414 2
1388568517.350232722 4.22613 1.9897 0 10.003 0 0  0 0.00610875 2
1388568517.450220505 4.22613 1.9897 0 10.032 0 0  0 0.00506196 2
1388568517.550264152 4.22613 1.9897 0 10.063 0 0  0 0.00540785 2
1388568517.650263597 4.22613 1.9897 0 10.093 0 0  0 0.0052358 2
1388568517.750218456 4.22613 1.9897 0 10.125 0 0  0 0.00558784 2
1388568517.850265368 4.22613 1.9897 0 10.151 0 0  0 0.0045359 2
1388568517.950216300 4.22613 1.9897 0 10.179 0 0  0 0.0048893 2
1388568518.050241414 4.22613 1.9897 0 10.211 0 0  0 0.00558325 2
1388568518.150269587 4.22613 1.9897 0 10.237 0 0  0 0.00453675 2
1388568518.250216398 4.22613 1.9897 0 10.267 0 0  0 0.00523923 2
1388568518.350226457 4.22613 1.9897 0 10.294 0 0  0 0.00471132 2
1388568518.450276508 4.22613 1.9897 0 10.322 0 0  0 0.00488446 2
1388568518.550268000 4.22613 1.9897 0 10.353 0 0  0 0.00541134 2
1388568518.650229230 4.22613 1.9897 0 10.381 0 0  0 0.0048888 2
1388568518.750234556 4.22613 1.9897 0 10.412 0 0  0 0.00540992 2
1388568518.850271633 4.22613 1.9897 0 10.446 0 0  0 0.00593199 2
1388568518.950267307 4.22613 1.9897 0 10.473 0 0  0 0.00471267 2
1388568519.050278560 4.22613 1.9897 0 10.507 0 0  0 0.00593352 2
1388568519.150230006 4.22613 1.9897 0 10.536 0 0  0 0.0050638 2
1388568519.250230750 4.22613 1.9897 0 10.564 0 0  0 0.00488686 2
1388568519.350283933 4.22613 1.9897 0 10.601 0 0  0 0.00645473 2
1388568519.450229562 4.22613 1.9897 0 10.63 0 0  0 0.00506409 2
1388568519.550224664 4.22613 1.9897 0 10.658 0 0  0 0.00488714 2
1388568519.650284875 4.22613 1.9897 0 10.69 0 0  0 0.00558129 2
1388568519.750288254 4.22613 1.9897 0 10.714 0 0  0 0.00418901 2
1388568519.850269354 4.22613 1.9897 0 10.748 0 0  0 0.00593531 2
1388568519.950279837 4.22613 1.9897 0 10.776 0 0  0 0.00488639 2
1388568520.050267548 4.22613 1.9897 0 10.808 0 0  0 0.00558534 2
1388568520.150269668 4.22613 1.9897 0 10.838 0 0  0 0.00523633 2
1388568520.250279100 4.22613 1.9897 0 10.869 0 0  0 0.0054097 2
1388568520.350276457 4.22613 1.9897 0 10.897 0 0  0 0.00488703 2
1388568520.450275355 4.22613 1.9897 0 10.927 0 0  0 0.0052365 2
1388568520.550277972 4.22613 1.9897 0 10.954 0 0  0 0.00471167 2
1388568520.650278203 4.22613 1.9897 0 10.986 0 0  0 0.0055853 2
1388568520.750204404 4.22613 1.9897 0 11.014 0 0  0 0.00489051 2
1388568520.850272609 4.22613 1.9897 0 11.042 0 0  0 0.00488357 2
1388568520.950217223 4.22613 1.9897 0 11.071 0 0  0 0.00506414 2
1388568521.050222543 4.22613 1.9897 0 11.097 0 0  0 0.00453779 2
1388568521.150224817 4.22613 1.9897 0 11.129 0 0  0 0.00558519 2
1388568521.250268083 4.22613 1.9897 0 11.158 0 0  0 0.00505915 2
1388568521.350255697 4.22613 1.9897 0 11.187 0 0  0 0.00506196 2
1388568521.450255152 4.22613 1.9897 0 11.218 0 0  0 0.00541024 2
1388568521.550216224 4.22613 1.9897 0 11.245 0 0  0 0.0047143 2
1388568521.650270988 4.22613 1.9897 0 11.277 0 0  0 0.00558226 2
1388568521.750263875 4.22613 1.9897 0 11.304 0 0  0 0.0047128 2
1388568521.850220929 4.22613 1.9897 0 11.334 0 0  0 0.00523802 2
1388568521.950353417 4.22613 1.9897 0 11.365 0 0  0 0.00540372 2
1388568522.050289469 4.22613 1.9897 0 11.395 0 0  0 0.00523913 2
1388568522.150282353 4.22613 1.9897 0 11.421 0 0  0 0.00453835 2
1388568522.250274090 4.22613 1.9897 0 11.45 0 0  0 0.00506176 2
1388568522.350250986 4.22613 1.9897 0 11.48 0 0  0 0.00523698 2
1388568522.450229955 4.22613 1.9897 0 11.509 0 0  0 0.0050624 2
1388568522.550221341 4.22613 1.9897 0 11.54 0 0  0 0.00541134 2
1388568522.650284228 4.22613 1.9897 0 11.568 0 0  0 0.00488383 2
1388568522.750267943 4.22613 1.9897 0 11.596 0 0  0 0.0048877 2
1388568522.850268682 4.22613 1.9897 0 11.625 0 0  0 0.0050613 2
1388568522.950269267 4.22613 1.9897 0 11.653 0 0  0 0.00488687 2
1388568523.050267809 4.22613 1.9897 0 11.683 0 0  0 0.00523585 2
1388568523.150241785 4.22613 1.9897 0 11.713 0 0  0 0.0052378 2
1388568523.250203561 4.22613 1.9897 0 11.73 0 0  0 0.0029679 2
1388568523.350273665 4.22613 1.9897 0 11.764 0 0  0 0.00593003 2
1388568523.450222564 4.22613 1.9897 0 11.804 0 0  0 0.00698505 2
1388568523.550274370 4.22613 1.9897 0 11.834 0 0  0 0.00523306 2
1388568523.650215064 4.22613 1.9897 0 11.866 0 0  0 0.00558863 2
1388568523.750215739 4.22613 1.9897 0 11.896 0 0  0 0.00523574 2
1388568523.850287812 4.22613 1.9897 0 11.925 0 0  0 0.00505769 2
1388568523.950216087 4.22613 1.9897 0 11.954 0 0  0 0.00506497 2
1388568524.050237779 4.22613 1.9897 0 11.985 0 0  0 0.0054097 2
1388568524.150236898 4.22613 1.9897 0 12.009 0 0  0 0.00418852 2
1388568524.250235905 4.22613 1.9897 0 12.032 0 0  0 0.00401476 2
1388568524.350219255 4.22613 1.9897 0 12.064 0 0  0 0.00558558 2
1388568524.450282911 4.22613 1.9897 0 12.104 0 0  0 0.00697704 2
1388568524.550275161 4.22613 1.9897 0 12.14 0 0  0 0.00628355 2
1388568524.650216201 4.22613 1.9897 0 12.17 0 0  0 0.00523953 2
1388568524.750234555 4.22613 1.9897 0 12.2 0 0  0 0.00523481 2
1388568524.850268243 4.22613 1.9897 0 12.229 0 0  0 0.00505963 2
1388568524.950213097 4.22613 1.9897 0 12.258 0 0  0 0.00506413 2
1388568525.050234700 4.22613 1.9897 0 12.286 0 0  0 0.00488585 2
1388568525.150300022 4.22613 1.9897 0 12.317 0 0  0 0.00540735 2
1388568525.250278973 4.22613 1.9897 0 12.343 0 0  0 0.00453832 2
1388568525.350217256 4.22613 1.9897 0 12.373 0 0  0 0.00523967 2
1388568525.450227793 4.22613 1.9897 0 12.403 0 0  0 0.00523522 2
1388568525.550253005 4.22613 1.9897 0 12.429 0 0  0 0.00453688 2
1388568525.650277172 4.22613 1.9897 0 12.458 0 0  0 0.00506011 2
1388568525.750234448 4.22613 1.9897 0 12.487 0 0  0 0.0050635 2
1388568525.850281893 4.22613 1.9897 0 12.515 0 0  0 0.00488458 2
1388568525.950215864 4.22613 1.9897 0 12.545 0 0  0 0.0052399 2
1388568526.050257538 4.22613 1.9897 0 12.568 0 0  0 0.00401238 2
