0.254986 0.160221 0.905 0.99998
0.272572 0.162946 0.90415 1.09998
0.295365 0.165468 0.904362 1.19998
0.322491 0.168307 0.905272 1.29998
0.353203 0.17195 0.906633 1.39998
0.386846 0.176832 0.908279 1.49998
0.422839 0.183313 0.910095 1.59998
0.460656 0.191684 0.912005 1.69998
0.499823 0.202168 0.913955 1.79998
0.539909 0.214924 0.915912 1.89998
0.580526 0.230054 0.917852 1.99998
0.621321 0.247615 0.919761 2.09998
0.661976 0.267624 0.921629 2.19998
0.702207 0.290067 0.923449 2.29998
0.741756 0.314901 0.92522 2.39998
0.780392 0.342066 0.926938 2.49998
0.817909 0.371485 0.928604 2.59998
0.854123 0.403067 0.930218 2.69998
0.888865 0.436712 0.93178 2.79998
0.921988 0.472313 0.93329 2.89998
0.953357 0.509757 0.934752 2.99998
0.982853 0.548927 0.936165 3.09998
0.992479 0.563838 0.93548 3.19998
1.00375 0.583867 0.935916 3.29998
1.01669 0.607947 0.937078 3.39998
1.03123 0.635308 0.938695 3.49998
1.04722 0.665364 0.940583 3.59998
1.06448 0.69765 0.942612 3.69998
1.08283 0.731796 0.944696 3.79998
1.1021 0.767498 0.946778 3.89998
1.12215 0.804506 0.948819 3.99998
1.14284 0.842613 0.950794 4.09998
1.16406 0.881645 0.952688 4.19998
1.18573 0.921458 0.954492 4.29998
1.20776 0.961928 0.956201 4.39998
1.23009 1.00295 0.957815 4.49998
1.25267 1.04445 0.959334 4.59998
1.27544 1.08634 0.960759 4.69998
1.29838 1.12857 0.962095 4.79998
1.32145 1.17108 0.963342 4.89998
1.34463 1.21383 0.964507 4.99998
1.36789 1.25679 0.965591 5.09998
1.39122 1.29992 0.9666 5.19998
1.4146 1.3432 0.967536 5.29998
1.43803 1.3866 0.968403 5.39998
1.46148 1.43012 0.969206 5.49998
1.48496 1.47372 0.969946 5.59998
1.50845 1.5174 0.970628 5.69998
1.53196 1.56115 0.971254 5.79998
1.55547 1.60496 0.971829 5.89998
1.57899 1.64881 0.972353 5.99998
1.6025 1.69271 0.97283 6.09998
1.62602 1.73665 0.973263 6.19998
1.64953 1.78062 0.973654 6.29998
1.67304 1.82461 0.974006 6.39998
1.69654 1.86864 0.97432 6.49998
1.72003 1.91268 0.974598 6.59998
1.74352 1.95674 0.974842 6.69998
1.76699 2.00082 0.975055 6.79998
1.79046 2.04491 0.975238 6.89998
1.81393 2.08902 0.975393 6.99998
1.83738 2.13314 0.975521 7.09998
1.86082 2.17727 0.975623 7.19998
1.88426 2.22141 0.975701 7.29998
1.90769 2.26556 0.975757 7.39998
1.93111 2.30972 0.975792 7.49998
1.95452 2.35388 0.975806 7.59998
1.97792 2.39805 0.975801 7.69998
2.00132 2.44223 0.975778 7.79998
2.02471 2.48641 0.975738 7.89998
2.03398 2.5012 0.973789 7.99998
2.04478 2.52112 0.972547 8.09998
2.0573 2.5451 0.971785 8.19998
2.07173 2.57225 0.971344 8.29998
2.08822 2.60181 0.971121 8.39998
2.10686 2.63312 0.971041 8.49998
2.12773 2.66563 0.971057 8.59998
2.15085 2.69883 0.971135 8.69998
2.17621 2.73229 0.971252 8.79998
2.2038 2.76564 0.971393 8.89998
2.23355 2.79855 0.971547 8.99998
2.2654 2.83072 0.971707 9.09998
2.29926 2.8619 0.971869 9.19998
2.33503 2.89186 0.972029 9.29998
2.37262 2.92042 0.972186 9.39998
2.4119 2.9474 0.972337 9.49998
2.45276 2.97264 0.972483 9.59998
2.49507 2.99603 0.972622 9.69998
2.53872 3.01744 0.972755 9.79998
2.58356 3.03677 0.97288 9.89998
2.62948 3.05394 0.972998 9.99998
2.67634 3.06888 0.973109 10.1
2.724 3.08152 0.973214 10.2
2.77234 3.0918 0.973311 10.3
2.82123 3.09969 0.973402 10.4
2.87052 3.10515 0.973486 10.5
2.92009 3.10815 0.973564 10.6
2.9698 3.10868 0.973635 10.7
3.01952 3.10673 0.9737 10.8
3.06912 3.1023 0.973759 10.9
3.0863 3.10062 0.971254 11
3.10852 3.09666 0.969305 11.1
3.13492 3.09108 0.967749 11.2
3.16486 3.08434 0.966472 11.3
3.1978 3.07674 0.965392 11.4
3.23325 3.06848 0.964454 11.5
3.27083 3.05969 0.963616 11.6
3.3102 3.05047 0.962851 11.7
3.35106 3.04089 0.962136 11.8
3.39318 3.03101 0.961459 11.9
3.43635 3.02088 0.960808 12
3.48041 3.01053 0.960176 12.1
3.52521 3 0.959557 12.2
3.57063 2.98931 0.958948 12.3
3.61657 2.97849 0.958345 12.4
3.66294 2.96755 0.957747 12.5
3.70968 2.95651 0.957152 12.6
3.75673 2.94538 0.956559 12.7
3.80403 2.93418 0.955967 12.8
3.85155 2.92292 0.955375 12.9
3.89925 2.9116 0.954784 13
3.94709 2.90023 0.954191 13.1
3.99507 2.88882 0.953599 13.2
4.04314 2.87737 0.953005 13.3
4.09131 2.86589 0.95241 13.4
4.13955 2.85438 0.951815 13.5
4.18785 2.84285 0.951218 13.6
4.2362 2.83129 0.95062 13.7
4.2846 2.81972 0.950021 13.8
4.33303 2.80812 0.949421 13.9
4.38149 2.79651 0.94882 14
4.42997 2.78488 0.948218 14.1
4.47847 2.77324 0.947615 14.2
4.52699 2.76159 0.947011 14.3
4.57553 2.74993 0.946405 14.4
4.62407 2.73826 0.945799 14.5
4.67263 2.72658 0.945192 14.6
4.72119 2.71489 0.944584 14.7
4.76976 2.70319 0.943975 14.8
4.81834 2.69148 0.943366 14.9
4.86692 2.67977 0.942755 15
4.9155 2.66805 0.942144 15.1
4.96408 2.65633 0.941532 15.2
5.01267 2.6446 0.94092 15.3
5.06126 2.63287 0.940307 15.4
5.10985 2.62113 0.939693 15.5
5.15844 2.60938 0.939079 15.6
5.20703 2.59763 0.938464 15.7
5.25562 2.58588 0.937849 15.8
5.30421 2.57413 0.937233 15.9
5.35281 2.56237 0.936617 16
5.4014 2.5506 0.936 16.1
5.44999 2.53883 0.935383 16.2
5.49858 2.52706 0.934765 16.3
5.54717 2.51529 0.934147 16.4
5.59577 2.50352 0.933529 16.5
5.64436 2.49174 0.932911 16.6
5.69295 2.47996 0.932292 16.7
5.74154 2.46817 0.931673 16.8
5.79013 2.45639 0.931053 16.9
5.83872 2.4446 0.930434 17
5.88731 2.43281 0.929814 17.1
5.9359 2.42102 0.929194 17.2
5.98449 2.40923 0.928573 17.3
6.03307 2.39743 0.927953 17.4
6.08166 2.38563 0.927332 17.5
6.13025 2.37384 0.926711 17.6
6.17884 2.36204 0.92609 17.7
6.22742 2.35023 0.925468 17.8
6.27601 2.33843 0.924847 17.9
6.3246 2.32663 0.924225 18
6.37318 2.31482 0.923603 18.1
6.42177 2.30301 0.922981 18.2
6.47035 2.29121 0.922359 18.3
6.51894 2.2794 0.921737 18.4
6.56753 2.26759 0.921115 18.5
6.61611 2.25578 0.920492 18.6
6.66469 2.24396 0.91987 18.7
6.71328 2.23215 0.919247 18.8
6.76186 2.22034 0.918625 18.9
6.81045 2.20852 0.918002 19
6.85903 2.19671 0.917379 19.1
6.90762 2.18489 0.916756 19.2
6.9562 2.17307 0.916133 19.3
7.00478 2.16126 0.91551 19.4
7.05337 2.14944 0.914887 19.5
7.10195 2.13762 0.914264 19.6
7.15053 2.1258 0.91364 19.7
7.19911 2.11398 0.913017 19.8
7.2477 2.10216 0.912394 19.9
7.29628 2.09034 0.91177 20
7.34486 2.07852 0.911147 20.1
7.39344 2.0667 0.910523 20.2
7.44203 2.05487 0.9099 20.3
7.49061 2.04305 0.909276 20.4
7.53919 2.03123 0.908653 20.5
7.58777 2.0194 0.908029 20.6
7.63635 2.00758 0.907405 20.7
7.68494 1.99575 0.906781 20.8
7.73352 1.98393 0.906158 20.9
7.7821 1.97211 0.905534 21
7.83068 1.96028 0.90491 21.1
7.87926 1.94845 0.904286 21.2
7.92784 1.93663 0.903662 21.3
7.97642 1.9248 0.903039 21.4
8.02501 1.91298 0.902415 21.5
8.07359 1.90115 0.901791 21.6
8.12217 1.88932 0.901167 21.7
8.17075 1.87749 0.900543 21.8
8.21933 1.86567 0.899919 21.9
8.26791 1.85384 0.899295 22
8.31649 1.84201 0.898671 22.1
8.36507 1.83018 0.898047 22.2
8.41365 1.81836 0.897423 22.3
8.46223 1.80653 0.896799 22.4
8.51081 1.7947 0.896175 22.5
8.5594 1.78287 0.895551 22.6
8.60798 1.77104 0.894927 22.7
8.65656 1.75921 0.894303 22.8
8.70514 1.74738 0.893678 22.9
8.75372 1.73555 0.893054 23
8.8023 1.72373 0.89243 23.1
8.85088 1.7119 0.891806 23.2
8.89946 1.70007 0.891182 23.3
8.94804 1.68824 0.890558 23.4
8.99662 1.67641 0.889934 23.5
9.0452 1.66458 0.88931 23.6
9.09378 1.65275 0.888685 23.7
9.14236 1.64092 0.888061 23.8
9.19094 1.62909 0.887437 23.9
9.23952 1.61726 0.886813 24
9.2881 1.60543 0.886189 24.1
9.33668 1.5936 0.885565 24.2
9.38526 1.58177 0.88494 24.3
9.43384 1.56994 0.884316 24.4
9.48242 1.55811 0.883692 24.5
9.531 1.54628 0.883068 24.6
9.57958 1.53444 0.882444 24.7
9.62816 1.52261 0.881819 24.8
9.67674 1.51078 0.881195 24.9
9.72532 1.49895 0.880571 25
9.7739 1.48712 0.879947 25.1
9.82249 1.47529 0.879323 25.2
9.87107 1.46346 0.878698 25.3
9.91965 1.45163 0.878074 25.4
9.96823 1.4398 0.87745 25.5
10.0168 1.42797 0.876826 25.6
10.0654 1.41614 0.876202 25.7
10.114 1.40431 0.875577 25.8
10.1625 1.39247 0.874953 25.9
10.2111 1.38064 0.874329 26
10.2597 1.36881 0.873705 26.1
10.3083 1.35698 0.87308 26.2
10.3569 1.34515 0.872456 26.3
10.4054 1.33332 0.871832 26.4
10.454 1.32149 0.871208 26.5
10.5026 1.30966 0.870583 26.6
10.5512 1.29783 0.869959 26.7
10.5998 1.28599 0.869335 26.8
10.6483 1.27416 0.868711 26.9
10.6969 1.26233 0.868087 27
10.7455 1.2505 0.867462 27.1
10.7941 1.23867 0.866838 27.2
10.8427 1.22684 0.866214 27.3
10.8912 1.21501 0.86559 27.4
10.9398 1.20317 0.864965 27.5
10.9884 1.19134 0.864341 27.6
11.037 1.17951 0.863717 27.7
11.0856 1.16768 0.863093 27.8
11.1341 1.15585 0.862468 27.9
11.1827 1.14402 0.861844 28
11.2313 1.13219 0.86122 28.1
11.2799 1.12035 0.860596 28.2
11.3285 1.10852 0.859971 28.3
11.377 1.09669 0.859347 28.4
11.4256 1.08486 0.858723 28.5
11.4742 1.07303 0.858099 28.6
11.5228 1.0612 0.857474 28.7
11.5714 1.04937 0.85685 28.8
11.6199 1.03753 0.856226 28.9
11.6685 1.0257 0.855602 29
11.7171 1.01387 0.854977 29.1
11.7657 1.00204 0.854353 29.2
11.8143 0.990207 0.853729 29.3
11.8628 0.978376 0.853105 29.4
11.9114 0.966544 0.85248 29.5
11.96 0.954712 0.851856 29.6
12.0086 0.942881 0.851232 29.7
12.0572 0.931049 0.850608 29.8
12.1057 0.919218 0.849983 29.9
12.1543 0.907386 0.849359 30
12.2029 0.895554 0.848735 30.1
12.2515 0.883723 0.848111 30.2
12.3001 0.871891 0.847486 30.3
12.3486 0.860059 0.846862 30.4
12.3972 0.848228 0.846238 30.5
12.4458 0.836396 0.845614 30.6
12.4944 0.824565 0.844989 30.7
12.543 0.812733 0.844365 30.8
12.5915 0.800901 0.843741 30.9
12.6401 0.78907 0.843117 31
12.6887 0.777238 0.842492 31.1
12.7373 0.765406 0.841868 31.2
12.7859 0.753575 0.841244 31.3
12.8344 0.741743 0.84062 31.4
12.883 0.729911 0.839995 31.5
12.9316 0.71808 0.839371 31.6
12.9802 0.706248 0.838747 31.7
13.0288 0.694416 0.838122 31.8
13.0773 0.682585 0.837498 31.9
13.1259 0.670753 0.836874 32
13.1745 0.658921 0.83625 32.1
13.2231 0.64709 0.835625 32.2
13.2717 0.635258 0.835001 32.3
13.3202 0.623426 0.834377 32.4
13.3688 0.611594 0.833753 32.5
13.4174 0.599763 0.833128 32.6
13.466 0.587931 0.832504 32.7
13.5146 0.576099 0.83188 32.8
13.5631 0.564268 0.831256 32.9
13.6117 0.552436 0.830631 33
13.6603 0.540604 0.830007 33.1
13.7089 0.528773 0.829383 33.2
13.7575 0.516941 0.828759 33.3
13.806 0.505109 0.828134 33.4
13.8546 0.493278 0.82751 33.5
13.9032 0.481446 0.826886 33.6
13.9518 0.469614 0.826262 33.7
14.0004 0.457782 0.825637 33.8
14.0489 0.445951 0.825013 33.9
14.0975 0.434119 0.824389 34
14.1461 0.422287 0.823765 34.1
14.1947 0.410456 0.82314 34.2
14.2433 0.398624 0.822516 34.3
14.2918 0.386792 0.821892 34.4
14.3404 0.374961 0.821268 34.5
14.389 0.363129 0.820643 34.6
14.4376 0.351297 0.820019 34.7
14.4862 0.339465 0.819395 34.8
14.5347 0.327634 0.818771 34.9
14.5833 0.315802 0.818146 35
14.6319 0.30397 0.817522 35.1
14.6805 0.292139 0.816898 35.2
14.7291 0.280307 0.816274 35.3
14.7776 0.268475 0.815649 35.4
14.8262 0.256643 0.815025 35.5
14.8748 0.244812 0.814401 35.6
14.9234 0.23298 0.813777 35.7
14.972 0.221148 0.813152 35.8
15.0205 0.209317 0.812528 35.9
15.0691 0.197485 0.811904 36
15.1177 0.185653 0.81128 36.1
15.1663 0.173821 0.810655 36.2
15.2149 0.16199 0.810031 36.3
15.2634 0.150158 0.809407 36.4
15.312 0.138326 0.808782 36.5
15.3606 0.126495 0.808158 36.6
15.4092 0.114663 0.807534 36.7
15.4578 0.102831 0.80691 36.8
15.5063 0.0909995 0.806285 36.9
15.5549 0.0791678 0.805661 37
15.6035 0.0673361 0.805037 37.1
15.6521 0.0555043 0.804413 37.2
15.6689 0.0536211 0.802385 37.3
15.6906 0.0492312 0.80104 37.4
15.7165 0.0432025 0.800158 37.5
15.746 0.0362911 0.79959 37.6
15.7788 0.0291403 0.799235 37.7
15.8143 0.0222916 0.799024 37.8
15.8522 0.0161979 0.79891 37.9
