10.1445 1.35964 0.888 13.2323
10.2417 1.33609 0.889285 13.3323
10.3394 1.31437 0.8903 13.4323
10.4396 1.30997 0.890767 13.5323
10.5398 1.30782 0.89062 13.6323
10.6393 1.29602 0.891689 13.7323
10.7387 1.28273 0.892423 13.8323
10.8375 1.26623 0.892924 13.9323
10.9355 1.24565 0.893261 14.0323
11.0331 1.22316 0.893224 14.1323
11.13 1.198 0.892427 14.2323
11.2266 1.17174 0.891104 14.3323
11.3231 1.14514 0.889426 14.4323
11.4196 1.11852 0.887516 14.5323
11.5161 1.09204 0.885461 14.6323
11.6126 1.06574 0.883324 14.7323
11.7092 1.03962 0.881147 14.8323
11.8058 1.01368 0.878959 14.9323
11.9025 0.987894 0.87678 15.0323
11.9992 0.962244 0.874621 15.1323
12.0959 0.936711 0.872491 15.2323
12.1926 0.91128 0.870392 15.3323
12.2894 0.885937 0.868328 15.4323
12.3861 0.860671 0.866296 15.5323
12.4829 0.835472 0.864296 15.6323
12.5797 0.810331 0.862326 15.7323
12.6765 0.785244 0.860384 15.8323
12.7734 0.760202 0.858468 15.9323
12.8702 0.735203 0.856575 16.0323
12.967 0.71024 0.854702 16.1323
13.0639 0.685311 0.852848 16.2323
13.1607 0.660412 0.851011 16.3323
13.2576 0.635541 0.849188 16.4323
13.3544 0.610695 0.847379 16.5323
13.4513 0.585871 0.84558 16.6323
13.5482 0.561068 0.843792 16.7323
13.6451 0.536284 0.842012 16.8323
13.742 0.511518 0.840241 16.9323
13.8389 0.486767 0.838476 17.0323
13.9357 0.462031 0.836716 17.1323
14.0326 0.437308 0.834962 17.2323
14.1295 0.412597 0.833213 17.3323
14.2264 0.387898 0.831467 17.4323
14.3234 0.363209 0.829724 17.5323
14.4203 0.338529 0.827985 17.6323
14.5172 0.313858 0.826248 17.7323
14.6141 0.289195 0.824513 17.8323
14.711 0.26454 0.822781 17.9323
14.8079 0.239891 0.821049 18.0323
14.9048 0.215249 0.81932 18.1323
15.0017 0.190612 0.817591 18.2323
15.0987 0.165981 0.815864 18.3323
15.1956 0.141354 0.814138 18.4323
15.2925 0.116732 0.812412 18.5323
15.3894 0.0921146 0.810688 18.6323
15.4872 0.0709085 0.811607 18.7323
15.5851 0.0500105 0.812142 18.8323
15.6835 0.0320034 0.812415 18.9323
15.7826 0.0182606 0.812509 19.0323
15.8823 0.0094463 0.812483 19.1323
