0.376535 -0.609699 0.858 3.79986
0.463611 -0.663963 0.856728 3.89986
0.530121 -0.743726 0.85571 3.99986
0.588316 -0.829693 0.854855 4.09986
0.646085 -0.915292 0.854106 4.19986
0.706635 -0.998227 0.853426 4.29986
0.770395 -1.07811 0.852793 4.39986
0.836503 -1.15556 0.852196 4.49986
0.903691 -1.2317 0.851628 4.59986
0.970715 -1.30764 0.851085 4.69986
1.07622 -1.30007 0.849656 4.79986
1.17305 -1.31246 0.848446 4.89986
1.26231 -1.33984 0.847398 4.99986
1.34611 -1.377 0.846471 5.09986
1.42684 -1.41982 0.845636 5.19986
1.50664 -1.46525 0.844872 5.29986
1.58712 -1.511 0.844162 5.39986
1.66937 -1.5553 0.843498 5.49986
1.75404 -1.59676 0.842869 5.59986
1.84138 -1.63426 0.842271 5.69986
1.9314 -1.66695 0.8417 5.79986
2.02386 -1.69418 0.841152 5.89986
2.11841 -1.71551 0.840624 5.99986
2.21461 -1.73067 0.840116 6.09986
2.31199 -1.73952 0.839625 6.19986
2.41007 -1.74205 0.839151 6.29986
2.51969 -1.70025 0.837654 6.39986
2.62588 -1.66037 0.836388 6.49986
2.73077 -1.62666 0.835306 6.59986
2.83504 -1.5997 0.834372 6.69986
2.93881 -1.57875 0.833557 6.79986
3.04209 -1.5627 0.832838 6.89986
3.14488 -1.55042 0.832198 6.99986
3.24722 -1.54092 0.831621 7.09986
3.34916 -1.53337 0.831098 7.19986
3.45075 -1.52715 0.830618 7.29986
3.55204 -1.52176 0.830174 7.39986
3.65309 -1.51681 0.829761 7.49986
3.75394 -1.51203 0.829373 7.59986
3.85462 -1.50722 0.829007 7.69986
3.95514 -1.50223 0.82866 7.79986
4.05554 -1.49696 0.828328 7.89986
4.15583 -1.49133 0.82801 7.99986
4.25602 -1.48532 0.827704 8.09986
4.35612 -1.47889 0.827408 8.19986
4.45613 -1.47204 0.82712 8.29986
4.55608 -1.46476 0.82684 8.39986
4.65596 -1.45707 0.826566 8.49986
4.75578 -1.44899 0.826298 8.59986
4.85554 -1.44052 0.826035 8.69986
4.95525 -1.43168 0.825776 8.79986
5.05492 -1.42251 0.825521 8.89986
5.15454 -1.41301 0.825269 8.99986
5.25411 -1.40321 0.825021 9.09986
5.35365 -1.39313 0.824774 9.19986
5.45316 -1.38278 0.82453 9.29986
5.55263 -1.37219 0.824287 9.39986
5.65207 -1.36138 0.824047 9.49986
5.75148 -1.35035 0.823807 9.59986
5.85087 -1.33913 0.823569 9.69986
5.95024 -1.32773 0.823332 9.79986
6.04958 -1.31617 0.823096 9.89986
6.1489 -1.30445 0.822861 9.99986
6.24821 -1.29259 0.822626 10.0999
6.34749 -1.2806 0.822393 10.1999
6.44676 -1.26849 0.822159 10.2999
6.54602 -1.25627 0.821926 10.3999
6.64526 -1.24395 0.821694 10.4999
6.74449 -1.23153 0.821462 10.5999
6.84371 -1.21903 0.82123 10.6999
6.94292 -1.20644 0.820999 10.7999
7.04212 -1.19378 0.820767 10.8999
7.1413 -1.18106 0.820536 10.9999
7.24048 -1.16827 0.820305 11.0999
7.33966 -1.15542 0.820075 11.1999
7.43882 -1.14252 0.819844 11.2999
7.53798 -1.12957 0.819614 11.3999
7.63713 -1.11657 0.819383 11.4999
7.73628 -1.10354 0.819153 11.5999
7.83542 -1.09046 0.818923 11.6999
7.93456 -1.07735 0.818693 11.7999
8.03369 -1.06421 0.818463 11.8999
8.13282 -1.05103 0.818233 11.9999
8.23195 -1.03783 0.818003 12.0999
8.33107 -1.02461 0.817773 12.1999
8.43019 -1.01136 0.817543 12.2999
8.5293 -0.998088 0.817313 12.3999
8.62842 -0.984797 0.817083 12.4999
8.72753 -0.971488 0.816853 12.5999
8.82663 -0.958162 0.816624 12.6999
8.92574 -0.94482 0.816394 12.7999
9.02484 -0.931464 0.816164 12.8999
9.12395 -0.918095 0.815934 12.9999
9.22305 -0.904714 0.815705 13.0999
9.32215 -0.891322 0.815475 13.1999
9.42124 -0.877919 0.815245 13.2999
9.52034 -0.864507 0.815015 13.3999
9.61944 -0.851086 0.814786 13.4999
9.71853 -0.837657 0.814556 13.5999
9.81762 -0.824221 0.814326 13.6999
9.91672 -0.810778 0.814097 13.7999
10.0158 -0.797328 0.813867 13.8999
10.1149 -0.783873 0.813637 13.9999
10.214 -0.770412 0.813408 14.0999
10.3131 -0.756947 0.813178 14.1999
10.4122 -0.743477 0.812948 14.2999
10.5113 -0.730002 0.812719 14.3999
10.6103 -0.716524 0.812489 14.4999
10.7094 -0.703043 0.812259 14.5999
10.8085 -0.689558 0.81203 14.6999
10.9076 -0.67607 0.8118 14.7999
11.0067 -0.662579 0.81157 14.8999
11.1058 -0.649086 0.811341 14.9999
11.2049 -0.63559 0.811111 15.0999
11.3039 -0.622093 0.810881 15.1999
11.403 -0.608593 0.810652 15.2999
11.5021 -0.595091 0.810422 15.3999
11.6012 -0.581588 0.810192 15.4999
11.7003 -0.568083 0.809963 15.5999
11.7994 -0.554577 0.809733 15.6999
11.8984 -0.541069 0.809503 15.7999
11.9975 -0.527561 0.809274 15.8999
12.0966 -0.514051 0.809044 15.9999
12.1957 -0.50054 0.808814 16.0999
12.2948 -0.487028 0.808585 16.1999
12.3939 -0.473515 0.808355 16.2999
12.4929 -0.460002 0.808125 16.3999
12.592 -0.446487 0.807896 16.4999
12.6911 -0.432972 0.807666 16.5999
12.7902 -0.419457 0.807436 16.6999
12.8893 -0.40594 0.807207 16.7999
12.9884 -0.392424 0.806977 16.8999
13.0874 -0.378906 0.806747 16.9999
13.1865 -0.365389 0.806518 17.0999
13.2856 -0.351871 0.806288 17.1999
13.3847 -0.338352 0.806058 17.2999
13.4838 -0.324833 0.805829 17.3999
13.5828 -0.311314 0.805599 17.4999
13.6819 -0.297795 0.805369 17.5999
13.781 -0.284275 0.80514 17.6999
13.8801 -0.270755 0.80491 17.7999
13.9792 -0.257235 0.80468 17.8999
14.0783 -0.243714 0.804451 17.9999
14.1773 -0.230194 0.804221 18.0999
14.2764 -0.216673 0.803991 18.1999
14.3755 -0.203152 0.803762 18.2999
14.4746 -0.189631 0.803532 18.3999
14.5737 -0.176109 0.803302 18.4999
14.6727 -0.162588 0.803073 18.5999
14.7718 -0.149066 0.802843 18.6999
14.8709 -0.135545 0.802613 18.7999
14.97 -0.122023 0.802384 18.8999
15.0691 -0.108501 0.802154 18.9999
15.1682 -0.0949789 0.801924 19.0999
15.2672 -0.0814568 0.801695 19.1999
15.3663 -0.0679347 0.801465 19.2999
15.4654 -0.0544125 0.801235 19.3999
15.5645 -0.0408903 0.801006 19.4999
15.6636 -0.027368 0.800776 19.5999
15.7766 0.00571012 0.799677 19.6999
15.8887 0.0288873 0.798901 19.7999
