-0.130115 -0.560961 1.213 0.999996
-0.11804 -0.559761 1.21233 1.1
-0.0998636 -0.558639 1.21178 1.2
-0.0765813 -0.557262 1.21131 1.3
-0.0490374 -0.555269 1.21089 1.4
-0.0179595 -0.552313 1.2105 1.5
0.0160181 -0.548077 1.21014 1.6
0.0523362 -0.542289 1.20979 1.7
0.0904977 -0.534725 1.20944 1.8
0.130058 -0.52521 1.2091 1.9
0.170619 -0.513611 1.20876 2
0.21182 -0.499835 1.20841 2.1
0.253338 -0.483827 1.20806 2.2
0.29488 -0.465557 1.2077 2.3
0.336182 -0.445022 1.20733 2.4
0.377003 -0.42224 1.20695 2.5
0.417126 -0.397246 1.20657 2.6
0.456352 -0.370089 1.20618 2.7
0.494502 -0.340831 1.20578 2.8
0.531411 -0.309541 1.20537 2.9
0.56693 -0.276301 1.20495 3
0.600919 -0.241195 1.20452 3.1
0.633255 -0.204317 1.20408 3.2
0.638608 -0.192203 1.20325 3.3
0.647169 -0.175162 1.20248 3.4
0.658608 -0.154075 1.20177 3.5
0.672616 -0.129669 1.20109 3.6
0.688871 -0.102526 1.20045 3.7
0.707058 -0.0731145 1.19983 3.8
0.726885 -0.0418112 1.19922 3.9
0.748093 -0.00892355 1.19862 4
0.770456 0.0252955 1.19803 4.1
0.793783 0.0606362 1.19744 4.2
0.817908 0.0969237 1.19685 4.3
0.842696 0.134011 1.19626 4.4
0.86803 0.171777 1.19567 4.5
0.893815 0.210116 1.19507 4.6
0.91997 0.248943 1.19447 4.7
0.946428 0.288183 1.19387 4.8
0.973134 0.327774 1.19325 4.9
1.00004 0.367666 1.19263 5
1.02711 0.407812 1.19201 5.1
1.05432 0.448175 1.19137 5.2
1.08162 0.488725 1.19073 5.3
1.10902 0.529434 1.19009 5.4
1.13647 0.57028 1.18944 5.5
1.16398 0.611243 1.18878 5.6
1.19153 0.652306 1.18811 5.7
1.21911 0.693457 1.18744 5.8
1.24671 0.734683 1.18677 5.9
1.27433 0.775975 1.18609 6
1.30195 0.817323 1.1854 6.1
1.32958 0.858721 1.18471 6.2
1.35721 0.900162 1.18401 6.3
1.38484 0.941641 1.18331 6.4
1.41246 0.983154 1.1826 6.5
1.44008 1.0247 1.18189 6.6
1.4677 1.06627 1.18118 6.7
1.4953 1.10786 1.18046 6.8
1.5229 1.14947 1.17974 6.9
1.55049 1.1911 1.17902 7
1.57807 1.23275 1.17829 7.1
1.60564 1.27442 1.17756 7.2
1.6332 1.3161 1.17682 7.3
1.66075 1.35779 1.17608 7.4
1.68829 1.39949 1.17534 7.5
1.71582 1.44121 1.1746 7.6
1.74334 1.48293 1.17386 7.7
1.77085 1.52466 1.17311 7.8
1.77539 1.53719 1.17255 7.9
1.78282 1.55487 1.17214 8
1.79312 1.57667 1.17183 8.1
1.80626 1.60168 1.17159 8.2
1.82221 1.62911 1.1714 8.3
1.84089 1.6583 1.17124 8.4
1.86223 1.68867 1.1711 8.5
1.88613 1.71973 1.17097 8.6
1.91247 1.75104 1.17085 8.7
1.94117 1.78222 1.17074 8.8
1.97208 1.81297 1.17062 8.9
2.00511 1.84299 1.17051 9
2.04012 1.87203 1.17039 9.1
2.077 1.89988 1.17027 9.2
2.11563 1.92635 1.17015 9.3
2.15587 1.95128 1.17003 9.4
2.1976 1.97451 1.1699 9.5
2.2407 1.99591 1.16977 9.6
2.28503 2.01538 1.16964 9.7
2.33048 2.03282 1.1695 9.8
2.37691 2.04814 1.16936 9.9
2.42419 2.06126 1.16922 10
2.47219 2.07213 1.16907 10.1
2.52078 2.08069 1.16892 10.2
2.56984 2.0869 1.16876 10.3
2.61923 2.09072 1.1686 10.4
2.66882 2.09214 1.16844 10.5
2.71849 2.09112 1.16828 10.6
2.7303 2.08937 1.16656 10.7
2.74814 2.08625 1.16463 10.8
2.77101 2.08216 1.1626 10.9
2.79813 2.07739 1.16051 11
2.82884 2.07214 1.15841 11.1
2.86256 2.06653 1.15633 11.2
2.89881 2.06065 1.15427 11.3
2.93719 2.05456 1.15225 11.4
2.97736 2.04828 1.15028 11.5
3.01902 2.04184 1.14834 11.6
3.06194 2.03528 1.14645 11.7
3.10591 2.02859 1.14459 11.8
3.15077 2.0218 1.14278 11.9
3.19636 2.01492 1.141 12
3.24258 2.00795 1.13925 12.1
3.28931 2.00092 1.13753 12.2
3.33648 1.99381 1.13585 12.3
3.38402 1.98665 1.13418 12.4
3.43186 1.97944 1.13255 12.5
3.47996 1.97218 1.13093 12.6
3.52827 1.96487 1.12934 12.7
3.57676 1.95753 1.12777 12.8
3.62541 1.95015 1.12621 12.9
3.67417 1.94274 1.12467 13
3.72305 1.9353 1.12315 13.1
3.77201 1.92784 1.12164 13.2
3.82104 1.92035 1.12014 13.3
3.87014 1.91283 1.11866 13.4
3.91928 1.9053 1.11719 13.5
3.96847 1.89775 1.11573 13.6
4.0177 1.89018 1.11428 13.7
4.06695 1.88259 1.11284 13.8
4.11623 1.87499 1.11141 13.9
4.16553 1.86738 1.10998 14
4.21484 1.85975 1.10857 14.1
4.26417 1.85211 1.10716 14.2
4.31351 1.84446 1.10576 14.3
4.36287 1.83679 1.10436 14.4
4.41222 1.82912 1.10298 14.5
4.46159 1.82144 1.10159 14.6
4.51096 1.81375 1.10022 14.7
4.56033 1.80605 1.09885 14.8
4.60971 1.79834 1.09748 14.9
4.65909 1.79062 1.09612 15
4.70848 1.7829 1.09476 15.1
4.75786 1.77517 1.09341 15.2
4.80725 1.76743 1.09206 15.3
4.85663 1.75969 1.09071 15.4
4.90602 1.75194 1.08937 15.5
4.95541 1.74419 1.08803 15.6
5.0048 1.73643 1.08669 15.7
5.05419 1.72867 1.08536 15.8
5.10357 1.7209 1.08403 15.9
5.15296 1.71312 1.0827 16
5.20235 1.70535 1.08138 16.1
5.25174 1.69757 1.08005 16.2
5.30113 1.68978 1.07873 16.3
5.35052 1.68199 1.07741 16.4
5.3999 1.6742 1.07609 16.5
5.44929 1.6664 1.07478 16.6
5.49868 1.6586 1.07347 16.7
5.54806 1.6508 1.07215 16.8
5.59745 1.643 1.07084 16.9
5.64684 1.63519 1.06954 17
5.69622 1.62738 1.06823 17.1
5.74561 1.61957 1.06692 17.2
5.79499 1.61175 1.06562 17.3
5.84438 1.60393 1.06431 17.4
5.89376 1.59611 1.06301 17.5
5.94315 1.58829 1.06171 17.6
5.99253 1.58047 1.06041 17.7
6.04191 1.57264 1.05911 17.8
6.0913 1.56481 1.05781 17.9
6.14068 1.55699 1.05651 18
6.19006 1.54915 1.05521 18.1
6.23945 1.54132 1.05392 18.2
6.28883 1.53349 1.05262 18.3
6.33821 1.52565 1.05133 18.4
6.38759 1.51782 1.05003 18.5
6.43697 1.50998 1.04874 18.6
6.48636 1.50214 1.04745 18.7
6.53574 1.4943 1.04615 18.8
6.58512 1.48646 1.04486 18.9
6.6345 1.47862 1.04357 19
6.68388 1.47077 1.04228 19.1
6.73326 1.46293 1.04099 19.2
6.78264 1.45508 1.0397 19.3
6.83202 1.44724 1.03841 19.4
6.8814 1.43939 1.03712 19.5
6.93078 1.43154 1.03583 19.6
6.98016 1.42369 1.03454 19.7
7.02954 1.41584 1.03325 19.8
7.07892 1.40799 1.03196 19.9
7.1283 1.40014 1.03067 20
7.17768 1.39229 1.02939 20.1
7.22706 1.38444 1.0281 20.2
7.27644 1.37658 1.02681 20.3
7.32582 1.36873 1.02552 20.4
7.3752 1.36088 1.02424 20.5
7.42458 1.35302 1.02295 20.6
7.47396 1.34517 1.02166 20.7
7.52334 1.33731 1.02038 20.8
7.57272 1.32946 1.01909 20.9
7.6221 1.3216 1.0178 21
7.67147 1.31375 1.01652 21.1
7.72085 1.30589 1.01523 21.2
7.77023 1.29803 1.01394 21.3
7.81961 1.29017 1.01266 21.4
7.86899 1.28232 1.01137 21.5
7.91837 1.27446 1.01009 21.6
7.96775 1.2666 1.0088 21.7
8.01713 1.25874 1.00752 21.8
8.0665 1.25088 1.00623 21.9
8.11588 1.24302 1.00495 22
8.16526 1.23516 1.00366 22.1
8.21464 1.2273 1.00238 22.2
8.26402 1.21944 1.00109 22.3
8.3134 1.21158 0.999807 22.4
8.36277 1.20372 0.998522 22.5
8.41215 1.19586 0.997238 22.6
8.46153 1.188 0.995953 22.7
8.51091 1.18014 0.994669 22.8
8.56029 1.17228 0.993384 22.9
8.60967 1.16442 0.9921 23
8.65904 1.15656 0.990815 23.1
8.70842 1.1487 0.989531 23.2
8.7578 1.14083 0.988246 23.3
8.80718 1.13297 0.986962 23.4
8.85656 1.12511 0.985678 23.5
8.90593 1.11725 0.984394 23.6
8.95531 1.10939 0.983109 23.7
9.00469 1.10152 0.981825 23.8
9.05407 1.09366 0.980541 23.9
9.10345 1.0858 0.979257 24
9.15282 1.07794 0.977973 24.1
9.2022 1.07007 0.976689 24.2
9.25158 1.06221 0.975405 24.3
9.30096 1.05435 0.974121 24.4
9.35033 1.04648 0.972837 24.5
9.39971 1.03862 0.971553 24.6
9.44909 1.03076 0.970269 24.7
9.49847 1.02289 0.968985 24.8
9.54785 1.01503 0.967701 24.9
9.59722 1.00717 0.966417 25
9.6466 0.999305 0.965133 25.1
9.69598 0.991442 0.96385 25.2
9.74536 0.983578 0.962566 25.3
9.79474 0.975715 0.961282 25.4
9.84411 0.967851 0.959998 25.5
9.89349 0.959987 0.958714 25.6
9.94287 0.952124 0.95743 25.7
9.99225 0.94426 0.956147 25.8
10.0416 0.936396 0.954863 25.9
10.091 0.928532 0.953579 26
10.1404 0.920669 0.952295 26.1
10.1898 0.912805 0.951012 26.2
10.2391 0.904941 0.949728 26.3
10.2885 0.897077 0.948444 26.4
10.3379 0.889213 0.94716 26.5
10.3873 0.881349 0.945877 26.6
10.4366 0.873485 0.944593 26.7
10.486 0.865621 0.943309 26.8
10.5354 0.857757 0.942025 26.9
10.5848 0.849893 0.940742 27
10.6342 0.842029 0.939458 27.1
10.6835 0.834164 0.938174 27.2
10.7329 0.8263 0.936891 27.3
10.7823 0.818436 0.935607 27.4
10.8317 0.810572 0.934323 27.5
10.881 0.802708 0.933039 27.6
10.9304 0.794843 0.931756 27.7
10.9798 0.786979 0.930472 27.8
11.0292 0.779115 0.929188 27.9
11.0786 0.771251 0.927905 28
11.1279 0.763386 0.926621 28.1
11.1773 0.755522 0.925337 28.2
11.2267 0.747658 0.924054 28.3
11.2761 0.739793 0.92277 28.4
11.3254 0.731929 0.921486 28.5
11.3748 0.724064 0.920203 28.6
11.4242 0.7162 0.918919 28.7
11.4736 0.708336 0.917636 28.8
11.523 0.700471 0.916352 28.9
11.5723 0.692607 0.915068 29
11.6217 0.684742 0.913785 29.1
11.6711 0.676878 0.912501 29.2
11.7205 0.669014 0.911217 29.3
11.7698 0.661149 0.909934 29.4
11.8192 0.653285 0.90865 29.5
11.8686 0.64542 0.907366 29.6
11.918 0.637556 0.906083 29.7
11.9674 0.629691 0.904799 29.8
12.0167 0.621827 0.903515 29.9
12.0661 0.613962 0.902232 30
12.1155 0.606098 0.900948 30.1
12.1649 0.598233 0.899664 30.2
12.2142 0.590369 0.898381 30.3
12.2636 0.582504 0.897097 30.4
12.313 0.57464 0.895814 30.5
12.3624 0.566775 0.89453 30.6
12.4118 0.558911 0.893246 30.7
12.4611 0.551046 0.891963 30.8
12.5105 0.543182 0.890679 30.9
12.5599 0.535317 0.889395 31
12.6093 0.527453 0.888112 31.1
12.6586 0.519588 0.886828 31.2
12.708 0.511724 0.885545 31.3
12.7574 0.503859 0.884261 31.4
12.8068 0.495995 0.882977 31.5
12.8561 0.48813 0.881694 31.6
12.9055 0.480265 0.88041 31.7
12.9549 0.472401 0.879126 31.8
13.0043 0.464536 0.877843 31.9
13.0537 0.456672 0.876559 32
13.103 0.448807 0.875276 32.1
13.1524 0.440943 0.873992 32.2
13.2018 0.433078 0.872708 32.3
13.2512 0.425213 0.871425 32.4
13.3005 0.417349 0.870141 32.5
13.3499 0.409484 0.868857 32.6
13.3993 0.40162 0.867574 32.7
13.4487 0.393755 0.86629 32.8
13.4981 0.385891 0.865007 32.9
13.5474 0.378026 0.863723 33
13.5968 0.370161 0.862439 33.1
13.6462 0.362297 0.861156 33.2
13.6956 0.354432 0.859872 33.3
13.7449 0.346568 0.858588 33.4
13.7943 0.338703 0.857305 33.5
13.8437 0.330839 0.856021 33.6
13.8931 0.322974 0.854738 33.7
13.9425 0.315109 0.853454 33.8
13.9918 0.307245 0.85217 33.9
14.0412 0.29938 0.850887 34
14.0906 0.291516 0.849603 34.1
14.14 0.283651 0.848319 34.2
14.1893 0.275786 0.847036 34.3
14.2387 0.267922 0.845752 34.4
14.2881 0.260057 0.844469 34.5
14.3375 0.252193 0.843185 34.6
14.3869 0.244328 0.841901 34.7
14.4362 0.236463 0.840618 34.8
14.4856 0.228599 0.839334 34.9
14.535 0.220734 0.83805 35
14.5844 0.21287 0.836767 35.1
14.6337 0.205005 0.835483 35.2
14.6831 0.197141 0.8342 35.3
14.7325 0.189276 0.832916 35.4
14.7819 0.181411 0.831632 35.5
14.8313 0.173547 0.830349 35.6
14.8806 0.165682 0.829065 35.7
14.93 0.157818 0.827781 35.8
14.9794 0.149953 0.826498 35.9
15.0288 0.142088 0.825214 36
15.0781 0.134224 0.823931 36.1
15.1275 0.126359 0.822647 36.2
15.1769 0.118495 0.821363 36.3
15.2263 0.11063 0.82008 36.4
15.2757 0.102765 0.818796 36.5
15.325 0.0949007 0.817512 36.6
15.3744 0.0870361 0.816229 36.7
15.4238 0.0791715 0.814945 36.8
15.4732 0.0713069 0.813662 36.9
15.5225 0.0634423 0.812378 37
15.5719 0.0555777 0.811094 37.1
15.6213 0.0477131 0.809811 37.2
15.6707 0.0398485 0.808527 37.3
15.7201 0.0319839 0.807243 37.4
15.7316 0.0294975 0.80669 37.5
15.749 0.0252807 0.806292 37.6
15.7715 0.0199919 0.806 37.7
15.7983 0.0142545 0.805781 37.8
15.8289 0.00861334 0.805612 37.9
15.8626 0.0035315 0.805476 38
