0.563236 0.136883 0.943 1.00003
0.592679 0.135927 0.943975 1.10003
0.633478 0.134218 0.94425 1.20003
0.683827 0.133088 0.944057 1.30003
0.742169 0.133757 0.943557 1.40003
0.80712 0.137229 0.942862 1.50003
0.877429 0.144277 0.942047 1.60003
0.951973 0.155459 0.941163 1.70003
1.02974 0.171148 0.940247 1.80003
1.10984 0.191571 0.939321 1.90003
1.19146 0.216842 0.9384 2.00003
1.2739 0.246994 0.937493 2.10003
1.35655 0.282001 0.936608 2.20003
1.43883 0.321796 0.935746 2.30003
1.52025 0.366284 0.934911 2.40003
1.60036 0.415345 0.934102 2.50003
1.67876 0.468847 0.93332 2.60003
1.75509 0.526641 0.932564 2.70003
1.82899 0.588567 0.931832 2.80003
1.90018 0.654455 0.931125 2.90003
1.96836 0.724123 0.93044 3.00003
2.03328 0.797382 0.929777 3.10003
2.09471 0.874031 0.929135 3.20003
2.15242 0.953865 0.928512 3.30003
2.20623 1.03667 0.927907 3.40003
2.25596 1.12222 0.92732 3.50003
2.30144 1.21029 0.926749 3.60003
2.34253 1.30064 0.926194 3.70003
2.37911 1.39305 0.925653 3.80003
2.41105 1.48726 0.925126 3.90003
2.42022 1.51393 0.926055 4.00003
2.43108 1.55221 0.926244 4.10003
2.44362 1.60008 0.925941 4.20003
2.45778 1.65594 0.925323 4.30003
2.46683 1.68237 0.926685 4.40003
2.4775 1.72039 0.927465 4.50003
2.49031 1.76792 0.927847 4.60003
2.50585 1.82317 0.927958 4.70003
2.52469 1.8846 0.927887 4.80003
2.54732 1.95085 0.927694 4.90003
2.57408 2.02073 0.92742 5.00003
2.60523 2.0932 0.927095 5.10003
2.64093 2.16733 0.926737 5.20003
2.68124 2.24231 0.926361 5.30003
2.72616 2.31742 0.925975 5.40003
2.77561 2.39205 0.925585 5.50003
2.82952 2.46562 0.925195 5.60003
2.88775 2.53766 0.924807 5.70003
2.95013 2.60772 0.924424 5.80003
3.01651 2.67541 0.924045 5.90003
3.08669 2.74039 0.923671 6.00003
3.16047 2.80234 0.923303 6.10003
3.23766 2.86098 0.92294 6.20003
3.31802 2.91605 0.922583 6.30003
3.40133 2.96735 0.92223 6.40003
3.48737 3.01465 0.921883 6.50003
3.5759 3.05779 0.92154 6.60003
3.66667 3.0966 0.921202 6.70003
3.75945 3.13094 0.920867 6.80003
3.85398 3.1607 0.920537 6.90003
3.95 3.18575 0.92021 7.00003
4.04728 3.20603 0.919887 7.10003
4.14555 3.22146 0.919567 7.20003
4.24454 3.23198 0.919251 7.30003
4.34401 3.23755 0.918937 7.40003
4.4437 3.23814 0.918626 7.50003
4.54334 3.23376 0.918317 7.60003
4.64267 3.22439 0.918011 7.70003
4.74145 3.21005 0.917707 7.80003
4.83942 3.19078 0.917405 7.90003
4.86759 3.1841 0.917138 8.00003
4.90653 3.17323 0.915784 8.10003
4.95454 3.15919 0.913758 8.20003
5.01024 3.14276 0.911349 8.30003
5.07241 3.12447 0.908755 8.40003
5.14006 3.1047 0.906109 8.50003
5.2123 3.08372 0.903499 8.60003
5.2884 3.06173 0.90098 8.70003
5.36773 3.03889 0.898583 8.80003
5.44977 3.01532 0.896323 8.90003
5.53409 2.99112 0.894205 9.00003
5.6203 2.96638 0.892228 9.10003
5.70811 2.94117 0.890384 9.20003
5.79724 2.91555 0.888665 9.30003
5.88749 2.88959 0.88706 9.40003
5.97868 2.86332 0.885558 9.50003
6.07064 2.83679 0.884149 9.60003
6.16326 2.81003 0.882822 9.70003
6.25642 2.78307 0.881568 9.80003
6.35003 2.75595 0.880378 9.90003
6.44403 2.72868 0.879245 10
6.53835 2.70128 0.87816 10.1
6.63294 2.67377 0.877118 10.2
6.72774 2.64616 0.876113 10.3
6.82274 2.61847 0.87514 10.4
6.91789 2.59072 0.874194 10.5
7.01317 2.56289 0.873273 10.6
7.10855 2.53502 0.872372 10.7
7.20403 2.50709 0.871489 10.8
7.29959 2.47913 0.870622 10.9
7.3952 2.45112 0.869768 11
7.49087 2.42309 0.868925 11.1
7.58658 2.39503 0.868092 11.2
7.68233 2.36694 0.867267 11.3
7.77811 2.33883 0.866449 11.4
7.87391 2.3107 0.865638 11.5
7.96974 2.28256 0.864832 11.6
8.06558 2.2544 0.864031 11.7
8.16143 2.22623 0.863233 11.8
8.2573 2.19804 0.862439 11.9
8.35318 2.16984 0.861648 12
8.44906 2.14164 0.860859 12.1
8.54495 2.11343 0.860073 12.2
8.64085 2.0852 0.859288 12.3
8.73675 2.05697 0.858505 12.4
8.83265 2.02874 0.857723 12.5
8.92856 2.0005 0.856943 12.6
9.02447 1.97225 0.856163 12.7
9.12038 1.944 0.855384 12.8
9.21629 1.91575 0.854606 12.9
9.3122 1.88749 0.853829 13
9.40811 1.85923 0.853052 13.1
9.50403 1.83096 0.852276 13.2
9.59994 1.8027 0.8515 13.3
9.69586 1.77443 0.850724 13.4
9.79177 1.74615 0.849949 13.5
9.88769 1.71788 0.849174 13.6
9.9836 1.6896 0.848399 13.7
10.0795 1.66132 0.847624 13.8
10.1754 1.63304 0.84685 13.9
10.2714 1.60476 0.846076 14
10.3673 1.57648 0.845301 14.1
10.4632 1.54819 0.844527 14.2
10.5591 1.51991 0.843753 14.3
10.655 1.49162 0.842979 14.4
10.7509 1.46334 0.842205 14.5
10.8468 1.43505 0.841432 14.6
10.9428 1.40676 0.840658 14.7
11.0387 1.37847 0.839884 14.8
11.1346 1.35018 0.83911 14.9
11.2305 1.32189 0.838337 15
11.3264 1.29359 0.837563 15.1
11.4223 1.2653 0.83679 15.2
11.5182 1.23701 0.836016 15.3
11.6142 1.20872 0.835242 15.4
11.7101 1.18042 0.834469 15.5
11.806 1.15213 0.833695 15.6
11.9019 1.12383 0.832922 15.7
11.9978 1.09554 0.832148 15.8
12.0937 1.06724 0.831375 15.9
12.1896 1.03895 0.830601 16
12.2855 1.01065 0.829828 16.1
12.3815 0.982359 0.829054 16.2
12.4774 0.954063 0.828281 16.3
12.5733 0.925767 0.827507 16.4
12.6692 0.89747 0.826734 16.5
12.7651 0.869174 0.825961 16.6
12.861 0.840877 0.825187 16.7
12.9569 0.81258 0.824414 16.8
13.0529 0.784284 0.82364 16.9
13.1488 0.755987 0.822867 17
13.2447 0.727689 0.822093 17.1
13.3406 0.699392 0.82132 17.2
13.4365 0.671095 0.820546 17.3
13.5324 0.642798 0.819773 17.4
13.6283 0.6145 0.818999 17.5
13.7242 0.586203 0.818226 17.6
13.8202 0.557905 0.817453 17.7
13.9161 0.529607 0.816679 17.8
14.012 0.50131 0.815906 17.9
14.1079 0.473012 0.815132 18
14.2038 0.444714 0.814359 18.1
14.2997 0.416416 0.813585 18.2
14.3956 0.388118 0.812812 18.3
14.4915 0.35982 0.812038 18.4
14.5875 0.331522 0.811265 18.5
14.6834 0.303224 0.810491 18.6
14.7793 0.274926 0.809718 18.7
14.8752 0.246628 0.808945 18.8
14.9711 0.21833 0.808171 18.9
15.067 0.190032 0.807398 19
15.1629 0.161734 0.806624 19.1
15.2588 0.133436 0.805851 19.2
15.3548 0.105137 0.805077 19.3
15.3829 0.0992273 0.806548 19.4
15.4219 0.0892765 0.807471 19.5
15.47 0.0766309 0.80802 19.6
15.5262 0.0625845 0.808312 19.7
15.5893 0.0483156 0.80843 19.8
15.6583 0.0348566 0.808431 19.9
15.7325 0.0230855 0.808354 20
15.8111 0.01373 0.808227 20.1
15.8933 0.00737952 0.808069 20.2
