12.9187 0.93185 0.799 17.3583
12.9971 0.895959 0.797381 17.4583
13.0769 0.857621 0.796591 17.5583
13.1591 0.819956 0.796358 17.6583
13.2441 0.784761 0.796495 17.7583
13.3317 0.753056 0.796872 17.8583
13.4219 0.725411 0.797399 17.9583
13.5142 0.702138 0.798015 18.0583
13.6084 0.683407 0.798678 18.1583
13.704 0.669318 0.799359 18.2583
13.7886 0.651274 0.797766 18.3583
13.8752 0.63241 0.79701 18.4583
13.963 0.610233 0.796817 18.5583
14.0432 0.57728 0.795362 18.6583
14.1247 0.542141 0.794793 18.7583
14.208 0.50662 0.7948 18.8583
14.2931 0.471438 0.795161 18.9583
14.3797 0.43681 0.795718 19.0583
14.4677 0.402727 0.796364 19.1583
14.5568 0.369092 0.797026 19.2583
14.6469 0.335787 0.797654 19.3583
14.7377 0.302699 0.798218 19.4583
14.8291 0.269734 0.798701 19.5583
14.921 0.236819 0.799093 19.6583
15.0133 0.203896 0.799391 19.7583
15.106 0.170925 0.799596 19.8583
15.1989 0.137878 0.799713 19.9583
15.281 0.110198 0.797834 20.0583
15.3657 0.0833396 0.796702 20.1583
15.4529 0.0588533 0.796081 20.2583
15.5426 0.0376563 0.795805 20.3583
15.6343 0.0202887 0.795761 20.4583
15.7279 0.00707049 0.79587 20.5583
15.8228 -0.00180404 0.796077 20.6583
15.9187 -0.00621079 0.796345 20.7583
