-0.156439 -0.178084 0.996 0.999989
-0.133143 -0.177351 0.989094 1.09999
-0.105562 -0.17781 0.978398 1.19999
-0.0744062 -0.179092 0.965391 1.29999
-0.0402505 -0.180953 0.951082 1.39999
-0.00357563 -0.183233 0.93616 1.49999
0.0352155 -0.185819 0.921087 1.59999
0.0757845 -0.188633 0.906171 1.69999
0.117847 -0.191613 0.891613 1.79999
0.161164 -0.194715 0.877538 1.89999
0.205535 -0.197901 0.864023 1.99999
0.250792 -0.201143 0.851107 2.09999
0.296793 -0.20442 0.838809 2.19999
0.343419 -0.207713 0.827128 2.29999
0.39057 -0.211009 0.816056 2.39999
0.438162 -0.214297 0.805577 2.49999
0.486126 -0.217568 0.79567 2.59999
0.534402 -0.220817 0.786312 2.69999
0.58294 -0.224038 0.777481 2.79999
0.631699 -0.227229 0.76915 2.89999
0.680643 -0.230386 0.761297 2.99999
0.729743 -0.23351 0.753896 3.09999
0.778975 -0.236598 0.746926 3.19999
0.828317 -0.23965 0.740362 3.29999
0.877752 -0.242667 0.734185 3.39999
0.927265 -0.245648 0.728374 3.49999
0.976845 -0.248595 0.722908 3.59999
1.02648 -0.251507 0.717769 3.69999
1.07616 -0.254387 0.712941 3.79999
1.12588 -0.257234 0.708405 3.89999
1.17564 -0.26005 0.704146 3.99999
1.22542 -0.262836 0.70015 4.09999
1.27523 -0.265593 0.696401 4.19999
1.32506 -0.268323 0.692886 4.29999
1.3749 -0.271025 0.689593 4.39999
1.42476 -0.273702 0.68651 4.49999
1.47463 -0.276354 0.683624 4.59999
1.52452 -0.278982 0.680926 4.69999
1.57441 -0.281588 0.678404 4.79999
1.62431 -0.284172 0.67605 4.89999
1.67421 -0.286735 0.673854 4.99999
1.72412 -0.289279 0.671807 5.09999
1.77404 -0.291803 0.669902 5.19999
1.82396 -0.29431 0.66813 5.29999
1.87388 -0.296799 0.666485 5.39999
1.92381 -0.299271 0.664958 5.49999
1.97374 -0.301728 0.663545 5.59999
2.02367 -0.30417 0.662238 5.69999
2.07361 -0.306597 0.661032 5.79999
2.12354 -0.309011 0.659921 5.89999
2.17348 -0.311412 0.6589 5.99999
2.22342 -0.3138 0.657965 6.09999
2.27336 -0.316176 0.657109 6.19999
2.3233 -0.31854 0.65633 6.29999
2.37324 -0.320894 0.655623 6.39999
2.42319 -0.323238 0.654983 6.49999
2.47313 -0.325571 0.654408 6.59999
2.52307 -0.327895 0.653893 6.69999
2.57302 -0.33021 0.653436 6.79999
2.62296 -0.332517 0.653032 6.89999
2.67291 -0.334815 0.65268 6.99999
2.72286 -0.337106 0.652377 7.09999
2.77281 -0.339389 0.652119 7.19999
2.82275 -0.341665 0.651904 7.29999
2.8727 -0.343934 0.65173 7.39999
2.92265 -0.346196 0.651595 7.49999
2.9726 -0.348453 0.651497 7.59999
3.02255 -0.350703 0.651432 7.69999
3.0725 -0.352948 0.651401 7.79999
3.12245 -0.355188 0.6514 7.89999
3.1724 -0.357422 0.651428 7.99999
3.22235 -0.359652 0.651484 8.09999
3.2723 -0.361877 0.651566 8.19999
3.32225 -0.364097 0.651673 8.29999
3.3722 -0.366313 0.651802 8.39999
3.42215 -0.368525 0.651954 8.49999
3.4721 -0.370734 0.652126 8.59999
3.52205 -0.372938 0.652318 8.69999
3.572 -0.375139 0.652529 8.79999
3.62195 -0.377337 0.652757 8.89999
3.67191 -0.379532 0.653002 8.99999
3.72186 -0.381723 0.653262 9.09999
3.77181 -0.383912 0.653537 9.19999
3.82176 -0.386098 0.653826 9.29999
3.87171 -0.388281 0.654128 9.39999
3.92167 -0.390462 0.654443 9.49999
3.97162 -0.39264 0.65477 9.59999
4.02157 -0.394816 0.655107 9.69999
4.07153 -0.39699 0.655455 9.79999
4.12148 -0.399162 0.655814 9.89999
4.17143 -0.401331 0.656181 9.99999
4.22138 -0.403499 0.656558 10.1
4.27134 -0.405665 0.656942 10.2
4.32129 -0.407829 0.657335 10.3
4.37124 -0.409992 0.657736 10.4
4.4212 -0.412153 0.658143 10.5
4.47115 -0.414313 0.658557 10.6
4.5211 -0.416471 0.658977 10.7
4.57106 -0.418628 0.659404 10.8
4.62101 -0.420783 0.659836 10.9
4.67096 -0.422937 0.660273 11
4.72092 -0.42509 0.660716 11.1
4.77087 -0.427242 0.661163 11.2
4.82082 -0.429393 0.661615 11.3
4.87078 -0.431543 0.662071 11.4
4.92073 -0.433692 0.662531 11.5
4.97069 -0.43584 0.662995 11.6
5.02064 -0.437987 0.663463 11.7
5.07059 -0.440133 0.663934 11.8
5.12055 -0.442278 0.664408 11.9
5.1705 -0.444423 0.664885 12
5.22046 -0.446566 0.665365 12.1
5.27041 -0.44871 0.665848 12.2
5.32036 -0.450852 0.666333 12.3
5.37032 -0.452994 0.666821 12.4
5.42027 -0.455135 0.667311 12.5
5.47023 -0.457276 0.667803 12.6
5.52018 -0.459416 0.668297 12.7
5.57013 -0.461555 0.668793 12.8
5.62009 -0.463694 0.669291 12.9
5.67004 -0.465833 0.669791 13
5.72 -0.467971 0.670293 13.1
5.76995 -0.470108 0.670795 13.2
5.81991 -0.472246 0.6713 13.3
5.86986 -0.474382 0.671806 13.4
5.91981 -0.476519 0.672313 13.5
5.96977 -0.478655 0.672821 13.6
6.01972 -0.480791 0.67333 13.7
6.06968 -0.482926 0.673841 13.8
6.11963 -0.485061 0.674353 13.9
6.16959 -0.487196 0.674865 14
6.21954 -0.48933 0.675379 14.1
6.2695 -0.491464 0.675893 14.2
6.31945 -0.493598 0.676408 14.3
6.3694 -0.495732 0.676924 14.4
6.41936 -0.497865 0.677441 14.5
6.46931 -0.499999 0.677958 14.6
6.51927 -0.502132 0.678477 14.7
6.56922 -0.504265 0.678995 14.8
6.61918 -0.506397 0.679515 14.9
6.66913 -0.50853 0.680034 15
6.69211 -0.503442 0.682574 15.1
6.71941 -0.498911 0.684263 15.2
6.75041 -0.495658 0.685376 15.3
6.78452 -0.494135 0.686097 15.4
6.82117 -0.494615 0.686555 15.5
6.85985 -0.497256 0.686835 15.6
6.90012 -0.502146 0.686994 15.7
6.94157 -0.509329 0.687074 15.8
6.98385 -0.518821 0.687101 15.9
7.02665 -0.530621 0.687093 16
7.0697 -0.544716 0.687063 16.1
7.11275 -0.561085 0.687018 16.2
7.15556 -0.579698 0.686966 16.3
7.19794 -0.600519 0.686909 16.4
7.23969 -0.623507 0.686851 16.5
7.28064 -0.648614 0.686792 16.6
7.32064 -0.675785 0.686735 16.7
7.35953 -0.704964 0.68668 16.8
7.39717 -0.736084 0.686627 16.9
7.43343 -0.769075 0.686577 17
7.4682 -0.803863 0.68653 17.1
7.50135 -0.840368 0.686486 17.2
7.53279 -0.878504 0.686446 17.3
7.56241 -0.918181 0.686408 17.4
7.59013 -0.959307 0.686374 17.5
7.61586 -1.00178 0.686342 17.6
7.63952 -1.04551 0.686314 17.7
7.66104 -1.09037 0.686289 17.8
7.68036 -1.13627 0.686267 17.9
7.69742 -1.18309 0.686247 18
7.70843 -1.19432 0.688796 18.1
7.71789 -1.2125 0.690498 18.2
7.72639 -1.23601 0.691628 18.3
7.73464 -1.26373 0.692372 18.4
7.74324 -1.29485 0.692857 18.5
7.75268 -1.32867 0.693169 18.6
7.76335 -1.36463 0.693369 18.7
7.77558 -1.4022 0.693496 18.8
7.78959 -1.44095 0.693577 18.9
7.80555 -1.48046 0.693633 19
7.82359 -1.52038 0.693674 19.1
7.84379 -1.56037 0.693711 19.2
7.86617 -1.60014 0.693749 19.3
7.89075 -1.63943 0.693792 19.4
7.91749 -1.67799 0.693842 19.5
7.94636 -1.71561 0.693902 19.6
7.9773 -1.7521 0.693972 19.7
8.01024 -1.78727 0.694053 19.8
8.04509 -1.82097 0.694146 19.9
8.08175 -1.85306 0.69425 20
8.12013 -1.8834 0.694366 20.1
8.16012 -1.91189 0.694494 20.2
8.20161 -1.93842 0.694633 20.3
8.24449 -1.96288 0.694784 20.4
8.28863 -1.98521 0.694946 20.5
8.33392 -2.00533 0.695119 20.6
8.38023 -2.02316 0.695303 20.7
8.42744 -2.03866 0.695497 20.8
8.47541 -2.05177 0.695702 20.9
8.52403 -2.06246 0.695917 21
8.57316 -2.07069 0.696141 21.1
8.62267 -2.07643 0.696376 21.2
8.67244 -2.07968 0.696619 21.3
8.72232 -2.0804 0.696872 21.4
8.7722 -2.07861 0.697134 21.5
8.82194 -2.0743 0.697404 21.6
8.8714 -2.06749 0.697683 21.7
8.89334 -2.05875 0.700858 21.8
8.91914 -2.04832 0.703353 21.9
8.94836 -2.037 0.705364 22
8.98057 -2.02523 0.70703 22.1
9.01536 -2.01322 0.708447 22.2
9.05232 -2.00109 0.709685 22.3
9.09112 -1.98887 0.710792 22.4
9.13146 -1.97658 0.711802 22.5
9.1731 -1.96423 0.712741 22.6
9.21581 -1.95182 0.713625 22.7
9.25943 -1.93934 0.714467 22.8
9.3038 -1.9268 0.715276 22.9
9.3488 -1.91418 0.71606 23
9.39433 -1.90148 0.716823 23.1
9.44029 -1.88872 0.717568 23.2
9.48661 -1.87588 0.718299 23.3
9.53324 -1.86296 0.719018 23.4
9.58012 -1.84999 0.719727 23.5
9.6272 -1.83694 0.720426 23.6
9.67446 -1.82383 0.721117 23.7
9.72186 -1.81066 0.721801 23.8
9.76938 -1.79743 0.722478 23.9
9.817 -1.78414 0.723149 24
9.86469 -1.77081 0.723815 24.1
9.91246 -1.75742 0.724475 24.2
9.96027 -1.74398 0.725131 24.3
10.0081 -1.7305 0.725783 24.4
10.056 -1.71698 0.726431 24.5
10.1039 -1.70342 0.727075 24.6
10.1519 -1.68982 0.727716 24.7
10.1998 -1.67618 0.728354 24.8
10.2478 -1.66251 0.728988 24.9
10.2958 -1.64881 0.72962 25
10.3438 -1.63508 0.730249 25.1
10.3918 -1.62132 0.730876 25.2
10.4398 -1.60753 0.7315 25.3
10.4878 -1.59371 0.732122 25.4
10.5358 -1.57987 0.732742 25.5
10.5838 -1.56601 0.73336 25.6
10.6318 -1.55213 0.733977 25.7
10.6798 -1.53822 0.734591 25.8
10.7278 -1.52429 0.735204 25.9
10.7758 -1.51035 0.735816 26
10.8238 -1.49639 0.736426 26.1
10.8718 -1.48241 0.737034 26.2
10.9198 -1.46841 0.737642 26.3
10.9678 -1.4544 0.738248 26.4
11.0158 -1.44037 0.738853 26.5
11.0637 -1.42633 0.739457 26.6
11.1117 -1.41227 0.74006 26.7
11.1597 -1.39821 0.740662 26.8
11.2077 -1.38413 0.741263 26.9
11.2556 -1.37004 0.741863 27
11.3036 -1.35593 0.742463 27.1
11.3516 -1.34182 0.743061 27.2
11.3995 -1.3277 0.743659 27.3
11.4475 -1.31357 0.744257 27.4
11.4955 -1.29943 0.744853 27.5
11.5434 -1.28528 0.745449 27.6
11.5914 -1.27112 0.746045 27.7
11.6393 -1.25695 0.74664 27.8
11.6873 -1.24278 0.747234 27.9
11.7352 -1.2286 0.747828 28
11.7832 -1.21441 0.748422 28.1
11.8311 -1.20021 0.749015 28.2
11.879 -1.18601 0.749607 28.3
11.927 -1.17181 0.7502 28.4
11.9749 -1.15759 0.750792 28.5
12.0228 -1.14338 0.751383 28.6
12.0708 -1.12915 0.751974 28.7
12.1187 -1.11493 0.752565 28.8
12.1666 -1.10069 0.753156 28.9
12.2146 -1.08646 0.753746 29
12.2625 -1.07222 0.754336 29.1
12.3104 -1.05797 0.754926 29.2
12.3584 -1.04372 0.755516 29.3
12.4063 -1.02947 0.756105 29.4
12.4542 -1.01521 0.756694 29.5
12.5021 -1.00096 0.757283 29.6
12.5501 -0.986692 0.757872 29.7
12.598 -0.972427 0.758461 29.8
12.6459 -0.958158 0.759049 29.9
12.6938 -0.943887 0.759638 30
12.7417 -0.929613 0.760226 30.1
12.7897 -0.915336 0.760814 30.2
12.8376 -0.901057 0.761402 30.3
12.8855 -0.886776 0.76199 30.4
12.9334 -0.872492 0.762577 30.5
12.9813 -0.858206 0.763165 30.6
13.0292 -0.843919 0.763752 30.7
13.0772 -0.829629 0.76434 30.8
13.1251 -0.815338 0.764927 30.9
13.173 -0.801045 0.765514 31
13.2209 -0.78675 0.766101 31.1
13.2688 -0.772454 0.766688 31.2
13.3167 -0.758156 0.767275 31.3
13.3646 -0.743857 0.767862 31.4
13.4125 -0.729556 0.768449 31.5
13.4605 -0.715254 0.769035 31.6
13.5084 -0.700951 0.769622 31.7
13.5563 -0.686647 0.770209 31.8
13.6042 -0.672341 0.770795 31.9
13.6521 -0.658035 0.771382 32
13.7 -0.643727 0.771968 32.1
13.7479 -0.629419 0.772554 32.2
13.7958 -0.615109 0.773141 32.3
13.8437 -0.600799 0.773727 32.4
13.8916 -0.586487 0.774313 32.5
13.9395 -0.572175 0.7749 32.6
13.9874 -0.557862 0.775486 32.7
14.0354 -0.543549 0.776072 32.8
14.0833 -0.529234 0.776658 32.9
14.1312 -0.514919 0.777244 33
14.1791 -0.500604 0.777831 33.1
14.227 -0.486288 0.778417 33.2
14.2749 -0.471971 0.779003 33.3
14.3228 -0.457653 0.779589 33.4
14.3707 -0.443335 0.780175 33.5
14.4186 -0.429017 0.780761 33.6
14.4665 -0.414698 0.781347 33.7
14.5144 -0.400379 0.781933 33.8
14.5623 -0.386059 0.782519 33.9
14.6102 -0.371739 0.783104 34
14.6581 -0.357418 0.78369 34.1
14.706 -0.343097 0.784276 34.2
14.7539 -0.328776 0.784862 34.3
14.8019 -0.314454 0.785448 34.4
14.8498 -0.300132 0.786034 34.5
14.8977 -0.285809 0.78662 34.6
14.9456 -0.271487 0.787205 34.7
14.9935 -0.257164 0.787791 34.8
15.0414 -0.242841 0.788377 34.9
15.0893 -0.228517 0.788963 35
15.1372 -0.214193 0.789549 35.1
15.1851 -0.199869 0.790134 35.2
15.233 -0.185545 0.79072 35.3
15.2809 -0.171221 0.791306 35.4
15.3288 -0.156896 0.791892 35.5
15.3767 -0.142571 0.792477 35.6
15.4246 -0.128246 0.793063 35.7
15.4725 -0.113921 0.793649 35.8
15.5204 -0.0995955 0.794235 35.9
15.5683 -0.0852699 0.79482 36
15.6162 -0.0709442 0.795406 36.1
15.6382 -0.0625522 0.798154 36.2
15.6643 -0.052708 0.800121 36.3
15.6939 -0.0423188 0.801557 36.4
15.7267 -0.0320649 0.802633 36.5
15.7623 -0.0224632 0.803465 36.6
15.8004 -0.0139124 0.804131 36.7
15.8405 -0.00672442 0.804687 36.8
15.8824 -0.00114483 0.805169 36.9
