1.38866e+09 -0.818598 0.942408 1.144 12.568 -0.148769 0.17127  0.207907 0.0398645 7
1.38866e+09 -0.824381 0.956514 1.136 12.546 -0.0578365 0.141065  -0.080001 -0.00383983 7
1.38866e+09 -0.827831 0.966449 1.097 12.408 -0.0344971 0.0993482  -0.389977 -0.0240841 7
1.38866e+09 -0.831659 0.975077 1.079 12.439 -0.038291 0.0862886  -0.180038 0.00541169 7
1.38866e+09 -0.832386 0.977965 1.033 12.403 0 0.0288775  -0.459959 -0.00628267 7
1.38866e+09 -0.835812 0.981517 1.019 12.355 -0.0342643 0.035532  -0.140017 -0.00837865 7
1.38866e+09 -0.83929 0.983961 1.016 12.343 -0.0347807 0.0244348  -0.0300015 -0.00209435 7
1.38866e+09 -0.851394 0.98345 0.987 12.313 -0.0605173 0  -0.144998 -0.00261801 7
1.38866e+09 -0.854434 0.972186 0.956 12.545 -0.0303972 -0.11263  -0.309978 0.0404888 7
1.38866e+09 -0.854616 0.959677 0.96 12.74 0 -0.125084  0.0400007 0.0340345 7
1.38866e+09 -0.857107 0.948524 0.962 12.85 -0.0249143 -0.111531  0.0199994 0.0191982 7
1.38866e+09 -0.854958 0.939524 0.971 13.215 0.0214858 -0.0899767  0.0899817 0.0636915 7
1.38866e+09 -0.854448 0.930422 0.976 13.429 0 -0.0910614  0.0500178 0.0373633 7
1.38866e+09 -0.855515 0.924228 0.979 13.553 -0.0106711 -0.0619286  0.0299975 0.0216404 7
1.38866e+09 -0.856144 0.918731 0.979 13.547 0 -0.0549526  0 -0.001047 7
1.38866e+09 -0.855638 0.915441 0.977 13.714 0 -0.0329071  -0.0199991 0.0291457 7
1.38866e+09 -0.855914 0.911718 0.973 13.741 0 -0.0372313  -0.0400043 0.00471297 7
1.38866e+09 -0.852549 0.910372 0.969 13.835 0.0336494 -0.0134539  -0.0399974 0.016405 4
0.0999789 -1.04149 0.676207 0.968 0.00199986 0.020103 -0.0194322  0 -1.20716 4
0.199996 -1.04212 0.676687 0.969 -0.0489998 0 0  0 -0.00889958 4
0.399975 -1.03228 0.688723 0.963 -0.79 0.0491672 0.0601878  -0.0300032 -0.0646714 4
0.499989 -1.02809 0.694416 0.962 -0.842 0.0419123 0.0569239  0 -0.0090744 4
0.599965 -1.02668 0.700971 0.957 -1.129 0.0141415 0.0655642  -0.0500124 -0.0501033 4
0.699973 -1.02482 0.706883 0.957 -1.148 0.0185731 0.0591152  0 -0.00331584 4
0.799994 -1.01993 0.709508 0.949 -1.333 0.0489024 0.0262442  -0.0799832 -0.0322819 4
0.899997 -1.01545 0.709664 0.948 -1.509 0.0448332 0  0 -0.0307171 4
0.999985 -1.00954 0.707377 0.941 -1.502 0.059055 -0.022869  -0.0700079 0.00122186 4
1.09999 -1.00508 0.705335 0.939 -1.487 0.0446086 -0.0204184  -0.019999 0.00261776 4
1.19999 -1.00061 0.702596 0.937 -1.474 0.04469 -0.0273949  -0.0199998 0.002269 4
1.29998 -0.991984 0.698835 0.937 -1.401 0.0862838 -0.0376079  0 0.0127418 4
2.00001 -0.943658 0.690483 0.965 -0.9 0.0690353 -0.0119308  0.0399986 0.0124911 4
2.1 -0.935029 0.689828 0.975 -0.922 0.0863013 0  0.100011 -0.00384019 4
2.2 -0.926002 0.690526 0.967 -0.975 0.0902664 0  -0.0799987 -0.00925017 4
2.29999 -0.919295 0.691926 0.963 -1.018 0.0670738 0.0139983  -0.0400055 -0.00750582 4
2.4 -0.911216 0.693517 0.964 -1.054 0.0807861 0.0159151  0 -0.00628236 4
2.49997 -0.905125 0.694477 0.96 -1.107 0.0609219 0  -0.0400101 -0.00925266 4
2.60002 -0.900521 0.695419 0.962 -1.162 0.0460172 0  0.0199912 -0.00959497 4
2.69999 -0.89391 0.696579 0.96 -1.126 0.0661268 0.0116001  -0.0200046 0.00628452 4
2.79999 -0.889211 0.696778 0.963 -1.031 0.0469948 0  0.0300022 0.0165819 4
2.90004 -0.884477 0.696351 0.96 -0.979 0.0473179 0  -0.0299844 0.00907099 4
3.00001 -0.878119 0.695675 0.963 -0.958 0.063599 0  0.0300084 0.00366621 4
3.1 -0.875449 0.694967 0.961 -0.897 0.0266944 0  -0.0200014 0.0106472 4
3.2 -0.869957 0.694091 0.967 -0.82 0.0549244 0  0.0600023 0.0134397 4
3.30002 -0.864149 0.693859 0.968 -0.696 0.0580744 0  0 0.0216374 4
3.40001 -0.859675 0.694819 0.97 -0.618 0.044739 0  0.0200021 0.013615 4
3.50001 -0.855482 0.69725 0.968 -0.606 0.0419354 0.0243111  -0.0200011 0.00209453 4
3.59998 -0.849606 0.700416 0.973 -0.599 0.0587745 0.0316623  0.0500114 0.001222 4
3.79998 -0.840308 0.705735 0.967 -0.638 0.0464875 0.0265949  -0.03 -0.00340344 4
3.9 -0.835335 0.707576 0.968 -0.674 0.0497295 0.0184062  0 -0.00628222 4
3.99999 -0.833425 0.709996 0.973 -0.681 0.0191007 0.0241992  0.0500034 -0.00122181 4
4.09999 -0.831823 0.71239 0.973 -0.696 0.0160216 0.0239464  0 -0.00261815 4
4.2 -0.83121 0.716132 0.973 -0.766 0 0.0374098  0 -0.0122157 4
4.29999 -0.832008 0.718804 0.967 -0.928 0 0.0267234  -0.0600076 -0.028278 4
4.39998 -0.832916 0.721495 0.961 -1.077 0 0.0269123  -0.0600031 -0.0260066 4
4.50002 -0.835331 0.723471 0.956 -1.227 -0.0241371 0.0197591  -0.0499829 -0.0261711 4
4.59999 -0.837444 0.724168 0.952 -1.373 -0.0211365 0  -0.0400113 -0.025489 4
4.69998 -0.837807 0.724635 0.952 -1.464 0 0  0 -0.0158839 4
4.80001 -0.839673 0.724714 0.951 -1.538 -0.0186574 0  0 -0.0129111 4
4.89999 -0.840828 0.724058 0.95 -1.549 -0.0115512 0  -0.0100018 -0.00192015 4
5.09999 -0.838599 0.723934 0.95 -1.424 0.0111471 0  0 0.0109088 4
5.20001 -0.836224 0.723318 0.951 -1.25 0.0237433 0  0 0.0303623 4
5.29999 -0.834748 0.721242 0.95 -1.137 0.0147595 -0.0207698  -0.010002 0.0197262 4
5.39999 -0.833867 0.719835 0.952 -1.016 0 -0.0140664  0.0200001 0.0211186 4
5.49999 -0.83232 0.718435 0.953 -0.875 0.0154681 -0.0140037  0 0.0246086 4
5.59999 -0.831033 0.718226 0.951 -0.758 0.0128777 0  -0.0199999 0.0204202 4
5.69998 -0.828986 0.718177 0.951 -0.736 0.0204677 0  0 0.00384017 4
5.90002 -0.827218 0.72461 0.955 -0.454 0 0.0321621  0.019996 0.0246042 4
5.99997 -0.824493 0.729149 0.955 -0.411 0.0272642 0.0454097  0 0.00750866 4
6.09998 -0.822155 0.733973 0.957 -0.371 0.0233721 0.0482332  0.0199978 0.00698056 4
6.20006 -0.820898 0.737193 0.957 -0.377 0.0125606 0.0321698  0 -0.00104626 4
6.29996 -0.821271 0.740892 0.956 -0.373 0 0.0370265  -0.0100098 0.000698767 4
6.40002 -0.821273 0.744448 0.957 -0.359 0 0.0355411  0 0.00244204 4
6.49997 -0.822521 0.747671 0.957 -0.355 -0.0124836 0.032251  0 0.000698462 4
6.59998 -0.821538 0.751462 0.963 -0.378 0 0.0378991  0.0599915 -0.00401365 4
6.69997 -0.820876 0.755784 0.964 -0.378 0 0.0432264  0.0100007 0 4
6.79998 -0.820524 0.760092 0.965 -0.398 0 0.0430794  0 -0.00349041 4
6.89998 -0.821232 0.763088 0.962 -0.454 0 0.0299621  -0.029999 -0.00977363 4
6.99998 -0.821927 0.765398 0.961 -0.56 0 0.0230922  -0.0100002 -0.0185009 4
7.09999 -0.821641 0.765359 0.96 -0.611 0 0  0 -0.00890005 4
7.30048 -0.818662 0.762392 0.956 -0.567 0.0148575 -0.0147975  -0.0199512 0.00383032 3
7.40075 -0.817115 0.760552 0.954 -0.575 0.0154339 -0.0183478  -0.0199469 -0.00139246 3
8.00231 -0.780136 0.731164 0.94 -0.505 0.0614728 -0.0488531  -0.023273 0.00203094 3
8.10261 -0.773671 0.728296 0.949 -1.531 0.0644557 -0.0285976  0.0897303 -0.178534 3
8.70421 -0.294386 0.619227 0.956 -8.61 0.79668 -0.181297  0.0116356 -0.205371 3
9.00508 0.0540935 0.468089 0.942 -12.836 1.15823 -0.502332  -0.0465313 -0.245146 3
10.0074 1.40874 -0.759621 0.936 -35.763 1.35145 -1.22481  0 -0.399207 3
10.1077 1.54548 -0.898664 0.936 -39.61 1.36345 -1.38638  0 -0.669472 3
10.208 1.68351 -1.04649 0.936 -41.679 1.37616 -1.47383  0 -0.36003 3
10.3083 1.80028 -1.19871 0.936 -48.736 1.1647 -1.51822  0 -1.22846 3
10.4087 1.90545 -1.34909 0.938 -51.65 1.04803 -1.49854  0.01993 -0.506807 3
10.509 1.97882 -1.37912 0.955 -61.528 0.731188 -0.299305  0.169415 -1.7181 3
10.6093 2.04768 -1.40164 0.965 -63.821 0.686802 -0.224627  0.0997436 -0.399178 3
10.7095 2.11468 -1.42971 1.01 -70.074 0.668277 -0.279984  0.448827 -1.08851 3
10.8098 2.15778 -1.45581 1.051 -72.23 0.429485 -0.260082  0.408635 -0.37504 3
10.9101 2.17501 -1.47638 1.081 -73.485 0.171912 -0.205118  0.299168 -0.218431 3
11.0105 2.18823 -1.49772 1.088 -73.755 0.131644 -0.212665  0.0697477 -0.0469534 3
11.1108 2.17906 -1.53456 1.104 -76.47 -0.0913829 -0.36706  0.159439 -0.472196 3
11.2112 2.19132 -1.60224 1.09 -79.684 0.122232 -0.674553  -0.139524 -0.55904 3
11.3115 2.2051 -1.68396 1.072 -81.844 0.137333 -0.814431  -0.179384 -0.375701 3
11.4119 2.22759 -1.76698 1.047 -83.816 0.22416 -0.827364  -0.249155 -0.343015 3
11.5122 2.2811 -1.84693 1.004 -86.295 0.533252 -0.796738  -0.428535 -0.431192 3
11.6125 2.33036 -1.91846 0.97 -88.009 0.490909 -0.712926  -0.33886 -0.298148 3
11.7128 2.36564 -1.9985 0.934 -89.713 0.351868 -0.798201  -0.359025 -0.296598 3
11.8132 2.38757 -2.08449 0.907 -91.124 0.218502 -0.856822  -0.269036 -0.245387 3
11.9134 2.39614 -2.17669 0.885 -92.451 0.0854987 -0.919761  -0.219446 -0.231021 3
12.0137 2.39606 -2.27347 0.878 -93.17 0 -0.965104  -0.0698093 -0.125148 3
12.1144 2.38896 -2.37425 0.867 -93.776 -0.0703986 -1.00036  -0.109184 -0.104983 3
12.2148 2.30645 -2.54769 0.84 -95.177 -0.82224 -1.7283  -0.269049 -0.243659 3
12.3151 2.21675 -2.72672 0.825 -95.437 -0.893916 -1.78417  -0.14949 -0.0452232 3
12.4154 2.12565 -2.90827 0.819 -95.255 -0.908636 -1.81072  -0.0598407 0.0316805 3
12.5157 2.04177 -3.08754 0.815 -94.194 -0.836225 -1.78717  -0.0398776 0.184612 3
12.616 1.96931 -3.25998 0.812 -92.767 -0.722493 -1.71937  -0.0299127 0.248334 3
12.7 1.93143 -3.38792 0.826 -89.083 -0.451046 -1.52353  0.166707 0.765638 3
12.8 1.8972 -3.52263 0.84 -85.195 -0.342226 -1.34698  0.139997 0.678568 3
12.9 1.89863 -3.61296 0.903 -75.188 0.0142167 -0.903312  0.629989 1.74652 3
13 1.91887 -3.67436 0.967 -71.238 0.202452 -0.614051  0.640015 0.689422 8
13.1 1.95215 -3.71205 1.018 -68.921 0.332759 -0.376906  0.510009 0.4044 8
13.2 1.98815 -3.74468 1.025 -68.499 0.359929 -0.326149  0.0699797 0.073631 8
13.5 1.70351 -4.19297 1.074 -65.066 -0.948972 -1.49458  0.163361 0.199757 8
13.6 1.61674 -4.34584 1.06 -63.943 -0.867419 -1.52824  -0.139966 0.195953 8
13.7 1.54637 -4.48866 1.055 -62.84 -0.703752 -1.42817  -0.0499986 0.192505 8
14 1.53873 -4.67228 0.987 -65.466 -0.0254474 -0.612093  -0.226672 -0.152778 8
14.1 1.54644 -4.75587 0.923 -65.417 0.0771047 -0.836028  -0.640055 0.00855282 4
14.3 1.53577 -4.85648 0.83 -64.832 -0.0533671 -0.503027  -0.465009 0.0510518 4
14.4 1.53136 -4.8831 0.792 -64.648 -0.0440589 -0.266134  -0.379912 0.032107 4
14.5 1.5214 -4.89017 0.784 -64.62 -0.0996568 -0.0707606  -0.0800036 0.00488712 4
14.9 1.48113 -4.86699 0.851 -65.163 -0.100673 0.0579654  0.167501 -0.023693 4
15 1.47312 -4.85977 0.882 -65.597 -0.0800673 0.0721683  0.309914 -0.0757265 9
15.1 1.46754 -4.85343 0.84 -65.827 -0.0557867 0.0633897  -0.420077 -0.0401498 9
15.7 1.40193 -4.75206 0.51 -68.154 -0.109344 0.168953  -0.550007 -0.0676906 9
15.8 1.38694 -4.7401 0.426 -68.873 -0.149944 0.119624  -0.840172 -0.125515 9
15.9 1.37003 -4.73136 0.359 -69.402 -0.169076 0.0874231  -0.669805 -0.0923016 9
16 1.34885 -4.72686 0.278 -69.766 -0.211785 0.04496  -0.810053 -0.0635339 9
16.1 1.32589 -4.72397 0.251 -69.802 -0.229617 0.0289231  -0.270016 -0.00628344 9
16.2 1.29726 -4.72166 0.189 -69.792 -0.28629 0.0230738  -0.61993 0.00174484 9
16.4 1.3014 -4.73855 0.113 -69.621 0.0206852 -0.0844342  -0.379992 0.0149224 9
16.5 1.3014 -4.73855 0 -69.512 0 0  -1.13006 0.0190253 2
16.6 1.3014 -4.73855 0 -69.454 0 0  0 0.0101235 2
16.7 1.3014 -4.73855 0 -69.45 0 0  0 0.000697763 2
17.2 1.3014 -4.73855 0 -69.445 0 0  0 0.000174569 2
17.6 1.3014 -4.73855 0 -69.437 0 0  0 0.000349032 2
17.7 1.3014 -4.73855 0 -69.433 0 0  0 0.000698496 2
17.8 1.3014 -4.73855 0 -69.431 0 0  0 0.000348847 2
17.9 1.3014 -4.73855 0 -69.431 0 0  0 0 2
18 1.3014 -4.73855 0 -69.431 0 0  0 0 2
18.1 1.3014 -4.73855 0 -69.43 0 0  0 0.00017444 2
18.3 1.3014 -4.73855 0 -69.431 0 0  0 -8.72225e-05 2
18.4 1.3014 -4.73855 0 -69.433 0 0  0 -0.000348859 2
18.5 1.3014 -4.73855 0 -69.434 0 0  0 -0.000174412 2
18.6 1.3014 -4.73855 0 -69.436 0 0  0 -0.000349575 2
18.7 1.3014 -4.73855 0 -69.434 0 0  0 0.000349549 2
18.8 1.3014 -4.73855 0 -69.434 0 0  0 0 2
18.9 1.3014 -4.73855 0 -69.434 0 0  0 0 2
19 1.3014 -4.73855 0 -69.434 0 0  0 0 2
19.1 1.3014 -4.73855 0 -69.435 0 0  0 -0.000174439 2
19.2 1.3014 -4.73855 0 -69.436 0 0  0 -0.000175103 2
19.3 1.3014 -4.73855 0 -69.433 0 0  0 0.000524015 2
19.4 1.3014 -4.73855 0 -69.434 0 0  0 -0.000174427 2
19.5 1.3014 -4.73855 0 -69.434 0 0  0 0 2
19.6 1.3014 -4.73855 0 -69.433 0 0  0 0.000174454 2
19.7 1.3014 -4.73855 0 -69.432 0 0  0 0.000174435 2
19.9 1.3014 -4.73855 0 -69.431 0 0  0 8.72159e-05 2
20.1 1.3014 -4.73855 0 -69.439 0 0  0 -0.000698112 2
20.2 1.3014 -4.73855 0 -69.439 0 0  0 0 2
20.3 1.3014 -4.73855 0 -69.439 0 0  0 0 2
20.4 1.3014 -4.73855 0 -69.44 0 0  0 -0.000174411 2
20.5 1.3014 -4.73855 0 -69.44 0 0  0 0 2
20.6 1.3014 -4.73855 0 -69.442 0 0  0 -0.000348836 2
20.7 1.3014 -4.73855 0 -69.437 0 0  0 0.000872197 2
20.8 1.3014 -4.73855 0 -69.44 0 0  0 -0.000523308 2
20.9 1.3014 -4.73855 0 -69.444 0 0  0 -0.000698448 2
21 1.3014 -4.73855 0 -69.442 0 0  0 0.000349572 2
21.1 1.3014 -4.73855 0 -69.443 0 0  0 -0.000175064 2
21.2 1.3014 -4.73855 0 -69.442 0 0  0 0.000175127 2
21.3 1.3014 -4.73855 0 -69.443 0 0  0 -0.000175102 2
21.4 1.3014 -4.73855 0 -69.447 0 0  0 -0.000697746 2
21.5 1.3014 -4.73855 0 -69.447 0 0  0 0 2
21.6 1.3014 -4.73855 0 -69.446 0 0  0 0.000174424 2
21.7 1.3014 -4.73855 0 -69.443 0 0  0 0.000523358 2
21.8 1.3014 -4.73855 0 -69.444 0 0  0 -0.000174424 2
21.9 1.3014 -4.73855 0 -69.444 0 0  0 0 2
22 1.3014 -4.73855 0 -69.441 0 0  0 0.000524 2
22.1 1.3014 -4.73855 0 -69.442 0 0  0 -0.000174422 2
22.2 1.3014 -4.73855 0 -69.441 0 0  0 0.000174426 2
22.3 1.3014 -4.73855 0 -69.441 0 0  0 0 2
22.4 1.3014 -4.73855 0 -69.442 0 0  0 -0.000174435 2
23.1 1.3014 -4.73855 0 -69.438 0 0  0 9.96789e-05 2
23.7 1.3014 -4.73855 0 -69.431 0 0  0 0.000203622 2
23.8999 1.3014 -4.73855 0 -69.432 0 0  0 -8.72352e-05 2
24 1.3014 -4.73855 0 -69.432 0 0  0 0 2
24.1 1.3014 -4.73855 0 -69.43 0 0  0 0.000348857 2
24.2 1.3014 -4.73855 0 -69.429 0 0  0 0.000174451 2
24.3 1.3014 -4.73855 0 -69.429 0 0  0 0 2
24.4 1.3014 -4.73855 0 -69.43 0 0  0 -0.000174409 2
24.5 1.3014 -4.73855 0 -69.428 0 0  0 0.000349634 2
24.6 1.3014 -4.73855 0 -69.427 0 0  0 0.000174437 2
24.7 1.3014 -4.73855 0 -69.426 0 0  0 0.000174434 2
24.8 1.3014 -4.73855 0 -69.424 0 0  0 0.000348878 2
24.9 1.3014 -4.73855 0 -69.422 0 0  0 0.000348814 2
25 1.3014 -4.73855 0 -69.42 0 0  0 0.0003496 2
25.1 1.3014 -4.73855 0 -69.418 0 0  0 0.000348878 2
25.2 1.3014 -4.73855 0 -69.414 0 0  0 0.000698331 2
25.3 1.3014 -4.73855 0 -69.412 0 0  0 0.000348918 2
25.4 1.3014 -4.73855 0 -69.411 0 0  0 0.000174403 2
25.5 1.3014 -4.73855 0 -69.411 0 0  0 0 2
25.6 1.3014 -4.73855 0 -69.408 0 0  0 0.000523377 2
25.7 1.3014 -4.73855 0 -69.406 0 0  0 0.000349526 2
25.8 1.3014 -4.73855 0 -69.406 0 0  0 0 2
25.9 1.3014 -4.73855 0 -69.407 0 0  0 -0.000174507 2
26 1.3014 -4.73855 0 -69.411 0 0  0 -0.000698156 2
26.1 1.3014 -4.73855 0 -69.411 0 0  0 0 2
26.2 1.3014 -4.73855 0 -69.41 0 0  0 0.000174389 2
26.3 1.3014 -4.73855 0 -69.408 0 0  0 0.000348932 2
26.4 1.3014 -4.73855 0 -69.406 0 0  0 0.000349538 2
26.5 1.3014 -4.73855 0 -69.406 0 0  0 0 2
26.6 1.3014 -4.73855 0 -69.405 0 0  0 0.000174381 2
26.7 1.3014 -4.73855 0 -69.405 0 0  0 0 2
26.8 1.3014 -4.73855 0 -69.408 0 0  0 -0.000523972 2
26.9 1.3014 -4.73855 0 -69.407 0 0  0 0.000175108 2
27 1.3014 -4.73855 0 -69.406 0 0  0 0.000174496 2
27.1 1.3014 -4.73855 0 -69.41 0 0  0 -0.000698346 2
27.2 1.3014 -4.73855 0 -69.407 0 0  0 0.000523954 2
27.3 1.3014 -4.73855 0 -69.406 0 0  0 0.000174421 2
27.4 1.3014 -4.73855 0 -69.404 0 0  0 0.000348877 2
27.5 1.3014 -4.73855 0 -69.405 0 0  0 -0.000174472 2
27.6 1.3014 -4.73855 0 -69.403 0 0  0 0.000348795 2
27.7 1.3014 -4.73855 0 -69.405 0 0  0 -0.000348795 2
27.8 1.3014 -4.73855 0 -69.406 0 0  0 -0.000174467 2
27.9 1.3014 -4.73855 0 -69.408 0 0  0 -0.000349485 2
28 1.3014 -4.73855 0 -69.41 0 0  0 -0.000348977 2
28.1 1.3014 -4.73855 0 -69.406 0 0  0 0.000698424 2
28.2 1.3014 -4.73855 0 -69.404 0 0  0 0.000348892 2
28.3 1.3014 -4.73855 0 -69.407 0 0  0 -0.000523304 2
28.4 1.3014 -4.73855 0 -69.41 0 0  0 -0.000523915 2
28.5 1.3014 -4.73855 0 -69.412 0 0  0 -0.000348867 2
28.6 1.3014 -4.73855 0 -69.413 0 0  0 -0.000174464 2
28.7 1.3014 -4.73855 0 -69.412 0 0  0 0.00017442 2
29 1.3014 -4.73855 0 -69.411 0 0  0 5.81501e-05 2
30.6 1.3014 -4.73855 0 -69.408 0 0  0 3.27067e-05 2
30.7 1.3014 -4.73855 0 -69.409 0 0  0 -0.000174413 2
30.8 1.3014 -4.73855 0 -69.49 0 0  0 -0.0141393 2
30.9 1.3014 -4.73855 0 -73.774 0 0  0 -0.747639 2
31 1.3014 -4.73855 0 -105.916 0 0  0 -5.6083 2
31.1 1.3014 -4.73855 0 -114.427 0 0  0 -1.48574 2
31.2 1.3014 -4.73855 0 -85.244 0 0  0 5.09273 2
31.3 1.3014 -4.73855 0 -71.954 0 0  0 2.31966 2
31.4 1.3014 -4.73855 0 -56.981 0 0  0 2.61366 2
31.5 1.3014 -4.73855 0 -42.313 0 0  0 2.55996 2
31.6 1.3014 -4.73855 0 -30.173 0 0  0 2.1189 2
31.7 1.3014 -4.73855 0 -16.723 0 0  0 2.34754 2
31.8 1.3014 -4.73855 0 -5.181 0 0  0 2.01448 2
31.9 1.3014 -4.73855 0 4.816 0 0  0 1.74445 2
32 1.3014 -4.73855 0 13.209 0 0  0 1.46445 2
32.1 1.3014 -4.73855 0 22.252 0 0  0 1.57845 2
32.2 1.3014 -4.73855 0 32.281 0 0  0 1.75102 2
32.3 1.3014 -4.73855 0 39.862 0 0  0 1.32305 2
32.4 1.3014 -4.73855 0 44.437 0 0  0 0.798477 2
32.5 1.3014 -4.73855 0 47.497 0 0  0 0.534016 2
32.6 1.3014 -4.73855 0 50.249 0 0  0 0.48037 2
32.7 1.3014 -4.73855 0 52.017 0 0  0 0.30861 2
32.8 1.3014 -4.73855 0 50.99 0 0  0 -0.179222 2
32.9 1.3014 -4.73855 0 49.085 0 0  0 -0.33249 2
33 1.3014 -4.73855 0 48.868 0 0  0 -0.0378738 2
33.1 1.3014 -4.73855 0 49.36 0 0  0 0.0858586 2
33.4 1.3014 -4.73855 0 62.739 0 0  0 0.778414 2
33.5 1.3014 -4.73855 0 64.08 0 0  0 0.234032 2
33.6 1.3014 -4.73855 0 66.362 0 0  0 0.398172 2
33.7 1.3014 -4.73855 0 67.765 0 0  0 0.244928 2
33.8 1.3014 -4.73855 0 65.876 0 0  0 -0.329729 2
33.9 1.3014 -4.73855 0 60.76 0 0  0 -0.892856 2
34 1.3014 -4.73855 0 55.131 0 0  0 -0.982429 2
34.1 1.3014 -4.73855 0 51.173 0 0  0 -0.690791 2
34.2 1.3014 -4.73855 0 50.773 0 0  0 -0.0698125 2
34.3 1.3014 -4.73855 0 54.133 0 0  0 0.586369 2
34.4 1.3014 -4.73855 0 55.61 0 0  0 0.257818 2
34.5 1.3014 -4.73855 0 57.138 0 0  0 0.266673 2
34.6 1.3014 -4.73855 0 57.572 0 0  0 0.0757489 2
34.7 1.3014 -4.73855 0 58.842 0 0  0 0.221683 2
34.8 1.3014 -4.73855 0 58.297 0 0  0 -0.0950651 2
34.9 1.3014 -4.73855 0 53.263 0 0  0 -0.87894 2
35 1.3014 -4.73855 0 47.017 0 0  0 -1.09032 2
35.1 1.3014 -4.73855 0 42.368 0 0  0 -0.811189 2
35.2 1.3014 -4.73855 0 40.833 0 0  0 -0.268005 2
35.3 1.3014 -4.73855 0 41.913 0 0  0 0.188471 2
35.4 1.3014 -4.73855 0 42.635 0 0  0 0.126033 2
35.5 1.3014 -4.73855 0 42.892 0 0  0 0.0448395 2
35.6 1.3014 -4.73855 0 43.176 0 0  0 0.0495625 2
35.7 1.3014 -4.73855 0 44.147 0 0  0 0.169527 2
35.8 1.3014 -4.73855 0 43.005 0 0  0 -0.199314 2
35.9 1.3014 -4.73855 0 37.48 0 0  0 -0.964329 2
36 1.3014 -4.73855 0 34.481 0 0  0 -0.523386 2
36.1 1.3014 -4.73855 0 35.739 0 0  0 0.219481 2
36.2 1.3014 -4.73855 0 39.913 0 0  0 0.728741 2
36.3 1.3014 -4.73855 0 43.324 0 0  0 0.595351 2
36.4 1.3014 -4.73855 0 46.911 0 0  0 0.62603 2
36.5 1.3014 -4.73855 0 49.926 0 0  0 0.526161 2
36.6 1.3014 -4.73855 0 50.491 0 0  0 0.0986172 2
36.7 1.3014 -4.73855 0 45.724 0 0  0 -0.832052 2
36.8 1.3014 -4.73855 0 41.685 0 0  0 -0.704918 2
36.9 1.3014 -4.73855 0 38.24 0 0  0 -0.601253 2
37 1.3014 -4.73855 0 36.165 0 0  0 -0.36216 2
37.1001 1.3014 -4.73855 0 35.415 0 0  0 -0.130803 2
37.2 1.3014 -4.73855 0 33.879 0 0  0 -0.268298 2
37.3 1.3014 -4.73855 0 33.339 0 0  0 -0.0942311 2
37.4 1.3014 -4.73855 0 36.596 0 0  0 0.568514 2
37.5 1.3014 -4.73855 0 41.005 0 0  0 0.769041 2
37.6 1.3014 -4.73855 0 40.93 0 0  0 -0.0130992 2
37.7 1.3014 -4.73855 0 37.876 0 0  0 -0.532965 2
37.8 1.3014 -4.73855 0 36.692 0 0  0 -0.206638 2
37.9 1.3014 -4.73855 0 38.317 0 0  0 0.283625 2
38 1.3014 -4.73855 0 39.674 0 0  0 0.236828 2
38.1 1.3014 -4.73855 0 40.503 0 0  0 0.144704 2
38.2 1.3014 -4.73855 0 40.88 0 0  0 0.0658 2
38.3 1.3014 -4.73855 0 41.378 0 0  0 0.0869179 2
38.4 1.3014 -4.73855 0 41.615 0 0  0 0.0413626 2
38.5 1.3014 -4.73855 0 41.721 0 0  0 0.0184982 2
38.6 1.3014 -4.73855 0 41.089 0 0  0 -0.110333 2
38.7 1.3014 -4.73855 0 39.555 0 0  0 -0.267735 2
38.8 1.3014 -4.73855 0 37.078 0 0  0 -0.432253 2
38.9 1.3014 -4.73855 0 33.589 0 0  0 -0.608753 2
39 1.3014 -4.73855 0 28.62 0 0  0 -0.867608 2
39.1 1.3014 -4.73855 0 23.657 0 0  0 -0.865649 2
39.2 1.3014 -4.73855 0 19.953 0 0  0 -0.646908 2
39.3 1.3014 -4.73855 0 18.114 0 0  0 -0.32096 2
39.4 1.3014 -4.73855 0 18.753 0 0  0 0.111524 2
39.5 1.3014 -4.73855 0 18.48 0 0  0 -0.0476284 2
39.6 1.3014 -4.73855 0 18.339 0 0  0 -0.0246202 2
39.7 1.3014 -4.73855 0 17.145 0 0  0 -0.208338 2
39.8 1.3014 -4.73855 0 14.633 0 0  0 -0.438274 2
39.9 1.3014 -4.73855 0 12.96 0 0  0 -0.292179 2
40 1.3014 -4.73855 0 12.454 0 0  0 -0.0883017 2
40.1 1.3014 -4.73855 0 11.641 0 0  0 -0.141859 2
40.2 1.3014 -4.73855 0 10.841 0 0  0 -0.139614 2
40.3 1.3014 -4.73855 0 9.95 0 0  0 -0.155558 2
40.4 1.3014 -4.73855 0 10.143 0 0  0 0.0336769 2
40.5 1.3014 -4.73855 0 11.184 0 0  0 0.181734 2
40.6 1.3014 -4.73855 0 11.249 0 0  0 0.0113461 2
40.7001 1.3014 -4.73855 0 10.997 0 0  0 -0.0439464 2
40.8 1.3014 -4.73855 0 11.214 0 0  0 0.0379026 2
40.9 1.3014 -4.73855 0 11.717 0 0  0 0.0877812 2
41 1.3014 -4.73855 0 12.702 0 0  0 0.171948 2
41.1 1.3014 -4.73855 0 13.449 0 0  0 0.13032 2
41.2 1.3014 -4.73855 0 11.462 0 0  0 -0.346922 2
41.3 1.3014 -4.73855 0 9.148 0 0  0 -0.403839 2
41.4 1.3014 -4.73855 0 7.612 0 0  0 -0.26801 2
41.5 1.3014 -4.73855 0 7.505 0 0  0 -0.0186795 2
41.6 1.3014 -4.73855 0 6.917 0 0  0 -0.102627 2
41.7 1.3014 -4.73855 0 6.47 0 0  0 -0.0780191 2
41.8 1.3014 -4.73855 0 7.56 0 0  0 0.190241 2
41.9 1.3014 -4.73855 0 7.467 0 0  0 -0.0162293 2
42 1.3014 -4.73855 0 7.369 0 0  0 -0.0171076 2
42.1 1.3014 -4.73855 0 7.61 0 0  0 0.0420561 2
42.2 1.3014 -4.73855 0 8.884 0 0  0 0.222365 2
42.3 1.3014 -4.73855 0 9.101 0 0  0 0.0378787 2
42.4 1.3014 -4.73855 0 8.677 0 0  0 -0.073969 2
42.5 1.3014 -4.73855 0 8.561 0 0  0 -0.0202492 2
42.6 1.3014 -4.73855 0 8.393 0 0  0 -0.0293218 2
42.7 1.3014 -4.73855 0 8.391 0 0  0 -0.000349339 2
42.8 1.3014 -4.73855 0 8.192 0 0  0 -0.0347143 2
42.9 1.3014 -4.73855 0 8.082 0 0  0 -0.0192063 2
43 1.3014 -4.73855 0 8.13 0 0  0 0.00837778 2
43.1 1.3014 -4.73855 0 8.18 0 0  0 0.00872336 2
43.2 1.3014 -4.73855 0 8.187 0 0  0 0.00122191 2
43.3 1.3014 -4.73855 0 8.168 0 0  0 -0.00331541 2
43.4 1.3014 -4.73855 0 8.144 0 0  0 -0.00418977 2
43.5 1.3014 -4.73855 0 8.144 0 0  0 0 2
43.6 1.3014 -4.73855 0 8.153 0 0  0 0.00157097 2
43.7 1.3014 -4.73855 0 8.156 0 0  0 0.000523381 2
43.8 1.3014 -4.73855 0 8.156 0 0  0 0 2
43.9 1.3014 -4.73855 0 8.156 0 0  0 0 2
44 1.3014 -4.73855 0 8.159 0 0  0 0.000523649 2
44.1 1.3014 -4.73855 0 8.161 0 0  0 0.00034921 2
44.2 1.3014 -4.73855 0 8.164 0 0  0 0.000523635 2
44.3 1.3014 -4.73855 0 8.165 0 0  0 0.000174435 2
44.4 1.3014 -4.73855 0 8.166 0 0  0 0.000174437 2
44.5 1.3014 -4.73855 0 8.171 0 0  0 0.000872844 2
44.6 1.3014 -4.73855 0 8.173 0 0  0 0.000348878 2
44.7 1.3014 -4.73855 0 8.171 0 0  0 -0.000348881 2
44.8 1.3014 -4.73855 0 8.174 0 0  0 0.000523642 2
44.9 1.3014 -4.73855 0 8.175 0 0  0 0.000174442 2
45 1.3014 -4.73855 0 8.176 0 0  0 0.000174439 2
45.1 1.3014 -4.73855 0 8.179 0 0  0 0.000523666 2
45.2 1.3014 -4.73855 0 8.182 0 0  0 0.00052364 2
45.3 1.3014 -4.73855 0 8.186 0 0  0 0.00069808 2
45.4 1.3014 -4.73855 0 8.193 0 0  0 0.0012216 2
45.5 1.3014 -4.73855 0 8.192 0 0  0 -0.000174459 2
45.6 1.3014 -4.73855 0 8.194 0 0  0 0.000348877 2
45.7 1.3014 -4.73855 0 8.198 0 0  0 0.000698409 2
45.8 1.3014 -4.73855 0 8.201 0 0  0 0.000523256 2
45.9 1.3014 -4.73855 0 8.2 0 0  0 -0.000174401 2
46 1.3014 -4.73855 0 8.205 0 0  0 0.000873061 2
46.1 1.3014 -4.73855 0 8.206 0 0  0 0.000174432 2
46.2 1.3014 -4.73855 0 8.208 0 0  0 0.000348867 2
46.3 1.3014 -4.73855 0 8.211 0 0  0 0.000523659 2
46.4 1.3014 -4.73855 0 8.212 0 0  0 0.000174765 2
46.5 1.3014 -4.73855 0 8.216 0 0  0 0.000698141 2
46.6 1.3014 -4.73855 0 8.219 0 0  0 0.000523596 2
46.7 1.3014 -4.73855 0 8.221 0 0  0 0.000348924 2
46.8 1.3014 -4.73855 0 8.223 0 0  0 0.000349179 2
46.9 1.3014 -4.73855 0 8.224 0 0  0 0.000174446 2
47 1.3014 -4.73855 0 8.225 0 0  0 0.000174421 2
47.1 1.3014 -4.73855 0 8.228 0 0  0 0.000523645 2
47.2 1.3014 -4.73855 0 8.23 0 0  0 0.000349229 2
47.3 1.3014 -4.73855 0 8.232 0 0  0 0.000348851 2
47.4 1.3014 -4.73855 0 8.232 0 0  0 0 2
47.5 1.3014 -4.73855 0 8.235 0 0  0 0.000523527 2
47.6 1.3014 -4.73855 0 8.24 0 0  0 0.000873075 2
47.7 1.3014 -4.73855 0 8.242 0 0  0 0.000348857 2
47.8 1.3014 -4.73855 0 8.243 0 0  0 0.00017439 2
47.9 1.3014 -4.73855 0 8.247 0 0  0 0.000698602 2
48 1.3014 -4.73855 0 8.249 0 0  0 0.00034885 2
48.1 1.3014 -4.73855 0 8.251 0 0  0 0.000349156 2
48.2 1.3014 -4.73855 0 8.253 0 0  0 0.000348951 2
48.3 1.3014 -4.73855 0 8.253 0 0  0 0 2
48.4 1.3014 -4.73855 0 8.255 0 0  0 0.000349223 2
48.5 1.3014 -4.73855 0 8.257 0 0  0 0.000348832 2
48.6 1.3014 -4.73855 0 8.258 0 0  0 0.000174774 2
48.7 1.3014 -4.73855 0 8.261 0 0  0 0.000523622 2
48.8 1.3014 -4.73855 0 8.262 0 0  0 0.000174456 2
48.9 1.3014 -4.73855 0 8.263 0 0  0 0.000174318 2
49 1.3014 -4.73855 0 8.267 0 0  0 0.000698551 2
49.1 1.3014 -4.73855 0 8.268 0 0  0 0.000174756 2
49.2 1.3014 -4.73855 0 8.273 0 0  0 0.000872513 2
49.3 1.3014 -4.73855 0 8.274 0 0  0 0.000174426 2
49.4 1.3014 -4.73855 0 8.279 0 0  0 0.000872893 2
49.5 1.3014 -4.73855 0 8.281 0 0  0 0.000348813 2
49.6 1.3014 -4.73855 0 8.282 0 0  0 0.000174819 2
49.7 1.3014 -4.73855 0 8.286 0 0  0 0.00069804 2
49.8 1.3014 -4.73855 0 8.289 0 0  0 0.00052352 2
49.9 1.3014 -4.73855 0 8.292 0 0  0 0.000523617 2
50 1.3014 -4.73855 0 8.294 0 0  0 0.000348959 2
50.1 1.3014 -4.73855 0 8.298 0 0  0 0.000698094 2
50.2 1.3014 -4.73855 0 8.298 0 0  0 0 2
50.3 1.3014 -4.73855 0 8.3 0 0  0 0.000349179 2
50.4 1.3014 -4.73855 0 8.303 0 0  0 0.000523647 2
50.5 1.3014 -4.73855 0 8.301 0 0  0 -0.00034921 2
50.6 1.3014 -4.73855 0 8.298 0 0  0 -0.00052366 2
50.7 1.3014 -4.73855 0 8.302 0 0  0 0.000698092 2
50.8 1.3014 -4.73855 0 8.307 0 0  0 0.000872833 2
50.9 1.3014 -4.73855 0 8.312 0 0  0 0.000872605 2
51 1.3014 -4.73855 0 8.314 0 0  0 0.000349129 2
51.1 1.3014 -4.73855 0 8.314 0 0  0 0 2
51.2 1.3014 -4.73855 0 8.316 0 0  0 0.000348894 2
51.3 1.3014 -4.73855 0 8.322 0 0  0 0.00104707 2
51.4 1.3014 -4.73855 0 8.326 0 0  0 0.000698152 2
51.5 1.3014 -4.73855 0 8.325 0 0  0 -0.000174457 2
51.6 1.3014 -4.73855 0 8.325 0 0  0 0 2
51.7 1.3014 -4.73855 0 8.328 0 0  0 0.000523625 2
51.8 1.3014 -4.73855 0 8.33 0 0  0 0.000349211 2
51.9 1.3014 -4.73855 0 8.333 0 0  0 0.000523304 2
52 1.3014 -4.73855 0 8.335 0 0  0 0.000349228 2
52.1 1.3014 -4.73855 0 8.339 0 0  0 0.000697988 2
52.2 1.3014 -4.73855 0 8.341 0 0  0 0.000349235 2
52.3 1.3014 -4.73855 0 8.343 0 0  0 0.000348899 2
52.4 1.3014 -4.73855 0 8.344 0 0  0 0.000174761 2
52.5 1.3014 -4.73855 0 8.346 0 0  0 0.000348686 2
52.6 1.3014 -4.73855 0 8.346 0 0  0 0 2
52.7 1.3014 -4.73855 0 8.347 0 0  0 0.000174425 2
52.8 1.3014 -4.73855 0 8.348 0 0  0 0.000174788 2
52.9 1.3014 -4.73855 0 8.35 0 0  0 0.000348834 2
53 1.3014 -4.73855 0 8.352 0 0  0 0.000349246 2
53.1 1.3014 -4.73855 0 8.351 0 0  0 -0.000174377 2
53.2 1.3014 -4.73855 0 8.355 0 0  0 0.000698295 2
53.3 1.3014 -4.73855 0 8.356 0 0  0 0.000174436 2
53.4 1.3014 -4.73855 0 8.355 0 0  0 -0.00017443 2
53.5 1.3014 -4.73855 0 8.359 0 0  0 0.000698116 2
53.6 1.3014 -4.73855 0 8.364 0 0  0 0.000872529 2
53.7 1.3014 -4.73855 0 8.364 0 0  0 0 2
53.8 1.3014 -4.73855 0 8.368 0 0  0 0.000698479 2
53.9 1.3014 -4.73855 0 8.368 0 0  0 0 2
54 1.3014 -4.73855 0 8.37 0 0  0 0.000349238 2
54.1 1.3014 -4.73855 0 8.371 0 0  0 0.000174473 2
54.2 1.3014 -4.73855 0 8.372 0 0  0 0.000174748 2
54.3 1.3014 -4.73855 0 8.375 0 0  0 0.000523386 2
54.4 1.3014 -4.73855 0 8.376 0 0  0 0.000174752 2
54.5 1.3014 -4.73855 0 8.379 0 0  0 0.000523644 2
54.6 1.3014 -4.73855 0 8.379 0 0  0 0 2
54.7 1.3014 -4.73855 0 8.38 0 0  0 0.00017442 2
54.8 1.3014 -4.73855 0 8.383 0 0  0 0.00052364 2
54.9 1.3014 -4.73855 0 8.384 0 0  0 0.000174437 2
55 1.3014 -4.73855 0 8.388 0 0  0 0.000698082 2
55.1 1.3014 -4.73855 0 8.389 0 0  0 0.000174773 2
55.2 1.3014 -4.73855 0 8.394 0 0  0 0.000872499 2
55.3 1.3014 -4.73855 0 8.397 0 0  0 0.00052364 2
55.4 1.3014 -4.73855 0 8.399 0 0  0 0.0003489 2
55.5 1.3014 -4.73855 0 8.401 0 0  0 0.000349159 2
55.6 1.3014 -4.73855 0 8.404 0 0  0 0.000523671 2
55.7 1.3014 -4.73855 0 8.403 0 0  0 -0.000174434 2
55.8 1.3014 -4.73855 0 8.404 0 0  0 0.000174434 2
55.9 1.3014 -4.73855 0 8.408 0 0  0 0.000698106 2
56 1.3014 -4.73855 0 8.412 0 0  0 0.000698086 2
56.1 1.3014 -4.73855 0 8.415 0 0  0 0.000523644 2
56.2 1.3014 -4.73855 0 8.416 0 0  0 0.000174413 2
56.3 1.3014 -4.73855 0 8.418 0 0  0 0.000349246 2
56.4 1.3014 -4.73855 0 8.419 0 0  0 0.000174437 2
56.5 1.3014 -4.73855 0 8.419 0 0  0 0 2
56.6 1.3014 -4.73855 0 8.423 0 0  0 0.000698219 2
56.7 1.3014 -4.73855 0 8.426 0 0  0 0.000523667 2
56.8 1.3014 -4.73855 0 8.425 0 0  0 -0.00017445 2
56.9 1.3014 -4.73855 0 8.431 0 0  0 0.00104677 2
57 1.3014 -4.73855 0 8.435 0 0  0 0.000698469 2
57.1 1.3014 -4.73855 0 8.434 0 0  0 -0.000174746 2
57.2 1.3014 -4.73855 0 8.438 0 0  0 0.000698449 2
57.3 1.3014 -4.73855 0 8.442 0 0  0 0.000698039 2
57.4 1.3014 -4.73855 0 8.444 0 0  0 0.000348892 2
57.5 1.3014 -4.73855 0 8.446 0 0  0 0.000349108 2
57.6 1.3014 -4.73855 0 8.448 0 0  0 0.000349294 2
57.7 1.3014 -4.73855 0 8.448 0 0  0 0 2
57.8 1.3014 -4.73855 0 8.451 0 0  0 0.000523317 2
57.9 1.3014 -4.73855 0 8.451 0 0  0 0 2
58 1.3014 -4.73855 0 8.452 0 0  0 0.000174893 2
58.1 1.3014 -4.73855 0 8.454 0 0  0 0.000348846 2
58.2 1.3014 -4.73855 0 8.455 0 0  0 0.000174737 2
58.3 1.3014 -4.73855 0 8.459 0 0  0 0.000698323 2
58.4 1.3014 -4.73855 0 8.458 0 0  0 -0.000174729 2
58.5 1.3014 -4.73855 0 8.461 0 0  0 0.00052371 2
58.6 1.3014 -4.73855 0 8.462 0 0  0 0.00017476 2
58.7 1.3014 -4.73855 0 8.465 0 0  0 0.000523349 2
58.8 1.3014 -4.73855 0 8.469 0 0  0 0.000698408 2
58.9 1.3014 -4.73855 0 8.472 0 0  0 0.000523288 2
59 1.3014 -4.73855 0 8.476 0 0  0 0.000698405 2
59.1 1.3014 -4.73855 0 8.478 0 0  0 0.000348869 2
59.2 1.3014 -4.73855 0 8.481 0 0  0 0.000523677 2
59.3 1.3014 -4.73855 0 8.484 0 0  0 0.000523618 2
59.4 1.3014 -4.73855 0 8.487 0 0  0 0.000523641 2
59.5 1.3014 -4.73855 0 8.489 0 0  0 0.000348904 2
59.6 1.3014 -4.73855 0 8.487 0 0  0 -0.000348849 2
59.7 1.3014 -4.73855 0 8.489 0 0  0 0.00034889 2
59.8 1.3014 -4.73855 0 8.489 0 0  0 0 2
59.9 1.3014 -4.73855 0 8.489 0 0  0 0 2
60 1.3014 -4.73855 0 8.489 0 0  0 0 2
60.1 1.3014 -4.73855 0 8.489 0 0  0 0 2
60.2 1.3014 -4.73855 0 8.491 0 0  0 0.000349153 2
60.3 1.3014 -4.73855 0 8.494 0 0  0 0.00052345 2
60.4 1.3014 -4.73855 0 8.493 0 0  0 -0.000174804 2
60.5 1.3014 -4.73855 0 8.495 0 0  0 0.000349294 2
60.6001 1.3014 -4.73855 0 8.497 0 0  0 0.000348893 2
60.7 1.3014 -4.73855 0 8.5 0 0  0 0.000523779 2
60.8 1.3014 -4.73855 0 8.501 0 0  0 0.000174751 2
60.9 1.3014 -4.73855 0 8.504 0 0  0 0.000523723 2
61 1.3014 -4.73855 0 8.505 0 0  0 0.000174416 2
61.1 1.3014 -4.73855 0 8.507 0 0  0 0.000348883 2
61.2 1.3014 -4.73855 0 8.51 0 0  0 0.000523614 2
61.3 1.3014 -4.73855 0 8.513 0 0  0 0.000523714 2
61.4 1.3014 -4.73855 0 8.518 0 0  0 0.000872782 2
61.5 1.3014 -4.73855 0 8.516 0 0  0 -0.000349193 2
61.6 1.3014 -4.73855 0 8.52 0 0  0 0.000698097 2
61.7 1.3014 -4.73855 0 8.519 0 0  0 -0.000174441 2
61.8 1.3014 -4.73855 0 8.524 0 0  0 0.000872624 2
61.9 1.3014 -4.73855 0 8.527 0 0  0 0.000523643 2
62 1.3014 -4.73855 0 8.529 0 0  0 0.000349192 2
62.1 1.3014 -4.73855 0 8.526 0 0  0 -0.000523585 2
62.2 1.3014 -4.73855 0 8.528 0 0  0 0.000349207 2
62.3 1.3014 -4.73855 0 8.53 0 0  0 0.000348884 2
62.4 1.3014 -4.73855 0 8.531 0 0  0 0.000174436 2
62.5 1.3014 -4.73855 0 8.537 0 0  0 0.00104727 2
62.6 1.3014 -4.73855 0 8.539 0 0  0 0.000349219 2
62.7 1.3014 -4.73855 0 8.544 0 0  0 0.000872536 2
62.8 1.3014 -4.73855 0 8.548 0 0  0 0.000697854 2
62.9 1.3014 -4.73855 0 8.551 0 0  0 0.000523884 2
63 1.3014 -4.73855 0 8.55 0 0  0 -0.000174432 2
63.1 1.3014 -4.73855 0 8.553 0 0  0 0.000523575 2
63.2 1.3014 -4.73855 0 8.554 0 0  0 0.000174429 2
63.3 1.3014 -4.73855 0 8.556 0 0  0 0.000349234 2
63.4 1.3014 -4.73855 0 8.56 0 0  0 0.000698052 2
63.5 1.3014 -4.73855 0 8.558 0 0  0 -0.000349099 2
63.6 1.3014 -4.73855 0 8.56 0 0  0 0.00034936 2
63.7 1.3014 -4.73855 0 8.561 0 0  0 0.000174432 2
63.8 1.3014 -4.73855 0 8.562 0 0  0 0.000174388 2
63.9 1.3014 -4.73855 0 8.566 0 0  0 0.000698297 2
64 1.3014 -4.73855 0 8.57 0 0  0 0.000698326 2
64.1 1.3014 -4.73855 0 8.576 0 0  0 0.00104716 2
64.2 1.3014 -4.73855 0 8.578 0 0  0 0.000349179 2
64.3 1.3014 -4.73855 0 8.581 0 0  0 0.000523579 2
64.4 1.3014 -4.73855 0 8.584 0 0  0 0.000523654 2
64.5 1.3014 -4.73855 0 8.585 0 0  0 0.000174432 2
64.6 1.3014 -4.73855 0 8.587 0 0  0 0.000349136 2
64.7 1.3014 -4.73855 0 8.589 0 0  0 0.000348982 2
64.8 1.3014 -4.73855 0 8.592 0 0  0 0.000523603 2
64.9 1.3014 -4.73855 0 8.594 0 0  0 0.000349213 2
65 1.3014 -4.73855 0 8.597 0 0  0 0.000523341 2
65.1 1.3014 -4.73855 0 8.601 0 0  0 0.000698363 2
65.2 1.3014 -4.73855 0 8.6 0 0  0 -0.00017473 2
65.3 1.3014 -4.73855 0 8.602 0 0  0 0.000349236 2
65.4 1.3014 -4.73855 0 8.604 0 0  0 0.000348942 2
65.5 1.3014 -4.73855 0 8.606 0 0  0 0.000349201 2
65.6 1.3014 -4.73855 0 8.609 0 0  0 0.000523626 2
65.7 1.3014 -4.73855 0 8.609 0 0  0 0 2
65.8 1.3014 -4.73855 0 8.608 0 0  0 -0.00017444 2
65.9 1.3014 -4.73855 0 8.61 0 0  0 0.000348885 2
66 1.3014 -4.73855 0 8.61 0 0  0 0 2
66.1 1.3014 -4.73855 0 8.61 0 0  0 0 2
66.2 1.3014 -4.73855 0 8.614 0 0  0 0.000698124 2
66.3 1.3014 -4.73855 0 8.616 0 0  0 0.000349164 2
66.4 1.3014 -4.73855 0 8.619 0 0  0 0.000523506 2
66.5 1.3014 -4.73855 0 8.623 0 0  0 0.000698326 2
66.6 1.3014 -4.73855 0 8.625 0 0  0 0.000348767 2
66.7 1.3014 -4.73855 0 8.628 0 0  0 0.000523629 2
66.8 1.3014 -4.73855 0 8.631 0 0  0 0.000523801 2
66.9001 1.3014 -4.73855 0 8.634 0 0  0 0.000523252 2
67 1.3014 -4.73855 0 8.635 0 0  0 0.000174575 2
67.1 1.3014 -4.73855 0 8.634 0 0  0 -0.000174305 2
67.2 1.3014 -4.73855 0 8.634 0 0  0 0 2
67.3 1.3014 -4.73855 0 8.637 0 0  0 0.000523943 2
67.4 1.3014 -4.73855 0 8.638 0 0  0 0.000174421 2
67.5 1.3014 -4.73855 0 8.64 0 0  0 0.000349239 2
67.6 1.3014 -4.73855 0 8.644 0 0  0 0.000697955 2
67.7 1.3014 -4.73855 0 8.648 0 0  0 0.000698172 2
67.8 1.3014 -4.73855 0 8.65 0 0  0 0.000349191 2
67.9 1.3014 -4.73855 0 8.65 0 0  0 0 2
68 1.3014 -4.73855 0 8.651 0 0  0 0.000174399 2
68.1 1.3014 -4.73855 0 8.653 0 0  0 0.000349258 2
68.2 1.3014 -4.73855 0 8.658 0 0  0 0.000872444 2
68.3001 1.3014 -4.73855 0 8.662 0 0  0 0.000697641 2
68.4 1.3014 -4.73855 0 8.665 0 0  0 0.000524048 2
68.5 1.3014 -4.73855 0 8.669 0 0  0 0.000698048 2
68.6 1.3014 -4.73855 0 8.673 0 0  0 0.00069807 2
68.7 1.3014 -4.73855 0 8.678 0 0  0 0.000872719 2
68.8 1.3014 -4.73855 0 8.68 0 0  0 0.000348957 2
68.9 1.3014 -4.73855 0 8.681 0 0  0 0.000174756 2
69 1.3014 -4.73855 0 8.68 0 0  0 -0.00017473 2
69.1 1.3014 -4.73855 0 8.68 0 0  0 0 2
69.2 1.3014 -4.73855 0 8.683 0 0  0 0.000523634 2
69.3 1.3014 -4.73855 0 8.683 0 0  0 0 2
69.4 1.3014 -4.73855 0 8.687 0 0  0 0.000698085 2
69.5 1.3014 -4.73855 0 8.689 0 0  0 0.000349202 2
69.6 1.3014 -4.73855 0 8.692 0 0  0 0.000523619 2
69.7 1.3014 -4.73855 0 8.695 0 0  0 0.000523635 2
69.8 1.3014 -4.73855 0 8.696 0 0  0 0.000174398 2
69.9 1.3014 -4.73855 0 8.698 0 0  0 0.000349298 2
70 1.3014 -4.73855 0 8.702 0 0  0 0.000698053 2
70.1 1.3014 -4.73855 0 8.703 0 0  0 0.000174453 2
70.2 1.3014 -4.73855 0 8.707 0 0  0 0.000697949 2
70.3 1.3014 -4.73855 0 8.707 0 0  0 0 2
70.4 1.3014 -4.73855 0 8.71 0 0  0 0.000523608 2
70.5 1.3014 -4.73855 0 8.712 0 0  0 0.000349262 2
70.6 1.3014 -4.73855 0 8.717 0 0  0 0.000872604 2
70.7 1.3014 -4.73855 0 8.722 0 0  0 0.000872427 2
70.8 1.3014 -4.73855 0 8.722 0 0  0 0 2
70.9 1.3014 -4.73855 0 8.724 0 0  0 0.000349208 2
71 1.3014 -4.73855 0 8.726 0 0  0 0.00034921 2
71.1 1.3014 -4.73855 0 8.728 0 0  0 0.000348894 2
71.3 1.3014 -4.73855 0 8.728 0 0  0 0 2
