13.9156 0.42626 0.829 17.1429
13.983 0.377621 0.825863 17.2429
14.0499 0.322901 0.823426 17.3429
14.1211 0.270362 0.821491 17.4429
14.1982 0.22379 0.819923 17.5429
14.281 0.184783 0.818625 17.6429
14.3683 0.153682 0.817526 17.7429
14.4591 0.130171 0.816579 17.8429
14.5524 0.113667 0.815748 17.9429
14.6474 0.103561 0.815007 18.0429
14.7436 0.0993351 0.814338 18.1429
14.8405 0.100593 0.813727 18.2429
14.9376 0.107057 0.813165 18.3429
15.0348 0.118542 0.812644 18.4429
15.1315 0.134925 0.812159 18.5429
15.2277 0.156124 0.811705 18.6429
15.3229 0.182074 0.811279 18.7429
15.4069 0.17644 0.80842 18.8429
15.4925 0.181758 0.806345 18.9429
15.5782 0.198244 0.804824 19.0429
15.6631 0.224753 0.803692 19.1429
15.7466 0.259747 0.802835 19.2429
15.8283 0.301781 0.802174 19.3429
