11.4711 1.20177 0.845 14.3358
11.5782 1.20072 0.843772 14.4358
11.6826 1.2169 0.842819 14.5358
11.7828 1.24701 0.842054 14.6358
11.8799 1.28447 0.841419 14.7358
11.9762 1.32174 0.840874 14.8358
12.0817 1.29619 0.839411 14.9358
12.185 1.27055 0.838162 15.0358
12.2864 1.24413 0.837076 15.1358
12.3862 1.21578 0.836114 15.2358
12.4842 1.18441 0.835251 15.3358
12.5862 1.14361 0.833234 15.4358
12.6852 1.10015 0.83128 15.5358
12.7829 1.05732 0.829412 15.6358
12.88 1.01623 0.827644 15.7358
12.9768 0.977008 0.825979 15.8358
13.0734 0.939428 0.824419 15.9358
13.1698 0.903142 0.822959 16.0358
13.266 0.867803 0.821595 16.1358
13.362 0.833108 0.820319 16.2358
13.4577 0.79881 0.819124 16.3358
13.5532 0.764716 0.818004 16.4358
13.6485 0.730679 0.816951 16.5358
13.7436 0.696593 0.815958 16.6358
13.8384 0.66238 0.815019 16.7358
13.933 0.627987 0.814128 16.8358
14.0275 0.593379 0.81328 16.9358
14.1217 0.558535 0.81247 17.0358
14.2158 0.523443 0.811694 17.1358
14.3097 0.4881 0.810947 17.2358
14.4035 0.452508 0.810226 17.3358
14.4971 0.416673 0.809528 17.4358
14.5905 0.380604 0.80885 17.5358
14.6839 0.344309 0.808189 17.6358
14.7771 0.307802 0.807544 17.7358
14.8703 0.271093 0.806913 17.8358
14.9633 0.234195 0.806293 17.9358
15.0563 0.197119 0.805683 18.0358
15.1492 0.159878 0.805083 18.1358
15.2546 0.129747 0.804058 18.2358
15.3587 0.100481 0.80338 18.3358
15.4621 0.0738149 0.802941 18.4358
15.5653 0.0509206 0.802667 18.5358
15.6684 0.0325268 0.802505 18.6358
15.7715 0.0190459 0.802418 18.7358
15.8746 0.0106832 0.802382 18.8358
