0.55389 1.28259 0.908 1.19979
0.578361 1.28629 0.913528 1.29979
0.614803 1.29226 0.91676 1.39979
0.661433 1.29877 0.918426 1.49979
0.686155 1.29316 0.922688 1.59979
0.722854 1.28761 0.924156 1.69979
0.769677 1.28238 0.923749 1.79979
0.825031 1.27761 0.922129 1.89979
0.887558 1.2733 0.919761 1.99979
0.956106 1.26937 0.916974 2.09979
1.02971 1.26567 0.913993 2.19979
1.10754 1.26208 0.91097 2.29979
1.18893 1.25848 0.908004 2.39979
1.2733 1.25477 0.905158 2.49979
1.36016 1.25088 0.902469 2.59979
1.44912 1.24675 0.899952 2.69979
1.53982 1.24236 0.897615 2.79979
1.63199 1.23768 0.895454 2.89979
1.72539 1.23272 0.893462 2.99979
1.81981 1.22746 0.891627 3.09979
1.9151 1.22193 0.889937 3.19979
2.0111 1.21612 0.888379 3.29979
2.1077 1.21007 0.88694 3.39979
2.2048 1.20378 0.885608 3.49979
2.30233 1.19727 0.88437 3.59979
2.4002 1.19055 0.883216 3.69979
2.49837 1.18365 0.882135 3.79979
2.59678 1.17658 0.88112 3.89979
2.6954 1.16935 0.880161 3.99979
2.79418 1.16197 0.879253 4.09979
2.89311 1.15447 0.878387 4.19979
2.99216 1.14684 0.877559 4.29979
3.0913 1.1391 0.876765 4.39979
3.19052 1.13126 0.875998 4.49979
3.28982 1.12333 0.875257 4.59979
3.38916 1.11531 0.874537 4.69979
3.48856 1.10721 0.873836 4.79979
3.58799 1.09905 0.87315 4.89979
3.68746 1.09082 0.872479 4.99979
3.78695 1.08253 0.87182 5.09979
3.88647 1.07419 0.871172 5.19979
3.986 1.06579 0.870532 5.29979
4.08555 1.05736 0.8699 5.39979
4.18511 1.04888 0.869275 5.49979
4.28467 1.04036 0.868656 5.59979
4.38425 1.0318 0.868042 5.69979
4.48383 1.02322 0.867433 5.79979
4.58342 1.0146 0.866827 5.89979
4.68301 1.00596 0.866224 5.99979
4.78261 0.997291 0.865625 6.09979
4.88221 0.9886 0.865027 6.19979
4.98181 0.979887 0.864432 6.29979
5.08141 0.971156 0.863839 6.39979
5.18101 0.962406 0.863247 6.49979
5.28061 0.95364 0.862657 6.59979
5.38022 0.944859 0.862067 6.69979
5.47982 0.936064 0.861479 6.79979
5.57943 0.927257 0.860892 6.89979
5.67903 0.918437 0.860305 6.99979
5.77864 0.909607 0.859719 7.09979
5.87824 0.900766 0.859134 7.19979
5.97784 0.891917 0.858549 7.29979
6.07745 0.883059 0.857965 7.39979
6.17705 0.874193 0.857381 7.49979
6.27666 0.86532 0.856797 7.59979
6.37626 0.856441 0.856214 7.69979
6.47586 0.847555 0.85563 7.79979
6.57547 0.838664 0.855047 7.89979
6.67507 0.829767 0.854465 7.99979
6.77467 0.820866 0.853882 8.09979
6.87427 0.811961 0.853299 8.19979
6.97387 0.803051 0.852717 8.29979
7.07347 0.794138 0.852135 8.39979
7.17308 0.785222 0.851552 8.49979
7.27268 0.776302 0.85097 8.59979
7.37228 0.767379 0.850388 8.69979
7.47188 0.758454 0.849806 8.79979
7.57148 0.749526 0.849224 8.89979
7.67108 0.740596 0.848642 8.99979
7.77068 0.731664 0.84806 9.09979
7.87028 0.72273 0.847478 9.19979
7.96988 0.713795 0.846897 9.29979
8.06948 0.704857 0.846315 9.39979
8.16908 0.695918 0.845733 9.49979
8.26868 0.686978 0.845151 9.59979
8.36828 0.678037 0.844569 9.69979
8.46788 0.669094 0.843988 9.79979
8.56748 0.66015 0.843406 9.89979
8.66708 0.651205 0.842824 9.99979
8.76667 0.64226 0.842242 10.0998
8.86627 0.633313 0.841661 10.1998
8.96587 0.624366 0.841079 10.2998
9.06547 0.615418 0.840497 10.3998
9.16507 0.606469 0.839915 10.4998
9.26467 0.59752 0.839334 10.5998
9.36427 0.58857 0.838752 10.6998
9.46387 0.57962 0.83817 10.7998
9.56346 0.570669 0.837589 10.8998
9.66306 0.561718 0.837007 10.9998
9.76266 0.552766 0.836425 11.0998
9.86226 0.543814 0.835843 11.1998
9.96186 0.534862 0.835262 11.2998
10.0615 0.525909 0.83468 11.3998
10.1611 0.516956 0.834098 11.4998
10.2607 0.508003 0.833517 11.5998
10.3603 0.499049 0.832935 11.6998
10.4599 0.490096 0.832353 11.7998
10.5594 0.481142 0.831772 11.8998
10.659 0.472188 0.83119 11.9998
10.7586 0.463233 0.830608 12.0998
10.8582 0.454279 0.830027 12.1998
10.9578 0.445324 0.829445 12.2998
11.0574 0.43637 0.828863 12.3998
11.157 0.427415 0.828282 12.4998
11.2566 0.41846 0.8277 12.5998
11.3562 0.409505 0.827118 12.6998
11.4558 0.40055 0.826536 12.7998
11.5554 0.391594 0.825955 12.8998
11.655 0.382639 0.825373 12.9998
11.7546 0.373683 0.824791 13.0998
11.8542 0.364728 0.82421 13.1998
11.9538 0.355772 0.823628 13.2998
12.0534 0.346817 0.823046 13.3998
12.153 0.337861 0.822465 13.4998
12.2526 0.328905 0.821883 13.5998
12.3522 0.31995 0.821301 13.6998
12.4518 0.310994 0.82072 13.7998
12.5514 0.302038 0.820138 13.8998
12.651 0.293082 0.819556 13.9998
12.7506 0.284126 0.818975 14.0998
12.8502 0.27517 0.818393 14.1998
12.9498 0.266214 0.817811 14.2998
13.0494 0.257258 0.81723 14.3998
13.149 0.248302 0.816648 14.4998
13.2486 0.239346 0.816066 14.5998
13.3482 0.23039 0.815485 14.6998
13.4478 0.221434 0.814903 14.7998
13.5474 0.212477 0.814321 14.8998
13.647 0.203521 0.813739 14.9998
13.7466 0.194565 0.813158 15.0998
13.8462 0.185609 0.812576 15.1998
13.9458 0.176653 0.811994 15.2998
14.0454 0.167697 0.811413 15.3998
14.145 0.15874 0.810831 15.4998
14.2446 0.149784 0.810249 15.5998
14.3442 0.140828 0.809668 15.6998
14.4438 0.131872 0.809086 15.7998
14.5434 0.122915 0.808504 15.8998
14.643 0.113959 0.807923 15.9998
14.7426 0.105003 0.807341 16.0998
14.8422 0.0960466 0.806759 16.1998
14.9418 0.0870903 0.806178 16.2998
15.0414 0.0781341 0.805596 16.3998
15.141 0.0691778 0.805014 16.4998
15.2406 0.0602215 0.804433 16.5998
15.3402 0.0512652 0.803851 16.6998
15.4398 0.0423089 0.803269 16.7998
15.5394 0.0333526 0.802687 16.8998
15.639 0.0243963 0.802106 16.9998
15.7386 0.01544 0.801524 17.0998
15.7633 0.00882074 0.807503 17.1998
15.8002 0.00192196 0.811328 17.2998
15.8473 -0.00435214 0.813673 17.3998
15.903 -0.00918369 0.815004 17.4998
