6.64455 -3.02058 0.87 13.1999
6.77257 -3.01593 0.864525 13.2999
6.8864 -2.98467 0.861634 13.3999
6.98699 -2.93337 0.860459 13.4999
7.12259 -2.93363 0.856536 13.5999
7.24687 -2.90847 0.855695 13.6999
7.35986 -2.86506 0.856838 13.7999
7.46543 -2.81426 0.859204 13.8999
7.56614 -2.7607 0.862263 13.9999
7.66372 -2.70654 0.865647 14.0999
7.75924 -2.6528 0.869103 14.1999
7.85341 -2.60001 0.872464 14.2999
7.94669 -2.54841 0.875618 14.3999
8.03942 -2.4981 0.878499 14.4999
8.13182 -2.44914 0.88107 14.5999
8.22407 -2.40153 0.883315 14.6999
8.31627 -2.35522 0.885233 14.7999
8.40852 -2.3102 0.886832 14.8999
8.50087 -2.2664 0.888128 14.9999
8.59336 -2.22377 0.88914 15.0999
8.68602 -2.18225 0.889888 15.1999
8.77887 -2.14177 0.890396 15.2999
8.87191 -2.10227 0.890686 15.3999
8.96514 -2.06369 0.890777 15.4999
9.05856 -2.02596 0.890693 15.5999
9.15216 -1.98903 0.89045 15.6999
9.24595 -1.95284 0.890066 15.7999
9.3399 -1.91734 0.889559 15.8999
9.43402 -1.88248 0.888941 15.9999
9.52828 -1.8482 0.888227 16.0999
9.62269 -1.81447 0.887428 16.1999
9.71724 -1.78124 0.886554 16.2999
9.8119 -1.74847 0.885615 16.3999
9.90669 -1.71613 0.884619 16.4999
10.0016 -1.68418 0.883573 16.5999
10.0966 -1.65259 0.882484 16.6999
10.1917 -1.62134 0.881357 16.7999
10.2868 -1.5904 0.880197 16.8999
10.3821 -1.55974 0.879009 16.9999
10.4774 -1.52935 0.877796 17.0999
10.5728 -1.49919 0.876562 17.1999
10.6682 -1.46926 0.875308 17.2999
10.7637 -1.43953 0.874039 17.3999
10.8593 -1.40999 0.872755 17.4999
10.9549 -1.38062 0.87146 17.5999
11.0506 -1.35141 0.870153 17.6999
11.1463 -1.32235 0.868838 17.7999
11.242 -1.29342 0.867515 17.8999
11.3378 -1.26462 0.866185 17.9999
11.4336 -1.23593 0.864849 18.0999
11.5294 -1.20735 0.863508 18.1999
11.6253 -1.17887 0.862162 18.2999
11.7212 -1.15047 0.860813 18.3999
11.8171 -1.12216 0.85946 18.4999
11.913 -1.09393 0.858104 18.5999
12.009 -1.06576 0.856746 18.6999
12.1049 -1.03766 0.855386 18.7999
12.2009 -1.00962 0.854024 18.8999
12.2969 -0.981632 0.85266 18.9999
12.393 -0.953695 0.851295 19.0999
12.489 -0.925806 0.849929 19.1999
12.585 -0.897959 0.848562 19.2999
12.6811 -0.870151 0.847193 19.3999
12.7772 -0.84238 0.845824 19.4999
12.8732 -0.814642 0.844455 19.5999
12.9693 -0.786935 0.843084 19.6999
13.0654 -0.759256 0.841714 19.7999
13.1615 -0.731603 0.840342 19.8999
13.2576 -0.703975 0.838971 19.9999
13.3537 -0.676368 0.837599 20.0999
13.4499 -0.648783 0.836227 20.1999
13.546 -0.621215 0.834854 20.2999
13.6421 -0.593666 0.833482 20.3999
13.7383 -0.566132 0.832109 20.4999
13.8344 -0.538613 0.830736 20.5999
13.9305 -0.511107 0.829363 20.6999
14.0267 -0.483614 0.827989 20.7999
14.1228 -0.456133 0.826616 20.8999
14.219 -0.428662 0.825243 20.9999
14.3151 -0.4012 0.823869 21.0999
14.4113 -0.373748 0.822495 21.1999
14.5075 -0.346304 0.821122 21.2999
14.6036 -0.318868 0.819748 21.3999
14.6998 -0.291438 0.818374 21.4999
14.796 -0.264015 0.817001 21.5999
14.8921 -0.236598 0.815627 21.6999
14.9883 -0.209187 0.814253 21.7999
15.0845 -0.181781 0.812879 21.8999
15.1806 -0.154379 0.811505 21.9999
15.2768 -0.126981 0.810131 22.0999
15.373 -0.0995878 0.808757 22.1999
15.5123 -0.121122 0.801768 22.2999
15.6445 -0.127961 0.796899 22.3999
15.7705 -0.125937 0.793479 22.4999
15.8916 -0.120687 0.791041 22.5999
16.009 -0.116274 0.789261 22.6999
