1.3887e+09 -0.163921 -0.115114 0.982 15.308 -0.0268611 -0.0188633  0.160916 0.0437808 7
1.3887e+09 -0.165753 -0.118189 0.976 15.363 -0.0183174 -0.0307531  -0.0600123 0.00960133 7
1.3887e+09 -0.165391 -0.122727 0.969 15.488 0 -0.0453895  -0.0700119 0.0218203 7
1.3887e+09 -0.164444 -0.128991 0.967 15.566 0 -0.0626405  -0.0199995 0.0136132 7
1.3887e+09 -0.164873 -0.134864 0.972 15.626 0 -0.0587245  0.0500007 0.0104722 7
1.3887e+09 -0.165818 -0.138949 0.976 15.684 0 -0.0408563  0.0400014 0.0101232 7
1.3887e+09 -0.166845 -0.142728 0.979 15.723 -0.0102711 -0.0377824  0.0299984 0.00680633 7
1.3887e+09 -0.171157 -0.153309 0.978 15.768 -0.0215594 -0.0529053  0 0.00392691 7
1.3887e+09 -0.173459 -0.158112 0.974 15.787 -0.023017 -0.0480403  -0.0400051 0.00331656 7
1.3887e+09 -0.175103 -0.162806 0.969 15.783 -0.0164406 -0.046935  -0.0499983 -0.000698057 7
1.3887e+09 -0.175848 -0.167922 0.965 15.748 0 -0.0511614  -0.04 -0.00610863 7
1.3887e+09 -0.175105 -0.172159 0.954 15.71 0 -0.0423706  -0.110001 -0.00663231 7
1.3887e+09 -0.171909 -0.180843 0.952 15.754 0.0159819 -0.0434268  -0.010002 0.00384047 4
2.52724e-05 -0.116331 -0.224293 0.956 -0.0380001 0 -0.0356505  0.039954 -2.75306 4
0.0999691 -0.116757 -0.227746 0.955 -0.0219994 0 -0.034546  -0.0100056 0.00279423 4
0.199974 -0.117477 -0.229606 0.956 -0.0429993 0 -0.0185969  0 -0.00366498 4
0.299985 -0.116705 -0.230238 0.957 -0.0869999 0 0  0 -0.00767872 4
0.399961 -0.11575 -0.228864 0.96 -0.11 0 0.0137424  0.0300072 -0.00401518 4
0.499972 -0.115265 -0.225791 0.958 -0.127999 0 0.0307281  -0.0199979 -0.0031412 4
0.600033 -0.113721 -0.220851 0.959 -0.144 0.0154287 0.0493667  0 -0.00279096 4
0.699968 -0.113197 -0.215805 0.959 -0.184999 0 0.0504912  0 -0.00716038 4
0.800002 -0.112069 -0.210236 0.961 -0.212 0.0112724 0.0556676  0.0199932 -0.00471086 4
0.899997 -0.109679 -0.203349 0.963 -0.191 0.0238995 0.0688775  0.0200009 0.00366534 4
1 -0.108498 -0.194712 0.963 -0.177999 0.0118098 0.0863635  0 0.00226893 4
1.09998 -0.107479 -0.186967 0.959 -0.217999 0.010196 0.0774658  -0.0400073 -0.00698259 4
1.19998 -0.105679 -0.179573 0.954 -0.250999 0.0179927 0.0739458  -0.0500025 -0.00575987 4
1.40038 -0.104352 -0.158744 0.953 -0.344 0 0.103933  0 -0.00809941 4
1.50066 -0.102972 -0.148625 0.953 -0.306 0.0137581 0.100917  0 0.00661408 3
2.60334 -0.120701 -0.098155 0.988 -1.072 -0.0160776 0.0457702  0.0317408 -0.0121243 3
2.7036 -0.121208 -0.0922424 0.99 -1.533 0 0.0589735  0.0199485 -0.0802525 3
2.80384 -0.120382 -0.0895641 0.99 -2.143 0 0.026718  0 -0.106204 3
2.90409 -0.105314 -0.0913657 0.986 -3.196 0.150304 -0.0179713  -0.0399005 -0.183326 3
3.00433 -0.0751251 -0.0959223 0.984 -3.896 0.30118 -0.0454587  -0.0199527 -0.121884 3
3.10458 -0.0328603 -0.107044 0.986 -4.529 0.421595 -0.110936  0.0199502 -0.110204 3
3.20483 0.0270863 -0.121216 0.988 -5.092 0.597942 -0.141365  0.0199492 -0.0980123 3
3.30512 0.102583 -0.140017 0.99 -5.54 0.752831 -0.187478  0.0199435 -0.07797 3
3.40537 0.199089 -0.162159 0.986 -5.761 0.962653 -0.220872  -0.0399002 -0.0384755 3
3.50563 0.311695 -0.186338 0.98 -5.744 1.12315 -0.241164  -0.0598446 0.00295941 3
3.60631 0.435739 -0.212216 0.979 -5.396 1.23197 -0.257008  0 0.0603226 3
3.70654 0.565666 -0.233068 0.976 -4.948 1.29637 -0.208052  -0.0299331 0.0780165 3
3.80678 0.699622 -0.248874 0.974 -4.463 1.33633 -0.15768  -0.0199519 0.084445 3
3.90704 0.836956 -0.264274 0.975 -4.283 1.36978 -0.153602  0 0.0313342 3
4.00727 0.981387 -0.272801 0.984 -3.576 1.44102 -0.0850788  0.0897953 0.123114 3
4.10752 1.14249 -0.275121 0.984 -3.006 1.60693 -0.0231399  0 0.0992327 3
4.20776 1.31068 -0.274684 0.979 -2.561 1.67792 0  -0.0498818 0.0774835 3
4.30799 1.48402 -0.271442 0.976 -1.867 1.7294 0.0323479  -0.0299299 0.120843 3
4.40825 1.65779 -0.267877 0.973 -1.516 1.73329 0.0355585  -0.0299238 0.0611055 3
4.50857 1.8292 -0.264667 0.97 -1.15 1.70857 0.0320004  -0.0299041 0.0636749 3
4.6089 1.9966 -0.262103 0.97 -0.884999 1.66845 0.0255535  0 0.046098 3
4.70924 2.15303 -0.260811 0.973 -0.344999 1.55904 0.0128725  0.0298984 0.0939284 3
4.80947 2.29947 -0.259416 0.979 0.0450001 1.46096 0.0139169  0.0598586 0.0679074 3
4.90975 2.43689 -0.257631 0.983 0.325001 1.37053 0.0178094  0.0398922 0.0487376 3
5.00999 2.56621 -0.25575 0.988 0.557001 1.28996 0.0187603  0.0498784 0.0403932 3
5.11033 2.69045 -0.253542 0.991 0.704 1.23824 0.0219995  0.0298978 0.0255688 3
5.21056 2.81024 -0.251398 0.995 0.877001 1.19518 0.0213972  0.0399097 0.0301261 3
5.31078 2.92855 -0.249412 0.996 1.023 1.18044 0.0198175  0 0.0254245 3
5.41102 3.04675 -0.247443 0.996 1.032 1.1792 0.0196409  0 0.00156689 3
5.51126 3.16451 -0.246094 0.996 1.18 1.17479 0.0134557  0 0.0257685 3
5.61152 3.28309 -0.244553 0.989 1.375 1.18274 0.01537  -0.0698224 0.0339475 3
5.71178 3.40239 -0.243475 0.985 1.449 1.18986 0.0107547  -0.0398954 0.0128816 3
6.11274 3.9973 -0.228228 0.965 1.923 1.48371 0.0380259  -0.0498801 0.0206326 3
6.91452 5.4721 0.047321 0.971 2.92 1.8394 0.34367  0 0.0217028 3
7.01482 5.64885 0.0822629 0.966 2.955 1.76228 0.348385  -0.0498521 0.00609055 3
7.11506 5.82674 0.12147 0.96 1.578 1.77468 0.391137  -0.0598572 -0.23976 3
7.21531 6.00404 0.158581 0.959 -0.165 1.76864 0.370195  0 -0.30346 3
7.31562 6.15043 0.182793 0.957 -3.082 1.45933 0.241364  -0.0199377 -0.507527 3
7.41608 6.2692 0.186682 0.949 -4.954 1.18223 0.0387173  -0.0796354 -0.325236 3
7.51638 6.36228 0.172843 0.954 -6.254 0.928034 -0.137976  0.0498495 -0.22621 3
7.61663 6.43427 0.146157 0.95 -6.771 0.718118 -0.266189  -0.0398988 -0.0900054 3
7.71694 6.49657 0.108542 0.937 -6.993 0.621043 -0.374997  -0.129603 -0.0386281 3
7.81722 6.54685 0.0625074 0.913 -7.281 0.50144 -0.459058  -0.239327 -0.0501245 3
7.91746 6.59685 0.0153807 0.892 -7.318 0.498759 -0.470135  -0.209496 -0.00644217 3
8.01776 6.64651 -0.031517 0.891 -7.312 0.495103 -0.467575  0 0.00104416 3
8.41886 6.94599 -0.129771 0.873 -5.457 0.746638 -0.244959  -0.0448762 0.080717 3
8.51918 7.02798 -0.143109 0.879 -4.561 0.817327 -0.13296  0.0598077 0.15588 3
8.61992 7.11378 -0.153412 0.886 -4.246 0.851696 -0.102267  0.0694857 0.054574 3
8.72023 7.20157 -0.161669 0.888 -3.802 0.875127 -0.0823157  0.0199383 0.0772534 3
8.82055 7.29344 -0.161475 0.903 -2.755 0.91581 0  0.149522 0.182154 3
9.32173 7.77275 -0.117492 0.921 -0.0269995 0.956377 0.0877603  0.0359158 0.0950025 3
9.42196 7.86485 -0.101814 0.925 0.298 0.918784 0.156409  0.0399057 0.0565894 3
9.52221 7.95093 -0.0828951 0.916 0.145 0.858733 0.188717  -0.0897771 -0.0266374 3
9.62249 8.03272 -0.0691468 0.911 -0.141 0.815618 0.137104  -0.049862 -0.0497787 3
9.72275 8.11288 -0.0602911 0.902 -0.627999 0.799468 0.0883196  -0.0897592 -0.08477 3
9.823 8.19156 -0.0485625 0.899 -1.028 0.784868 0.117  -0.0299268 -0.069643 3
9.92323 8.27012 -0.0465114 0.892 -1.525 0.783807 0.0204648  -0.0698412 -0.086546 3
10.0235 8.34737 -0.0483352 0.888 -1.927 0.770712 -0.0181949  -0.0399055 -0.0699965 3
10.1237 8.42674 -0.0507799 0.886 -2.023 0.791633 -0.0243837  -0.019948 -0.0167116 3
10.3242 8.62207 -0.0542929 0.882 -2.482 0.974313 -0.0175232  -0.0199522 -0.0399595 3
10.4244 8.72091 -0.0530739 0.879 -2.558 0.986066 0.0121619  -0.0299293 -0.0132333 3
10.5247 8.83695 -0.0664958 0.885 -2.764 1.15697 -0.133819  0.0598211 -0.0358466 3
10.6251 8.95481 -0.0795371 0.885 -2.769 1.17482 -0.130003  0 -0.000869939 3
10.7253 9.0785 -0.0905932 0.89 -2.678 1.23403 -0.110303  0.0498836 0.0158456 3
10.8255 9.20012 -0.102633 0.892 -2.484 1.21335 -0.120111  0.0199527 0.0337793 3
10.9258 9.32039 -0.111542 0.894 -2.351 1.19904 -0.0888166  0.0199392 0.0231422 3
13.2313 10.2841 0.373976 0.861 5.18 0.418018 0.210595  -0.0143139 0.0570129 3
13.3315 10.3258 0.395708 0.861 5.258 0.415541 0.216774  0 0.0135797 3
13.4318 10.3623 0.419214 0.862 3.736 0.364546 0.234441  0 -0.264939 3
13.532 10.3957 0.439796 0.861 -0.278 0.333249 0.205333  0 -0.698892 3
13.6326 10.4351 0.446761 0.861 -4.162 0.391841 0.0692772  0 -0.67432 3
14.234 10.954 0.0807815 0.859 -22.439 0.86264 -0.608486  0 -0.530367 3
14.3343 11.0443 0.0269271 0.857 -24.386 0.900995 -0.536888  -0.0199385 -0.33877 3
14.4346 11.1338 -0.0212861 0.854 -24.332 0.892693 -0.48093  -0.0299252 0.00940127 3
14.5349 11.2236 -0.0762662 0.85 -19.852 0.894813 -0.547988  -0.039868 0.779327 3
14.6352 11.3273 -0.192757 0.851 -16.689 1.03426 -1.16172  0 0.550539 3
14.7354 11.4382 -0.314825 0.858 -13.754 1.10594 -1.21783  0.0698365 0.511058 3
14.8357 11.5536 -0.425379 0.861 -10.89 1.1511 -1.10278  0.0299251 0.498615 3
14.9359 11.6708 -0.534166 0.861 -10.409 1.16946 -1.08496  0 0.0837257 3
15.0362 11.7806 -0.581371 0.866 -4.656 1.09492 -0.47097  0.0498854 1.00179 3
15.1364 11.8767 -0.588907 0.871 -1.119 0.959346 -0.075187  0.0498855 0.615909 3
15.2367 11.9664 -0.590481 0.875 1.336 0.894384 -0.0157004  0.0398965 0.427369 3
15.3369 12.0356 -0.567109 0.854 5.444 0.690152 0.233204  -0.209534 0.715389 3
15.4371 12.0917 -0.528443 0.845 8.048 0.560022 0.385752  -0.0897898 0.453422 3
15.5373 12.1408 -0.481646 0.834 9.493 0.489999 0.466924  -0.109752 0.251632 3
15.6376 12.1866 -0.435357 0.83 10.206 0.456574 0.461819  -0.0399077 0.124155 3
15.7378 12.238 -0.365497 0.818 11.334 0.513317 0.69695  -0.119717 0.196409 3
15.8381 12.2973 -0.290142 0.818 11.822 0.591714 0.751634  0 0.0849548 3
15.9383 12.3612 -0.212357 0.812 11.858 0.636433 0.775792  -0.0598419 0.0062665 3
16.0386 12.434 -0.136797 0.821 11.565 0.727247 0.753894  0.0897961 -0.0510222 3
16.6399 13.2927 0.0123608 0.856 4.795 1.42797 0.248048  0.0582048 -0.196498 3
16.7401 13.4507 0.0325587 0.861 4.039 1.57619 0.2015  0.0498814 -0.131634 3
18.4441 14.8534 -0.218416 0.85 -8.729 0.823157 -0.147286  0 -0.130777 3
18.6 14.9464 -0.235684 0.824 -10.227 0.596588 -0.110796  -0.166824 -0.167755 8
18.7 15.005 -0.247176 0.823 -10.219 0.586642 -0.114923  0 0.00139624 8
18.8 15.0525 -0.25773 0.821 -10.22 0.474712 -0.105515  -0.0199955 -0.000174481 8
18.9 15.0825 -0.264187 0.82 -10.144 0.29991 -0.0645702  -0.0100008 0.0132655 8
19 15.1125 -0.270615 0.819 -10.149 0.299531 -0.0642736  0 -0.000872543 8
19.1 15.1426 -0.276837 0.819 -10.163 0.301365 -0.0622363  0 -0.0024442 8
19.2 15.1638 -0.281946 0.821 -10.164 0.211863 -0.0510825  0.019995 -0.000174477 8
19.3 15.1829 -0.286789 0.821 -10.15 0.190832 -0.0484204  0 0.00244332 8
19.4 15.1912 -0.290563 0.823 -10.212 0.0832138 -0.0377475  0.0200022 -0.0108223 4
19.5 15.1941 -0.293882 0.835 -10.427 0.0290358 -0.0331817  0.119959 -0.0375118 4
19.6 15.1967 -0.297252 0.834 -10.444 0.0261206 -0.0336979  -0.0100013 -0.00296748 4
19.7 15.1993 -0.300684 0.838 -10.443 0.0263001 -0.0343205  0.0399976 0.00017451 4
19.8 15.2012 -0.30551 0.836 -10.484 0.0187848 -0.0482751  -0.0200064 -0.00715812 4
19.9 15.2018 -0.309897 0.833 -10.487 0 -0.043865  -0.0299946 -0.000523467 9
20 15.2024 -0.310711 0.751 -10.551 0 0  -0.819953 -0.0111695 9
20.1 15.2021 -0.312145 0.721 -10.554 0 -0.0143426  -0.300092 -0.000523805 9
20.2 15.1996 -0.316802 0.631 -10.368 -0.025079 -0.046563  -0.899827 0.0324569 9
20.3 15.1941 -0.33403 0.495 -9.894 -0.0543919 -0.17235  -1.36054 0.0827616 9
20.4 15.1886 -0.352775 0.467 -9.767 -0.055209 -0.187396  -0.279912 0.0221587 9
20.5 15.1827 -0.374955 0.424 -9.637 -0.0588273 -0.221843  -0.430089 0.022694 9
20.6 15.1762 -0.400703 0.385 -9.563 -0.0649745 -0.257429  -0.389919 0.0129127 9
20.7 15.1698 -0.426714 0.377 -9.54 -0.064518 -0.260183  -0.0800235 0.00401548 9
20.7999 15.1596 -0.450092 0.11 -8.947 -0.102075 -0.233827  -2.6706 0.103521 9
20.9 15.1563 -0.46331 0.067 -8.981 -0.0329007 -0.132159  -0.429921 -0.00593309 9
21 15.1563 -0.46331 0 -7.406 0 0  -0.669983 0.274882 2
21.1 15.1563 -0.46331 0 -7.419 0 0  0 -0.00226847 2
21.2 15.1563 -0.46331 0 -7.42 0 0  0 -0.00017464 2
21.3 15.1563 -0.46331 0 -7.432 0 0  0 -0.00209426 2
21.4 15.1563 -0.46331 0 -7.446 0 0  0 -0.00244351 2
21.5 15.1563 -0.46331 0 -7.448 0 0  0 -0.000349046 2
21.7 15.1563 -0.46331 0 -7.455 0 0  0 -0.000610855 2
21.8 15.1563 -0.46331 0 -7.464 0 0  0 -0.0015707 2
22 15.1563 -0.46331 0 -7.471 0 0  0 -0.00061085 2
22.0999 15.1563 -0.46331 0 -7.48 0 0  0 -0.0015715 2
22.2 15.1563 -0.46331 0 -7.496 0 0  0 -0.00279108 2
22.3 15.1563 -0.46331 0 -7.498 0 0  0 -0.000349228 2
22.3999 15.1563 -0.46331 0 -7.513 0 0  0 -0.00261865 2
22.6 15.1563 -0.46331 0 -7.52 0 0  0 -0.000610821 2
22.6999 15.1563 -0.46331 0 -7.523 0 0  0 -0.000523691 2
22.9 15.1563 -0.46331 0 -7.539 0 0  0 -0.00139589 2
23 15.1563 -0.46331 0 -7.542 0 0  0 -0.000523682 2
23.1 15.1563 -0.46331 0 -7.556 0 0  0 -0.00244417 2
23.2543 15.1563 -0.46331 0 -7.57 0 0  0 -0.00158301 2
23.3 15.1563 -0.46331 0 -7.575 0 0  0 -0.00191146 2
23.3999 15.1563 -0.46331 0 -7.583 0 0  0 -0.00139666 2
23.4999 15.1563 -0.46331 0 -7.59 0 0  0 -0.00122187 2
23.6 15.1563 -0.46331 0 -7.597 0 0  0 -0.00122084 2
23.7 15.1563 -0.46331 0 -7.605 0 0  0 -0.00139668 2
23.8 15.1563 -0.46331 0 -7.612 0 0  0 -0.0012218 2
23.9 15.1563 -0.46331 0 -7.619 0 0  0 -0.00122102 2
24 15.1563 -0.46331 0 -7.621 0 0  0 -0.000349276 2
