0.143181 -0.39006 0.605 1
0.172761 -0.395088 0.61568 1.1
0.213728 -0.397746 0.62198 1.2
0.264188 -0.399321 0.625291 1.3
0.322601 -0.401109 0.626582 1.4
0.38765 -0.404285 0.626522 1.5
0.45817 -0.409842 0.625578 1.6
0.533111 -0.418575 0.62407 1.7
0.611518 -0.431085 0.62222 1.8
0.692525 -0.447801 0.620179 1.9
0.775348 -0.469011 0.618048 2
0.802252 -0.486925 0.628713 2.1
0.840272 -0.506212 0.635016 2.2
0.888118 -0.525372 0.63836 2.3
0.944495 -0.543286 0.639717 2.4
1.00816 -0.559192 0.63976 2.5
1.07797 -0.572593 0.638955 2.6
1.15293 -0.583155 0.637622 2.7
1.23216 -0.590628 0.635982 2.8
1.31491 -0.594803 0.634186 2.9
1.40051 -0.595491 0.632335 3
1.43017 -0.600794 0.641649 3.1
1.47124 -0.603429 0.645957 3.2
1.52177 -0.603953 0.646894 3.3
1.58023 -0.602853 0.645636 3.4
1.64532 -0.600513 0.643027 3.5
1.71598 -0.597238 0.639661 3.6
1.79131 -0.593267 0.635954 3.7
1.87057 -0.588789 0.632188 3.8
1.95314 -0.583951 0.628552 3.9
2.03847 -0.57887 0.625164 4
2.12614 -0.573633 0.622096 4.1
2.21576 -0.56831 0.619383 4.2
2.30703 -0.562951 0.617038 4.3
2.39968 -0.557592 0.615059 4.4
2.49349 -0.55226 0.613431 4.5
2.58828 -0.546973 0.612135 4.6
2.68388 -0.541743 0.611148 4.7
2.78018 -0.536578 0.610443 4.8
2.87705 -0.531482 0.609995 4.9
2.97441 -0.526455 0.60978 5
3.07218 -0.521498 0.609774 5.1
3.17029 -0.516609 0.609955 5.2
3.26869 -0.511785 0.610302 5.3
3.36733 -0.507024 0.610797 5.4
3.46617 -0.502322 0.611422 5.5
3.56519 -0.497676 0.612163 5.6
3.66434 -0.493082 0.613006 5.7
3.76362 -0.488537 0.613937 5.8
3.863 -0.484038 0.614948 5.9
3.96247 -0.479581 0.616027 6
4.06201 -0.475164 0.617167 6.1
4.1616 -0.470782 0.618359 6.2
4.26125 -0.466435 0.619598 6.3
4.36094 -0.462119 0.620877 6.4
4.46067 -0.457832 0.622192 6.5
4.56043 -0.453572 0.623537 6.6
4.66021 -0.449336 0.624909 6.7
4.76002 -0.445124 0.626305 6.8
4.85984 -0.440932 0.627721 6.9
4.95968 -0.43676 0.629155 7
5.05953 -0.432605 0.630604 7.1
5.15939 -0.428468 0.632068 7.2
5.25926 -0.424345 0.633542 7.3
5.35914 -0.420237 0.635027 7.4
5.45902 -0.416142 0.636521 7.5
5.55891 -0.412058 0.638023 7.6
5.65881 -0.407986 0.639532 7.7
5.75871 -0.403924 0.641046 7.8
5.85861 -0.399871 0.642566 7.9
5.95851 -0.395827 0.64409 8
6.05842 -0.391791 0.645617 8.1
6.15833 -0.387762 0.647149 8.2
6.25824 -0.38374 0.648683 8.3
6.35816 -0.379725 0.650219 8.4
6.45807 -0.375715 0.651758 8.5
6.55798 -0.37171 0.653299 8.6
6.6579 -0.36771 0.654841 8.7
6.75782 -0.363715 0.656385 8.8
6.85774 -0.359724 0.65793 8.9
6.95765 -0.355737 0.659476 9
7.05757 -0.351753 0.661024 9.1
7.15749 -0.347773 0.662572 9.2
7.25741 -0.343795 0.66412 9.3
7.35733 -0.33982 0.66567 9.4
7.45725 -0.335848 0.667219 9.5
7.55717 -0.331878 0.66877 9.6
7.65709 -0.327911 0.67032 9.7
7.75701 -0.323945 0.671871 9.8
7.85693 -0.319981 0.673423 9.9
7.95685 -0.316019 0.674974 10
8.05678 -0.312058 0.676526 10.1
8.1567 -0.308099 0.678078 10.2
8.25662 -0.304141 0.679631 10.3
8.35654 -0.300185 0.681183 10.4
8.45646 -0.296229 0.682736 10.5
8.55638 -0.292275 0.684288 10.6
8.65631 -0.288321 0.685841 10.7
8.75623 -0.284368 0.687394 10.8
8.85615 -0.280417 0.688947 10.9
8.95607 -0.276465 0.6905 11
9.05599 -0.272515 0.692053 11.1
9.15591 -0.268565 0.693606 11.2
9.25584 -0.264616 0.695159 11.3
9.35576 -0.260667 0.696712 11.4
9.45568 -0.256719 0.698265 11.5
9.5556 -0.252771 0.699818 11.6
9.65552 -0.248824 0.701371 11.7
9.75545 -0.244877 0.702925 11.8
9.85537 -0.24093 0.704478 11.9
9.95529 -0.236984 0.706031 12
10.0552 -0.233038 0.707584 12.1
10.1551 -0.229092 0.709138 12.2
10.2551 -0.225147 0.710691 12.3
10.355 -0.221202 0.712244 12.4
10.4549 -0.217257 0.713798 12.5
10.5548 -0.213312 0.715351 12.6
10.6547 -0.209367 0.716904 12.7
10.7547 -0.205423 0.718458 12.8
10.8546 -0.201479 0.720011 12.9
10.9545 -0.197535 0.721564 13
11.0544 -0.193591 0.723118 13.1
11.1544 -0.189647 0.724671 13.2
11.2543 -0.185703 0.726225 13.3
11.3542 -0.181759 0.727778 13.4
11.4541 -0.177816 0.729331 13.5
11.554 -0.173872 0.730885 13.6
11.654 -0.169929 0.732438 13.7
11.7539 -0.165985 0.733991 13.8
11.8538 -0.162042 0.735545 13.9
11.9537 -0.158099 0.737098 14
12.0537 -0.154156 0.738651 14.1
12.1536 -0.150213 0.740205 14.2
12.2535 -0.14627 0.741758 14.3
12.3534 -0.142327 0.743312 14.4
12.4533 -0.138384 0.744865 14.5
12.5533 -0.134441 0.746418 14.6
12.6532 -0.130498 0.747972 14.7
12.7531 -0.126555 0.749525 14.8
12.853 -0.122612 0.751078 14.9
12.953 -0.11867 0.752632 15
13.0529 -0.114727 0.754185 15.1
13.1528 -0.110784 0.755739 15.2
13.2527 -0.106841 0.757292 15.3
13.3526 -0.102899 0.758845 15.4
13.4526 -0.098956 0.760399 15.5
13.5525 -0.0950133 0.761952 15.6
13.6524 -0.0910707 0.763505 15.7
13.7523 -0.0871281 0.765059 15.8
13.8523 -0.0831855 0.766612 15.9
13.9522 -0.0792429 0.768166 16
14.0521 -0.0753003 0.769719 16.1
14.152 -0.0713577 0.771272 16.2
14.2519 -0.0674151 0.772826 16.3
14.3519 -0.0634726 0.774379 16.4
14.4518 -0.05953 0.775932 16.5
14.5517 -0.0555875 0.777486 16.6
14.6516 -0.0516449 0.779039 16.7
14.7516 -0.0477024 0.780593 16.8
14.8515 -0.0437599 0.782146 16.9
14.9514 -0.0398173 0.783699 17
15.0513 -0.0358748 0.785253 17.1
15.1512 -0.0319323 0.786806 17.2
15.2512 -0.0279898 0.788359 17.3
15.3511 -0.0240473 0.789913 17.4
15.451 -0.0201048 0.791466 17.5
15.5509 -0.0161623 0.79302 17.6
15.6509 -0.0122198 0.794573 17.7
15.7508 -0.00827732 0.796126 17.8
15.8507 -0.00433484 0.79768 17.9
