14.5221 0.201689 0.807 32.8911
14.5678 0.188165 0.806367 32.9911
14.6138 0.173836 0.805533 33.0911
14.6605 0.160998 0.804578 33.1911
14.708 0.150664 0.803552 33.2911
14.7563 0.143235 0.802492 33.3911
14.8051 0.138821 0.801421 33.4911
14.8543 0.137398 0.800353 33.5911
14.9036 0.138885 0.7993 33.6911
14.9528 0.143187 0.798265 33.7911
15 0.147538 0.79721 33.8911
15.0473 0.155253 0.795835 33.9911
15.0945 0.164696 0.794276 34.0911
15.1419 0.175075 0.792625 34.1911
15.1894 0.185994 0.790947 34.2911
15.237 0.197248 0.789281 34.3911
15.2848 0.208724 0.787655 34.4911
15.3326 0.220356 0.786087 34.5911
15.38 0.213909 0.785788 34.6911
15.4232 0.193667 0.786214 34.7911
15.4652 0.170188 0.786781 34.8911
15.5074 0.146704 0.787439 34.9911
15.5502 0.124398 0.788153 35.0911
15.594 0.103615 0.788897 35.1911
15.6386 0.084351 0.789656 35.2911
15.6846 0.0722601 0.789769 35.3911
15.7308 0.0591418 0.789919 35.4911
15.7775 0.0468047 0.790093 35.5911
15.8249 0.0361654 0.79028 35.6911
15.873 0.0276928 0.790475 35.7911
