-0.376679 0.0425779 0.943 0.999976
-0.355586 0.03792 0.941141 1.09998
-0.321734 0.035159 0.939709 1.19998
-0.277236 0.0333568 0.938581 1.29998
-0.223822 0.0314338 0.937671 1.39998
-0.162962 0.0283374 0.93692 1.49998
-0.0959392 0.023128 0.936286 1.59998
-0.0238939 0.01502 0.935738 1.69998
0.0521474 0.00339255 0.935256 1.79998
0.131259 -0.0122179 0.934824 1.89998
0.212609 -0.0321366 0.934433 1.99998
0.295446 -0.0565727 0.934073 2.09998
0.379098 -0.0856434 0.933739 2.19998
0.46296 -0.119394 0.933427 2.29998
0.546492 -0.157813 0.933134 2.39998
0.629205 -0.200852 0.932858 2.49998
0.710656 -0.248426 0.932595 2.59998
0.790447 -0.300427 0.932346 2.69998
0.868211 -0.356727 0.932108 2.79998
0.943617 -0.417183 0.931881 2.89998
1.01636 -0.481635 0.931664 2.99998
1.08615 -0.549914 0.931455 3.09998
1.15275 -0.621836 0.931256 3.19998
1.21591 -0.697212 0.931064 3.29998
1.27541 -0.775839 0.930879 3.39998
1.33107 -0.85751 0.930701 3.49998
1.38269 -0.942008 0.93053 3.59998
1.43011 -1.02911 0.930365 3.69998
1.47319 -1.11859 0.930205 3.79998
1.5118 -1.2102 0.930051 3.89998
1.54582 -1.30372 0.929902 3.99998
1.57514 -1.3989 0.929758 4.09998
1.59969 -1.49549 0.929619 4.19998
1.61937 -1.59324 0.929483 4.29998
1.63415 -1.69189 0.929352 4.39998
1.62849 -1.72247 0.92853 4.49998
1.62459 -1.76408 0.928446 4.59998
1.62365 -1.81496 0.928842 4.69998
1.62649 -1.87354 0.929538 4.79998
1.63356 -1.93835 0.930412 4.89998
1.64504 -2.00815 0.93138 4.99998
1.66099 -2.08185 0.932385 5.09998
1.68136 -2.15853 0.933388 5.19998
1.70613 -2.23738 0.934363 5.29998
1.73523 -2.3177 0.935292 5.39998
1.76863 -2.39886 0.936166 5.49998
1.8063 -2.4803 0.936978 5.59998
1.84821 -2.56151 0.937723 5.69998
1.8943 -2.64201 0.938401 5.79998
1.94453 -2.72137 0.93901 5.89998
1.99884 -2.79919 0.939553 5.99998
2.05712 -2.87511 0.94003 6.09998
2.11929 -2.94879 0.940443 6.19998
2.18522 -3.01992 0.940794 6.29998
2.25477 -3.0882 0.941086 6.39998
2.32778 -3.15338 0.94132 6.49998
2.40409 -3.21521 0.941501 6.59998
2.48352 -3.27347 0.941629 6.69998
2.56587 -3.32794 0.941708 6.79998
2.65095 -3.37846 0.941739 6.89998
2.73854 -3.42484 0.941726 6.99998
2.82842 -3.46694 0.94167 7.09998
2.92038 -3.50462 0.941573 7.19998
3.01417 -3.53776 0.941438 7.29998
3.10957 -3.56625 0.941266 7.39998
3.20632 -3.59001 0.94106 7.49998
3.3042 -3.60896 0.940822 7.59998
3.40294 -3.62303 0.940552 7.69998
3.5023 -3.63217 0.940253 7.79998
3.60203 -3.63637 0.939926 7.89998
3.70187 -3.63559 0.939572 7.99998
3.80158 -3.62983 0.939194 8.09998
3.90089 -3.61909 0.938793 8.19998
3.99956 -3.60341 0.938369 8.29998
4.09734 -3.58281 0.937924 8.39998
4.1172 -3.58107 0.93411 8.49998
4.14926 -3.57431 0.930208 8.59998
4.19145 -3.56343 0.926368 8.69998
4.24215 -3.54925 0.922684 8.79998
4.30002 -3.53242 0.919209 8.89998
4.36392 -3.51343 0.915968 8.99998
4.43289 -3.49267 0.912969 9.09998
4.50611 -3.47044 0.910207 9.19998
4.58292 -3.447 0.90767 9.29998
4.66273 -3.42255 0.905342 9.39998
4.74506 -3.39724 0.903205 9.49998
4.82951 -3.37124 0.90124 9.59998
4.91574 -3.34464 0.899428 9.69998
5.00346 -3.31754 0.897752 9.79998
5.09243 -3.29004 0.896195 9.89998
5.18245 -3.26218 0.894742 9.99998
5.27336 -3.23404 0.893381 10.1
5.365 -3.20566 0.892098 10.2
5.45727 -3.17707 0.890884 10.3
5.55005 -3.14831 0.889729 10.4
5.64328 -3.11941 0.888624 10.5
5.73687 -3.0904 0.887564 10.6
5.83077 -3.06128 0.886541 10.7
5.92493 -3.03208 0.88555 10.8
6.0193 -3.00281 0.884586 10.9
6.11386 -2.97348 0.883647 11
6.20857 -2.9441 0.882727 11.1
6.30341 -2.91468 0.881825 11.2
6.39836 -2.88522 0.880937 11.3
6.4934 -2.85574 0.880063 11.4
6.58851 -2.82623 0.879199 11.5
6.68369 -2.7967 0.878344 11.6
6.77892 -2.76716 0.877497 11.7
6.87419 -2.7376 0.876656 11.8
6.9695 -2.70803 0.875822 11.9
7.06485 -2.67845 0.874992 12
7.16022 -2.64886 0.874166 12.1
7.25561 -2.61926 0.873344 12.2
7.35102 -2.58966 0.872525 12.3
7.44645 -2.56005 0.871709 12.4
7.54189 -2.53043 0.870894 12.5
7.63734 -2.50082 0.870082 12.6
7.7328 -2.4712 0.869271 12.7
7.82826 -2.44158 0.868462 12.8
7.92374 -2.41195 0.867653 12.9
8.01922 -2.38233 0.866846 13
8.1147 -2.3527 0.86604 13.1
8.21019 -2.32307 0.865234 13.2
8.30568 -2.29344 0.864429 13.3
8.40118 -2.26381 0.863625 13.4
8.49667 -2.23418 0.862821 13.5
8.59217 -2.20455 0.862017 13.6
8.68767 -2.17491 0.861214 13.7
8.78317 -2.14528 0.860411 13.8
8.87867 -2.11565 0.859608 13.9
8.97417 -2.08601 0.858805 14
9.06968 -2.05638 0.858003 14.1
9.16518 -2.02675 0.8572 14.2
9.26069 -1.99711 0.856398 14.3
9.35619 -1.96748 0.855596 14.4
9.4517 -1.93784 0.854794 14.5
9.5472 -1.90821 0.853993 14.6
9.64271 -1.87857 0.853191 14.7
9.73822 -1.84894 0.852389 14.8
9.83372 -1.8193 0.851587 14.9
9.92923 -1.78967 0.850786 15
10.0247 -1.76003 0.849984 15.1
10.1202 -1.7304 0.849183 15.2
10.2158 -1.70076 0.848381 15.3
10.3113 -1.67113 0.84758 15.4
10.4068 -1.64149 0.846778 15.5
10.5023 -1.61185 0.845977 15.6
10.5978 -1.58222 0.845175 15.7
10.6933 -1.55258 0.844374 15.8
10.7888 -1.52295 0.843573 15.9
10.8843 -1.49331 0.842771 16
10.9798 -1.46368 0.84197 16.1
11.0753 -1.43404 0.841169 16.2
11.1708 -1.4044 0.840367 16.3
11.2663 -1.37477 0.839566 16.4
11.3618 -1.34513 0.838764 16.5
11.4574 -1.3155 0.837963 16.6
11.5529 -1.28586 0.837162 16.7
11.6484 -1.25623 0.83636 16.8
11.7439 -1.22659 0.835559 16.9
11.8394 -1.19696 0.834758 17
11.9349 -1.16732 0.833956 17.1
12.0304 -1.13768 0.833155 17.2
12.1259 -1.10805 0.832354 17.3
12.2214 -1.07841 0.831552 17.4
12.3169 -1.04878 0.830751 17.5
12.4124 -1.01914 0.82995 17.6
12.5079 -0.989505 0.829148 17.7
12.6034 -0.959869 0.828347 17.8
12.699 -0.930234 0.827546 17.9
12.7945 -0.900598 0.826744 18
12.89 -0.870962 0.825943 18.1
12.9855 -0.841326 0.825142 18.2
13.081 -0.811691 0.82434 18.3
13.1765 -0.782055 0.823539 18.4
13.272 -0.752419 0.822738 18.5
13.3675 -0.722783 0.821936 18.6
13.463 -0.693148 0.821135 18.7
13.5585 -0.663512 0.820334 18.8
13.654 -0.633876 0.819532 18.9
13.7495 -0.60424 0.818731 19
13.845 -0.574605 0.81793 19.1
13.9406 -0.544969 0.817128 19.2
14.0361 -0.515333 0.816327 19.3
14.1316 -0.485697 0.815526 19.4
14.2271 -0.456062 0.814724 19.5
14.3226 -0.426426 0.813923 19.6
14.4181 -0.39679 0.813122 19.7
14.5136 -0.367154 0.81232 19.8
14.6091 -0.337519 0.811519 19.9
14.7046 -0.307883 0.810718 20
14.8001 -0.278247 0.809916 20.1
14.8956 -0.248611 0.809115 20.2
14.9911 -0.218976 0.808314 20.3
15.0866 -0.18934 0.807512 20.4
15.1822 -0.159704 0.806711 20.5
15.2777 -0.130068 0.80591 20.6
15.297 -0.127837 0.804131 20.7
15.3282 -0.120092 0.802799 20.8
15.3696 -0.10819 0.801778 20.9
15.4197 -0.0935245 0.800972 21
15.4774 -0.077417 0.800313 21.1
15.5417 -0.0610653 0.799754 21.2
15.6118 -0.0455158 0.799261 21.3
15.6868 -0.0316562 0.798809 21.4
15.7661 -0.0202205 0.798381 21.5
15.849 -0.0118022 0.797965 21.6
15.9349 -0.00687128 0.797553 21.7
