14.1648 -0.578609 0.862 17.3483
14.2325 -0.638326 0.856697 17.4483
14.3066 -0.679696 0.853996 17.5483
14.3857 -0.702651 0.853015 17.6483
14.4675 -0.709583 0.853168 17.7483
14.5504 -0.703638 0.854068 17.8483
14.6336 -0.687799 0.855456 17.9483
14.7171 -0.664517 0.857162 18.0483
14.8006 -0.635654 0.85907 18.1483
14.8843 -0.602525 0.861099 18.2483
14.9682 -0.565994 0.863194 18.3483
15.0521 -0.526566 0.865314 18.4483
15.136 -0.484479 0.867428 18.5483
15.2196 -0.439789 0.869513 18.6483
15.3026 -0.39244 0.871553 18.7483
15.3848 -0.342323 0.873536 18.8483
15.4658 -0.289312 0.875453 18.9483
15.5454 -0.233296 0.877297 19.0483
15.6232 -0.17419 0.879064 19.1483
15.6989 -0.111941 0.880753 19.2483
15.7724 -0.0465337 0.882363 19.3483
15.839 -0.0851046 0.876946 19.4483
15.9057 -0.0988423 0.874199 19.5483
15.9707 -0.0921655 0.873245 19.6483
