6.53149 -2.04798 0.906 9.22187
6.64268 -2.02 0.904878 9.32187
6.75239 -1.99544 0.90242 9.42187
6.86177 -1.98168 0.899134 9.52187
6.97016 -1.98068 0.895371 9.62187
7.07649 -1.99184 0.891368 9.72187
7.19118 -1.9941 0.890519 9.82187
7.30322 -2.00129 0.888354 9.92187
7.41317 -2.00979 0.885346 10.0219
7.52157 -2.01694 0.881827 10.1219
7.62874 -2.02099 0.878027 10.2219
7.73482 -2.0209 0.874105 10.3219
7.83981 -2.0161 0.870167 10.4219
7.94363 -2.00636 0.866284 10.5219
8.04616 -1.99158 0.862503 10.6219
8.14725 -1.97181 0.858852 10.7219
8.26011 -1.95049 0.857048 10.8219
8.36965 -1.92491 0.853743 10.9219
8.4767 -1.8976 0.849575 11.0219
8.58188 -1.86977 0.84499 11.1219
8.68559 -1.84194 0.84029 11.2219
8.78813 -1.81434 0.835676 11.3219
8.88972 -1.78703 0.831274 11.4219
8.99052 -1.76003 0.827161 11.5219
9.09067 -1.73329 0.823377 11.6219
9.19028 -1.70679 0.819935 11.7219
9.28943 -1.6805 0.816834 11.8219
9.38819 -1.65437 0.814062 11.9219
9.48664 -1.62839 0.811599 12.0219
9.58481 -1.60254 0.809423 12.1219
9.68276 -1.57678 0.807508 12.2219
9.78051 -1.55111 0.805832 12.3219
9.87811 -1.52552 0.804369 12.4219
9.97558 -1.49998 0.803096 12.5219
10.0729 -1.4745 0.801994 12.6219
10.1702 -1.44906 0.801043 12.7219
10.2674 -1.42366 0.800224 12.8219
10.3645 -1.3983 0.799522 12.9219
10.4615 -1.37296 0.798923 13.0219
10.5586 -1.34764 0.798414 13.1219
10.6555 -1.32235 0.797984 13.2219
10.7525 -1.29708 0.797623 13.3219
10.8494 -1.27182 0.797323 13.4219
10.9463 -1.24657 0.797074 13.5219
11.0432 -1.22134 0.796872 13.6219
11.14 -1.19612 0.796709 13.7219
11.2369 -1.17091 0.796581 13.8219
11.3337 -1.14571 0.796483 13.9219
11.4306 -1.12051 0.796411 14.0219
11.5274 -1.09532 0.796362 14.1219
11.6242 -1.07014 0.796332 14.2219
11.721 -1.04497 0.79632 14.3219
11.8178 -1.01979 0.796323 14.4219
11.9146 -0.994626 0.796338 14.5219
12.0114 -0.969462 0.796365 14.6219
12.1082 -0.944302 0.796402 14.7219
12.205 -0.919145 0.796447 14.8219
12.3018 -0.893991 0.796499 14.9219
12.3986 -0.868839 0.796558 15.0219
12.4954 -0.84369 0.796622 15.1219
12.5922 -0.818543 0.796691 15.2219
12.689 -0.793398 0.796764 15.3219
12.7858 -0.768255 0.796841 15.4219
12.8826 -0.743113 0.796921 15.5219
12.9794 -0.717973 0.797003 15.6219
13.0762 -0.692834 0.797088 15.7219
13.1729 -0.667696 0.797175 15.8219
13.2697 -0.642559 0.797263 15.9219
13.3665 -0.617424 0.797354 16.0219
13.4633 -0.592289 0.797445 16.1219
13.5601 -0.567155 0.797538 16.2219
13.6569 -0.542022 0.797631 16.3219
13.7537 -0.51689 0.797726 16.4219
13.8505 -0.491758 0.797821 16.5219
13.9473 -0.466627 0.797917 16.6219
14.0441 -0.441497 0.798013 16.7219
14.1409 -0.416367 0.79811 16.8219
14.2377 -0.391237 0.798207 16.9219
14.3344 -0.366108 0.798305 17.0219
14.4312 -0.340979 0.798403 17.1219
14.528 -0.315851 0.798501 17.2219
14.6248 -0.290723 0.7986 17.3219
14.7216 -0.265595 0.798698 17.4219
14.8184 -0.240468 0.798797 17.5219
14.9152 -0.215341 0.798896 17.6219
15.012 -0.190214 0.798996 17.7219
15.1088 -0.165087 0.799095 17.8219
15.2056 -0.13996 0.799194 17.9219
15.3024 -0.114834 0.799294 18.0219
15.3992 -0.0897078 0.799393 18.1219
15.5126 -0.0727736 0.800926 18.2219
15.6235 -0.0551331 0.801937 18.3219
15.7327 -0.0397935 0.802589 18.4219
15.8407 -0.028533 0.802996 18.5219
15.9478 -0.0222971 0.803237 18.6219
