1388571732.885102990 0.188838 -0.397567 0.955 22.312 0.0319559 -0.0672779  0.161609 0.0658988 7
1388571732.985094597 0.190689 -0.401397 0.896 22.216 0.0185104 -0.0382943  -0.59005 -0.0167567 7
1388571733.085077982 0.190553 -0.399864 0.886 22.096 0 0.015324  -0.100017 -0.0209472 7
1388571733.185098247 0.188911 -0.400471 0.881 22.02 -0.0164164 0  -0.0499899 -0.0132619 7
1388571733.285086157 0.185649 -0.39842 0.888 21.885 -0.0326315 0.0205032  0.0700085 -0.0235648 7
1388571733.385079149 0.182669 -0.394074 0.902 21.818 -0.0298025 0.0434716  0.14001 -0.0116944 7
1388571733.485081938 0.178076 -0.385354 0.919 21.712 -0.0459222 0.0871966  0.169995 -0.0185001 7
1388571733.585088958 0.173198 -0.376203 0.934 21.606 -0.048776 0.0914999  0.149989 -0.018499 7
1388571733.685080253 0.170126 -0.366529 0.951 21.501 -0.0307246 0.0967492  0.170015 -0.0183278 7
1388571733.785085924 0.170516 -0.355951 0.955 21.476 0 0.105774  0.0399977 -0.00436301 7
1388571733.885081903 0.169511 -0.348554 0.957 21.456 -0.0100504 0.0739755  0.0200008 -0.00349088 7
1388571733.985071529 0.16837 -0.340753 0.958 21.401 -0.011412 0.078013  0.010001 -0.00960036 7
1388571734.085078181 0.165966 -0.330742 0.96 21.41 -0.0240426 0.10011  0.0199987 0.00157083 7
1388571734.185086146 0.164925 -0.324435 0.962 21.39 -0.0104063 0.0630626  0.0199984 -0.00349046 7
1388571734.285077922 0.165112 -0.321223 0.959 21.377 0 0.03212  -0.0300025 -0.00226887 4
1388571734.385136453 0.164128 -0.313073 0.955 21.428 0 0.0814537  -0.0399766 0.00889574 4
1388571734.485082665 0.162961 -0.307588 0.952 21.453 -0.0116746 0.0548784  -0.0300161 0.0043656 4
1388571734.585077819 0.162728 -0.302888 0.954 21.467 0 0.0470023  0.020001 0.00244357 4
1388571734.685088301 0.162411 -0.299478 0.955 21.522 0 0.0341017  0 0.00959836 4
1388571734.785079910 0.160027 -0.291406 0.953 21.592 -0.0238493 0.0807212  -0.0200017 0.0122183 4
1388571734.885087409 0.157576 -0.282535 0.953 21.625 -0.0245026 0.0887089  0 0.00575932 4
1388571734.985084562 0.1548 -0.275403 0.95 21.674 -0.0277577 0.0713131  -0.0300009 0.00855232 4
1388571735.085089985 0.150977 -0.264889 0.949 21.731 -0.0382288 0.105135  0 0.00994803 4
1388571735.185079941 0.147279 -0.255013 0.945 21.813 -0.0369833 0.0987762  -0.040004 0.0143129 4
1388571735.285094696 0.14448 -0.250689 0.947 21.919 -0.0279906 0.0432329  0.019997 0.0184979 4
1388571735.385080971 0.14132 -0.246483 0.948 22.011 -0.0315987 0.0420634  0.0100014 0.0160591 4
1388571735.485073205 0.137597 -0.243048 0.945 22.136 -0.0372351 0.0343567  -0.0300023 0.0218183 4
1388571735.585083733 0.135767 -0.243328 0.946 22.241 -0.0183023 0  0 0.0183239 4
1388571735.685084950 0.131665 -0.237356 0.946 22.293 -0.041016 0.059717  0 0.00907561 4
1388571735.785080325 0.125602 -0.232397 0.949 22.363 -0.0606385 0.0495925  0.0300014 0.0122181 4
1388571735.885078276 0.121989 -0.234917 0.952 22.401 -0.0361222 -0.0252  0.0300006 0.00663207 4
1388571735.985083764 0.116767 -0.227864 0.957 22.426 -0.0522204 0.0705293  0.0499973 0.00436335 4
1388571736.085081063 0.113017 -0.229342 0.957 22.472 -0.0375007 -0.0147809  0 0.00802865 4
1388571736.185098366 0.109991 -0.22909 0.956 22.476 -0.0302589 0  0 0.00069796 4
1388571736.285087739 0.103424 -0.220076 0.953 22.46 -0.0656774 0.0901491  -0.0300032 -0.00279295 4
1388571736.385084507 0.0985727 -0.218022 0.954 22.494 -0.0485117 0.0205427  0.0100003 0.00593438 4
1388571736.485078027 0.0937978 -0.211406 0.952 22.477 -0.0477517 0.0661616  -0.0200013 -0.00296729 4
1388571736.585073133 0.0864747 -0.202222 0.951 22.403 -0.073235 0.0918448  -0.0100005 -0.012916 4
1388571736.685081216 0.0842498 -0.203694 0.948 22.396 -0.0222472 -0.0147171  -0.0299976 -0.00122163 4
1388571736.785093177 0.0802668 -0.197387 0.95 22.359 -0.0398251 0.0630596  0.0199976 -0.00645706 4
1388571736.885080128 0.0752245 -0.193696 0.95 22.369 -0.0504291 0.0369147  0 0.0017456 4
1388571736.985081387 0.074955 -0.196129 0.952 22.44 0 -0.0243313  0.0199997 0.0123919 4
1388571737.085077408 0.0712819 -0.191734 0.953 22.562 -0.036732 0.0439531  0.0100004 0.0212938 4
1388571737.185078154 0.0650885 -0.183244 0.953 22.636 -0.0619338 0.0849  0 0.0129152 4
1388571737.285087293 0.0607363 -0.174294 0.951 22.689 -0.0435181 0.0894977  -0.0199982 0.00924931 4
1388571737.385090453 0.0558132 -0.166156 0.951 22.746 -0.0492298 0.081375  0 0.00994826 4
1388571737.485074701 0.0546175 -0.164627 0.954 22.801 -0.0119582 0.0152897  0.0300047 0.00960088 4
1388571737.585076656 0.0522161 -0.15751 0.957 22.847 -0.0240136 0.0711704  0.0299994 0.00802828 4
1388571737.685083389 0.0494653 -0.154257 0.956 22.853 -0.027506 0.032526  0 0.00104722 4
1388571737.785077931 0.0536585 -0.161924 0.96 22.904 0.041934 -0.076677  0.0400022 0.00890144 4
1388571737.885080211 0.0525903 -0.159886 0.963 22.963 -0.0106813 0.0203868  0.0299993 0.0102972 4
1388571737.985089595 0.0559309 -0.16618 0.963 23.01 0.0334021 -0.06294  0 0.00820243 4
1388571738.085083700 0.0620078 -0.176363 0.964 23.058 0.0607728 -0.101829  0.0100006 0.00837813 4
1388571738.185080745 0.0646174 -0.180752 0.963 23.113 0.0260971 -0.0438928  -0.0100003 0.00959965 4
1388571738.285074409 0.0692812 -0.187041 0.961 23.08 0.0466409 -0.0628914  -0.0200013 -0.00576012 4
1388571738.385078212 0.0740567 -0.195705 0.96 23.048 0.0477529 -0.0866376  0 -0.00558477 4
1388571738.485084128 0.0786168 -0.202383 0.957 23.071 0.0455987 -0.0667806  -0.0299982 0.00401381 4
1388571738.585091980 0.0851913 -0.211794 0.954 23.092 0.0657397 -0.0940983  -0.0299976 0.00366489 4
1388571738.685086298 0.0889339 -0.216886 0.954 23.118 0.0374283 -0.0509276  0 0.00453828 4
1388571738.785082226 0.0922377 -0.22134 0.954 23.083 0.0330388 -0.0445416  0 -0.00610887 4
1388571738.885083740 0.0958931 -0.224371 0.956 23.063 0.0365538 -0.0303075  0.0199997 -0.00349069 4
1388571738.985069926 0.0979958 -0.227241 0.958 23.095 0.0210299 -0.0287099  0.0200028 0.00558575 4
1388571739.085080232 0.0997372 -0.228516 0.962 23.094 0.0174121 -0.0127468  0.0399959 -0.000174419 4
1388571739.185087143 0.102218 -0.229444 0.967 23.1 0.0248085 0  0.0499965 0.00104722 4
1388571739.285072180 0.103314 -0.229925 0.965 23.076 0.0109617 0  -0.020003 -0.00418945 4
1388571739.385084333 0.104622 -0.229762 0.964 23.12 0.0130738 0  0 0.00767862 4
1388571739.485077819 0.10634 -0.229422 0.965 23.082 0.0171859 0  0.0100007 -0.0066327 4
1388571739.585079854 0.106741 -0.229322 0.962 23.086 0 0  -0.0299994 0.000698067 4
1388571739.685071075 0.10866 -0.228058 0.965 23.115 0.0191973 0.012634  0.0300026 0.00506178 4
1388571739.785071942 0.109467 -0.225586 0.976 23.157 0 0.0247245  0.109999 0.00733029 4
1388571739.885075325 0.107802 -0.220535 0.976 23.194 -0.0166557 0.0505086  0 0.00645761 4
1388571739.985069831 0.108159 -0.217653 0.979 23.226 0 0.0288161  0.0300016 0.00558529 4
1388571740.085081295 0.106876 -0.213985 0.983 23.194 -0.0128301 0.0366792  0.0399954 -0.00558434 4
1388571740.185080472 0.102909 -0.20156 0.979 23.156 -0.0396739 0.124255  -0.0400003 -0.00663232 4
1388571740.285071105 0.100846 -0.192939 0.98 23.105 -0.0206284 0.0862203  0.0100009 -0.00890212 4
1388571740.385082399 0.0994765 -0.188647 0.978 23.057 -0.0136937 0.042914  -0.0199977 -0.00837669 4
1388571740.485069868 0.0980702 -0.183137 0.976 23.088 -0.0140645 0.0551057  -0.0200025 0.00541122 4
1388571740.585075458 0.0982858 -0.18072 0.974 23.052 0 0.0241707  -0.0199989 -0.00628271 4
1388571740.685070228 0.0971374 -0.177729 0.976 23.03 -0.0114848 0.0299055  0.020001 -0.00383981 4
1388571740.785079048 0.0971608 -0.17547 0.974 23.01 0 0.0225891  -0.0199982 -0.00349043 4
1388571740.885071597 0.0967217 -0.174174 0.976 22.971 0 0.0129575  0.0200015 -0.00680721 4
1388571740.985070343 0.095981 -0.173163 0.975 22.95 0 0.0101096  -0.0100001 -0.00366522 4
1388571741.085083042 0.0962999 -0.170365 0.975 22.93 0 0.0279836  0 -0.0034903 4
1388571741.185086650 0.0924317 -0.161763 0.974 22.895 -0.0386807 0.0860122  0 -0.00610841 4
1388571741.285132726 0.147201 -0.100595 0.968 -0.0430012 0 0.124582  -0.0599724 -4.00159 4
1388571741.385146100 0.147923 -0.0915532 0.964 -0.0480003 0 0.0904107  -0.0399947 -0.000872401 4
1388571741.485139182 0.147496 -0.090072 0.961 -0.052 0 0.0148131  -0.0300021 -0.000698129 4
1388571741.585151960 0.148139 -0.0879573 0.958 -0.0179996 0 0.0211438  -0.0299962 0.00593343 4
1388571741.685124387 0.1484 -0.0905155 0.959 0.0860004 0 -0.0255891  0.0100028 0.0181564 4
1388571741.785114164 0.14845 -0.0903465 0.962 0.0839996 0 0  0.0300031 -0.000349243 4
1388571741.885114148 0.148835 -0.0926897 0.959 0.118 0 -0.0234321  -0.03 0.00593419 4
1388571741.985124374 0.149555 -0.0960624 0.96 0.138 0 -0.0337239  0 0.00349038 4
1388571742.085149852 0.149287 -0.0991474 0.961 0.0939999 0 -0.0308421  0 -0.0076776 4
1388571742.185108466 0.150667 -0.101198 0.956 0.0229988 0.0138026 -0.0205105  -0.0500207 -0.0123972 4
1388571742.285124577 0.150632 -0.10307 0.951 0.00799942 0 -0.018724  -0.0499919 -0.00261747 4
1388571742.385116683 0.151448 -0.105424 0.945 0.0100002 0 -0.0235385  -0.0600047 0.000349235 4
1388571742.485153132 0.152129 -0.107968 0.947 0.0270004 0 -0.0254332  0.0199927 0.00296601 4
1388571742.685950100 0.153333 -0.113439 0.946 0.0609989 0 -0.0272469  0 0.00295515 3
1388571742.786241429 0.153525 -0.117783 0.95 0.0900002 0 -0.0433144  0.0398838 0.00504697 3
1388571742.886500085 0.153344 -0.120906 0.946 0.136999 0 -0.0311409  -0.0398968 0.00818171 3
1388571742.986748755 0.153705 -0.125768 0.941 0.685999 0 -0.0485056  -0.049876 0.0955809 3
1388571743.087006629 0.156072 -0.130587 0.939 2.255 0.0236095 -0.0480662  -0.0199486 0.273138 3
1388571743.187262419 0.16214 -0.132628 0.935 3.797 0.0605167 -0.0203563  -0.0398979 0.268443 3
1388571743.287517003 0.174514 -0.129629 0.934 5.183 0.123432 0.0299093  0 0.241288 3
1388571743.387773406 0.194205 -0.110862 0.936 6.405 0.196404 0.187199  0.0199489 0.212734 3
1388571743.488022061 0.250167 -0.0812296 0.931 7.253 0.558228 0.295584  -0.049876 0.147637 3
1388571743.588283600 0.318735 -0.0454755 0.93 7.464 0.683896 0.356609  0 0.0367301 3
1388571743.688532737 0.399052 -0.00517885 0.93 7.059 0.801169 0.401965  0 -0.07051 3
1388571743.788785010 0.480286 0.0352084 0.93 5.787 0.810297 0.402856  0 -0.221447 3
1388571743.889043437 0.573646 0.069561 0.923 3.586 0.931201 0.34264  -0.0698196 -0.383156 3
1388571743.989304770 0.689722 0.0968485 0.918 0.57 1.15773 0.272164  -0.0498697 -0.525019 3
1388571744.089557682 0.813848 0.115236 0.916 -2.97 1.23813 0.183412  -0.0199495 -0.616288 3
1388571744.189814533 0.938992 0.121118 0.919 -7.107 1.24823 0.0586666  0.0299231 -0.720193 3
1388571744.290070494 1.06025 0.112678 0.923 -11.81 1.20948 -0.0841842  0.0398979 -0.818733 3
1388571744.390320540 1.16859 0.0851672 0.924 -16.402 1.08073 -0.274421  0 -0.799456 3
1388571744.490580395 1.26521 0.0297812 0.929 -21.305 0.963655 -0.552424  0.0498704 -0.853517 3
1388571744.590834629 1.3547 -0.0325777 0.927 -25.647 0.892676 -0.622008  -0.0199493 -0.7559 3
1388571744.691091595 1.43387 -0.0988141 0.926 -27.984 0.789675 -0.660666  0 -0.406838 3
1388571744.791337432 1.51133 -0.17607 0.928 -29.277 0.772706 -0.770664  0.019951 -0.225118 3
1388571744.891609755 1.58443 -0.255627 0.926 -30.318 0.72898 -0.793409  -0.0199457 -0.181195 3
1388571744.991868736 1.65875 -0.348273 0.917 -37.985 0.741236 -0.924068  -0.0897675 -1.33469 3
1388571745.092103491 1.7293 -0.439242 0.915 -40.641 0.703898 -0.907559  -0.0199532 -0.462474 3
1388571745.192364639 1.79854 -0.528253 0.912 -42.65 0.690536 -0.887789  -0.0299219 -0.349723 3
1388571745.292652945 1.86973 -0.621806 0.913 -45.429 0.709862 -0.932848  0 -0.483633 3
1388571745.392901236 1.95217 -0.719589 0.91 -48.6 0.822428 -0.975409  -0.0299257 -0.552073 3
1388571745.493160954 2.01756 -0.83143 0.909 -52.506 0.65213 -1.1155  0 -0.67996 3
1388571745.593421769 2.06639 -0.947945 0.902 -56.731 0.487098 -1.16213  -0.0698179 -0.735483 3
1388571745.693672349 2.10308 -1.06619 0.899 -60.907 0.366005 -1.17949  -0.029925 -0.727028 3
1388571745.793924887 2.1308 -1.183 0.902 -64.51 0.276463 -1.16515  0.0299244 -0.627258 3
1388571745.894177476 2.14441 -1.30008 0.902 -67.261 0.135794 -1.1679  0 -0.47893 3
1388571745.994420761 2.18647 -1.41039 0.901 -69.127 0.419537 -1.10037  0 -0.324888 3
1388571746.094677894 2.24565 -1.51831 0.903 -70.22 0.59032 -1.07646  0.0199487 -0.190276 3
1388571746.194924418 2.30635 -1.63133 0.895 -70.89 0.605512 -1.12738  -0.0798033 -0.116649 3
1388571746.295176100 2.36409 -1.74247 0.894 -71.151 0.575945 -1.10863  0 -0.045439 3
1388571746.395441386 2.39123 -1.86312 0.898 -70.97 0.270626 -1.20334  0.0398942 0.0315068 3
1388571746.495705516 2.41083 -1.98558 0.897 -70.11 0.195519 -1.22137  0 0.149703 3
1388571746.595948549 2.41764 -2.10855 0.897 -68.411 0.0678924 -1.22671  0 0.295813 3
1388571746.696199130 2.42318 -2.228 0.9 -65.716 0.055335 -1.19148  0.029925 0.46919 3
1388571746.796450484 2.33141 -2.36123 0.904 -62.245 -0.915398 -1.32898  0.0398997 0.604285 3
1388571746.896798140 2.26246 -2.47598 0.909 -58.189 -0.687187 -1.14349  0.0498268 0.705453 3
1388571746.997051499 2.21357 -2.58265 0.917 -54.984 -0.487623 -1.06402  0.0797978 0.557964 3
1388571747.097296527 2.18789 -2.67401 0.922 -50.998 -0.256202 -0.911338  0.0498778 0.693988 3
1388571747.197552539 2.18086 -2.75548 0.919 -47.422 -0.0700754 -0.812637  -0.0299234 0.622536 3
1388571747.297803894 2.19041 -2.82878 0.918 -43.774 0.0952033 -0.731195  0 0.6351 3
1388571747.398067559 2.21596 -2.89396 0.917 -39.953 0.254821 -0.650123  0 0.665136 3
1388571747.498323026 2.26053 -2.94724 0.919 -36.152 0.444587 -0.531375  0.019949 0.661709 3
1388571747.598591529 2.31735 -2.98841 0.916 -32.519 0.566644 -0.410573  -0.0299197 0.63238 3
1388571747.699579487 2.38456 -3.0178 0.912 -29.123 0.665609 -0.291086  -0.0396087 0.586915 3
1388571747.799868492 2.46099 -3.03345 0.911 -25.955 0.762049 -0.156022  0 0.551327 3
1388571747.900124850 2.54706 -3.03533 0.918 -22.931 0.858512 -0.0187184  0.069821 0.526438 3
1388571748.000378518 2.63892 -3.02574 0.915 -20.237 0.916271 0.0956285  -0.0299241 0.469002 3
1388571748.100631865 2.74006 -3.00532 0.915 -17.84 1.00887 0.203694  0 0.417298 3
1388571748.200892876 2.84558 -2.97595 0.914 -15.743 1.05243 0.292891  0 0.365043 3
1388571748.301145663 2.95738 -2.94082 0.917 -13.902 1.11514 0.350404  0.0299244 0.320505 3
1388571748.401392913 3.0748 -2.90598 0.916 -12.363 1.17134 0.347599  0 0.267944 3
1388571748.501651584 3.2071 -2.87176 0.922 -11.069 1.31958 0.341315  0.0598452 0.225263 3
1388571748.601905944 3.34324 -2.83692 0.92 -9.949 1.35792 0.347456  -0.0199493 0.194981 3
1388571748.702160122 3.4819 -2.80236 0.915 -9.03 1.3831 0.344776  -0.0498732 0.159989 3
1388571748.802416904 3.62165 -2.76033 0.913 -8.09 1.39392 0.419234  -0.0199488 0.163641 3
1388571748.902672494 3.75943 -2.72142 0.914 -7.287 1.3743 0.388116  0 0.139793 3
1388571749.002927417 3.89539 -2.68048 0.912 -6.575 1.35617 0.408355  -0.0199491 0.123951 3
1388571749.103176686 4.02759 -2.64305 0.911 -5.876 1.31871 0.373332  0 0.121695 3
1388571749.203449278 4.1566 -2.60915 0.901 -5.295 1.2866 0.338048  -0.0997281 0.101128 3
1388571749.303730634 4.29212 -2.57678 0.895 -4.671 1.35142 0.322793  -0.0598317 0.108603 3
1388571749.404003723 4.42069 -2.54519 0.891 -4.1 1.28213 0.315096  -0.0398911 0.0993867 3
1388571749.504256444 4.54321 -2.52651 0.893 -3.659 1.22217 0.186337  0.0199496 0.076775 3
1388571749.604509475 4.65896 -2.5069 0.887 -3.248 1.15455 0.195599  -0.0598486 0.0715519 3
1388571749.704752825 4.76931 -2.4775 0.889 -2.847 1.10082 0.293276  0.0199514 0.069818 3
1388571749.805147644 4.89233 -2.4454 0.89 -2.478 1.22541 0.319766  0 0.0641493 3
1388571749.905401806 5.01671 -2.42234 0.89 -2.127 1.24058 0.230023  0 0.0611057 3
1388571750.005654412 5.14164 -2.39979 0.884 -1.793 1.24621 0.224889  -0.0598488 0.0581471 3
1388571750.105900466 5.26381 -2.38001 0.882 -1.568 1.21866 0.197281  -0.0199509 0.0391736 3
1388571750.206172715 5.38465 -2.36152 0.88 -1.359 1.20508 0.18441  -0.0199457 0.0363783 3
1388571750.306426581 5.50163 -2.34721 0.881 -1.003 1.16684 0.142745  0 0.0619765 3
1388571750.406677550 5.61932 -2.33455 0.886 -0.530001 1.174 0.126317  0.0498748 0.0823473 3
1388571750.506928789 5.73692 -2.3196 0.884 -0.066 1.17305 0.149071  -0.0199499 0.0807804 3
1388571750.607178201 5.85494 -2.30023 0.887 0.161999 1.17722 0.19326  0.0299254 0.0396943 3
1388571750.707429916 5.96825 -2.28036 0.885 0.289 1.13032 0.198214  -0.0199498 0.0221102 3
1388571750.807695248 6.0815 -2.25721 0.889 0.423 1.12944 0.230838  0.0398941 0.0233257 3
1388571750.907952338 6.19513 -2.23413 0.895 0.586 1.13341 0.230273  0.0598461 0.0283759 3
1388571751.008206976 6.30778 -2.21455 0.911 0.784 1.12363 0.195219  0.159594 0.0344697 3
1388571751.108459529 6.38147 -2.19419 0.925 1.086 0.735044 0.203083  0.139647 0.0525762 3
1388571751.208712260 6.45419 -2.17568 0.942 1.634 0.725434 0.184698  0.169571 0.0954027 3
1388571751.308973307 6.52693 -2.16074 0.951 2.143 0.725502 0.149011  0.0897657 0.0886061 3
1388571751.409286071 6.59594 -2.14778 0.963 2.845 0.68792 0.129153  0.119626 0.12214 3
1388571751.509560732 6.64915 -2.13405 0.967 3.581 0.530619 0.136981  0.0398904 0.128104 3
1388571751.609817321 6.70961 -2.11649 0.969 4.343 0.603045 0.175097  0.0199488 0.132654 3
1388571751.710085200 6.77122 -2.09738 0.971 4.992 0.614454 0.190563  0.0199466 0.112969 3
1388571751.810346742 6.83981 -2.08169 0.964 5.221 0.684125 0.156529  -0.0698174 0.0398638 3
1388571751.910605976 6.91555 -2.06735 0.947 5.631 0.755401 0.143054  -0.16956 0.0713734 3
1388571752.010868349 6.99906 -2.0426 0.941 6.017 0.833 0.246802  -0.059843 0.0671937 3
1388571752.111132513 7.09305 -2.01595 0.923 6.293 0.937418 0.265839  -0.179526 0.048044 3
1388571752.211401261 7.20777 -1.984 0.905 6.545 1.14409 0.318676  -0.179518 0.0438646 3
1388571752.311666161 7.33001 -1.96862 0.881 6.761 1.21916 0.153386  -0.239366 0.0375994 3
1388571752.411940066 7.44883 -1.94913 0.856 6.934 1.18491 0.194352  -0.249317 0.0301118 3
1388571752.512210977 7.56237 -1.93352 0.83 7.089 1.1324 0.155629  -0.259298 0.0269793 3
1388571752.612484505 7.6703 -1.91832 0.806 7.229 1.07638 0.151579  -0.239345 0.0243682 3
1388571752.713316208 7.77668 -1.89726 0.779 7.379 1.05497 0.208912  -0.267773 0.0259639 3
1388571752.813570508 7.87982 -1.872 0.749 7.503 1.02878 0.251915  -0.299239 0.0215873 3
1388571752.913823581 7.98001 -1.84633 0.728 7.557 0.999425 0.256104  -0.20947 0.0094008 3
1388571753.014071907 8.07768 -1.81938 0.712 7.518 0.974256 0.268772  -0.159604 -0.00678985 3
1388571753.114316382 8.17526 -1.80676 0.699 7.386 0.973441 0.125897  -0.129683 -0.0229822 3
1388571753.214605200 8.2723 -1.79834 0.694 7.227 0.967522 0.0839877  -0.049856 -0.0276709 3
1388571753.314858095 8.36026 -1.77511 0.699 7.183 0.877473 0.231715  0.0498739 -0.00766019 3
1388571753.415112344 8.45947 -1.7602 0.714 7.417 0.989576 0.148702  0.14962 0.0407373 3
1388571753.515363054 8.56366 -1.73033 0.737 7.761 1.03929 0.297941  0.229425 0.0598892 3
1388571753.615613668 8.66833 -1.69839 0.762 8.218 1.044 0.3186  0.249375 0.0795623 3
1388571753.715879085 8.77909 -1.68576 0.784 8.721 1.10473 0.126004  0.219418 0.0875574 3
1388571753.816129375 8.89161 -1.67525 0.812 9.203 1.12236 0.104802  0.279301 0.0839149 3
1388571753.916389364 9.00181 -1.66498 0.834 9.672 1.09916 0.102499  0.21943 0.081644 3
1388571754.016649635 9.10271 -1.65623 0.857 10.201 1.00636 0.0872849  0.229403 0.0920881 3
1388571754.116908314 9.20357 -1.65083 0.874 10.855 1.00598 0.0538561  0.169561 0.11385 3
1388571754.217170946 9.29173 -1.644 0.888 11.486 0.87934 0.0680486  0.139633 0.109842 3
1388571754.317444705 9.3749 -1.63321 0.897 12.184 0.829426 0.107641  0.0897543 0.121491 3
1388571754.417710724 9.45032 -1.62046 0.909 12.767 0.752138 0.127141  0.119682 0.101483 3
1388571754.517971038 9.52205 -1.60351 0.905 13.368 0.715474 0.169113  -0.0398961 0.104622 3
1388571754.618235079 9.59188 -1.58073 0.904 14.001 0.696492 0.2272  0 0.110188 3
1388571754.718491446 9.66183 -1.55353 0.898 14.467 0.697704 0.271302  -0.0598466 0.0811243 3
1388571754.818745852 9.73312 -1.5127 0.896 14.904 0.711102 0.40725  -0.0199492 0.0760774 3
1388571754.919001443 9.80812 -1.4634 0.886 15.148 0.748038 0.491744  -0.0997451 0.0424774 3
1388571755.019255077 9.88757 -1.39238 0.881 15.104 0.792542 0.708355  -0.0498735 -0.0076598 3
1388571755.119504983 9.97901 -1.33047 0.87 14.594 0.912114 0.617638  -0.109726 -0.0887903 3
1388571755.219762139 10.0807 -1.27587 0.855 13.589 1.01432 0.544598  -0.149615 -0.174955 3
1388571755.320004945 10.1921 -1.22945 0.846 12.374 1.11152 0.463055  -0.089782 -0.211544 3
1388571755.420274303 10.3068 -1.19686 0.839 11.123 1.14366 0.325033  -0.069812 -0.217754 3
1388571755.520537401 10.4207 -1.17697 0.833 10.01 1.13608 0.198361  -0.0598426 -0.193746 3
1388571755.620782778 10.5341 -1.16853 0.83 9.194 1.13128 0.0841812  -0.0299266 -0.14207 3
1388571755.721047005 10.6463 -1.16195 0.829 8.696 1.11902 0.0656049  0 -0.0866885 3
1388571755.821314880 10.758 -1.15554 0.83 8.5 1.11429 0.0639782  0 -0.0341169 3
1388571755.921574355 10.8699 -1.13841 0.832 8.466 1.11619 0.170824  0.0199482 -0.00591883 3
1388571756.021825733 10.9835 -1.10696 0.831 8.565 1.13275 0.313727  0 0.0172353 3
1388571756.122092148 11.097 -1.08649 0.834 8.702 1.13149 0.204154  0.0299203 0.0238477 3
1388571756.222366950 11.2089 -1.06617 0.831 8.779 1.11626 0.202674  -0.0299178 0.0134021 3
1388571756.322622203 11.3155 -1.04582 0.833 8.823 1.06302 0.202969  0.0199491 0.00766001 3
1388571756.422880628 11.4238 -1.03155 0.837 8.86 1.08014 0.142306  0.0398969 0.00644086 3
1388571756.523138081 11.5324 -1.0135 0.836 8.921 1.08359 0.180003  0 0.0106193 3
1388571756.623389930 11.6377 -0.984662 0.836 9.016 1.04998 0.287683  0 0.0165389 3
1388571756.723642973 11.7418 -0.95504 0.837 9.2 1.03893 0.295479  0 0.0320333 3
1388571756.823938307 11.8331 -0.932496 0.833 9.359 0.910327 0.224773  -0.0398822 0.0276691 3
1388571756.924194515 11.9226 -0.908296 0.839 9.482 0.892552 0.24138  0.0598467 0.0214122 3
1388571757.024465592 12.0079 -0.884828 0.841 9.659 0.850995 0.234044  0.0199459 0.0308092 3
1388571757.124712119 12.0931 -0.862451 0.836 9.835 0.849205 0.223222  -0.049877 0.030642 3
1388571757.224967693 12.1768 -0.836763 0.844 9.948 0.835682 0.256228  0.0797961 0.0196718 3
1388571757.325220867 12.2615 -0.812435 0.838 9.994 0.844326 0.242668  -0.0598485 0.00800849 3
1388571757.425465793 12.3475 -0.788316 0.832 10.013 0.858311 0.240594  -0.0598534 0.0033082 3
1388571757.525728859 12.4425 -0.757563 0.831 10.116 0.947438 0.306726  0 0.0179298 3
1388571757.626021258 12.5426 -0.725835 0.832 10.199 0.998235 0.316352  0 0.014444 3
1388571757.726899321 12.6416 -0.693118 0.832 10.285 0.981205 0.324329  0 0.0148789 3
1388571757.827160545 12.7343 -0.665318 0.834 10.327 0.924564 0.277272  0.0199479 0.00731125 3
1388571757.927482888 12.8304 -0.639806 0.834 10.254 0.957827 0.254297  0 -0.0127003 3
1388571758.027745397 12.9293 -0.613006 0.838 10.147 0.986499 0.267304  0.0398953 -0.0186259 3
1388571758.127992307 13.0293 -0.58434 0.837 9.996 0.99773 0.285951  0 -0.0262897 3
1388571758.228266716 13.1295 -0.557308 0.836 9.794 0.999099 0.269585  0 -0.0351591 3
1388571758.328521245 13.2303 -0.533469 0.837 9.507 1.00543 0.237784  0 -0.0499636 3
1388571758.428777325 13.3331 -0.505534 0.837 9.157 1.02482 0.278635  0 -0.0609309 3
1388571758.529033449 13.4376 -0.477446 0.837 8.89 1.0431 0.280162  0 -0.0464809 3
1388571758.629307628 13.5388 -0.451619 0.837 8.583 1.0086 0.257562  0 -0.053435 3
1388571758.729572398 13.6476 -0.432542 0.831 8.33 1.08502 0.190272  -0.0598416 -0.0440403 3
1388571758.829831705 13.7566 -0.400767 0.823 7.855 1.08729 0.316923  -0.0797931 -0.0826888 3
1388571758.930084878 13.8662 -0.385711 0.821 7.635 1.09356 0.150186  -0.0199495 -0.0383002 3
1388571759.030341684 13.9659 -0.380382 0.818 7.423 0.993974 0.0531532  -0.0299232 -0.0369062 3
1388571759.130594729 14.0579 -0.376399 0.819 7.303 0.917582 0.0397229  0 -0.0208912 3
1388571759.230846614 14.1486 -0.382675 0.817 7.5 0.905544 -0.0626041  -0.0199497 0.0342967 3
1388571759.331098127 14.2391 -0.38424 0.816 7.788 0.902053 -0.0156113  0 0.0501394 3
1388571759.431445695 14.3203 -0.379041 0.813 7.788 0.809721 0.0518162  -0.0298961 0 3
1388571759.531724837 14.4087 -0.385598 0.817 7.487 0.88176 -0.0653863  0.0398887 -0.0523883 3
1388571759.631980991 14.4994 -0.395291 0.823 7.353 0.904421 -0.0966881  0.0598467 -0.0233278 3
1388571759.732241710 14.5921 -0.403713 0.826 7.946 0.924266 -0.0839968  0.029922 0.103229 3
1388571759.832497086 14.6849 -0.408219 0.832 9.388 0.925357 -0.0449493  0.0598472 0.251036 3
1388571759.885118168 14.7346 -0.408557 0.835 10.411 0.945446 0  0.0570114 0.339307 8
1388571759.985176219 14.8278 -0.399258 0.843 11.636 0.93185 0.0929389  0.0799536 0.213679 8
1388571760.085190440 14.9062 -0.390925 0.853 12.455 0.783429 0.083315  0.0999858 0.142922 8
1388571760.185114041 14.9809 -0.381248 0.864 12.947 0.747243 0.0968429  0.110084 0.085936 8
1388571760.285184761 15.058 -0.371129 0.869 13.159 0.770747 0.101125  0.0499647 0.0369751 8
1388571760.385116164 15.1179 -0.365791 0.875 13.166 0.599754 0.0534084  0.0600412 0.00122256 8
1388571760.485139209 15.1704 -0.360795 0.876 13.144 0.524386 0.0499505  0 -0.00383873 8
1388571760.585183555 15.1981 -0.362105 0.869 12.998 0.276946 -0.0130879  -0.069969 -0.0254705 8
1388571760.685193261 15.204 -0.369877 0.86 12.88 0.0593039 -0.0777218  -0.0899913 -0.0205929 4
1388571760.785189434 15.2046 -0.37076 0.848 12.807 0 0  -0.120005 -0.0127417 4
1388571760.885183764 15.2061 -0.379929 0.823 12.763 0.014514 -0.091695  -0.250014 -0.00767966 9
1388571760.985167544 15.2056 -0.389127 0.784 12.77 0 -0.0920027  -0.390063 0.00122192 9
1388571761.085164972 15.2046 -0.396575 0.753 12.749 0 -0.0744773  -0.310008 -0.00366527 9
1388571761.185428645 15.2032 -0.403251 0.726 12.742 -0.0138205 -0.0665804  -0.26929 -0.00121851 9
1388571761.285345434 15.2008 -0.40879 0.599 12.339 -0.024732 -0.0554409  -1.27106 -0.0703953 9
1388571761.385131554 15.1969 -0.413482 0.527 12.152 -0.0385794 -0.0470222  -0.721543 -0.0327077 9
1388571761.485189956 15.1923 -0.418077 0.444 11.912 -0.0459513 -0.0459221  -0.829516 -0.0418637 9
1388571761.585184484 15.1878 -0.417349 0.369 11.766 -0.0452591 0  -0.750041 -0.0254832 9
1388571761.685184690 15.1846 -0.419511 0.293 11.691 -0.0314645 -0.0216223  -0.759998 -0.0130901 9
1388571761.785181874 15.1828 -0.421091 0.232 11.598 -0.0183775 -0.0158042  -0.610017 -0.0162318 9
1388571761.885123033 15.1815 -0.417209 0.158 11.614 -0.0133384 0.0388448  -0.740436 0.00279397 9
1388571761.985179991 15.1972 -0.410881 0.103 11.635 0.15721 0.0632494  -0.549687 0.00366309 9
1388571762.085177670 15.1972 -0.410881 0 11.768 0 0  -1.03002 0.0232133 2
1388571762.185174843 15.1972 -0.410881 0 11.869 0 0  0 0.0176286 2
1388571762.285173803 15.1972 -0.410881 0 11.936 0 0  0 0.0116941 2
1388571762.385155173 15.1972 -0.410881 0 11.921 0 0  0 -0.00261838 2
1388571762.485184427 15.1972 -0.410881 0 11.929 0 0  0 0.00139575 2
1388571762.585175006 15.1972 -0.410881 0 11.939 0 0  0 0.0017452 2
1388571762.685176040 15.1972 -0.410881 0 11.937 0 0  0 -0.00034887 2
1388571762.785159864 15.1972 -0.410881 0 11.945 0 0  0 0.00139639 2
1388571762.985119711 15.1972 -0.410881 0 11.955 0 0  0 0.000872693 2
1388571763.085118767 15.1972 -0.410881 0 11.96 0 0  0 0.000872859 2
1388571763.185117692 15.1972 -0.410881 0 11.981 0 0  0 0.00366521 2
1388571763.285116138 15.1972 -0.410881 0 11.99 0 0  0 0.00157062 2
1388571763.385116602 15.1972 -0.410881 0 12.004 0 0  0 0.00244344 2
1388571763.485116926 15.1972 -0.410881 0 12.014 0 0  0 0.0017457 2
1388571763.585117556 15.1972 -0.410881 0 12.018 0 0  0 0.000697744 2
1388571763.685109851 15.1972 -0.410881 0 12.021 0 0  0 0.000524017 2
1388571763.785163337 15.1972 -0.410881 0 12.046 0 0  0 0.00436126 2
1388571763.885116281 15.1972 -0.410881 0 12.054 0 0  0 0.00139682 2
1388571763.985150441 15.1972 -0.410881 0 12.06 0 0  0 0.00104693 2
1388571764.085176627 15.1972 -0.410881 0 12.07 0 0  0 0.00174458 2
1388571764.185177697 15.1972 -0.410881 0 12.078 0 0  0 0.00139615 2
1388571764.285173580 15.1972 -0.410881 0 12.086 0 0  0 0.00139622 2
1388571764.385180174 15.1972 -0.410881 0 12.095 0 0  0 0.00157116 2
1388571764.485185157 15.1972 -0.410881 0 12.101 0 0  0 0.00104657 2
1388571764.585176824 15.1972 -0.410881 0 12.115 0 0  0 0.00244365 2
1388571764.685153371 15.1972 -0.410881 0 12.126 0 0  0 0.00192059 2
1388571764.785120811 15.1972 -0.410881 0 12.135 0 0  0 0.00157111 2
1388571764.885139093 15.1972 -0.410881 0 12.144 0 0  0 0.00157098 2
1388571764.985120082 15.1972 -0.410881 0 12.153 0 0  0 0.0015709 2
1388571765.085190528 15.1972 -0.410881 0 12.163 0 0  0 0.00174381 2
1388571765.185109447 15.1972 -0.410881 0 12.172 0 0  0 0.00157254 2
1388571765.285163159 15.1972 -0.410881 0 12.18 0 0  0 0.00139541 2
1388571765.385148011 15.1972 -0.410881 0 12.193 0 0  0 0.00226936 2
1388571765.485140640 15.1972 -0.410881 0 12.197 0 0  0 0.0006978 2
1388571765.585191170 15.1972 -0.410881 0 12.209 0 0  0 0.00209352 2
1388571765.685177453 15.1972 -0.410881 0 12.218 0 0  0 0.00157081 2
1388571765.785108207 15.1972 -0.410881 0 12.227 0 0  0 0.00157235 2
1388571765.885153608 15.1972 -0.410881 0 12.236 0 0  0 0.00156989 2
1388571765.985134372 15.1972 -0.410881 0 12.243 0 0  0 0.00122196 2
1388571766.085179679 15.1972 -0.410881 0 12.251 0 0  0 0.00139553 2
1388571766.185115826 15.1972 -0.410881 0 12.258 0 0  0 0.00122251 2
1388571766.285193721 15.1972 -0.410881 0 12.268 0 0  0 0.00174368 2
1388571766.385153215 15.1972 -0.410881 0 12.279 0 0  0 0.00192092 2
1388571766.485162176 15.1972 -0.410881 0 12.285 0 0  0 0.00104719 2
1388571766.585180465 15.1972 -0.410881 0 12.292 0 0  0 0.0012215 2
1388571766.685177824 15.1972 -0.410881 0 12.3 0 0  0 0.0013962 2
1388571766.785169237 15.1972 -0.410881 0 12.309 0 0  0 0.00157073 2
1388571766.885175953 15.1972 -0.410881 0 12.319 0 0  0 0.00174558 2
1388571766.985194471 15.1972 -0.410881 0 12.328 0 0  0 0.00157031 2
1388571767.085189264 15.1972 -0.410881 0 12.34 0 0  0 0.00209469 2
1388571767.185187982 15.1972 -0.410881 0 12.35 0 0  0 0.00174506 2
1388571767.285177678 15.1972 -0.410881 0 12.359 0 0  0 0.00157143 2
1388571767.385128154 15.1972 -0.410881 0 12.369 0 0  0 0.0017459 2
1388571767.485131826 15.1972 -0.410881 0 12.379 0 0  0 0.00174497 2
1388571767.585122683 15.1972 -0.410881 0 12.387 0 0  0 0.00139696 2
1388571767.685185813 15.1972 -0.410881 0 12.394 0 0  0 0.00122095 2
1388571767.785175287 15.1972 -0.410881 0 12.402 0 0  0 0.00139631 2
1388571767.885107337 15.1972 -0.410881 0 12.412 0 0  0 0.00174622 2
1388571767.985180180 15.1972 -0.410881 0 12.422 0 0  0 0.00174443 2
1388571768.085177088 15.1972 -0.410881 0 12.433 0 0  0 0.00191953 2
1388571768.185125323 15.1972 -0.410881 0 12.443 0 0  0 0.00174661 2
1388571768.285182227 15.1972 -0.410881 0 12.449 0 0  0 0.00104669 2
1388571768.385124972 15.1972 -0.410881 0 12.456 0 0  0 0.00122243 2
1388571768.485157110 15.1972 -0.410881 0 12.461 0 0  0 0.000871905 2
1388571768.585119905 15.1972 -0.410881 0 12.476 0 0  0 0.00261886 2
1388571768.685116709 15.1972 -0.410881 0 12.484 0 0  0 0.00139687 2
1388571768.785174228 15.1972 -0.410881 0 12.493 0 0  0 0.0015697 2
1388571768.885141932 15.1972 -0.410881 0 12.501 0 0  0 0.00139661 2
1388571768.985137625 15.1972 -0.410881 0 12.505 0 0  0 0.000698444 2
1388571769.085150585 15.1972 -0.410881 0 12.515 0 0  0 0.00174481 2
1388571769.185122808 15.1972 -0.410881 0 12.524 0 0  0 0.00157104 2
1388571769.285172624 15.1972 -0.410881 0 12.533 0 0  0 0.00157048 2
1388571769.385172334 15.1972 -0.410881 0 12.538 0 0  0 0.000872188 2
1388571769.485142211 15.1972 -0.410881 0 12.546 0 0  0 0.00139725 2
1388571769.585113205 15.1972 -0.410881 0 12.555 0 0  0 0.00157105 2
1388571769.685182039 15.1972 -0.410881 0 12.564 0 0  0 0.00156952 2
1388571769.785144102 15.1972 -0.410881 0 12.569 0 0  0 0.000873182 2
1388571769.885114746 15.1972 -0.410881 0 12.576 0 0  0 0.00122208 2
1388571769.985150433 15.1972 -0.410881 0 12.587 0 0  0 0.00191879 2
1388571770.085175662 15.1972 -0.410881 0 12.594 0 0  0 0.00122142 2
1388571770.185142613 15.1972 -0.410881 0 12.604 0 0  0 0.00174628 2
1388571770.285112549 15.1972 -0.410881 0 12.612 0 0  0 0.00139658 2
1388571770.385164822 15.1972 -0.410881 0 12.622 0 0  0 0.00174412 2
1388571770.485147345 15.1972 -0.410881 0 12.631 0 0  0 0.00157154 2
1388571770.585172655 15.1972 -0.410881 0 12.644 0 0  0 0.00226844 2
1388571770.685173845 15.1972 -0.410881 0 12.652 0 0  0 0.00139615 2
1388571770.785173607 15.1972 -0.410881 0 12.659 0 0  0 0.00122173 2
1388571770.885175145 15.1972 -0.410881 0 12.67 0 0  0 0.00191944 2
1388571770.985172689 15.1972 -0.410881 0 12.679 0 0  0 0.0015713 2
1388571771.085137357 15.1972 -0.410881 0 12.69 0 0  0 0.00192015 2
1388571771.185168268 15.1972 -0.410881 0 12.7 0 0  0 0.00174516 2
1388571771.285177772 15.1972 -0.410881 0 12.71 0 0  0 0.00174487 2
1388571771.385140956 15.1972 -0.410881 0 12.719 0 0  0 0.00157118 2
1388571771.485191691 15.1972 -0.410881 0 12.727 0 0  0 0.00139612 2
1388571771.585107933 15.1972 -0.410881 0 12.736 0 0  0 0.00157192 2
1388571771.685149281 15.1972 -0.410881 0 12.743 0 0  0 0.00122122 2
1388571771.785113793 15.1972 -0.410881 0 12.755 0 0  0 0.00209532 2
1388571771.885110406 15.1972 -0.410881 0 12.763 0 0  0 0.00139621 2
1388571771.985158883 15.1972 -0.410881 0 12.772 0 0  0 0.00156984 2
1388571772.085146040 15.1972 -0.410881 0 12.782 0 0  0 0.00174526 2
1388571772.185113808 15.1972 -0.410881 0 12.792 0 0  0 0.00174626 2
1388571772.285158977 15.1972 -0.410881 0 12.801 0 0  0 0.00156989 2
1388571772.385132517 15.1972 -0.410881 0 12.809 0 0  0 0.00139653 2
1388571772.485199162 15.1972 -0.410881 0 12.815 0 0  0 0.00104659 2
1388571772.585152637 15.1972 -0.410881 0 12.822 0 0  0 0.00122229 2
1388571772.685141373 15.1972 -0.410881 0 12.827 0 0  0 0.000872949 2
