0.435739 -0.212216 0.979 3.60631
0.547483 -0.202659 0.979387 3.70631
0.6499 -0.170922 0.979867 3.80631
0.741915 -0.12134 0.980394 3.90631
0.823401 -0.0578877 0.98094 4.00631
0.894933 0.0158955 0.981488 4.10631
0.957576 0.0969273 0.982026 4.20631
1.01689 0.179716 0.982545 4.30631
1.07859 0.259806 0.983036 4.40631
1.14352 0.336628 0.983488 4.50631
1.21072 0.411088 0.983893 4.60631
1.27878 0.484587 0.984244 4.70631
1.38913 0.487566 0.984318 4.80631
1.49073 0.509063 0.984374 4.90631
1.58365 0.54559 0.984388 5.00631
1.66862 0.593609 0.984345 5.10631
1.74684 0.650164 0.984238 5.20631
1.81964 0.712981 0.984062 5.30631
1.88827 0.780367 0.983818 5.40631
1.95383 0.851075 0.983506 5.50631
2.01721 0.924183 0.983132 5.60631
2.07914 0.999004 0.982698 5.70631
2.14018 1.07502 0.982208 5.80631
2.20075 1.15184 0.981668 5.90631
2.26117 1.22916 0.981082 6.00631
2.32168 1.30676 0.980454 6.10631
2.38244 1.38447 0.979787 6.20631
2.44355 1.46216 0.979087 6.30631
2.50509 1.53973 0.978356 6.40631
2.56709 1.61713 0.977597 6.50631
2.62959 1.69429 0.976814 6.60631
2.69258 1.7712 0.97601 6.70631
2.75605 1.84782 0.975187 6.80631
2.81998 1.92416 0.974346 6.90631
2.88436 2.00022 0.973491 7.00631
2.94916 2.07599 0.972623 7.10631
3.01436 2.15147 0.971743 7.20631
3.07993 2.2267 0.970853 7.30631
3.14584 2.30166 0.969954 7.40631
3.21207 2.37638 0.969048 7.50631
3.27859 2.45087 0.968134 7.60631
3.34539 2.52515 0.967215 7.70631
3.41244 2.59922 0.966291 7.80631
3.47972 2.6731 0.965362 7.90631
3.54721 2.7468 0.964429 8.00631
3.6149 2.82033 0.963493 8.10631
3.68277 2.89371 0.962554 8.20631
3.7508 2.96695 0.961612 8.30631
3.81899 3.04006 0.960668 8.40631
3.88731 3.11304 0.959723 8.50631
3.95577 3.1859 0.958775 8.60631
4.02434 3.25866 0.957826 8.70631
4.09302 3.33133 0.956876 8.80631
4.1618 3.4039 0.955924 8.90631
4.23067 3.47639 0.954972 9.00631
4.29962 3.5488 0.954019 9.10631
4.36865 3.62114 0.953065 9.20631
4.43776 3.69341 0.952111 9.30631
4.50692 3.76562 0.951156 9.40631
4.57615 3.83778 0.9502 9.50631
4.64543 3.90988 0.949244 9.60631
4.71477 3.98194 0.948288 9.70631
4.78415 4.05395 0.947332 9.80631
4.85357 4.12592 0.946375 9.90631
4.92303 4.19786 0.945418 10.0063
4.99253 4.26976 0.944461 10.1063
5.06207 4.34162 0.943503 10.2063
5.13163 4.41346 0.942546 10.3063
5.20122 4.48527 0.941588 10.4063
5.27084 4.55706 0.94063 10.5063
5.34048 4.62882 0.939672 10.6063
5.41015 4.70056 0.938714 10.7063
5.47983 4.77228 0.937756 10.8063
5.54953 4.84399 0.936798 10.9063
5.61925 4.91567 0.93584 11.0063
5.68899 4.98734 0.934882 11.1063
5.75874 5.059 0.933924 11.2063
5.8285 5.13065 0.932966 11.3063
5.89828 5.20228 0.932007 11.4063
6.00803 5.20256 0.932085 11.5063
6.10765 5.22358 0.932183 11.6063
6.19804 5.26023 0.932286 11.7063
6.28161 5.30678 0.932385 11.8063
6.36123 5.35877 0.932473 11.9063
6.43945 5.41298 0.932546 12.0063
6.51817 5.46713 0.932603 12.1063
6.59862 5.51954 0.932641 12.2063
6.68154 5.56893 0.932661 12.3063
6.76723 5.61435 0.932663 12.4063
6.85571 5.65507 0.932646 12.5063
6.94681 5.69059 0.932612 12.6063
7.04023 5.72055 0.932561 12.7063
7.1356 5.74472 0.932495 12.8063
7.23252 5.76299 0.932413 12.9063
7.33059 5.77532 0.932316 13.0063
7.42939 5.78173 0.932206 13.1063
7.52854 5.78226 0.932084 13.2063
7.62769 5.777 0.931949 13.3063
7.72648 5.76604 0.931803 13.4063
7.82458 5.7495 0.931646 13.5063
7.92168 5.7275 0.93148 13.6063
8.01749 5.70015 0.931304 13.7063
8.11171 5.6676 0.931119 13.8063
8.20408 5.62999 0.930926 13.9063
8.29434 5.58746 0.930725 14.0063
8.38224 5.54018 0.930517 14.1063
8.46754 5.48829 0.930301 14.2063
8.55001 5.43197 0.93008 14.3063
8.65907 5.38774 0.928056 14.4063
8.76036 5.33467 0.925397 14.5063
8.85555 5.27614 0.922376 14.6063
8.94608 5.21421 0.919181 14.7063
9.03306 5.15016 0.91594 14.8063
9.11736 5.08481 0.91274 14.9063
9.19963 5.01869 0.909635 15.0063
9.28037 4.95215 0.906656 15.1063
9.35997 4.88542 0.903823 15.2063
9.4387 4.81865 0.90114 15.3063
9.5168 4.75194 0.898607 15.4063
9.59442 4.68535 0.89622 15.5063
9.67169 4.61893 0.89397 15.6063
9.74872 4.5527 0.891848 15.7063
9.82558 4.48666 0.889842 15.8063
9.90233 4.42083 0.887943 15.9063
9.97901 4.35519 0.88614 16.0063
10.0557 4.28974 0.884424 16.1063
10.1323 4.22448 0.882784 16.2063
10.2089 4.15939 0.881213 16.3063
10.2856 4.09446 0.879703 16.4063
10.3623 4.02969 0.878247 16.5063
10.439 3.96506 0.876838 16.6063
10.5158 3.90056 0.87547 16.7063
10.5926 3.83618 0.874139 16.8063
10.6695 3.77191 0.872841 16.9063
10.7464 3.70775 0.871571 17.0063
10.8234 3.64368 0.870325 17.1063
10.9004 3.57969 0.869101 17.2063
10.9774 3.51579 0.867895 17.3063
11.0545 3.45196 0.866706 17.4063
11.1316 3.3882 0.865532 17.5063
11.2088 3.3245 0.86437 17.6063
11.286 3.26086 0.863219 17.7063
11.3632 3.19727 0.862077 17.8063
11.4404 3.13373 0.860944 17.9063
11.5177 3.07023 0.859817 18.0063
11.595 3.00677 0.858697 18.1063
11.6724 2.94335 0.857583 18.2063
11.7498 2.87996 0.856473 18.3063
11.8271 2.8166 0.855368 18.4063
11.9045 2.75327 0.854266 18.5063
11.982 2.68997 0.853167 18.6063
12.0594 2.6267 0.852071 18.7063
12.1369 2.56344 0.850977 18.8063
12.2144 2.50021 0.849885 18.9063
12.2918 2.43699 0.848795 19.0063
12.3693 2.37379 0.847707 19.1063
12.4469 2.31061 0.846619 19.2063
12.5244 2.24744 0.845533 19.3063
12.6019 2.18428 0.844449 19.4063
12.6795 2.12114 0.843365 19.5063
12.757 2.05801 0.842281 19.6063
12.8346 1.99489 0.841199 19.7063
12.9122 1.93178 0.840117 19.8063
12.9897 1.86867 0.839035 19.9063
13.0673 1.80558 0.837954 20.0063
13.1449 1.74249 0.836873 20.1063
13.2225 1.67941 0.835793 20.2063
13.3001 1.61634 0.834713 20.3063
13.3777 1.55327 0.833633 20.4063
13.4553 1.49021 0.832553 20.5063
13.5329 1.42715 0.831473 20.6063
13.6105 1.36409 0.830394 20.7063
13.6882 1.30105 0.829315 20.8063
13.7658 1.238 0.828236 20.9063
13.8434 1.17496 0.827157 21.0063
13.921 1.11192 0.826078 21.1063
13.9987 1.04888 0.824999 21.2063
14.0763 0.985852 0.823921 21.3063
14.1539 0.922821 0.822842 21.4063
14.2316 0.859793 0.821763 21.5063
14.3092 0.796768 0.820685 21.6063
14.3869 0.733744 0.819606 21.7063
14.4645 0.670722 0.818528 21.8063
14.5421 0.607702 0.817449 21.9063
14.6198 0.544683 0.816371 22.0063
14.6974 0.481666 0.815292 22.1063
14.8087 0.444834 0.815258 22.2063
14.913 0.400835 0.81521 22.3063
15.0125 0.352896 0.815149 22.4063
15.1093 0.304112 0.81508 22.5063
15.2052 0.25685 0.815003 22.6063
15.3012 0.212766 0.81492 22.7063
15.398 0.172959 0.814833 22.8063
15.4959 0.138124 0.814741 22.9063
15.5949 0.108674 0.814645 23.0063
15.6948 0.0848342 0.814547 23.1063
15.7955 0.0667045 0.814446 23.2063
15.8966 0.0543075 0.814342 23.3063
