0.0587122 -0.209833 0.959 0.999988
0.087496 -0.208306 0.964563 1.09999
0.127435 -0.211817 0.967851 1.19999
0.176507 -0.219533 0.969587 1.29999
0.233146 -0.230801 0.97027 1.39999
0.296052 -0.245215 0.970245 1.49999
0.364103 -0.262589 0.96975 1.59999
0.436318 -0.282904 0.968951 1.69999
0.511823 -0.306254 0.96796 1.79999
0.589831 -0.332799 0.966856 1.89999
0.669633 -0.362724 0.965694 1.99999
0.696794 -0.363524 0.970698 2.09999
0.734518 -0.370446 0.973236 2.19999
0.781268 -0.381809 0.974099 2.29999
0.835887 -0.395911 0.973838 2.39999
0.897435 -0.411159 0.972833 2.49999
0.965091 -0.426134 0.971345 2.59999
1.03809 -0.439637 0.969555 2.69999
1.11569 -0.45069 0.967586 2.79999
1.19717 -0.458529 0.96552 2.89999
1.22507 -0.446912 0.969503 2.99999
1.26426 -0.436789 0.970604 3.09999
1.31314 -0.428461 0.969783 3.19999
1.37023 -0.422008 0.967724 3.29999
1.43422 -0.417301 0.964911 3.39999
1.50401 -0.414092 0.961681 3.49999
1.57865 -0.412089 0.958267 3.59999
1.65736 -0.411005 0.954822 3.69999
1.73949 -0.41058 0.951448 3.79999
1.82448 -0.410594 0.948207 3.89999
1.91189 -0.410868 0.945133 3.99999
2.00131 -0.411264 0.942244 4.09999
2.09244 -0.411676 0.939544 4.19999
2.18499 -0.412025 0.937028 4.29999
2.27874 -0.412258 0.934688 4.39999
2.3735 -0.412338 0.932512 4.49999
2.4691 -0.412241 0.930485 4.59999
2.56541 -0.411956 0.928594 4.69999
2.6623 -0.411478 0.926825 4.79999
2.7597 -0.410808 0.925165 4.89999
2.85752 -0.409949 0.923602 4.99999
2.95568 -0.408911 0.922124 5.09999
3.05414 -0.407701 0.920721 5.19999
3.15284 -0.406329 0.919383 5.29999
3.25174 -0.404805 0.918103 5.39999
3.35082 -0.403139 0.916873 5.49999
3.45004 -0.401342 0.915686 5.59999
3.54939 -0.399422 0.914537 5.69999
3.64883 -0.39739 0.913421 5.79999
3.74835 -0.395253 0.912333 5.89999
3.84795 -0.39302 0.91127 5.99999
3.94761 -0.390698 0.910228 6.09999
4.04731 -0.388295 0.909205 6.19999
4.14706 -0.385816 0.908197 6.29999
4.24684 -0.383268 0.907204 6.39999
4.34665 -0.380656 0.906222 6.49999
4.44648 -0.377986 0.905251 6.59999
4.54633 -0.375261 0.904288 6.69999
4.6462 -0.372488 0.903333 6.79999
4.74608 -0.369668 0.902385 6.89999
4.84598 -0.366807 0.901442 6.99999
4.94588 -0.363907 0.900504 7.09999
5.04579 -0.360971 0.899571 7.19999
5.14571 -0.358003 0.898641 7.29999
5.24563 -0.355005 0.897714 7.39999
5.34556 -0.351979 0.89679 7.49999
5.44549 -0.348927 0.895868 7.59999
5.54542 -0.345853 0.894948 7.69999
5.64536 -0.342756 0.89403 7.79999
5.7453 -0.33964 0.893114 7.89999
5.84524 -0.336505 0.892199 7.99999
5.94518 -0.333354 0.891285 8.09999
6.04512 -0.330187 0.890372 8.19999
6.14506 -0.327006 0.88946 8.29999
6.245 -0.323812 0.888548 8.39999
6.34495 -0.320605 0.887637 8.49999
6.44489 -0.317388 0.886727 8.59999
6.54484 -0.31416 0.885817 8.69999
6.64478 -0.310923 0.884908 8.79999
6.74473 -0.307677 0.883999 8.89999
6.84467 -0.304423 0.88309 8.99999
6.94462 -0.301162 0.882181 9.09999
7.04456 -0.297893 0.881273 9.19999
7.14451 -0.294619 0.880365 9.29999
7.24445 -0.291339 0.879457 9.39999
7.3444 -0.288053 0.878549 9.49999
7.44434 -0.284763 0.877641 9.59999
7.54429 -0.281468 0.876734 9.69999
7.64423 -0.278169 0.875826 9.79999
7.74418 -0.274867 0.874919 9.89999
7.84412 -0.27156 0.874011 9.99999
7.94407 -0.268251 0.873104 10.1
8.04401 -0.264938 0.872197 10.2
8.14396 -0.261623 0.87129 10.3
8.2439 -0.258305 0.870382 10.4
8.34385 -0.254985 0.869475 10.5
8.44379 -0.251663 0.868568 10.6
8.54374 -0.248338 0.867661 10.7
8.64368 -0.245012 0.866754 10.8
8.74363 -0.241684 0.865847 10.9
8.84357 -0.238355 0.86494 11
8.94351 -0.235024 0.864033 11.1
9.04346 -0.231692 0.863126 11.2
9.1434 -0.228359 0.862219 11.3
9.24335 -0.225025 0.861312 11.4
9.34329 -0.221689 0.860405 11.5
9.44324 -0.218353 0.859498 11.6
9.54318 -0.215016 0.858591 11.7
9.64312 -0.211678 0.857684 11.8
9.74307 -0.208339 0.856777 11.9
9.84301 -0.204999 0.85587 12
9.94296 -0.201659 0.854963 12.1
10.0429 -0.198319 0.854056 12.2
10.1428 -0.194977 0.853149 12.3
10.2428 -0.191636 0.852242 12.4
10.3427 -0.188294 0.851336 12.5
10.4427 -0.184951 0.850429 12.6
10.5426 -0.181608 0.849522 12.7
10.6426 -0.178265 0.848615 12.8
10.7425 -0.174921 0.847708 12.9
10.8425 -0.171577 0.846801 13
10.9424 -0.168233 0.845894 13.1
11.0423 -0.164889 0.844987 13.2
11.1423 -0.161544 0.84408 13.3
11.2422 -0.158199 0.843173 13.4
11.3422 -0.154854 0.842266 13.5
11.4421 -0.151509 0.841359 13.6
11.5421 -0.148164 0.840452 13.7
11.642 -0.144818 0.839545 13.8
11.742 -0.141472 0.838639 13.9
11.8419 -0.138126 0.837732 14
11.9418 -0.13478 0.836825 14.1
12.0418 -0.131434 0.835918 14.2
12.1417 -0.128088 0.835011 14.3
12.2417 -0.124742 0.834104 14.4
12.3416 -0.121396 0.833197 14.5
12.4416 -0.118049 0.83229 14.6
12.5415 -0.114703 0.831383 14.7
12.6414 -0.111356 0.830476 14.8
12.7414 -0.108009 0.829569 14.9
12.8413 -0.104663 0.828662 15
12.9413 -0.101316 0.827755 15.1
13.0412 -0.0979691 0.826849 15.2
13.1412 -0.0946222 0.825942 15.3
13.2411 -0.0912753 0.825035 15.4
13.3411 -0.0879284 0.824128 15.5
13.441 -0.0845814 0.823221 15.6
13.5409 -0.0812344 0.822314 15.7
13.6409 -0.0778874 0.821407 15.8
13.7408 -0.0745403 0.8205 15.9
13.8408 -0.0711932 0.819593 16
13.9407 -0.0678461 0.818686 16.1
14.0407 -0.064499 0.817779 16.2
14.1406 -0.0611518 0.816872 16.3
14.2406 -0.0578046 0.815966 16.4
14.3405 -0.0544575 0.815059 16.5
14.4404 -0.0511103 0.814152 16.6
14.5404 -0.047763 0.813245 16.7
14.6403 -0.0444158 0.812338 16.8
14.7403 -0.0410686 0.811431 16.9
14.8402 -0.0377213 0.810524 17
14.9402 -0.034374 0.809617 17.1
15.0401 -0.0310268 0.80871 17.2
15.14 -0.0276795 0.807803 17.3
15.24 -0.0243322 0.806896 17.4
15.3399 -0.0209849 0.805989 17.5
15.4399 -0.0176376 0.805082 17.6
15.5398 -0.0142903 0.804176 17.7
15.6398 -0.010943 0.803269 17.8
15.7397 -0.00759563 0.802362 17.9
15.8397 -0.00424831 0.801455 18
15.8682 0.00715477 0.807013 18.1
