1.38873e+09 -0.429714 0.204454 0.847 22 -0.0728126 0.0346436  0.143519 0.065062 7
1.38873e+09 -0.438466 0.211253 0.818 21.659 -0.0875394 0.068004  -0.290047 -0.0595254 7
1.38873e+09 -0.447219 0.221016 0.793 21.36 -0.0875111 0.0976131  -0.249958 -0.0521765 7
1.38873e+09 -0.457768 0.23325 0.77 21.036 -0.105648 0.12252  -0.230347 -0.0566342 7
1.38873e+09 -0.46903 0.247799 0.756 20.79 -0.112517 0.145355  -0.139871 -0.0428952 7
1.38873e+09 -0.478966 0.264897 0.744 20.558 -0.099358 0.170986  -0.120001 -0.0404921 7
1.38873e+09 -0.487883 0.275992 0.74 20.376 -0.0892068 0.110992  -0.0400147 -0.0317769 7
1.38873e+09 -0.495104 0.280782 0.747 20.208 -0.0721424 0.0478525  0.0699342 -0.0292938 7
1.38873e+09 -0.503172 0.284411 0.761 20.094 -0.0807336 0.0363114  0.140098 -0.0199108 7
1.38873e+09 -0.510933 0.287897 0.756 20.013 -0.0775585 0.0348392  -0.049966 -0.0141274 7
1.38873e+09 -0.516472 0.292146 0.756 19.912 -0.0553872 0.0424858  0 -0.0176279 7
1.38873e+09 -0.521582 0.295065 0.745 19.83 -0.0511037 0.029197  -0.109999 -0.0143117 7
1.38873e+09 -0.526287 0.298247 0.744 19.663 -0.0470962 0.0318473  -0.0100105 -0.0291777 7
1.38873e+09 -0.530124 0.301431 0.742 19.509 -0.0383617 0.0318281  -0.0199921 -0.0268673 7
1.38873e+09 -0.532633 0.301888 0.743 19.372 -0.0250703 0  0 -0.0239004 7
1.38873e+09 -0.532864 0.299676 0.744 19.291 0 -0.0221302  0.0100048 -0.0141438 4
6.34193e-05 -0.602562 0.101806 0.747 0.0019989 0 -0.049937  0.0299393 -3.35976 4
0.100131 -0.603417 0.0960941 0.753 0.0699997 0 -0.0570813  0.0599595 0.0118604 4
0.200013 -0.602826 0.0889971 0.756 0.190001 0 -0.0710535  0.0300353 0.0209687 4
0.300127 -0.601654 0.0824817 0.765 0.292999 0.0117 -0.0650794  0.0898976 0.0179562 4
0.399822 -0.59948 0.076154 0.765 0.414 0.0218091 -0.0634708  0 0.0211831 4
0.499842 -0.596546 0.0709807 0.753 0.536999 0.0293319 -0.0517234  -0.119977 0.0214632 4
0.599817 -0.592518 0.0667544 0.741 0.701 0.0402972 -0.0422732  -0.12003 0.0286309 4
0.699793 -0.58817 0.0617073 0.738 0.865 0.0434863 -0.0504828  -0.0300071 0.0286301 4
0.79984 -0.582158 0.0568942 0.728 1.07 0.0600944 -0.048108  -0.0999527 0.0357623 4
0.899798 -0.576506 0.0543741 0.721 1.197 0.0565446 -0.0252121  -0.0700294 0.0221751 4
0.999782 -0.570086 0.0540323 0.723 1.286 0.0642048 0  0.0200033 0.0155358 4
1.0998 -0.563373 0.0553976 0.721 1.364 0.0671171 0.0136502  -0.0199963 0.0136112 4
1.1998 -0.557126 0.0582351 0.72 1.403 0.0624772 0.0283748  -0.0100001 0.00680677 4
1.29982 -0.550159 0.0622516 0.726 1.428 0.0696576 0.0401578  0.0599886 0.00436243 4
1.39986 -0.54448 0.0670988 0.721 1.43 0.0567575 0.0484499  -0.0499779 0.000349052 4
1.50008 -0.539919 0.0739005 0.719 1.388 0.0455134 0.0678733  -0.0199576 -0.00731482 4
1.70119 -0.529093 0.0931129 0.75 1.39 0.0538301 0.0955288  0.15414 0.000173469 3
1.80195 -0.524966 0.100431 0.758 1.423 0.0409588 0.0726266  0.0793982 0.00571642 3
1.90249 -0.521383 0.106567 0.761 1.412 0.0356379 0.0610289  0.0298384 -0.00190979 3
2.00386 -0.517974 0.109308 0.76 1.926 0.0336358 0.0270441  0 0.0885023 3
2.10455 -0.514856 0.109824 0.74 2.935 0.0309585 0  -0.198628 0.174896 3
2.20512 -0.506729 0.111341 0.729 3.836 0.0808143 0.0150826  -0.109374 0.15636 3
2.30587 -0.485793 0.116566 0.714 4.714 0.207795 0.051866  -0.148883 0.152099 3
2.40652 -0.446966 0.124418 0.707 5.535 0.385765 0.0780102  -0.0695474 0.142365 3
2.50716 -0.391077 0.136349 0.706 6.23 0.555317 0.118542  0 0.120526 3
2.60766 -0.324372 0.153046 0.709 7.007 0.663781 0.166156  0.0298527 0.134946 3
2.70835 -0.249994 0.173121 0.717 7.816 0.738685 0.199376  0.0794521 0.14023 3
2.80906 -0.159596 0.197357 0.725 8.685 0.897554 0.240638  0.0794314 0.150591 3
2.90974 -0.0663052 0.225522 0.731 9.573 0.926583 0.279738  0.0595932 0.153934 3
3.01024 0.0287273 0.257652 0.74 10.606 0.945656 0.319717  0.0895578 0.179407 3
3.11089 0.133071 0.292373 0.744 11.729 1.03672 0.344975  0.0397424 0.194739 3
3.21149 0.242814 0.328285 0.75 12.931 1.09081 0.356954  0.0596381 0.208523 3
3.31227 0.350755 0.366984 0.752 14.214 1.07106 0.383996  0.0198453 0.222194 3
3.41296 0.440657 0.410857 0.759 15.558 0.892903 0.435743  0.0695238 0.232976 3
3.51364 0.512911 0.456466 0.765 16.824 0.71761 0.452986  0.0595908 0.219452 3
3.61443 0.546473 0.503144 0.772 17.902 0.332988 0.463115  0.0694506 0.18667 3
3.7151 0.575921 0.5438 0.783 18.646 0.292534 0.403872  0.109273 0.128994 3
3.81569 0.650234 0.585728 0.792 19.193 0.738802 0.41684  0.089476 0.0949138 3
3.9161 0.750115 0.651758 0.798 19.708 0.994709 0.657587  0.0597536 0.0895152 3
4.01688 0.871725 0.735103 0.801 20.25 1.20669 0.827001  0.029768 0.0938652 3
4.11769 0.998414 0.821953 0.802 20.905 1.25669 0.86151  0 0.113398 3
4.21853 1.12625 0.893356 0.802 20.929 1.26766 0.708066  0 0.00415417 3
4.3193 1.25471 0.967318 0.805 20.665 1.27482 0.733995  0.0297719 -0.0457264 3
4.41981 1.40592 1.05225 0.809 20.669 1.50446 0.844988  0.0397963 0.000694195 3
4.52026 1.54952 1.13664 0.815 21.264 1.42955 0.840083  0.0597305 0.103381 3
4.62081 1.67111 1.21507 0.821 22.257 1.20932 0.780111  0.0596745 0.172371 3
4.72163 1.79384 1.286 0.83 23.208 1.21732 0.703511  0.0892679 0.164631 3
4.82246 1.89985 1.34751 0.838 23.782 1.05123 0.609991  0.0793366 0.0993513 3
4.92319 1.99838 1.40757 0.842 23.998 0.97829 0.596258  0.0397126 0.0374282 3
5.02391 2.089 1.46833 0.843 23.845 0.899704 0.603305  0 -0.0265116 3
5.12441 2.16939 1.52749 0.836 23.555 0.79992 0.588589  -0.0696524 -0.0503634 3
5.22534 2.25129 1.58334 0.833 22.959 0.811323 0.553361  -0.029722 -0.103058 3
5.32597 2.33434 1.63811 0.823 22.182 0.825365 0.544284  -0.099373 -0.134762 3
5.42657 2.41621 1.68739 0.814 21.222 0.813813 0.489858  -0.0894631 -0.166552 3
5.5271 2.50189 1.73076 0.807 20.041 0.852247 0.431411  -0.069633 -0.205043 3
5.62776 2.59046 1.76652 0.8 18.867 0.879933 0.355194  -0.0695401 -0.203556 3
5.72858 2.68356 1.79692 0.795 17.34 0.923391 0.30155  -0.0495942 -0.264349 3
5.82913 2.7799 1.82341 0.789 15.746 0.958144 0.263439  -0.0596718 -0.276684 3
5.92998 2.87853 1.8437 0.783 14.036 0.978002 0.201239  -0.059495 -0.295939 3
6.03071 2.98286 1.857 0.779 12.209 1.0358 0.132016  -0.0397106 -0.316564 3
6.13139 3.08749 1.8643 0.775 10.525 1.03922 0.0725664  -0.0397312 -0.291938 3
6.2321 3.18445 1.86455 0.773 8.783 0.962666 0  -0.0198577 -0.301873 3
6.33269 3.26509 1.86143 0.77 7.151 0.801749 -0.0309531  -0.0298247 -0.283173 3
6.43347 3.34559 1.85647 0.768 5.6 0.79876 -0.0492383  -0.0198455 -0.26861 3
6.5342 3.45211 1.85309 0.767 4.245 1.05744 -0.0335274  0 -0.234771 3
6.63501 3.56928 1.8486 0.767 3.003 1.16227 -0.0446165  0 -0.215026 3
6.7356 3.69234 1.84114 0.765 1.759 1.22345 -0.0741575  -0.0198833 -0.215853 3
6.83611 3.81836 1.82956 0.763 0.513 1.25376 -0.11522  -0.0198984 -0.216363 3
6.93667 3.94228 1.81433 0.763 -0.602001 1.23233 -0.151384  0 -0.193518 3
7.03798 4.06799 1.79839 0.768 -1.747 1.24083 -0.157407  0.0493537 -0.197257 3
7.13873 4.17743 1.77956 0.771 -2.775 1.08628 -0.186908  0.0297782 -0.178093 3
7.23938 4.288 1.76123 0.775 -3.599 1.09856 -0.182045  0.0397416 -0.142886 3
7.3399 4.38962 1.73556 0.775 -4.369 1.0109 -0.255402  0 -0.133684 3
7.44047 4.47996 1.70337 0.778 -4.926 0.898325 -0.320058  0.0298307 -0.0966662 3
7.54096 4.56723 1.66993 0.779 -5.421 0.868409 -0.332787  0 -0.0859727 3
7.64157 4.65752 1.63201 0.779 -5.776 0.897441 -0.376948  0 -0.0615859 3
7.7422 4.74878 1.59448 0.777 -5.966 0.906848 -0.372857  -0.0198741 -0.0329527 3
7.84262 4.83992 1.55928 0.776 -5.95 0.907673 -0.350533  0 0.00278094 3
7.94336 4.93497 1.53302 0.777 -5.857 0.943453 -0.260741  0 0.0161124 3
8.04418 5.02987 1.51142 0.779 -5.691 0.941327 -0.214204  0.0198372 0.0287367 3
8.14465 5.12438 1.49641 0.781 -5.531 0.940579 -0.149397  0.0199051 0.0277927 3
8.24517 5.21777 1.48405 0.786 -5.4 0.929113 -0.122926  0.0497431 0.0227463 3
8.34588 5.31806 1.47193 0.79 -5.227 0.995859 -0.120347  0.0397181 0.0299815 3
8.44666 5.43836 1.45968 0.793 -5.274 1.19363 -0.121544  0.0297677 -0.00813953 3
8.54718 5.56116 1.44667 0.793 -5.28 1.22172 -0.129523  0 -0.00104189 3
8.6479 5.68272 1.43324 0.795 -5.34 1.20688 -0.133269  0.0198576 -0.0103973 3
8.74851 5.80589 1.4186 0.795 -5.32 1.22428 -0.145499  0 0.00346943 3
8.84947 5.93006 1.40571 0.798 -5.411 1.22991 -0.127692  0.0297148 -0.0157314 3
8.95026 6.04753 1.39466 0.799 -5.542 1.16543 -0.109619  0 -0.022683 3
9.05098 6.15213 1.38476 0.8 -5.661 1.03855 -0.0983433  0 -0.020622 3
9.15169 6.24606 1.3768 0.802 -5.762 0.932641 -0.0790413  0.0198581 -0.0175027 3
9.25226 6.33041 1.37026 0.802 -5.822 0.838668 -0.0650461  0 -0.0104127 3
9.35269 6.41274 1.36594 0.803 -6.018 0.819825 -0.0429805  0 -0.0340628 3
9.45342 6.49104 1.36309 0.803 -6.219 0.777312 -0.0282967  0 -0.0348266 3
9.5541 6.56802 1.36018 0.8 -6.455 0.764636 -0.0289082  -0.0297985 -0.040913 3
9.65477 6.64877 1.35636 0.793 -6.678 0.802052 -0.0379789  -0.0695304 -0.0386598 3
9.75549 6.74338 1.35074 0.788 -6.873 0.939421 -0.0557301  -0.0496436 -0.0337913 3
9.85621 6.8446 1.34455 0.784 -7.115 1.00495 -0.0615104  -0.039713 -0.041934 3
9.95694 6.94686 1.33775 0.783 -7.296 1.01524 -0.0674766  0 -0.0313638 3
10.0576 7.0501 1.33057 0.782 -7.508 1.02503 -0.0713119  0 -0.0367385 3
10.1584 7.15284 1.32805 0.779 -7.715 1.01952 -0.0249966  -0.0297684 -0.0358494 3
10.2593 7.25494 1.33161 0.778 -8.033 1.01243 0.0353104  0 -0.0550358 3
10.3601 7.36359 1.33502 0.778 -8.426 1.07783 0.0337858  0 -0.068044 3
10.4609 7.46756 1.33577 0.781 -8.834 1.03146 0  0.0297626 -0.0706459 3
10.5617 7.56669 1.33434 0.783 -9.454 0.983512 -0.0141935  0.0198424 -0.107357 3
10.6625 7.66279 1.32606 0.783 -10.115 0.952737 -0.0821186  0 -0.114384 3
10.7633 7.75628 1.3103 0.785 -10.767 0.927973 -0.156396  0.0198502 -0.112943 3
10.864 7.85152 1.28894 0.783 -11.46 0.945593 -0.212012  -0.0198572 -0.120088 3
10.9648 7.94577 1.26217 0.779 -11.998 0.935166 -0.265634  -0.0396878 -0.0931657 3
11.0655 8.04152 1.23355 0.777 -12.335 0.950295 -0.284126  -0.0198507 -0.0583785 3
11.1663 8.13118 1.20643 0.779 -12.586 0.889577 -0.268985  0.019842 -0.0434617 3
11.267 8.22116 1.18068 0.78 -12.719 0.893674 -0.255805  0 -0.0230551 3
11.3678 8.30813 1.15532 0.781 -12.79 0.86322 -0.251663  0 -0.0123006 3
11.4684 8.39491 1.13626 0.783 -12.785 0.862383 -0.189423  0.0198751 0.000867234 3
11.5689 8.4851 1.11928 0.784 -12.737 0.897431 -0.168954  0 0.00833582 3
11.6695 8.58405 1.10533 0.785 -12.799 0.983114 -0.138662  0 -0.0107507 3
11.7702 8.68744 1.08809 0.785 -12.792 1.02724 -0.171224  0 0.00121384 3
11.8708 8.79452 1.07187 0.787 -12.766 1.06419 -0.161263  0.0198772 0.00451001 3
11.9713 8.90065 1.05601 0.788 -12.716 1.0563 -0.157808  0 0.00868528 3
12.0721 9.00825 1.04101 0.792 -12.695 1.06774 -0.148897  0.0396948 0.00363729 3
12.1727 9.11522 1.02617 0.794 -12.7 1.0631 -0.147436  0.0198768 -0.000867307 3
12.2733 9.22412 1.0135 0.8 -12.696 1.08261 -0.125992  0.0596469 0.000693973 3
12.3738 9.32943 0.99911 0.801 -12.749 1.04754 -0.143117  0 -0.00920122 3
12.4748 9.43173 0.983947 0.801 -12.799 1.01334 -0.150199  0 -0.00864419 3
12.5753 9.52526 0.970044 0.801 -12.866 0.930023 -0.138252  0 -0.0116281 3
12.676 9.61462 0.960657 0.802 -12.968 0.887821 -0.0932655  0 -0.0176872 3
12.7768 9.71756 0.954681 0.801 -12.993 1.02138 -0.0592893  0 -0.00432924 3
12.8 9.74142 0.95337 0.8 -13.014 1.02799 -0.0564748  -0.0430881 -0.0157926 3
12.9 9.84631 0.947694 0.796 -13.062 1.04808 -0.0567196  -0.0399697 -0.00837121 3
12.9998 9.95037 0.942545 0.792 -13.119 1.04277 -0.0515883  -0.0400806 -0.00996845 3
13.0998 10.0533 0.936212 0.787 -13.194 1.02918 -0.0633613  -0.0500175 -0.0130945 3
13.1998 10.154 0.929394 0.782 -13.25 1.00762 -0.0681776  -0.049999 -0.00977369 3
13.2998 10.2561 0.92499 0.78 -13.32 1.02089 -0.0440324  -0.0199995 -0.0122169 3
13.3998 10.3637 0.921176 0.778 -13.336 1.07588 -0.0381559  -0.0200088 -0.0027938 3
13.4998 10.4793 0.915723 0.776 -13.39 1.15605 -0.0545134  -0.0199912 -0.00942061 3
13.5998 10.597 0.906766 0.774 -13.415 1.17741 -0.0895986  -0.0200068 -0.00436482 3
13.6998 10.7122 0.893779 0.774 -13.468 1.15127 -0.129843  0 -0.00924847 3
13.7998 10.8247 0.883881 0.775 -13.474 1.12537 -0.0989868  0.0100005 -0.00104725 3
13.8998 10.9476 0.871038 0.774 -13.455 1.22947 -0.128433  -0.0100003 0.00331622 3
14.0002 11.0806 0.853903 0.777 -13.415 1.32395 -0.170661  0.02988 0.00695338 3
14.1002 11.2148 0.836136 0.775 -13.371 1.34306 -0.177709  -0.0200035 0.00768084 3
14.3012 11.4763 0.817428 0.774 -13.478 1.30089 -0.0930776  0 -0.00929154 3
14.4019 11.6081 0.807307 0.776 -13.785 1.30882 -0.100518  0.0198626 -0.0532135 3
14.5025 11.7444 0.795289 0.778 -14.355 1.35448 -0.119388  0.0198691 -0.0988328 3
14.6033 11.8741 0.779517 0.787 -15.016 1.28743 -0.15657  0.0893433 -0.114524 3
14.7038 11.9976 0.762305 0.794 -15.812 1.22805 -0.171122  0.0695944 -0.138123 3
14.8043 12.1112 0.746728 0.803 -16.444 1.13048 -0.155108  0.0896196 -0.109839 3
14.905 12.19 0.726177 0.808 -17.014 0.782087 -0.203986  0.0496285 -0.0987445 3
15.0058 12.2491 0.699601 0.814 -17.432 0.586822 -0.263691  0.0595323 -0.0723861 3
15.1066 12.3015 0.669015 0.811 -17.638 0.519923 -0.303345  -0.0297537 -0.0356586 3
15.2074 12.3415 0.643423 0.81 -17.645 0.3963 -0.254034  0 -0.0012127 3
15.3078 12.3805 0.619692 0.801 -17.538 0.389113 -0.236349  -0.0896375 0.0185998 3
15.4082 12.4175 0.589493 0.79 -17.342 0.368423 -0.300715  -0.109534 0.0340637 3
15.5086 12.4601 0.554124 0.785 -16.965 0.42412 -0.352233  -0.0497946 0.0655286 3
15.609 12.4908 0.517494 0.78 -16.378 0.305336 -0.364802  -0.0497953 0.102031 3
15.7094 12.5309 0.485155 0.777 -15.632 0.399849 -0.322035  -0.0298736 0.129653 3
15.8103 12.5817 0.456033 0.771 -14.89 0.503713 -0.288719  -0.0594847 0.128391 3
15.911 12.6322 0.431645 0.769 -13.987 0.501242 -0.242131  -0.0198567 0.156474 3
16.0117 12.6888 0.412314 0.771 -13.192 0.561793 -0.191975  0.019862 0.137796 3
16.1125 12.7454 0.399141 0.771 -12.394 0.5613 -0.130725  0 0.138212 3
16.2132 12.8086 0.389179 0.773 -11.689 0.627514 -0.0988659  0.0198501 0.122124 3
16.314 12.8761 0.382628 0.776 -11.125 0.670032 -0.065049  0.0297861 0.0977348 3
16.4147 12.9542 0.376297 0.781 -10.658 0.77575 -0.0628654  0.0496516 0.0809389 3
16.5154 13.0405 0.36939 0.783 -10.32 0.856988 -0.068551  0.01985 0.0585495 3
16.6001 13.1062 0.364533 0.786 -10.109 0.776017 -0.0573735  0.0354343 0.0434973 3
16.6998 13.1948 0.358365 0.791 -9.884 0.888269 -0.0618273  0.0501201 0.0393641 3
16.7998 13.2901 0.352349 0.797 -9.712 0.952411 -0.0601709  0.0600108 0.0300252 3
16.8998 13.3838 0.344636 0.802 -9.562 0.937319 -0.077117  0.049992 0.0261757 3
16.9998 13.479 0.335995 0.805 -9.415 0.952194 -0.0864287  0.0300083 0.0256635 3
17.0998 13.598 0.324911 0.811 -9.245 1.18966 -0.110807  0.0599829 0.029662 3
17.1998 13.7254 0.314032 0.817 -9.056 1.27483 -0.10888  0.0600461 0.0330121 3
17.2998 13.8528 0.304212 0.821 -8.888 1.27307 -0.0981416  0.039976 0.029304 3
17.3998 13.9827 0.294048 0.825 -8.729 1.29921 -0.101628  0.0399943 0.0277468 3
17.4998 14.1051 0.285306 0.826 -8.576 1.22508 -0.0874655  0.0100062 0.02672 3
17.5998 14.2315 0.277334 0.827 -8.492 1.26363 -0.079721  0 0.0146601 3
17.7001 14.3594 0.268281 0.83 -8.388 1.27489 -0.0902529  0.0299081 0.0180959 3
17.8002 14.4779 0.260609 0.827 -8.327 1.18368 -0.0766611  -0.0299767 0.0106382 3
18.0015 14.7361 0.243689 0.828 -8.312 1.28302 -0.0840626  0 0.00130071 3
18.1 14.8622 0.236431 0.827 -8.551 1.27999 -0.0736815  -0.0101518 -0.0423467 8
18.1999 14.9907 0.237906 0.826 -8.86 1.28659 0.0147612  -0.0100084 -0.0539757 8
18.3001 15.0993 0.243517 0.828 -9.17 1.08264 0.0559674  0.0199499 -0.0539695 8
18.4001 15.2097 0.243562 0.83 -9.532 1.10433 0  0.0199966 -0.0631702 8
18.5 15.2911 0.246923 0.837 -9.919 0.814991 0.0336534  0.0701021 -0.0676427 8
18.6 15.3365 0.251687 0.84 -10.16 0.453449 0.0476268  0.0299864 -0.0420434 8
18.7 15.3523 0.257071 0.84 -10.33 0.158276 0.053842  0 -0.0296719 8
18.7998 15.3583 0.259311 0.837 -10.354 0.0600914 0.0224396  -0.0300586 -0.004197 4
18.9002 15.3602 0.262356 0.824 -10.267 0.019448 0.0303488  -0.129562 0.0151332 4
18.9999 15.3626 0.267146 0.8 -10.013 0.023163 0.0480105  -0.240559 0.0444345 9
19.1 15.3626 0.275733 0.759 -9.826 0 0.0858223  -0.409762 0.0326187 9
19.2001 15.3601 0.286982 0.698 -9.769 -0.0248068 0.112424  -0.609675 0.0099431 9
19.3002 15.3577 0.296118 0.662 -9.687 -0.0236339 0.0912273  -0.359474 0.0142908 9
19.4 15.3527 0.297965 0.57 -9.529 -0.0500359 0.0185145  -0.922081 0.0276386 9
19.5 15.3377 0.298026 0.487 -9.397 -0.150203 0  -0.829715 0.0230304 9
19.6 15.3124 0.298816 0.404 -9.232 -0.252571 0  -0.829734 0.0287887 9
19.7001 15.2798 0.295536 0.317 -9.098 -0.326222 -0.0327663  -0.869123 0.0233638 9
19.8001 15.2308 0.288699 0.233 -9.086 -0.490002 -0.0683944  -0.840231 0.00209499 9
19.9002 15.1824 0.275688 0.156 -9.048 -0.483412 -0.130044  -0.769661 0.00662935 9
20 15.1342 0.256444 0.079 -8.984 -0.482726 -0.192687  -0.770973 0.0111842 9
20.1 15.074 0.22071 0.013 -8.809 -0.602562 -0.357467  -0.660236 0.0305542 9
20.2001 15.0365 0.197429 -0.053 -8.974 -0.374737 -0.23267  -0.65961 -0.0287809 9
20.3 15.0121 0.176601 -0.081 -9.137 -0.244208 -0.20838  -0.280129 -0.028462 9
20.4 15.0121 0.176601 0 -8.676 0 0  0.809942 0.0804538 2
20.5 15.0121 0.176601 0 -8.498 0 0  0 0.0310681 2
20.6 15.0121 0.176601 0 -8.513 0 0  0 -0.00261809 2
20.7001 15.0121 0.176601 0 -8.488 0 0  0 0.00435953 2
20.8001 15.0121 0.176601 0 -8.483 0 0  0 0.000872671 2
20.8999 15.0121 0.176601 0 -8.474 0 0  0 0.00157416 2
21.0001 15.0121 0.176601 0 -8.47 0 0  0 0.000696516 2
21.1 15.0121 0.176601 0 -8.467 0 0  0 0.000524293 2
21.2 15.0121 0.176601 0 -8.465 0 0  0 0.000348809 2
21.3001 15.0121 0.176601 0 -8.458 0 0  0 0.00122077 2
21.4 15.0121 0.176601 0 -8.456 0 0  0 0.000349617 2
21.5001 15.0121 0.176601 0 -8.455 0 0  0 0.000174348 2
21.5998 15.0121 0.176601 0 -8.451 0 0  0 0.000700256 2
21.7002 15.0121 0.176601 0 -8.442 0 0  0 0.00156517 2
21.7998 15.0121 0.176601 0 -8.438 0 0  0 0.00070027 2
21.9 15.0121 0.176601 0 -8.433 0 0  0 0.000871363 2
22 15.0121 0.176601 0 -8.427 0 0  0 0.0010475 2
22.0998 15.0121 0.176601 0 -8.42 0 0  0 0.0012233 2
22.1999 15.0121 0.176601 0 -8.418 0 0  0 0.000348728 2
22.3001 15.0121 0.176601 0 -8.413 0 0  0 0.00087132 2
22.4001 15.0121 0.176601 0 -8.411 0 0  0 0.000349087 2
22.5 15.0121 0.176601 0 -8.407 0 0  0 0.000698493 2
22.6001 15.0121 0.176601 0 -8.408 0 0  0 -0.000174313 2
22.7001 15.0121 0.176601 0 -8.404 0 0  0 0.000698083 2
22.8 15.0121 0.176601 0 -8.401 0 0  0 0.000524204 2
22.9001 15.0121 0.176601 0 -8.397 0 0  0 0.000697268 2
23 15.0121 0.176601 0 -8.393 0 0  0 0.000698537 2
23.1 15.0121 0.176601 0 -8.392 0 0  0 0.000174704 2
23.2 15.0121 0.176601 0 -8.39 0 0  0 0.000348837 2
23.4 15.0121 0.176601 0 -8.379 0 0  0 0.00095983 2
23.5 15.0121 0.176601 0 -8.375 0 0  0 0.000698399 2
23.5998 15.0121 0.176601 0 -8.375 0 0  0 0 2
23.7 15.0121 0.176601 0 -8.365 0 0  0 0.00174209 2
23.8 15.0121 0.176601 0 -8.363 0 0  0 0.000349229 2
23.9 15.0121 0.176601 0 -8.361 0 0  0 0.000348897 2
