-0.634933 0.292654 1.17 1.00001
-0.607766 0.293097 1.17035 1.10001
-0.568872 0.291988 1.1698 1.20001
-0.520136 0.290764 1.16865 1.30001
-0.463134 0.290784 1.16711 1.40001
-0.399259 0.2932 1.16531 1.50001
-0.329772 0.298918 1.16336 1.60001
-0.255813 0.308606 1.16131 1.70001
-0.178414 0.322725 1.15922 1.80001
-0.0984994 0.341565 1.15709 1.90001
-0.0740249 0.356573 1.15676 2.00001
-0.0386895 0.375103 1.15531 2.10001
0.00599821 0.396193 1.15315 2.20001
0.0586858 0.419135 1.15057 2.30001
0.118157 0.443479 1.14775 2.40001
0.183342 0.468946 1.14484 2.50001
0.253316 0.495371 1.14191 2.60001
0.327291 0.522648 1.13901 2.70001
0.4046 0.550702 1.13618 2.80001
0.484684 0.579477 1.13344 2.90001
0.567073 0.60892 1.13078 3.00001
0.651377 0.638984 1.12821 3.10001
0.737268 0.669621 1.12572 3.20001
0.824477 0.700783 1.12331 3.30001
0.912776 0.732427 1.12096 3.40001
1.00198 0.764507 1.11868 3.50001
1.09193 0.796983 1.11645 3.60001
1.1825 0.829815 1.11426 3.70001
1.27358 0.862967 1.11211 3.80001
1.36508 0.896406 1.11 3.90001
1.45693 0.930102 1.10791 4.00001
1.54906 0.964027 1.10584 4.10001
1.64143 0.998157 1.10379 4.20001
1.734 1.03247 1.10176 4.30001
1.82673 1.06694 1.09974 4.40001
1.91958 1.10156 1.09774 4.50001
2.01254 1.13631 1.09574 4.60001
2.10559 1.17118 1.09374 4.70001
2.19871 1.20615 1.09175 4.80001
2.29188 1.24121 1.08977 4.90001
2.3851 1.27636 1.08779 5.00001
2.47836 1.31158 1.08581 5.10001
2.57164 1.34687 1.08383 5.20001
2.66495 1.38221 1.08185 5.30001
2.75828 1.41761 1.07988 5.40001
2.85162 1.45306 1.0779 5.50001
2.94497 1.48856 1.07593 5.60001
3.03832 1.52409 1.07395 5.70001
3.13168 1.55966 1.07198 5.80001
3.22505 1.59527 1.07001 5.90001
3.25022 1.60936 1.07143 6.00001
3.28654 1.62654 1.07229 6.10001
3.33253 1.6455 1.07276 6.20001
3.38691 1.66508 1.07297 6.30001
3.44855 1.6843 1.073 6.40001
3.51643 1.70237 1.07292 6.50001
3.58968 1.71862 1.07275 6.60001
3.66749 1.7325 1.07253 6.70001
3.74914 1.74355 1.07227 6.80001
3.83401 1.75138 1.072 6.90001
3.92151 1.75565 1.07171 7.00001
4.0111 1.7561 1.07142 7.10001
4.1023 1.75252 1.07113 7.20001
4.19464 1.74471 1.07083 7.30001
4.22157 1.74374 1.07021 7.40001
4.26007 1.73976 1.06838 7.50001
4.30822 1.73346 1.0658 7.60001
4.36448 1.7254 1.06278 7.70001
4.42757 1.71599 1.05954 7.80001
4.49639 1.70552 1.0562 7.90001
4.57003 1.69423 1.05287 8.00001
4.64772 1.68226 1.0496 8.10001
4.72881 1.66977 1.04642 8.20001
4.81276 1.65683 1.04335 8.30001
4.8991 1.64354 1.0404 8.40001
4.98746 1.62997 1.03755 8.50001
5.07751 1.61615 1.0348 8.60001
5.16898 1.60214 1.03215 8.70001
5.26164 1.58797 1.02959 8.80001
5.35529 1.57368 1.0271 8.90001
5.44979 1.55927 1.02467 9.00001
5.54499 1.54479 1.02231 9.10001
5.64079 1.53023 1.01999 9.20001
5.73708 1.51561 1.01771 9.30001
5.83379 1.50095 1.01546 9.40001
5.93085 1.48625 1.01325 9.50001
6.0282 1.47152 1.01106 9.60001
6.1258 1.45677 1.00889 9.70001
6.22361 1.442 1.00673 9.80001
6.32159 1.42721 1.00459 9.90001
6.41972 1.41242 1.00246 10
6.51797 1.39761 1.00034 10.1
6.61632 1.38279 0.998231 10.2
6.71476 1.36798 0.996124 10.3
6.81327 1.35315 0.994022 10.4
6.91185 1.33833 0.991924 10.5
7.01047 1.3235 0.989828 10.6
7.10914 1.30868 0.987735 10.7
7.20785 1.29385 0.985644 10.8
7.30658 1.27902 0.983554 10.9
7.40534 1.26419 0.981465 11
7.50413 1.24937 0.979377 11.1
7.60293 1.23454 0.977289 11.2
7.70174 1.21972 0.975202 11.3
7.80057 1.2049 0.973115 11.4
7.89941 1.19008 0.971028 11.5
7.99826 1.17526 0.968941 11.6
8.09712 1.16044 0.966854 11.7
8.19598 1.14562 0.964767 11.8
8.29485 1.1308 0.96268 11.9
8.39372 1.11599 0.960593 12
8.4926 1.10118 0.958506 12.1
8.59148 1.08636 0.956419 12.2
8.69037 1.07155 0.954331 12.3
8.78925 1.05674 0.952244 12.4
8.88814 1.04193 0.950156 12.5
8.98703 1.02712 0.948068 12.6
9.08592 1.01232 0.94598 12.7
9.18481 0.997508 0.943892 12.8
9.2837 0.982702 0.941804 12.9
9.3826 0.967897 0.939716 13
9.48149 0.953092 0.937628 13.1
9.58039 0.938288 0.93554 13.2
9.67928 0.923484 0.933451 13.3
9.77818 0.908681 0.931363 13.4
9.87708 0.893878 0.929275 13.5
9.97597 0.879076 0.927186 13.6
10.0749 0.864275 0.925098 13.7
10.1738 0.849473 0.923009 13.8
10.2727 0.834672 0.92092 13.9
10.3716 0.819872 0.918832 14
10.4705 0.805071 0.916743 14.1
10.5694 0.790271 0.914654 14.2
10.6683 0.775472 0.912566 14.3
10.7672 0.760672 0.910477 14.4
10.8661 0.745873 0.908388 14.5
10.965 0.731074 0.906299 14.6
11.0639 0.716275 0.904211 14.7
11.1628 0.701476 0.902122 14.8
11.2617 0.686678 0.900033 14.9
11.3606 0.67188 0.897944 15
11.4594 0.657081 0.895856 15.1
11.5583 0.642283 0.893767 15.2
11.6572 0.627485 0.891678 15.3
11.7561 0.612688 0.889589 15.4
11.855 0.59789 0.8875 15.5
11.9539 0.583092 0.885411 15.6
12.0528 0.568295 0.883323 15.7
12.1517 0.553497 0.881234 15.8
12.2506 0.5387 0.879145 15.9
12.3495 0.523902 0.877056 16
12.4484 0.509105 0.874967 16.1
12.5473 0.494308 0.872878 16.2
12.6462 0.479511 0.870789 16.3
12.7451 0.464714 0.868701 16.4
12.844 0.449917 0.866612 16.5
12.9429 0.43512 0.864523 16.6
13.0418 0.420323 0.862434 16.7
13.1407 0.405526 0.860345 16.8
13.2396 0.390729 0.858256 16.9
13.3385 0.375932 0.856167 17
13.4374 0.361135 0.854078 17.1
13.5363 0.346338 0.85199 17.2
13.6352 0.331541 0.849901 17.3
13.7341 0.316745 0.847812 17.4
13.833 0.301948 0.845723 17.5
13.9319 0.287151 0.843634 17.6
14.0308 0.272355 0.841545 17.7
14.1297 0.257558 0.839456 17.8
14.2286 0.242761 0.837368 17.9
14.3275 0.227964 0.835279 18
14.4264 0.213168 0.83319 18.1
14.5253 0.198371 0.831101 18.2
14.6242 0.183574 0.829012 18.3
14.7231 0.168778 0.826923 18.4
14.822 0.153981 0.824834 18.5
14.9209 0.139185 0.822745 18.6
15.0198 0.124388 0.820657 18.7
15.1187 0.109591 0.818568 18.8
15.2176 0.0947948 0.816479 18.9
15.3165 0.0799982 0.81439 19
15.4154 0.0652017 0.812301 19.1
15.5143 0.0504051 0.810212 19.2
15.6132 0.0356085 0.808123 19.3
15.64 0.0349309 0.809555 19.4
15.6783 0.0313161 0.810428 19.5
15.7263 0.0258824 0.810917 19.6
15.7826 0.0197727 0.811145 19.7
15.846 0.0140624 0.811197 19.8
15.9153 0.00970916 0.811132 19.9
