1388647132.929574247 -0.0592471 -0.19911 0.917 18.315 -0.0100383 -0.0337355  0.155369 0.05416 7
1388647133.029564074 -0.0597779 -0.203902 0.897 18.288 0 -0.0479264  -0.20002 -0.00471294 7
1388647133.129542101 -0.0633348 -0.210065 0.84 18.237 -0.0355768 -0.0616439  -0.570125 -0.00890324 7
1388647133.229556029 -0.0693157 -0.215407 0.855 18.243 -0.0598003 -0.0534093  0.149979 0.00104714 7
1388647133.329539079 -0.0732195 -0.223853 0.87 18.275 -0.0390451 -0.0844794  0.150025 0.00558593 7
1388647133.429549961 -0.0760502 -0.234446 0.891 18.307 -0.0283033 -0.105916  0.209977 0.00558437 7
1388647133.529549978 -0.0758958 -0.241166 0.921 18.365 0 -0.0671977  0.3 0.010123 7
1388647133.629538928 -0.0750023 -0.248127 0.94 18.468 0 -0.0696185  0.190021 0.017979 7
1388647133.729539279 -0.0727105 -0.254224 0.952 18.524 0.0229183 -0.0609696  0.12 0.00977377 7
1388647133.829541462 -0.0700608 -0.259675 0.963 18.604 0.0264963 -0.0545116  0.109998 0.0139623 7
1388647133.929545815 -0.0686802 -0.264997 0.968 18.681 0.0138051 -0.0532134  0.0499978 0.0134384 7
1388647134.029589231 -0.0660471 -0.268332 0.973 18.769 0.0263196 -0.0333342  0.0499783 0.0153521 7
1388647134.129573887 -0.062093 -0.272732 0.967 18.838 0.0395472 -0.0440142  -0.0600092 0.0120447 7
1388647134.229541242 -0.0587544 -0.276494 0.968 18.919 0.0333973 -0.037629  0.0100033 0.014142 7
1388647134.329554103 -0.0559408 -0.279848 0.963 18.982 0.0281324 -0.0335393  -0.0499936 0.0109941 4
1388647134.429638610 0.0387109 -0.284182 0.961 0.039999 0 -0.0135462  -0.0199831 -3.30321 4
1388647134.529606534 0.0382932 -0.283465 0.963 0.0939999 0 0  0.0200064 0.00942795 4
1388647134.629618402 0.0385406 -0.278996 0.954 0.112 0 0.0446873  -0.0899893 0.00314116 4
1388647134.729588616 0.0381372 -0.275385 0.945 0.173 0 0.0361244  -0.0900268 0.0106498 4
1388647134.829618237 0.0379572 -0.270275 0.943 0.188 0 0.051079  -0.0199941 0.00261711 4
1388647134.929592891 0.0408845 -0.262805 0.934 0.115999 0.0292802 0.0747197  -0.0900228 -0.0125696 4
1388647135.029573317 0.0420664 -0.253752 0.934 0.0499992 0.0118211 0.0905512  0 -0.0115214 4
1388647135.129603023 0.0450955 -0.245194 0.936 -0.0830002 0.0302825 0.0855598  0.0199941 -0.0232059 4
1388647135.229621337 0.0491421 -0.235049 0.937 -0.195 0.0404578 0.101423  0 -0.019544 4
1388647135.329587408 0.0524281 -0.22156 0.947 -0.342001 0.0328714 0.134945  0.100034 -0.0256653 4
1388647135.429600087 0.0587122 -0.209833 0.959 -0.41 0.0628327 0.117249  0.119985 -0.0118665 4
1388647135.529567389 0.0662854 -0.197717 0.967 -0.504 0.0757571 0.121202  0.0800262 -0.0164114 4
1388647135.629608065 0.0752972 -0.189475 0.973 -0.591 0.0900817 0.0823852  0.0599756 -0.0151782 4
1388647135.830044724 0.0998442 -0.182933 0.979 -0.543001 0.122467 0.0326409  0.0299346 0.00417953 3
1388647135.930407938 0.110261 -0.182363 0.983 -0.394001 0.103793 0  0.0398552 0.0259113 3
1388647136.030682849 0.12292 -0.184543 0.98 -0.188 0.126246 -0.0217429  -0.0299178 0.0358554 3
1388647136.130936149 0.129693 -0.185685 0.973 -0.953001 0.0675531 -0.0113826  -0.0698231 -0.133181 3
1388647136.231222343 0.135676 -0.190241 0.971 -2.55 0.059657 -0.0454312  -0.0199429 -0.277934 3
1388647136.331501663 0.152752 -0.200577 0.971 -4.034 0.170289 -0.103079  0 -0.258285 3
1388647136.431792403 0.177707 -0.218792 0.959 -5.413 0.248828 -0.181622  -0.119652 -0.239983 3
1388647136.532143243 0.220607 -0.240933 0.943 -6.637 0.427495 -0.220627  -0.159441 -0.212881 3
1388647136.632413870 0.275851 -0.269216 0.934 -7.428 0.550947 -0.282072  -0.0897571 -0.137683 3
1388647136.732682501 0.345596 -0.30156 0.932 -8.039 0.69559 -0.322573  -0.0199464 -0.106354 3
1388647136.832949618 0.429476 -0.331353 0.93 -8.384 0.836562 -0.297139  -0.0199467 -0.0600535 3
1388647136.933223077 0.525631 -0.361087 0.926 -8.525 0.958929 -0.29653  -0.0398909 -0.024542 3
1388647137.033574606 0.633527 -0.388071 0.927 -8.491 1.07517 -0.268894  0 0.0059134 3
1388647137.133916166 0.742388 -0.411337 0.923 -8.232 1.08491 -0.231866  -0.0398638 0.0450501 3
1388647137.234182957 0.859383 -0.434067 0.921 -7.866 1.16684 -0.226697  -0.0199468 0.0637091 3
1388647137.334438581 0.986363 -0.450192 0.918 -7.532 1.26656 -0.160841  -0.0299235 0.0581453 3
1388647137.434708250 1.11347 -0.461976 0.915 -7.064 1.26765 -0.117524  -0.0299193 0.0814618 3
1388647137.534976227 1.2349 -0.469457 0.915 -6.544 1.21103 -0.0746051  0 0.0905145 3
1388647137.635728836 1.34792 -0.475477 0.923 -6.067 1.12179 -0.059753  0.0794024 0.0826304 3
1388647137.736055540 1.44794 -0.479236 0.934 -5.428 0.99697 -0.037462  0.109642 0.111163 3
1388647137.836324513 1.55875 -0.480468 0.945 -4.852 1.1051 -0.0122925  0.109705 0.100261 3
1388647137.936592053 1.66095 -0.483661 0.959 -4.472 1.01929 -0.031845  0.139626 0.0661456 3
1388647138.036863202 1.75848 -0.489441 0.969 -4.112 0.97268 -0.0576428  0.0997296 0.0626619 3
1388647138.137136070 1.85938 -0.495126 0.979 -3.749 1.00618 -0.0566894  0.0997279 0.063183 3
1388647138.237420441 1.96343 -0.501405 0.982 -3.363 1.03758 -0.0626124  0.0299149 0.0671788 3
1388647138.337741714 2.06588 -0.506144 0.986 -2.933 1.02117 -0.0472383  0.0398719 0.0748087 3
1388647138.438046561 2.164 -0.508044 0.985 -2.507 0.978277 -0.0189475  0 0.0741252 3
1388647138.538335481 2.28621 -0.506946 0.984 -2.112 1.21858 0.0109513  0 0.068742 3
1388647138.638648482 2.41696 -0.503517 0.98 -1.709 1.30341 0.0341859  -0.0398752 0.0701173 3
1388647138.738937324 2.54658 -0.498659 0.975 -1.267 1.29245 0.0484356  -0.049856 0.0769213 3
1388647138.839266880 2.67284 -0.482693 0.967 -0.859001 1.25845 0.159132  -0.0797372 0.0709754 3
1388647138.939535643 2.79965 -0.472928 0.96 -0.532 1.26474 0.0973904  -0.0698124 0.0569196 3
1388647139.039799270 2.92187 -0.465097 0.954 -0.225 1.21897 0.0781092  -0.0598422 0.0534406 3
1388647139.140149961 3.04074 -0.458794 0.948 -0.152 1.1845 0.0628092  -0.0597903 0.0126964 3
1388647139.240516436 3.14952 -0.453738 0.942 0.0100002 1.08389 0.0503677  -0.0597809 0.0281712 3
1388647139.340775761 3.24483 -0.448157 0.938 0.112999 0.950585 0.0556709  -0.0398965 0.0179302 3
1388647139.441029960 3.33652 -0.441234 0.931 0.181999 0.914556 0.0690526  -0.0698225 0.0120123 3
1388647139.541277805 3.4146 -0.432693 0.923 0.205 0.778878 0.0851987  -0.0798022 0.00400446 3
1388647139.641521417 3.49388 -0.424399 0.914 0.177999 0.7909 0.0827417  -0.0897813 -0.00470101 3
1388647139.741775917 3.57351 -0.405549 0.908 0.0510006 0.79426 0.188021  -0.0598477 -0.0221092 3
1388647139.842033757 3.65946 -0.379333 0.902 -0.166 0.857263 0.261485  -0.0598457 -0.0377764 3
1388647139.942278420 3.7452 -0.351967 0.894 -0.519001 0.855333 0.272995  -0.0798047 -0.0614599 3
1388647140.042526643 3.84771 -0.32431 0.89 -0.913 1.02261 0.275884  -0.039901 -0.0685955 3
1388647140.142772671 3.96194 -0.300592 0.887 -1.405 1.13945 0.236598  -0.0299264 -0.0856596 3
1388647140.243032737 4.07955 -0.286906 0.885 -1.929 1.17306 0.1365  -0.0199481 -0.0912181 3
1388647140.343295703 4.19762 -0.282206 0.886 -2.611 1.17758 0.0468809  0 -0.118719 3
1388647140.443633364 4.31604 -0.28599 0.886 -3.187 1.18025 -0.0377125  0 -0.100193 3
1388647140.543896604 4.43291 -0.29665 0.892 -3.663 1.16562 -0.106316  0.0598425 -0.0828595 3
1388647140.644161916 4.55091 -0.310526 0.896 -3.939 1.1769 -0.138393  0.0398942 -0.0480436 3
1388647140.744504455 4.66988 -0.32461 0.898 -4.011 1.18566 -0.140368  0.0199317 -0.0125236 3
1388647140.844751139 4.78652 -0.334441 0.901 -4.002 1.16344 -0.0980629  0.0299262 0.0015669 3
1388647140.945016339 4.90414 -0.343602 0.902 -3.973 1.17315 -0.0913737  0 0.00504812 3
1388647141.045270586 5.00736 -0.349644 0.902 -3.83 1.02961 -0.0602642  0 0.024895 3
1388647141.145521514 5.09839 -0.354804 0.901 -3.646 0.907938 -0.0514641  0 0.0320337 3
1388647141.245770771 5.18632 -0.357908 0.896 -3.47 0.877164 -0.0309674  -0.0498757 0.0306414 3
1388647141.346015025 5.27074 -0.361127 0.889 -3.227 0.842128 -0.0321103  -0.0698294 0.0423082 3
1388647141.446273265 5.34101 -0.363141 0.886 -3.031 0.700882 -0.0200851  -0.0299227 0.0341204 3
1388647141.546513190 5.42102 -0.364637 0.881 -2.745 0.798245 -0.0149321  -0.0498803 0.0497968 3
1388647141.646855518 5.5004 -0.366375 0.875 -2.511 0.791014 -0.0173211  -0.0597953 0.0407016 3
1388647141.747118752 5.58775 -0.367577 0.87 -2.467 0.871233 -0.0119845  -0.0498687 0.00765906 3
1388647141.847368186 5.67743 -0.368458 0.867 -2.455 0.894562 0  -0.0299254 0.00208936 3
1388647141.947624993 5.77231 -0.368032 0.867 -2.456 0.946356 0  0 -0.000174322 3
1388647142.047897324 5.8755 -0.365204 0.88 -2.332 1.02916 0.0282075  0.129647 0.0215834 3
1388647142.148148403 5.98313 -0.362953 0.881 -2.126 1.07361 0.0224539  0 0.035864 3
1388647142.248426373 6.08602 -0.360788 0.887 -1.897 1.02596 0.0215885  0.0598337 0.0398569 3
1388647142.348667657 6.18539 -0.359035 0.893 -1.782 0.991312 0.0174882  0.0598556 0.0200233 3
1388647142.448925167 6.27816 -0.358389 0.898 -1.706 0.925333 0  0.0498716 0.0132301 3
1388647142.549220745 6.3685 -0.357589 0.908 -1.665 0.900798 0  0.0997053 0.00713482 3
1388647142.649896104 6.47113 -0.354839 0.911 -1.648 1.01942 0.0273087  0.0297988 0.00294719 3
1388647142.750182741 6.57455 -0.351633 0.915 -1.606 1.03119 0.0319758  0.0398857 0.0073094 3
1388647142.850495989 6.68857 -0.348581 0.914 -1.441 1.13661 0.0304256  0 0.0287082 3
1388647142.950767373 6.80569 -0.342857 0.914 -1.216 1.16805 0.0570856  0 0.0391637 3
1388647143.051031166 6.92003 -0.33395 0.91 -0.977001 1.14043 0.0888294  -0.0398948 0.0416033 3
1388647143.151273568 7.03163 -0.314316 0.908 -0.77 1.11328 0.195863  -0.0199516 0.0360411 3
1388647143.251548860 7.12727 -0.298233 0.908 -0.688 0.953817 0.160388  0 0.0142725 3
1388647143.351828620 7.2216 -0.27969 0.907 -0.761 0.940597 0.184916  0 -0.0127054 3
1388647143.452138900 7.31079 -0.270445 0.902 -0.901001 0.889217 0.0921625  -0.0498453 -0.0243593 3
1388647143.552392126 7.39479 -0.263379 0.896 -1.017 0.837838 0.0704825  -0.0598484 -0.0201945 3
1388647143.652656742 7.48016 -0.257033 0.89 -1.188 0.851396 0.0632986  -0.0598416 -0.0297663 3
1388647143.752907404 7.56778 -0.252223 0.885 -1.332 0.874059 0.0479764  -0.049875 -0.0250701 3
1388647143.853170550 7.65629 -0.246155 0.88 -1.365 0.882818 0.0605177  -0.0498688 -0.0057443 3
1388647143.953416106 7.74506 -0.241795 0.875 -1.443 0.885453 0.0434933  -0.0498775 -0.0135804 3
1388647144.053687648 7.83998 -0.237123 0.871 -1.579 0.946685 0.0465945  -0.0398917 -0.0236721 3
1388647144.153957233 7.93193 -0.22867 0.868 -1.793 0.917037 0.0842986  -0.0299193 -0.0372497 3
1388647144.254218463 8.02462 -0.221119 0.865 -2.032 0.924405 0.0753166  -0.0299218 -0.0416044 3
1388647144.354460996 8.12513 -0.215233 0.869 -2.234 1.00276 0.0587208  0.0399032 -0.0351706 3
1388647144.454734822 8.2324 -0.212617 0.869 -2.341 1.06974 0.0260859  0 -0.0186238 3
1388647144.554984556 8.34382 -0.210579 0.868 -2.502 1.11139 0.0203275  0 -0.02803 3
1388647144.655234499 8.44999 -0.210974 0.867 -2.718 1.05911 0  0 -0.0376051 3
1388647144.755519239 8.55635 -0.212025 0.866 -2.88 1.06056 -0.0104786  0 -0.0281942 3
1388647144.855768653 8.66284 -0.216724 0.864 -2.991 1.06222 -0.0468764  -0.0199502 -0.0193248 3
1388647144.956029605 8.76971 -0.22683 0.861 -3.065 1.06594 -0.100797  -0.0299219 -0.0128819 3
1388647145.056292487 8.87759 -0.236119 0.856 -3.031 1.07593 -0.0926489  -0.0498689 0.00591863 3
1388647145.156554891 8.97487 -0.24383 0.848 -2.858 0.970269 -0.076901  -0.0797906 0.0301152 3
1388647145.256817462 9.08042 -0.249487 0.843 -2.665 1.05275 -0.0564302  -0.0498691 0.0335964 3
1388647145.357073188 9.18526 -0.250301 0.834 -2.411 1.04571 0  -0.0897704 0.0442182 3
1388647145.457339876 9.28973 -0.248934 0.827 -2.165 1.0419 0.0136333  -0.0698138 0.042821 3
1388647145.557600293 9.39346 -0.239639 0.821 -1.946 1.03462 0.0927137  -0.0598442 0.0381234 3
1388647145.657859453 9.4952 -0.22473 0.82 -1.738 1.01477 0.148703  0 0.036209 3
1388647145.758128813 9.59926 -0.207736 0.819 -1.622 1.03786 0.169483  0 0.0201916 3
1388647145.858378174 9.7045 -0.190009 0.821 -1.66 1.04974 0.17683  0.0199503 -0.00661577 3
1388647145.958631340 9.80718 -0.173134 0.825 -1.87 1.02419 0.168316  0.039899 -0.0365595 3
1388647146.058895118 9.913 -0.160605 0.832 -2.084 1.05545 0.124967  0.0698158 -0.0372516 3
1388647146.159160493 10.0169 -0.153434 0.841 -2.207 1.03647 0.0715165  0.0897618 -0.0214109 3
1388647146.259419796 10.1155 -0.15251 0.85 -2.377 0.983455 0  0.0897672 -0.0295939 3
1388647146.359688924 10.2218 -0.157043 0.86 -2.443 1.05943 -0.0452083  0.0997316 -0.0114883 3
1388647146.459949097 10.3298 -0.166097 0.868 -2.511 1.07727 -0.0903014  0.0797924 -0.0118372 3
1388647146.560202285 10.4416 -0.175651 0.877 -2.476 1.11596 -0.0953056  0.0897727 0.0060932 3
1388647146.660459111 10.5507 -0.188008 0.88 -2.334 1.08764 -0.123249  0.0299231 0.0247202 3
1388647146.760712029 10.6611 -0.198762 0.884 -2.139 1.10101 -0.107267  0.0398991 0.033948 3
1388647146.860971855 10.7665 -0.209648 0.884 -1.901 1.05137 -0.108583  0 0.041431 3
1388647146.961223881 10.8634 -0.217492 0.884 -1.666 0.966731 -0.0782452  0 0.0409122 3
1388647147.061476161 10.9521 -0.222464 0.886 -1.425 0.885353 -0.0495886  0.0199497 0.0419565 3
1388647147.161720620 11.0355 -0.225203 0.885 -1.237 0.831996 -0.0273265  0 0.0327325 3
1388647147.261975260 11.1147 -0.227252 0.882 -1.064 0.78982 -0.0204392  -0.0299238 0.0301172 3
1388647147.362231365 11.1957 -0.228401 0.879 -0.800001 0.807885 -0.0114621  -0.0299234 0.045959 3
1388647147.462475694 11.285 -0.22296 0.874 -0.532 0.890228 0.0542787  -0.0498781 0.0466611 3
1388647147.562724715 11.376 -0.217324 0.869 -0.32 0.908132 0.0562243  -0.0498758 0.0369091 3
1388647147.663289951 11.478 -0.211453 0.865 -0.137001 1.01447 0.0583798  -0.0397752 0.0317598 3
1388647147.763540250 11.5894 -0.205339 0.857 -0.0450001 1.11133 0.0609899  -0.0798003 0.0160171 3
1388647147.863807805 11.7007 -0.196981 0.847 0.109999 1.10999 0.0833476  -0.0997332 0.0269802 3
1388647147.964044495 11.8058 -0.186512 0.839 0.278 1.04861 0.104444  -0.0798111 0.0292525 3
1388647148.064306862 11.9125 -0.178508 0.833 0.48 1.06328 0.0798377  -0.059843 0.0351633 3
1388647148.164564164 12.0109 -0.172648 0.829 0.666 0.982089 0.0584427  -0.0398973 0.03238 3
1388647148.264817422 12.0934 -0.165653 0.828 0.684 0.823037 0.0697778  0 0.0031336 3
1388647148.365061997 12.1775 -0.159432 0.829 0.747 0.839039 0.0620559  0 0.0109687 3
1388647148.465327276 12.272 -0.15312 0.825 0.795 0.942053 0.0629584  -0.0398942 0.00835547 3
1388647148.565577409 12.3737 -0.14688 0.822 0.757 1.01453 0.0622359  -0.0299251 -0.00661572 3
1388647148.665831373 12.4771 -0.138375 0.82 0.646 1.03179 0.0848389  -0.0199493 -0.0193241 3
1388647148.766091294 12.5879 -0.131465 0.815 0.513 1.10476 0.0689214  -0.0498704 -0.0231526 3
1388647148.866345748 12.6955 -0.117115 0.818 0.440001 1.07347 0.143135  0.0299239 -0.0127086 3
1388647148.966598931 12.8029 -0.0936301 0.822 0.441 1.07102 0.234256  0.039899 0.000173997 3
1388647149.066862306 12.9042 -0.0649384 0.828 0.293999 1.01 0.286163  0.0598424 -0.0255892 3
1388647149.167148224 13.0056 -0.0350635 0.832 -0.0650005 1.01192 0.297898  0.039886 -0.0624786 3
1388647149.267418320 13.0983 -0.00833829 0.834 -0.506001 0.923985 0.266532  0.0199461 -0.0767617 3
1388647149.367685922 13.1868 0.0126986 0.837 -1.084 0.883242 0.209807  0.0299199 -0.100611 3
1388647149.467926147 13.2898 0.0287028 0.84 -1.69 1.02728 0.159658  0.0299281 -0.105514 3
1388647149.568196267 13.3991 0.0341767 0.843 -2.294 1.08992 0.0545917  0.0299192 -0.105134 3
1388647149.668457897 13.5116 0.0324072 0.844 -2.824 1.12222 -0.0176483  0 -0.0922609 3
1388647149.768732987 13.6241 0.0267942 0.843 -3.346 1.12137 -0.0559759  0 -0.0908565 3
1388647149.869002365 13.7359 0.0169755 0.842 -3.882 1.11529 -0.0979237  0 -0.0932982 3
1388647149.969268923 13.8371 0.00373446 0.837 -4.293 1.00954 -0.132058  -0.0498671 -0.0715424 3
1388647150.069522404 13.9426 -0.0115292 0.835 -4.541 1.05191 -0.152251  -0.0199494 -0.0431748 3
1388647150.169753826 14.0497 -0.0274602 0.832 -4.66 1.06835 -0.158942  -0.0299307 -0.0207215 3
1388647150.270002587 14.1487 -0.0413861 0.828 -4.607 0.987666 -0.138914  -0.0399007 0.00922737 3
1388647150.370237178 14.2493 -0.0559165 0.821 -4.438 1.00428 -0.144964  -0.0698362 0.029427 3
1388647150.470475661 14.351 -0.0689636 0.816 -4.188 1.0139 -0.130161  -0.049881 0.0435294 3
1388647150.570731506 14.4524 -0.0784476 0.814 -3.813 1.01131 -0.0945973  -0.019949 0.0652828 3
1388647150.670977192 14.5527 -0.0846594 0.806 -3.315 1.00116 -0.0619656  -0.0798039 0.0867044 3
1388647150.771315895 14.6558 -0.0888091 0.802 -3.228 1.02728 -0.0413571  -0.039865 0.0151331 3
1388647150.829599715 14.7166 -0.0914179 0.8 -3.339 1.04307 -0.0447612  -0.0343148 -0.0332394 8
1388647150.929567286 14.8116 -0.0944517 0.798 -3.541 0.950427 -0.0303472  -0.0200065 -0.035267 8
1388647151.029610074 14.9103 -0.0984402 0.8 -3.793 0.986851 -0.0398687  0.0199914 -0.0439635 8
1388647151.129601221 15 -0.101349 0.799 -4.018 0.896954 -0.029091  -0.0100009 -0.0392735 8
1388647151.229630165 15.0687 -0.103497 0.803 -4.237 0.686651 -0.0214757  0.0399884 -0.0382116 8
1388647151.329568514 15.0997 -0.103277 0.806 -4.384 0.309994 0  0.0300185 -0.0256722 8
1388647151.429636363 15.1006 -0.103628 0.809 -4.482 0 0  0.0299797 -0.0170926 4
1388647151.529652020 15.0997 -0.105775 0.805 -4.496 0 -0.0214671  -0.0399937 -0.00244307 4
1388647151.629570382 15.1003 -0.107416 0.792 -4.426 0 -0.0164204  -0.130106 0.0122272 9
1388647151.729582424 15.0977 -0.119507 0.754 -4.281 -0.0261336 -0.120897  -0.379954 0.0253043 9
1388647151.829603634 15.0955 -0.123228 0.709 -4.241 -0.0222325 -0.0371984  -0.449905 0.00697983 9
1388647151.929595649 15.0938 -0.124612 0.645 -4.295 -0.0171584 -0.0138434  -0.640051 -0.00942551 9
1388647152.029626552 15.093 -0.126835 0.574 -4.308 0 -0.0222183  -0.709781 -0.00226831 9
1388647152.129594348 15.0917 -0.127283 0.492 -4.37 -0.0126613 0  -0.820264 -0.0108244 9
1388647152.229578518 15.0859 -0.131677 0.408 -4.379 -0.057994 -0.0439529  -0.840133 -0.00157118 9
1388647152.329642860 15.0843 -0.131852 0.327 -4.429 -0.0164599 0  -0.809479 -0.0087209 9
1388647152.429627520 15.0693 -0.143516 0.268 -4.569 -0.150244 -0.116658  -0.590091 -0.0244384 9
1388647152.529583551 15.0525 -0.1515 0.221 -4.697 -0.167879 -0.0798813  -0.470207 -0.0223501 9
1388647152.629623718 15.0266 -0.164097 0.215 -5.003 -0.258436 -0.125917  -0.0599759 -0.0533856 9
1388647152.729627660 15.0266 -0.164097 0 -6.13 0 0  -2.14992 -0.196691 2
1388647152.829626242 15.0266 -0.164097 0 -7.051 0 0  0 -0.160747 2
1388647152.929556809 15.0266 -0.164097 0 -7.065 0 0  0 -0.00244515 2
1388647153.029602296 15.0266 -0.164097 0 -7.069 0 0  0 -0.000697764 2
1388647153.129585075 15.0266 -0.164097 0 -7.054 0 0  0 0.0026185 2
1388647153.229587454 15.0266 -0.164097 0 -7.032 0 0  0 0.00383952 2
1388647153.329627878 15.0266 -0.164097 0 -7.021 0 0  0 0.0019192 2
1388647153.429627197 15.0266 -0.164097 0 -7.015 0 0  0 0.00104713 2
1388647153.529594782 15.0266 -0.164097 0 -7.004 0 0  0 0.00192043 2
1388647153.629626843 15.0266 -0.164097 0 -6.989 0 0  0 0.00261721 2
1388647153.729571844 15.0266 -0.164097 0 -6.978 0 0  0 0.00192086 2
1388647153.829566974 15.0266 -0.164097 0 -6.966 0 0  0 0.00209451 2
1388647153.929595502 15.0266 -0.164097 0 -6.956 0 0  0 0.00174487 2
1388647154.029595240 15.0266 -0.164097 0 -6.947 0 0  0 0.00157077 2
1388647154.129574269 15.0266 -0.164097 0 -6.931 0 0  0 0.00279308 2
1388647154.229608467 15.0266 -0.164097 0 -6.919 0 0  0 0.00209369 2
1388647154.329623775 15.0266 -0.164097 0 -6.909 0 0  0 0.0017451 2
1388647154.429580043 15.0266 -0.164097 0 -6.898 0 0  0 0.00192065 2
1388647154.529576582 15.0266 -0.164097 0 -6.888 0 0  0 0.00174543 2
1388647154.629596921 15.0266 -0.164097 0 -6.875 0 0  0 0.00226855 2
1388647154.729630961 15.0266 -0.164097 0 -6.866 0 0  0 0.00157023 2
1388647154.829628518 15.0266 -0.164097 0 -6.859 0 0  0 0.00122175 2
1388647154.929628429 15.0266 -0.164097 0 -6.849 0 0  0 0.00174537 2
1388647155.029597083 15.0266 -0.164097 0 -6.839 0 0  0 0.00174575 2
1388647155.129595448 15.0266 -0.164097 0 -6.831 0 0  0 0.00139635 2
1388647155.229597927 15.0266 -0.164097 0 -6.821 0 0  0 0.00174533 2
1388647155.329568075 15.0266 -0.164097 0 -6.811 0 0  0 0.00174572 2
1388647155.429603569 15.0266 -0.164097 0 -6.798 0 0  0 0.00226821 2
1388647155.529566778 15.0266 -0.164097 0 -6.791 0 0  0 0.00122217 2
1388647155.629632111 15.0266 -0.164097 0 -6.784 0 0  0 0.00122093 2
1388647155.729554169 15.0266 -0.164097 0 -6.777 0 0  0 0.00122268 2
1388647155.829634221 15.0266 -0.164097 0 -6.77 0 0  0 0.00122075 2
1388647155.929629742 15.0266 -0.164097 0 -6.756 0 0  0 0.00244356 2
1388647156.029583268 15.0266 -0.164097 0 -6.749 0 0  0 0.00122229 2
1388647156.129612729 15.0266 -0.164097 0 -6.741 0 0  0 0.00139592 2
1388647156.229620359 15.0266 -0.164097 0 -6.732 0 0  0 0.00157065 2
1388647156.329598838 15.0266 -0.164097 0 -6.719 0 0  0 0.00226934 2
1388647156.429599809 15.0266 -0.164097 0 -6.708 0 0  0 0.00191995 2
1388647156.529632234 15.0266 -0.164097 0 -6.7 0 0  0 0.00139571 2
1388647156.629598457 15.0266 -0.164097 0 -6.69 0 0  0 0.00174596 2
1388647156.729597090 15.0266 -0.164097 0 -6.681 0 0  0 0.00157079 2
1388647156.829623347 15.0266 -0.164097 0 -6.671 0 0  0 0.00174491 2
1388647156.929595960 15.0266 -0.164097 0 -6.662 0 0  0 0.0015712 2
1388647157.029597352 15.0266 -0.164097 0 -6.652 0 0  0 0.00174534 2
1388647157.129593354 15.0266 -0.164097 0 -6.64 0 0  0 0.00209449 2
1388647157.229574461 15.0266 -0.164097 0 -6.634 0 0  0 0.00104732 2
