1.3887e+09 -0.0494921 -0.0280759 0.902 15.671 0 0  0.147821 0.0448234 7
1.3887e+09 -0.0508446 -0.027636 0.904 15.826 -0.0135338 0  0.0200118 0.0270687 7
1.3887e+09 -0.0536467 -0.0254874 0.907 15.975 -0.028026 0.0214892  0.0300055 0.0260102 7
1.3887e+09 -0.0569069 -0.0223284 0.902 16.116 -0.0326102 0.0315991  -0.0500136 0.0246156 7
1.3887e+09 -0.0591425 -0.0199459 0.899 16.204 -0.0223514 0.0238194  -0.0299931 0.0153556 7
1.3887e+09 -0.0595328 -0.0182797 0.896 16.273 0 0.0166682  -0.0300115 0.0120474 7
1.3887e+09 -0.059376 -0.015789 0.896 16.419 0 0.0249005  0 0.0254751 7
1.3887e+09 -0.0615059 -0.0119526 0.897 16.442 -0.0212957 0.0383575  0 0.00401337 7
1.3887e+09 -0.0638551 -0.00785437 0.9 16.438 -0.0235008 0.0409983  0.0300116 -0.00069835 7
1.3887e+09 -0.0643771 -0.00225082 0.901 16.366 0 0.0560245  0 -0.012564 7
1.3887e+09 -0.065388 0.00470735 0.902 16.319 -0.0101129 0.0696104  0.0100041 -0.00820625 7
1.3887e+09 -0.0670078 0.0119151 0.897 16.275 -0.0161939 0.0720579  -0.0499865 -0.00767748 4
8.27312e-05 -0.0683563 0.00185949 0.899 -0.0769997 0 0.0918215  0.0199598 -2.84822 4
0.100047 -0.0703098 0.0117473 0.895 -0.132 -0.0195417 0.0989138  -0.0400142 -0.00960278 4
0.200119 -0.0714274 0.0221287 0.891 -0.25 -0.011168 0.103739  -0.0399713 -0.0205801 4
0.30005 -0.0697778 0.0334489 0.888 -0.367 0.0165073 0.113281  -0.0300208 -0.0204345 4
0.399796 -0.0660486 0.0454411 0.887 -0.48 0.0373862 0.120227  -0.0100254 -0.0197723 4
0.499797 -0.0615109 0.0573377 0.886 -0.601999 0.0453772 0.118966  0 -0.0212929 4
0.599797 -0.0585915 0.0696473 0.884 -0.684 0.0291944 0.123096  -0.02 -0.0143118 4
0.699797 -0.057636 0.0796963 0.88 -0.676 0 0.10049  -0.0399997 0.00139632 4
0.799807 -0.0573307 0.0882184 0.878 -0.674999 0 0.0852124  -0.0199981 0.000174587 4
0.899843 -0.05821 0.0948084 0.876 -0.636 0 0.0658769  -0.0199928 0.00680426 4
0.999848 -0.0588617 0.0993805 0.872 -0.613 0 0.045718  -0.0399981 0.00401403 4
1.09978 -0.0574612 0.102618 0.867 -0.573999 0.0140143 0.0323999  -0.050035 0.00681164 4
1.19982 -0.05688 0.104416 0.865 -0.513 0 0.0179661  -0.0199911 0.0106417 4
1.29977 -0.0575412 0.10249 0.866 -0.44 0 -0.0192646  0.0100049 0.0127471 4
1.40001 -0.0595769 0.0971899 0.869 -0.365 -0.020309 -0.0528785  0.0299304 0.0130596 4
1.5001 -0.0627768 0.0906832 0.873 -0.368 -0.031971 -0.0650096  0.0399643 -0.000523176 4
1.70153 -0.0727666 0.0839944 0.883 -0.37 -0.0495939 -0.0332059  0.0496446 -0.00017328 3
1.80244 -0.0780769 0.0791122 0.89 -0.405999 -0.0526207 -0.0483792  0.0693647 -0.00622604 3
1.90328 -0.082429 0.0742374 0.897 -0.436 -0.0431616 -0.048345  0.0694213 -0.00519282 3
2.00409 -0.0875495 0.0696636 0.904 -0.436 -0.0507907 -0.0453689  0.0694344 0 3
2.10506 -0.0946517 0.0629438 0.914 1.333 -0.0703383 -0.0665501  0.0990363 0.305773 3
2.20591 -0.0948652 0.0595868 0.919 2.305 0 -0.0332876  0.0495798 0.16822 3
2.30703 -0.0821424 0.0622136 0.929 3.987 0.125826 0.025978  0.0988977 0.290328 3
2.40793 -0.0619277 0.0677693 0.937 4.746 0.200337 0.0550597  0.0792838 0.131285 3
2.50869 -0.0237419 0.0842574 0.942 5.662 0.378987 0.163642  0.0496242 0.158671 3
2.60946 0.0227278 0.108341 0.962 5.886 0.461125 0.238987  0.198463 0.0387947 3
2.7102 0.0842555 0.137364 0.968 5.797 0.610783 0.288111  0.0595617 -0.0154197 3
2.81121 0.151565 0.167504 0.98 5.467 0.666363 0.298382  0.1188 -0.0570198 3
2.90018 0.221462 0.192398 0.977 4.635 0.785577 0.279788  -0.0337173 -0.163205 3
3.00016 0.312651 0.212382 0.976 3.917 0.912119 0.19989  -0.0100025 -0.125346 3
3.09983 0.417869 0.222447 0.977 3.107 1.05567 0.100985  0.0100332 -0.141841 3
3.19978 0.533425 0.22447 0.981 2.42 1.15607 0.0202341  0.0400174 -0.119956 3
3.39976 0.790657 0.220288 0.986 0.991001 1.28629 -0.0209094  0.0250026 -0.124717 3
3.59977 1.07141 0.197862 0.984 -0.066 1.40375 -0.112128  0 -0.0922391 3
3.69977 1.21371 0.182559 0.983 -0.125 1.42298 -0.153031  0 -0.0102974 3
3.79978 1.38008 0.143822 0.968 -0.745 1.66343 -0.387302  -0.149975 -0.108192 3
3.89977 1.54721 0.103845 0.966 -0.783999 1.67148 -0.399812  -0.0200022 -0.00680745 3
3.99976 1.69367 0.0458953 0.945 -1.293 1.46474 -0.579566  -0.210023 -0.0888471 3
4.10021 1.84126 -0.0123785 0.943 -1.326 1.46935 -0.580156  -0.0199114 -0.00573408 3
4.20015 1.99161 -0.0694119 0.924 -1.727 1.50437 -0.570668  -0.190111 -0.0700286 3
4.29999 2.15017 -0.118497 0.915 -1.964 1.58812 -0.49161  -0.0901397 -0.0414286 3
4.39986 2.3085 -0.165643 0.905 -2.374 1.58543 -0.472101  -0.100136 -0.0716559 3
4.50002 2.48251 -0.22759 0.895 -2.545 1.73729 -0.618477  -0.0998385 -0.029797 3
4.60001 2.67877 -0.296956 0.887 -2.801 1.96278 -0.693715  -0.0800073 -0.0446844 3
4.70016 2.87129 -0.355333 0.882 -3.092 1.92235 -0.582896  -0.0499252 -0.0507132 3
4.80015 3.06118 -0.408873 0.882 -3.459 1.89912 -0.535482  0 -0.0640622 3
4.90005 3.26309 -0.444266 0.883 -3.8 2.02104 -0.354267  0.0100097 -0.0595733 3
5.0005 3.48313 -0.487711 0.892 -4.123 2.19065 -0.432514  0.0895989 -0.0561229 3
5.1001 3.68835 -0.508816 0.896 -4.419 2.06034 -0.211896  0.0401605 -0.0518691 3
5.19999 3.888 -0.533815 0.897 -4.602 1.99861 -0.250247  0.0100103 -0.0319722 3
5.29983 4.08807 -0.559497 0.902 -4.883 2.00394 -0.257231  0.0500803 -0.0491225 3
5.40012 4.28903 -0.587281 0.895 -5.045 2.0038 -0.27705  -0.0697991 -0.0281933 3
5.50006 4.50285 -0.65342 0.888 -5.313 2.13952 -0.661803  -0.070044 -0.0468042 3
5.60015 4.71567 -0.723923 0.889 -5.594 2.1264 -0.704418  0 -0.0490014 3
5.70003 4.92755 -0.796358 0.889 -5.927 2.12117 -0.725169  0 -0.0581847 3
5.80003 5.13908 -0.871333 0.89 -6.165 2.11547 -0.749791  0.0100006 -0.0415414 3
5.9 5.34927 -0.948044 0.883 -6.454 2.10236 -0.767295  -0.0700168 -0.0504521 3
6.00013 5.55884 -1.02694 0.882 -6.743 2.09299 -0.787953  0 -0.0503739 3
6.10004 5.69067 -1.10144 0.883 -7.072 1.31958 -0.745675  0.0100097 -0.0574768 3
6.19999 5.77582 -1.17178 0.88 -7.318 0.851786 -0.703687  -0.030013 -0.0429538 3
6.30029 5.86393 -1.24347 0.875 -7.663 0.878574 -0.714857  -0.0498521 -0.0600356 3
6.39992 5.95428 -1.31529 0.867 -7.996 0.906784 -0.720848  -0.0802948 -0.0583337 3
6.50003 6.04759 -1.38819 0.854 -8.274 0.932149 -0.728189  -0.129863 -0.0484691 3
6.6001 6.14331 -1.46234 0.843 -8.635 0.956481 -0.740983  -0.109924 -0.0629628 3
6.70014 6.24132 -1.53736 0.827 -9.049 0.979747 -0.749896  -0.159939 -0.0722293 3
6.80021 6.34132 -1.61344 0.814 -9.468 0.999258 -0.760219  -0.129904 -0.0730755 3
6.90004 6.44285 -1.69013 0.805 -10.009 1.01699 -0.768235  -0.0901506 -0.0945804 3
7.00014 6.54669 -1.76777 0.806 -10.414 1.03743 -0.775636  0 -0.0706197 3
7.1001 6.65218 -1.84652 0.81 -10.763 1.05539 -0.787876  0.0400164 -0.0609369 3
7.20004 6.7597 -1.92668 0.816 -11.131 1.07574 -0.801975  0.0600331 -0.0642635 3
7.30008 6.8692 -2.0079 0.814 -11.541 1.09461 -0.811986  -0.0199932 -0.071534 3
7.39984 6.98062 -2.08998 0.818 -11.985 1.11688 -0.822715  0.0400949 -0.0776766 3
7.50001 7.09417 -2.1724 0.812 -12.435 1.13357 -0.822773  -0.0598985 -0.0784069 3
7.60011 7.20887 -2.25505 0.807 -12.865 1.1459 -0.825787  -0.0499515 -0.0749763 3
7.70005 7.32434 -2.3377 0.804 -13.203 1.15526 -0.826849  -0.0300158 -0.0590232 3
7.8002 7.44165 -2.42081 0.8 -13.679 1.17138 -0.829881  -0.0399411 -0.0829554 3
7.90011 7.56001 -2.50456 0.797 -14.158 1.18468 -0.838235  -0.0300263 -0.0836746 3
8.00007 7.67967 -2.58968 0.795 -14.536 1.19705 -0.851538  -0.0200082 -0.0660004 3
8.1001 7.80034 -2.67632 0.789 -14.885 1.20639 -0.866201  -0.0599831 -0.0608948 3
8.20008 7.92135 -2.7633 0.78 -14.504 1.21037 -0.86991  -0.0900158 0.0665087 3
8.29983 8.03936 -2.8484 0.76 -9.703 1.18298 -0.853144  -0.200501 0.84003 3
8.40002 8.15471 -2.92922 0.744 -3.424 1.15137 -0.806674  -0.1597 1.09384 3
8.50005 8.26278 -3.0016 0.715 3.945 1.08036 -0.723587  -0.289911 1.28574 3
8.60007 8.35854 -3.05944 0.7 11.361 0.957374 -0.578369  -0.149973 1.2941 8
8.70019 8.43371 -3.10226 0.686 15.018 0.750917 -0.427696  -0.139836 0.637519 8
8.80006 8.48083 -3.12781 0.681 17.124 0.471788 -0.255797  -0.0500636 0.368033 8
8.90001 8.4957 -3.13412 0.66 18.529 0.148717 -0.0631198  -0.210104 0.245341 8
9.00003 8.47806 -3.12142 0.623 19.139 -0.176338 0.126977  -0.369941 0.106448 8
9.10003 8.46103 -3.09317 0.571 19.532 -0.170318 0.282534  -0.519971 0.0685872 8
9.20014 8.45074 -3.08079 0.505 19.826 -0.102732 0.123593  -0.659311 0.0512595 4
9.30001 8.45606 -3.0689 0.454 20.154 0.0531951 0.119114  -0.510636 0.057318 4
9.40023 8.50256 -3.0626 0.415 20.712 0.464021 0.0628531  -0.389169 0.0971816 4
9.50004 8.5606 -3.05801 0.381 20.955 0.581518 0.0459324  -0.340624 0.0424893 4
9.60005 8.58147 -3.05397 0.345 21.21 0.208591 0.0404497  -0.359963 0.0445015 4
9.7003 8.61678 -3.05443 0.328 21.486 0.352289 0  -0.169574 0.0480505 4
9.80003 8.6528 -3.05837 0.317 21.601 0.361186 -0.0395225  -0.110299 0.0201254 4
9.90013 8.68898 -3.0603 0.32 21.771 0.361455 -0.0192321  0.0299723 0.0296436 4
10.0001 8.71705 -3.05837 0.338 21.857 0.280776 0.0192637  0.180081 0.0150163 4
10.1 8.73492 -3.05813 0.359 21.87 0.178859 0  0.210132 0.00227044 4
10.2001 8.744 -3.06094 0.387 21.738 0.090792 -0.0280409  0.2799 -0.0230301 4
10.3001 8.74566 -3.06415 0.414 21.57 0.0165381 -0.0321101  0.269987 -0.02932 4
10.4 8.74293 -3.06794 0.445 21.387 -0.0272915 -0.0379625  0.310047 -0.0319448 4
10.5002 8.73741 -3.06749 0.467 21.221 -0.0551354 0  0.219728 -0.0289367 4
10.6001 8.73112 -3.06441 0.496 21.098 -0.0629943 0.0308359  0.290243 -0.021485 4
10.7 8.72033 -3.06132 0.518 21.008 -0.107902 0.0309232  0.2202 -0.0157222 4
10.8001 8.70728 -3.06122 0.543 20.9 -0.130442 0  0.249801 -0.0188349 4
10.9 8.69425 -3.06185 0.557 20.807 -0.130334 0  0.140066 -0.016239 4
11.0003 8.6812 -3.06241 0.596 20.769 -0.130206 0  0.389002 -0.00661562 4
11.1001 8.66532 -3.06403 0.601 20.787 -0.159094 -0.0161912  0.0501046 0.00314844 4
11.2 8.64737 -3.06249 0.598 20.802 -0.179686 0.0153593  -0.0300193 0.00261957 9
11.3003 8.63598 -3.05665 0.563 20.83 -0.113548 0.0582743  -0.349042 0.00487353 9
11.4001 8.62671 -3.04647 0.516 20.748 -0.0928504 0.102078  -0.471025 -0.014343 9
11.5001 8.62023 -3.03887 0.449 20.788 -0.0647773 0.0758885  -0.669705 0.0069784 9
11.6003 8.6166 -3.03697 0.389 20.847 -0.0362339 0.0190148  -0.598864 0.0102783 9
11.7 8.61318 -3.03742 0.313 20.921 -0.0342824 0  -0.761981 0.0129487 9
11.8003 8.60501 -3.04019 0.24 20.981 -0.0816168 -0.0275966  -0.728412 0.0104494 9
11.9001 8.59291 -3.04513 0.167 21.004 -0.121179 -0.0495092  -0.731319 0.0040213 9
12 8.57629 -3.05137 0.121 20.948 -0.166339 -0.062478  -0.460372 -0.00978171 9
12.1001 8.56364 -3.05667 0.075 20.926 -0.126364 -0.0528806  -0.459385 -0.00383448 9
12.2 8.55128 -3.06055 0.055 21.203 -0.123738 -0.0388491  -0.200231 0.0484016 9
12.3002 8.55128 -3.06055 0 22.628 0 0  -0.549152 0.248326 2
12.4 8.55128 -3.06055 0 22.55 0 0  0 -0.013635 2
12.5001 8.55128 -3.06055 0 22.533 0 0  0 -0.00296467 2
12.6002 8.55128 -3.06055 0 22.527 0 0  0 -0.00104598 2
12.7001 8.55128 -3.06055 0 22.537 0 0  0 0.00174739 2
12.7998 8.55128 -3.06055 0 22.533 0 0  0 -0.000700487 2
12.9 8.55128 -3.06055 0 22.535 0 0  0 0.000349071 2
12.9999 8.55128 -3.06055 0 22.537 0 0  0 0.000349073 2
13.1 8.55128 -3.06055 0 22.539 0 0  0 0.000348498 2
13.2002 8.55128 -3.06055 0 22.54 0 0  0 0.000174177 2
13.3001 8.55128 -3.06055 0 22.538 0 0  0 -0.000349255 2
13.4001 8.55128 -3.06055 0 22.538 0 0  0 0 2
13.5 8.55128 -3.06055 0 22.539 0 0  0 0.000174584 2
13.6001 8.55128 -3.06055 0 22.541 0 0  0 0.000349141 2
13.7002 8.55128 -3.06055 0 22.544 0 0  0 0.000522607 2
13.8002 8.55128 -3.06055 0 22.545 0 0  0 0.000174413 2
13.9001 8.55128 -3.06055 0 22.549 0 0  0 0.000699137 2
