14.4125 0.349924 0.804 17.1431
14.4979 0.312898 0.803902 17.2431
14.5845 0.275568 0.803773 17.3431
14.6733 0.241437 0.803627 17.4431
14.7646 0.212116 0.803472 17.5431
14.8581 0.188213 0.803314 17.6431
14.9534 0.169835 0.803156 17.7431
15.0449 0.153486 0.803001 17.8431
15.1358 0.133784 0.802797 17.9431
15.2279 0.114639 0.80253 18.0431
15.3168 0.0863868 0.80247 18.1431
15.4069 0.0589172 0.802421 18.2431
15.4983 0.0330568 0.802401 18.3431
15.5882 0.00828518 0.802288 18.4431
15.6802 -0.0116076 0.802141 18.5431
15.7741 -0.0255296 0.801974 18.6431
15.8695 -0.0333386 0.801798 18.7431
