13.9222 0.612702 0.821 17.2462
14.028 0.584863 0.82062 17.3462
14.1324 0.557537 0.820121 17.4462
14.2363 0.533446 0.819552 17.5462
14.34 0.51407 0.818945 17.6462
14.4437 0.500137 0.818324 17.7462
14.5527 0.485637 0.817932 17.8462
14.6596 0.468025 0.81742 17.9462
14.7659 0.440261 0.816662 18.0462
14.87 0.410473 0.815689 18.1462
14.9725 0.380129 0.814607 18.2462
15.0739 0.349875 0.81349 18.3462
15.1745 0.319966 0.812387 18.4462
15.2743 0.290472 0.811329 18.5462
15.3736 0.261387 0.810336 18.6462
15.4724 0.232671 0.809416 18.7462
15.5708 0.204275 0.808575 18.8462
15.6689 0.176151 0.807812 18.9462
15.7667 0.148259 0.807125 19.0462
15.8642 0.120561 0.806509 19.1462
15.9616 0.0930286 0.805959 19.2462
